 0.00500    0.277552E-01   -0.141194E-01    0.106969E-01
 0.02303    0.228803E-01   -0.116820E-01    0.886821E-02
 0.04105    0.200058E-01   -0.102442E-01    0.778913E-02
 0.05908    0.179051E-01   -0.919307E-02    0.699961E-02
 0.07710    0.162451E-01   -0.836220E-02    0.637500E-02
 0.09513    0.148766E-01   -0.767694E-02    0.585934E-02
 0.11316    0.137172E-01   -0.709607E-02    0.542181E-02
 0.13118    0.127158E-01   -0.659413E-02    0.504329E-02
 0.14921    0.118386E-01   -0.615413E-02    0.471108E-02
 0.16723    0.110615E-01   -0.576412E-02    0.441621E-02
 0.18526    0.103670E-01   -0.541534E-02    0.415215E-02
 0.20329    0.974176E-02   -0.510110E-02    0.391390E-02
 0.22131    0.917538E-02   -0.481623E-02    0.369759E-02
 0.23934    0.865963E-02   -0.455663E-02    0.350015E-02
 0.25736    0.818788E-02   -0.431897E-02    0.331911E-02
 0.27539    0.775466E-02   -0.410053E-02    0.315242E-02
 0.29342    0.735543E-02   -0.389905E-02    0.299841E-02
 0.31144    0.698638E-02   -0.371263E-02    0.285565E-02
 0.32947    0.664425E-02   -0.353964E-02    0.272293E-02
 0.34749    0.632630E-02   -0.337870E-02    0.259923E-02
 0.36552    0.603013E-02   -0.322864E-02    0.248366E-02
 0.38355    0.575366E-02   -0.308841E-02    0.237545E-02
 0.40157    0.549508E-02   -0.295711E-02    0.227393E-02
 0.41960    0.525280E-02   -0.283394E-02    0.217850E-02
 0.43763    0.502539E-02   -0.271819E-02    0.208864E-02
 0.45565    0.481162E-02   -0.260926E-02    0.200389E-02
 0.47368    0.461037E-02   -0.250658E-02    0.192389E-02
 0.49170    0.442066E-02   -0.240967E-02    0.184816E-02
 0.50973    0.424159E-02   -0.231806E-02    0.177637E-02
 0.52776    0.407235E-02   -0.223138E-02    0.170834E-02
 0.54578    0.391223E-02   -0.214925E-02    0.164374E-02
 0.56381    0.376055E-02   -0.207135E-02    0.158233E-02
 0.58183    0.361674E-02   -0.199737E-02    0.152389E-02
 0.59986    0.348023E-02   -0.192706E-02    0.146821E-02
 0.61789    0.335055E-02   -0.186017E-02    0.141511E-02
 0.63591    0.322724E-02   -0.179646E-02    0.136444E-02
 0.65394    0.310989E-02   -0.173574E-02    0.131602E-02
 0.67196    0.299810E-02   -0.167781E-02    0.126973E-02
 0.68999    0.289155E-02   -0.162249E-02    0.122543E-02
 0.70802    0.278989E-02   -0.156964E-02    0.118300E-02
 0.72604    0.269285E-02   -0.151910E-02    0.114234E-02
 0.74407    0.260014E-02   -0.147074E-02    0.110334E-02
 0.76209    0.251151E-02   -0.142444E-02    0.106591E-02
 0.78012    0.242673E-02   -0.138006E-02    0.102997E-02
 0.79815    0.234558E-02   -0.133751E-02    0.995422E-03
 0.81617    0.226786E-02   -0.129669E-02    0.962205E-03
 0.83420    0.219338E-02   -0.125750E-02    0.930245E-03
 0.85222    0.212196E-02   -0.121985E-02    0.899477E-03
 0.87025    0.205344E-02   -0.118367E-02    0.869842E-03
 0.88828    0.198768E-02   -0.114888E-02    0.841283E-03
 0.90630    0.192452E-02   -0.111540E-02    0.813747E-03
 0.92433    0.186384E-02   -0.108318E-02    0.787186E-03
 0.94235    0.180551E-02   -0.105214E-02    0.761552E-03
 0.96038    0.174942E-02   -0.102224E-02    0.736802E-03
 0.97841    0.169546E-02   -0.993416E-03    0.712896E-03
 0.99643    0.164352E-02   -0.965618E-03    0.689795E-03
 1.01446    0.159350E-02   -0.938799E-03    0.667465E-03
 1.03248    0.154533E-02   -0.912913E-03    0.645870E-03
 1.05051    0.149891E-02   -0.887919E-03    0.624980E-03
 1.06854    0.145416E-02   -0.863775E-03    0.604764E-03
 1.08656    0.141101E-02   -0.840445E-03    0.585193E-03
 1.10459    0.136938E-02   -0.817893E-03    0.566242E-03
 1.12262    0.132921E-02   -0.796085E-03    0.547884E-03
 1.14064    0.129043E-02   -0.774990E-03    0.530097E-03
 1.15867    0.125299E-02   -0.754604E-03    0.512856E-03
 1.17669    0.121683E-02   -0.734845E-03    0.496141E-03
 1.19472    0.118189E-02   -0.715713E-03    0.479933E-03
 1.21275    0.114813E-02   -0.697184E-03    0.464210E-03
 1.23077    0.111549E-02   -0.679208E-03    0.448955E-03
 1.24880    0.108392E-02   -0.661811E-03    0.434151E-03
 1.26682    0.105339E-02   -0.644947E-03    0.419781E-03
 1.28485    0.102386E-02   -0.628595E-03    0.405829E-03
 1.30288    0.995276E-03   -0.612735E-03    0.392280E-03
 1.32090    0.967610E-03   -0.597349E-03    0.379120E-03
 1.33893    0.940826E-03   -0.582419E-03    0.366336E-03
 1.35695    0.914888E-03   -0.567928E-03    0.353913E-03
 1.37498    0.889766E-03   -0.553860E-03    0.341841E-03
 1.39301    0.865427E-03   -0.540198E-03    0.330107E-03
 1.41103    0.841843E-03   -0.526929E-03    0.318699E-03
 1.42906    0.818986E-03   -0.514039E-03    0.307608E-03
 1.44708    0.796828E-03   -0.501513E-03    0.296823E-03
 1.46511    0.775345E-03   -0.489340E-03    0.286333E-03
 1.48314    0.754511E-03   -0.477506E-03    0.276129E-03
 1.50116    0.734304E-03   -0.466001E-03    0.266203E-03
 1.51919    0.714702E-03   -0.454812E-03    0.256544E-03
 1.53721    0.695682E-03   -0.443930E-03    0.247147E-03
 1.55524    0.677224E-03   -0.433343E-03    0.238001E-03
 1.57327    0.659309E-03   -0.423042E-03    0.229099E-03
 1.59129    0.641918E-03   -0.413018E-03    0.220434E-03
 1.60932    0.625034E-03   -0.403262E-03    0.212000E-03
 1.62734    0.608639E-03   -0.393764E-03    0.203788E-03
 1.64537    0.592716E-03   -0.384517E-03    0.195793E-03
 1.66340    0.577250E-03   -0.375512E-03    0.188008E-03
 1.68142    0.562227E-03   -0.366742E-03    0.180427E-03
 1.69945    0.547630E-03   -0.358200E-03    0.173045E-03
 1.71747    0.533447E-03   -0.349878E-03    0.165855E-03
 1.73550    0.519664E-03   -0.341770E-03    0.158853E-03
 1.75353    0.506267E-03   -0.333869E-03    0.152033E-03
 1.77155    0.493246E-03   -0.326170E-03    0.145389E-03
 1.78958    0.480588E-03   -0.318664E-03    0.138918E-03
 1.80761    0.468281E-03   -0.311349E-03    0.132615E-03
 1.82563    0.456315E-03   -0.304216E-03    0.126475E-03
 1.84366    0.444680E-03   -0.297261E-03    0.120493E-03
 1.86168    0.433365E-03   -0.290480E-03    0.114666E-03
 1.87971    0.422360E-03   -0.283868E-03    0.108990E-03
 1.89774    0.411657E-03   -0.277418E-03    0.103461E-03
 1.91576    0.401247E-03   -0.271128E-03    0.980740E-04
 1.93379    0.391120E-03   -0.264992E-03    0.928269E-04
 1.95181    0.381270E-03   -0.259006E-03    0.877157E-04
 1.96984    0.371687E-03   -0.253166E-03    0.827372E-04
 1.98787    0.362365E-03   -0.247470E-03    0.778879E-04
 2.00589    0.353295E-03   -0.241911E-03    0.731649E-04
 2.02392    0.344472E-03   -0.236487E-03    0.685651E-04
 2.04194    0.335888E-03   -0.231196E-03    0.640857E-04
 2.05997    0.327538E-03   -0.226032E-03    0.597240E-04
 2.07800    0.319414E-03   -0.220994E-03    0.554771E-04
 2.09602    0.311512E-03   -0.216078E-03    0.513424E-04
 2.11405    0.303825E-03   -0.211280E-03    0.473176E-04
 2.13207    0.296349E-03   -0.206600E-03    0.434002E-04
 2.15010    0.289078E-03   -0.202033E-03    0.395877E-04
 2.16813    0.282008E-03   -0.197577E-03    0.358784E-04
 2.18615    0.275133E-03   -0.193231E-03    0.322699E-04
 2.20418    0.268449E-03   -0.188990E-03    0.287599E-04
 2.22220    0.261953E-03   -0.184854E-03    0.253473E-04
 2.24023    0.255640E-03   -0.180821E-03    0.220289E-04
 2.25826    0.249507E-03   -0.176887E-03    0.188041E-04
 2.27628    0.243550E-03   -0.173053E-03    0.156709E-04
 2.29431    0.237765E-03   -0.169314E-03    0.126272E-04
 2.31233    0.232151E-03   -0.165670E-03    0.967185E-05
 2.33036    0.226702E-03   -0.162119E-03    0.680321E-05
 2.34839    0.221417E-03   -0.158661E-03    0.401979E-05
 2.36641    0.216293E-03   -0.155292E-03    0.132020E-05
 2.38444    0.211326E-03   -0.152012E-03   -0.129706E-05
 2.40246    0.206516E-03   -0.148820E-03   -0.383278E-05
 2.42049    0.201859E-03   -0.145713E-03   -0.628877E-05
 2.43852    0.197354E-03   -0.142692E-03   -0.866601E-05
 2.45654    0.192997E-03   -0.139754E-03   -0.109657E-04
 2.47457    0.188786E-03   -0.136898E-03   -0.131893E-04
 2.49260    0.184720E-03   -0.134124E-03   -0.153379E-04
 2.51062    0.180795E-03   -0.131429E-03   -0.174124E-04
 2.52865    0.177011E-03   -0.128813E-03   -0.194143E-04
 2.54667    0.173365E-03   -0.126275E-03   -0.213447E-04
 2.56470    0.169855E-03   -0.123813E-03   -0.232051E-04
 2.58273    0.166478E-03   -0.121426E-03   -0.249962E-04
 2.60075    0.163231E-03   -0.119113E-03   -0.267196E-04
 2.61878    0.160113E-03   -0.116871E-03   -0.283765E-04
 2.63680    0.157120E-03   -0.114701E-03   -0.299683E-04
 2.65483    0.154250E-03   -0.112600E-03   -0.314964E-04
 2.67286    0.151499E-03   -0.110566E-03   -0.329628E-04
 2.69088    0.148864E-03   -0.108598E-03   -0.343686E-04
 2.70891    0.146342E-03   -0.106694E-03   -0.357157E-04
 2.72693    0.143930E-03   -0.104851E-03   -0.370057E-04
 2.74496    0.141622E-03   -0.103069E-03   -0.382407E-04
 2.76299    0.139415E-03   -0.101344E-03   -0.394227E-04
 2.78101    0.137303E-03   -0.996737E-04   -0.405534E-04
 2.79904    0.135283E-03   -0.980561E-04   -0.416354E-04
 2.81706    0.133349E-03   -0.964882E-04   -0.426708E-04
 2.83509    0.131495E-03   -0.949677E-04   -0.436622E-04
 2.85312    0.129715E-03   -0.934900E-04   -0.446128E-04
 2.87114    0.128005E-03   -0.920536E-04   -0.455237E-04
 2.88917    0.126356E-03   -0.906545E-04   -0.463984E-04
 2.90719    0.124763E-03   -0.892895E-04   -0.472397E-04
 2.92522    0.123219E-03   -0.879549E-04   -0.480505E-04
 2.94325    0.121716E-03   -0.866471E-04   -0.488338E-04
 2.96127    0.120248E-03   -0.853622E-04   -0.495926E-04
 2.97930    0.118807E-03   -0.840967E-04   -0.503301E-04
 2.99732    0.117385E-03   -0.828465E-04   -0.510494E-04
 3.01535    0.115975E-03   -0.816081E-04   -0.517537E-04
 3.03338    0.114570E-03   -0.803771E-04   -0.524461E-04
 3.05140    0.113162E-03   -0.791499E-04   -0.531297E-04
 3.06943    0.111743E-03   -0.779226E-04   -0.538077E-04
 3.08745    0.110306E-03   -0.766912E-04   -0.544832E-04
 3.10548    0.108844E-03   -0.754526E-04   -0.551588E-04
 3.12351    0.107350E-03   -0.742025E-04   -0.558381E-04
 3.14153    0.105817E-03   -0.729379E-04   -0.565234E-04
 3.15956    0.104238E-03   -0.716553E-04   -0.572173E-04
 3.17759    0.102608E-03   -0.703517E-04   -0.579225E-04
 3.19561    0.100921E-03   -0.690240E-04   -0.586414E-04
 3.21364    0.991716E-04   -0.676699E-04   -0.593762E-04
 3.23166    0.973555E-04   -0.662868E-04   -0.601287E-04
 3.24969    0.954680E-04   -0.648721E-04   -0.609004E-04
 3.26772    0.935057E-04   -0.634246E-04   -0.616933E-04
 3.28574    0.914655E-04   -0.619424E-04   -0.625084E-04
 3.30377    0.893453E-04   -0.604243E-04   -0.633477E-04
 3.32179    0.871429E-04   -0.588692E-04   -0.642108E-04
 3.33982    0.848571E-04   -0.572767E-04   -0.650988E-04
 3.35785    0.824875E-04   -0.556461E-04   -0.660122E-04
 3.37587    0.800339E-04   -0.539778E-04   -0.669505E-04
 3.39390    0.774974E-04   -0.522719E-04   -0.679144E-04
 3.41192    0.748788E-04   -0.505291E-04   -0.689032E-04
 3.42995    0.721800E-04   -0.487499E-04   -0.699163E-04
 3.44798    0.694037E-04   -0.469360E-04   -0.709527E-04
 3.46600    0.665528E-04   -0.450888E-04   -0.720115E-04
 3.48403    0.636307E-04   -0.432099E-04   -0.730914E-04
 3.50205    0.606416E-04   -0.413013E-04   -0.741906E-04
 3.52008    0.575899E-04   -0.393654E-04   -0.753084E-04
 3.53811    0.544803E-04   -0.374044E-04   -0.764421E-04
 3.55613    0.513182E-04   -0.354209E-04   -0.775902E-04
 3.57416    0.481091E-04   -0.334178E-04   -0.787504E-04
 3.59218    0.448585E-04   -0.313979E-04   -0.799208E-04
 3.61021    0.415727E-04   -0.293644E-04   -0.810991E-04
 3.62824    0.382577E-04   -0.273201E-04   -0.822828E-04
 3.64626    0.349197E-04   -0.252683E-04   -0.834701E-04
 3.66429    0.315654E-04   -0.232121E-04   -0.846581E-04
 3.68231    0.282008E-04   -0.211549E-04   -0.858441E-04
 3.70034    0.248328E-04   -0.190997E-04   -0.870266E-04
 3.71837    0.214675E-04   -0.170498E-04   -0.882027E-04
 3.73639    0.181111E-04   -0.150085E-04   -0.893698E-04
 3.75442    0.147702E-04   -0.129787E-04   -0.905259E-04
 3.77244    0.114503E-04   -0.109635E-04   -0.916689E-04
 3.79047    0.815735E-05   -0.896579E-05   -0.927963E-04
 3.80850    0.489677E-05   -0.698820E-05   -0.939060E-04
 3.82652    0.167406E-05   -0.503351E-05   -0.949957E-04
 3.84455   -0.150586E-05   -0.310421E-05   -0.960644E-04
 3.86258   -0.463818E-05   -0.120258E-05   -0.971098E-04
 3.88060   -0.771852E-05    0.668774E-06   -0.981307E-04
 3.89863   -0.107427E-04    0.250817E-05   -0.991246E-04
 3.91665   -0.137069E-04    0.431358E-05   -0.100091E-03
 3.93468   -0.166074E-04    0.608302E-05   -0.101028E-03
 3.95271   -0.194414E-04    0.781525E-05   -0.101935E-03
 3.97073   -0.222057E-04    0.950871E-05   -0.102810E-03
 3.98876   -0.248983E-04    0.111622E-04   -0.103653E-03
 4.00678   -0.275167E-04    0.127747E-04   -0.104463E-03
 4.02481   -0.300591E-04    0.143452E-04   -0.105239E-03
 4.04284   -0.325240E-04    0.158731E-04   -0.105981E-03
 4.06086   -0.349105E-04    0.173576E-04   -0.106688E-03
 4.07889   -0.372174E-04    0.187983E-04   -0.107360E-03
 4.09691   -0.394440E-04    0.201949E-04   -0.107997E-03
 4.11494   -0.415900E-04    0.215474E-04   -0.108599E-03
 4.13297   -0.436553E-04    0.228556E-04   -0.109166E-03
 4.15099   -0.456400E-04    0.241197E-04   -0.109697E-03
 4.16902   -0.475445E-04    0.253396E-04   -0.110193E-03
 4.18704   -0.493692E-04    0.265159E-04   -0.110659E-03
 4.20507   -0.511149E-04    0.276488E-04   -0.111086E-03
 4.22310   -0.527826E-04    0.287389E-04   -0.111479E-03
 4.24112   -0.543733E-04    0.297868E-04   -0.111839E-03
 4.25915   -0.558880E-04    0.307930E-04   -0.112166E-03
 4.27717   -0.573287E-04    0.317582E-04   -0.112460E-03
 4.29520   -0.586963E-04    0.326833E-04   -0.112723E-03
 4.31323   -0.599925E-04    0.335691E-04   -0.112952E-03
 4.33125   -0.612190E-04    0.344163E-04   -0.113149E-03
 4.34928   -0.623775E-04    0.352258E-04   -0.113320E-03
 4.36730   -0.634697E-04    0.359987E-04   -0.113462E-03
 4.38533   -0.644975E-04    0.367359E-04   -0.113576E-03
 4.40336   -0.654628E-04    0.374381E-04   -0.113662E-03
 4.42138   -0.663675E-04    0.381067E-04   -0.113721E-03
 4.43941   -0.672134E-04    0.387424E-04   -0.113755E-03
 4.45743   -0.680026E-04    0.393462E-04   -0.113763E-03
 4.47546   -0.687368E-04    0.399193E-04   -0.113748E-03
 4.49349   -0.694182E-04    0.404625E-04   -0.113709E-03
 4.51151   -0.700486E-04    0.409769E-04   -0.113647E-03
 4.52954   -0.706300E-04    0.414635E-04   -0.113563E-03
 4.54757   -0.711641E-04    0.419233E-04   -0.113458E-03
 4.56559   -0.716531E-04    0.423571E-04   -0.113333E-03
 4.58362   -0.720980E-04    0.427660E-04   -0.113188E-03
 4.60164   -0.725014E-04    0.431509E-04   -0.113024E-03
 4.61967   -0.728648E-04    0.435125E-04   -0.112843E-03
 4.63770   -0.731898E-04    0.438520E-04   -0.112644E-03
 4.65572   -0.734783E-04    0.441701E-04   -0.112428E-03
 4.67375   -0.737316E-04    0.444676E-04   -0.112197E-03
 4.69177   -0.739515E-04    0.447455E-04   -0.111950E-03
 4.70980   -0.741394E-04    0.450044E-04   -0.111689E-03
 4.72783   -0.742968E-04    0.452452E-04   -0.111413E-03
 4.74585   -0.744252E-04    0.454686E-04   -0.111124E-03
 4.76388   -0.745260E-04    0.456753E-04   -0.110823E-03
 4.78190   -0.746006E-04    0.458661E-04   -0.110509E-03
 4.79993   -0.746500E-04    0.460416E-04   -0.110183E-03
 4.81796   -0.746755E-04    0.462025E-04   -0.109847E-03
 4.83598   -0.746781E-04    0.463492E-04   -0.109499E-03
 4.85401   -0.746594E-04    0.464826E-04   -0.109142E-03
 4.87203   -0.746206E-04    0.466032E-04   -0.108775E-03
 4.89006   -0.745622E-04    0.467114E-04   -0.108398E-03
 4.90809   -0.744854E-04    0.468079E-04   -0.108013E-03
 4.92611   -0.743911E-04    0.468932E-04   -0.107620E-03
 4.94414   -0.742804E-04    0.469678E-04   -0.107219E-03
 4.96216   -0.741541E-04    0.470320E-04   -0.106810E-03
 4.98019   -0.740130E-04    0.470865E-04   -0.106394E-03
 4.99822   -0.738580E-04    0.471316E-04   -0.105972E-03
 5.01624   -0.736897E-04    0.471677E-04   -0.105542E-03
 5.03427   -0.735091E-04    0.471953E-04   -0.105108E-03
 5.05229   -0.733166E-04    0.472147E-04   -0.104667E-03
 5.07032   -0.731131E-04    0.472262E-04   -0.104221E-03
 5.08835   -0.728991E-04    0.472301E-04   -0.103769E-03
 5.10637   -0.726752E-04    0.472271E-04   -0.103313E-03
 5.12440   -0.724421E-04    0.472170E-04   -0.102852E-03
 5.14242   -0.722003E-04    0.472008E-04   -0.102387E-03
 5.16045   -0.719502E-04    0.471781E-04   -0.101918E-03
 5.17848   -0.716924E-04    0.471495E-04   -0.101445E-03
 5.19650   -0.714274E-04    0.471152E-04   -0.100968E-03
 5.21453   -0.711556E-04    0.470754E-04   -0.100489E-03
 5.23256   -0.708775E-04    0.470305E-04   -0.100005E-03
 5.25058   -0.705934E-04    0.469806E-04   -0.995196E-04
 5.26861   -0.703039E-04    0.469260E-04   -0.990311E-04
 5.28663   -0.700091E-04    0.468668E-04   -0.985399E-04
 5.30466   -0.697094E-04    0.468033E-04   -0.980464E-04
 5.32269   -0.694053E-04    0.467358E-04   -0.975506E-04
 5.34071   -0.690970E-04    0.466642E-04   -0.970528E-04
 5.35874   -0.687849E-04    0.465890E-04   -0.965532E-04
 5.37676   -0.684692E-04    0.465101E-04   -0.960520E-04
 5.39479   -0.681502E-04    0.464277E-04   -0.955492E-04
 5.41282   -0.678281E-04    0.463422E-04   -0.950452E-04
 5.43084   -0.675033E-04    0.462534E-04   -0.945399E-04
 5.44887   -0.671759E-04    0.461618E-04   -0.940335E-04
 5.46689   -0.668461E-04    0.460672E-04   -0.935262E-04
 5.48492   -0.665143E-04    0.459700E-04   -0.930263E-04
 5.50295   -0.661805E-04    0.458701E-04   -0.925091E-04
 5.52097   -0.658451E-04    0.457679E-04   -0.919996E-04
 5.53900   -0.655081E-04    0.456632E-04   -0.914896E-04
 5.55702   -0.651698E-04    0.455563E-04   -0.909790E-04
 5.57505   -0.648303E-04    0.454473E-04   -0.904686E-04
 5.59308   -0.644897E-04    0.453363E-04   -0.899578E-04
 5.61110   -0.641483E-04    0.452233E-04   -0.894471E-04
 5.62913   -0.638062E-04    0.451085E-04   -0.889363E-04
 5.64715   -0.634635E-04    0.449919E-04   -0.884257E-04
 5.66518   -0.631203E-04    0.448737E-04   -0.879154E-04
 5.68321   -0.627768E-04    0.447539E-04   -0.874054E-04
 5.70123   -0.624331E-04    0.446326E-04   -0.868958E-04
 5.71926   -0.620893E-04    0.445099E-04   -0.863867E-04
 5.73728   -0.617456E-04    0.443859E-04   -0.858781E-04
 5.75531   -0.614019E-04    0.442605E-04   -0.853702E-04
 5.77334   -0.610585E-04    0.441340E-04   -0.848630E-04
 5.79136   -0.607154E-04    0.440064E-04   -0.843566E-04
 5.80939   -0.603728E-04    0.438777E-04   -0.838510E-04
 5.82741   -0.600306E-04    0.437480E-04   -0.833463E-04
 5.84544   -0.596890E-04    0.436173E-04   -0.828425E-04
 5.86347   -0.593481E-04    0.434858E-04   -0.823398E-04
 5.88149   -0.590080E-04    0.433534E-04   -0.818380E-04
 5.89952   -0.586686E-04    0.432202E-04   -0.813374E-04
 5.91755   -0.583302E-04    0.430864E-04   -0.808378E-04
 5.93557   -0.579927E-04    0.429519E-04   -0.803395E-04
 5.95360   -0.576562E-04    0.428167E-04   -0.798424E-04
 5.97162   -0.573208E-04    0.426810E-04   -0.793464E-04
 5.98965   -0.569866E-04    0.425448E-04   -0.788518E-04
 6.00768   -0.566535E-04    0.424081E-04   -0.783584E-04
 6.02570   -0.563218E-04    0.422709E-04   -0.778665E-04
 6.04373   -0.559913E-04    0.421334E-04   -0.773759E-04
 6.06175   -0.556622E-04    0.419955E-04   -0.768867E-04
 6.07978   -0.553346E-04    0.418573E-04   -0.763989E-04
 6.09781   -0.550084E-04    0.417188E-04   -0.759127E-04
 6.11583   -0.546837E-04    0.415801E-04   -0.754280E-04
 6.13386   -0.543605E-04    0.414412E-04   -0.749447E-04
 6.15188   -0.540389E-04    0.413022E-04   -0.744631E-04
 6.16991   -0.537190E-04    0.411630E-04   -0.739830E-04
 6.18794   -0.534007E-04    0.410238E-04   -0.735046E-04
 6.20596   -0.530842E-04    0.408844E-04   -0.730278E-04
 6.22399   -0.527693E-04    0.407451E-04   -0.725527E-04
 6.24201   -0.524562E-04    0.406057E-04   -0.720793E-04
 6.26004   -0.521450E-04    0.404663E-04   -0.716076E-04
 6.27807   -0.518355E-04    0.403270E-04   -0.711377E-04
 6.29609   -0.515278E-04    0.401878E-04   -0.706696E-04
 6.31412   -0.512220E-04    0.400487E-04   -0.702032E-04
 6.33214   -0.509181E-04    0.399097E-04   -0.697387E-04
 6.35017   -0.506160E-04    0.397708E-04   -0.692760E-04
 6.36820   -0.503159E-04    0.396321E-04   -0.688152E-04
 6.38622   -0.500177E-04    0.394935E-04   -0.683563E-04
 6.40425   -0.497214E-04    0.393552E-04   -0.678992E-04
 6.42227   -0.494270E-04    0.392170E-04   -0.674440E-04
 6.44030   -0.491346E-04    0.390791E-04   -0.669908E-04
 6.45833   -0.488441E-04    0.389414E-04   -0.665395E-04
 6.47635   -0.485555E-04    0.388040E-04   -0.660901E-04
 6.49438   -0.482689E-04    0.386669E-04   -0.656428E-04
 6.51240   -0.479843E-04    0.385299E-04   -0.651974E-04
 6.53043   -0.477015E-04    0.383933E-04   -0.647539E-04
 6.54846   -0.474208E-04    0.382570E-04   -0.643124E-04
 6.56648   -0.471419E-04    0.381209E-04   -0.638730E-04
 6.58451   -0.468649E-04    0.379852E-04   -0.634356E-04
 6.60254   -0.465899E-04    0.378498E-04   -0.630001E-04
 6.62056   -0.463167E-04    0.377146E-04   -0.625667E-04
 6.63859   -0.460454E-04    0.375798E-04   -0.621353E-04
 6.65661   -0.457760E-04    0.374453E-04   -0.617060E-04
 6.67464   -0.455084E-04    0.373111E-04   -0.612786E-04
 6.69267   -0.452426E-04    0.371772E-04   -0.608533E-04
 6.71069   -0.449786E-04    0.370436E-04   -0.604299E-04
 6.72872   -0.447163E-04    0.369103E-04   -0.600086E-04
 6.74674   -0.444559E-04    0.367773E-04   -0.595893E-04
 6.76477   -0.441971E-04    0.366446E-04   -0.591720E-04
 6.78280   -0.439400E-04    0.365122E-04   -0.587567E-04
 6.80082   -0.436846E-04    0.363801E-04   -0.583434E-04
 6.81885   -0.434309E-04    0.362483E-04   -0.579321E-04
 6.83687   -0.431788E-04    0.361168E-04   -0.575227E-04
 6.85490   -0.429282E-04    0.359855E-04   -0.571154E-04
 6.87293   -0.426793E-04    0.358545E-04   -0.567100E-04
 6.89095   -0.424318E-04    0.357238E-04   -0.563066E-04
 6.90898   -0.421859E-04    0.355934E-04   -0.559051E-04
 6.92700   -0.419415E-04    0.354632E-04   -0.555056E-04
 6.94503   -0.416985E-04    0.353332E-04   -0.551080E-04
 6.96306   -0.414570E-04    0.352035E-04   -0.547123E-04
 6.98108   -0.412169E-04    0.350741E-04   -0.543186E-04
 6.99911   -0.409781E-04    0.349448E-04   -0.539268E-04
 7.01713   -0.407408E-04    0.348158E-04   -0.535369E-04
 7.03516   -0.405047E-04    0.346870E-04   -0.531489E-04
 7.05319   -0.402700E-04    0.345585E-04   -0.527627E-04
 7.07121   -0.400365E-04    0.344301E-04   -0.523785E-04
 7.08924   -0.398043E-04    0.343020E-04   -0.519961E-04
 7.10726   -0.395733E-04    0.341741E-04   -0.516156E-04
 7.12529   -0.393436E-04    0.340463E-04   -0.512369E-04
 7.14332   -0.391150E-04    0.339188E-04   -0.508602E-04
 7.16134   -0.388876E-04    0.337915E-04   -0.504852E-04
 7.17937   -0.386614E-04    0.336643E-04   -0.501121E-04
 7.19739   -0.384363E-04    0.335374E-04   -0.497408E-04
 7.21542   -0.382123E-04    0.334106E-04   -0.493714E-04
 7.23345   -0.379895E-04    0.332840E-04   -0.490038E-04
 7.25147   -0.377677E-04    0.331576E-04   -0.486380E-04
 7.26950   -0.375470E-04    0.330314E-04   -0.482740E-04
 7.28753   -0.373274E-04    0.329054E-04   -0.479118E-04
 7.30555   -0.371089E-04    0.327795E-04   -0.475514E-04
 7.32358   -0.368914E-04    0.326539E-04   -0.471928E-04
 7.34160   -0.366750E-04    0.325284E-04   -0.468360E-04
 7.35963   -0.364596E-04    0.324032E-04   -0.464810E-04
 7.37766   -0.362452E-04    0.322781E-04   -0.461278E-04
 7.39568   -0.360318E-04    0.321532E-04   -0.457764E-04
 7.41371   -0.358195E-04    0.320285E-04   -0.454267E-04
 7.43173   -0.356082E-04    0.319041E-04   -0.450788E-04
 7.44976   -0.353979E-04    0.317798E-04   -0.447328E-04
 7.46779   -0.351887E-04    0.316558E-04   -0.443885E-04
 7.48581   -0.349804E-04    0.315320E-04   -0.440459E-04
 7.50384   -0.347732E-04    0.314084E-04   -0.437052E-04
 7.52186   -0.345669E-04    0.312851E-04   -0.433662E-04
 7.53989   -0.343617E-04    0.311620E-04   -0.430289E-04
 7.55792   -0.341575E-04    0.310391E-04   -0.426935E-04
 7.57594   -0.339543E-04    0.309165E-04   -0.423598E-04
 7.59397   -0.337521E-04    0.307941E-04   -0.420279E-04
 7.61199   -0.335510E-04    0.306720E-04   -0.416977E-04
 7.63002   -0.333509E-04    0.305501E-04   -0.413693E-04
 7.64805   -0.331518E-04    0.304286E-04   -0.410427E-04
 7.66607   -0.329537E-04    0.303073E-04   -0.407178E-04
 7.68410   -0.327566E-04    0.301863E-04   -0.403947E-04
 7.70212   -0.325606E-04    0.300656E-04   -0.400733E-04
 7.72015   -0.323657E-04    0.299451E-04   -0.397537E-04
 7.73818   -0.321717E-04    0.298250E-04   -0.394359E-04
 7.75620   -0.319788E-04    0.297052E-04   -0.391198E-04
 7.77423   -0.317870E-04    0.295858E-04   -0.388054E-04
 7.79225   -0.315963E-04    0.294666E-04   -0.384929E-04
 7.81028   -0.314065E-04    0.293478E-04   -0.381821E-04
 7.82831   -0.312179E-04    0.292293E-04   -0.378730E-04
 7.84633   -0.310303E-04    0.291111E-04   -0.375656E-04
 7.86436   -0.308438E-04    0.289934E-04   -0.372600E-04
 7.88238   -0.306584E-04    0.288759E-04   -0.369562E-04
 7.90041   -0.304740E-04    0.287588E-04   -0.366541E-04
 7.91844   -0.302908E-04    0.286421E-04   -0.363538E-04
 7.93646   -0.301086E-04    0.285258E-04   -0.360552E-04
 7.95449   -0.299275E-04    0.284098E-04   -0.357583E-04
 7.97252   -0.297475E-04    0.282943E-04   -0.354632E-04
 7.99054   -0.295686E-04    0.281791E-04   -0.351697E-04
 8.00857   -0.293908E-04    0.280643E-04   -0.348781E-04
 8.02659   -0.292140E-04    0.279499E-04   -0.345881E-04
 8.04462   -0.290384E-04    0.278359E-04   -0.342999E-04
 8.06265   -0.288639E-04    0.277223E-04   -0.340134E-04
 8.08067   -0.286905E-04    0.276091E-04   -0.337286E-04
 8.09870   -0.285182E-04    0.274963E-04   -0.334455E-04
 8.11672   -0.283470E-04    0.273840E-04   -0.331641E-04
 8.13475   -0.281768E-04    0.272721E-04   -0.328845E-04
 8.15278   -0.280078E-04    0.271605E-04   -0.326065E-04
 8.17080   -0.278399E-04    0.270495E-04   -0.323302E-04
 8.18883   -0.276731E-04    0.269388E-04   -0.320557E-04
 8.20685   -0.275074E-04    0.268286E-04   -0.317828E-04
 8.22488   -0.273428E-04    0.267188E-04   -0.315116E-04
 8.24291   -0.271793E-04    0.266095E-04   -0.312420E-04
 8.26093   -0.270169E-04    0.265006E-04   -0.309742E-04
 8.27896   -0.268556E-04    0.263921E-04   -0.307080E-04
 8.29698   -0.266953E-04    0.262841E-04   -0.304435E-04
 8.31501   -0.265362E-04    0.261765E-04   -0.301806E-04
 8.33304   -0.263781E-04    0.260694E-04   -0.299194E-04
 8.35106   -0.262212E-04    0.259627E-04   -0.296598E-04
 8.36909   -0.260653E-04    0.258565E-04   -0.294019E-04
 8.38711   -0.259105E-04    0.257507E-04   -0.291456E-04
 8.40514   -0.257568E-04    0.256454E-04   -0.288910E-04
 8.42317   -0.256041E-04    0.255405E-04   -0.286380E-04
 8.44119   -0.254525E-04    0.254361E-04   -0.283866E-04
 8.45922   -0.253020E-04    0.253322E-04   -0.281368E-04
 8.47724   -0.251525E-04    0.252287E-04   -0.278886E-04
 8.49527   -0.250041E-04    0.251256E-04   -0.276420E-04
 8.51330   -0.248567E-04    0.250230E-04   -0.273971E-04
 8.53132   -0.247104E-04    0.249209E-04   -0.271537E-04
 8.54935   -0.245652E-04    0.248192E-04   -0.269119E-04
 8.56737   -0.244210E-04    0.247180E-04   -0.266716E-04
 8.58540   -0.242778E-04    0.246172E-04   -0.264330E-04
 8.60343   -0.241356E-04    0.245169E-04   -0.261959E-04
 8.62145   -0.239945E-04    0.244171E-04   -0.259603E-04
 8.63948   -0.238544E-04    0.243177E-04   -0.257264E-04
 8.65751   -0.237153E-04    0.242188E-04   -0.254939E-04
 8.67553   -0.235772E-04    0.241203E-04   -0.252630E-04
 8.69356   -0.234401E-04    0.240223E-04   -0.250336E-04
 8.71158   -0.233040E-04    0.239247E-04   -0.248057E-04
 8.72961   -0.231689E-04    0.238276E-04   -0.245794E-04
 8.74764   -0.230348E-04    0.237309E-04   -0.243546E-04
 8.76566   -0.229017E-04    0.236347E-04   -0.241312E-04
 8.78369   -0.227695E-04    0.235389E-04   -0.239094E-04
 8.80171   -0.226383E-04    0.234436E-04   -0.236890E-04
 8.81974   -0.225081E-04    0.233488E-04   -0.234701E-04
 8.83777   -0.223788E-04    0.232543E-04   -0.232527E-04
 8.85579   -0.222505E-04    0.231604E-04   -0.230368E-04
 8.87382   -0.221231E-04    0.230668E-04   -0.228223E-04
 8.89184   -0.219966E-04    0.229737E-04   -0.226092E-04
 8.90987   -0.218711E-04    0.228811E-04   -0.223976E-04
 8.92790   -0.217465E-04    0.227889E-04   -0.221875E-04
 8.94592   -0.216228E-04    0.226971E-04   -0.219787E-04
 8.96395   -0.215000E-04    0.226058E-04   -0.217714E-04
 8.98197   -0.213782E-04    0.225149E-04   -0.215655E-04
 9.00000   -0.212572E-04    0.224244E-04   -0.213610E-04
