 0.00500    0.367779E-01   -0.180312E-01    0.131673E-01
 0.02303    0.294091E-01   -0.143474E-01    0.104049E-01
 0.04105    0.251993E-01   -0.122431E-01    0.882799E-02
 0.05908    0.221815E-01   -0.107353E-01    0.769884E-02
 0.07710    0.198341E-01   -0.956292E-02    0.682163E-02
 0.09513    0.179248E-01   -0.860979E-02    0.610925E-02
 0.11316    0.163269E-01   -0.781251E-02    0.551402E-02
 0.13118    0.149625E-01   -0.713215E-02    0.500669E-02
 0.14921    0.137801E-01   -0.654290E-02    0.456786E-02
 0.16723    0.127433E-01   -0.602657E-02    0.418391E-02
 0.18526    0.118257E-01   -0.556996E-02    0.384487E-02
 0.20329    0.110074E-01   -0.516307E-02    0.354323E-02
 0.22131    0.102730E-01   -0.479815E-02    0.327316E-02
 0.23934    0.961016E-02   -0.446911E-02    0.303007E-02
 0.25736    0.900908E-02   -0.417100E-02    0.281023E-02
 0.27539    0.846173E-02   -0.389978E-02    0.261061E-02
 0.29342    0.796147E-02   -0.365214E-02    0.242871E-02
 0.31144    0.750273E-02   -0.342529E-02    0.226242E-02
 0.32947    0.708079E-02   -0.321687E-02    0.210996E-02
 0.34749    0.669163E-02   -0.302485E-02    0.196982E-02
 0.36552    0.633181E-02   -0.284752E-02    0.184070E-02
 0.38355    0.599836E-02   -0.268338E-02    0.172147E-02
 0.40157    0.568871E-02   -0.253115E-02    0.161116E-02
 0.41960    0.540057E-02   -0.238967E-02    0.150891E-02
 0.43763    0.513197E-02   -0.225797E-02    0.141397E-02
 0.45565    0.488115E-02   -0.213515E-02    0.132567E-02
 0.47368    0.464655E-02   -0.202044E-02    0.124343E-02
 0.49170    0.442679E-02   -0.191314E-02    0.116673E-02
 0.50973    0.422065E-02   -0.181264E-02    0.109510E-02
 0.52776    0.402701E-02   -0.171839E-02    0.102812E-02
 0.54578    0.384489E-02   -0.162989E-02    0.965419E-03
 0.56381    0.367339E-02   -0.154668E-02    0.906659E-03
 0.58183    0.351171E-02   -0.146836E-02    0.851539E-03
 0.59986    0.335913E-02   -0.139459E-02    0.799783E-03
 0.61789    0.321498E-02   -0.132501E-02    0.751142E-03
 0.63591    0.307865E-02   -0.125932E-02    0.705387E-03
 0.65394    0.294961E-02   -0.119727E-02    0.662313E-03
 0.67196    0.282735E-02   -0.113858E-02    0.621733E-03
 0.68999    0.271141E-02   -0.108305E-02    0.583475E-03
 0.70802    0.260139E-02   -0.103044E-02    0.547383E-03
 0.72604    0.249689E-02   -0.980587E-03    0.513310E-03
 0.74407    0.239757E-02   -0.933298E-03    0.481125E-03
 0.76209    0.230309E-02   -0.888415E-03    0.450707E-03
 0.78012    0.221318E-02   -0.845789E-03    0.421943E-03
 0.79815    0.212753E-02   -0.805282E-03    0.394730E-03
 0.81617    0.204591E-02   -0.766766E-03    0.368972E-03
 0.83420    0.196808E-02   -0.730121E-03    0.344582E-03
 0.85222    0.189381E-02   -0.695240E-03    0.321476E-03
 0.87025    0.182291E-02   -0.662019E-03    0.299579E-03
 0.88828    0.175517E-02   -0.630365E-03    0.278820E-03
 0.90630    0.169044E-02   -0.600191E-03    0.259134E-03
 0.92433    0.162855E-02   -0.571416E-03    0.240459E-03
 0.94235    0.156934E-02   -0.543962E-03    0.222740E-03
 0.96038    0.151267E-02   -0.517759E-03    0.205924E-03
 0.97841    0.145841E-02   -0.492740E-03    0.189960E-03
 0.99643    0.140644E-02   -0.468843E-03    0.174802E-03
 1.01446    0.135663E-02   -0.446008E-03    0.160407E-03
 1.03248    0.130888E-02   -0.424183E-03    0.146733E-03
 1.05051    0.126308E-02   -0.403315E-03    0.133744E-03
 1.06854    0.121915E-02   -0.383358E-03    0.121404E-03
 1.08656    0.117698E-02   -0.364266E-03    0.109680E-03
 1.10459    0.113650E-02   -0.345996E-03    0.985398E-04
 1.12262    0.109762E-02   -0.328510E-03    0.879542E-04
 1.14064    0.106027E-02   -0.311768E-03    0.778953E-04
 1.15867    0.102438E-02   -0.295737E-03    0.683369E-04
 1.17669    0.989884E-03   -0.280382E-03    0.592546E-04
 1.19472    0.956712E-03   -0.265671E-03    0.506249E-04
 1.21275    0.924806E-03   -0.251576E-03    0.424259E-04
 1.23077    0.894111E-03   -0.238067E-03    0.346369E-04
 1.24880    0.864572E-03   -0.225119E-03    0.272382E-04
 1.26682    0.836139E-03   -0.212705E-03    0.202112E-04
 1.28485    0.808764E-03   -0.200803E-03    0.135384E-04
 1.30288    0.782403E-03   -0.189389E-03    0.720338E-05
 1.32090    0.757012E-03   -0.178443E-03    0.119057E-05
 1.33893    0.732550E-03   -0.167944E-03   -0.451471E-05
 1.35695    0.708979E-03   -0.157873E-03   -0.992664E-05
 1.37498    0.686261E-03   -0.148212E-03   -0.150585E-04
 1.39301    0.664362E-03   -0.138944E-03   -0.199229E-04
 1.41103    0.643248E-03   -0.130052E-03   -0.245320E-04
 1.42906    0.622889E-03   -0.121520E-03   -0.288971E-04
 1.44708    0.603253E-03   -0.113333E-03   -0.330287E-04
 1.46511    0.584313E-03   -0.105478E-03   -0.369371E-04
 1.48314    0.566043E-03   -0.979427E-04   -0.406319E-04
 1.50116    0.548416E-03   -0.907128E-04   -0.441221E-04
 1.51919    0.531408E-03   -0.837769E-04   -0.474165E-04
 1.53721    0.514996E-03   -0.771237E-04   -0.505234E-04
 1.55524    0.499158E-03   -0.707423E-04   -0.534504E-04
 1.57327    0.483874E-03   -0.646223E-04   -0.562048E-04
 1.59129    0.469123E-03   -0.587541E-04   -0.587938E-04
 1.60932    0.454887E-03   -0.531286E-04   -0.612238E-04
 1.62734    0.441148E-03   -0.477370E-04   -0.635013E-04
 1.64537    0.427890E-03   -0.425712E-04   -0.656319E-04
 1.66340    0.415095E-03   -0.376233E-04   -0.676212E-04
 1.68142    0.402750E-03   -0.328858E-04   -0.694745E-04
 1.69945    0.390840E-03   -0.283520E-04   -0.711967E-04
 1.71747    0.379353E-03   -0.240153E-04   -0.727924E-04
 1.73550    0.368274E-03   -0.198698E-04   -0.742658E-04
 1.75353    0.357594E-03   -0.159095E-04   -0.756211E-04
 1.77155    0.347300E-03   -0.121294E-04   -0.768620E-04
 1.78958    0.337383E-03   -0.852447E-05   -0.779917E-04
 1.80761    0.327833E-03   -0.508985E-05   -0.790136E-04
 1.82563    0.318642E-03   -0.182181E-05   -0.799304E-04
 1.84366    0.309800E-03    0.128396E-05   -0.807451E-04
 1.86168    0.301302E-03    0.423101E-05   -0.814600E-04
 1.87971    0.293139E-03    0.702266E-05   -0.820774E-04
 1.89774    0.285305E-03    0.966208E-05   -0.825994E-04
 1.91576    0.277795E-03    0.121522E-04   -0.830278E-04
 1.93379    0.270601E-03    0.144959E-04   -0.833647E-04
 1.95181    0.263720E-03    0.166955E-04   -0.836116E-04
 1.96984    0.257146E-03    0.187535E-04   -0.837703E-04
 1.98787    0.250873E-03    0.206724E-04   -0.838421E-04
 2.00589    0.244897E-03    0.224543E-04   -0.838285E-04
 2.02392    0.239212E-03    0.241017E-04   -0.837311E-04
 2.04194    0.233814E-03    0.256168E-04   -0.835512E-04
 2.05997    0.228698E-03    0.270022E-04   -0.832909E-04
 2.07800    0.223859E-03    0.282604E-04   -0.829513E-04
 2.09602    0.219289E-03    0.293944E-04   -0.825350E-04
 2.11405    0.214984E-03    0.304071E-04   -0.820434E-04
 2.13207    0.210935E-03    0.313020E-04   -0.814791E-04
 2.15010    0.207135E-03    0.320829E-04   -0.808447E-04
 2.16813    0.203575E-03    0.327534E-04   -0.801431E-04
 2.18615    0.200247E-03    0.333192E-04   -0.793775E-04
 2.20418    0.197139E-03    0.337844E-04   -0.785514E-04
 2.22220    0.194238E-03    0.341556E-04   -0.776689E-04
 2.24023    0.191533E-03    0.344385E-04   -0.767312E-04
 2.25826    0.189010E-03    0.346402E-04   -0.757500E-04
 2.27628    0.186653E-03    0.347684E-04   -0.747297E-04
 2.29431    0.184447E-03    0.348300E-04   -0.736707E-04
 2.31233    0.182373E-03    0.348346E-04   -0.725821E-04
 2.33036    0.180413E-03    0.347913E-04   -0.714702E-04
 2.34839    0.178548E-03    0.347093E-04   -0.703420E-04
 2.36641    0.176756E-03    0.345989E-04   -0.692049E-04
 2.38444    0.175018E-03    0.344705E-04   -0.680663E-04
 2.40246    0.173311E-03    0.343343E-04   -0.669341E-04
 2.42049    0.171614E-03    0.342014E-04   -0.658160E-04
 2.43852    0.169905E-03    0.340827E-04   -0.647198E-04
 2.45654    0.168161E-03    0.339888E-04   -0.636534E-04
 2.47457    0.166362E-03    0.339305E-04   -0.626244E-04
 2.49260    0.164485E-03    0.339182E-04   -0.616406E-04
 2.51062    0.162512E-03    0.339618E-04   -0.607093E-04
 2.52865    0.160422E-03    0.340707E-04   -0.598371E-04
 2.54667    0.158199E-03    0.342535E-04   -0.590303E-04
 2.56470    0.155825E-03    0.345182E-04   -0.582947E-04
 2.58273    0.153287E-03    0.348720E-04   -0.576355E-04
 2.60075    0.150572E-03    0.353212E-04   -0.570569E-04
 2.61878    0.147669E-03    0.358702E-04   -0.565628E-04
 2.63680    0.144571E-03    0.365239E-04   -0.561558E-04
 2.65483    0.141271E-03    0.372848E-04   -0.558381E-04
 2.67286    0.137765E-03    0.381545E-04   -0.556107E-04
 2.69088    0.134053E-03    0.391335E-04   -0.554740E-04
 2.70891    0.130136E-03    0.402210E-04   -0.554270E-04
 2.72693    0.126018E-03    0.414153E-04   -0.554682E-04
 2.74496    0.121705E-03    0.427132E-04   -0.555954E-04
 2.76299    0.117203E-03    0.441110E-04   -0.558055E-04
 2.78101    0.112523E-03    0.456032E-04   -0.560946E-04
 2.79904    0.107678E-03    0.471846E-04   -0.564583E-04
 2.81706    0.102680E-03    0.488475E-04   -0.568912E-04
 2.83509    0.975447E-04    0.505848E-04   -0.573877E-04
 2.85312    0.922887E-04    0.523881E-04   -0.579416E-04
 2.87114    0.869295E-04    0.542491E-04   -0.585463E-04
 2.88917    0.814845E-04    0.561582E-04   -0.591953E-04
 2.90719    0.759721E-04    0.581067E-04   -0.598814E-04
 2.92522    0.704112E-04    0.600850E-04   -0.605976E-04
 2.94325    0.648210E-04    0.620836E-04   -0.613369E-04
 2.96127    0.592201E-04    0.640933E-04   -0.620922E-04
 2.97930    0.536273E-04    0.661047E-04   -0.628567E-04
 2.99732    0.480606E-04    0.681085E-04   -0.636236E-04
 3.01535    0.425369E-04    0.700966E-04   -0.643864E-04
 3.03338    0.370734E-04    0.720603E-04   -0.651391E-04
 3.05140    0.316846E-04    0.739923E-04   -0.658758E-04
 3.06943    0.263856E-04    0.758850E-04   -0.665912E-04
 3.08745    0.211892E-04    0.777320E-04   -0.672804E-04
 3.10548    0.161078E-04    0.795274E-04   -0.679389E-04
 3.12351    0.111522E-04    0.812657E-04   -0.685629E-04
 3.14153    0.633197E-05    0.829423E-04   -0.691487E-04
 3.15956    0.165570E-05    0.845526E-04   -0.696931E-04
 3.17759   -0.286952E-05    0.860934E-04   -0.701936E-04
 3.19561   -0.723775E-05    0.875615E-04   -0.706479E-04
 3.21364   -0.114443E-04    0.889547E-04   -0.710542E-04
 3.23166   -0.154857E-04    0.902712E-04   -0.714113E-04
 3.24969   -0.193596E-04    0.915098E-04   -0.717185E-04
 3.26772   -0.230646E-04    0.926699E-04   -0.719751E-04
 3.28574   -0.266001E-04    0.937512E-04   -0.721810E-04
 3.30377   -0.299663E-04    0.947490E-04   -0.723361E-04
 3.32179   -0.331643E-04    0.956734E-04   -0.724411E-04
 3.33982   -0.361959E-04    0.965206E-04   -0.724965E-04
 3.35785   -0.390635E-04    0.972916E-04   -0.725033E-04
 3.37587   -0.417701E-04    0.979881E-04   -0.724623E-04
 3.39390   -0.443195E-04    0.986118E-04   -0.723751E-04
 3.41192   -0.467154E-04    0.991697E-04   -0.722432E-04
 3.42995   -0.489624E-04    0.996541E-04   -0.720680E-04
 3.44798   -0.510649E-04    0.100072E-03   -0.718512E-04
 3.46600   -0.530277E-04    0.100426E-03   -0.715946E-04
 3.48403   -0.548558E-04    0.100718E-03   -0.713000E-04
 3.50205   -0.565543E-04    0.100952E-03   -0.709692E-04
 3.52008   -0.581282E-04    0.101129E-03   -0.706042E-04
 3.53811   -0.595829E-04    0.101252E-03   -0.702066E-04
 3.55613   -0.609236E-04    0.101324E-03   -0.697786E-04
 3.57416   -0.621554E-04    0.101347E-03   -0.693218E-04
 3.59218   -0.632836E-04    0.101323E-03   -0.688381E-04
 3.61021   -0.643132E-04    0.101256E-03   -0.683295E-04
 3.62824   -0.652491E-04    0.101148E-03   -0.677974E-04
 3.64626   -0.660962E-04    0.101001E-03   -0.672439E-04
 3.66429   -0.668591E-04    0.100818E-03   -0.666705E-04
 3.68231   -0.675425E-04    0.100600E-03   -0.660787E-04
 3.70034   -0.681506E-04    0.100349E-03   -0.654701E-04
 3.71837   -0.686877E-04    0.100069E-03   -0.648462E-04
 3.73639   -0.691579E-04    0.997605E-04   -0.642084E-04
 3.75442   -0.695650E-04    0.994258E-04   -0.635581E-04
 3.77244   -0.699128E-04    0.990667E-04   -0.628965E-04
 3.79047   -0.702048E-04    0.986848E-04   -0.622248E-04
 3.80850   -0.704445E-04    0.982819E-04   -0.615443E-04
 3.82652   -0.706351E-04    0.978595E-04   -0.608560E-04
 3.84455   -0.707796E-04    0.974192E-04   -0.601608E-04
 3.86258   -0.708810E-04    0.969623E-04   -0.594599E-04
 3.88060   -0.709419E-04    0.964901E-04   -0.587541E-04
 3.89863   -0.709650E-04    0.960039E-04   -0.580443E-04
 3.91665   -0.709527E-04    0.955048E-04   -0.573312E-04
 3.93468   -0.709073E-04    0.949940E-04   -0.566155E-04
 3.95271   -0.708310E-04    0.944725E-04   -0.558980E-04
 3.97073   -0.707258E-04    0.939413E-04   -0.551795E-04
 3.98876   -0.705937E-04    0.934014E-04   -0.544603E-04
 4.00678   -0.704366E-04    0.928535E-04   -0.537412E-04
 4.02481   -0.702562E-04    0.922986E-04   -0.530225E-04
 4.04284   -0.700541E-04    0.917372E-04   -0.523050E-04
 4.06086   -0.698318E-04    0.911703E-04   -0.515888E-04
 4.07889   -0.695906E-04    0.905985E-04   -0.508746E-04
 4.09691   -0.693321E-04    0.900223E-04   -0.501626E-04
 4.11494   -0.690573E-04    0.894423E-04   -0.494534E-04
 4.13297   -0.687675E-04    0.888591E-04   -0.487470E-04
 4.15099   -0.684639E-04    0.882732E-04   -0.480439E-04
 4.16902   -0.681474E-04    0.876851E-04   -0.473443E-04
 4.18704   -0.678190E-04    0.870953E-04   -0.466485E-04
 4.20507   -0.674797E-04    0.865041E-04   -0.459567E-04
 4.22310   -0.671304E-04    0.859119E-04   -0.452691E-04
 4.24112   -0.667718E-04    0.853191E-04   -0.445861E-04
 4.25915   -0.664047E-04    0.847261E-04   -0.439076E-04
 4.27717   -0.660299E-04    0.841331E-04   -0.432338E-04
 4.29520   -0.656480E-04    0.835405E-04   -0.425650E-04
 4.31323   -0.652597E-04    0.829488E-04   -0.419012E-04
 4.33125   -0.648654E-04    0.823577E-04   -0.412426E-04
 4.34928   -0.644659E-04    0.817677E-04   -0.405892E-04
 4.36730   -0.640617E-04    0.811791E-04   -0.399413E-04
 4.38533   -0.636531E-04    0.805920E-04   -0.392989E-04
 4.40336   -0.632408E-04    0.800067E-04   -0.386622E-04
 4.42138   -0.628251E-04    0.794233E-04   -0.380312E-04
 4.43941   -0.624065E-04    0.788420E-04   -0.374061E-04
 4.45743   -0.619853E-04    0.782629E-04   -0.367869E-04
 4.47546   -0.615619E-04    0.776862E-04   -0.361738E-04
 4.49349   -0.611367E-04    0.771121E-04   -0.355670E-04
 4.51151   -0.607099E-04    0.765406E-04   -0.349663E-04
 4.52954   -0.602818E-04    0.759718E-04   -0.343720E-04
 4.54757   -0.598529E-04    0.754060E-04   -0.337841E-04
 4.56559   -0.594232E-04    0.748431E-04   -0.332026E-04
 4.58362   -0.589931E-04    0.742832E-04   -0.326277E-04
 4.60164   -0.585628E-04    0.737265E-04   -0.320592E-04
 4.61967   -0.581326E-04    0.731730E-04   -0.314973E-04
 4.63770   -0.577027E-04    0.726228E-04   -0.309418E-04
 4.65572   -0.572732E-04    0.720759E-04   -0.303927E-04
 4.67375   -0.568444E-04    0.715325E-04   -0.298500E-04
 4.69177   -0.564165E-04    0.709926E-04   -0.293136E-04
 4.70980   -0.559896E-04    0.704563E-04   -0.287836E-04
 4.72783   -0.555639E-04    0.699235E-04   -0.282597E-04
 4.74585   -0.551396E-04    0.693944E-04   -0.277419E-04
 4.76388   -0.547169E-04    0.688690E-04   -0.272300E-04
 4.78190   -0.542958E-04    0.683473E-04   -0.267241E-04
 4.79993   -0.538766E-04    0.678294E-04   -0.262240E-04
 4.81796   -0.534594E-04    0.673154E-04   -0.257298E-04
 4.83598   -0.530443E-04    0.668052E-04   -0.252412E-04
 4.85401   -0.526314E-04    0.662989E-04   -0.247583E-04
 4.87203   -0.522210E-04    0.657965E-04   -0.242810E-04
 4.89006   -0.518130E-04    0.652979E-04   -0.238094E-04
 4.90809   -0.514077E-04    0.648038E-04   -0.233433E-04
 4.92611   -0.510051E-04    0.643134E-04   -0.228828E-04
 4.94414   -0.506054E-04    0.638271E-04   -0.224279E-04
 4.96216   -0.502086E-04    0.633448E-04   -0.219785E-04
 4.98019   -0.498148E-04    0.628667E-04   -0.215347E-04
 4.99822   -0.494241E-04    0.623926E-04   -0.210964E-04
 5.01624   -0.490367E-04    0.619226E-04   -0.206636E-04
 5.03427   -0.486525E-04    0.614568E-04   -0.202364E-04
 5.05229   -0.482717E-04    0.609951E-04   -0.198148E-04
 5.07032   -0.478942E-04    0.605376E-04   -0.193986E-04
 5.08835   -0.475202E-04    0.600841E-04   -0.189879E-04
 5.10637   -0.471497E-04    0.596348E-04   -0.185826E-04
 5.12440   -0.467827E-04    0.591896E-04   -0.181828E-04
 5.14242   -0.464193E-04    0.587485E-04   -0.177883E-04
 5.16045   -0.460594E-04    0.583115E-04   -0.173992E-04
 5.17848   -0.457031E-04    0.578786E-04   -0.170154E-04
 5.19650   -0.453503E-04    0.574497E-04   -0.166369E-04
 5.21453   -0.450012E-04    0.570249E-04   -0.162635E-04
 5.23256   -0.446555E-04    0.566040E-04   -0.158953E-04
 5.25058   -0.443134E-04    0.561871E-04   -0.155321E-04
 5.26861   -0.439749E-04    0.557741E-04   -0.151739E-04
 5.28663   -0.436397E-04    0.553650E-04   -0.148206E-04
 5.30466   -0.433080E-04    0.549597E-04   -0.144722E-04
 5.32269   -0.429796E-04    0.545582E-04   -0.141285E-04
 5.34071   -0.426546E-04    0.541604E-04   -0.137896E-04
 5.35874   -0.423327E-04    0.537662E-04   -0.134553E-04
 5.37676   -0.420140E-04    0.533757E-04   -0.131255E-04
 5.39479   -0.416984E-04    0.529887E-04   -0.128002E-04
 5.41282   -0.413857E-04    0.526053E-04   -0.124794E-04
 5.43084   -0.410760E-04    0.522252E-04   -0.121628E-04
 5.44887   -0.407691E-04    0.518485E-04   -0.118506E-04
 5.46689   -0.404649E-04    0.514751E-04   -0.115425E-04
 5.48492   -0.401633E-04    0.511049E-04   -0.112385E-04
 5.50295   -0.398643E-04    0.507379E-04   -0.109385E-04
 5.52097   -0.395677E-04    0.503740E-04   -0.106425E-04
 5.53900   -0.392735E-04    0.500132E-04   -0.103503E-04
 5.55702   -0.389816E-04    0.496553E-04   -0.100620E-04
 5.57505   -0.386919E-04    0.493004E-04   -0.977742E-05
 5.59308   -0.384043E-04    0.489483E-04   -0.949650E-05
 5.61110   -0.381187E-04    0.485989E-04   -0.921919E-05
 5.62913   -0.378351E-04    0.482524E-04   -0.894541E-05
 5.64715   -0.375534E-04    0.479085E-04   -0.867511E-05
 5.66518   -0.372734E-04    0.475673E-04   -0.840822E-05
 5.68321   -0.369952E-04    0.472286E-04   -0.814467E-05
 5.70123   -0.367187E-04    0.468925E-04   -0.788442E-05
 5.71926   -0.364438E-04    0.465589E-04   -0.762740E-05
 5.73728   -0.361705E-04    0.462277E-04   -0.737356E-05
 5.75531   -0.358987E-04    0.458989E-04   -0.712283E-05
 5.77334   -0.356283E-04    0.455726E-04   -0.687520E-05
 5.79136   -0.353595E-04    0.452485E-04   -0.663059E-05
 5.80939   -0.350920E-04    0.449268E-04   -0.638897E-05
 5.82741   -0.348259E-04    0.446073E-04   -0.615029E-05
 5.84544   -0.345612E-04    0.442901E-04   -0.591452E-05
 5.86347   -0.342979E-04    0.439751E-04   -0.568161E-05
 5.88149   -0.340359E-04    0.436623E-04   -0.545154E-05
 5.89952   -0.337753E-04    0.433518E-04   -0.522427E-05
 5.91755   -0.335160E-04    0.430434E-04   -0.499977E-05
 5.93557   -0.332581E-04    0.427372E-04   -0.477802E-05
 5.95360   -0.330015E-04    0.424332E-04   -0.455897E-05
 5.97162   -0.327463E-04    0.421313E-04   -0.434262E-05
 5.98965   -0.324925E-04    0.418315E-04   -0.412893E-05
 6.00768   -0.322401E-04    0.415339E-04   -0.391788E-05
 6.02570   -0.319891E-04    0.412385E-04   -0.370946E-05
 6.04373   -0.317396E-04    0.409451E-04   -0.350363E-05
 6.06175   -0.314915E-04    0.406539E-04   -0.330038E-05
 6.07978   -0.312448E-04    0.403647E-04   -0.309968E-05
 6.09781   -0.309997E-04    0.400777E-04   -0.290151E-05
 6.11583   -0.307560E-04    0.397928E-04   -0.270586E-05
 6.13386   -0.305139E-04    0.395100E-04   -0.251271E-05
 6.15188   -0.302733E-04    0.392293E-04   -0.232205E-05
 6.16991   -0.300342E-04    0.389507E-04   -0.213383E-05
 6.18794   -0.297968E-04    0.386741E-04   -0.194805E-05
 6.20596   -0.295609E-04    0.383997E-04   -0.176469E-05
 6.22399   -0.293267E-04    0.381274E-04   -0.158373E-05
 6.24201   -0.290941E-04    0.378571E-04   -0.140514E-05
 6.26004   -0.288631E-04    0.375889E-04   -0.122896E-05
 6.27807   -0.286338E-04    0.373228E-04   -0.105510E-05
 6.29609   -0.284062E-04    0.370588E-04   -0.883562E-06
 6.31412   -0.281802E-04    0.367968E-04   -0.714334E-06
 6.33214   -0.279560E-04    0.365368E-04   -0.547397E-06
 6.35017   -0.277335E-04    0.362790E-04   -0.382729E-06
 6.36820   -0.275127E-04    0.360231E-04   -0.220312E-06
 6.38622   -0.272936E-04    0.357693E-04   -0.601293E-07
 6.40425   -0.270763E-04    0.355175E-04    0.978423E-07
 6.42227   -0.268607E-04    0.352677E-04    0.253624E-06
 6.44030   -0.266468E-04    0.350200E-04    0.407228E-06
 6.45833   -0.264347E-04    0.347742E-04    0.558682E-06
 6.47635   -0.262243E-04    0.345305E-04    0.708001E-06
 6.49438   -0.260157E-04    0.342887E-04    0.855204E-06
 6.51240   -0.258089E-04    0.340489E-04    0.100032E-05
 6.53043   -0.256038E-04    0.338110E-04    0.114336E-05
 6.54846   -0.254004E-04    0.335751E-04    0.128435E-05
 6.56648   -0.251988E-04    0.333411E-04    0.142330E-05
 6.58451   -0.249990E-04    0.331091E-04    0.156027E-05
 6.60254   -0.248009E-04    0.328790E-04    0.169522E-05
 6.62056   -0.246045E-04    0.326507E-04    0.182818E-05
 6.63859   -0.244099E-04    0.324244E-04    0.195920E-05
 6.65661   -0.242170E-04    0.321999E-04    0.208832E-05
 6.67464   -0.240258E-04    0.319774E-04    0.221550E-05
 6.69267   -0.238364E-04    0.317566E-04    0.234078E-05
 6.71069   -0.236487E-04    0.315377E-04    0.246419E-05
 6.72872   -0.234627E-04    0.313207E-04    0.258575E-05
 6.74674   -0.232784E-04    0.311055E-04    0.270547E-05
 6.76477   -0.230958E-04    0.308921E-04    0.282338E-05
 6.78280   -0.229150E-04    0.306804E-04    0.293949E-05
 6.80082   -0.227358E-04    0.304706E-04    0.305382E-05
 6.81885   -0.225583E-04    0.302626E-04    0.316639E-05
 6.83687   -0.223824E-04    0.300563E-04    0.327721E-05
 6.85490   -0.222083E-04    0.298517E-04    0.338632E-05
 6.87293   -0.220358E-04    0.296489E-04    0.349373E-05
 6.89095   -0.218650E-04    0.294478E-04    0.359943E-05
 6.90898   -0.216958E-04    0.292484E-04    0.370348E-05
 6.92700   -0.215282E-04    0.290507E-04    0.380590E-05
 6.94503   -0.213623E-04    0.288547E-04    0.390668E-05
 6.96306   -0.211979E-04    0.286604E-04    0.400586E-05
 6.98108   -0.210352E-04    0.284677E-04    0.410345E-05
 6.99911   -0.208741E-04    0.282767E-04    0.419947E-05
 7.01713   -0.207145E-04    0.280873E-04    0.429393E-05
 7.03516   -0.205566E-04    0.278995E-04    0.438686E-05
 7.05319   -0.204001E-04    0.277133E-04    0.447827E-05
 7.07121   -0.202452E-04    0.275287E-04    0.456819E-05
 7.08924   -0.200918E-04    0.273456E-04    0.465663E-05
 7.10726   -0.199400E-04    0.271642E-04    0.474361E-05
 7.12529   -0.197896E-04    0.269842E-04    0.482915E-05
 7.14332   -0.196407E-04    0.268058E-04    0.491327E-05
 7.16134   -0.194933E-04    0.266289E-04    0.499598E-05
 7.17937   -0.193473E-04    0.264535E-04    0.507731E-05
 7.19739   -0.192027E-04    0.262795E-04    0.515727E-05
 7.21542   -0.190595E-04    0.261071E-04    0.523589E-05
 7.23345   -0.189178E-04    0.259361E-04    0.531317E-05
 7.25147   -0.187774E-04    0.257665E-04    0.538914E-05
 7.26950   -0.186384E-04    0.255983E-04    0.546381E-05
 7.28753   -0.185007E-04    0.254316E-04    0.553720E-05
 7.30555   -0.183644E-04    0.252662E-04    0.560933E-05
 7.32358   -0.182294E-04    0.251022E-04    0.568021E-05
 7.34160   -0.180957E-04    0.249396E-04    0.574986E-05
 7.35963   -0.179632E-04    0.247784E-04    0.581830E-05
 7.37766   -0.178321E-04    0.246184E-04    0.588555E-05
 7.39568   -0.177022E-04    0.244598E-04    0.595162E-05
 7.41371   -0.175736E-04    0.243025E-04    0.601652E-05
 7.43173   -0.174461E-04    0.241465E-04    0.608027E-05
 7.44976   -0.173199E-04    0.239918E-04    0.614289E-05
 7.46779   -0.171949E-04    0.238384E-04    0.620439E-05
 7.48581   -0.170711E-04    0.236862E-04    0.626479E-05
 7.50384   -0.169485E-04    0.235352E-04    0.632411E-05
 7.52186   -0.168270E-04    0.233855E-04    0.638235E-05
 7.53989   -0.167067E-04    0.232371E-04    0.643953E-05
 7.55792   -0.165875E-04    0.230898E-04    0.649567E-05
 7.57594   -0.164694E-04    0.229437E-04    0.655077E-05
 7.59397   -0.163525E-04    0.227988E-04    0.660486E-05
 7.61199   -0.162366E-04    0.226551E-04    0.665794E-05
 7.63002   -0.161219E-04    0.225125E-04    0.671004E-05
 7.64805   -0.160082E-04    0.223711E-04    0.676115E-05
 7.66607   -0.158956E-04    0.222308E-04    0.681130E-05
 7.68410   -0.157840E-04    0.220917E-04    0.686050E-05
 7.70212   -0.156735E-04    0.219537E-04    0.690876E-05
 7.72015   -0.155640E-04    0.218168E-04    0.695609E-05
 7.73818   -0.154555E-04    0.216810E-04    0.700250E-05
 7.75620   -0.153481E-04    0.215462E-04    0.704802E-05
 7.77423   -0.152416E-04    0.214126E-04    0.709263E-05
 7.79225   -0.151362E-04    0.212800E-04    0.713637E-05
 7.81028   -0.150317E-04    0.211485E-04    0.717924E-05
 7.82831   -0.149282E-04    0.210180E-04    0.722126E-05
 7.84633   -0.148256E-04    0.208886E-04    0.726242E-05
 7.86436   -0.147240E-04    0.207601E-04    0.730276E-05
 7.88238   -0.146233E-04    0.206327E-04    0.734226E-05
 7.90041   -0.145236E-04    0.205064E-04    0.738095E-05
 7.91844   -0.144248E-04    0.203810E-04    0.741884E-05
 7.93646   -0.143269E-04    0.202566E-04    0.745595E-05
 7.95449   -0.142299E-04    0.201332E-04    0.749226E-05
 7.97252   -0.141338E-04    0.200107E-04    0.752780E-05
 7.99054   -0.140386E-04    0.198893E-04    0.756258E-05
 8.00857   -0.139442E-04    0.197687E-04    0.759661E-05
 8.02659   -0.138507E-04    0.196491E-04    0.762990E-05
 8.04462   -0.137581E-04    0.195305E-04    0.766245E-05
 8.06265   -0.136663E-04    0.194128E-04    0.769428E-05
 8.08067   -0.135754E-04    0.192960E-04    0.772540E-05
 8.09870   -0.134853E-04    0.191801E-04    0.775581E-05
 8.11672   -0.133960E-04    0.190651E-04    0.778553E-05
 8.13475   -0.133075E-04    0.189510E-04    0.781456E-05
 8.15278   -0.132198E-04    0.188378E-04    0.784292E-05
 8.17080   -0.131329E-04    0.187255E-04    0.787061E-05
 8.18883   -0.130468E-04    0.186140E-04    0.789764E-05
 8.20685   -0.129615E-04    0.185035E-04    0.792402E-05
 8.22488   -0.128770E-04    0.183936E-04    0.794976E-05
 8.24291   -0.127932E-04    0.182847E-04    0.797488E-05
 8.26093   -0.127102E-04    0.181767E-04    0.799937E-05
 8.27896   -0.126279E-04    0.180694E-04    0.802325E-05
 8.29698   -0.125463E-04    0.179630E-04    0.804653E-05
 8.31501   -0.124655E-04    0.178574E-04    0.806921E-05
 8.33304   -0.123854E-04    0.177526E-04    0.809130E-05
 8.35106   -0.123060E-04    0.176486E-04    0.811282E-05
 8.36909   -0.122273E-04    0.175454E-04    0.813377E-05
 8.38711   -0.121492E-04    0.174429E-04    0.815417E-05
 8.40514   -0.120719E-04    0.173412E-04    0.817401E-05
 8.42317   -0.119952E-04    0.172403E-04    0.819331E-05
 8.44119   -0.119191E-04    0.171401E-04    0.821208E-05
 8.45922   -0.118437E-04    0.170407E-04    0.823033E-05
 8.47724   -0.117689E-04    0.169419E-04    0.824806E-05
 8.49527   -0.116947E-04    0.168440E-04    0.826529E-05
 8.51330   -0.116211E-04    0.167467E-04    0.828202E-05
 8.53132   -0.115481E-04    0.166501E-04    0.829826E-05
 8.54935   -0.114757E-04    0.165542E-04    0.831402E-05
 8.56737   -0.114039E-04    0.164590E-04    0.832932E-05
 8.58540   -0.113326E-04    0.163644E-04    0.834415E-05
 8.60343   -0.112618E-04    0.162706E-04    0.835853E-05
 8.62145   -0.111916E-04    0.161774E-04    0.837246E-05
 8.63948   -0.111219E-04    0.160848E-04    0.838596E-05
 8.65751   -0.110527E-04    0.159929E-04    0.839902E-05
 8.67553   -0.109840E-04    0.159016E-04    0.841167E-05
 8.69356   -0.109158E-04    0.158109E-04    0.842390E-05
 8.71158   -0.108481E-04    0.157209E-04    0.843573E-05
 8.72961   -0.107808E-04    0.156315E-04    0.844715E-05
 8.74764   -0.107141E-04    0.155426E-04    0.845818E-05
 8.76566   -0.106477E-04    0.154544E-04    0.846882E-05
 8.78369   -0.105819E-04    0.153668E-04    0.847908E-05
 8.80171   -0.105165E-04    0.152797E-04    0.848896E-05
 8.81974   -0.104515E-04    0.151932E-04    0.849847E-05
 8.83777   -0.103870E-04    0.151073E-04    0.850761E-05
 8.85579   -0.103229E-04    0.150220E-04    0.851639E-05
 8.87382   -0.102593E-04    0.149373E-04    0.852482E-05
 8.89184   -0.101961E-04    0.148531E-04    0.853289E-05
 8.90987   -0.101333E-04    0.147695E-04    0.854061E-05
 8.92790   -0.100710E-04    0.146864E-04    0.854798E-05
 8.94592   -0.100091E-04    0.146039E-04    0.855501E-05
 8.96395   -0.994766E-05    0.145220E-04    0.856170E-05
 8.98197   -0.988665E-05    0.144406E-04    0.856805E-05
 9.00000   -0.982607E-05    0.143597E-04    0.857408E-05
