 0.00500    0.229443E-02   -0.117498E-02    0.932003E-03
 0.01250    0.208468E-02   -0.107011E-02    0.853331E-03
 0.02000    0.193429E-02   -0.994913E-03    0.796925E-03
 0.02751    0.181398E-02   -0.934762E-03    0.751815E-03
 0.03501    0.171291E-02   -0.884221E-03    0.713902E-03
 0.04251    0.162544E-02   -0.840479E-03    0.681084E-03
 0.05001    0.154825E-02   -0.801872E-03    0.652116E-03
 0.05751    0.147913E-02   -0.767306E-03    0.626176E-03
 0.06502    0.141656E-02   -0.736016E-03    0.602691E-03
 0.07252    0.135945E-02   -0.707451E-03    0.581252E-03
 0.08002    0.130695E-02   -0.681192E-03    0.561537E-03
 0.08752    0.125841E-02   -0.656911E-03    0.543306E-03
 0.09503    0.121332E-02   -0.634354E-03    0.526366E-03
 0.10253    0.117126E-02   -0.613309E-03    0.510559E-03
 0.11003    0.113187E-02   -0.593602E-03    0.495755E-03
 0.11753    0.109487E-02   -0.575091E-03    0.481847E-03
 0.12503    0.106002E-02   -0.557654E-03    0.468743E-03
 0.13254    0.102712E-02   -0.541189E-03    0.456366E-03
 0.14004    0.995970E-03   -0.525606E-03    0.444650E-03
 0.14754    0.966445E-03   -0.510828E-03    0.433536E-03
 0.15504    0.938396E-03   -0.496789E-03    0.422976E-03
 0.16254    0.911707E-03   -0.483429E-03    0.412924E-03
 0.17005    0.886271E-03   -0.470694E-03    0.403340E-03
 0.17755    0.861996E-03   -0.458541E-03    0.394191E-03
 0.18505    0.838800E-03   -0.446926E-03    0.385445E-03
 0.19255    0.816607E-03   -0.435812E-03    0.377074E-03
 0.20005    0.795351E-03   -0.425167E-03    0.369053E-03
 0.20756    0.774968E-03   -0.414957E-03    0.361359E-03
 0.21506    0.755406E-03   -0.405158E-03    0.353971E-03
 0.22256    0.736614E-03   -0.395743E-03    0.346871E-03
 0.23006    0.718546E-03   -0.386690E-03    0.340042E-03
 0.23756    0.701161E-03   -0.377978E-03    0.333467E-03
 0.24507    0.684419E-03   -0.369587E-03    0.327132E-03
 0.25257    0.668285E-03   -0.361500E-03    0.321025E-03
 0.26007    0.652726E-03   -0.353700E-03    0.315132E-03
 0.26757    0.637712E-03   -0.346173E-03    0.309443E-03
 0.27508    0.623215E-03   -0.338903E-03    0.303947E-03
 0.28258    0.609209E-03   -0.331879E-03    0.298634E-03
 0.29008    0.595669E-03   -0.325088E-03    0.293495E-03
 0.29758    0.582574E-03   -0.318517E-03    0.288521E-03
 0.30508    0.569902E-03   -0.312159E-03    0.283706E-03
 0.31259    0.557633E-03   -0.306003E-03    0.279041E-03
 0.32009    0.545749E-03   -0.300038E-03    0.274519E-03
 0.32759    0.534232E-03   -0.294256E-03    0.270135E-03
 0.33509    0.523066E-03   -0.288650E-03    0.265882E-03
 0.34259    0.512237E-03   -0.283212E-03    0.261753E-03
 0.35010    0.501729E-03   -0.277935E-03    0.257745E-03
 0.35760    0.491529E-03   -0.272811E-03    0.253852E-03
 0.36510    0.481625E-03   -0.267835E-03    0.250069E-03
 0.37260    0.472004E-03   -0.263000E-03    0.246391E-03
 0.38010    0.462655E-03   -0.258302E-03    0.242815E-03
 0.38761    0.453567E-03   -0.253733E-03    0.239336E-03
 0.39511    0.444731E-03   -0.249290E-03    0.235951E-03
 0.40261    0.436135E-03   -0.244968E-03    0.232655E-03
 0.41011    0.427772E-03   -0.240761E-03    0.229446E-03
 0.41761    0.419633E-03   -0.236666E-03    0.226321E-03
 0.42512    0.411709E-03   -0.232679E-03    0.223275E-03
 0.43262    0.403992E-03   -0.228794E-03    0.220307E-03
 0.44012    0.396474E-03   -0.225011E-03    0.217413E-03
 0.44762    0.389150E-03   -0.221322E-03    0.214591E-03
 0.45513    0.382011E-03   -0.217727E-03    0.211838E-03
 0.46263    0.375052E-03   -0.214221E-03    0.209153E-03
 0.47013    0.368266E-03   -0.210802E-03    0.206531E-03
 0.47763    0.361647E-03   -0.207466E-03    0.203972E-03
 0.48513    0.355191E-03   -0.204211E-03    0.201473E-03
 0.49264    0.348890E-03   -0.201034E-03    0.199032E-03
 0.50014    0.342741E-03   -0.197933E-03    0.196647E-03
 0.50764    0.336738E-03   -0.194904E-03    0.194317E-03
 0.51514    0.330876E-03   -0.191947E-03    0.192039E-03
 0.52264    0.325152E-03   -0.189057E-03    0.189812E-03
 0.53015    0.319560E-03   -0.186234E-03    0.187635E-03
 0.53765    0.314097E-03   -0.183475E-03    0.185505E-03
 0.54515    0.308758E-03   -0.180778E-03    0.183422E-03
 0.55265    0.303540E-03   -0.178141E-03    0.181384E-03
 0.56015    0.298439E-03   -0.175563E-03    0.179389E-03
 0.56766    0.293452E-03   -0.173042E-03    0.177437E-03
 0.57516    0.288574E-03   -0.170575E-03    0.175525E-03
 0.58266    0.283804E-03   -0.168162E-03    0.173653E-03
 0.59016    0.279137E-03   -0.165800E-03    0.171820E-03
 0.59766    0.274571E-03   -0.163489E-03    0.170024E-03
 0.60517    0.270102E-03   -0.161227E-03    0.168265E-03
 0.61267    0.265729E-03   -0.159012E-03    0.166541E-03
 0.62017    0.261448E-03   -0.156842E-03    0.164851E-03
 0.62767    0.257256E-03   -0.154718E-03    0.163194E-03
 0.63518    0.253152E-03   -0.152638E-03    0.161570E-03
 0.64268    0.249133E-03   -0.150599E-03    0.159977E-03
 0.65018    0.245196E-03   -0.148602E-03    0.158415E-03
 0.65768    0.241339E-03   -0.146645E-03    0.156883E-03
 0.66518    0.237560E-03   -0.144726E-03    0.155380E-03
 0.67269    0.233857E-03   -0.142846E-03    0.153905E-03
 0.68019    0.230228E-03   -0.141003E-03    0.152457E-03
 0.68769    0.226671E-03   -0.139195E-03    0.151036E-03
 0.69519    0.223184E-03   -0.137422E-03    0.149642E-03
 0.70269    0.219766E-03   -0.135684E-03    0.148272E-03
 0.71020    0.216414E-03   -0.133979E-03    0.146927E-03
 0.71770    0.213126E-03   -0.132306E-03    0.145607E-03
 0.72520    0.209902E-03   -0.130664E-03    0.144309E-03
 0.73270    0.206740E-03   -0.129054E-03    0.143035E-03
 0.74020    0.203637E-03   -0.127473E-03    0.141783E-03
 0.74771    0.200593E-03   -0.125921E-03    0.140552E-03
 0.75521    0.197606E-03   -0.124398E-03    0.139343E-03
 0.76271    0.194675E-03   -0.122903E-03    0.138155E-03
 0.77021    0.191798E-03   -0.121435E-03    0.136986E-03
 0.77771    0.188974E-03   -0.119993E-03    0.135837E-03
 0.78522    0.186201E-03   -0.118577E-03    0.134708E-03
 0.79272    0.183480E-03   -0.117187E-03    0.133597E-03
 0.80022    0.180807E-03   -0.115821E-03    0.132505E-03
 0.80772    0.178183E-03   -0.114479E-03    0.131430E-03
 0.81523    0.175606E-03   -0.113160E-03    0.130373E-03
 0.82273    0.173074E-03   -0.111865E-03    0.129333E-03
 0.83023    0.170588E-03   -0.110591E-03    0.128309E-03
 0.83773    0.168145E-03   -0.109340E-03    0.127302E-03
 0.84523    0.165745E-03   -0.108110E-03    0.126311E-03
 0.85274    0.163387E-03   -0.106901E-03    0.125335E-03
 0.86024    0.161070E-03   -0.105712E-03    0.124375E-03
 0.86774    0.158793E-03   -0.104544E-03    0.123429E-03
 0.87524    0.156555E-03   -0.103395E-03    0.122497E-03
 0.88274    0.154355E-03   -0.102265E-03    0.121580E-03
 0.89025    0.152193E-03   -0.101153E-03    0.120677E-03
 0.89775    0.150067E-03   -0.100060E-03    0.119788E-03
 0.90525    0.147977E-03   -0.989849E-04    0.118911E-03
 0.91275    0.145922E-03   -0.979272E-04    0.118048E-03
 0.92025    0.143901E-03   -0.968865E-04    0.117197E-03
 0.92776    0.141914E-03   -0.958627E-04    0.116359E-03
 0.93526    0.139960E-03   -0.948552E-04    0.115533E-03
 0.94276    0.138037E-03   -0.938637E-04    0.114719E-03
 0.95026    0.136146E-03   -0.928880E-04    0.113916E-03
 0.95776    0.134286E-03   -0.919276E-04    0.113125E-03
 0.96527    0.132457E-03   -0.909824E-04    0.112345E-03
 0.97277    0.130656E-03   -0.900519E-04    0.111576E-03
 0.98027    0.128885E-03   -0.891358E-04    0.110818E-03
 0.98777    0.127142E-03   -0.882339E-04    0.110071E-03
 0.99528    0.125426E-03   -0.873459E-04    0.109333E-03
 1.00278    0.123739E-03   -0.864714E-04    0.108606E-03
 1.01028    0.122077E-03   -0.856103E-04    0.107888E-03
 1.01778    0.120442E-03   -0.847623E-04    0.107181E-03
 1.02528    0.118833E-03   -0.839270E-04    0.106483E-03
 1.03279    0.117248E-03   -0.831043E-04    0.105794E-03
 1.04029    0.115688E-03   -0.822939E-04    0.105114E-03
 1.04779    0.114153E-03   -0.814956E-04    0.104443E-03
 1.05529    0.112641E-03   -0.807091E-04    0.103781E-03
 1.06279    0.111152E-03   -0.799342E-04    0.103128E-03
 1.07030    0.109686E-03   -0.791706E-04    0.102483E-03
 1.07780    0.108242E-03   -0.784182E-04    0.101846E-03
 1.08530    0.106820E-03   -0.776768E-04    0.101217E-03
 1.09280    0.105420E-03   -0.769461E-04    0.100597E-03
 1.10030    0.104041E-03   -0.762259E-04    0.999838E-04
 1.10781    0.102682E-03   -0.755161E-04    0.993787E-04
 1.11531    0.101344E-03   -0.748164E-04    0.987810E-04
 1.12281    0.100026E-03   -0.741267E-04    0.981908E-04
 1.13031    0.987268E-04   -0.734468E-04    0.976078E-04
 1.13781    0.974472E-04   -0.727764E-04    0.970320E-04
 1.14532    0.961864E-04   -0.721155E-04    0.964631E-04
 1.15282    0.949442E-04   -0.714638E-04    0.959011E-04
 1.16032    0.937201E-04   -0.708212E-04    0.953458E-04
 1.16782    0.925139E-04   -0.701876E-04    0.947971E-04
 1.17533    0.913252E-04   -0.695626E-04    0.942549E-04
 1.18283    0.901537E-04   -0.689463E-04    0.937192E-04
 1.19033    0.889990E-04   -0.683385E-04    0.931896E-04
 1.19783    0.878610E-04   -0.677389E-04    0.926662E-04
 1.20533    0.867393E-04   -0.671475E-04    0.921489E-04
 1.21284    0.856336E-04   -0.665641E-04    0.916375E-04
 1.22034    0.845436E-04   -0.659886E-04    0.911319E-04
 1.22784    0.834691E-04   -0.654208E-04    0.906321E-04
 1.23534    0.824098E-04   -0.648606E-04    0.901379E-04
 1.24284    0.813655E-04   -0.643079E-04    0.896493E-04
 1.25035    0.803358E-04   -0.637626E-04    0.891661E-04
 1.25785    0.793205E-04   -0.632244E-04    0.886881E-04
 1.26535    0.783194E-04   -0.626934E-04    0.882155E-04
 1.27285    0.773323E-04   -0.621693E-04    0.877481E-04
 1.28035    0.763589E-04   -0.616521E-04    0.872857E-04
 1.28786    0.753989E-04   -0.611416E-04    0.868284E-04
 1.29536    0.744522E-04   -0.606377E-04    0.863759E-04
 1.30286    0.735185E-04   -0.601404E-04    0.859283E-04
 1.31036    0.725976E-04   -0.596495E-04    0.854855E-04
 1.31786    0.716893E-04   -0.591648E-04    0.850473E-04
 1.32537    0.707933E-04   -0.586864E-04    0.846137E-04
 1.33287    0.699096E-04   -0.582141E-04    0.841846E-04
 1.34037    0.690378E-04   -0.577477E-04    0.837600E-04
 1.34787    0.681779E-04   -0.572873E-04    0.833397E-04
 1.35538    0.673295E-04   -0.568327E-04    0.829238E-04
 1.36288    0.664925E-04   -0.563838E-04    0.825121E-04
 1.37038    0.656668E-04   -0.559405E-04    0.821046E-04
 1.37788    0.648521E-04   -0.555028E-04    0.817011E-04
 1.38538    0.640483E-04   -0.550704E-04    0.813017E-04
 1.39289    0.632551E-04   -0.546435E-04    0.809063E-04
 1.40039    0.624725E-04   -0.542218E-04    0.805148E-04
 1.40789    0.617003E-04   -0.538053E-04    0.801271E-04
 1.41539    0.609383E-04   -0.533940E-04    0.797432E-04
 1.42289    0.601863E-04   -0.529876E-04    0.793631E-04
 1.43040    0.594442E-04   -0.525862E-04    0.789866E-04
 1.43790    0.587118E-04   -0.521897E-04    0.786137E-04
 1.44540    0.579890E-04   -0.517980E-04    0.782444E-04
 1.45290    0.572756E-04   -0.514110E-04    0.778786E-04
 1.46040    0.565715E-04   -0.510287E-04    0.775162E-04
 1.46791    0.558766E-04   -0.506510E-04    0.771573E-04
 1.47541    0.551907E-04   -0.502777E-04    0.768016E-04
 1.48291    0.545136E-04   -0.499089E-04    0.764493E-04
 1.49041    0.538452E-04   -0.495445E-04    0.761003E-04
 1.49791    0.531855E-04   -0.491844E-04    0.757544E-04
 1.50542    0.525342E-04   -0.488286E-04    0.754117E-04
 1.51292    0.518913E-04   -0.484769E-04    0.750721E-04
 1.52042    0.512566E-04   -0.481294E-04    0.747355E-04
 1.52792    0.506300E-04   -0.477859E-04    0.744020E-04
 1.53543    0.500114E-04   -0.474464E-04    0.740714E-04
 1.54293    0.494006E-04   -0.471109E-04    0.737438E-04
 1.55043    0.487976E-04   -0.467793E-04    0.734190E-04
 1.55793    0.482022E-04   -0.464514E-04    0.730971E-04
 1.56543    0.476143E-04   -0.461274E-04    0.727780E-04
 1.57294    0.470338E-04   -0.458071E-04    0.724617E-04
 1.58044    0.464607E-04   -0.454904E-04    0.721481E-04
 1.58794    0.458948E-04   -0.451772E-04    0.718371E-04
 1.59544    0.453359E-04   -0.448678E-04    0.715288E-04
 1.60294    0.447839E-04   -0.445618E-04    0.712231E-04
 1.61045    0.442391E-04   -0.442594E-04    0.709200E-04
 1.61795    0.437009E-04   -0.439602E-04    0.706194E-04
 1.62545    0.431694E-04   -0.436645E-04    0.703214E-04
 1.63295    0.426446E-04   -0.433721E-04    0.700257E-04
 1.64045    0.421262E-04   -0.430829E-04    0.697326E-04
 1.64796    0.416143E-04   -0.427970E-04    0.694418E-04
 1.65546    0.411087E-04   -0.425143E-04    0.691534E-04
 1.66296    0.406094E-04   -0.422349E-04    0.688673E-04
 1.67046    0.401162E-04   -0.419584E-04    0.685835E-04
 1.67796    0.396291E-04   -0.416849E-04    0.683020E-04
 1.68547    0.391480E-04   -0.414145E-04    0.680227E-04
 1.69297    0.386728E-04   -0.411471E-04    0.677457E-04
 1.70047    0.382034E-04   -0.408825E-04    0.674708E-04
 1.70797    0.377397E-04   -0.406209E-04    0.671981E-04
 1.71548    0.372819E-04   -0.403622E-04    0.669275E-04
 1.72298    0.368295E-04   -0.401062E-04    0.666590E-04
 1.73048    0.363827E-04   -0.398530E-04    0.663926E-04
 1.73798    0.359414E-04   -0.396026E-04    0.661282E-04
 1.74548    0.355055E-04   -0.393549E-04    0.658659E-04
 1.75299    0.350748E-04   -0.391099E-04    0.656055E-04
 1.76049    0.346494E-04   -0.388675E-04    0.653471E-04
 1.76799    0.342292E-04   -0.386277E-04    0.650907E-04
 1.77549    0.338141E-04   -0.383905E-04    0.648361E-04
 1.78299    0.334040E-04   -0.381558E-04    0.645835E-04
 1.79050    0.329990E-04   -0.379237E-04    0.643327E-04
 1.79800    0.325988E-04   -0.376940E-04    0.640838E-04
 1.80550    0.322035E-04   -0.374667E-04    0.638367E-04
 1.81300    0.318130E-04   -0.372418E-04    0.635914E-04
 1.82050    0.314273E-04   -0.370193E-04    0.633479E-04
 1.82801    0.310462E-04   -0.367993E-04    0.631061E-04
 1.83551    0.306697E-04   -0.365815E-04    0.628661E-04
 1.84301    0.302979E-04   -0.363660E-04    0.626279E-04
 1.85051    0.299305E-04   -0.361529E-04    0.623913E-04
 1.85802    0.295676E-04   -0.359420E-04    0.621564E-04
 1.86552    0.292090E-04   -0.357333E-04    0.619231E-04
 1.87302    0.288549E-04   -0.355268E-04    0.616915E-04
 1.88052    0.285050E-04   -0.353224E-04    0.614615E-04
 1.88802    0.281594E-04   -0.351203E-04    0.612332E-04
 1.89553    0.278180E-04   -0.349202E-04    0.610064E-04
 1.90303    0.274807E-04   -0.347223E-04    0.607812E-04
 1.91053    0.271475E-04   -0.345264E-04    0.605575E-04
 1.91803    0.268185E-04   -0.343325E-04    0.603354E-04
 1.92553    0.264934E-04   -0.341407E-04    0.601148E-04
 1.93304    0.261722E-04   -0.339508E-04    0.598956E-04
 1.94054    0.258550E-04   -0.337629E-04    0.596780E-04
 1.94804    0.255417E-04   -0.335770E-04    0.594619E-04
 1.95554    0.252322E-04   -0.333931E-04    0.592472E-04
 1.96304    0.249265E-04   -0.332110E-04    0.590339E-04
 1.97055    0.246246E-04   -0.330308E-04    0.588220E-04
 1.97805    0.243264E-04   -0.328526E-04    0.586116E-04
 1.98555    0.240318E-04   -0.326761E-04    0.584026E-04
 1.99305    0.237408E-04   -0.325015E-04    0.581949E-04
 2.00055    0.234535E-04   -0.323287E-04    0.579886E-04
 2.00806    0.231697E-04   -0.321577E-04    0.577835E-04
 2.01556    0.228894E-04   -0.319885E-04    0.575801E-04
 2.02306    0.226125E-04   -0.318210E-04    0.573778E-04
 2.03056    0.223391E-04   -0.316553E-04    0.571768E-04
 2.03807    0.220691E-04   -0.314913E-04    0.569771E-04
 2.04557    0.218025E-04   -0.313289E-04    0.567788E-04
 2.05307    0.215392E-04   -0.311683E-04    0.565816E-04
 2.06057    0.212792E-04   -0.310093E-04    0.563858E-04
 2.06807    0.210224E-04   -0.308520E-04    0.561911E-04
 2.07558    0.207689E-04   -0.306963E-04    0.559978E-04
 2.08308    0.205185E-04   -0.305422E-04    0.558056E-04
 2.09058    0.202713E-04   -0.303898E-04    0.556146E-04
 2.09808    0.200272E-04   -0.302388E-04    0.554248E-04
 2.10558    0.197862E-04   -0.300895E-04    0.552363E-04
 2.11309    0.195483E-04   -0.299417E-04    0.550489E-04
 2.12059    0.193133E-04   -0.297954E-04    0.548626E-04
 2.12809    0.190814E-04   -0.296507E-04    0.546775E-04
 2.13559    0.188524E-04   -0.295074E-04    0.544935E-04
 2.14309    0.186263E-04   -0.293656E-04    0.543107E-04
 2.15060    0.184030E-04   -0.292252E-04    0.541289E-04
 2.15810    0.181827E-04   -0.290864E-04    0.539483E-04
 2.16560    0.179652E-04   -0.289489E-04    0.537687E-04
 2.17310    0.177504E-04   -0.288129E-04    0.535903E-04
 2.18060    0.175384E-04   -0.286781E-04    0.534128E-04
 2.18811    0.173292E-04   -0.285450E-04    0.532365E-04
 2.19561    0.171226E-04   -0.284131E-04    0.530612E-04
 2.20311    0.169187E-04   -0.282825E-04    0.528869E-04
 2.21061    0.167174E-04   -0.281533E-04    0.527136E-04
 2.21812    0.165187E-04   -0.280254E-04    0.525413E-04
 2.22562    0.163225E-04   -0.278988E-04    0.523701E-04
 2.23312    0.161289E-04   -0.277735E-04    0.521998E-04
 2.24062    0.159378E-04   -0.276494E-04    0.520304E-04
 2.24812    0.157491E-04   -0.275266E-04    0.518621E-04
 2.25563    0.155629E-04   -0.274050E-04    0.516947E-04
 2.26313    0.153791E-04   -0.272847E-04    0.515282E-04
 2.27063    0.151976E-04   -0.271656E-04    0.513626E-04
 2.27813    0.150185E-04   -0.270476E-04    0.511980E-04
 2.28563    0.148417E-04   -0.269307E-04    0.510343E-04
 2.29314    0.146671E-04   -0.268151E-04    0.508714E-04
 2.30064    0.144948E-04   -0.267006E-04    0.507094E-04
 2.30814    0.143247E-04   -0.265872E-04    0.505483E-04
 2.31564    0.141568E-04   -0.264749E-04    0.503880E-04
 2.32314    0.139910E-04   -0.263638E-04    0.502286E-04
 2.33065    0.138273E-04   -0.262537E-04    0.500700E-04
 2.33815    0.136656E-04   -0.261446E-04    0.499123E-04
 2.34565    0.135061E-04   -0.260366E-04    0.497553E-04
 2.35315    0.133485E-04   -0.259296E-04    0.495991E-04
 2.36065    0.131929E-04   -0.258237E-04    0.494437E-04
 2.36816    0.130392E-04   -0.257187E-04    0.492891E-04
 2.37566    0.128874E-04   -0.256147E-04    0.491352E-04
 2.38316    0.127375E-04   -0.255116E-04    0.489821E-04
 2.39066    0.125895E-04   -0.254095E-04    0.488297E-04
 2.39817    0.124433E-04   -0.253083E-04    0.486780E-04
 2.40567    0.122988E-04   -0.252080E-04    0.485270E-04
 2.41317    0.121561E-04   -0.251086E-04    0.483768E-04
 2.42067    0.120151E-04   -0.250101E-04    0.482272E-04
 2.42817    0.118758E-04   -0.249124E-04    0.480783E-04
 2.43568    0.117381E-04   -0.248156E-04    0.479300E-04
 2.44318    0.116021E-04   -0.247196E-04    0.477824E-04
 2.45068    0.114676E-04   -0.246244E-04    0.476354E-04
 2.45818    0.113347E-04   -0.245301E-04    0.474891E-04
 2.46568    0.112034E-04   -0.244365E-04    0.473434E-04
 2.47319    0.110735E-04   -0.243436E-04    0.471983E-04
 2.48069    0.109450E-04   -0.242515E-04    0.470537E-04
 2.48819    0.108181E-04   -0.241602E-04    0.469098E-04
 2.49569    0.106925E-04   -0.240696E-04    0.467664E-04
 2.50319    0.105682E-04   -0.239796E-04    0.466236E-04
 2.51070    0.104454E-04   -0.238904E-04    0.464814E-04
 2.51820    0.103239E-04   -0.238018E-04    0.463397E-04
 2.52570    0.102036E-04   -0.237139E-04    0.461984E-04
 2.53320    0.100846E-04   -0.236267E-04    0.460578E-04
 2.54070    0.996683E-05   -0.235401E-04    0.459176E-04
 2.54821    0.985028E-05   -0.234539E-04    0.457779E-04
 2.55571    0.973489E-05   -0.233686E-04    0.456388E-04
 2.56321    0.962068E-05   -0.232838E-04    0.455001E-04
 2.57071    0.950759E-05   -0.231996E-04    0.453619E-04
 2.57822    0.939562E-05   -0.231161E-04    0.452241E-04
 2.58572    0.928473E-05   -0.230330E-04    0.450868E-04
 2.59322    0.917489E-05   -0.229505E-04    0.449499E-04
 2.60072    0.906610E-05   -0.228685E-04    0.448135E-04
 2.60822    0.895832E-05   -0.227871E-04    0.446776E-04
 2.61573    0.885153E-05   -0.227060E-04    0.445419E-04
 2.62323    0.874572E-05   -0.226256E-04    0.444068E-04
 2.63073    0.864087E-05   -0.225457E-04    0.442720E-04
 2.63823    0.853694E-05   -0.224662E-04    0.441377E-04
 2.64573    0.843394E-05   -0.223872E-04    0.440037E-04
 2.65324    0.833183E-05   -0.223087E-04    0.438702E-04
 2.66074    0.823058E-05   -0.222307E-04    0.437370E-04
 2.66824    0.813024E-05   -0.221530E-04    0.436042E-04
 2.67574    0.803072E-05   -0.220759E-04    0.434717E-04
 2.68324    0.793204E-05   -0.219991E-04    0.433396E-04
 2.69075    0.783417E-05   -0.219228E-04    0.432079E-04
 2.69825    0.773710E-05   -0.218469E-04    0.430765E-04
 2.70575    0.764082E-05   -0.217715E-04    0.429455E-04
 2.71325    0.754533E-05   -0.216964E-04    0.428148E-04
 2.72075    0.745060E-05   -0.216218E-04    0.426844E-04
 2.72826    0.735662E-05   -0.215475E-04    0.425544E-04
 2.73576    0.726337E-05   -0.214736E-04    0.424247E-04
 2.74326    0.717087E-05   -0.214001E-04    0.422953E-04
 2.75076    0.707908E-05   -0.213270E-04    0.421663E-04
 2.75827    0.698801E-05   -0.212542E-04    0.420375E-04
 2.76577    0.689764E-05   -0.211817E-04    0.419091E-04
 2.77327    0.680796E-05   -0.211098E-04    0.417810E-04
 2.78077    0.671896E-05   -0.210381E-04    0.416533E-04
 2.78827    0.663063E-05   -0.209668E-04    0.415258E-04
 2.79578    0.654298E-05   -0.208958E-04    0.413986E-04
 2.80328    0.645599E-05   -0.208252E-04    0.412717E-04
 2.81078    0.636965E-05   -0.207548E-04    0.411451E-04
 2.81828    0.628396E-05   -0.206850E-04    0.410188E-04
 2.82578    0.619892E-05   -0.206154E-04    0.408929E-04
 2.83329    0.611451E-05   -0.205461E-04    0.407672E-04
 2.84079    0.603073E-05   -0.204771E-04    0.406418E-04
 2.84829    0.594758E-05   -0.204085E-04    0.405166E-04
 2.85579    0.586505E-05   -0.203402E-04    0.403918E-04
 2.86329    0.578312E-05   -0.202723E-04    0.402673E-04
 2.87080    0.570181E-05   -0.202046E-04    0.401430E-04
 2.87830    0.562110E-05   -0.201373E-04    0.400191E-04
 2.88580    0.554099E-05   -0.200703E-04    0.398954E-04
 2.89330    0.546147E-05   -0.200036E-04    0.397720E-04
 2.90080    0.538255E-05   -0.199373E-04    0.396489E-04
 2.90831    0.530420E-05   -0.198712E-04    0.395260E-04
 2.91581    0.522643E-05   -0.198055E-04    0.394034E-04
 2.92331    0.514924E-05   -0.197400E-04    0.392811E-04
 2.93081    0.507261E-05   -0.196748E-04    0.391591E-04
 2.93832    0.499655E-05   -0.196100E-04    0.390373E-04
 2.94582    0.492104E-05   -0.195454E-04    0.389158E-04
 2.95332    0.484608E-05   -0.194812E-04    0.387946E-04
 2.96082    0.477167E-05   -0.194172E-04    0.386736E-04
 2.96832    0.469779E-05   -0.193536E-04    0.385529E-04
 2.97583    0.462445E-05   -0.192901E-04    0.384325E-04
 2.98333    0.455162E-05   -0.192270E-04    0.383123E-04
 2.99083    0.447932E-05   -0.191641E-04    0.381924E-04
 2.99833    0.440753E-05   -0.191015E-04    0.380728E-04
 3.00583    0.433623E-05   -0.190392E-04    0.379534E-04
 3.01334    0.426544E-05   -0.189772E-04    0.378342E-04
 3.02084    0.419512E-05   -0.189154E-04    0.377153E-04
 3.02834    0.412528E-05   -0.188538E-04    0.375967E-04
 3.03584    0.405591E-05   -0.187926E-04    0.374782E-04
 3.04334    0.398699E-05   -0.187315E-04    0.373601E-04
 3.05085    0.391851E-05   -0.186707E-04    0.372421E-04
 3.05835    0.385048E-05   -0.186103E-04    0.371244E-04
 3.06585    0.378288E-05   -0.185499E-04    0.370069E-04
 3.07335    0.371569E-05   -0.184898E-04    0.368896E-04
 3.08085    0.364890E-05   -0.184299E-04    0.367726E-04
 3.08836    0.358250E-05   -0.183703E-04    0.366558E-04
 3.09586    0.351648E-05   -0.183108E-04    0.365392E-04
 3.10336    0.345084E-05   -0.182516E-04    0.364228E-04
 3.11086    0.338553E-05   -0.181925E-04    0.363066E-04
 3.11837    0.332058E-05   -0.181337E-04    0.361906E-04
 3.12587    0.325595E-05   -0.180750E-04    0.360749E-04
 3.13337    0.319163E-05   -0.180164E-04    0.359593E-04
 3.14087    0.312761E-05   -0.179582E-04    0.358439E-04
 3.14837    0.306387E-05   -0.179000E-04    0.357286E-04
 3.15588    0.300040E-05   -0.178420E-04    0.356136E-04
 3.16338    0.293718E-05   -0.177842E-04    0.354988E-04
 3.17088    0.287421E-05   -0.177265E-04    0.353841E-04
 3.17838    0.281145E-05   -0.176689E-04    0.352695E-04
 3.18588    0.274890E-05   -0.176114E-04    0.351552E-04
 3.19339    0.268654E-05   -0.175541E-04    0.350409E-04
 3.20089    0.262435E-05   -0.174968E-04    0.349269E-04
 3.20839    0.256231E-05   -0.174397E-04    0.348129E-04
 3.21589    0.250042E-05   -0.173827E-04    0.346992E-04
 3.22339    0.243866E-05   -0.173257E-04    0.345855E-04
 3.23090    0.237699E-05   -0.172689E-04    0.344720E-04
 3.23840    0.231542E-05   -0.172121E-04    0.343586E-04
 3.24590    0.225393E-05   -0.171554E-04    0.342454E-04
 3.25340    0.219249E-05   -0.170986E-04    0.341322E-04
 3.26090    0.213111E-05   -0.170420E-04    0.340191E-04
 3.26841    0.206974E-05   -0.169854E-04    0.339061E-04
 3.27591    0.200837E-05   -0.169289E-04    0.337932E-04
 3.28341    0.194697E-05   -0.168723E-04    0.336804E-04
 3.29091    0.188555E-05   -0.168157E-04    0.335677E-04
 3.29842    0.182410E-05   -0.167592E-04    0.334551E-04
 3.30592    0.176259E-05   -0.167026E-04    0.333425E-04
 3.31342    0.170100E-05   -0.166461E-04    0.332300E-04
 3.32092    0.163932E-05   -0.165895E-04    0.331176E-04
 3.32842    0.157754E-05   -0.165329E-04    0.330052E-04
 3.33593    0.151566E-05   -0.164763E-04    0.328929E-04
 3.34343    0.145362E-05   -0.164196E-04    0.327807E-04
 3.35093    0.139144E-05   -0.163629E-04    0.326685E-04
 3.35843    0.132909E-05   -0.163062E-04    0.325563E-04
 3.36593    0.126656E-05   -0.162493E-04    0.324442E-04
 3.37344    0.120384E-05   -0.161924E-04    0.323321E-04
 3.38094    0.114092E-05   -0.161355E-04    0.322200E-04
 3.38844    0.107778E-05   -0.160784E-04    0.321079E-04
 3.39594    0.101441E-05   -0.160213E-04    0.319959E-04
 3.40344    0.950812E-06   -0.159641E-04    0.318839E-04
 3.41095    0.886962E-06   -0.159068E-04    0.317719E-04
 3.41845    0.822844E-06   -0.158494E-04    0.316599E-04
 3.42595    0.758465E-06   -0.157919E-04    0.315479E-04
 3.43345    0.693806E-06   -0.157342E-04    0.314360E-04
 3.44095    0.628862E-06   -0.156765E-04    0.313239E-04
 3.44846    0.563625E-06   -0.156187E-04    0.312120E-04
 3.45596    0.498084E-06   -0.155607E-04    0.311001E-04
 3.46346    0.432239E-06   -0.155026E-04    0.309881E-04
 3.47096    0.366080E-06   -0.154444E-04    0.308761E-04
 3.47847    0.299602E-06   -0.153861E-04    0.307642E-04
 3.48597    0.232802E-06   -0.153276E-04    0.306522E-04
 3.49347    0.165673E-06   -0.152690E-04    0.305402E-04
 3.50097    0.982141E-07   -0.152103E-04    0.304281E-04
 3.50847    0.304223E-07   -0.151514E-04    0.303162E-04
 3.51598   -0.377044E-07   -0.150924E-04    0.302042E-04
 3.52348   -0.106168E-06   -0.150333E-04    0.300922E-04
 3.53098   -0.174969E-06   -0.149740E-04    0.299802E-04
 3.53848   -0.244106E-06   -0.149146E-04    0.298682E-04
 3.54598   -0.313580E-06   -0.148551E-04    0.297561E-04
 3.55349   -0.383389E-06   -0.147954E-04    0.296441E-04
 3.56099   -0.453530E-06   -0.147356E-04    0.295321E-04
 3.56849   -0.524000E-06   -0.146757E-04    0.294201E-04
 3.57599   -0.594796E-06   -0.146157E-04    0.293080E-04
 3.58349   -0.665914E-06   -0.145555E-04    0.291960E-04
 3.59100   -0.737349E-06   -0.144952E-04    0.290840E-04
 3.59850   -0.809094E-06   -0.144348E-04    0.289720E-04
 3.60600   -0.881142E-06   -0.143742E-04    0.288600E-04
 3.61350   -0.953487E-06   -0.143136E-04    0.287480E-04
 3.62101   -0.102613E-05   -0.142528E-04    0.286361E-04
 3.62851   -0.109904E-05   -0.141920E-04    0.285242E-04
 3.63601   -0.117223E-05   -0.141310E-04    0.284123E-04
 3.64351   -0.124569E-05   -0.140700E-04    0.283004E-04
 3.65101   -0.131939E-05   -0.140088E-04    0.281886E-04
 3.65852   -0.139333E-05   -0.139476E-04    0.280767E-04
 3.66602   -0.146751E-05   -0.138863E-04    0.279650E-04
 3.67352   -0.154192E-05   -0.138249E-04    0.278533E-04
 3.68102   -0.161652E-05   -0.137635E-04    0.277417E-04
 3.68852   -0.169133E-05   -0.137020E-04    0.276301E-04
 3.69603   -0.176631E-05   -0.136404E-04    0.275186E-04
 3.70353   -0.184147E-05   -0.135788E-04    0.274071E-04
 3.71103   -0.191678E-05   -0.135172E-04    0.272957E-04
 3.71853   -0.199224E-05   -0.134555E-04    0.271845E-04
 3.72603   -0.206782E-05   -0.133938E-04    0.270732E-04
 3.73354   -0.214352E-05   -0.133321E-04    0.269621E-04
 3.74104   -0.221931E-05   -0.132703E-04    0.268511E-04
 3.74854   -0.229518E-05   -0.132086E-04    0.267402E-04
 3.75604   -0.237113E-05   -0.131469E-04    0.266294E-04
 3.76354   -0.244712E-05   -0.130852E-04    0.265187E-04
 3.77105   -0.252314E-05   -0.130235E-04    0.264081E-04
 3.77855   -0.259919E-05   -0.129618E-04    0.262977E-04
 3.78605   -0.267523E-05   -0.129002E-04    0.261874E-04
 3.79355   -0.275125E-05   -0.128386E-04    0.260773E-04
 3.80106   -0.282724E-05   -0.127771E-04    0.259673E-04
 3.80856   -0.290318E-05   -0.127157E-04    0.258575E-04
 3.81606   -0.297905E-05   -0.126543E-04    0.257478E-04
 3.82356   -0.305483E-05   -0.125930E-04    0.256383E-04
 3.83106   -0.313051E-05   -0.125318E-04    0.255290E-04
 3.83857   -0.320606E-05   -0.124707E-04    0.254199E-04
 3.84607   -0.328147E-05   -0.124097E-04    0.253110E-04
 3.85357   -0.335673E-05   -0.123488E-04    0.252022E-04
 3.86107   -0.343180E-05   -0.122881E-04    0.250936E-04
 3.86857   -0.350669E-05   -0.122274E-04    0.249853E-04
 3.87608   -0.358136E-05   -0.121669E-04    0.248772E-04
 3.88358   -0.365580E-05   -0.121066E-04    0.247693E-04
 3.89108   -0.372999E-05   -0.120465E-04    0.246617E-04
 3.89858   -0.380392E-05   -0.119864E-04    0.245543E-04
 3.90608   -0.387757E-05   -0.119267E-04    0.244471E-04
 3.91359   -0.395093E-05   -0.118671E-04    0.243402E-04
 3.92109   -0.402396E-05   -0.118076E-04    0.242336E-04
 3.92859   -0.409667E-05   -0.117484E-04    0.241272E-04
 3.93609   -0.416902E-05   -0.116894E-04    0.240211E-04
 3.94359   -0.424102E-05   -0.116306E-04    0.239152E-04
 3.95110   -0.431263E-05   -0.115721E-04    0.238096E-04
 3.95860   -0.438385E-05   -0.115138E-04    0.237044E-04
 3.96610   -0.445466E-05   -0.114557E-04    0.235994E-04
 3.97360   -0.452504E-05   -0.113979E-04    0.234947E-04
 3.98111   -0.459498E-05   -0.113403E-04    0.233903E-04
 3.98861   -0.466446E-05   -0.112830E-04    0.232863E-04
 3.99611   -0.473348E-05   -0.112260E-04    0.231825E-04
 4.00361   -0.480200E-05   -0.111693E-04    0.230791E-04
 4.01111   -0.487004E-05   -0.111128E-04    0.229760E-04
 4.01862   -0.493755E-05   -0.110566E-04    0.228733E-04
 4.02612   -0.500455E-05   -0.110008E-04    0.227709E-04
 4.03362   -0.507100E-05   -0.109452E-04    0.226688E-04
 4.04112   -0.513690E-05   -0.108900E-04    0.225671E-04
 4.04862   -0.520224E-05   -0.108351E-04    0.224657E-04
 4.05613   -0.526700E-05   -0.107805E-04    0.223647E-04
 4.06363   -0.533118E-05   -0.107262E-04    0.222640E-04
 4.07113   -0.539476E-05   -0.106723E-04    0.221637E-04
 4.07863   -0.545774E-05   -0.106187E-04    0.220638E-04
 4.08613   -0.552009E-05   -0.105655E-04    0.219643E-04
 4.09364   -0.558182E-05   -0.105126E-04    0.218651E-04
 4.10114   -0.564291E-05   -0.104601E-04    0.217663E-04
 4.10864   -0.570336E-05   -0.104079E-04    0.216679E-04
 4.11614   -0.576315E-05   -0.103561E-04    0.215698E-04
 4.12364   -0.582228E-05   -0.103047E-04    0.214722E-04
 4.13115   -0.588074E-05   -0.102536E-04    0.213749E-04
 4.13865   -0.593852E-05   -0.102029E-04    0.212781E-04
 4.14615   -0.599562E-05   -0.101526E-04    0.211816E-04
 4.15365   -0.605203E-05   -0.101027E-04    0.210855E-04
 4.16116   -0.610774E-05   -0.100531E-04    0.209899E-04
 4.16866   -0.616276E-05   -0.100040E-04    0.208946E-04
 4.17616   -0.621706E-05   -0.995518E-05    0.207997E-04
 4.18366   -0.627066E-05   -0.990681E-05    0.207053E-04
 4.19116   -0.632353E-05   -0.985883E-05    0.206112E-04
 4.19867   -0.637569E-05   -0.981125E-05    0.205176E-04
 4.20617   -0.642713E-05   -0.976405E-05    0.204244E-04
 4.21367   -0.647783E-05   -0.971727E-05    0.203315E-04
 4.22117   -0.652781E-05   -0.967089E-05    0.202391E-04
 4.22867   -0.657706E-05   -0.962490E-05    0.201471E-04
 4.23618   -0.662556E-05   -0.957931E-05    0.200555E-04
 4.24368   -0.667333E-05   -0.953415E-05    0.199643E-04
 4.25118   -0.672037E-05   -0.948938E-05    0.198736E-04
 4.25868   -0.676666E-05   -0.944501E-05    0.197832E-04
 4.26618   -0.681221E-05   -0.940105E-05    0.196933E-04
 4.27369   -0.685702E-05   -0.935750E-05    0.196038E-04
 4.28119   -0.690109E-05   -0.931435E-05    0.195147E-04
 4.28869   -0.694442E-05   -0.927161E-05    0.194260E-04
 4.29619   -0.698700E-05   -0.922927E-05    0.193377E-04
 4.30369   -0.702885E-05   -0.918734E-05    0.192499E-04
 4.31120   -0.706996E-05   -0.914582E-05    0.191624E-04
 4.31870   -0.711032E-05   -0.910469E-05    0.190755E-04
 4.32620   -0.714995E-05   -0.906398E-05    0.189888E-04
 4.33370   -0.718884E-05   -0.902366E-05    0.189026E-04
 4.34121   -0.722701E-05   -0.898374E-05    0.188168E-04
 4.34871   -0.726444E-05   -0.894423E-05    0.187314E-04
 4.35621   -0.730114E-05   -0.890511E-05    0.186464E-04
 4.36371   -0.733714E-05   -0.886639E-05    0.185618E-04
 4.37121   -0.737240E-05   -0.882806E-05    0.184776E-04
 4.37872   -0.740694E-05   -0.879014E-05    0.183939E-04
 4.38622   -0.744076E-05   -0.875258E-05    0.183105E-04
 4.39372   -0.747387E-05   -0.871543E-05    0.182275E-04
 4.40122   -0.750628E-05   -0.867866E-05    0.181450E-04
 4.40872   -0.753798E-05   -0.864228E-05    0.180628E-04
 4.41623   -0.756897E-05   -0.860628E-05    0.179810E-04
 4.42373   -0.759932E-05   -0.857066E-05    0.178997E-04
 4.43123   -0.762895E-05   -0.853541E-05    0.178187E-04
 4.43873   -0.765790E-05   -0.850054E-05    0.177381E-04
 4.44623   -0.768617E-05   -0.846605E-05    0.176579E-04
 4.45374   -0.771376E-05   -0.843191E-05    0.175780E-04
 4.46124   -0.774069E-05   -0.839815E-05    0.174986E-04
 4.46874   -0.776696E-05   -0.836476E-05    0.174195E-04
 4.47624   -0.779257E-05   -0.833173E-05    0.173408E-04
 4.48374   -0.781753E-05   -0.829905E-05    0.172625E-04
 4.49125   -0.784184E-05   -0.826672E-05    0.171846E-04
 4.49875   -0.786552E-05   -0.823475E-05    0.171070E-04
 4.50625   -0.788857E-05   -0.820313E-05    0.170298E-04
 4.51375   -0.791098E-05   -0.817185E-05    0.169530E-04
 4.52126   -0.793278E-05   -0.814091E-05    0.168765E-04
 4.52876   -0.795396E-05   -0.811032E-05    0.168004E-04
 4.53626   -0.797453E-05   -0.808004E-05    0.167247E-04
 4.54376   -0.799451E-05   -0.805013E-05    0.166493E-04
 4.55126   -0.801389E-05   -0.802052E-05    0.165742E-04
 4.55877   -0.803268E-05   -0.799125E-05    0.164995E-04
 4.56627   -0.805089E-05   -0.796230E-05    0.164252E-04
 4.57377   -0.806851E-05   -0.793366E-05    0.163512E-04
 4.58127   -0.808558E-05   -0.790537E-05    0.162775E-04
 4.58877   -0.810213E-05   -0.787736E-05    0.162042E-04
 4.59628   -0.811808E-05   -0.784967E-05    0.161313E-04
 4.60378   -0.813350E-05   -0.782228E-05    0.160586E-04
 4.61128   -0.814837E-05   -0.779518E-05    0.159863E-04
 4.61878   -0.816271E-05   -0.776837E-05    0.159143E-04
 4.62628   -0.817652E-05   -0.774187E-05    0.158427E-04
 4.63379   -0.818982E-05   -0.771566E-05    0.157713E-04
 4.64129   -0.820260E-05   -0.768974E-05    0.157003E-04
 4.64879   -0.821488E-05   -0.766410E-05    0.156296E-04
 4.65629   -0.822667E-05   -0.763874E-05    0.155592E-04
 4.66379   -0.823796E-05   -0.761365E-05    0.154892E-04
 4.67130   -0.824877E-05   -0.758884E-05    0.154194E-04
 4.67880   -0.825910E-05   -0.756430E-05    0.153499E-04
 4.68630   -0.826897E-05   -0.754002E-05    0.152808E-04
 4.69380   -0.827837E-05   -0.751600E-05    0.152120E-04
 4.70131   -0.828731E-05   -0.749224E-05    0.151434E-04
 4.70881   -0.829581E-05   -0.746874E-05    0.150751E-04
 4.71631   -0.830387E-05   -0.744548E-05    0.150072E-04
 4.72381   -0.831149E-05   -0.742248E-05    0.149395E-04
 4.73131   -0.831868E-05   -0.739972E-05    0.148721E-04
 4.73882   -0.832545E-05   -0.737720E-05    0.148050E-04
 4.74632   -0.833181E-05   -0.735492E-05    0.147382E-04
 4.75382   -0.833775E-05   -0.733287E-05    0.146716E-04
 4.76132   -0.834330E-05   -0.731106E-05    0.146054E-04
 4.76882   -0.834846E-05   -0.728947E-05    0.145394E-04
 4.77633   -0.835322E-05   -0.726810E-05    0.144737E-04
 4.78383   -0.835760E-05   -0.724695E-05    0.144082E-04
 4.79133   -0.836160E-05   -0.722603E-05    0.143430E-04
 4.79883   -0.836521E-05   -0.720531E-05    0.142781E-04
 4.80633   -0.836851E-05   -0.718481E-05    0.142135E-04
 4.81384   -0.837142E-05   -0.716452E-05    0.141491E-04
 4.82134   -0.837399E-05   -0.714443E-05    0.140849E-04
 4.82884   -0.837621E-05   -0.712454E-05    0.140210E-04
 4.83634   -0.837809E-05   -0.710485E-05    0.139574E-04
 4.84384   -0.837964E-05   -0.708536E-05    0.138940E-04
 4.85135   -0.838086E-05   -0.706605E-05    0.138309E-04
 4.85885   -0.838176E-05   -0.704694E-05    0.137680E-04
 4.86635   -0.838235E-05   -0.702801E-05    0.137053E-04
 4.87385   -0.838263E-05   -0.700927E-05    0.136429E-04
 4.88136   -0.838261E-05   -0.699071E-05    0.135807E-04
 4.88886   -0.838228E-05   -0.697233E-05    0.135188E-04
 4.89636   -0.838168E-05   -0.695412E-05    0.134571E-04
 4.90386   -0.838077E-05   -0.693607E-05    0.133956E-04
 4.91136   -0.837959E-05   -0.691819E-05    0.133344E-04
 4.91887   -0.837813E-05   -0.690051E-05    0.132734E-04
 4.92637   -0.837641E-05   -0.688297E-05    0.132126E-04
 4.93387   -0.837442E-05   -0.686559E-05    0.131520E-04
 4.94137   -0.837217E-05   -0.684837E-05    0.130917E-04
 4.94887   -0.836967E-05   -0.683131E-05    0.130316E-04
 4.95638   -0.836691E-05   -0.681440E-05    0.129717E-04
 4.96388   -0.836392E-05   -0.679762E-05    0.129120E-04
 4.97138   -0.836067E-05   -0.678101E-05    0.128525E-04
 4.97888   -0.835720E-05   -0.676454E-05    0.127932E-04
 4.98638   -0.835350E-05   -0.674822E-05    0.127342E-04
 4.99389   -0.834957E-05   -0.673204E-05    0.126753E-04
 5.00139   -0.834542E-05   -0.671599E-05    0.126167E-04
 5.00889   -0.834106E-05   -0.670009E-05    0.125582E-04
 5.01639   -0.833648E-05   -0.668432E-05    0.125000E-04
 5.02389   -0.833169E-05   -0.666868E-05    0.124419E-04
 5.03140   -0.832670E-05   -0.665316E-05    0.123841E-04
 5.03890   -0.832150E-05   -0.663778E-05    0.123265E-04
 5.04640   -0.831614E-05   -0.662251E-05    0.122690E-04
 5.05390   -0.831055E-05   -0.660737E-05    0.122117E-04
 5.06141   -0.830480E-05   -0.659236E-05    0.121547E-04
 5.06891   -0.829886E-05   -0.657747E-05    0.120978E-04
 5.07641   -0.829274E-05   -0.656268E-05    0.120411E-04
 5.08391   -0.828645E-05   -0.654802E-05    0.119846E-04
 5.09141   -0.827997E-05   -0.653346E-05    0.119283E-04
 5.09892   -0.827334E-05   -0.651903E-05    0.118722E-04
 5.10642   -0.826655E-05   -0.650470E-05    0.118162E-04
 5.11392   -0.825959E-05   -0.649047E-05    0.117604E-04
 5.12142   -0.825248E-05   -0.647635E-05    0.117049E-04
 5.12892   -0.824522E-05   -0.646234E-05    0.116494E-04
 5.13643   -0.823781E-05   -0.644842E-05    0.115942E-04
 5.14393   -0.823025E-05   -0.643458E-05    0.115391E-04
 5.15143   -0.822254E-05   -0.642088E-05    0.114843E-04
 5.15893   -0.821470E-05   -0.640727E-05    0.114295E-04
 5.16643   -0.820672E-05   -0.639375E-05    0.113750E-04
 5.17394   -0.819862E-05   -0.638031E-05    0.113206E-04
 5.18144   -0.819038E-05   -0.636698E-05    0.112664E-04
 5.18894   -0.818202E-05   -0.635372E-05    0.112124E-04
 5.19644   -0.817353E-05   -0.634057E-05    0.111585E-04
 5.20394   -0.816492E-05   -0.632749E-05    0.111048E-04
 5.21145   -0.815620E-05   -0.631451E-05    0.110513E-04
 5.21895   -0.814735E-05   -0.630160E-05    0.109979E-04
 5.22645   -0.813840E-05   -0.628878E-05    0.109447E-04
 5.23395   -0.812931E-05   -0.627604E-05    0.108916E-04
 5.24146   -0.812017E-05   -0.626338E-05    0.108387E-04
 5.24896   -0.811090E-05   -0.625080E-05    0.107859E-04
 5.25646   -0.810152E-05   -0.623829E-05    0.107334E-04
 5.26396   -0.809205E-05   -0.622586E-05    0.106809E-04
 5.27146   -0.808248E-05   -0.621351E-05    0.106286E-04
 5.27897   -0.807281E-05   -0.620123E-05    0.105765E-04
 5.28647   -0.806306E-05   -0.618902E-05    0.105245E-04
 5.29397   -0.805321E-05   -0.617688E-05    0.104727E-04
 5.30147   -0.804328E-05   -0.616482E-05    0.104210E-04
 5.30897   -0.803326E-05   -0.615282E-05    0.103695E-04
 5.31648   -0.802316E-05   -0.614089E-05    0.103181E-04
 5.32398   -0.801298E-05   -0.612898E-05    0.102669E-04
 5.33148   -0.800272E-05   -0.611718E-05    0.102158E-04
 5.33898   -0.799238E-05   -0.610545E-05    0.101649E-04
 5.34648   -0.798198E-05   -0.609378E-05    0.101141E-04
 5.35399   -0.797149E-05   -0.608216E-05    0.100635E-04
 5.36149   -0.796094E-05   -0.607062E-05    0.100130E-04
 5.36899   -0.795031E-05   -0.605913E-05    0.996259E-05
 5.37649   -0.793963E-05   -0.604770E-05    0.991237E-05
 5.38399   -0.792888E-05   -0.603633E-05    0.986228E-05
 5.39150   -0.791809E-05   -0.602501E-05    0.981234E-05
 5.39900   -0.790719E-05   -0.601375E-05    0.976254E-05
 5.40650   -0.789625E-05   -0.600255E-05    0.971287E-05
 5.41400   -0.788526E-05   -0.599140E-05    0.966334E-05
 5.42151   -0.787420E-05   -0.598031E-05    0.961395E-05
 5.42901   -0.786310E-05   -0.596927E-05    0.956469E-05
 5.43651   -0.785194E-05   -0.595828E-05    0.951557E-05
 5.44401   -0.784073E-05   -0.594734E-05    0.946658E-05
 5.45151   -0.782948E-05   -0.593645E-05    0.941772E-05
 5.45902   -0.781817E-05   -0.592561E-05    0.936898E-05
 5.46652   -0.780682E-05   -0.591482E-05    0.932039E-05
 5.47402   -0.779542E-05   -0.590408E-05    0.927196E-05
 5.48152   -0.778396E-05   -0.589338E-05    0.922362E-05
 5.48902   -0.777247E-05   -0.588273E-05    0.917543E-05
 5.49653   -0.776096E-05   -0.587213E-05    0.912735E-05
 5.50403   -0.774939E-05   -0.586157E-05    0.907941E-05
 5.51153   -0.773779E-05   -0.585108E-05    0.903160E-05
 5.51903   -0.772615E-05   -0.584061E-05    0.898391E-05
 5.52653   -0.771447E-05   -0.583019E-05    0.893636E-05
 5.53404   -0.770276E-05   -0.581980E-05    0.888893E-05
 5.54154   -0.769101E-05   -0.580946E-05    0.884162E-05
 5.54904   -0.767923E-05   -0.579916E-05    0.879444E-05
 5.55654   -0.766742E-05   -0.578890E-05    0.874739E-05
 5.56405   -0.765558E-05   -0.577868E-05    0.870046E-05
 5.57155   -0.764371E-05   -0.576850E-05    0.865365E-05
 5.57905   -0.763181E-05   -0.575836E-05    0.860698E-05
 5.58655   -0.761988E-05   -0.574825E-05    0.856041E-05
 5.59405   -0.760793E-05   -0.573819E-05    0.851398E-05
 5.60156   -0.759595E-05   -0.572816E-05    0.846767E-05
 5.60906   -0.758395E-05   -0.571817E-05    0.842147E-05
 5.61656   -0.757193E-05   -0.570822E-05    0.837540E-05
 5.62406   -0.755988E-05   -0.569830E-05    0.832944E-05
 5.63156   -0.754781E-05   -0.568841E-05    0.828362E-05
 5.63907   -0.753573E-05   -0.567856E-05    0.823789E-05
 5.64657   -0.752361E-05   -0.566874E-05    0.819230E-05
 5.65407   -0.751149E-05   -0.565896E-05    0.814682E-05
 5.66157   -0.749935E-05   -0.564921E-05    0.810146E-05
 5.66907   -0.748718E-05   -0.563949E-05    0.805623E-05
 5.67658   -0.747501E-05   -0.562981E-05    0.801111E-05
 5.68408   -0.746281E-05   -0.562016E-05    0.796610E-05
 5.69158   -0.745061E-05   -0.561054E-05    0.792121E-05
 5.69908   -0.743839E-05   -0.560095E-05    0.787644E-05
 5.70658   -0.742615E-05   -0.559139E-05    0.783178E-05
 5.71409   -0.741391E-05   -0.558186E-05    0.778724E-05
 5.72159   -0.740165E-05   -0.557236E-05    0.774281E-05
 5.72909   -0.738938E-05   -0.556289E-05    0.769850E-05
 5.73659   -0.737710E-05   -0.555345E-05    0.765427E-05
 5.74410   -0.736480E-05   -0.554404E-05    0.761024E-05
 5.75160   -0.735252E-05   -0.553466E-05    0.756627E-05
 5.75910   -0.734021E-05   -0.552530E-05    0.752241E-05
 5.76660   -0.732790E-05   -0.551597E-05    0.747866E-05
 5.77410   -0.731558E-05   -0.550667E-05    0.743503E-05
 5.78161   -0.730326E-05   -0.549740E-05    0.739151E-05
 5.78911   -0.729092E-05   -0.548815E-05    0.734811E-05
 5.79661   -0.727859E-05   -0.547893E-05    0.730480E-05
 5.80411   -0.726625E-05   -0.546974E-05    0.726161E-05
 5.81161   -0.725391E-05   -0.546057E-05    0.721853E-05
 5.81912   -0.724155E-05   -0.545142E-05    0.717556E-05
 5.82662   -0.722920E-05   -0.544230E-05    0.713270E-05
 5.83412   -0.721685E-05   -0.543321E-05    0.708995E-05
 5.84162   -0.720449E-05   -0.542414E-05    0.704730E-05
 5.84912   -0.719214E-05   -0.541509E-05    0.700477E-05
 5.85663   -0.717978E-05   -0.540607E-05    0.696239E-05
 5.86413   -0.716743E-05   -0.539707E-05    0.692007E-05
 5.87163   -0.715507E-05   -0.538810E-05    0.687786E-05
 5.87913   -0.714272E-05   -0.537914E-05    0.683575E-05
 5.88663   -0.713037E-05   -0.537021E-05    0.679375E-05
 5.89414   -0.711802E-05   -0.536131E-05    0.675185E-05
 5.90164   -0.710566E-05   -0.535242E-05    0.671006E-05
 5.90914   -0.709332E-05   -0.534356E-05    0.666838E-05
 5.91664   -0.708097E-05   -0.533472E-05    0.662680E-05
 5.92415   -0.706863E-05   -0.532590E-05    0.658532E-05
 5.93165   -0.705630E-05   -0.531710E-05    0.654395E-05
 5.93915   -0.704397E-05   -0.530832E-05    0.650323E-05
 5.94665   -0.703165E-05   -0.529956E-05    0.646152E-05
 5.95415   -0.701933E-05   -0.529082E-05    0.642046E-05
 5.96166   -0.700702E-05   -0.528211E-05    0.637951E-05
 5.96916   -0.699471E-05   -0.527341E-05    0.633865E-05
 5.97666   -0.698240E-05   -0.526473E-05    0.629789E-05
 5.98416   -0.697011E-05   -0.525608E-05    0.625723E-05
 5.99166   -0.695783E-05   -0.524744E-05    0.621667E-05
 5.99917   -0.694553E-05   -0.523882E-05    0.617622E-05
 6.00667   -0.693328E-05   -0.523022E-05    0.613578E-05
 6.01417   -0.692101E-05   -0.522164E-05    0.609553E-05
 6.02167   -0.690876E-05   -0.521307E-05    0.605538E-05
 6.02917   -0.689652E-05   -0.520453E-05    0.601533E-05
 6.03668   -0.688428E-05   -0.519600E-05    0.597538E-05
 6.04418   -0.687205E-05   -0.518749E-05    0.593553E-05
 6.05168   -0.685983E-05   -0.517900E-05    0.589578E-05
 6.05918   -0.684763E-05   -0.517053E-05    0.585613E-05
 6.06668   -0.683543E-05   -0.516207E-05    0.581658E-05
 6.07419   -0.682323E-05   -0.515363E-05    0.577713E-05
 6.08169   -0.681106E-05   -0.514521E-05    0.573777E-05
 6.08919   -0.679890E-05   -0.513680E-05    0.569851E-05
 6.09669   -0.678675E-05   -0.512841E-05    0.565935E-05
 6.10420   -0.677461E-05   -0.512004E-05    0.562029E-05
 6.11170   -0.676248E-05   -0.511168E-05    0.558133E-05
 6.11920   -0.675037E-05   -0.510334E-05    0.554246E-05
 6.12670   -0.673827E-05   -0.509502E-05    0.550369E-05
 6.13420   -0.672617E-05   -0.508670E-05    0.546501E-05
 6.14171   -0.671409E-05   -0.507841E-05    0.542643E-05
 6.14921   -0.670203E-05   -0.507013E-05    0.538795E-05
 6.15671   -0.668999E-05   -0.506187E-05    0.534956E-05
 6.16421   -0.667796E-05   -0.505362E-05    0.531127E-05
 6.17171   -0.666594E-05   -0.504539E-05    0.527308E-05
 6.17922   -0.665394E-05   -0.503717E-05    0.523498E-05
 6.18672   -0.664195E-05   -0.502896E-05    0.519697E-05
 6.19422   -0.662997E-05   -0.502078E-05    0.515907E-05
 6.20172   -0.661801E-05   -0.501261E-05    0.512125E-05
 6.20922   -0.660607E-05   -0.500444E-05    0.508353E-05
 6.21673   -0.659414E-05   -0.499630E-05    0.504590E-05
 6.22423   -0.658223E-05   -0.498816E-05    0.500837E-05
 6.23173   -0.657034E-05   -0.498005E-05    0.497094E-05
 6.23923   -0.655846E-05   -0.497194E-05    0.493360E-05
 6.24673   -0.654660E-05   -0.496385E-05    0.489634E-05
 6.25424   -0.653475E-05   -0.495577E-05    0.485919E-05
 6.26174   -0.652293E-05   -0.494771E-05    0.482213E-05
 6.26924   -0.651112E-05   -0.493965E-05    0.478516E-05
 6.27674   -0.649932E-05   -0.493161E-05    0.474828E-05
 6.28425   -0.648755E-05   -0.492359E-05    0.471150E-05
 6.29175   -0.647579E-05   -0.491557E-05    0.467481E-05
 6.29925   -0.646405E-05   -0.490757E-05    0.463821E-05
 6.30675   -0.645233E-05   -0.489958E-05    0.460171E-05
 6.31425   -0.644063E-05   -0.489161E-05    0.456530E-05
 6.32176   -0.642894E-05   -0.488364E-05    0.452897E-05
 6.32926   -0.641728E-05   -0.487569E-05    0.449275E-05
 6.33676   -0.640564E-05   -0.486775E-05    0.445661E-05
 6.34426   -0.639401E-05   -0.485982E-05    0.442056E-05
 6.35176   -0.638241E-05   -0.485191E-05    0.438461E-05
 6.35927   -0.637082E-05   -0.484400E-05    0.434875E-05
 6.36677   -0.635925E-05   -0.483611E-05    0.431298E-05
 6.37427   -0.634771E-05   -0.482823E-05    0.427729E-05
 6.38177   -0.633618E-05   -0.482036E-05    0.424170E-05
 6.38927   -0.632467E-05   -0.481250E-05    0.420620E-05
 6.39678   -0.631317E-05   -0.480465E-05    0.417080E-05
 6.40428   -0.630168E-05   -0.479682E-05    0.413548E-05
 6.41178   -0.629027E-05   -0.478899E-05    0.410026E-05
 6.41928   -0.627884E-05   -0.478117E-05    0.406512E-05
 6.42678   -0.626743E-05   -0.477337E-05    0.403005E-05
 6.43429   -0.625605E-05   -0.476558E-05    0.399509E-05
 6.44179   -0.624468E-05   -0.475779E-05    0.396022E-05
 6.44929   -0.623334E-05   -0.475002E-05    0.392547E-05
 6.45679   -0.622202E-05   -0.474226E-05    0.389075E-05
 6.46430   -0.621072E-05   -0.473451E-05    0.385615E-05
 6.47180   -0.619945E-05   -0.472677E-05    0.382164E-05
 6.47930   -0.618819E-05   -0.471903E-05    0.378721E-05
 6.48680   -0.617695E-05   -0.471131E-05    0.375287E-05
 6.49430   -0.616574E-05   -0.470360E-05    0.371862E-05
 6.50181   -0.615455E-05   -0.469590E-05    0.368446E-05
 6.50931   -0.614338E-05   -0.468821E-05    0.365039E-05
 6.51681   -0.613223E-05   -0.468053E-05    0.361641E-05
 6.52431   -0.612111E-05   -0.467285E-05    0.358251E-05
 6.53181   -0.611000E-05   -0.466519E-05    0.354870E-05
 6.53932   -0.609892E-05   -0.465754E-05    0.351498E-05
 6.54682   -0.608787E-05   -0.464989E-05    0.348135E-05
 6.55432   -0.607683E-05   -0.464226E-05    0.344781E-05
 6.56182   -0.606582E-05   -0.463463E-05    0.341436E-05
 6.56932   -0.605483E-05   -0.462702E-05    0.338099E-05
 6.57683   -0.604386E-05   -0.461941E-05    0.334770E-05
 6.58433   -0.603292E-05   -0.461181E-05    0.331450E-05
 6.59183   -0.602200E-05   -0.460422E-05    0.328141E-05
 6.59933   -0.601110E-05   -0.459664E-05    0.324838E-05
 6.60683   -0.600020E-05   -0.458907E-05    0.321543E-05
 6.61434   -0.598937E-05   -0.458151E-05    0.318258E-05
 6.62184   -0.597855E-05   -0.457396E-05    0.314980E-05
 6.62934   -0.596774E-05   -0.456641E-05    0.311712E-05
 6.63684   -0.595694E-05   -0.455888E-05    0.308450E-05
 6.64435   -0.594619E-05   -0.455135E-05    0.305196E-05
 6.65185   -0.593548E-05   -0.454383E-05    0.301953E-05
 6.65935   -0.592476E-05   -0.453632E-05    0.298719E-05
 6.66685   -0.591407E-05   -0.452882E-05    0.295491E-05
 6.67435   -0.590341E-05   -0.452133E-05    0.292272E-05
 6.68186   -0.589277E-05   -0.451384E-05    0.289063E-05
 6.68936   -0.588215E-05   -0.450636E-05    0.285861E-05
 6.69686   -0.587156E-05   -0.449890E-05    0.282668E-05
 6.70436   -0.586099E-05   -0.449143E-05    0.279483E-05
 6.71186   -0.585045E-05   -0.448398E-05    0.276307E-05
 6.71937   -0.583992E-05   -0.447654E-05    0.273137E-05
 6.72687   -0.582943E-05   -0.446910E-05    0.269976E-05
 6.73437   -0.581896E-05   -0.446167E-05    0.266825E-05
 6.74187   -0.580851E-05   -0.445425E-05    0.263681E-05
 6.74937   -0.579809E-05   -0.444684E-05    0.260546E-05
 6.75688   -0.578768E-05   -0.443944E-05    0.257418E-05
 6.76438   -0.577731E-05   -0.443204E-05    0.254299E-05
 6.77188   -0.576695E-05   -0.442465E-05    0.251190E-05
 6.77938   -0.575662E-05   -0.441727E-05    0.248087E-05
 6.78688   -0.574632E-05   -0.440990E-05    0.244992E-05
 6.79439   -0.573604E-05   -0.440253E-05    0.241906E-05
 6.80189   -0.572578E-05   -0.439518E-05    0.238827E-05
 6.80939   -0.571555E-05   -0.438783E-05    0.235756E-05
 6.81689   -0.570534E-05   -0.438049E-05    0.232694E-05
 6.82440   -0.569516E-05   -0.437315E-05    0.229639E-05
 6.83190   -0.568500E-05   -0.436584E-05    0.226593E-05
 6.83940   -0.567486E-05   -0.435853E-05    0.223554E-05
 6.84690   -0.566475E-05   -0.435121E-05    0.220524E-05
 6.85440   -0.565463E-05   -0.434391E-05    0.217502E-05
 6.86191   -0.564459E-05   -0.433661E-05    0.214488E-05
 6.86941   -0.563455E-05   -0.432932E-05    0.211481E-05
 6.87691   -0.562453E-05   -0.432204E-05    0.208483E-05
 6.88441   -0.561454E-05   -0.431477E-05    0.205492E-05
 6.89191   -0.560457E-05   -0.430750E-05    0.202510E-05
 6.89942   -0.559462E-05   -0.430025E-05    0.199536E-05
 6.90692   -0.558470E-05   -0.429299E-05    0.196569E-05
 6.91442   -0.557480E-05   -0.428575E-05    0.193610E-05
 6.92192   -0.556493E-05   -0.427852E-05    0.190660E-05
 6.92942   -0.555507E-05   -0.427129E-05    0.187716E-05
 6.93693   -0.554525E-05   -0.426407E-05    0.184781E-05
 6.94443   -0.553544E-05   -0.425683E-05    0.181854E-05
 6.95193   -0.552566E-05   -0.424963E-05    0.178934E-05
 6.95943   -0.551590E-05   -0.424243E-05    0.176021E-05
 6.96693   -0.550616E-05   -0.423524E-05    0.173118E-05
 6.97444   -0.549646E-05   -0.422805E-05    0.170222E-05
 6.98194   -0.548677E-05   -0.422088E-05    0.167333E-05
 6.98944   -0.547711E-05   -0.421371E-05    0.164452E-05
 6.99694   -0.546746E-05   -0.420655E-05    0.161579E-05
 7.00445   -0.545784E-05   -0.419939E-05    0.158714E-05
 7.01195   -0.544825E-05   -0.419225E-05    0.155857E-05
 7.01945   -0.543867E-05   -0.418511E-05    0.153007E-05
 7.02695   -0.542912E-05   -0.417798E-05    0.150165E-05
 7.03445   -0.541960E-05   -0.417085E-05    0.147331E-05
 7.04196   -0.541009E-05   -0.416374E-05    0.144505E-05
 7.04946   -0.540061E-05   -0.415663E-05    0.141686E-05
 7.05696   -0.539115E-05   -0.414953E-05    0.138875E-05
 7.06446   -0.538171E-05   -0.414244E-05    0.136071E-05
 7.07196   -0.537229E-05   -0.413535E-05    0.133275E-05
 7.07947   -0.536290E-05   -0.412827E-05    0.130487E-05
 7.08697   -0.535352E-05   -0.412120E-05    0.127706E-05
 7.09447   -0.534417E-05   -0.411414E-05    0.124933E-05
 7.10197   -0.533486E-05   -0.410708E-05    0.122169E-05
 7.10947   -0.532556E-05   -0.410004E-05    0.119410E-05
 7.11698   -0.531628E-05   -0.409300E-05    0.116660E-05
 7.12448   -0.530702E-05   -0.408596E-05    0.113917E-05
 7.13198   -0.529778E-05   -0.407894E-05    0.111183E-05
 7.13948   -0.528856E-05   -0.407192E-05    0.108454E-05
 7.14698   -0.527937E-05   -0.406491E-05    0.105735E-05
 7.15449   -0.527020E-05   -0.405791E-05    0.103022E-05
 7.16199   -0.526105E-05   -0.405092E-05    0.100318E-05
 7.16949   -0.525191E-05   -0.404393E-05    0.976204E-06
 7.17699   -0.524280E-05   -0.403695E-05    0.949298E-06
 7.18450   -0.523371E-05   -0.402998E-05    0.922472E-06
 7.19200   -0.522465E-05   -0.402302E-05    0.895721E-06
 7.19950   -0.521560E-05   -0.401607E-05    0.869046E-06
 7.20700   -0.520657E-05   -0.400912E-05    0.842445E-06
 7.21450   -0.519756E-05   -0.400218E-05    0.815918E-06
 7.22201   -0.518858E-05   -0.399525E-05    0.789467E-06
 7.22951   -0.517962E-05   -0.398833E-05    0.763088E-06
 7.23701   -0.517065E-05   -0.398141E-05    0.736784E-06
 7.24451   -0.516174E-05   -0.397451E-05    0.710554E-06
 7.25201   -0.515282E-05   -0.396761E-05    0.684398E-06
 7.25952   -0.514393E-05   -0.396072E-05    0.658315E-06
 7.26702   -0.513507E-05   -0.395384E-05    0.632306E-06
 7.27452   -0.512625E-05   -0.394696E-05    0.606369E-06
 7.28202   -0.511742E-05   -0.394010E-05    0.580505E-06
 7.28952   -0.510862E-05   -0.393324E-05    0.554716E-06
 7.29703   -0.509983E-05   -0.392639E-05    0.529001E-06
 7.30453   -0.509106E-05   -0.391955E-05    0.503360E-06
 7.31203   -0.508231E-05   -0.391272E-05    0.477792E-06
 7.31953   -0.507358E-05   -0.390589E-05    0.452294E-06
 7.32704   -0.506487E-05   -0.389908E-05    0.426871E-06
 7.33454   -0.505618E-05   -0.389227E-05    0.401520E-06
 7.34204   -0.504751E-05   -0.388547E-05    0.376241E-06
 7.34954   -0.503886E-05   -0.387868E-05    0.351034E-06
 7.35704   -0.503022E-05   -0.387190E-05    0.325900E-06
 7.36455   -0.502160E-05   -0.386512E-05    0.300838E-06
 7.37205   -0.501301E-05   -0.385836E-05    0.275848E-06
 7.37955   -0.500443E-05   -0.385160E-05    0.250930E-06
 7.38705   -0.499586E-05   -0.384485E-05    0.226084E-06
 7.39455   -0.498732E-05   -0.383811E-05    0.201311E-06
 7.40206   -0.497879E-05   -0.383138E-05    0.176607E-06
 7.40956   -0.497028E-05   -0.382466E-05    0.151977E-06
 7.41706   -0.496179E-05   -0.381795E-05    0.127417E-06
 7.42456   -0.495332E-05   -0.381124E-05    0.102929E-06
 7.43206   -0.494486E-05   -0.380455E-05    0.785122E-07
 7.43957   -0.493643E-05   -0.379786E-05    0.541650E-07
 7.44707   -0.492800E-05   -0.379118E-05    0.298901E-07
 7.45457   -0.491960E-05   -0.378451E-05    0.568637E-08
 7.46207   -0.491122E-05   -0.377785E-05   -0.184462E-07
 7.46957   -0.490283E-05   -0.377120E-05   -0.425085E-07
 7.47708   -0.489450E-05   -0.376455E-05   -0.665004E-07
 7.48458   -0.488616E-05   -0.375792E-05   -0.904213E-07
 7.49208   -0.487782E-05   -0.375129E-05   -0.114273E-06
 7.49958   -0.486954E-05   -0.374468E-05   -0.138052E-06
 7.50709   -0.486126E-05   -0.373807E-05   -0.161762E-06
 7.51459   -0.485299E-05   -0.373147E-05   -0.185402E-06
 7.52209   -0.484474E-05   -0.372488E-05   -0.208973E-06
 7.52959   -0.483650E-05   -0.371830E-05   -0.232473E-06
 7.53709   -0.482828E-05   -0.371172E-05   -0.255904E-06
 7.54460   -0.482008E-05   -0.370516E-05   -0.279266E-06
 7.55210   -0.481189E-05   -0.369861E-05   -0.302558E-06
 7.55960   -0.480372E-05   -0.369206E-05   -0.325781E-06
 7.56710   -0.479557E-05   -0.368552E-05   -0.348934E-06
 7.57460   -0.478743E-05   -0.367900E-05   -0.372018E-06
 7.58211   -0.477931E-05   -0.367248E-05   -0.395034E-06
 7.58961   -0.477120E-05   -0.366597E-05   -0.417983E-06
 7.59711   -0.476311E-05   -0.365947E-05   -0.440861E-06
 7.60461   -0.475504E-05   -0.365298E-05   -0.463669E-06
 7.61211   -0.474698E-05   -0.364649E-05   -0.486409E-06
 7.61962   -0.473893E-05   -0.364002E-05   -0.509081E-06
 7.62712   -0.473090E-05   -0.363357E-05   -0.531684E-06
 7.63462   -0.472289E-05   -0.362711E-05   -0.554220E-06
 7.64212   -0.471489E-05   -0.362067E-05   -0.576687E-06
 7.64962   -0.470691E-05   -0.361423E-05   -0.599088E-06
 7.65713   -0.469894E-05   -0.360780E-05   -0.621419E-06
 7.66463   -0.469099E-05   -0.360138E-05   -0.643684E-06
 7.67213   -0.468306E-05   -0.359497E-05   -0.665880E-06
 7.67963   -0.467514E-05   -0.358857E-05   -0.688009E-06
 7.68714   -0.466723E-05   -0.358218E-05   -0.710071E-06
 7.69464   -0.465934E-05   -0.357579E-05   -0.732065E-06
 7.70214   -0.465147E-05   -0.356942E-05   -0.753993E-06
 7.70964   -0.464361E-05   -0.356306E-05   -0.775853E-06
 7.71714   -0.463576E-05   -0.355670E-05   -0.797647E-06
 7.72465   -0.462793E-05   -0.355035E-05   -0.819374E-06
 7.73215   -0.462011E-05   -0.354401E-05   -0.841033E-06
 7.73965   -0.461231E-05   -0.353769E-05   -0.862628E-06
 7.74715   -0.460453E-05   -0.353137E-05   -0.884149E-06
 7.75465   -0.459676E-05   -0.352504E-05   -0.905616E-06
 7.76216   -0.458900E-05   -0.351874E-05   -0.927006E-06
 7.76966   -0.458126E-05   -0.351245E-05   -0.948334E-06
 7.77716   -0.457353E-05   -0.350616E-05   -0.969598E-06
 7.78466   -0.456581E-05   -0.349989E-05   -0.990793E-06
 7.79216   -0.455812E-05   -0.349362E-05   -0.101193E-05
 7.79967   -0.455043E-05   -0.348737E-05   -0.103299E-05
 7.80717   -0.454276E-05   -0.348112E-05   -0.105400E-05
 7.81467   -0.453511E-05   -0.347488E-05   -0.107493E-05
 7.82217   -0.452747E-05   -0.346865E-05   -0.109580E-05
 7.82967   -0.451984E-05   -0.346243E-05   -0.111661E-05
 7.83718   -0.451223E-05   -0.345621E-05   -0.113735E-05
 7.84468   -0.450463E-05   -0.345001E-05   -0.115803E-05
 7.85218   -0.449705E-05   -0.344382E-05   -0.117864E-05
 7.85968   -0.448948E-05   -0.343763E-05   -0.119918E-05
 7.86719   -0.448193E-05   -0.343145E-05   -0.121967E-05
 7.87469   -0.447437E-05   -0.342529E-05   -0.124009E-05
 7.88219   -0.446686E-05   -0.341913E-05   -0.126044E-05
 7.88969   -0.445935E-05   -0.341298E-05   -0.128073E-05
 7.89719   -0.445185E-05   -0.340684E-05   -0.130096E-05
 7.90470   -0.444437E-05   -0.340070E-05   -0.132112E-05
 7.91220   -0.443690E-05   -0.339458E-05   -0.134122E-05
 7.91970   -0.442944E-05   -0.338847E-05   -0.136126E-05
 7.92720   -0.442200E-05   -0.338236E-05   -0.138123E-05
 7.93470   -0.441457E-05   -0.337626E-05   -0.140114E-05
 7.94221   -0.440716E-05   -0.337017E-05   -0.142099E-05
 7.94971   -0.439976E-05   -0.336409E-05   -0.144077E-05
 7.95721   -0.439238E-05   -0.335802E-05   -0.146049E-05
 7.96471   -0.438502E-05   -0.335196E-05   -0.148015E-05
 7.97221   -0.437766E-05   -0.334591E-05   -0.149974E-05
 7.97972   -0.437031E-05   -0.333986E-05   -0.151928E-05
 7.98722   -0.436298E-05   -0.333382E-05   -0.153875E-05
 7.99472   -0.435565E-05   -0.332780E-05   -0.155816E-05
 8.00222   -0.434835E-05   -0.332178E-05   -0.157751E-05
 8.00972   -0.434108E-05   -0.331576E-05   -0.159679E-05
 8.01723   -0.433381E-05   -0.330976E-05   -0.161601E-05
 8.02473   -0.432655E-05   -0.330377E-05   -0.163518E-05
 8.03223   -0.431931E-05   -0.329778E-05   -0.165428E-05
 8.03973   -0.431208E-05   -0.329180E-05   -0.167332E-05
 8.04724   -0.430486E-05   -0.328584E-05   -0.169229E-05
 8.05474   -0.429766E-05   -0.327988E-05   -0.171121E-05
 8.06224   -0.429047E-05   -0.327392E-05   -0.173007E-05
 8.06974   -0.428329E-05   -0.326798E-05   -0.174886E-05
 8.07724   -0.427614E-05   -0.326205E-05   -0.176760E-05
 8.08475   -0.426899E-05   -0.325612E-05   -0.178627E-05
 8.09225   -0.426186E-05   -0.325020E-05   -0.180489E-05
 8.09975   -0.425474E-05   -0.324429E-05   -0.182344E-05
 8.10725   -0.424764E-05   -0.323839E-05   -0.184193E-05
 8.11475   -0.424055E-05   -0.323250E-05   -0.186036E-05
 8.12226   -0.423347E-05   -0.322661E-05   -0.187873E-05
 8.12976   -0.422641E-05   -0.322073E-05   -0.189705E-05
 8.13726   -0.421936E-05   -0.321486E-05   -0.191530E-05
 8.14476   -0.421233E-05   -0.320900E-05   -0.193349E-05
 8.15226   -0.420530E-05   -0.320315E-05   -0.195162E-05
 8.15977   -0.419830E-05   -0.319731E-05   -0.196970E-05
 8.16727   -0.419131E-05   -0.319147E-05   -0.198772E-05
 8.17477   -0.418433E-05   -0.318564E-05   -0.200568E-05
 8.18227   -0.417737E-05   -0.317982E-05   -0.202358E-05
 8.18977   -0.417042E-05   -0.317401E-05   -0.204142E-05
 8.19728   -0.416348E-05   -0.316820E-05   -0.205920E-05
 8.20478   -0.415656E-05   -0.316241E-05   -0.207692E-05
 8.21228   -0.414965E-05   -0.315662E-05   -0.209459E-05
 8.21978   -0.414275E-05   -0.315084E-05   -0.211219E-05
 8.22729   -0.413587E-05   -0.314507E-05   -0.212974E-05
 8.23479   -0.412900E-05   -0.313931E-05   -0.214723E-05
 8.24229   -0.412214E-05   -0.313356E-05   -0.216466E-05
 8.24979   -0.411531E-05   -0.312781E-05   -0.218204E-05
 8.25729   -0.410849E-05   -0.312207E-05   -0.219936E-05
 8.26480   -0.410168E-05   -0.311633E-05   -0.221661E-05
 8.27230   -0.409488E-05   -0.311061E-05   -0.223382E-05
 8.27980   -0.408810E-05   -0.310489E-05   -0.225096E-05
 8.28730   -0.408133E-05   -0.309918E-05   -0.226805E-05
 8.29480   -0.407458E-05   -0.309348E-05   -0.228508E-05
 8.30231   -0.406784E-05   -0.308778E-05   -0.230206E-05
 8.30981   -0.406111E-05   -0.308210E-05   -0.231897E-05
 8.31731   -0.405439E-05   -0.307642E-05   -0.233583E-05
 8.32481   -0.404769E-05   -0.307075E-05   -0.235264E-05
 8.33231   -0.404101E-05   -0.306509E-05   -0.236939E-05
 8.33982   -0.403434E-05   -0.305943E-05   -0.238608E-05
 8.34732   -0.402767E-05   -0.305378E-05   -0.240271E-05
 8.35482   -0.402103E-05   -0.304814E-05   -0.241929E-05
 8.36232   -0.401440E-05   -0.304251E-05   -0.243582E-05
 8.36982   -0.400779E-05   -0.303688E-05   -0.245228E-05
 8.37733   -0.400118E-05   -0.303127E-05   -0.246870E-05
 8.38483   -0.399459E-05   -0.302566E-05   -0.248505E-05
 8.39233   -0.398803E-05   -0.302006E-05   -0.250136E-05
 8.39983   -0.398146E-05   -0.301446E-05   -0.251760E-05
 8.40734   -0.397491E-05   -0.300887E-05   -0.253379E-05
 8.41484   -0.396837E-05   -0.300329E-05   -0.254993E-05
 8.42234   -0.396185E-05   -0.299772E-05   -0.256600E-05
 8.42984   -0.395534E-05   -0.299216E-05   -0.258204E-05
 8.43734   -0.394885E-05   -0.298660E-05   -0.259801E-05
 8.44485   -0.394237E-05   -0.298105E-05   -0.261393E-05
 8.45235   -0.393591E-05   -0.297551E-05   -0.262979E-05
 8.45985   -0.392945E-05   -0.296997E-05   -0.264560E-05
 8.46735   -0.392302E-05   -0.296444E-05   -0.266135E-05
 8.47485   -0.391659E-05   -0.295892E-05   -0.267705E-05
 8.48236   -0.391018E-05   -0.295340E-05   -0.269270E-05
 8.48986   -0.390378E-05   -0.294790E-05   -0.270829E-05
 8.49736   -0.389740E-05   -0.294240E-05   -0.272383E-05
 8.50486   -0.389102E-05   -0.293691E-05   -0.273932E-05
 8.51236   -0.388467E-05   -0.293143E-05   -0.275475E-05
 8.51987   -0.387832E-05   -0.292595E-05   -0.277013E-05
 8.52737   -0.387199E-05   -0.292048E-05   -0.278545E-05
 8.53487   -0.386568E-05   -0.291503E-05   -0.280073E-05
 8.54237   -0.385937E-05   -0.290957E-05   -0.281595E-05
 8.54987   -0.385308E-05   -0.290412E-05   -0.283111E-05
 8.55738   -0.384681E-05   -0.289868E-05   -0.284623E-05
 8.56488   -0.384054E-05   -0.289325E-05   -0.286129E-05
 8.57238   -0.383429E-05   -0.288782E-05   -0.287629E-05
 8.57988   -0.382806E-05   -0.288240E-05   -0.289125E-05
 8.58739   -0.382182E-05   -0.287699E-05   -0.290615E-05
 8.59489   -0.381562E-05   -0.287159E-05   -0.292101E-05
 8.60239   -0.380943E-05   -0.286619E-05   -0.293580E-05
 8.60989   -0.380324E-05   -0.286081E-05   -0.295055E-05
 8.61739   -0.379707E-05   -0.285542E-05   -0.296525E-05
 8.62490   -0.379092E-05   -0.285005E-05   -0.297990E-05
 8.63240   -0.378476E-05   -0.284466E-05   -0.299449E-05
 8.63990   -0.377864E-05   -0.283932E-05   -0.300903E-05
 8.64740   -0.377252E-05   -0.283397E-05   -0.302352E-05
 8.65490   -0.376642E-05   -0.282862E-05   -0.303796E-05
 8.66241   -0.376033E-05   -0.282328E-05   -0.305235E-05
 8.66991   -0.375425E-05   -0.281795E-05   -0.306668E-05
 8.67741   -0.374819E-05   -0.281263E-05   -0.308097E-05
 8.68491   -0.374213E-05   -0.280731E-05   -0.309520E-05
 8.69241   -0.373609E-05   -0.280200E-05   -0.310938E-05
 8.69992   -0.373007E-05   -0.279669E-05   -0.312351E-05
 8.70742   -0.372405E-05   -0.279140E-05   -0.313759E-05
 8.71492   -0.371805E-05   -0.278611E-05   -0.315162E-05
 8.72242   -0.371207E-05   -0.278083E-05   -0.316558E-05
 8.72992   -0.370610E-05   -0.277555E-05   -0.317953E-05
 8.73743   -0.370013E-05   -0.277028E-05   -0.319341E-05
 8.74493   -0.369419E-05   -0.276502E-05   -0.320724E-05
 8.75243   -0.368825E-05   -0.275977E-05   -0.322102E-05
 8.75993   -0.368233E-05   -0.275452E-05   -0.323475E-05
 8.76744   -0.367642E-05   -0.274928E-05   -0.324843E-05
 8.77494   -0.367052E-05   -0.274404E-05   -0.326206E-05
 8.78244   -0.366464E-05   -0.273882E-05   -0.327565E-05
 8.78994   -0.365877E-05   -0.273360E-05   -0.328918E-05
 8.79744   -0.365291E-05   -0.272839E-05   -0.330266E-05
 8.80495   -0.364706E-05   -0.272318E-05   -0.331610E-05
 8.81245   -0.364123E-05   -0.271798E-05   -0.332948E-05
 8.81995   -0.363541E-05   -0.271279E-05   -0.334283E-05
 8.82745   -0.362960E-05   -0.270761E-05   -0.335612E-05
 8.83495   -0.362380E-05   -0.270243E-05   -0.336936E-05
 8.84246   -0.361802E-05   -0.269726E-05   -0.338255E-05
 8.84996   -0.361225E-05   -0.269209E-05   -0.339569E-05
 8.85746   -0.360649E-05   -0.268694E-05   -0.340878E-05
 8.86496   -0.360075E-05   -0.268179E-05   -0.342183E-05
 8.87246   -0.359502E-05   -0.267664E-05   -0.343483E-05
 8.87997   -0.358930E-05   -0.267151E-05   -0.344778E-05
 8.88747   -0.358359E-05   -0.266638E-05   -0.346068E-05
 8.89497   -0.357787E-05   -0.266126E-05   -0.347353E-05
 8.90247   -0.357219E-05   -0.265614E-05   -0.348634E-05
 8.90997   -0.356651E-05   -0.265103E-05   -0.349909E-05
 8.91748   -0.356086E-05   -0.264593E-05   -0.351181E-05
 8.92498   -0.355523E-05   -0.264083E-05   -0.352447E-05
 8.93248   -0.354960E-05   -0.263575E-05   -0.353709E-05
 8.93998   -0.354398E-05   -0.263066E-05   -0.354965E-05
 8.94749   -0.353837E-05   -0.262559E-05   -0.356218E-05
 8.95499   -0.353277E-05   -0.262052E-05   -0.357465E-05
 8.96249   -0.352719E-05   -0.261546E-05   -0.358708E-05
 8.96999   -0.352161E-05   -0.261041E-05   -0.359946E-05
 8.97749   -0.351605E-05   -0.260537E-05   -0.361179E-05
 8.98500   -0.351050E-05   -0.260032E-05   -0.362409E-05
 8.99250   -0.350497E-05   -0.259529E-05   -0.363633E-05
 9.00000   -0.349944E-05   -0.259026E-05   -0.364853E-05
