 0.00500    0.229443E-02   -0.117498E-02    0.932003E-03
 0.01501    0.203003E-02   -0.104278E-02    0.832831E-03
 0.02501    0.185148E-02   -0.953514E-03    0.765880E-03
 0.03502    0.171281E-02   -0.884169E-03    0.713863E-03
 0.04502    0.159857E-02   -0.827044E-03    0.671003E-03
 0.05503    0.150125E-02   -0.778369E-03    0.634479E-03
 0.06503    0.141643E-02   -0.735950E-03    0.602642E-03
 0.07504    0.134134E-02   -0.698391E-03    0.574450E-03
 0.08504    0.127404E-02   -0.664731E-03    0.549178E-03
 0.09505    0.121317E-02   -0.634282E-03    0.526312E-03
 0.10506    0.115770E-02   -0.606525E-03    0.505464E-03
 0.11506    0.110680E-02   -0.581062E-03    0.486333E-03
 0.12507    0.105987E-02   -0.557579E-03    0.468686E-03
 0.13507    0.101640E-02   -0.535825E-03    0.452333E-03
 0.14508    0.975963E-03   -0.515593E-03    0.437120E-03
 0.15508    0.938244E-03   -0.496713E-03    0.422919E-03
 0.16509    0.902941E-03   -0.479041E-03    0.409622E-03
 0.17509    0.869812E-03   -0.462454E-03    0.397137E-03
 0.18510    0.838649E-03   -0.446850E-03    0.385388E-03
 0.19511    0.809270E-03   -0.432138E-03    0.374306E-03
 0.20511    0.781519E-03   -0.418239E-03    0.363832E-03
 0.21512    0.755257E-03   -0.405083E-03    0.353915E-03
 0.22512    0.730365E-03   -0.392612E-03    0.344509E-03
 0.23513    0.706735E-03   -0.380772E-03    0.335575E-03
 0.24513    0.684273E-03   -0.369514E-03    0.327077E-03
 0.25514    0.662891E-03   -0.358796E-03    0.318982E-03
 0.26514    0.642514E-03   -0.348580E-03    0.311263E-03
 0.27515    0.623072E-03   -0.338832E-03    0.303892E-03
 0.28516    0.604504E-03   -0.329519E-03    0.296848E-03
 0.29516    0.586751E-03   -0.320613E-03    0.290108E-03
 0.30517    0.569764E-03   -0.312090E-03    0.283653E-03
 0.31517    0.553493E-03   -0.303924E-03    0.277466E-03
 0.32518    0.537895E-03   -0.296095E-03    0.271530E-03
 0.33518    0.522932E-03   -0.288583E-03    0.265830E-03
 0.34519    0.508566E-03   -0.281369E-03    0.260353E-03
 0.35519    0.494764E-03   -0.274436E-03    0.255087E-03
 0.36520    0.481494E-03   -0.267770E-03    0.250019E-03
 0.37521    0.468729E-03   -0.261355E-03    0.245139E-03
 0.38521    0.456441E-03   -0.255178E-03    0.240436E-03
 0.39522    0.444605E-03   -0.249227E-03    0.235903E-03
 0.40522    0.433198E-03   -0.243490E-03    0.231529E-03
 0.41523    0.422199E-03   -0.237957E-03    0.227306E-03
 0.42523    0.411587E-03   -0.232618E-03    0.223229E-03
 0.43524    0.401344E-03   -0.227462E-03    0.219288E-03
 0.44524    0.391451E-03   -0.222481E-03    0.215478E-03
 0.45525    0.381894E-03   -0.217668E-03    0.211793E-03
 0.46526    0.372655E-03   -0.213014E-03    0.208227E-03
 0.47526    0.363720E-03   -0.208511E-03    0.204774E-03
 0.48527    0.355077E-03   -0.204154E-03    0.201429E-03
 0.49527    0.346712E-03   -0.199936E-03    0.198187E-03
 0.50528    0.338612E-03   -0.195850E-03    0.195044E-03
 0.51528    0.330767E-03   -0.191891E-03    0.191996E-03
 0.52529    0.323165E-03   -0.188054E-03    0.189039E-03
 0.53529    0.315797E-03   -0.184334E-03    0.186168E-03
 0.54530    0.308652E-03   -0.180725E-03    0.183381E-03
 0.55531    0.301723E-03   -0.177223E-03    0.180673E-03
 0.56531    0.294998E-03   -0.173824E-03    0.178043E-03
 0.57532    0.288472E-03   -0.170524E-03    0.175485E-03
 0.58532    0.282136E-03   -0.167318E-03    0.172999E-03
 0.59533    0.275982E-03   -0.164204E-03    0.170580E-03
 0.60533    0.270004E-03   -0.161177E-03    0.168226E-03
 0.61534    0.264195E-03   -0.158234E-03    0.165935E-03
 0.62534    0.258548E-03   -0.155373E-03    0.163705E-03
 0.63535    0.253057E-03   -0.152589E-03    0.161532E-03
 0.64536    0.247717E-03   -0.149881E-03    0.159416E-03
 0.65536    0.242523E-03   -0.147246E-03    0.157354E-03
 0.66537    0.237468E-03   -0.144680E-03    0.155343E-03
 0.67537    0.232549E-03   -0.142182E-03    0.153383E-03
 0.68538    0.227760E-03   -0.139748E-03    0.151471E-03
 0.69538    0.223096E-03   -0.137378E-03    0.149606E-03
 0.70539    0.218554E-03   -0.135068E-03    0.147786E-03
 0.71539    0.214129E-03   -0.132816E-03    0.146010E-03
 0.72540    0.209817E-03   -0.130621E-03    0.144275E-03
 0.73541    0.205615E-03   -0.128480E-03    0.142581E-03
 0.74541    0.201518E-03   -0.126393E-03    0.140926E-03
 0.75542    0.197524E-03   -0.124356E-03    0.139310E-03
 0.76542    0.193628E-03   -0.122369E-03    0.137730E-03
 0.77543    0.189829E-03   -0.120430E-03    0.136186E-03
 0.78543    0.186122E-03   -0.118537E-03    0.134676E-03
 0.79544    0.182505E-03   -0.116688E-03    0.133199E-03
 0.80544    0.178975E-03   -0.114884E-03    0.131755E-03
 0.81545    0.175529E-03   -0.113121E-03    0.130342E-03
 0.82546    0.172165E-03   -0.111399E-03    0.128959E-03
 0.83546    0.168880E-03   -0.109716E-03    0.127605E-03
 0.84547    0.165671E-03   -0.108072E-03    0.126280E-03
 0.85547    0.162537E-03   -0.106465E-03    0.124983E-03
 0.86548    0.159475E-03   -0.104894E-03    0.123712E-03
 0.87548    0.156483E-03   -0.103358E-03    0.122468E-03
 0.88549    0.153559E-03   -0.101856E-03    0.121248E-03
 0.89549    0.150701E-03   -0.100387E-03    0.120053E-03
 0.90550    0.147908E-03   -0.989490E-04    0.118882E-03
 0.91551    0.145176E-03   -0.975432E-04    0.117734E-03
 0.92551    0.142505E-03   -0.961673E-04    0.116608E-03
 0.93552    0.139893E-03   -0.948207E-04    0.115505E-03
 0.94552    0.137338E-03   -0.935027E-04    0.114422E-03
 0.95553    0.134838E-03   -0.922123E-04    0.113360E-03
 0.96553    0.132392E-03   -0.909490E-04    0.112318E-03
 0.97554    0.129999E-03   -0.897119E-04    0.111295E-03
 0.98555    0.127657E-03   -0.885003E-04    0.110291E-03
 0.99555    0.125364E-03   -0.873135E-04    0.109306E-03
 1.00556    0.123120E-03   -0.861510E-04    0.108339E-03
 1.01556    0.120923E-03   -0.850119E-04    0.107389E-03
 1.02557    0.118772E-03   -0.838957E-04    0.106456E-03
 1.03557    0.116666E-03   -0.828018E-04    0.105540E-03
 1.04558    0.114603E-03   -0.817297E-04    0.104640E-03
 1.05558    0.112582E-03   -0.806787E-04    0.103755E-03
 1.06559    0.110603E-03   -0.796483E-04    0.102886E-03
 1.07560    0.108664E-03   -0.786380E-04    0.102032E-03
 1.08560    0.106764E-03   -0.776473E-04    0.101192E-03
 1.09561    0.104902E-03   -0.766757E-04    0.100367E-03
 1.10561    0.103077E-03   -0.757227E-04    0.995549E-04
 1.11562    0.101289E-03   -0.747879E-04    0.987566E-04
 1.12562    0.995364E-04   -0.738707E-04    0.979714E-04
 1.13563    0.978181E-04   -0.729708E-04    0.971991E-04
 1.14563    0.961336E-04   -0.720878E-04    0.964392E-04
 1.15564    0.944819E-04   -0.712212E-04    0.956915E-04
 1.16565    0.928623E-04   -0.703706E-04    0.949557E-04
 1.17565    0.912740E-04   -0.695357E-04    0.942315E-04
 1.18566    0.897163E-04   -0.687161E-04    0.935187E-04
 1.19566    0.881884E-04   -0.679115E-04    0.928170E-04
 1.20567    0.866897E-04   -0.671214E-04    0.921260E-04
 1.21567    0.852195E-04   -0.663455E-04    0.914456E-04
 1.22568    0.837770E-04   -0.655836E-04    0.907755E-04
 1.23568    0.823619E-04   -0.648353E-04    0.901155E-04
 1.24569    0.809732E-04   -0.641002E-04    0.894653E-04
 1.25570    0.796104E-04   -0.633781E-04    0.888247E-04
 1.26570    0.782730E-04   -0.626687E-04    0.881935E-04
 1.27571    0.769604E-04   -0.619717E-04    0.875716E-04
 1.28571    0.756720E-04   -0.612868E-04    0.869586E-04
 1.29572    0.744072E-04   -0.606138E-04    0.863544E-04
 1.30572    0.731656E-04   -0.599523E-04    0.857588E-04
 1.31573    0.719466E-04   -0.593022E-04    0.851716E-04
 1.32573    0.707498E-04   -0.586631E-04    0.845926E-04
 1.33574    0.695746E-04   -0.580349E-04    0.840216E-04
 1.34575    0.684206E-04   -0.574173E-04    0.834585E-04
 1.35575    0.672873E-04   -0.568101E-04    0.829031E-04
 1.36576    0.661743E-04   -0.562130E-04    0.823552E-04
 1.37576    0.650812E-04   -0.556258E-04    0.818147E-04
 1.38577    0.640074E-04   -0.550485E-04    0.812814E-04
 1.39577    0.629527E-04   -0.544806E-04    0.807551E-04
 1.40578    0.619166E-04   -0.539220E-04    0.802358E-04
 1.41578    0.608987E-04   -0.533726E-04    0.797232E-04
 1.42579    0.598987E-04   -0.528321E-04    0.792173E-04
 1.43580    0.589161E-04   -0.523004E-04    0.787179E-04
 1.44580    0.579507E-04   -0.517772E-04    0.782248E-04
 1.45581    0.570020E-04   -0.512625E-04    0.777379E-04
 1.46581    0.560697E-04   -0.507560E-04    0.772571E-04
 1.47582    0.551535E-04   -0.502575E-04    0.767823E-04
 1.48582    0.542531E-04   -0.497670E-04    0.763135E-04
 1.49583    0.533681E-04   -0.492841E-04    0.758503E-04
 1.50583    0.524983E-04   -0.488089E-04    0.753927E-04
 1.51584    0.516432E-04   -0.483411E-04    0.749407E-04
 1.52585    0.508027E-04   -0.478806E-04    0.744941E-04
 1.53585    0.499765E-04   -0.474273E-04    0.740528E-04
 1.54586    0.491642E-04   -0.469810E-04    0.736167E-04
 1.55586    0.483657E-04   -0.465415E-04    0.731857E-04
 1.56587    0.475805E-04   -0.461088E-04    0.727597E-04
 1.57587    0.468086E-04   -0.456827E-04    0.723386E-04
 1.58588    0.460495E-04   -0.452631E-04    0.719223E-04
 1.59588    0.453032E-04   -0.448496E-04    0.715107E-04
 1.60589    0.445692E-04   -0.444427E-04    0.711038E-04
 1.61590    0.438475E-04   -0.440417E-04    0.707014E-04
 1.62590    0.431377E-04   -0.436468E-04    0.703035E-04
 1.63591    0.424397E-04   -0.432578E-04    0.699100E-04
 1.64591    0.417531E-04   -0.428746E-04    0.695208E-04
 1.65592    0.410780E-04   -0.424971E-04    0.691358E-04
 1.66592    0.404139E-04   -0.421253E-04    0.687550E-04
 1.67593    0.397607E-04   -0.417588E-04    0.683782E-04
 1.68593    0.391182E-04   -0.413978E-04    0.680054E-04
 1.69594    0.384862E-04   -0.410420E-04    0.676366E-04
 1.70595    0.378645E-04   -0.406914E-04    0.672716E-04
 1.71595    0.372530E-04   -0.403458E-04    0.669104E-04
 1.72596    0.366514E-04   -0.400054E-04    0.665530E-04
 1.73596    0.360597E-04   -0.396697E-04    0.661992E-04
 1.74597    0.354775E-04   -0.393390E-04    0.658490E-04
 1.75597    0.349048E-04   -0.390131E-04    0.655024E-04
 1.76598    0.343413E-04   -0.386917E-04    0.651592E-04
 1.77598    0.337870E-04   -0.383750E-04    0.648195E-04
 1.78599    0.332417E-04   -0.380628E-04    0.644831E-04
 1.79600    0.327051E-04   -0.377550E-04    0.641500E-04
 1.80600    0.321773E-04   -0.374517E-04    0.638202E-04
 1.81601    0.316580E-04   -0.371524E-04    0.634934E-04
 1.82601    0.311470E-04   -0.368575E-04    0.631702E-04
 1.83602    0.306444E-04   -0.365668E-04    0.628499E-04
 1.84602    0.301498E-04   -0.362802E-04    0.625326E-04
 1.85603    0.296632E-04   -0.359976E-04    0.622184E-04
 1.86603    0.291845E-04   -0.357190E-04    0.619071E-04
 1.87604    0.287135E-04   -0.354443E-04    0.615987E-04
 1.88605    0.282501E-04   -0.351733E-04    0.612932E-04
 1.89605    0.277942E-04   -0.349062E-04    0.609905E-04
 1.90606    0.273457E-04   -0.346430E-04    0.606907E-04
 1.91606    0.269045E-04   -0.343832E-04    0.603935E-04
 1.92607    0.264704E-04   -0.341271E-04    0.600991E-04
 1.93607    0.260433E-04   -0.338745E-04    0.598073E-04
 1.94608    0.256233E-04   -0.336254E-04    0.595182E-04
 1.95608    0.252100E-04   -0.333798E-04    0.592317E-04
 1.96609    0.248035E-04   -0.331376E-04    0.589477E-04
 1.97610    0.244036E-04   -0.328988E-04    0.586662E-04
 1.98610    0.240103E-04   -0.326632E-04    0.583873E-04
 1.99611    0.236234E-04   -0.324309E-04    0.581108E-04
 2.00611    0.232429E-04   -0.322018E-04    0.578367E-04
 2.01612    0.228686E-04   -0.319759E-04    0.575649E-04
 2.02612    0.225005E-04   -0.317531E-04    0.572956E-04
 2.03613    0.221385E-04   -0.315334E-04    0.570285E-04
 2.04613    0.217825E-04   -0.313167E-04    0.567639E-04
 2.05614    0.214324E-04   -0.311030E-04    0.565013E-04
 2.06615    0.210881E-04   -0.308923E-04    0.562410E-04
 2.07615    0.207496E-04   -0.306844E-04    0.559830E-04
 2.08616    0.204167E-04   -0.304795E-04    0.557271E-04
 2.09616    0.200894E-04   -0.302773E-04    0.554733E-04
 2.10617    0.197676E-04   -0.300779E-04    0.552216E-04
 2.11617    0.194512E-04   -0.298813E-04    0.549721E-04
 2.12618    0.191402E-04   -0.296874E-04    0.547245E-04
 2.13618    0.188344E-04   -0.294961E-04    0.544790E-04
 2.14619    0.185338E-04   -0.293075E-04    0.542355E-04
 2.15620    0.182383E-04   -0.291215E-04    0.539940E-04
 2.16620    0.179479E-04   -0.289380E-04    0.537544E-04
 2.17621    0.176624E-04   -0.287570E-04    0.535167E-04
 2.18621    0.173818E-04   -0.285785E-04    0.532809E-04
 2.19622    0.171059E-04   -0.284024E-04    0.530470E-04
 2.20622    0.168348E-04   -0.282287E-04    0.528149E-04
 2.21623    0.165684E-04   -0.280574E-04    0.525846E-04
 2.22623    0.163065E-04   -0.278884E-04    0.523560E-04
 2.23624    0.160491E-04   -0.277217E-04    0.521292E-04
 2.24625    0.157961E-04   -0.275573E-04    0.519041E-04
 2.25625    0.155475E-04   -0.273950E-04    0.516807E-04
 2.26626    0.153031E-04   -0.272349E-04    0.514590E-04
 2.27626    0.150629E-04   -0.270769E-04    0.512389E-04
 2.28627    0.148268E-04   -0.269209E-04    0.510205E-04
 2.29627    0.145948E-04   -0.267670E-04    0.508035E-04
 2.30628    0.143667E-04   -0.266152E-04    0.505882E-04
 2.31628    0.141425E-04   -0.264655E-04    0.503744E-04
 2.32629    0.139221E-04   -0.263175E-04    0.501620E-04
 2.33630    0.137054E-04   -0.261714E-04    0.499511E-04
 2.34630    0.134923E-04   -0.260272E-04    0.497417E-04
 2.35631    0.132828E-04   -0.258849E-04    0.495337E-04
 2.36631    0.130768E-04   -0.257444E-04    0.493270E-04
 2.37632    0.128742E-04   -0.256056E-04    0.491217E-04
 2.38632    0.126749E-04   -0.254685E-04    0.489177E-04
 2.39633    0.124789E-04   -0.253330E-04    0.487151E-04
 2.40633    0.122860E-04   -0.251991E-04    0.485136E-04
 2.41634    0.120963E-04   -0.250668E-04    0.483135E-04
 2.42635    0.119096E-04   -0.249362E-04    0.481145E-04
 2.43635    0.117258E-04   -0.248069E-04    0.479167E-04
 2.44636    0.115449E-04   -0.246792E-04    0.477200E-04
 2.45636    0.113668E-04   -0.245529E-04    0.475245E-04
 2.46637    0.111914E-04   -0.244280E-04    0.473301E-04
 2.47637    0.110187E-04   -0.243044E-04    0.471368E-04
 2.48638    0.108486E-04   -0.241822E-04    0.469445E-04
 2.49638    0.106809E-04   -0.240612E-04    0.467532E-04
 2.50639    0.105158E-04   -0.239415E-04    0.465629E-04
 2.51640    0.103529E-04   -0.238231E-04    0.463737E-04
 2.52640    0.101924E-04   -0.237058E-04    0.461853E-04
 2.53641    0.100341E-04   -0.235896E-04    0.459978E-04
 2.54641    0.987804E-05   -0.234746E-04    0.458113E-04
 2.55642    0.972405E-05   -0.233606E-04    0.456256E-04
 2.56642    0.957211E-05   -0.232477E-04    0.454408E-04
 2.57643    0.942217E-05   -0.231360E-04    0.452569E-04
 2.58643    0.927417E-05   -0.230251E-04    0.450737E-04
 2.59644    0.912802E-05   -0.229153E-04    0.448913E-04
 2.60645    0.898376E-05   -0.228063E-04    0.447097E-04
 2.61645    0.884125E-05   -0.226982E-04    0.445287E-04
 2.62646    0.870047E-05   -0.225911E-04    0.443487E-04
 2.63646    0.856133E-05   -0.224849E-04    0.441693E-04
 2.64647    0.842390E-05   -0.223795E-04    0.439906E-04
 2.65647    0.828803E-05   -0.222750E-04    0.438126E-04
 2.66648    0.815372E-05   -0.221713E-04    0.436353E-04
 2.67648    0.802092E-05   -0.220683E-04    0.434586E-04
 2.68649    0.788959E-05   -0.219662E-04    0.432826E-04
 2.69650    0.775971E-05   -0.218646E-04    0.431072E-04
 2.70650    0.763123E-05   -0.217640E-04    0.429324E-04
 2.71651    0.750414E-05   -0.216640E-04    0.427582E-04
 2.72651    0.737840E-05   -0.215647E-04    0.425846E-04
 2.73652    0.725398E-05   -0.214661E-04    0.424116E-04
 2.74652    0.713086E-05   -0.213682E-04    0.422392E-04
 2.75653    0.700902E-05   -0.212710E-04    0.420673E-04
 2.76654    0.688843E-05   -0.211744E-04    0.418960E-04
 2.77654    0.676906E-05   -0.210785E-04    0.417253E-04
 2.78655    0.665091E-05   -0.209832E-04    0.415551E-04
 2.79655    0.653395E-05   -0.208885E-04    0.413854E-04
 2.80656    0.641817E-05   -0.207944E-04    0.412163E-04
 2.81656    0.630354E-05   -0.207009E-04    0.410477E-04
 2.82657    0.619006E-05   -0.206081E-04    0.408797E-04
 2.83657    0.607772E-05   -0.205159E-04    0.407122E-04
 2.84658    0.596648E-05   -0.204242E-04    0.405452E-04
 2.85659    0.585636E-05   -0.203330E-04    0.403786E-04
 2.86659    0.574732E-05   -0.202425E-04    0.402127E-04
 2.87660    0.563936E-05   -0.201526E-04    0.400472E-04
 2.88660    0.553247E-05   -0.200632E-04    0.398822E-04
 2.89661    0.542663E-05   -0.199744E-04    0.397177E-04
 2.90661    0.532184E-05   -0.198861E-04    0.395537E-04
 2.91662    0.521808E-05   -0.197984E-04    0.393902E-04
 2.92662    0.511533E-05   -0.197112E-04    0.392272E-04
 2.93663    0.501359E-05   -0.196245E-04    0.390646E-04
 2.94664    0.491284E-05   -0.195384E-04    0.389026E-04
 2.95664    0.481307E-05   -0.194528E-04    0.387410E-04
 2.96665    0.471427E-05   -0.193677E-04    0.385799E-04
 2.97665    0.461640E-05   -0.192831E-04    0.384193E-04
 2.98666    0.451947E-05   -0.191990E-04    0.382591E-04
 2.99666    0.442346E-05   -0.191154E-04    0.380994E-04
 3.00667    0.432833E-05   -0.190323E-04    0.379401E-04
 3.01667    0.423409E-05   -0.189496E-04    0.377813E-04
 3.02668    0.414070E-05   -0.188674E-04    0.376229E-04
 3.03669    0.404814E-05   -0.187857E-04    0.374650E-04
 3.04669    0.395639E-05   -0.187044E-04    0.373074E-04
 3.05670    0.386543E-05   -0.186236E-04    0.371503E-04
 3.06670    0.377523E-05   -0.185430E-04    0.369936E-04
 3.07671    0.368578E-05   -0.184630E-04    0.368373E-04
 3.08671    0.359702E-05   -0.183833E-04    0.366814E-04
 3.09672    0.350894E-05   -0.183040E-04    0.365258E-04
 3.10672    0.342152E-05   -0.182251E-04    0.363707E-04
 3.11673    0.333471E-05   -0.181465E-04    0.362159E-04
 3.12674    0.324849E-05   -0.180682E-04    0.360615E-04
 3.13674    0.316282E-05   -0.179903E-04    0.359074E-04
 3.14675    0.307767E-05   -0.179126E-04    0.357536E-04
 3.15675    0.299300E-05   -0.178353E-04    0.356002E-04
 3.16676    0.290878E-05   -0.177581E-04    0.354471E-04
 3.17676    0.282497E-05   -0.176813E-04    0.352942E-04
 3.18677    0.274154E-05   -0.176047E-04    0.351417E-04
 3.19677    0.265843E-05   -0.175282E-04    0.349894E-04
 3.20678    0.257562E-05   -0.174520E-04    0.348374E-04
 3.21679    0.249307E-05   -0.173759E-04    0.346856E-04
 3.22679    0.241073E-05   -0.173000E-04    0.345341E-04
 3.23680    0.232857E-05   -0.172242E-04    0.343828E-04
 3.24680    0.224654E-05   -0.171485E-04    0.342317E-04
 3.25681    0.216465E-05   -0.170729E-04    0.340808E-04
 3.26681    0.208278E-05   -0.169974E-04    0.339301E-04
 3.27682    0.200093E-05   -0.169220E-04    0.337795E-04
 3.28682    0.191904E-05   -0.168465E-04    0.336291E-04
 3.29683    0.183709E-05   -0.167711E-04    0.334789E-04
 3.30684    0.175506E-05   -0.166957E-04    0.333287E-04
 3.31684    0.167288E-05   -0.166203E-04    0.331788E-04
 3.32685    0.159054E-05   -0.165448E-04    0.330289E-04
 3.33685    0.150801E-05   -0.164693E-04    0.328791E-04
 3.34686    0.142521E-05   -0.163937E-04    0.327294E-04
 3.35686    0.134214E-05   -0.163181E-04    0.325798E-04
 3.36687    0.125876E-05   -0.162422E-04    0.324302E-04
 3.37687    0.117503E-05   -0.161664E-04    0.322807E-04
 3.38688    0.109093E-05   -0.160903E-04    0.321312E-04
 3.39689    0.100643E-05   -0.160141E-04    0.319818E-04
 3.40689    0.921509E-06   -0.159378E-04    0.318324E-04
 3.41690    0.836131E-06   -0.158613E-04    0.316831E-04
 3.42690    0.750282E-06   -0.157846E-04    0.315336E-04
 3.43691    0.663934E-06   -0.157077E-04    0.313844E-04
 3.44691    0.577075E-06   -0.156306E-04    0.312350E-04
 3.45692    0.489680E-06   -0.155533E-04    0.310857E-04
 3.46692    0.401738E-06   -0.154757E-04    0.309364E-04
 3.47693    0.313235E-06   -0.153980E-04    0.307871E-04
 3.48694    0.224159E-06   -0.153200E-04    0.306377E-04
 3.49694    0.134499E-06   -0.152418E-04    0.304884E-04
 3.50695    0.442490E-07   -0.151634E-04    0.303390E-04
 3.51695   -0.465952E-07   -0.150847E-04    0.301896E-04
 3.52696   -0.138039E-06   -0.150058E-04    0.300402E-04
 3.53696   -0.230086E-06   -0.149267E-04    0.298908E-04
 3.54697   -0.322724E-06   -0.148473E-04    0.297414E-04
 3.55697   -0.415962E-06   -0.147676E-04    0.295920E-04
 3.56698   -0.509786E-06   -0.146878E-04    0.294426E-04
 3.57699   -0.604192E-06   -0.146077E-04    0.292931E-04
 3.58699   -0.699168E-06   -0.145274E-04    0.291438E-04
 3.59700   -0.794704E-06   -0.144469E-04    0.289944E-04
 3.60700   -0.890781E-06   -0.143662E-04    0.288451E-04
 3.61701   -0.987385E-06   -0.142852E-04    0.286957E-04
 3.62701   -0.108450E-05   -0.142041E-04    0.285464E-04
 3.63702   -0.118210E-05   -0.141228E-04    0.283972E-04
 3.64702   -0.128017E-05   -0.140414E-04    0.282480E-04
 3.65703   -0.137867E-05   -0.139597E-04    0.280988E-04
 3.66704   -0.147760E-05   -0.138780E-04    0.279498E-04
 3.67704   -0.157691E-05   -0.137961E-04    0.278009E-04
 3.68705   -0.167658E-05   -0.137141E-04    0.276521E-04
 3.69705   -0.177658E-05   -0.136320E-04    0.275033E-04
 3.70706   -0.187689E-05   -0.135498E-04    0.273547E-04
 3.71706   -0.197745E-05   -0.134676E-04    0.272062E-04
 3.72707   -0.207826E-05   -0.133853E-04    0.270579E-04
 3.73707   -0.217925E-05   -0.133030E-04    0.269098E-04
 3.74708   -0.228041E-05   -0.132206E-04    0.267618E-04
 3.75709   -0.238169E-05   -0.131383E-04    0.266140E-04
 3.76709   -0.248305E-05   -0.130560E-04    0.264664E-04
 3.77710   -0.258446E-05   -0.129737E-04    0.263191E-04
 3.78710   -0.268589E-05   -0.128916E-04    0.261720E-04
 3.79711   -0.278727E-05   -0.128094E-04    0.260251E-04
 3.80711   -0.288857E-05   -0.127275E-04    0.258786E-04
 3.81712   -0.298976E-05   -0.126456E-04    0.257323E-04
 3.82712   -0.309079E-05   -0.125639E-04    0.255864E-04
 3.83713   -0.319162E-05   -0.124823E-04    0.254407E-04
 3.84714   -0.329220E-05   -0.124010E-04    0.252955E-04
 3.85714   -0.339249E-05   -0.123198E-04    0.251505E-04
 3.86715   -0.349246E-05   -0.122389E-04    0.250059E-04
 3.87715   -0.359205E-05   -0.121583E-04    0.248617E-04
 3.88716   -0.369124E-05   -0.120779E-04    0.247179E-04
 3.89716   -0.378996E-05   -0.119978E-04    0.245746E-04
 3.90717   -0.388820E-05   -0.119180E-04    0.244316E-04
 3.91717   -0.398590E-05   -0.118386E-04    0.242892E-04
 3.92718   -0.408303E-05   -0.117595E-04    0.241471E-04
 3.93719   -0.417954E-05   -0.116808E-04    0.240056E-04
 3.94719   -0.427540E-05   -0.116025E-04    0.238645E-04
 3.95720   -0.437057E-05   -0.115246E-04    0.237240E-04
 3.96720   -0.446502E-05   -0.114472E-04    0.235840E-04
 3.97721   -0.455870E-05   -0.113702E-04    0.234445E-04
 3.98721   -0.465159E-05   -0.112936E-04    0.233056E-04
 3.99722   -0.474364E-05   -0.112176E-04    0.231672E-04
 4.00722   -0.483484E-05   -0.111420E-04    0.230294E-04
 4.01723   -0.492512E-05   -0.110670E-04    0.228922E-04
 4.02724   -0.501449E-05   -0.109925E-04    0.227556E-04
 4.03724   -0.510288E-05   -0.109185E-04    0.226197E-04
 4.04725   -0.519029E-05   -0.108451E-04    0.224843E-04
 4.05725   -0.527668E-05   -0.107723E-04    0.223496E-04
 4.06726   -0.536202E-05   -0.107001E-04    0.222155E-04
 4.07726   -0.544629E-05   -0.106285E-04    0.220820E-04
 4.08727   -0.552947E-05   -0.105575E-04    0.219493E-04
 4.09727   -0.561153E-05   -0.104871E-04    0.218171E-04
 4.10728   -0.569245E-05   -0.104173E-04    0.216857E-04
 4.11729   -0.577220E-05   -0.103482E-04    0.215549E-04
 4.12729   -0.585078E-05   -0.102798E-04    0.214249E-04
 4.13730   -0.592816E-05   -0.102120E-04    0.212955E-04
 4.14730   -0.600432E-05   -0.101449E-04    0.211668E-04
 4.15731   -0.607926E-05   -0.100785E-04    0.210389E-04
 4.16731   -0.615296E-05   -0.100127E-04    0.209116E-04
 4.17732   -0.622540E-05   -0.994768E-05    0.207851E-04
 4.18732   -0.629657E-05   -0.988333E-05    0.206593E-04
 4.19733   -0.636646E-05   -0.981969E-05    0.205342E-04
 4.20734   -0.643507E-05   -0.975677E-05    0.204099E-04
 4.21734   -0.650239E-05   -0.969452E-05    0.202862E-04
 4.22735   -0.656840E-05   -0.963301E-05    0.201634E-04
 4.23735   -0.663311E-05   -0.957220E-05    0.200412E-04
 4.24736   -0.669650E-05   -0.951214E-05    0.199198E-04
 4.25736   -0.675858E-05   -0.945278E-05    0.197991E-04
 4.26737   -0.681934E-05   -0.939415E-05    0.196791E-04
 4.27737   -0.687878E-05   -0.933623E-05    0.195599E-04
 4.28738   -0.693691E-05   -0.927904E-05    0.194415E-04
 4.29739   -0.699370E-05   -0.922258E-05    0.193237E-04
 4.30739   -0.704920E-05   -0.916683E-05    0.192067E-04
 4.31740   -0.710337E-05   -0.911180E-05    0.190905E-04
 4.32740   -0.715623E-05   -0.905749E-05    0.189749E-04
 4.33741   -0.720778E-05   -0.900390E-05    0.188602E-04
 4.34741   -0.725804E-05   -0.895101E-05    0.187461E-04
 4.35742   -0.730701E-05   -0.889884E-05    0.186327E-04
 4.36742   -0.735468E-05   -0.884737E-05    0.185201E-04
 4.37743   -0.740107E-05   -0.879661E-05    0.184082E-04
 4.38744   -0.744619E-05   -0.874652E-05    0.182970E-04
 4.39744   -0.749004E-05   -0.869714E-05    0.181865E-04
 4.40745   -0.753264E-05   -0.864844E-05    0.180768E-04
 4.41745   -0.757398E-05   -0.860043E-05    0.179677E-04
 4.42746   -0.761414E-05   -0.855308E-05    0.178593E-04
 4.43746   -0.765305E-05   -0.850641E-05    0.177517E-04
 4.44747   -0.769076E-05   -0.846040E-05    0.176447E-04
 4.45747   -0.772726E-05   -0.841504E-05    0.175384E-04
 4.46748   -0.776259E-05   -0.837035E-05    0.174328E-04
 4.47749   -0.779675E-05   -0.832629E-05    0.173278E-04
 4.48749   -0.782975E-05   -0.828286E-05    0.172235E-04
 4.49750   -0.786162E-05   -0.824006E-05    0.171199E-04
 4.50750   -0.789235E-05   -0.819789E-05    0.170170E-04
 4.51751   -0.792197E-05   -0.815632E-05    0.169147E-04
 4.52751   -0.795049E-05   -0.811537E-05    0.168130E-04
 4.53752   -0.797793E-05   -0.807501E-05    0.167120E-04
 4.54753   -0.800430E-05   -0.803524E-05    0.166116E-04
 4.55753   -0.802962E-05   -0.799604E-05    0.165118E-04
 4.56754   -0.805391E-05   -0.795743E-05    0.164127E-04
 4.57754   -0.807716E-05   -0.791941E-05    0.163141E-04
 4.58755   -0.809943E-05   -0.788192E-05    0.162162E-04
 4.59755   -0.812075E-05   -0.784499E-05    0.161189E-04
 4.60756   -0.814106E-05   -0.780858E-05    0.160221E-04
 4.61756   -0.816042E-05   -0.777270E-05    0.159260E-04
 4.62757   -0.817884E-05   -0.773736E-05    0.158304E-04
 4.63758   -0.819634E-05   -0.770253E-05    0.157354E-04
 4.64758   -0.821294E-05   -0.766822E-05    0.156410E-04
 4.65759   -0.822865E-05   -0.763439E-05    0.155471E-04
 4.66759   -0.824349E-05   -0.760106E-05    0.154538E-04
 4.67760   -0.825748E-05   -0.756821E-05    0.153611E-04
 4.68760   -0.827063E-05   -0.753583E-05    0.152688E-04
 4.69761   -0.828296E-05   -0.750392E-05    0.151771E-04
 4.70761   -0.829449E-05   -0.747246E-05    0.150860E-04
 4.71762   -0.830523E-05   -0.744145E-05    0.149953E-04
 4.72763   -0.831520E-05   -0.741088E-05    0.149052E-04
 4.73763   -0.832441E-05   -0.738074E-05    0.148156E-04
 4.74764   -0.833288E-05   -0.735103E-05    0.147265E-04
 4.75764   -0.834063E-05   -0.732172E-05    0.146378E-04
 4.76765   -0.834767E-05   -0.729284E-05    0.145497E-04
 4.77765   -0.835402E-05   -0.726434E-05    0.144621E-04
 4.78766   -0.835969E-05   -0.723624E-05    0.143749E-04
 4.79766   -0.836469E-05   -0.720852E-05    0.142882E-04
 4.80767   -0.836905E-05   -0.718118E-05    0.142020E-04
 4.81768   -0.837278E-05   -0.715421E-05    0.141162E-04
 4.82768   -0.837589E-05   -0.712760E-05    0.140309E-04
 4.83769   -0.837839E-05   -0.710134E-05    0.139460E-04
 4.84769   -0.838031E-05   -0.707543E-05    0.138616E-04
 4.85770   -0.838164E-05   -0.704986E-05    0.137776E-04
 4.86770   -0.838241E-05   -0.702462E-05    0.136941E-04
 4.87771   -0.838265E-05   -0.699971E-05    0.136109E-04
 4.88771   -0.838235E-05   -0.697512E-05    0.135282E-04
 4.89772   -0.838153E-05   -0.695083E-05    0.134459E-04
 4.90773   -0.838020E-05   -0.692685E-05    0.133641E-04
 4.91773   -0.837837E-05   -0.690317E-05    0.132826E-04
 4.92774   -0.837607E-05   -0.687979E-05    0.132015E-04
 4.93774   -0.837330E-05   -0.685668E-05    0.131209E-04
 4.94775   -0.837006E-05   -0.683386E-05    0.130406E-04
 4.95775   -0.836638E-05   -0.681131E-05    0.129607E-04
 4.96776   -0.836227E-05   -0.678901E-05    0.128812E-04
 4.97776   -0.835773E-05   -0.676699E-05    0.128020E-04
 4.98777   -0.835279E-05   -0.674522E-05    0.127233E-04
 4.99778   -0.834744E-05   -0.672372E-05    0.126449E-04
 5.00778   -0.834172E-05   -0.670243E-05    0.125669E-04
 5.01779   -0.833561E-05   -0.668140E-05    0.124892E-04
 5.02779   -0.832913E-05   -0.666060E-05    0.124119E-04
 5.03780   -0.832227E-05   -0.664003E-05    0.123349E-04
 5.04780   -0.831511E-05   -0.661968E-05    0.122583E-04
 5.05781   -0.830759E-05   -0.659955E-05    0.121820E-04
 5.06781   -0.829973E-05   -0.657962E-05    0.121061E-04
 5.07782   -0.829157E-05   -0.655991E-05    0.120305E-04
 5.08783   -0.828309E-05   -0.654041E-05    0.119552E-04
 5.09783   -0.827431E-05   -0.652111E-05    0.118803E-04
 5.10784   -0.826525E-05   -0.650200E-05    0.118057E-04
 5.11784   -0.825589E-05   -0.648307E-05    0.117314E-04
 5.12785   -0.824627E-05   -0.646434E-05    0.116574E-04
 5.13785   -0.823638E-05   -0.644579E-05    0.115837E-04
 5.14786   -0.822622E-05   -0.642741E-05    0.115104E-04
 5.15786   -0.821583E-05   -0.640921E-05    0.114373E-04
 5.16787   -0.820518E-05   -0.639117E-05    0.113646E-04
 5.17788   -0.819431E-05   -0.637330E-05    0.112921E-04
 5.18788   -0.818318E-05   -0.635558E-05    0.112200E-04
 5.19789   -0.817186E-05   -0.633804E-05    0.111482E-04
 5.20789   -0.816035E-05   -0.632065E-05    0.110766E-04
 5.21790   -0.814860E-05   -0.630340E-05    0.110053E-04
 5.22790   -0.813665E-05   -0.628631E-05    0.109344E-04
 5.23791   -0.812452E-05   -0.626935E-05    0.108637E-04
 5.24791   -0.811219E-05   -0.625254E-05    0.107933E-04
 5.25792   -0.809968E-05   -0.623587E-05    0.107231E-04
 5.26793   -0.808700E-05   -0.621933E-05    0.106533E-04
 5.27793   -0.807415E-05   -0.620292E-05    0.105837E-04
 5.28794   -0.806114E-05   -0.618664E-05    0.105144E-04
 5.29794   -0.804796E-05   -0.617049E-05    0.104453E-04
 5.30795   -0.803463E-05   -0.615446E-05    0.103766E-04
 5.31795   -0.802116E-05   -0.613855E-05    0.103080E-04
 5.32796   -0.800755E-05   -0.612271E-05    0.102398E-04
 5.33796   -0.799379E-05   -0.610704E-05    0.101718E-04
 5.34797   -0.797991E-05   -0.609147E-05    0.101041E-04
 5.35798   -0.796589E-05   -0.607602E-05    0.100366E-04
 5.36798   -0.795175E-05   -0.606067E-05    0.996936E-05
 5.37799   -0.793749E-05   -0.604543E-05    0.990238E-05
 5.38799   -0.792315E-05   -0.603029E-05    0.983566E-05
 5.39800   -0.790864E-05   -0.601525E-05    0.976918E-05
 5.40800   -0.789405E-05   -0.600031E-05    0.970294E-05
 5.41801   -0.787937E-05   -0.598547E-05    0.963695E-05
 5.42801   -0.786457E-05   -0.597073E-05    0.957120E-05
 5.43802   -0.784969E-05   -0.595607E-05    0.950569E-05
 5.44803   -0.783472E-05   -0.594151E-05    0.944042E-05
 5.45803   -0.781966E-05   -0.592703E-05    0.937537E-05
 5.46804   -0.780451E-05   -0.591264E-05    0.931057E-05
 5.47804   -0.778929E-05   -0.589834E-05    0.924603E-05
 5.48805   -0.777393E-05   -0.588412E-05    0.918169E-05
 5.49805   -0.775861E-05   -0.586998E-05    0.911758E-05
 5.50806   -0.774316E-05   -0.585594E-05    0.905371E-05
 5.51806   -0.772765E-05   -0.584196E-05    0.899006E-05
 5.52807   -0.771208E-05   -0.582806E-05    0.892664E-05
 5.53808   -0.769644E-05   -0.581423E-05    0.886345E-05
 5.54808   -0.768074E-05   -0.580047E-05    0.880047E-05
 5.55809   -0.766499E-05   -0.578679E-05    0.873772E-05
 5.56809   -0.764918E-05   -0.577318E-05    0.867519E-05
 5.57810   -0.763332E-05   -0.575964E-05    0.861290E-05
 5.58810   -0.761741E-05   -0.574617E-05    0.855079E-05
 5.59811   -0.760146E-05   -0.573277E-05    0.848892E-05
 5.60811   -0.758546E-05   -0.571943E-05    0.842727E-05
 5.61812   -0.756942E-05   -0.570615E-05    0.836582E-05
 5.62813   -0.755335E-05   -0.569294E-05    0.830461E-05
 5.63813   -0.753723E-05   -0.567979E-05    0.824359E-05
 5.64814   -0.752108E-05   -0.566669E-05    0.818278E-05
 5.65814   -0.750490E-05   -0.565366E-05    0.812218E-05
 5.66815   -0.748869E-05   -0.564069E-05    0.806181E-05
 5.67815   -0.747245E-05   -0.562778E-05    0.800163E-05
 5.68816   -0.745618E-05   -0.561492E-05    0.794167E-05
 5.69816   -0.743988E-05   -0.560212E-05    0.788191E-05
 5.70817   -0.742357E-05   -0.558937E-05    0.782236E-05
 5.71818   -0.740723E-05   -0.557668E-05    0.776301E-05
 5.72818   -0.739087E-05   -0.556404E-05    0.770387E-05
 5.73819   -0.737449E-05   -0.555145E-05    0.764489E-05
 5.74819   -0.735810E-05   -0.553891E-05    0.758621E-05
 5.75820   -0.734169E-05   -0.552642E-05    0.752767E-05
 5.76820   -0.732527E-05   -0.551398E-05    0.746934E-05
 5.77821   -0.730884E-05   -0.550159E-05    0.741120E-05
 5.78821   -0.729239E-05   -0.548925E-05    0.735327E-05
 5.79822   -0.727594E-05   -0.547695E-05    0.729553E-05
 5.80823   -0.725948E-05   -0.546470E-05    0.723797E-05
 5.81823   -0.724301E-05   -0.545250E-05    0.718062E-05
 5.82824   -0.722654E-05   -0.544034E-05    0.712346E-05
 5.83824   -0.721006E-05   -0.542822E-05    0.706650E-05
 5.84825   -0.719358E-05   -0.541615E-05    0.700973E-05
 5.85825   -0.717710E-05   -0.540412E-05    0.695320E-05
 5.86826   -0.716061E-05   -0.539213E-05    0.689682E-05
 5.87826   -0.714415E-05   -0.538018E-05    0.684062E-05
 5.88827   -0.712767E-05   -0.536827E-05    0.678461E-05
 5.89828   -0.711120E-05   -0.535640E-05    0.672879E-05
 5.90828   -0.709473E-05   -0.534457E-05    0.667315E-05
 5.91829   -0.707827E-05   -0.533278E-05    0.661770E-05
 5.92829   -0.706181E-05   -0.532103E-05    0.656244E-05
 5.93830   -0.704537E-05   -0.530931E-05    0.650736E-05
 5.94830   -0.702893E-05   -0.529764E-05    0.645247E-05
 5.95831   -0.701251E-05   -0.528599E-05    0.639776E-05
 5.96831   -0.699609E-05   -0.527439E-05    0.634323E-05
 5.97832   -0.697968E-05   -0.526282E-05    0.628888E-05
 5.98833   -0.696329E-05   -0.525128E-05    0.623470E-05
 5.99833   -0.694691E-05   -0.523978E-05    0.618072E-05
 6.00834   -0.693055E-05   -0.522831E-05    0.612691E-05
 6.01834   -0.691420E-05   -0.521687E-05    0.607319E-05
 6.02835   -0.689787E-05   -0.520547E-05    0.601974E-05
 6.03835   -0.688155E-05   -0.519410E-05    0.596647E-05
 6.04836   -0.686524E-05   -0.518276E-05    0.591337E-05
 6.05836   -0.684896E-05   -0.517145E-05    0.586045E-05
 6.06837   -0.683269E-05   -0.516017E-05    0.580771E-05
 6.07838   -0.681644E-05   -0.514892E-05    0.575514E-05
 6.08838   -0.680021E-05   -0.513771E-05    0.570274E-05
 6.09839   -0.678401E-05   -0.512652E-05    0.565052E-05
 6.10839   -0.676782E-05   -0.511536E-05    0.559848E-05
 6.11840   -0.675166E-05   -0.510423E-05    0.554660E-05
 6.12840   -0.673552E-05   -0.509313E-05    0.549490E-05
 6.13841   -0.671940E-05   -0.508205E-05    0.544337E-05
 6.14841   -0.670330E-05   -0.507101E-05    0.539201E-05
 6.15842   -0.668725E-05   -0.505999E-05    0.534083E-05
 6.16843   -0.667121E-05   -0.504899E-05    0.528981E-05
 6.17843   -0.665519E-05   -0.503803E-05    0.523896E-05
 6.18844   -0.663920E-05   -0.502709E-05    0.518828E-05
 6.19844   -0.662324E-05   -0.501618E-05    0.513777E-05
 6.20845   -0.660730E-05   -0.500529E-05    0.508743E-05
 6.21845   -0.659140E-05   -0.499442E-05    0.503725E-05
 6.22846   -0.657552E-05   -0.498358E-05    0.498725E-05
 6.23846   -0.655968E-05   -0.497277E-05    0.493741E-05
 6.24847   -0.654386E-05   -0.496198E-05    0.488774E-05
 6.25848   -0.652807E-05   -0.495121E-05    0.483823E-05
 6.26848   -0.651231E-05   -0.494047E-05    0.478890E-05
 6.27849   -0.649658E-05   -0.492975E-05    0.473972E-05
 6.28849   -0.648089E-05   -0.491905E-05    0.469072E-05
 6.29850   -0.646522E-05   -0.490837E-05    0.464187E-05
 6.30850   -0.644959E-05   -0.489772E-05    0.459319E-05
 6.31851   -0.643400E-05   -0.488709E-05    0.454468E-05
 6.32852   -0.641843E-05   -0.487648E-05    0.449633E-05
 6.33852   -0.640291E-05   -0.486589E-05    0.444814E-05
 6.34853   -0.638741E-05   -0.485532E-05    0.440012E-05
 6.35853   -0.637195E-05   -0.484478E-05    0.435225E-05
 6.36854   -0.635653E-05   -0.483425E-05    0.430455E-05
 6.37854   -0.634115E-05   -0.482375E-05    0.425701E-05
 6.38855   -0.632578E-05   -0.481326E-05    0.420964E-05
 6.39855   -0.631046E-05   -0.480279E-05    0.416242E-05
 6.40856   -0.629518E-05   -0.479235E-05    0.411537E-05
 6.41857   -0.627993E-05   -0.478192E-05    0.406848E-05
 6.42857   -0.626472E-05   -0.477151E-05    0.402168E-05
 6.43858   -0.624955E-05   -0.476113E-05    0.397514E-05
 6.44858   -0.623441E-05   -0.475076E-05    0.392875E-05
 6.45859   -0.621932E-05   -0.474040E-05    0.388247E-05
 6.46859   -0.620426E-05   -0.473007E-05    0.383637E-05
 6.47860   -0.618924E-05   -0.471976E-05    0.379043E-05
 6.48860   -0.617426E-05   -0.470946E-05    0.374463E-05
 6.49861   -0.615931E-05   -0.469918E-05    0.369900E-05
 6.50862   -0.614441E-05   -0.468892E-05    0.365353E-05
 6.51862   -0.612954E-05   -0.467867E-05    0.360822E-05
 6.52863   -0.611472E-05   -0.466845E-05    0.356306E-05
 6.53863   -0.609993E-05   -0.465824E-05    0.351805E-05
 6.54864   -0.608519E-05   -0.464804E-05    0.347321E-05
 6.55864   -0.607048E-05   -0.463786E-05    0.342853E-05
 6.56865   -0.605582E-05   -0.462770E-05    0.338400E-05
 6.57865   -0.604120E-05   -0.461756E-05    0.333960E-05
 6.58866   -0.602661E-05   -0.460743E-05    0.329540E-05
 6.59867   -0.601207E-05   -0.459732E-05    0.325131E-05
 6.60867   -0.599755E-05   -0.458722E-05    0.320739E-05
 6.61868   -0.598311E-05   -0.457714E-05    0.316361E-05
 6.62868   -0.596869E-05   -0.456708E-05    0.311999E-05
 6.63869   -0.595429E-05   -0.455703E-05    0.307650E-05
 6.64869   -0.593997E-05   -0.454699E-05    0.303316E-05
 6.65870   -0.592569E-05   -0.453697E-05    0.299000E-05
 6.66870   -0.591144E-05   -0.452697E-05    0.294695E-05
 6.67871   -0.589723E-05   -0.451698E-05    0.290408E-05
 6.68872   -0.588306E-05   -0.450700E-05    0.286135E-05
 6.69872   -0.586894E-05   -0.449704E-05    0.281877E-05
 6.70873   -0.585486E-05   -0.448710E-05    0.277634E-05
 6.71873   -0.584082E-05   -0.447717E-05    0.273404E-05
 6.72874   -0.582682E-05   -0.446725E-05    0.269190E-05
 6.73874   -0.581286E-05   -0.445735E-05    0.264991E-05
 6.74875   -0.579895E-05   -0.444746E-05    0.260807E-05
 6.75875   -0.578508E-05   -0.443758E-05    0.256637E-05
 6.76876   -0.577126E-05   -0.442773E-05    0.252482E-05
 6.77877   -0.575747E-05   -0.441788E-05    0.248342E-05
 6.78877   -0.574373E-05   -0.440805E-05    0.244216E-05
 6.79878   -0.573004E-05   -0.439823E-05    0.240104E-05
 6.80878   -0.571638E-05   -0.438842E-05    0.236005E-05
 6.81879   -0.570277E-05   -0.437863E-05    0.231922E-05
 6.82879   -0.568920E-05   -0.436886E-05    0.227852E-05
 6.83880   -0.567568E-05   -0.435911E-05    0.223797E-05
 6.84880   -0.566218E-05   -0.434936E-05    0.219757E-05
 6.85881   -0.564874E-05   -0.433962E-05    0.215730E-05
 6.86882   -0.563534E-05   -0.432990E-05    0.211718E-05
 6.87882   -0.562198E-05   -0.432019E-05    0.207720E-05
 6.88883   -0.560867E-05   -0.431049E-05    0.203737E-05
 6.89883   -0.559540E-05   -0.430081E-05    0.199767E-05
 6.90884   -0.558217E-05   -0.429114E-05    0.195812E-05
 6.91884   -0.556898E-05   -0.428148E-05    0.191870E-05
 6.92885   -0.555583E-05   -0.427184E-05    0.187942E-05
 6.93885   -0.554272E-05   -0.426219E-05    0.184029E-05
 6.94886   -0.552966E-05   -0.425258E-05    0.180129E-05
 6.95887   -0.551664E-05   -0.424297E-05    0.176242E-05
 6.96887   -0.550365E-05   -0.423338E-05    0.172370E-05
 6.97888   -0.549072E-05   -0.422381E-05    0.168512E-05
 6.98888   -0.547783E-05   -0.421424E-05    0.164667E-05
 6.99889   -0.546497E-05   -0.420469E-05    0.160836E-05
 7.00889   -0.545215E-05   -0.419516E-05    0.157019E-05
 7.01890   -0.543938E-05   -0.418563E-05    0.153216E-05
 7.02890   -0.542664E-05   -0.417612E-05    0.149427E-05
 7.03891   -0.541395E-05   -0.416663E-05    0.145651E-05
 7.04892   -0.540129E-05   -0.415714E-05    0.141890E-05
 7.05892   -0.538868E-05   -0.414767E-05    0.138141E-05
 7.06893   -0.537610E-05   -0.413822E-05    0.134406E-05
 7.07893   -0.536357E-05   -0.412878E-05    0.130685E-05
 7.08894   -0.535108E-05   -0.411935E-05    0.126978E-05
 7.09894   -0.533862E-05   -0.410993E-05    0.123283E-05
 7.10895   -0.532621E-05   -0.410053E-05    0.119603E-05
 7.11895   -0.531384E-05   -0.409114E-05    0.115936E-05
 7.12896   -0.530150E-05   -0.408177E-05    0.112282E-05
 7.13897   -0.528920E-05   -0.407240E-05    0.108642E-05
 7.14897   -0.527694E-05   -0.406306E-05    0.105016E-05
 7.15898   -0.526472E-05   -0.405372E-05    0.101403E-05
 7.16898   -0.525253E-05   -0.404440E-05    0.978025E-06
 7.17899   -0.524039E-05   -0.403510E-05    0.942159E-06
 7.18899   -0.522828E-05   -0.402581E-05    0.906425E-06
 7.19900   -0.521620E-05   -0.401653E-05    0.870824E-06
 7.20900   -0.520417E-05   -0.400727E-05    0.835357E-06
 7.21901   -0.519217E-05   -0.399802E-05    0.800021E-06
 7.22902   -0.518020E-05   -0.398878E-05    0.764817E-06
 7.23902   -0.516826E-05   -0.397956E-05    0.729745E-06
 7.24903   -0.515636E-05   -0.397036E-05    0.694806E-06
 7.25903   -0.514450E-05   -0.396116E-05    0.659995E-06
 7.26904   -0.513268E-05   -0.395199E-05    0.625317E-06
 7.27904   -0.512092E-05   -0.394282E-05    0.590768E-06
 7.28905   -0.510918E-05   -0.393368E-05    0.556349E-06
 7.29905   -0.509746E-05   -0.392454E-05    0.522063E-06
 7.30906   -0.508578E-05   -0.391542E-05    0.487907E-06
 7.31907   -0.507413E-05   -0.390632E-05    0.453880E-06
 7.32907   -0.506251E-05   -0.389723E-05    0.419983E-06
 7.33908   -0.505093E-05   -0.388815E-05    0.386215E-06
 7.34908   -0.503939E-05   -0.387909E-05    0.352574E-06
 7.35909   -0.502787E-05   -0.387005E-05    0.319063E-06
 7.36909   -0.501639E-05   -0.386102E-05    0.285680E-06
 7.37910   -0.500494E-05   -0.385201E-05    0.252427E-06
 7.38910   -0.499352E-05   -0.384301E-05    0.219298E-06
 7.39911   -0.498214E-05   -0.383403E-05    0.186299E-06
 7.40912   -0.497078E-05   -0.382506E-05    0.153427E-06
 7.41912   -0.495946E-05   -0.381610E-05    0.120682E-06
 7.42913   -0.494817E-05   -0.380717E-05    0.880643E-07
 7.43913   -0.493692E-05   -0.379825E-05    0.555715E-07
 7.44914   -0.492568E-05   -0.378934E-05    0.232060E-07
 7.45914   -0.491449E-05   -0.378045E-05   -0.903253E-08
 7.46915   -0.490331E-05   -0.377157E-05   -0.411454E-07
 7.47915   -0.489219E-05   -0.376271E-05   -0.731329E-07
 7.48916   -0.488108E-05   -0.375387E-05   -0.104995E-06
 7.49917   -0.487000E-05   -0.374504E-05   -0.136731E-06
 7.50917   -0.485896E-05   -0.373623E-05   -0.168343E-06
 7.51918   -0.484794E-05   -0.372744E-05   -0.199830E-06
 7.52918   -0.483695E-05   -0.371866E-05   -0.231194E-06
 7.53919   -0.482599E-05   -0.370989E-05   -0.262434E-06
 7.54919   -0.481506E-05   -0.370114E-05   -0.293550E-06
 7.55920   -0.480416E-05   -0.369241E-05   -0.324543E-06
 7.56920   -0.479328E-05   -0.368369E-05   -0.355412E-06
 7.57921   -0.478244E-05   -0.367499E-05   -0.386159E-06
 7.58922   -0.477162E-05   -0.366631E-05   -0.416785E-06
 7.59922   -0.476084E-05   -0.365764E-05   -0.447287E-06
 7.60923   -0.475008E-05   -0.364899E-05   -0.477665E-06
 7.61923   -0.473934E-05   -0.364035E-05   -0.507923E-06
 7.62924   -0.472864E-05   -0.363174E-05   -0.538059E-06
 7.63924   -0.471796E-05   -0.362314E-05   -0.568073E-06
 7.64925   -0.470731E-05   -0.361455E-05   -0.597968E-06
 7.65925   -0.469668E-05   -0.360598E-05   -0.627741E-06
 7.66926   -0.468609E-05   -0.359742E-05   -0.657394E-06
 7.67927   -0.467553E-05   -0.358888E-05   -0.686927E-06
 7.68927   -0.466498E-05   -0.358036E-05   -0.716341E-06
 7.69928   -0.465447E-05   -0.357185E-05   -0.745635E-06
 7.70928   -0.464398E-05   -0.356336E-05   -0.774809E-06
 7.71929   -0.463352E-05   -0.355488E-05   -0.803865E-06
 7.72929   -0.462309E-05   -0.354642E-05   -0.832801E-06
 7.73930   -0.461268E-05   -0.353798E-05   -0.861614E-06
 7.74930   -0.460230E-05   -0.352955E-05   -0.890315E-06
 7.75931   -0.459194E-05   -0.352113E-05   -0.918898E-06
 7.76932   -0.458161E-05   -0.351273E-05   -0.947363E-06
 7.77932   -0.457130E-05   -0.350435E-05   -0.975712E-06
 7.78933   -0.456103E-05   -0.349599E-05   -0.100394E-05
 7.79933   -0.455078E-05   -0.348764E-05   -0.103206E-05
 7.80934   -0.454055E-05   -0.347931E-05   -0.106006E-05
 7.81934   -0.453035E-05   -0.347100E-05   -0.108794E-05
 7.82935   -0.452017E-05   -0.346270E-05   -0.111571E-05
 7.83935   -0.451002E-05   -0.345441E-05   -0.114336E-05
 7.84936   -0.449990E-05   -0.344614E-05   -0.117090E-05
 7.85937   -0.448980E-05   -0.343789E-05   -0.119832E-05
 7.86937   -0.447973E-05   -0.342966E-05   -0.122562E-05
 7.87938   -0.446967E-05   -0.342144E-05   -0.125282E-05
 7.88938   -0.445966E-05   -0.341323E-05   -0.127990E-05
 7.89939   -0.444966E-05   -0.340504E-05   -0.130686E-05
 7.90939   -0.443969E-05   -0.339687E-05   -0.133372E-05
 7.91940   -0.442974E-05   -0.338871E-05   -0.136046E-05
 7.92940   -0.441981E-05   -0.338057E-05   -0.138708E-05
 7.93941   -0.440992E-05   -0.337244E-05   -0.141360E-05
 7.94942   -0.440005E-05   -0.336433E-05   -0.144000E-05
 7.95942   -0.439021E-05   -0.335623E-05   -0.146629E-05
 7.96943   -0.438039E-05   -0.334815E-05   -0.149247E-05
 7.97943   -0.437059E-05   -0.334009E-05   -0.151854E-05
 7.98944   -0.436082E-05   -0.333204E-05   -0.154450E-05
 7.99944   -0.435105E-05   -0.332400E-05   -0.157034E-05
 8.00945   -0.434135E-05   -0.331599E-05   -0.159608E-05
 8.01945   -0.433165E-05   -0.330798E-05   -0.162171E-05
 8.02946   -0.432198E-05   -0.329999E-05   -0.164723E-05
 8.03947   -0.431233E-05   -0.329202E-05   -0.167264E-05
 8.04947   -0.430271E-05   -0.328406E-05   -0.169794E-05
 8.05948   -0.429312E-05   -0.327612E-05   -0.172313E-05
 8.06948   -0.428354E-05   -0.326819E-05   -0.174822E-05
 8.07949   -0.427400E-05   -0.326027E-05   -0.177319E-05
 8.08949   -0.426448E-05   -0.325237E-05   -0.179806E-05
 8.09950   -0.425498E-05   -0.324449E-05   -0.182282E-05
 8.10951   -0.424551E-05   -0.323662E-05   -0.184747E-05
 8.11951   -0.423606E-05   -0.322876E-05   -0.187202E-05
 8.12952   -0.422664E-05   -0.322092E-05   -0.189646E-05
 8.13952   -0.421724E-05   -0.321310E-05   -0.192079E-05
 8.14953   -0.420787E-05   -0.320529E-05   -0.194501E-05
 8.15953   -0.419852E-05   -0.319749E-05   -0.196914E-05
 8.16954   -0.418920E-05   -0.318971E-05   -0.199316E-05
 8.17954   -0.417990E-05   -0.318194E-05   -0.201707E-05
 8.18955   -0.417062E-05   -0.317418E-05   -0.204088E-05
 8.19956   -0.416138E-05   -0.316644E-05   -0.206459E-05
 8.20956   -0.415215E-05   -0.315872E-05   -0.208819E-05
 8.21957   -0.414295E-05   -0.315101E-05   -0.211168E-05
 8.22957   -0.413378E-05   -0.314332E-05   -0.213508E-05
 8.23958   -0.412463E-05   -0.313564E-05   -0.215837E-05
 8.24958   -0.411550E-05   -0.312797E-05   -0.218156E-05
 8.25959   -0.410641E-05   -0.312031E-05   -0.220464E-05
 8.26959   -0.409733E-05   -0.311267E-05   -0.222762E-05
 8.27960   -0.408828E-05   -0.310504E-05   -0.225051E-05
 8.28961   -0.407926E-05   -0.309743E-05   -0.227328E-05
 8.29961   -0.407026E-05   -0.308983E-05   -0.229596E-05
 8.30962   -0.406128E-05   -0.308224E-05   -0.231854E-05
 8.31962   -0.405233E-05   -0.307467E-05   -0.234102E-05
 8.32963   -0.404340E-05   -0.306711E-05   -0.236339E-05
 8.33963   -0.403450E-05   -0.305957E-05   -0.238567E-05
 8.34964   -0.402562E-05   -0.305204E-05   -0.240785E-05
 8.35964   -0.401677E-05   -0.304452E-05   -0.242992E-05
 8.36965   -0.400794E-05   -0.303702E-05   -0.245190E-05
 8.37966   -0.399914E-05   -0.302953E-05   -0.247378E-05
 8.38966   -0.399037E-05   -0.302205E-05   -0.249556E-05
 8.39967   -0.398160E-05   -0.301459E-05   -0.251724E-05
 8.40967   -0.397287E-05   -0.300713E-05   -0.253882E-05
 8.41968   -0.396416E-05   -0.299970E-05   -0.256031E-05
 8.42968   -0.395548E-05   -0.299227E-05   -0.258170E-05
 8.43969   -0.394683E-05   -0.298486E-05   -0.260299E-05
 8.44969   -0.393819E-05   -0.297747E-05   -0.262418E-05
 8.45970   -0.392958E-05   -0.297008E-05   -0.264528E-05
 8.46971   -0.392100E-05   -0.296271E-05   -0.266628E-05
 8.47971   -0.391244E-05   -0.295535E-05   -0.268719E-05
 8.48972   -0.390390E-05   -0.294800E-05   -0.270800E-05
 8.49972   -0.389539E-05   -0.294067E-05   -0.272871E-05
 8.50973   -0.388690E-05   -0.293335E-05   -0.274933E-05
 8.51973   -0.387844E-05   -0.292605E-05   -0.276986E-05
 8.52974   -0.387000E-05   -0.291876E-05   -0.279028E-05
 8.53974   -0.386158E-05   -0.291148E-05   -0.281062E-05
 8.54975   -0.385318E-05   -0.290421E-05   -0.283086E-05
 8.55976   -0.384482E-05   -0.289696E-05   -0.285101E-05
 8.56976   -0.383647E-05   -0.288972E-05   -0.287105E-05
 8.57977   -0.382815E-05   -0.288249E-05   -0.289102E-05
 8.58977   -0.381986E-05   -0.287527E-05   -0.291088E-05
 8.59978   -0.381158E-05   -0.286807E-05   -0.293065E-05
 8.60978   -0.380333E-05   -0.286089E-05   -0.295034E-05
 8.61979   -0.379511E-05   -0.285371E-05   -0.296993E-05
 8.62979   -0.378690E-05   -0.284653E-05   -0.298944E-05
 8.63980   -0.377872E-05   -0.283939E-05   -0.300884E-05
 8.64981   -0.377057E-05   -0.283225E-05   -0.302815E-05
 8.65981   -0.376243E-05   -0.282513E-05   -0.304738E-05
 8.66982   -0.375432E-05   -0.281802E-05   -0.306651E-05
 8.67982   -0.374624E-05   -0.281091E-05   -0.308555E-05
 8.68983   -0.373817E-05   -0.280383E-05   -0.310450E-05
 8.69983   -0.373014E-05   -0.279675E-05   -0.312335E-05
 8.70984   -0.372212E-05   -0.278969E-05   -0.314213E-05
 8.71984   -0.371412E-05   -0.278264E-05   -0.316080E-05
 8.72985   -0.370616E-05   -0.277560E-05   -0.317939E-05
 8.73986   -0.369821E-05   -0.276858E-05   -0.319789E-05
 8.74986   -0.369028E-05   -0.276156E-05   -0.321630E-05
 8.75987   -0.368238E-05   -0.275456E-05   -0.323463E-05
 8.76987   -0.367450E-05   -0.274758E-05   -0.325287E-05
 8.77988   -0.366665E-05   -0.274060E-05   -0.327101E-05
 8.78988   -0.365881E-05   -0.273364E-05   -0.328908E-05
 8.79989   -0.365100E-05   -0.272669E-05   -0.330705E-05
 8.80989   -0.364321E-05   -0.271975E-05   -0.332493E-05
 8.81990   -0.363545E-05   -0.271283E-05   -0.334274E-05
 8.82991   -0.362770E-05   -0.270591E-05   -0.336045E-05
 8.83991   -0.361998E-05   -0.269901E-05   -0.337808E-05
 8.84992   -0.361228E-05   -0.269212E-05   -0.339562E-05
 8.85992   -0.360461E-05   -0.268525E-05   -0.341307E-05
 8.86993   -0.359695E-05   -0.267838E-05   -0.343044E-05
 8.87993   -0.358932E-05   -0.267153E-05   -0.344772E-05
 8.88994   -0.358171E-05   -0.266469E-05   -0.346492E-05
 8.89994   -0.357411E-05   -0.265786E-05   -0.348203E-05
 8.90995   -0.356653E-05   -0.265105E-05   -0.349905E-05
 8.91996   -0.355900E-05   -0.264425E-05   -0.351600E-05
 8.92996   -0.355149E-05   -0.263745E-05   -0.353285E-05
 8.93997   -0.354399E-05   -0.263068E-05   -0.354962E-05
 8.94997   -0.353651E-05   -0.262391E-05   -0.356632E-05
 8.95998   -0.352906E-05   -0.261715E-05   -0.358293E-05
 8.96998   -0.352162E-05   -0.261041E-05   -0.359945E-05
 8.97999   -0.351421E-05   -0.260369E-05   -0.361589E-05
 8.98999   -0.350681E-05   -0.259697E-05   -0.363225E-05
 9.00000   -0.349944E-05   -0.259026E-05   -0.364853E-05
