 0.00500    0.658311E-01   -0.316945E-01    0.227186E-01
 0.02303    0.536032E-01   -0.255821E-01    0.181360E-01
 0.04105    0.464794E-01   -0.220222E-01    0.154700E-01
 0.05908    0.413104E-01   -0.194409E-01    0.135393E-01
 0.07710    0.372500E-01   -0.174148E-01    0.120263E-01
 0.09513    0.339204E-01   -0.157547E-01    0.107888E-01
 0.11316    0.311124E-01   -0.143560E-01    0.974844E-02
 0.13118    0.286981E-01   -0.131547E-01    0.885677E-02
 0.14921    0.265919E-01   -0.121078E-01    0.808164E-02
 0.16723    0.247339E-01   -0.111854E-01    0.740040E-02
 0.18526    0.230798E-01   -0.103653E-01    0.679638E-02
 0.20329    0.215962E-01   -0.963077E-02    0.625695E-02
 0.22131    0.202573E-01   -0.896885E-02    0.577233E-02
 0.23934    0.190426E-01   -0.836921E-02    0.533472E-02
 0.25736    0.179354E-01   -0.782356E-02    0.493784E-02
 0.27539    0.169222E-01   -0.732509E-02    0.457656E-02
 0.29342    0.159917E-01   -0.686809E-02    0.424656E-02
 0.31144    0.151345E-01   -0.644783E-02    0.394424E-02
 0.32947    0.143424E-01   -0.606030E-02    0.366656E-02
 0.34749    0.136088E-01   -0.570205E-02    0.341093E-02
 0.36552    0.129276E-01   -0.537011E-02    0.317508E-02
 0.38355    0.122937E-01   -0.506189E-02    0.295706E-02
 0.40157    0.117026E-01   -0.477515E-02    0.275516E-02
 0.41960    0.111505E-01   -0.450792E-02    0.256789E-02
 0.43763    0.106339E-01   -0.425847E-02    0.239394E-02
 0.45565    0.101498E-01   -0.402526E-02    0.223213E-02
 0.47368    0.969533E-02   -0.380691E-02    0.208142E-02
 0.49170    0.926818E-02   -0.360222E-02    0.194090E-02
 0.50973    0.886614E-02   -0.341009E-02    0.180972E-02
 0.52776    0.848725E-02   -0.322952E-02    0.168715E-02
 0.54578    0.812975E-02   -0.305963E-02    0.157249E-02
 0.56381    0.779206E-02   -0.289962E-02    0.146516E-02
 0.58183    0.747275E-02   -0.274878E-02    0.136460E-02
 0.59986    0.717050E-02   -0.260644E-02    0.127032E-02
 0.61789    0.688412E-02   -0.247200E-02    0.118184E-02
 0.63591    0.661251E-02   -0.234491E-02    0.109877E-02
 0.65394    0.635470E-02   -0.222467E-02    0.102071E-02
 0.67196    0.610977E-02   -0.211084E-02    0.947335E-03
 0.68999    0.587691E-02   -0.200298E-02    0.878319E-03
 0.70802    0.565533E-02   -0.190073E-02    0.813370E-03
 0.72604    0.544432E-02   -0.180371E-02    0.752219E-03
 0.74407    0.524325E-02   -0.171160E-02    0.694618E-03
 0.76209    0.505151E-02   -0.162410E-02    0.640340E-03
 0.78012    0.486855E-02   -0.154093E-02    0.589176E-03
 0.79815    0.469386E-02   -0.146184E-02    0.540933E-03
 0.81617    0.452695E-02   -0.138659E-02    0.495428E-03
 0.83420    0.436740E-02   -0.131494E-02    0.452495E-03
 0.85222    0.421478E-02   -0.124671E-02    0.411978E-03
 0.87025    0.406872E-02   -0.118169E-02    0.373734E-03
 0.88828    0.392887E-02   -0.111971E-02    0.337629E-03
 0.90630    0.379490E-02   -0.106061E-02    0.303540E-03
 0.92433    0.366649E-02   -0.100422E-02    0.271349E-03
 0.94235    0.354335E-02   -0.950408E-03    0.240949E-03
 0.96038    0.342523E-02   -0.899027E-03    0.212238E-03
 0.97841    0.331185E-02   -0.849955E-03    0.185121E-03
 0.99643    0.320298E-02   -0.803073E-03    0.159509E-03
 1.01446    0.309842E-02   -0.758269E-03    0.135320E-03
 1.03248    0.299793E-02   -0.715441E-03    0.112475E-03
 1.05051    0.290134E-02   -0.674490E-03    0.909024E-04
 1.06854    0.280845E-02   -0.635325E-03    0.705350E-04
 1.08656    0.271909E-02   -0.597858E-03    0.513084E-04
 1.10459    0.263310E-02   -0.562005E-03    0.331619E-04
 1.12262    0.255032E-02   -0.527693E-03    0.160382E-04
 1.14064    0.247061E-02   -0.494846E-03   -0.116235E-06
 1.15867    0.239383E-02   -0.463397E-03   -0.153523E-04
 1.17669    0.231984E-02   -0.433279E-03   -0.297169E-04
 1.19472    0.224853E-02   -0.404433E-03   -0.432549E-04
 1.21275    0.217978E-02   -0.376800E-03   -0.560071E-04
 1.23077    0.211349E-02   -0.350327E-03   -0.680139E-04
 1.24880    0.204954E-02   -0.324962E-03   -0.793126E-04
 1.26682    0.198784E-02   -0.300655E-03   -0.899387E-04
 1.28485    0.192829E-02   -0.277359E-03   -0.999262E-04
 1.30288    0.187081E-02   -0.255031E-03   -0.109306E-03
 1.32090    0.181531E-02   -0.233628E-03   -0.118109E-03
 1.33893    0.176171E-02   -0.213111E-03   -0.126364E-03
 1.35695    0.170993E-02   -0.193442E-03   -0.134097E-03
 1.37498    0.165991E-02   -0.174585E-03   -0.141334E-03
 1.39301    0.161156E-02   -0.156506E-03   -0.148099E-03
 1.41103    0.156483E-02   -0.139173E-03   -0.154416E-03
 1.42906    0.151965E-02   -0.122553E-03   -0.160306E-03
 1.44708    0.147597E-02   -0.106619E-03   -0.165789E-03
 1.46511    0.143372E-02   -0.913409E-04   -0.170886E-03
 1.48314    0.139285E-02   -0.766928E-04   -0.175616E-03
 1.50116    0.135331E-02   -0.626494E-04   -0.179995E-03
 1.51919    0.131505E-02   -0.491870E-04   -0.184041E-03
 1.53721    0.127803E-02   -0.362822E-04   -0.187769E-03
 1.55524    0.124219E-02   -0.239129E-04   -0.191195E-03
 1.57327    0.120750E-02   -0.120581E-04   -0.194333E-03
 1.59129    0.117391E-02   -0.697430E-06   -0.197197E-03
 1.60932    0.114139E-02    0.101885E-04   -0.199800E-03
 1.62734    0.110989E-02    0.206180E-04   -0.202155E-03
 1.64537    0.107939E-02    0.306079E-04   -0.204273E-03
 1.66340    0.104984E-02    0.401755E-04   -0.206165E-03
 1.68142    0.102121E-02    0.493361E-04   -0.207842E-03
 1.69945    0.993474E-03    0.581049E-04   -0.209315E-03
 1.71747    0.966601E-03    0.664967E-04   -0.210592E-03
 1.73550    0.940561E-03    0.745250E-04   -0.211683E-03
 1.75353    0.915327E-03    0.822025E-04   -0.212596E-03
 1.77155    0.890873E-03    0.895438E-04   -0.213340E-03
 1.78958    0.867174E-03    0.965591E-04   -0.213922E-03
 1.80761    0.844204E-03    0.103260E-03   -0.214350E-03
 1.82563    0.821942E-03    0.109658E-03   -0.214632E-03
 1.84366    0.800366E-03    0.115763E-03   -0.214773E-03
 1.86168    0.779455E-03    0.121586E-03   -0.214779E-03
 1.87971    0.759188E-03    0.127136E-03   -0.214657E-03
 1.89774    0.739548E-03    0.132421E-03   -0.214412E-03
 1.91576    0.720515E-03    0.137450E-03   -0.214050E-03
 1.93379    0.702072E-03    0.142231E-03   -0.213575E-03
 1.95181    0.684204E-03    0.146773E-03   -0.212992E-03
 1.96984    0.666895E-03    0.151081E-03   -0.212306E-03
 1.98787    0.650130E-03    0.155164E-03   -0.211521E-03
 2.00589    0.633894E-03    0.159027E-03   -0.210639E-03
 2.02392    0.618176E-03    0.162677E-03   -0.209665E-03
 2.04194    0.602962E-03    0.166119E-03   -0.208602E-03
 2.05997    0.588243E-03    0.169357E-03   -0.207453E-03
 2.07800    0.574005E-03    0.172399E-03   -0.206219E-03
 2.09602    0.560240E-03    0.175248E-03   -0.204905E-03
 2.11405    0.546939E-03    0.177906E-03   -0.203512E-03
 2.13207    0.534092E-03    0.180379E-03   -0.202041E-03
 2.15010    0.521691E-03    0.182671E-03   -0.200495E-03
 2.16813    0.509728E-03    0.184785E-03   -0.198875E-03
 2.18615    0.498196E-03    0.186723E-03   -0.197182E-03
 2.20418    0.487088E-03    0.188490E-03   -0.195418E-03
 2.22220    0.476399E-03    0.190086E-03   -0.193581E-03
 2.24023    0.466123E-03    0.191515E-03   -0.191677E-03
 2.25826    0.456254E-03    0.192780E-03   -0.189704E-03
 2.27628    0.446787E-03    0.193882E-03   -0.187663E-03
 2.29431    0.437716E-03    0.194823E-03   -0.185556E-03
 2.31233    0.429037E-03    0.195606E-03   -0.183380E-03
 2.33036    0.420744E-03    0.196232E-03   -0.181139E-03
 2.34839    0.412832E-03    0.196704E-03   -0.178831E-03
 2.36641    0.405295E-03    0.197023E-03   -0.176459E-03
 2.38444    0.398128E-03    0.197193E-03   -0.174021E-03
 2.40246    0.391325E-03    0.197214E-03   -0.171521E-03
 2.42049    0.384881E-03    0.197091E-03   -0.168959E-03
 2.43852    0.378789E-03    0.196825E-03   -0.166336E-03
 2.45654    0.373042E-03    0.196419E-03   -0.163652E-03
 2.47457    0.367630E-03    0.195878E-03   -0.160911E-03
 2.49260    0.362546E-03    0.195206E-03   -0.158112E-03
 2.51062    0.357780E-03    0.194406E-03   -0.155262E-03
 2.52865    0.353320E-03    0.193484E-03   -0.152360E-03
 2.54667    0.349156E-03    0.192445E-03   -0.149412E-03
 2.56470    0.345273E-03    0.191296E-03   -0.146419E-03
 2.58273    0.341656E-03    0.190043E-03   -0.143387E-03
 2.60075    0.338290E-03    0.188693E-03   -0.140320E-03
 2.61878    0.335158E-03    0.187255E-03   -0.137221E-03
 2.63680    0.332241E-03    0.185737E-03   -0.134099E-03
 2.65483    0.329520E-03    0.184148E-03   -0.130958E-03
 2.67286    0.326975E-03    0.182498E-03   -0.127805E-03
 2.69088    0.324583E-03    0.180797E-03   -0.124648E-03
 2.70891    0.322322E-03    0.179058E-03   -0.121492E-03
 2.72693    0.320167E-03    0.177290E-03   -0.118347E-03
 2.74496    0.318093E-03    0.175507E-03   -0.115220E-03
 2.76299    0.316074E-03    0.173720E-03   -0.112118E-03
 2.78101    0.314085E-03    0.171942E-03   -0.109053E-03
 2.79904    0.312098E-03    0.170186E-03   -0.106031E-03
 2.81706    0.310088E-03    0.168465E-03   -0.103061E-03
 2.83509    0.308027E-03    0.166791E-03   -0.100153E-03
 2.85312    0.305889E-03    0.165178E-03   -0.973160E-04
 2.87114    0.303650E-03    0.163637E-03   -0.945568E-04
 2.88917    0.301282E-03    0.162180E-03   -0.918840E-04
 2.90719    0.298762E-03    0.160821E-03   -0.893071E-04
 2.92522    0.296067E-03    0.159568E-03   -0.868324E-04
 2.94325    0.293176E-03    0.158434E-03   -0.844671E-04
 2.96127    0.290069E-03    0.157426E-03   -0.822178E-04
 2.97930    0.286728E-03    0.156554E-03   -0.800896E-04
 2.99732    0.283138E-03    0.155825E-03   -0.780896E-04
 3.01535    0.279284E-03    0.155246E-03   -0.762201E-04
 3.03338    0.275156E-03    0.154823E-03   -0.744854E-04
 3.05140    0.270745E-03    0.154558E-03   -0.728881E-04
 3.06943    0.266043E-03    0.154456E-03   -0.714296E-04
 3.08745    0.261047E-03    0.154518E-03   -0.701113E-04
 3.10548    0.255756E-03    0.154744E-03   -0.689328E-04
 3.12351    0.250171E-03    0.155134E-03   -0.678934E-04
 3.14153    0.244296E-03    0.155686E-03   -0.669907E-04
 3.15956    0.238137E-03    0.156395E-03   -0.662225E-04
 3.17759    0.231702E-03    0.157259E-03   -0.655850E-04
 3.19561    0.225001E-03    0.158271E-03   -0.650736E-04
 3.21364    0.218050E-03    0.159424E-03   -0.646839E-04
 3.23166    0.210861E-03    0.160712E-03   -0.644097E-04
 3.24969    0.203451E-03    0.162126E-03   -0.642447E-04
 3.26772    0.195839E-03    0.163656E-03   -0.641818E-04
 3.28574    0.188045E-03    0.165293E-03   -0.642137E-04
 3.30377    0.180089E-03    0.167027E-03   -0.643328E-04
 3.32179    0.171992E-03    0.168846E-03   -0.645303E-04
 3.33982    0.163776E-03    0.170740E-03   -0.647986E-04
 3.35785    0.155465E-03    0.172698E-03   -0.651291E-04
 3.37587    0.147080E-03    0.174707E-03   -0.655130E-04
 3.39390    0.138646E-03    0.176757E-03   -0.659420E-04
 3.41192    0.130184E-03    0.178836E-03   -0.664075E-04
 3.42995    0.121718E-03    0.180933E-03   -0.669013E-04
 3.44798    0.113268E-03    0.183037E-03   -0.674156E-04
 3.46600    0.104857E-03    0.185138E-03   -0.679422E-04
 3.48403    0.965045E-04    0.187224E-03   -0.684735E-04
 3.50205    0.882310E-04    0.189288E-03   -0.690029E-04
 3.52008    0.800539E-04    0.191319E-03   -0.695230E-04
 3.53811    0.719904E-04    0.193309E-03   -0.700279E-04
 3.55613    0.640567E-04    0.195250E-03   -0.705114E-04
 3.57416    0.562673E-04    0.197134E-03   -0.709685E-04
 3.59218    0.486361E-04    0.198956E-03   -0.713941E-04
 3.61021    0.411752E-04    0.200709E-03   -0.717839E-04
 3.62824    0.338952E-04    0.202387E-03   -0.721338E-04
 3.64626    0.268059E-04    0.203986E-03   -0.724405E-04
 3.66429    0.199157E-04    0.205502E-03   -0.727007E-04
 3.68231    0.132312E-04    0.206931E-03   -0.729122E-04
 3.70034    0.675808E-05    0.208271E-03   -0.730727E-04
 3.71837    0.501126E-06    0.209518E-03   -0.731807E-04
 3.73639   -0.553659E-05    0.210673E-03   -0.732350E-04
 3.75442   -0.113528E-04    0.211733E-03   -0.732348E-04
 3.77244   -0.169461E-04    0.212698E-03   -0.731794E-04
 3.79047   -0.223163E-04    0.213567E-03   -0.730690E-04
 3.80850   -0.274639E-04    0.214342E-03   -0.729036E-04
 3.82652   -0.323901E-04    0.215022E-03   -0.726836E-04
 3.84455   -0.370967E-04    0.215608E-03   -0.724100E-04
 3.86258   -0.415867E-04    0.216104E-03   -0.720835E-04
 3.88060   -0.458635E-04    0.216507E-03   -0.717054E-04
 3.89863   -0.499307E-04    0.216822E-03   -0.712769E-04
 3.91665   -0.537926E-04    0.217051E-03   -0.707994E-04
 3.93468   -0.574541E-04    0.217195E-03   -0.702748E-04
 3.95271   -0.609204E-04    0.217258E-03   -0.697048E-04
 3.97073   -0.641965E-04    0.217241E-03   -0.690914E-04
 3.98876   -0.672880E-04    0.217148E-03   -0.684359E-04
 4.00678   -0.702009E-04    0.216982E-03   -0.677409E-04
 4.02481   -0.729407E-04    0.216744E-03   -0.670083E-04
 4.04284   -0.755135E-04    0.216439E-03   -0.662400E-04
 4.06086   -0.779253E-04    0.216068E-03   -0.654382E-04
 4.07889   -0.801822E-04    0.215636E-03   -0.646050E-04
 4.09691   -0.822899E-04    0.215144E-03   -0.637420E-04
 4.11494   -0.842547E-04    0.214596E-03   -0.628518E-04
 4.13297   -0.860825E-04    0.213994E-03   -0.619360E-04
 4.15099   -0.877791E-04    0.213342E-03   -0.609966E-04
 4.16902   -0.893503E-04    0.212642E-03   -0.600356E-04
 4.18704   -0.908015E-04    0.211896E-03   -0.590549E-04
 4.20507   -0.921384E-04    0.211110E-03   -0.580560E-04
 4.22310   -0.933664E-04    0.210281E-03   -0.570410E-04
 4.24112   -0.944906E-04    0.209415E-03   -0.560115E-04
 4.25915   -0.955159E-04    0.208515E-03   -0.549691E-04
 4.27717   -0.964474E-04    0.207582E-03   -0.539154E-04
 4.29520   -0.972896E-04    0.206618E-03   -0.528518E-04
 4.31323   -0.980471E-04    0.205625E-03   -0.517798E-04
 4.33125   -0.987244E-04    0.204607E-03   -0.507005E-04
 4.34928   -0.993254E-04    0.203563E-03   -0.496156E-04
 4.36730   -0.998543E-04    0.202497E-03   -0.485258E-04
 4.38533   -0.100315E-03    0.201411E-03   -0.474327E-04
 4.40336   -0.100711E-03    0.200306E-03   -0.463373E-04
 4.42138   -0.101046E-03    0.199183E-03   -0.452406E-04
 4.43941   -0.101323E-03    0.198044E-03   -0.441436E-04
 4.45743   -0.101547E-03    0.196891E-03   -0.430472E-04
 4.47546   -0.101718E-03    0.195725E-03   -0.419522E-04
 4.49349   -0.101840E-03    0.194548E-03   -0.408595E-04
 4.51151   -0.101917E-03    0.193360E-03   -0.397698E-04
 4.52954   -0.101951E-03    0.192162E-03   -0.386839E-04
 4.54757   -0.101944E-03    0.190957E-03   -0.376022E-04
 4.56559   -0.101899E-03    0.189744E-03   -0.365256E-04
 4.58362   -0.101817E-03    0.188526E-03   -0.354545E-04
 4.60164   -0.101701E-03    0.187302E-03   -0.343894E-04
 4.61967   -0.101554E-03    0.186074E-03   -0.333309E-04
 4.63770   -0.101376E-03    0.184843E-03   -0.322794E-04
 4.65572   -0.101170E-03    0.183609E-03   -0.312354E-04
 4.67375   -0.100938E-03    0.182373E-03   -0.301992E-04
 4.69177   -0.100681E-03    0.181136E-03   -0.291712E-04
 4.70980   -0.100400E-03    0.179898E-03   -0.281516E-04
 4.72783   -0.100097E-03    0.178660E-03   -0.271407E-04
 4.74585   -0.997737E-04    0.177423E-03   -0.261388E-04
 4.76388   -0.994311E-04    0.176187E-03   -0.251462E-04
 4.78190   -0.990704E-04    0.174953E-03   -0.241630E-04
 4.79993   -0.986928E-04    0.173721E-03   -0.231898E-04
 4.81796   -0.982995E-04    0.172491E-03   -0.222253E-04
 4.83598   -0.978915E-04    0.171265E-03   -0.212712E-04
 4.85401   -0.974697E-04    0.170042E-03   -0.203271E-04
 4.87203   -0.970352E-04    0.168822E-03   -0.193928E-04
 4.89006   -0.965888E-04    0.167607E-03   -0.184687E-04
 4.90809   -0.961313E-04    0.166395E-03   -0.175548E-04
 4.92611   -0.956636E-04    0.165189E-03   -0.166511E-04
 4.94414   -0.951865E-04    0.163987E-03   -0.157576E-04
 4.96216   -0.947005E-04    0.162791E-03   -0.148744E-04
 4.98019   -0.942065E-04    0.161600E-03   -0.140017E-04
 4.99822   -0.937051E-04    0.160414E-03   -0.131393E-04
 5.01624   -0.931967E-04    0.159235E-03   -0.122873E-04
 5.03427   -0.926821E-04    0.158061E-03   -0.114459E-04
 5.05229   -0.921618E-04    0.156894E-03   -0.106151E-04
 5.07032   -0.916362E-04    0.155732E-03   -0.979498E-05
 5.08835   -0.911060E-04    0.154578E-03   -0.898530E-05
 5.10637   -0.905714E-04    0.153430E-03   -0.818670E-05
 5.12440   -0.900331E-04    0.152288E-03   -0.739898E-05
 5.14242   -0.894913E-04    0.151154E-03   -0.662253E-05
 5.16045   -0.889464E-04    0.150026E-03   -0.585680E-05
 5.17848   -0.883989E-04    0.148905E-03   -0.510217E-05
 5.19650   -0.878490E-04    0.147792E-03   -0.435864E-05
 5.21453   -0.872972E-04    0.146686E-03   -0.362623E-05
 5.23256   -0.867436E-04    0.145587E-03   -0.290493E-05
 5.25058   -0.861887E-04    0.144495E-03   -0.219473E-05
 5.26861   -0.856327E-04    0.143410E-03   -0.149558E-05
 5.28663   -0.850758E-04    0.142333E-03   -0.807383E-06
 5.30466   -0.845183E-04    0.141263E-03   -0.130064E-06
 5.32269   -0.839606E-04    0.140201E-03    0.536514E-06
 5.34071   -0.834027E-04    0.139147E-03    0.119249E-05
 5.35874   -0.828449E-04    0.138099E-03    0.183797E-05
 5.37676   -0.822876E-04    0.137060E-03    0.247321E-05
 5.39479   -0.817307E-04    0.136028E-03    0.309835E-05
 5.41282   -0.811746E-04    0.135003E-03    0.371359E-05
 5.43084   -0.806195E-04    0.133986E-03    0.431910E-05
 5.44887   -0.800655E-04    0.132977E-03    0.491507E-05
 5.46689   -0.795129E-04    0.131976E-03    0.550165E-05
 5.48492   -0.789618E-04    0.130982E-03    0.607912E-05
 5.50295   -0.784123E-04    0.129995E-03    0.664757E-05
 5.52097   -0.778648E-04    0.129017E-03    0.720710E-05
 5.53900   -0.773192E-04    0.128046E-03    0.775788E-05
 5.55702   -0.767759E-04    0.127083E-03    0.830004E-05
 5.57505   -0.762349E-04    0.126127E-03    0.883364E-05
 5.59308   -0.756964E-04    0.125179E-03    0.935882E-05
 5.61110   -0.751606E-04    0.124239E-03    0.987562E-05
 5.62913   -0.746276E-04    0.123307E-03    0.103841E-04
 5.64715   -0.740975E-04    0.122382E-03    0.108843E-04
 5.66518   -0.735706E-04    0.121465E-03    0.113763E-04
 5.68321   -0.730469E-04    0.120556E-03    0.118601E-04
 5.70123   -0.725266E-04    0.119655E-03    0.123357E-04
 5.71926   -0.720098E-04    0.118761E-03    0.128032E-04
 5.73728   -0.714966E-04    0.117875E-03    0.132626E-04
 5.75531   -0.709871E-04    0.116996E-03    0.137140E-04
 5.77334   -0.704815E-04    0.116126E-03    0.141573E-04
 5.79136   -0.699798E-04    0.115263E-03    0.145926E-04
 5.80939   -0.694821E-04    0.114407E-03    0.150200E-04
 5.82741   -0.689886E-04    0.113560E-03    0.154396E-04
 5.84544   -0.684993E-04    0.112720E-03    0.158513E-04
 5.86347   -0.680142E-04    0.111887E-03    0.162552E-04
 5.88149   -0.675335E-04    0.111062E-03    0.166514E-04
 5.89952   -0.670571E-04    0.110245E-03    0.170401E-04
 5.91755   -0.665852E-04    0.109435E-03    0.174212E-04
 5.93557   -0.661178E-04    0.108633E-03    0.177948E-04
 5.95360   -0.656548E-04    0.107838E-03    0.181611E-04
 5.97162   -0.651964E-04    0.107050E-03    0.185202E-04
 5.98965   -0.647425E-04    0.106270E-03    0.188720E-04
 6.00768   -0.642930E-04    0.105497E-03    0.192168E-04
 6.02570   -0.638481E-04    0.104731E-03    0.195547E-04
 6.04373   -0.634077E-04    0.103973E-03    0.198857E-04
 6.06175   -0.629717E-04    0.103221E-03    0.202099E-04
 6.07978   -0.625400E-04    0.102476E-03    0.205275E-04
 6.09781   -0.621128E-04    0.101739E-03    0.208386E-04
 6.11583   -0.616898E-04    0.101008E-03    0.211432E-04
 6.13386   -0.612710E-04    0.100284E-03    0.214415E-04
 6.15188   -0.608564E-04    0.995666E-04    0.217335E-04
 6.16991   -0.604458E-04    0.988556E-04    0.220195E-04
 6.18794   -0.600392E-04    0.981513E-04    0.222995E-04
 6.20596   -0.596364E-04    0.974534E-04    0.225736E-04
 6.22399   -0.592374E-04    0.967617E-04    0.228419E-04
 6.24201   -0.588420E-04    0.960763E-04    0.231046E-04
 6.26004   -0.584502E-04    0.953969E-04    0.233617E-04
 6.27807   -0.580618E-04    0.947236E-04    0.236134E-04
 6.29609   -0.576767E-04    0.940561E-04    0.238598E-04
 6.31412   -0.572948E-04    0.933945E-04    0.241009E-04
 6.33214   -0.569159E-04    0.927386E-04    0.243369E-04
 6.35017   -0.565401E-04    0.920881E-04    0.245679E-04
 6.36820   -0.561671E-04    0.914432E-04    0.247940E-04
 6.38622   -0.557968E-04    0.908037E-04    0.250153E-04
 6.40425   -0.554291E-04    0.901695E-04    0.252319E-04
 6.42227   -0.550639E-04    0.895405E-04    0.254439E-04
 6.44030   -0.547012E-04    0.889166E-04    0.256515E-04
 6.45833   -0.543407E-04    0.882977E-04    0.258546E-04
 6.47635   -0.539824E-04    0.876837E-04    0.260535E-04
 6.49438   -0.536262E-04    0.870746E-04    0.262481E-04
 6.51240   -0.532719E-04    0.864702E-04    0.264386E-04
 6.53043   -0.529196E-04    0.858705E-04    0.266251E-04
 6.54846   -0.525692E-04    0.852754E-04    0.268077E-04
 6.56648   -0.522204E-04    0.846848E-04    0.269864E-04
 6.58451   -0.518734E-04    0.840987E-04    0.271614E-04
 6.60254   -0.515279E-04    0.835170E-04    0.273326E-04
 6.62056   -0.511840E-04    0.829395E-04    0.275002E-04
 6.63859   -0.508416E-04    0.823664E-04    0.276643E-04
 6.65661   -0.505007E-04    0.817974E-04    0.278249E-04
 6.67464   -0.501612E-04    0.812326E-04    0.279821E-04
 6.69267   -0.498231E-04    0.806719E-04    0.281359E-04
 6.71069   -0.494863E-04    0.801151E-04    0.282864E-04
 6.72872   -0.491509E-04    0.795625E-04    0.284336E-04
 6.74674   -0.488168E-04    0.790137E-04    0.285777E-04
 6.76477   -0.484841E-04    0.784690E-04    0.287186E-04
 6.78280   -0.481527E-04    0.779281E-04    0.288564E-04
 6.80082   -0.478226E-04    0.773911E-04    0.289911E-04
 6.81885   -0.474938E-04    0.768579E-04    0.291229E-04
 6.83687   -0.471663E-04    0.763285E-04    0.292516E-04
 6.85490   -0.468403E-04    0.758030E-04    0.293775E-04
 6.87293   -0.465156E-04    0.752812E-04    0.295003E-04
 6.89095   -0.461922E-04    0.747631E-04    0.296204E-04
 6.90898   -0.458703E-04    0.742488E-04    0.297376E-04
 6.92700   -0.455498E-04    0.737382E-04    0.298520E-04
 6.94503   -0.452308E-04    0.732313E-04    0.299637E-04
 6.96306   -0.449132E-04    0.727280E-04    0.300726E-04
 6.98108   -0.445972E-04    0.722284E-04    0.301788E-04
 6.99911   -0.442826E-04    0.717324E-04    0.302823E-04
 7.01713   -0.439697E-04    0.712401E-04    0.303832E-04
 7.03516   -0.436582E-04    0.707514E-04    0.304815E-04
 7.05319   -0.433484E-04    0.702662E-04    0.305771E-04
 7.07121   -0.430402E-04    0.697847E-04    0.306703E-04
 7.08924   -0.427337E-04    0.693067E-04    0.307608E-04
 7.10726   -0.424288E-04    0.688322E-04    0.308489E-04
 7.12529   -0.421257E-04    0.683613E-04    0.309344E-04
 7.14332   -0.418242E-04    0.678939E-04    0.310175E-04
 7.16134   -0.415245E-04    0.674300E-04    0.310982E-04
 7.17937   -0.412266E-04    0.669696E-04    0.311765E-04
 7.19739   -0.409305E-04    0.665126E-04    0.312524E-04
 7.21542   -0.406361E-04    0.660593E-04    0.313259E-04
 7.23345   -0.403436E-04    0.656091E-04    0.313971E-04
 7.25147   -0.400529E-04    0.651625E-04    0.314660E-04
 7.26950   -0.397641E-04    0.647193E-04    0.315326E-04
 7.28753   -0.394771E-04    0.642795E-04    0.315970E-04
 7.30555   -0.391921E-04    0.638431E-04    0.316591E-04
 7.32358   -0.389089E-04    0.634101E-04    0.317191E-04
 7.34160   -0.386276E-04    0.629803E-04    0.317769E-04
 7.35963   -0.383483E-04    0.625539E-04    0.318325E-04
 7.37766   -0.380708E-04    0.621308E-04    0.318860E-04
 7.39568   -0.377953E-04    0.617110E-04    0.319374E-04
 7.41371   -0.375217E-04    0.612944E-04    0.319867E-04
 7.43173   -0.372501E-04    0.608811E-04    0.320340E-04
 7.44976   -0.369804E-04    0.604710E-04    0.320792E-04
 7.46779   -0.367127E-04    0.600641E-04    0.321225E-04
 7.48581   -0.364469E-04    0.596604E-04    0.321640E-04
 7.50384   -0.361830E-04    0.592598E-04    0.322032E-04
 7.52186   -0.359211E-04    0.588624E-04    0.322406E-04
 7.53989   -0.356612E-04    0.584682E-04    0.322761E-04
 7.55792   -0.354032E-04    0.580770E-04    0.323098E-04
 7.57594   -0.351471E-04    0.576889E-04    0.323416E-04
 7.59397   -0.348931E-04    0.573038E-04    0.323716E-04
 7.61199   -0.346409E-04    0.569218E-04    0.323998E-04
 7.63002   -0.343907E-04    0.565428E-04    0.324262E-04
 7.64805   -0.341425E-04    0.561669E-04    0.324508E-04
 7.66607   -0.338962E-04    0.557939E-04    0.324738E-04
 7.68410   -0.336519E-04    0.554238E-04    0.324950E-04
 7.70212   -0.334095E-04    0.550568E-04    0.325146E-04
 7.72015   -0.331691E-04    0.546926E-04    0.325324E-04
 7.73818   -0.329306E-04    0.543313E-04    0.325486E-04
 7.75620   -0.326941E-04    0.539729E-04    0.325633E-04
 7.77423   -0.324595E-04    0.536174E-04    0.325763E-04
 7.79225   -0.322268E-04    0.532647E-04    0.325878E-04
 7.81028   -0.319961E-04    0.529148E-04    0.325977E-04
 7.82831   -0.317673E-04    0.525678E-04    0.326060E-04
 7.84633   -0.315405E-04    0.522235E-04    0.326129E-04
 7.86436   -0.313156E-04    0.518820E-04    0.326180E-04
 7.88238   -0.310925E-04    0.515433E-04    0.326221E-04
 7.90041   -0.308715E-04    0.512073E-04    0.326246E-04
 7.91844   -0.306523E-04    0.508740E-04    0.326256E-04
 7.93646   -0.304350E-04    0.505433E-04    0.326252E-04
 7.95449   -0.302196E-04    0.502154E-04    0.326234E-04
 7.97252   -0.300061E-04    0.498901E-04    0.326203E-04
 7.99054   -0.297944E-04    0.495674E-04    0.326158E-04
 8.00857   -0.295847E-04    0.492473E-04    0.326100E-04
 8.02659   -0.293767E-04    0.489298E-04    0.326029E-04
 8.04462   -0.291707E-04    0.486149E-04    0.325945E-04
 8.06265   -0.289664E-04    0.483025E-04    0.325848E-04
 8.08067   -0.287640E-04    0.479926E-04    0.325739E-04
 8.09870   -0.285633E-04    0.476853E-04    0.325618E-04
 8.11672   -0.283645E-04    0.473804E-04    0.325484E-04
 8.13475   -0.281674E-04    0.470779E-04    0.325339E-04
 8.15278   -0.279721E-04    0.467779E-04    0.325185E-04
 8.17080   -0.277785E-04    0.464803E-04    0.325014E-04
 8.18883   -0.275866E-04    0.461851E-04    0.324834E-04
 8.20685   -0.273965E-04    0.458922E-04    0.324643E-04
 8.22488   -0.272080E-04    0.456017E-04    0.324442E-04
 8.24291   -0.270212E-04    0.453136E-04    0.324230E-04
 8.26093   -0.268361E-04    0.450277E-04    0.324007E-04
 8.27896   -0.266526E-04    0.447441E-04    0.323774E-04
 8.29698   -0.264708E-04    0.444627E-04    0.323531E-04
 8.31501   -0.262905E-04    0.441836E-04    0.323279E-04
 8.33304   -0.261119E-04    0.439067E-04    0.323016E-04
 8.35106   -0.259348E-04    0.436320E-04    0.322744E-04
 8.36909   -0.257593E-04    0.433595E-04    0.322463E-04
 8.38711   -0.255853E-04    0.430891E-04    0.322172E-04
 8.40514   -0.254129E-04    0.428209E-04    0.321872E-04
 8.42317   -0.252419E-04    0.425547E-04    0.321564E-04
 8.44119   -0.250725E-04    0.422907E-04    0.321247E-04
 8.45922   -0.249045E-04    0.420287E-04    0.320921E-04
 8.47724   -0.247380E-04    0.417688E-04    0.320587E-04
 8.49527   -0.245730E-04    0.415109E-04    0.320245E-04
 8.51330   -0.244093E-04    0.412550E-04    0.319895E-04
 8.53132   -0.242471E-04    0.410011E-04    0.319537E-04
 8.54935   -0.240863E-04    0.407492E-04    0.319172E-04
 8.56737   -0.239269E-04    0.404992E-04    0.318799E-04
 8.58540   -0.237689E-04    0.402512E-04    0.318418E-04
 8.60343   -0.236122E-04    0.400051E-04    0.318030E-04
 8.62145   -0.234569E-04    0.397609E-04    0.317635E-04
 8.63948   -0.233029E-04    0.395185E-04    0.317234E-04
 8.65751   -0.231502E-04    0.392781E-04    0.316825E-04
 8.67553   -0.229988E-04    0.390395E-04    0.316410E-04
 8.69356   -0.228488E-04    0.388027E-04    0.315988E-04
 8.71158   -0.227000E-04    0.385677E-04    0.315560E-04
 8.72961   -0.225524E-04    0.383346E-04    0.315125E-04
 8.74764   -0.224062E-04    0.381032E-04    0.314685E-04
 8.76566   -0.222611E-04    0.378736E-04    0.314238E-04
 8.78369   -0.221173E-04    0.376457E-04    0.313788E-04
 8.80171   -0.219747E-04    0.374195E-04    0.313328E-04
 8.81974   -0.218333E-04    0.371951E-04    0.312864E-04
 8.83777   -0.216932E-04    0.369724E-04    0.312394E-04
 8.85579   -0.215541E-04    0.367514E-04    0.311920E-04
 8.87382   -0.214163E-04    0.365320E-04    0.311439E-04
 8.89184   -0.212796E-04    0.363143E-04    0.310954E-04
 8.90987   -0.211441E-04    0.360982E-04    0.310464E-04
 8.92790   -0.210097E-04    0.358837E-04    0.309969E-04
 8.94592   -0.208764E-04    0.356709E-04    0.309468E-04
 8.96395   -0.207442E-04    0.354597E-04    0.308963E-04
 8.98197   -0.206132E-04    0.352500E-04    0.308454E-04
 9.00000   -0.204832E-04    0.350419E-04    0.307940E-04
