 0.00500    0.262085E-01   -0.136165E-01    0.104926E-01
 0.02303    0.217696E-01   -0.113970E-01    0.882687E-02
 0.04105    0.191322E-01   -0.100772E-01    0.783579E-02
 0.05908    0.171956E-01   -0.910758E-02    0.710637E-02
 0.07710    0.156596E-01   -0.833796E-02    0.652647E-02
 0.09513    0.143891E-01   -0.770082E-02    0.604547E-02
 0.11316    0.133097E-01   -0.715893E-02    0.563553E-02
 0.13118    0.123748E-01   -0.668911E-02    0.527930E-02
 0.14921    0.115537E-01   -0.627596E-02    0.496528E-02
 0.16723    0.108245E-01   -0.590861E-02    0.468535E-02
 0.18526    0.101713E-01   -0.557909E-02    0.443354E-02
 0.20329    0.958191E-02   -0.528132E-02    0.420537E-02
 0.22131    0.904677E-02   -0.501057E-02    0.399727E-02
 0.23934    0.855843E-02   -0.476310E-02    0.380648E-02
 0.25736    0.811079E-02   -0.453589E-02    0.363077E-02
 0.27539    0.769886E-02   -0.432644E-02    0.346825E-02
 0.29342    0.731848E-02   -0.413268E-02    0.331740E-02
 0.31144    0.696616E-02   -0.395288E-02    0.317694E-02
 0.32947    0.663891E-02   -0.378555E-02    0.304577E-02
 0.34749    0.633418E-02   -0.362943E-02    0.292295E-02
 0.36552    0.604979E-02   -0.348343E-02    0.280767E-02
 0.38355    0.578383E-02   -0.334661E-02    0.269923E-02
 0.40157    0.553464E-02   -0.321812E-02    0.259702E-02
 0.41960    0.530073E-02   -0.309725E-02    0.250050E-02
 0.43763    0.508080E-02   -0.298334E-02    0.240920E-02
 0.45565    0.487370E-02   -0.287583E-02    0.232269E-02
 0.47368    0.467840E-02   -0.277419E-02    0.224059E-02
 0.49170    0.449398E-02   -0.267799E-02    0.216258E-02
 0.50973    0.431962E-02   -0.258680E-02    0.208834E-02
 0.52776    0.415457E-02   -0.250025E-02    0.201760E-02
 0.54578    0.399816E-02   -0.241802E-02    0.195013E-02
 0.56381    0.384977E-02   -0.233980E-02    0.188569E-02
 0.58183    0.370885E-02   -0.226532E-02    0.182408E-02
 0.59986    0.357489E-02   -0.219432E-02    0.176513E-02
 0.61789    0.344744E-02   -0.212657E-02    0.170865E-02
 0.63591    0.332606E-02   -0.206187E-02    0.165450E-02
 0.65394    0.321038E-02   -0.200002E-02    0.160254E-02
 0.67196    0.310003E-02   -0.194086E-02    0.155263E-02
 0.68999    0.299469E-02   -0.188421E-02    0.150466E-02
 0.70802    0.289405E-02   -0.182992E-02    0.145851E-02
 0.72604    0.279784E-02   -0.177787E-02    0.141409E-02
 0.74407    0.270580E-02   -0.172791E-02    0.137130E-02
 0.76209    0.261770E-02   -0.167994E-02    0.133005E-02
 0.78012    0.253330E-02   -0.163384E-02    0.129027E-02
 0.79815    0.245241E-02   -0.158951E-02    0.125187E-02
 0.81617    0.237483E-02   -0.154686E-02    0.121480E-02
 0.83420    0.230038E-02   -0.150580E-02    0.117897E-02
 0.85222    0.222891E-02   -0.146624E-02    0.114434E-02
 0.87025    0.216025E-02   -0.142812E-02    0.111084E-02
 0.88828    0.209426E-02   -0.139135E-02    0.107842E-02
 0.90630    0.203080E-02   -0.135587E-02    0.104704E-02
 0.92433    0.196975E-02   -0.132163E-02    0.101664E-02
 0.94235    0.191100E-02   -0.128855E-02    0.987191E-03
 0.96038    0.185442E-02   -0.125659E-02    0.958640E-03
 0.97841    0.179992E-02   -0.122570E-02    0.930951E-03
 0.99643    0.174739E-02   -0.119581E-02    0.904090E-03
 1.01446    0.169675E-02   -0.116690E-02    0.878022E-03
 1.03248    0.164791E-02   -0.113892E-02    0.852715E-03
 1.05051    0.160078E-02   -0.111182E-02    0.828138E-03
 1.06854    0.155530E-02   -0.108557E-02    0.804263E-03
 1.08656    0.151139E-02   -0.106013E-02    0.781063E-03
 1.10459    0.146897E-02   -0.103547E-02    0.758513E-03
 1.12262    0.142798E-02   -0.101155E-02    0.736587E-03
 1.14064    0.138837E-02   -0.988350E-03    0.715263E-03
 1.15867    0.135008E-02   -0.965834E-03    0.694519E-03
 1.17669    0.131304E-02   -0.943978E-03    0.674334E-03
 1.19472    0.127721E-02   -0.922755E-03    0.654688E-03
 1.21275    0.124254E-02   -0.902140E-03    0.635563E-03
 1.23077    0.120898E-02   -0.882110E-03    0.616937E-03
 1.24880    0.117649E-02   -0.862644E-03    0.598801E-03
 1.26682    0.114503E-02   -0.843720E-03    0.581136E-03
 1.28485    0.111455E-02   -0.825317E-03    0.563924E-03
 1.30288    0.108502E-02   -0.807417E-03    0.547152E-03
 1.32090    0.105639E-02   -0.790001E-03    0.530806E-03
 1.33893    0.102865E-02   -0.773053E-03    0.514871E-03
 1.35695    0.100174E-02   -0.756555E-03    0.499336E-03
 1.37498    0.975650E-03   -0.740492E-03    0.484187E-03
 1.39301    0.950339E-03   -0.724848E-03    0.469414E-03
 1.41103    0.925782E-03   -0.709611E-03    0.455005E-03
 1.42906    0.901951E-03   -0.694765E-03    0.440949E-03
 1.44708    0.878819E-03   -0.680298E-03    0.427235E-03
 1.46511    0.856363E-03   -0.666197E-03    0.413855E-03
 1.48314    0.834558E-03   -0.652451E-03    0.400797E-03
 1.50116    0.813382E-03   -0.639047E-03    0.388054E-03
 1.51919    0.792812E-03   -0.625975E-03    0.375617E-03
 1.53721    0.772828E-03   -0.613224E-03    0.363476E-03
 1.55524    0.753410E-03   -0.600784E-03    0.351623E-03
 1.57327    0.734539E-03   -0.588644E-03    0.340052E-03
 1.59129    0.716195E-03   -0.576797E-03    0.328753E-03
 1.60932    0.698362E-03   -0.565233E-03    0.317721E-03
 1.62734    0.681023E-03   -0.553943E-03    0.306948E-03
 1.64537    0.664162E-03   -0.542919E-03    0.296426E-03
 1.66340    0.647762E-03   -0.532153E-03    0.286151E-03
 1.68142    0.631810E-03   -0.521637E-03    0.276114E-03
 1.69945    0.616290E-03   -0.511365E-03    0.266311E-03
 1.71747    0.601189E-03   -0.501328E-03    0.256735E-03
 1.73550    0.586493E-03   -0.491521E-03    0.247380E-03
 1.75353    0.572190E-03   -0.481936E-03    0.238242E-03
 1.77155    0.558269E-03   -0.472566E-03    0.229314E-03
 1.78958    0.544716E-03   -0.463411E-03    0.220592E-03
 1.80761    0.531522E-03   -0.454458E-03    0.212071E-03
 1.82563    0.518674E-03   -0.445704E-03    0.203746E-03
 1.84366    0.506162E-03   -0.437144E-03    0.195612E-03
 1.86168    0.493977E-03   -0.428772E-03    0.187665E-03
 1.87971    0.482108E-03   -0.420583E-03    0.179900E-03
 1.89774    0.470547E-03   -0.412572E-03    0.172313E-03
 1.91576    0.459284E-03   -0.404735E-03    0.164900E-03
 1.93379    0.448311E-03   -0.397068E-03    0.157658E-03
 1.95181    0.437619E-03   -0.389565E-03    0.150582E-03
 1.96984    0.427200E-03   -0.382222E-03    0.143668E-03
 1.98787    0.417047E-03   -0.375037E-03    0.136913E-03
 2.00589    0.407153E-03   -0.368004E-03    0.130314E-03
 2.02392    0.397509E-03   -0.361119E-03    0.123867E-03
 2.04194    0.388110E-03   -0.354380E-03    0.117568E-03
 2.05997    0.378948E-03   -0.347783E-03    0.111415E-03
 2.07800    0.370017E-03   -0.341324E-03    0.105405E-03
 2.09602    0.361311E-03   -0.335000E-03    0.995336E-04
 2.11405    0.352825E-03   -0.328808E-03    0.937992E-04
 2.13207    0.344551E-03   -0.322745E-03    0.881986E-04
 2.15010    0.336486E-03   -0.316807E-03    0.827289E-04
 2.16813    0.328624E-03   -0.310993E-03    0.773877E-04
 2.18615    0.320959E-03   -0.305299E-03    0.721724E-04
 2.20418    0.313487E-03   -0.299723E-03    0.670799E-04
 2.22220    0.306203E-03   -0.294262E-03    0.621085E-04
 2.24023    0.299103E-03   -0.288913E-03    0.572556E-04
 2.25826    0.292182E-03   -0.283675E-03    0.525189E-04
 2.27628    0.285437E-03   -0.278545E-03    0.478966E-04
 2.29431    0.278863E-03   -0.273521E-03    0.433860E-04
 2.31233    0.272456E-03   -0.268601E-03    0.389852E-04
 2.33036    0.266214E-03   -0.263782E-03    0.346924E-04
 2.34839    0.260132E-03   -0.259065E-03    0.305057E-04
 2.36641    0.254207E-03   -0.254445E-03    0.264229E-04
 2.38444    0.248437E-03   -0.249921E-03    0.224424E-04
 2.40246    0.242819E-03   -0.245493E-03    0.185624E-04
 2.42049    0.237349E-03   -0.241157E-03    0.147815E-04
 2.43852    0.232025E-03   -0.236914E-03    0.110978E-04
 2.45654    0.226846E-03   -0.232760E-03    0.750992E-05
 2.47457    0.221806E-03   -0.228695E-03    0.401618E-05
 2.49260    0.216906E-03   -0.224717E-03    0.615155E-06
 2.51062    0.212142E-03   -0.220826E-03   -0.268964E-05
 2.52865    0.207513E-03   -0.217020E-03   -0.591441E-05
 2.54667    0.203016E-03   -0.213297E-03   -0.904575E-05
 2.56470    0.198650E-03   -0.209657E-03   -0.120899E-04
 2.58273    0.194412E-03   -0.206099E-03   -0.150482E-04
 2.60075    0.190301E-03   -0.202620E-03   -0.179218E-04
 2.61878    0.186315E-03   -0.199221E-03   -0.207122E-04
 2.63680    0.182452E-03   -0.195900E-03   -0.234204E-04
 2.65483    0.178711E-03   -0.192656E-03   -0.260478E-04
 2.67286    0.175090E-03   -0.189488E-03   -0.285956E-04
 2.69088    0.171586E-03   -0.186393E-03   -0.310650E-04
 2.70891    0.168199E-03   -0.183377E-03   -0.334575E-04
 2.72693    0.164926E-03   -0.180428E-03   -0.357740E-04
 2.74496    0.161766E-03   -0.177553E-03   -0.380160E-04
 2.76299    0.158716E-03   -0.174748E-03   -0.401847E-04
 2.78101    0.155775E-03   -0.172011E-03   -0.422816E-04
 2.79904    0.152940E-03   -0.169343E-03   -0.443080E-04
 2.81706    0.150209E-03   -0.166742E-03   -0.462655E-04
 2.83509    0.147579E-03   -0.164204E-03   -0.481556E-04
 2.85312    0.145049E-03   -0.161732E-03   -0.499797E-04
 2.87114    0.142614E-03   -0.159321E-03   -0.517394E-04
 2.88917    0.140273E-03   -0.156970E-03   -0.534366E-04
 2.90719    0.138021E-03   -0.154677E-03   -0.550729E-04
 2.92522    0.135856E-03   -0.152440E-03   -0.566501E-04
 2.94325    0.133773E-03   -0.150258E-03   -0.581704E-04
 2.96127    0.131770E-03   -0.148130E-03   -0.596356E-04
 2.97930    0.129841E-03   -0.146049E-03   -0.610479E-04
 2.99732    0.127983E-03   -0.144019E-03   -0.624091E-04
 3.01535    0.126191E-03   -0.142032E-03   -0.637224E-04
 3.03338    0.124460E-03   -0.140088E-03   -0.649895E-04
 3.05140    0.122785E-03   -0.138183E-03   -0.662133E-04
 3.06943    0.121161E-03   -0.136316E-03   -0.673952E-04
 3.08745    0.119582E-03   -0.134483E-03   -0.685389E-04
 3.10548    0.118044E-03   -0.132680E-03   -0.696467E-04
 3.12351    0.116539E-03   -0.130906E-03   -0.707215E-04
 3.14153    0.115062E-03   -0.129157E-03   -0.717665E-04
 3.15956    0.113607E-03   -0.127429E-03   -0.727833E-04
 3.17759    0.112168E-03   -0.125720E-03   -0.737756E-04
 3.19561    0.110738E-03   -0.124025E-03   -0.747462E-04
 3.21364    0.109311E-03   -0.122342E-03   -0.756978E-04
 3.23166    0.107882E-03   -0.120668E-03   -0.766340E-04
 3.24969    0.106444E-03   -0.118998E-03   -0.775558E-04
 3.26772    0.104990E-03   -0.117330E-03   -0.784687E-04
 3.28574    0.103515E-03   -0.115661E-03   -0.793718E-04
 3.30377    0.102013E-03   -0.113987E-03   -0.802710E-04
 3.32179    0.100478E-03   -0.112306E-03   -0.811679E-04
 3.33982    0.989051E-04   -0.110614E-03   -0.820648E-04
 3.35785    0.972888E-04   -0.108909E-03   -0.829643E-04
 3.37587    0.956242E-04   -0.107188E-03   -0.838684E-04
 3.39390    0.939070E-04   -0.105450E-03   -0.847793E-04
 3.41192    0.921331E-04   -0.103691E-03   -0.857147E-04
 3.42995    0.902981E-04   -0.101909E-03   -0.866294E-04
 3.44798    0.883996E-04   -0.100103E-03   -0.875723E-04
 3.46600    0.864344E-04   -0.982716E-04   -0.885288E-04
 3.48403    0.843999E-04   -0.964129E-04   -0.895001E-04
 3.50205    0.822948E-04   -0.945261E-04   -0.904872E-04
 3.52008    0.801170E-04   -0.926104E-04   -0.914918E-04
 3.53811    0.778657E-04   -0.906646E-04   -0.925137E-04
 3.55613    0.755410E-04   -0.886892E-04   -0.935534E-04
 3.57416    0.731426E-04   -0.866839E-04   -0.946116E-04
 3.59218    0.706715E-04   -0.846488E-04   -0.956882E-04
 3.61021    0.681284E-04   -0.825843E-04   -0.967823E-04
 3.62824    0.655155E-04   -0.804920E-04   -0.978944E-04
 3.64626    0.628336E-04   -0.783712E-04   -0.990237E-04
 3.66429    0.600868E-04   -0.762244E-04   -0.100169E-03
 3.68231    0.572771E-04   -0.740527E-04   -0.101330E-03
 3.70034    0.544082E-04   -0.718575E-04   -0.102506E-03
 3.71837    0.514838E-04   -0.696408E-04   -0.103694E-03
 3.73639    0.485077E-04   -0.674045E-04   -0.104895E-03
 3.75442    0.454846E-04   -0.651509E-04   -0.106106E-03
 3.77244    0.424190E-04   -0.628822E-04   -0.107325E-03
 3.79047    0.393157E-04   -0.606006E-04   -0.108552E-03
 3.80850    0.361800E-04   -0.583090E-04   -0.109783E-03
 3.82652    0.330169E-04   -0.560095E-04   -0.111018E-03
 3.84455    0.298319E-04   -0.537047E-04   -0.112255E-03
 3.86258    0.266304E-04   -0.513980E-04   -0.113489E-03
 3.88060    0.234178E-04   -0.490916E-04   -0.114722E-03
 3.89863    0.201997E-04   -0.467880E-04   -0.115950E-03
 3.91665    0.169815E-04   -0.444905E-04   -0.117170E-03
 3.93468    0.137688E-04   -0.422015E-04   -0.118383E-03
 3.95271    0.105668E-04   -0.399242E-04   -0.119584E-03
 3.97073    0.738071E-05   -0.376608E-04   -0.120773E-03
 3.98876    0.421578E-05   -0.354139E-04   -0.121947E-03
 4.00678    0.107690E-05   -0.331859E-04   -0.123105E-03
 4.02481   -0.203122E-05   -0.309790E-04   -0.124244E-03
 4.04284   -0.510391E-05   -0.287957E-04   -0.125364E-03
 4.06086   -0.813701E-05   -0.266381E-04   -0.126461E-03
 4.07889   -0.111263E-04   -0.245084E-04   -0.127536E-03
 4.09691   -0.140680E-04   -0.224085E-04   -0.128586E-03
 4.11494   -0.169585E-04   -0.203401E-04   -0.129610E-03
 4.13297   -0.197946E-04   -0.183054E-04   -0.130607E-03
 4.15099   -0.225731E-04   -0.163047E-04   -0.131575E-03
 4.16902   -0.252913E-04   -0.143405E-04   -0.132515E-03
 4.18704   -0.279467E-04   -0.124138E-04   -0.133422E-03
 4.20507   -0.305372E-04   -0.105253E-04   -0.134299E-03
 4.22310   -0.330606E-04   -0.867657E-05   -0.135144E-03
 4.24112   -0.355153E-04   -0.686795E-05   -0.135958E-03
 4.25915   -0.378997E-04   -0.510053E-05   -0.136736E-03
 4.27717   -0.402130E-04   -0.337479E-05   -0.137482E-03
 4.29520   -0.424543E-04   -0.169108E-05   -0.138193E-03
 4.31323   -0.446225E-04   -0.498501E-07   -0.138871E-03
 4.33125   -0.467174E-04    0.154876E-05   -0.139514E-03
 4.34928   -0.487389E-04    0.310454E-05   -0.140123E-03
 4.36730   -0.506869E-04    0.461767E-05   -0.140697E-03
 4.38533   -0.525614E-04    0.608787E-05   -0.141236E-03
 4.40336   -0.543626E-04    0.751576E-05   -0.141742E-03
 4.42138   -0.560913E-04    0.890126E-05   -0.142213E-03
 4.43941   -0.577481E-04    0.102449E-04   -0.142652E-03
 4.45743   -0.593336E-04    0.115470E-04   -0.143056E-03
 4.47546   -0.608490E-04    0.128080E-04   -0.143427E-03
 4.49349   -0.622952E-04    0.140286E-04   -0.143765E-03
 4.51151   -0.636737E-04    0.152092E-04   -0.144072E-03
 4.52954   -0.649851E-04    0.163507E-04   -0.144347E-03
 4.54757   -0.662311E-04    0.174536E-04   -0.144591E-03
 4.56559   -0.674129E-04    0.185188E-04   -0.144804E-03
 4.58362   -0.685323E-04    0.195469E-04   -0.144988E-03
 4.60164   -0.695908E-04    0.205331E-04   -0.145142E-03
 4.61967   -0.705899E-04    0.214949E-04   -0.145268E-03
 4.63770   -0.715311E-04    0.224168E-04   -0.145366E-03
 4.65572   -0.724161E-04    0.233048E-04   -0.145436E-03
 4.67375   -0.732467E-04    0.241597E-04   -0.145480E-03
 4.69177   -0.740241E-04    0.249826E-04   -0.145498E-03
 4.70980   -0.747505E-04    0.257748E-04   -0.145491E-03
 4.72783   -0.754274E-04    0.265365E-04   -0.145460E-03
 4.74585   -0.760563E-04    0.272686E-04   -0.145405E-03
 4.76388   -0.766391E-04    0.279724E-04   -0.145327E-03
 4.78190   -0.771775E-04    0.286484E-04   -0.145227E-03
 4.79993   -0.776726E-04    0.292975E-04   -0.145105E-03
 4.81796   -0.781263E-04    0.299206E-04   -0.144962E-03
 4.83598   -0.785403E-04    0.305187E-04   -0.144800E-03
 4.85401   -0.789162E-04    0.310923E-04   -0.144617E-03
 4.87203   -0.792555E-04    0.316425E-04   -0.144416E-03
 4.89006   -0.795593E-04    0.321698E-04   -0.144196E-03
 4.90809   -0.798293E-04    0.326751E-04   -0.143958E-03
 4.92611   -0.800668E-04    0.331592E-04   -0.143704E-03
 4.94414   -0.802734E-04    0.336227E-04   -0.143432E-03
 4.96216   -0.804502E-04    0.340664E-04   -0.143146E-03
 4.98019   -0.805987E-04    0.344910E-04   -0.142844E-03
 4.99822   -0.807202E-04    0.348972E-04   -0.142527E-03
 5.01624   -0.808156E-04    0.352856E-04   -0.142197E-03
 5.03427   -0.808859E-04    0.356569E-04   -0.141853E-03
 5.05229   -0.809329E-04    0.360114E-04   -0.141496E-03
 5.07032   -0.809572E-04    0.363501E-04   -0.141126E-03
 5.08835   -0.809601E-04    0.366734E-04   -0.140744E-03
 5.10637   -0.809425E-04    0.369819E-04   -0.140350E-03
 5.12440   -0.809053E-04    0.372761E-04   -0.139946E-03
 5.14242   -0.808497E-04    0.375566E-04   -0.139530E-03
 5.16045   -0.807764E-04    0.378237E-04   -0.139106E-03
 5.17848   -0.806862E-04    0.380781E-04   -0.138670E-03
 5.19650   -0.805801E-04    0.383201E-04   -0.138226E-03
 5.21453   -0.804587E-04    0.385503E-04   -0.137771E-03
 5.23256   -0.803229E-04    0.387689E-04   -0.137310E-03
 5.25058   -0.801736E-04    0.389766E-04   -0.136839E-03
 5.26861   -0.800115E-04    0.391735E-04   -0.136360E-03
 5.28663   -0.798369E-04    0.393603E-04   -0.135874E-03
 5.30466   -0.796504E-04    0.395372E-04   -0.135381E-03
 5.32269   -0.794529E-04    0.397045E-04   -0.134881E-03
 5.34071   -0.792452E-04    0.398627E-04   -0.134374E-03
 5.35874   -0.790275E-04    0.400119E-04   -0.133861E-03
 5.37676   -0.788005E-04    0.401526E-04   -0.133342E-03
 5.39479   -0.785646E-04    0.402851E-04   -0.132817E-03
 5.41282   -0.783206E-04    0.404096E-04   -0.132286E-03
 5.43084   -0.780686E-04    0.405265E-04   -0.131751E-03
 5.44887   -0.778087E-04    0.406358E-04   -0.131210E-03
 5.46689   -0.775422E-04    0.407381E-04   -0.130666E-03
 5.48492   -0.772695E-04    0.408335E-04   -0.130116E-03
 5.50295   -0.769901E-04    0.409221E-04   -0.129561E-03
 5.52097   -0.767047E-04    0.410044E-04   -0.129003E-03
 5.53900   -0.764145E-04    0.410804E-04   -0.128441E-03
 5.55702   -0.761187E-04    0.411504E-04   -0.127875E-03
 5.57505   -0.758182E-04    0.412146E-04   -0.127306E-03
 5.59308   -0.755131E-04    0.412732E-04   -0.126733E-03
 5.61110   -0.752044E-04    0.413264E-04   -0.126157E-03
 5.62913   -0.748915E-04    0.413744E-04   -0.125579E-03
 5.64715   -0.745748E-04    0.414173E-04   -0.124998E-03
 5.66518   -0.742547E-04    0.414554E-04   -0.124415E-03
 5.68321   -0.739316E-04    0.414887E-04   -0.123828E-03
 5.70123   -0.736054E-04    0.415174E-04   -0.123241E-03
 5.71926   -0.732764E-04    0.415417E-04   -0.122651E-03
 5.73728   -0.729448E-04    0.415617E-04   -0.122057E-03
 5.75531   -0.726113E-04    0.415776E-04   -0.121463E-03
 5.77334   -0.722757E-04    0.415895E-04   -0.120867E-03
 5.79136   -0.719383E-04    0.415976E-04   -0.120269E-03
 5.80939   -0.715993E-04    0.416019E-04   -0.119671E-03
 5.82741   -0.712585E-04    0.416026E-04   -0.119070E-03
 5.84544   -0.709164E-04    0.415997E-04   -0.118469E-03
 5.86347   -0.705730E-04    0.415934E-04   -0.117867E-03
 5.88149   -0.702284E-04    0.415839E-04   -0.117264E-03
 5.89952   -0.698831E-04    0.415711E-04   -0.116661E-03
 5.91755   -0.695369E-04    0.415552E-04   -0.116057E-03
 5.93557   -0.691901E-04    0.415365E-04   -0.115452E-03
 5.95360   -0.688426E-04    0.415148E-04   -0.114847E-03
 5.97162   -0.684947E-04    0.414903E-04   -0.114242E-03
 5.98965   -0.681465E-04    0.414631E-04   -0.113636E-03
 6.00768   -0.677982E-04    0.414333E-04   -0.113031E-03
 6.02570   -0.674496E-04    0.414010E-04   -0.112425E-03
 6.04373   -0.671010E-04    0.413661E-04   -0.111820E-03
 6.06175   -0.667525E-04    0.413290E-04   -0.111215E-03
 6.07978   -0.664041E-04    0.412895E-04   -0.110610E-03
 6.09781   -0.660568E-04    0.412477E-04   -0.110005E-03
 6.11583   -0.657080E-04    0.412039E-04   -0.109401E-03
 6.13386   -0.653607E-04    0.411579E-04   -0.108797E-03
 6.15188   -0.650143E-04    0.411099E-04   -0.108194E-03
 6.16991   -0.646675E-04    0.410600E-04   -0.107591E-03
 6.18794   -0.643217E-04    0.410082E-04   -0.106990E-03
 6.20596   -0.639766E-04    0.409546E-04   -0.106389E-03
 6.22399   -0.636324E-04    0.408992E-04   -0.105788E-03
 6.24201   -0.632888E-04    0.408420E-04   -0.105189E-03
 6.26004   -0.629465E-04    0.407833E-04   -0.104591E-03
 6.27807   -0.626049E-04    0.407229E-04   -0.103993E-03
 6.29609   -0.622642E-04    0.406610E-04   -0.103396E-03
 6.31412   -0.619246E-04    0.405977E-04   -0.102800E-03
 6.33214   -0.615861E-04    0.405329E-04   -0.102205E-03
 6.35017   -0.612488E-04    0.404667E-04   -0.101612E-03
 6.36820   -0.609126E-04    0.403992E-04   -0.101019E-03
 6.38622   -0.605779E-04    0.403303E-04   -0.100428E-03
 6.40425   -0.602442E-04    0.402603E-04   -0.998382E-04
 6.42227   -0.599119E-04    0.401891E-04   -0.992497E-04
 6.44030   -0.595810E-04    0.401168E-04   -0.986624E-04
 6.45833   -0.592513E-04    0.400434E-04   -0.980766E-04
 6.47635   -0.589232E-04    0.399689E-04   -0.974921E-04
 6.49438   -0.585964E-04    0.398934E-04   -0.969091E-04
 6.51240   -0.582714E-04    0.398170E-04   -0.963276E-04
 6.53043   -0.579479E-04    0.397397E-04   -0.957494E-04
 6.54846   -0.576259E-04    0.396614E-04   -0.951691E-04
 6.56648   -0.573056E-04    0.395823E-04   -0.945923E-04
 6.58451   -0.569870E-04    0.395024E-04   -0.940172E-04
 6.60254   -0.566700E-04    0.394218E-04   -0.934440E-04
 6.62056   -0.563547E-04    0.393404E-04   -0.928719E-04
 6.63859   -0.560410E-04    0.392583E-04   -0.923023E-04
 6.65661   -0.557293E-04    0.391756E-04   -0.917340E-04
 6.67464   -0.554192E-04    0.390921E-04   -0.911676E-04
 6.69267   -0.551110E-04    0.390080E-04   -0.906030E-04
 6.71069   -0.548045E-04    0.389234E-04   -0.900403E-04
 6.72872   -0.545002E-04    0.388383E-04   -0.894794E-04
 6.74674   -0.541974E-04    0.387525E-04   -0.889205E-04
 6.76477   -0.538963E-04    0.386663E-04   -0.883636E-04
 6.78280   -0.535974E-04    0.385797E-04   -0.878087E-04
 6.80082   -0.533001E-04    0.384925E-04   -0.872557E-04
 6.81885   -0.530047E-04    0.384049E-04   -0.867044E-04
 6.83687   -0.527113E-04    0.383169E-04   -0.861553E-04
 6.85490   -0.524196E-04    0.382286E-04   -0.856091E-04
 6.87293   -0.521298E-04    0.381398E-04   -0.850640E-04
 6.89095   -0.518419E-04    0.380507E-04   -0.845222E-04
 6.90898   -0.515557E-04    0.379613E-04   -0.839817E-04
 6.92700   -0.512714E-04    0.378714E-04   -0.834434E-04
 6.94503   -0.509890E-04    0.377813E-04   -0.829072E-04
 6.96306   -0.507085E-04    0.376909E-04   -0.823732E-04
 6.98108   -0.504299E-04    0.376002E-04   -0.818413E-04
 6.99911   -0.501529E-04    0.375092E-04   -0.813116E-04
 7.01713   -0.498779E-04    0.374179E-04   -0.807841E-04
 7.03516   -0.496045E-04    0.373263E-04   -0.802588E-04
 7.05319   -0.493328E-04    0.372345E-04   -0.797357E-04
 7.07121   -0.490631E-04    0.371426E-04   -0.792148E-04
 7.08924   -0.487951E-04    0.370502E-04   -0.786961E-04
 7.10726   -0.485287E-04    0.369576E-04   -0.781796E-04
 7.12529   -0.482639E-04    0.368648E-04   -0.776645E-04
 7.14332   -0.480006E-04    0.367718E-04   -0.771524E-04
 7.16134   -0.477392E-04    0.366785E-04   -0.766427E-04
 7.17937   -0.474793E-04    0.365850E-04   -0.761350E-04
 7.19739   -0.472210E-04    0.364913E-04   -0.756296E-04
 7.21542   -0.469642E-04    0.363973E-04   -0.751263E-04
 7.23345   -0.467089E-04    0.363031E-04   -0.746253E-04
 7.25147   -0.464553E-04    0.362087E-04   -0.741264E-04
 7.26950   -0.462031E-04    0.361141E-04   -0.736296E-04
 7.28753   -0.459523E-04    0.360192E-04   -0.731364E-04
 7.30555   -0.457028E-04    0.359241E-04   -0.726430E-04
 7.32358   -0.454547E-04    0.358287E-04   -0.721527E-04
 7.34160   -0.452081E-04    0.357332E-04   -0.716647E-04
 7.35963   -0.449627E-04    0.356374E-04   -0.711790E-04
 7.37766   -0.447187E-04    0.355413E-04   -0.706954E-04
 7.39568   -0.444760E-04    0.354450E-04   -0.702141E-04
 7.41371   -0.442347E-04    0.353484E-04   -0.697346E-04
 7.43173   -0.439944E-04    0.352517E-04   -0.692574E-04
 7.44976   -0.437552E-04    0.351547E-04   -0.687825E-04
 7.46779   -0.435178E-04    0.350575E-04   -0.683096E-04
 7.48581   -0.432809E-04    0.349600E-04   -0.678389E-04
 7.50384   -0.430456E-04    0.348623E-04   -0.673704E-04
 7.52186   -0.428111E-04    0.347644E-04   -0.669038E-04
 7.53989   -0.425778E-04    0.346662E-04   -0.664396E-04
 7.55792   -0.423457E-04    0.345678E-04   -0.659773E-04
 7.57594   -0.421145E-04    0.344692E-04   -0.655172E-04
 7.59397   -0.418843E-04    0.343704E-04   -0.650593E-04
 7.61199   -0.416552E-04    0.342714E-04   -0.646033E-04
 7.63002   -0.414272E-04    0.341723E-04   -0.641495E-04
 7.64805   -0.412003E-04    0.340726E-04   -0.636978E-04
 7.66607   -0.409743E-04    0.339729E-04   -0.632481E-04
 7.68410   -0.407493E-04    0.338730E-04   -0.628014E-04
 7.70212   -0.405253E-04    0.337729E-04   -0.623552E-04
 7.72015   -0.403023E-04    0.336726E-04   -0.619124E-04
 7.73818   -0.400803E-04    0.335722E-04   -0.614707E-04
 7.75620   -0.398592E-04    0.334715E-04   -0.610313E-04
 7.77423   -0.396391E-04    0.333705E-04   -0.605948E-04
 7.79225   -0.394198E-04    0.332696E-04   -0.601597E-04
 7.81028   -0.392018E-04    0.331685E-04   -0.597261E-04
 7.82831   -0.389845E-04    0.330671E-04   -0.592952E-04
 7.84633   -0.387682E-04    0.329656E-04   -0.588663E-04
 7.86436   -0.385528E-04    0.328640E-04   -0.584395E-04
 7.88238   -0.383384E-04    0.327622E-04   -0.580149E-04
 7.90041   -0.381248E-04    0.326604E-04   -0.575922E-04
 7.91844   -0.379122E-04    0.325584E-04   -0.571718E-04
 7.93646   -0.377007E-04    0.324563E-04   -0.567533E-04
 7.95449   -0.374900E-04    0.323541E-04   -0.563368E-04
 7.97252   -0.372804E-04    0.322519E-04   -0.559224E-04
 7.99054   -0.370716E-04    0.321497E-04   -0.555101E-04
 8.00857   -0.368638E-04    0.320473E-04   -0.550997E-04
 8.02659   -0.366570E-04    0.319449E-04   -0.546916E-04
 8.04462   -0.364511E-04    0.318424E-04   -0.542859E-04
 8.06265   -0.362463E-04    0.317399E-04   -0.538811E-04
 8.08067   -0.360424E-04    0.316374E-04   -0.534791E-04
 8.09870   -0.358395E-04    0.315348E-04   -0.530791E-04
 8.11672   -0.356375E-04    0.314323E-04   -0.526811E-04
 8.13475   -0.354365E-04    0.313297E-04   -0.522858E-04
 8.15278   -0.352366E-04    0.312272E-04   -0.518913E-04
 8.17080   -0.350377E-04    0.311247E-04   -0.514996E-04
 8.18883   -0.348397E-04    0.310222E-04   -0.511098E-04
 8.20685   -0.346428E-04    0.309197E-04   -0.507221E-04
 8.22488   -0.344468E-04    0.308173E-04   -0.503365E-04
 8.24291   -0.342518E-04    0.307150E-04   -0.499529E-04
 8.26093   -0.340579E-04    0.306128E-04   -0.495713E-04
 8.27896   -0.338650E-04    0.305106E-04   -0.491918E-04
 8.29698   -0.336732E-04    0.304085E-04   -0.488143E-04
 8.31501   -0.334823E-04    0.303065E-04   -0.484390E-04
 8.33304   -0.332925E-04    0.302047E-04   -0.480657E-04
 8.35106   -0.331038E-04    0.301029E-04   -0.476943E-04
 8.36909   -0.329161E-04    0.300014E-04   -0.473251E-04
 8.38711   -0.327294E-04    0.298999E-04   -0.469578E-04
 8.40514   -0.325437E-04    0.297984E-04   -0.465926E-04
 8.42317   -0.323591E-04    0.296971E-04   -0.462294E-04
 8.44119   -0.321757E-04    0.295960E-04   -0.458682E-04
 8.45922   -0.319932E-04    0.294951E-04   -0.455091E-04
 8.47724   -0.318118E-04    0.293943E-04   -0.451519E-04
 8.49527   -0.316314E-04    0.292937E-04   -0.447968E-04
 8.51330   -0.314521E-04    0.291933E-04   -0.444436E-04
 8.53132   -0.312738E-04    0.290931E-04   -0.440925E-04
 8.54935   -0.310966E-04    0.289930E-04   -0.437434E-04
 8.56737   -0.309206E-04    0.288932E-04   -0.433963E-04
 8.58540   -0.307454E-04    0.287935E-04   -0.430512E-04
 8.60343   -0.305714E-04    0.286941E-04   -0.427080E-04
 8.62145   -0.303984E-04    0.285949E-04   -0.423670E-04
 8.63948   -0.302265E-04    0.284958E-04   -0.420279E-04
 8.65751   -0.300557E-04    0.283971E-04   -0.416908E-04
 8.67553   -0.298859E-04    0.282985E-04   -0.413556E-04
 8.69356   -0.297172E-04    0.282002E-04   -0.410223E-04
 8.71158   -0.295496E-04    0.281020E-04   -0.406911E-04
 8.72961   -0.293830E-04    0.280042E-04   -0.403617E-04
 8.74764   -0.292175E-04    0.279066E-04   -0.400343E-04
 8.76566   -0.290529E-04    0.278092E-04   -0.397088E-04
 8.78369   -0.288894E-04    0.277121E-04   -0.393853E-04
 8.80171   -0.287270E-04    0.276153E-04   -0.390636E-04
 8.81974   -0.285657E-04    0.275187E-04   -0.387438E-04
 8.83777   -0.284054E-04    0.274224E-04   -0.384261E-04
 8.85579   -0.282461E-04    0.273263E-04   -0.381103E-04
 8.87382   -0.280879E-04    0.272305E-04   -0.377964E-04
 8.89184   -0.279307E-04    0.271350E-04   -0.374844E-04
 8.90987   -0.277746E-04    0.270398E-04   -0.371743E-04
 8.92790   -0.276195E-04    0.269448E-04   -0.368660E-04
 8.94592   -0.274653E-04    0.268502E-04   -0.365597E-04
 8.96395   -0.273122E-04    0.267558E-04   -0.362552E-04
 8.98197   -0.271602E-04    0.266617E-04   -0.359527E-04
 9.00000   -0.270091E-04    0.265679E-04   -0.356520E-04
