 0.00500    0.361988E-02   -0.181953E-02    0.141797E-02
 0.02303    0.298532E-02   -0.150231E-02    0.118007E-02
 0.04105    0.261070E-02   -0.131506E-02    0.103972E-02
 0.05908    0.233666E-02   -0.117811E-02    0.937120E-03
 0.07710    0.212001E-02   -0.106987E-02    0.856082E-03
 0.09513    0.194129E-02   -0.980626E-03    0.789307E-03
 0.11316    0.178983E-02   -0.905018E-03    0.732779E-03
 0.13118    0.165896E-02   -0.839720E-03    0.683997E-03
 0.14921    0.154428E-02   -0.782523E-03    0.641303E-03
 0.16723    0.144266E-02   -0.731868E-03    0.603522E-03
 0.18526    0.135181E-02   -0.686605E-03    0.569792E-03
 0.20329    0.127001E-02   -0.645869E-03    0.539463E-03
 0.22131    0.119589E-02   -0.608981E-03    0.512023E-03
 0.23934    0.112838E-02   -0.575403E-03    0.487068E-03
 0.25736    0.106662E-02   -0.544702E-03    0.464271E-03
 0.27539    0.100989E-02   -0.516520E-03    0.443364E-03
 0.29342    0.957600E-03   -0.490562E-03    0.424124E-03
 0.31144    0.909256E-03   -0.466578E-03    0.406362E-03
 0.32947    0.864435E-03   -0.444357E-03    0.389920E-03
 0.34749    0.822774E-03   -0.423716E-03    0.374660E-03
 0.36552    0.783960E-03   -0.404500E-03    0.360464E-03
 0.38355    0.747724E-03   -0.386573E-03    0.347234E-03
 0.40157    0.713828E-03   -0.369817E-03    0.334875E-03
 0.41960    0.682065E-03   -0.354126E-03    0.323311E-03
 0.43763    0.652251E-03   -0.339410E-03    0.312473E-03
 0.45565    0.624222E-03   -0.325586E-03    0.302298E-03
 0.47368    0.597833E-03   -0.312580E-03    0.292732E-03
 0.49170    0.572955E-03   -0.300329E-03    0.283725E-03
 0.50973    0.549470E-03   -0.288773E-03    0.275234E-03
 0.52776    0.527274E-03   -0.277861E-03    0.267219E-03
 0.54578    0.506272E-03   -0.267544E-03    0.259645E-03
 0.56381    0.486379E-03   -0.257779E-03    0.252478E-03
 0.58183    0.467516E-03   -0.248528E-03    0.245690E-03
 0.59986    0.449613E-03   -0.239754E-03    0.239253E-03
 0.61789    0.432604E-03   -0.231426E-03    0.233144E-03
 0.63591    0.416432E-03   -0.223514E-03    0.227340E-03
 0.65394    0.401040E-03   -0.215991E-03    0.221820E-03
 0.67196    0.386380E-03   -0.208830E-03    0.216567E-03
 0.68999    0.372406E-03   -0.202011E-03    0.211562E-03
 0.70802    0.359078E-03   -0.195512E-03    0.206790E-03
 0.72604    0.346354E-03   -0.189313E-03    0.202237E-03
 0.74407    0.334199E-03   -0.183396E-03    0.197888E-03
 0.76209    0.322581E-03   -0.177745E-03    0.193733E-03
 0.78012    0.311467E-03   -0.172343E-03    0.189758E-03
 0.79815    0.300831E-03   -0.167178E-03    0.185953E-03
 0.81617    0.290646E-03   -0.162236E-03    0.182309E-03
 0.83420    0.280887E-03   -0.157505E-03    0.178816E-03
 0.85222    0.271531E-03   -0.152972E-03    0.175466E-03
 0.87025    0.262556E-03   -0.148627E-03    0.172250E-03
 0.88828    0.253943E-03   -0.144461E-03    0.169162E-03
 0.90630    0.245673E-03   -0.140464E-03    0.166194E-03
 0.92433    0.237728E-03   -0.136626E-03    0.163341E-03
 0.94235    0.230093E-03   -0.132941E-03    0.160595E-03
 0.96038    0.222752E-03   -0.129401E-03    0.157951E-03
 0.97841    0.215690E-03   -0.125997E-03    0.155404E-03
 0.99643    0.208894E-03   -0.122724E-03    0.152949E-03
 1.01446    0.202352E-03   -0.119575E-03    0.150582E-03
 1.03248    0.196052E-03   -0.116545E-03    0.148297E-03
 1.05051    0.189982E-03   -0.113627E-03    0.146091E-03
 1.06854    0.184132E-03   -0.110817E-03    0.143960E-03
 1.08656    0.178491E-03   -0.108109E-03    0.141901E-03
 1.10459    0.173052E-03   -0.105499E-03    0.139909E-03
 1.12262    0.167804E-03   -0.102982E-03    0.137982E-03
 1.14064    0.162739E-03   -0.100555E-03    0.136116E-03
 1.15867    0.157849E-03   -0.982124E-04    0.134310E-03
 1.17669    0.153128E-03   -0.959511E-04    0.132559E-03
 1.19472    0.148567E-03   -0.937683E-04    0.130862E-03
 1.21275    0.144160E-03   -0.916606E-04    0.129215E-03
 1.23077    0.139901E-03   -0.896238E-04    0.127618E-03
 1.24880    0.135783E-03   -0.876556E-04    0.126067E-03
 1.26682    0.131801E-03   -0.857530E-04    0.124560E-03
 1.28485    0.127950E-03   -0.839134E-04    0.123096E-03
 1.30288    0.124224E-03   -0.821340E-04    0.121673E-03
 1.32090    0.120618E-03   -0.804121E-04    0.120289E-03
 1.33893    0.117128E-03   -0.787468E-04    0.118942E-03
 1.35695    0.113749E-03   -0.771345E-04    0.117631E-03
 1.37498    0.110477E-03   -0.755734E-04    0.116354E-03
 1.39301    0.107307E-03   -0.740615E-04    0.115110E-03
 1.41103    0.104237E-03   -0.725968E-04    0.113896E-03
 1.42906    0.101262E-03   -0.711778E-04    0.112714E-03
 1.44708    0.983782E-04   -0.698025E-04    0.111560E-03
 1.46511    0.955831E-04   -0.684697E-04    0.110434E-03
 1.48314    0.928732E-04   -0.671771E-04    0.109335E-03
 1.50116    0.902455E-04   -0.659236E-04    0.108261E-03
 1.51919    0.876970E-04   -0.647077E-04    0.107212E-03
 1.53721    0.852249E-04   -0.635281E-04    0.106186E-03
 1.55524    0.828265E-04   -0.623834E-04    0.105183E-03
 1.57327    0.804992E-04   -0.612724E-04    0.104202E-03
 1.59129    0.782407E-04   -0.601939E-04    0.103242E-03
 1.60932    0.760485E-04   -0.591467E-04    0.102302E-03
 1.62734    0.739204E-04   -0.581297E-04    0.101382E-03
 1.64537    0.718543E-04   -0.571418E-04    0.100480E-03
 1.66340    0.698481E-04   -0.561822E-04    0.995963E-04
 1.68142    0.678998E-04   -0.552496E-04    0.987299E-04
 1.69945    0.660075E-04   -0.543434E-04    0.978803E-04
 1.71747    0.641694E-04   -0.534626E-04    0.970469E-04
 1.73550    0.623839E-04   -0.526063E-04    0.962289E-04
 1.75353    0.606490E-04   -0.517734E-04    0.954260E-04
 1.77155    0.589634E-04   -0.509637E-04    0.946376E-04
 1.78958    0.573254E-04   -0.501762E-04    0.938632E-04
 1.80761    0.557336E-04   -0.494102E-04    0.931022E-04
 1.82563    0.541866E-04   -0.486650E-04    0.923544E-04
 1.84366    0.526830E-04   -0.479400E-04    0.916192E-04
 1.86168    0.512217E-04   -0.472345E-04    0.908961E-04
 1.87971    0.498012E-04   -0.465479E-04    0.901849E-04
 1.89774    0.484205E-04   -0.458796E-04    0.894851E-04
 1.91576    0.470783E-04   -0.452292E-04    0.887964E-04
 1.93379    0.457736E-04   -0.445962E-04    0.881184E-04
 1.95181    0.445054E-04   -0.439798E-04    0.874509E-04
 1.96984    0.432726E-04   -0.433794E-04    0.867934E-04
 1.98787    0.420743E-04   -0.427954E-04    0.861458E-04
 2.00589    0.409095E-04   -0.422265E-04    0.855077E-04
 2.02392    0.397775E-04   -0.416726E-04    0.848788E-04
 2.04194    0.386774E-04   -0.411332E-04    0.842590E-04
 2.05997    0.376083E-04   -0.406081E-04    0.836479E-04
 2.07800    0.365696E-04   -0.400970E-04    0.830454E-04
 2.09602    0.355603E-04   -0.395990E-04    0.824512E-04
 2.11405    0.345800E-04   -0.391144E-04    0.818652E-04
 2.13207    0.336277E-04   -0.386426E-04    0.812871E-04
 2.15010    0.327030E-04   -0.381833E-04    0.807166E-04
 2.16813    0.318051E-04   -0.377361E-04    0.801538E-04
 2.18615    0.309334E-04   -0.373009E-04    0.795982E-04
 2.20418    0.300873E-04   -0.368773E-04    0.790493E-04
 2.22220    0.292662E-04   -0.364651E-04    0.785086E-04
 2.24023    0.284696E-04   -0.360639E-04    0.779741E-04
 2.25826    0.276969E-04   -0.356735E-04    0.774464E-04
 2.27628    0.269474E-04   -0.352936E-04    0.769252E-04
 2.29431    0.262207E-04   -0.349240E-04    0.764103E-04
 2.31233    0.255162E-04   -0.345644E-04    0.759017E-04
 2.33036    0.248333E-04   -0.342146E-04    0.753991E-04
 2.34839    0.241715E-04   -0.338742E-04    0.749024E-04
 2.36641    0.235302E-04   -0.335431E-04    0.744115E-04
 2.38444    0.229088E-04   -0.332210E-04    0.739261E-04
 2.40246    0.223067E-04   -0.329073E-04    0.734461E-04
 2.42049    0.217234E-04   -0.326021E-04    0.729713E-04
 2.43852    0.211582E-04   -0.323051E-04    0.725015E-04
 2.45654    0.206106E-04   -0.320159E-04    0.720366E-04
 2.47457    0.200800E-04   -0.317340E-04    0.715764E-04
 2.49260    0.195655E-04   -0.314594E-04    0.711206E-04
 2.51062    0.190668E-04   -0.311918E-04    0.706686E-04
 2.52865    0.185830E-04   -0.309307E-04    0.702216E-04
 2.54667    0.181135E-04   -0.306761E-04    0.697780E-04
 2.56470    0.176578E-04   -0.304272E-04    0.693380E-04
 2.58273    0.172150E-04   -0.301841E-04    0.689015E-04
 2.60075    0.167846E-04   -0.299461E-04    0.684682E-04
 2.61878    0.163658E-04   -0.297133E-04    0.680380E-04
 2.63680    0.159580E-04   -0.294851E-04    0.676105E-04
 2.65483    0.155607E-04   -0.292613E-04    0.671856E-04
 2.67286    0.151730E-04   -0.290414E-04    0.667632E-04
 2.69088    0.147945E-04   -0.288256E-04    0.663430E-04
 2.70891    0.144245E-04   -0.286131E-04    0.659248E-04
 2.72693    0.140624E-04   -0.284038E-04    0.655084E-04
 2.74496    0.137078E-04   -0.281975E-04    0.650936E-04
 2.76299    0.133600E-04   -0.279937E-04    0.646805E-04
 2.78101    0.130187E-04   -0.277926E-04    0.642687E-04
 2.79904    0.126834E-04   -0.275938E-04    0.638582E-04
 2.81706    0.123536E-04   -0.273971E-04    0.634487E-04
 2.83509    0.120291E-04   -0.272022E-04    0.630403E-04
 2.85312    0.117095E-04   -0.270092E-04    0.626328E-04
 2.87114    0.113946E-04   -0.268178E-04    0.622262E-04
 2.88917    0.110840E-04   -0.266279E-04    0.618203E-04
 2.90719    0.107776E-04   -0.264395E-04    0.614153E-04
 2.92522    0.104753E-04   -0.262525E-04    0.610110E-04
 2.94325    0.101769E-04   -0.260670E-04    0.606074E-04
 2.96127    0.988233E-05   -0.258826E-04    0.602044E-04
 2.97930    0.959156E-05   -0.256993E-04    0.598023E-04
 2.99732    0.930456E-05   -0.255178E-04    0.594010E-04
 3.01535    0.902133E-05   -0.253374E-04    0.590003E-04
 3.03338    0.874186E-05   -0.251583E-04    0.586006E-04
 3.05140    0.846621E-05   -0.249805E-04    0.582016E-04
 3.06943    0.819441E-05   -0.248041E-04    0.578036E-04
 3.08745    0.792652E-05   -0.246291E-04    0.574065E-04
 3.10548    0.766257E-05   -0.244556E-04    0.570105E-04
 3.12351    0.740264E-05   -0.242836E-04    0.566154E-04
 3.14153    0.714674E-05   -0.241132E-04    0.562214E-04
 3.15956    0.689493E-05   -0.239442E-04    0.558287E-04
 3.17759    0.664719E-05   -0.237769E-04    0.554368E-04
 3.19561    0.640351E-05   -0.236111E-04    0.550467E-04
 3.21364    0.616519E-05   -0.234470E-04    0.546575E-04
 3.23166    0.592828E-05   -0.232843E-04    0.542697E-04
 3.24969    0.569658E-05   -0.231232E-04    0.538830E-04
 3.26772    0.546870E-05   -0.229636E-04    0.534975E-04
 3.28574    0.524454E-05   -0.228055E-04    0.531134E-04
 3.30377    0.502391E-05   -0.226488E-04    0.527304E-04
 3.32179    0.480664E-05   -0.224934E-04    0.523486E-04
 3.33982    0.459249E-05   -0.223392E-04    0.519680E-04
 3.35785    0.438127E-05   -0.221862E-04    0.515885E-04
 3.37587    0.417269E-05   -0.220341E-04    0.512099E-04
 3.39390    0.396645E-05   -0.218830E-04    0.508323E-04
 3.41192    0.376226E-05   -0.217325E-04    0.504556E-04
 3.42995    0.355978E-05   -0.215826E-04    0.500796E-04
 3.44798    0.335871E-05   -0.214332E-04    0.497043E-04
 3.46600    0.315869E-05   -0.212840E-04    0.493296E-04
 3.48403    0.295938E-05   -0.211350E-04    0.489553E-04
 3.50205    0.276041E-05   -0.209858E-04    0.485815E-04
 3.52008    0.256144E-05   -0.208365E-04    0.482080E-04
 3.53811    0.236212E-05   -0.206869E-04    0.478348E-04
 3.55613    0.216208E-05   -0.205366E-04    0.474617E-04
 3.57416    0.196105E-05   -0.203857E-04    0.470885E-04
 3.59218    0.175866E-05   -0.202340E-04    0.467152E-04
 3.61021    0.155465E-05   -0.200813E-04    0.463419E-04
 3.62824    0.134874E-05   -0.199275E-04    0.459683E-04
 3.64626    0.114067E-05   -0.197725E-04    0.455944E-04
 3.66429    0.930241E-06   -0.196163E-04    0.452202E-04
 3.68231    0.717244E-06   -0.194586E-04    0.448456E-04
 3.70034    0.501523E-06   -0.192995E-04    0.444705E-04
 3.71837    0.282949E-06   -0.191390E-04    0.440951E-04
 3.73639    0.614041E-07   -0.189768E-04    0.437193E-04
 3.75442   -0.163132E-06   -0.188131E-04    0.433430E-04
 3.77244   -0.390691E-06   -0.186478E-04    0.429662E-04
 3.79047   -0.621299E-06   -0.184810E-04    0.425891E-04
 3.80850   -0.854901E-06   -0.183127E-04    0.422116E-04
 3.82652   -0.109140E-05   -0.181428E-04    0.418337E-04
 3.84455   -0.133072E-05   -0.179716E-04    0.414556E-04
 3.86258   -0.157271E-05   -0.177990E-04    0.410774E-04
 3.88060   -0.181718E-05   -0.176252E-04    0.406990E-04
 3.89863   -0.206393E-05   -0.174502E-04    0.403206E-04
 3.91665   -0.231275E-05   -0.172742E-04    0.399423E-04
 3.93468   -0.256337E-05   -0.170973E-04    0.395641E-04
 3.95271   -0.281552E-05   -0.169197E-04    0.391863E-04
 3.97073   -0.306890E-05   -0.167415E-04    0.388089E-04
 3.98876   -0.332322E-05   -0.165628E-04    0.384321E-04
 4.00678   -0.357812E-05   -0.163839E-04    0.380559E-04
 4.02481   -0.383330E-05   -0.162049E-04    0.376806E-04
 4.04284   -0.408839E-05   -0.160259E-04    0.373062E-04
 4.06086   -0.434304E-05   -0.158472E-04    0.369329E-04
 4.07889   -0.459668E-05   -0.156690E-04    0.365608E-04
 4.09691   -0.484962E-05   -0.154913E-04    0.361901E-04
 4.11494   -0.510083E-05   -0.153145E-04    0.358210E-04
 4.13297   -0.535018E-05   -0.151386E-04    0.354534E-04
 4.15099   -0.559732E-05   -0.149639E-04    0.350876E-04
 4.16902   -0.584191E-05   -0.147905E-04    0.347238E-04
 4.18704   -0.608362E-05   -0.146186E-04    0.343619E-04
 4.20507   -0.632213E-05   -0.144483E-04    0.340022E-04
 4.22310   -0.655716E-05   -0.142798E-04    0.336448E-04
 4.24112   -0.678839E-05   -0.141132E-04    0.332897E-04
 4.25915   -0.701556E-05   -0.139488E-04    0.329371E-04
 4.27717   -0.723842E-05   -0.137864E-04    0.325871E-04
 4.29520   -0.745672E-05   -0.136265E-04    0.322397E-04
 4.31323   -0.767025E-05   -0.134690E-04    0.318951E-04
 4.33125   -0.787880E-05   -0.133140E-04    0.315532E-04
 4.34928   -0.808219E-05   -0.131616E-04    0.312143E-04
 4.36730   -0.828026E-05   -0.130120E-04    0.308782E-04
 4.38533   -0.847285E-05   -0.128651E-04    0.305452E-04
 4.40336   -0.865987E-05   -0.127210E-04    0.302151E-04
 4.42138   -0.884117E-05   -0.125798E-04    0.298881E-04
 4.43941   -0.901667E-05   -0.124415E-04    0.295643E-04
 4.45743   -0.918633E-05   -0.123063E-04    0.292436E-04
 4.47546   -0.935007E-05   -0.121739E-04    0.289259E-04
 4.49349   -0.950788E-05   -0.120446E-04    0.286115E-04
 4.51151   -0.965972E-05   -0.119183E-04    0.283002E-04
 4.52954   -0.980560E-05   -0.117950E-04    0.279920E-04
 4.54757   -0.994553E-05   -0.116748E-04    0.276870E-04
 4.56559   -0.100795E-04   -0.115575E-04    0.273851E-04
 4.58362   -0.102077E-04   -0.114431E-04    0.270863E-04
 4.60164   -0.103300E-04   -0.113317E-04    0.267906E-04
 4.61967   -0.104465E-04   -0.112233E-04    0.264981E-04
 4.63770   -0.105573E-04   -0.111177E-04    0.262085E-04
 4.65572   -0.106625E-04   -0.110149E-04    0.259219E-04
 4.67375   -0.107621E-04   -0.109149E-04    0.256384E-04
 4.69177   -0.108564E-04   -0.108177E-04    0.253577E-04
 4.70980   -0.109453E-04   -0.107231E-04    0.250799E-04
 4.72783   -0.110290E-04   -0.106312E-04    0.248050E-04
 4.74585   -0.111076E-04   -0.105418E-04    0.245329E-04
 4.76388   -0.111812E-04   -0.104550E-04    0.242635E-04
 4.78190   -0.112500E-04   -0.103706E-04    0.239968E-04
 4.79993   -0.113141E-04   -0.102885E-04    0.237328E-04
 4.81796   -0.113736E-04   -0.102088E-04    0.234714E-04
 4.83598   -0.114286E-04   -0.101314E-04    0.232125E-04
 4.85401   -0.114792E-04   -0.100561E-04    0.229561E-04
 4.87203   -0.115257E-04   -0.998296E-05    0.227022E-04
 4.89006   -0.115682E-04   -0.991187E-05    0.224507E-04
 4.90809   -0.116067E-04   -0.984276E-05    0.222015E-04
 4.92611   -0.116414E-04   -0.977557E-05    0.219546E-04
 4.94414   -0.116724E-04   -0.971023E-05    0.217100E-04
 4.96216   -0.117000E-04   -0.964668E-05    0.214676E-04
 4.98019   -0.117241E-04   -0.958486E-05    0.212273E-04
 4.99822   -0.117450E-04   -0.952470E-05    0.209892E-04
 5.01624   -0.117627E-04   -0.946613E-05    0.207531E-04
 5.03427   -0.117774E-04   -0.940911E-05    0.205190E-04
 5.05229   -0.117892E-04   -0.935356E-05    0.202869E-04
 5.07032   -0.117982E-04   -0.929943E-05    0.200568E-04
 5.08835   -0.118046E-04   -0.924666E-05    0.198285E-04
 5.10637   -0.118084E-04   -0.919520E-05    0.196021E-04
 5.12440   -0.118098E-04   -0.914499E-05    0.193775E-04
 5.14242   -0.118088E-04   -0.909598E-05    0.191546E-04
 5.16045   -0.118056E-04   -0.904812E-05    0.189335E-04
 5.17848   -0.118003E-04   -0.900136E-05    0.187141E-04
 5.19650   -0.117930E-04   -0.895565E-05    0.184964E-04
 5.21453   -0.117837E-04   -0.891094E-05    0.182803E-04
 5.23256   -0.117726E-04   -0.886719E-05    0.180658E-04
 5.25058   -0.117597E-04   -0.882436E-05    0.178528E-04
 5.26861   -0.117452E-04   -0.878241E-05    0.176414E-04
 5.28663   -0.117291E-04   -0.874129E-05    0.174315E-04
 5.30466   -0.117114E-04   -0.870097E-05    0.172230E-04
 5.32269   -0.116924E-04   -0.866141E-05    0.170160E-04
 5.34071   -0.116719E-04   -0.862257E-05    0.168104E-04
 5.35874   -0.116502E-04   -0.858442E-05    0.166062E-04
 5.37676   -0.116273E-04   -0.854693E-05    0.164034E-04
 5.39479   -0.116032E-04   -0.851007E-05    0.162018E-04
 5.41282   -0.115780E-04   -0.847380E-05    0.160017E-04
 5.43084   -0.115518E-04   -0.843810E-05    0.158029E-04
 5.44887   -0.115246E-04   -0.840294E-05    0.156053E-04
 5.46689   -0.114965E-04   -0.836829E-05    0.154090E-04
 5.48492   -0.114676E-04   -0.833413E-05    0.152139E-04
 5.50295   -0.114378E-04   -0.830044E-05    0.150199E-04
 5.52097   -0.114072E-04   -0.826719E-05    0.148273E-04
 5.53900   -0.113759E-04   -0.823436E-05    0.146358E-04
 5.55702   -0.113439E-04   -0.820193E-05    0.144455E-04
 5.57505   -0.113113E-04   -0.816988E-05    0.142564E-04
 5.59308   -0.112781E-04   -0.813820E-05    0.140685E-04
 5.61110   -0.112443E-04   -0.810686E-05    0.138817E-04
 5.62913   -0.112100E-04   -0.807585E-05    0.136959E-04
 5.64715   -0.111752E-04   -0.804515E-05    0.135113E-04
 5.66518   -0.111399E-04   -0.801471E-05    0.133278E-04
 5.68321   -0.111042E-04   -0.798460E-05    0.131454E-04
 5.70123   -0.110681E-04   -0.795479E-05    0.129640E-04
 5.71926   -0.110316E-04   -0.792520E-05    0.127837E-04
 5.73728   -0.109947E-04   -0.789586E-05    0.126045E-04
 5.75531   -0.109575E-04   -0.786675E-05    0.124264E-04
 5.77334   -0.109201E-04   -0.783786E-05    0.122492E-04
 5.79136   -0.108823E-04   -0.780919E-05    0.120730E-04
 5.80939   -0.108443E-04   -0.778073E-05    0.118979E-04
 5.82741   -0.108060E-04   -0.775246E-05    0.117238E-04
 5.84544   -0.107675E-04   -0.772437E-05    0.115508E-04
 5.86347   -0.107288E-04   -0.769646E-05    0.113787E-04
 5.88149   -0.106899E-04   -0.766873E-05    0.112075E-04
 5.89952   -0.106509E-04   -0.764116E-05    0.110374E-04
 5.91755   -0.106117E-04   -0.761374E-05    0.108683E-04
 5.93557   -0.105723E-04   -0.758648E-05    0.107001E-04
 5.95360   -0.105329E-04   -0.755936E-05    0.105330E-04
 5.97162   -0.104933E-04   -0.753238E-05    0.103668E-04
 5.98965   -0.104536E-04   -0.750554E-05    0.102015E-04
 6.00768   -0.104138E-04   -0.747882E-05    0.100372E-04
 6.02570   -0.103740E-04   -0.745223E-05    0.987387E-05
 6.04373   -0.103340E-04   -0.742575E-05    0.971149E-05
 6.06175   -0.102940E-04   -0.739939E-05    0.955005E-05
 6.07978   -0.102540E-04   -0.737314E-05    0.938954E-05
 6.09781   -0.102139E-04   -0.734700E-05    0.922998E-05
 6.11583   -0.101738E-04   -0.732096E-05    0.907135E-05
 6.13386   -0.101337E-04   -0.729502E-05    0.891364E-05
 6.15188   -0.100936E-04   -0.726918E-05    0.875685E-05
 6.16991   -0.100535E-04   -0.724343E-05    0.860097E-05
 6.18794   -0.100133E-04   -0.721777E-05    0.844601E-05
 6.20596   -0.997321E-05   -0.719219E-05    0.829194E-05
 6.22399   -0.993311E-05   -0.716670E-05    0.813877E-05
 6.24201   -0.989303E-05   -0.714129E-05    0.798650E-05
 6.26004   -0.985298E-05   -0.711596E-05    0.783509E-05
 6.27807   -0.981297E-05   -0.709071E-05    0.768458E-05
 6.29609   -0.977300E-05   -0.706553E-05    0.753493E-05
 6.31412   -0.973308E-05   -0.704043E-05    0.738616E-05
 6.33214   -0.969321E-05   -0.701539E-05    0.723825E-05
 6.35017   -0.965340E-05   -0.699042E-05    0.709119E-05
 6.36820   -0.961366E-05   -0.696552E-05    0.694499E-05
 6.38622   -0.957399E-05   -0.694068E-05    0.679964E-05
 6.40425   -0.953439E-05   -0.691590E-05    0.665514E-05
 6.42227   -0.949488E-05   -0.689118E-05    0.651148E-05
 6.44030   -0.945544E-05   -0.686652E-05    0.636867E-05
 6.45833   -0.941610E-05   -0.684191E-05    0.622669E-05
 6.47635   -0.937685E-05   -0.681736E-05    0.608556E-05
 6.49438   -0.933770E-05   -0.679287E-05    0.594526E-05
 6.51240   -0.929865E-05   -0.676842E-05    0.580580E-05
 6.53043   -0.925971E-05   -0.674403E-05    0.566717E-05
 6.54846   -0.922087E-05   -0.671968E-05    0.552938E-05
 6.56648   -0.918215E-05   -0.669538E-05    0.539242E-05
 6.58451   -0.914355E-05   -0.667113E-05    0.525630E-05
 6.60254   -0.910506E-05   -0.664692E-05    0.512100E-05
 6.62056   -0.906671E-05   -0.662276E-05    0.498654E-05
 6.63859   -0.902847E-05   -0.659864E-05    0.485291E-05
 6.65661   -0.899037E-05   -0.657455E-05    0.472010E-05
 6.67464   -0.895241E-05   -0.655051E-05    0.458809E-05
 6.69267   -0.891458E-05   -0.652651E-05    0.445693E-05
 6.71069   -0.887690E-05   -0.650254E-05    0.432660E-05
 6.72872   -0.883936E-05   -0.647861E-05    0.419707E-05
 6.74674   -0.880196E-05   -0.645471E-05    0.406837E-05
 6.76477   -0.876472E-05   -0.643085E-05    0.394051E-05
 6.78280   -0.872763E-05   -0.640702E-05    0.381344E-05
 6.80082   -0.869069E-05   -0.638322E-05    0.368719E-05
 6.81885   -0.865391E-05   -0.635945E-05    0.356174E-05
 6.83687   -0.861730E-05   -0.633572E-05    0.343710E-05
 6.85490   -0.858085E-05   -0.631201E-05    0.331324E-05
 6.87293   -0.854456E-05   -0.628833E-05    0.319016E-05
 6.89095   -0.850844E-05   -0.626467E-05    0.306789E-05
 6.90898   -0.847250E-05   -0.624105E-05    0.294640E-05
 6.92700   -0.843672E-05   -0.621745E-05    0.282569E-05
 6.94503   -0.840112E-05   -0.619387E-05    0.270576E-05
 6.96306   -0.836570E-05   -0.617032E-05    0.258660E-05
 6.98108   -0.833045E-05   -0.614679E-05    0.246821E-05
 6.99911   -0.829538E-05   -0.612328E-05    0.235058E-05
 7.01713   -0.826050E-05   -0.609980E-05    0.223372E-05
 7.03516   -0.822580E-05   -0.607634E-05    0.211763E-05
 7.05319   -0.819128E-05   -0.605290E-05    0.200230E-05
 7.07121   -0.815695E-05   -0.602949E-05    0.188770E-05
 7.08924   -0.812280E-05   -0.600609E-05    0.177383E-05
 7.10726   -0.808884E-05   -0.598271E-05    0.166072E-05
 7.12529   -0.805507E-05   -0.595935E-05    0.154837E-05
 7.14332   -0.802149E-05   -0.593602E-05    0.143675E-05
 7.16134   -0.798810E-05   -0.591271E-05    0.132588E-05
 7.17937   -0.795490E-05   -0.588941E-05    0.121574E-05
 7.19739   -0.792189E-05   -0.586614E-05    0.110634E-05
 7.21542   -0.788908E-05   -0.584288E-05    0.997662E-06
 7.23345   -0.785645E-05   -0.581965E-05    0.889715E-06
 7.25147   -0.782401E-05   -0.579643E-05    0.782498E-06
 7.26950   -0.779177E-05   -0.577324E-05    0.676001E-06
 7.28753   -0.775971E-05   -0.575007E-05    0.570226E-06
 7.30555   -0.772784E-05   -0.572692E-05    0.465172E-06
 7.32358   -0.769616E-05   -0.570379E-05    0.360832E-06
 7.34160   -0.766467E-05   -0.568068E-05    0.257209E-06
 7.35963   -0.763336E-05   -0.565760E-05    0.154300E-06
 7.37766   -0.760224E-05   -0.563454E-05    0.520990E-07
 7.39568   -0.757131E-05   -0.561151E-05   -0.493934E-07
 7.41371   -0.754055E-05   -0.558850E-05   -0.150181E-06
 7.43173   -0.750998E-05   -0.556552E-05   -0.250265E-06
 7.44976   -0.747958E-05   -0.554257E-05   -0.349646E-06
 7.46779   -0.744937E-05   -0.551964E-05   -0.448328E-06
 7.48581   -0.741932E-05   -0.549674E-05   -0.546311E-06
 7.50384   -0.738946E-05   -0.547388E-05   -0.643598E-06
 7.52186   -0.735976E-05   -0.545105E-05   -0.740191E-06
 7.53989   -0.733023E-05   -0.542824E-05   -0.836095E-06
 7.55792   -0.730087E-05   -0.540548E-05   -0.931313E-06
 7.57594   -0.727167E-05   -0.538274E-05   -0.102584E-05
 7.59397   -0.724263E-05   -0.536004E-05   -0.111968E-05
 7.61199   -0.721375E-05   -0.533738E-05   -0.121284E-05
 7.63002   -0.718503E-05   -0.531476E-05   -0.130531E-05
 7.64805   -0.715647E-05   -0.529218E-05   -0.139710E-05
 7.66607   -0.712805E-05   -0.526964E-05   -0.148822E-05
 7.68410   -0.709979E-05   -0.524714E-05   -0.157867E-05
 7.70212   -0.707167E-05   -0.522468E-05   -0.166844E-05
 7.72015   -0.704370E-05   -0.520227E-05   -0.175754E-05
 7.73818   -0.701587E-05   -0.517990E-05   -0.184597E-05
 7.75620   -0.698818E-05   -0.515758E-05   -0.193374E-05
 7.77423   -0.696063E-05   -0.513530E-05   -0.202084E-05
 7.79225   -0.693321E-05   -0.511308E-05   -0.210728E-05
 7.81028   -0.690592E-05   -0.509090E-05   -0.219306E-05
 7.82831   -0.687877E-05   -0.506878E-05   -0.227818E-05
 7.84633   -0.685174E-05   -0.504671E-05   -0.236264E-05
 7.86436   -0.682484E-05   -0.502469E-05   -0.244645E-05
 7.88238   -0.679806E-05   -0.500272E-05   -0.252961E-05
 7.90041   -0.677141E-05   -0.498081E-05   -0.261211E-05
 7.91844   -0.674487E-05   -0.495895E-05   -0.269398E-05
 7.93646   -0.671845E-05   -0.493715E-05   -0.277519E-05
 7.95449   -0.669215E-05   -0.491541E-05   -0.285577E-05
 7.97252   -0.666597E-05   -0.489373E-05   -0.293570E-05
 7.99054   -0.663989E-05   -0.487210E-05   -0.301500E-05
 8.00857   -0.661393E-05   -0.485053E-05   -0.309365E-05
 8.02659   -0.658808E-05   -0.482903E-05   -0.317168E-05
 8.04462   -0.656233E-05   -0.480758E-05   -0.324907E-05
 8.06265   -0.653670E-05   -0.478620E-05   -0.332584E-05
 8.08067   -0.651117E-05   -0.476487E-05   -0.340198E-05
 8.09870   -0.648574E-05   -0.474361E-05   -0.347750E-05
 8.11672   -0.646042E-05   -0.472241E-05   -0.355240E-05
 8.13475   -0.643521E-05   -0.470127E-05   -0.362635E-05
 8.15278   -0.641009E-05   -0.468019E-05   -0.370035E-05
 8.17080   -0.638508E-05   -0.465917E-05   -0.377341E-05
 8.18883   -0.636017E-05   -0.463822E-05   -0.384585E-05
 8.20685   -0.633537E-05   -0.461733E-05   -0.391769E-05
 8.22488   -0.631066E-05   -0.459650E-05   -0.398893E-05
 8.24291   -0.628606E-05   -0.457573E-05   -0.405956E-05
 8.26093   -0.626155E-05   -0.455503E-05   -0.412960E-05
 8.27896   -0.623715E-05   -0.453439E-05   -0.419905E-05
 8.29698   -0.621285E-05   -0.451381E-05   -0.426790E-05
 8.31501   -0.618865E-05   -0.449329E-05   -0.433616E-05
 8.33304   -0.616455E-05   -0.447283E-05   -0.440384E-05
 8.35106   -0.614055E-05   -0.445244E-05   -0.447094E-05
 8.36909   -0.611664E-05   -0.443211E-05   -0.453745E-05
 8.38711   -0.609284E-05   -0.441183E-05   -0.460339E-05
 8.40514   -0.606914E-05   -0.439162E-05   -0.466875E-05
 8.42317   -0.604554E-05   -0.437147E-05   -0.473354E-05
 8.44119   -0.602205E-05   -0.435138E-05   -0.479777E-05
 8.45922   -0.599865E-05   -0.433136E-05   -0.486143E-05
 8.47724   -0.597535E-05   -0.431139E-05   -0.492453E-05
 8.49527   -0.595215E-05   -0.429148E-05   -0.498706E-05
 8.51330   -0.592905E-05   -0.427163E-05   -0.504904E-05
 8.53132   -0.590606E-05   -0.425184E-05   -0.511047E-05
 8.54935   -0.588317E-05   -0.423211E-05   -0.517135E-05
 8.56737   -0.586038E-05   -0.421244E-05   -0.523168E-05
 8.58540   -0.583769E-05   -0.419283E-05   -0.529147E-05
 8.60343   -0.581510E-05   -0.417327E-05   -0.535072E-05
 8.62145   -0.579261E-05   -0.415377E-05   -0.540943E-05
 8.63948   -0.577023E-05   -0.413434E-05   -0.546760E-05
 8.65751   -0.574795E-05   -0.411495E-05   -0.552524E-05
 8.67553   -0.572577E-05   -0.409563E-05   -0.558234E-05
 8.69356   -0.570369E-05   -0.407636E-05   -0.563892E-05
 8.71158   -0.568172E-05   -0.405715E-05   -0.569497E-05
 8.72961   -0.565984E-05   -0.403800E-05   -0.575051E-05
 8.74764   -0.563808E-05   -0.401890E-05   -0.580551E-05
 8.76566   -0.561641E-05   -0.399986E-05   -0.586002E-05
 8.78369   -0.559484E-05   -0.398088E-05   -0.591402E-05
 8.80171   -0.557338E-05   -0.396195E-05   -0.596750E-05
 8.81974   -0.555202E-05   -0.394308E-05   -0.602047E-05
 8.83777   -0.553076E-05   -0.392426E-05   -0.607294E-05
 8.85579   -0.550961E-05   -0.390550E-05   -0.612490E-05
 8.87382   -0.548855E-05   -0.388679E-05   -0.617637E-05
 8.89184   -0.546760E-05   -0.386814E-05   -0.622734E-05
 8.90987   -0.544675E-05   -0.384954E-05   -0.627781E-05
 8.92790   -0.542600E-05   -0.383100E-05   -0.632779E-05
 8.94592   -0.540535E-05   -0.381251E-05   -0.637729E-05
 8.96395   -0.538479E-05   -0.379408E-05   -0.642630E-05
 8.98197   -0.536435E-05   -0.377571E-05   -0.647483E-05
 9.00000   -0.534399E-05   -0.375738E-05   -0.652287E-05
