 0.00500    0.185872E-01   -0.952902E-02    0.729208E-02
 0.02303    0.150239E-01   -0.774724E-02    0.595527E-02
 0.04105    0.129675E-01   -0.671854E-02    0.518292E-02
 0.05908    0.114839E-01   -0.597604E-02    0.462489E-02
 0.07710    0.103238E-01   -0.539514E-02    0.418775E-02
 0.09513    0.937596E-02   -0.492022E-02    0.382989E-02
 0.11316    0.857930E-02   -0.452077E-02    0.352842E-02
 0.13118    0.789638E-02   -0.417806E-02    0.326933E-02
 0.14921    0.730229E-02   -0.387968E-02    0.304332E-02
 0.16723    0.677951E-02   -0.361687E-02    0.284386E-02
 0.18526    0.631521E-02   -0.338322E-02    0.266615E-02
 0.20329    0.589974E-02   -0.317391E-02    0.250660E-02
 0.22131    0.552559E-02   -0.298521E-02    0.236242E-02
 0.23934    0.518682E-02   -0.281414E-02    0.223138E-02
 0.25736    0.487865E-02   -0.265833E-02    0.211172E-02
 0.27539    0.459714E-02   -0.251580E-02    0.200197E-02
 0.29342    0.433905E-02   -0.238495E-02    0.190093E-02
 0.31144    0.410168E-02   -0.226442E-02    0.180759E-02
 0.32947    0.388271E-02   -0.215307E-02    0.172111E-02
 0.34749    0.368017E-02   -0.204991E-02    0.164074E-02
 0.36552    0.349238E-02   -0.195410E-02    0.156586E-02
 0.38355    0.331786E-02   -0.186451E-02    0.149594E-02
 0.40157    0.315535E-02   -0.178171E-02    0.143050E-02
 0.41960    0.300372E-02   -0.170393E-02    0.136913E-02
 0.43763    0.286200E-02   -0.163111E-02    0.131147E-02
 0.45565    0.272932E-02   -0.156279E-02    0.125719E-02
 0.47368    0.260490E-02   -0.149860E-02    0.120602E-02
 0.49170    0.248806E-02   -0.143819E-02    0.115769E-02
 0.50973    0.237819E-02   -0.138126E-02    0.111199E-02
 0.52776    0.227473E-02   -0.132754E-02    0.106871E-02
 0.54578    0.217718E-02   -0.127678E-02    0.102766E-02
 0.56381    0.208511E-02   -0.122875E-02    0.988687E-03
 0.58183    0.199810E-02   -0.118327E-02    0.951637E-03
 0.59986    0.191579E-02   -0.114013E-02    0.916376E-03
 0.61789    0.183785E-02   -0.109918E-02    0.882782E-03
 0.63591    0.176398E-02   -0.106028E-02    0.850744E-03
 0.65394    0.169389E-02   -0.102327E-02    0.820159E-03
 0.67196    0.162733E-02   -0.988038E-03    0.790935E-03
 0.68999    0.156408E-02   -0.954466E-03    0.762987E-03
 0.70802    0.150392E-02   -0.922449E-03    0.736235E-03
 0.72604    0.144665E-02   -0.891889E-03    0.710609E-03
 0.74407    0.139210E-02   -0.862697E-03    0.686042E-03
 0.76209    0.134009E-02   -0.834791E-03    0.662473E-03
 0.78012    0.129048E-02   -0.808096E-03    0.639846E-03
 0.79815    0.124313E-02   -0.782539E-03    0.618109E-03
 0.81617    0.119791E-02   -0.758058E-03    0.597214E-03
 0.83420    0.115468E-02   -0.734591E-03    0.577115E-03
 0.85222    0.111335E-02   -0.712083E-03    0.557771E-03
 0.87025    0.107380E-02   -0.690482E-03    0.539146E-03
 0.88828    0.103594E-02   -0.669739E-03    0.521198E-03
 0.90630    0.999682E-03   -0.649808E-03    0.503898E-03
 0.92433    0.964934E-03   -0.630648E-03    0.487213E-03
 0.94235    0.931619E-03   -0.612220E-03    0.471113E-03
 0.96038    0.899664E-03   -0.594487E-03    0.455572E-03
 0.97841    0.869001E-03   -0.577414E-03    0.440560E-03
 0.99643    0.839564E-03   -0.560970E-03    0.426060E-03
 1.01446    0.811292E-03   -0.545123E-03    0.412044E-03
 1.03248    0.784130E-03   -0.529847E-03    0.398494E-03
 1.05051    0.758022E-03   -0.515114E-03    0.385388E-03
 1.06854    0.732919E-03   -0.500898E-03    0.372707E-03
 1.08656    0.708773E-03   -0.487177E-03    0.360433E-03
 1.10459    0.685540E-03   -0.473928E-03    0.348549E-03
 1.12262    0.663178E-03   -0.461130E-03    0.337041E-03
 1.14064    0.641647E-03   -0.448764E-03    0.325892E-03
 1.15867    0.620910E-03   -0.436810E-03    0.315089E-03
 1.17669    0.600933E-03   -0.425251E-03    0.304617E-03
 1.19472    0.581680E-03   -0.414071E-03    0.294465E-03
 1.21275    0.563121E-03   -0.403254E-03    0.284620E-03
 1.23077    0.545226E-03   -0.392784E-03    0.275070E-03
 1.24880    0.527966E-03   -0.382648E-03    0.265806E-03
 1.26682    0.511315E-03   -0.372831E-03    0.256815E-03
 1.28485    0.495246E-03   -0.363322E-03    0.248089E-03
 1.30288    0.479737E-03   -0.354108E-03    0.239618E-03
 1.32090    0.464763E-03   -0.345177E-03    0.231393E-03
 1.33893    0.450303E-03   -0.336519E-03    0.223405E-03
 1.35695    0.436337E-03   -0.328125E-03    0.215646E-03
 1.37498    0.422845E-03   -0.319982E-03    0.208110E-03
 1.39301    0.409807E-03   -0.312081E-03    0.200787E-03
 1.41103    0.397207E-03   -0.304414E-03    0.193671E-03
 1.42906    0.385027E-03   -0.296972E-03    0.186755E-03
 1.44708    0.373251E-03   -0.289747E-03    0.180032E-03
 1.46511    0.361863E-03   -0.282732E-03    0.173498E-03
 1.48314    0.350850E-03   -0.275918E-03    0.167145E-03
 1.50116    0.340196E-03   -0.269297E-03    0.160968E-03
 1.51919    0.329890E-03   -0.262866E-03    0.154962E-03
 1.53721    0.319917E-03   -0.256617E-03    0.149121E-03
 1.55524    0.310266E-03   -0.250543E-03    0.143440E-03
 1.57327    0.300925E-03   -0.244638E-03    0.137914E-03
 1.59129    0.291884E-03   -0.238898E-03    0.132540E-03
 1.60932    0.283132E-03   -0.233316E-03    0.127312E-03
 1.62734    0.274658E-03   -0.227887E-03    0.122226E-03
 1.64537    0.266454E-03   -0.222607E-03    0.117279E-03
 1.66340    0.258510E-03   -0.217471E-03    0.112466E-03
 1.68142    0.250818E-03   -0.212475E-03    0.107783E-03
 1.69945    0.243368E-03   -0.207613E-03    0.103228E-03
 1.71747    0.236154E-03   -0.202882E-03    0.987960E-04
 1.73550    0.229168E-03   -0.198279E-03    0.944848E-04
 1.75353    0.222402E-03   -0.193799E-03    0.902908E-04
 1.77155    0.215850E-03   -0.189439E-03    0.862109E-04
 1.78958    0.209505E-03   -0.185196E-03    0.822425E-04
 1.80761    0.203362E-03   -0.181066E-03    0.783828E-04
 1.82563    0.197414E-03   -0.177046E-03    0.746289E-04
 1.84366    0.191655E-03   -0.173134E-03    0.709785E-04
 1.86168    0.186082E-03   -0.169327E-03    0.674293E-04
 1.87971    0.180689E-03   -0.165622E-03    0.639788E-04
 1.89774    0.175471E-03   -0.162017E-03    0.606250E-04
 1.91576    0.170424E-03   -0.158509E-03    0.573657E-04
 1.93379    0.165544E-03   -0.155097E-03    0.541987E-04
 1.95181    0.160827E-03   -0.151778E-03    0.511228E-04
 1.96984    0.156270E-03   -0.148550E-03    0.481354E-04
 1.98787    0.151869E-03   -0.145412E-03    0.452355E-04
 2.00589    0.147620E-03   -0.142362E-03    0.424209E-04
 2.02392    0.143522E-03   -0.139398E-03    0.396903E-04
 2.04194    0.139571E-03   -0.136519E-03    0.370422E-04
 2.05997    0.135765E-03   -0.133723E-03    0.344751E-04
 2.07800    0.132101E-03   -0.131009E-03    0.319876E-04
 2.09602    0.128576E-03   -0.128375E-03    0.295783E-04
 2.11405    0.125189E-03   -0.125820E-03    0.272460E-04
 2.13207    0.121936E-03   -0.123343E-03    0.249890E-04
 2.15010    0.118816E-03   -0.120943E-03    0.228066E-04
 2.16813    0.115826E-03   -0.118617E-03    0.206971E-04
 2.18615    0.112964E-03   -0.116366E-03    0.186591E-04
 2.20418    0.110227E-03   -0.114187E-03    0.166913E-04
 2.22220    0.107613E-03   -0.112079E-03    0.147923E-04
 2.24023    0.105119E-03   -0.110040E-03    0.129605E-04
 2.25826    0.102742E-03   -0.108070E-03    0.111945E-04
 2.27628    0.100479E-03   -0.106165E-03    0.949254E-05
 2.29431    0.983258E-04   -0.104325E-03    0.785291E-05
 2.31233    0.962794E-04   -0.102546E-03    0.627397E-05
 2.33036    0.943356E-04   -0.100828E-03    0.475331E-05
 2.34839    0.924901E-04   -0.991676E-04    0.328891E-05
 2.36641    0.907376E-04   -0.975621E-04    0.187877E-05
 2.38444    0.890734E-04   -0.960089E-04    0.520316E-06
 2.40246    0.874915E-04   -0.945050E-04   -0.788935E-06
 2.42049    0.859864E-04   -0.930475E-04   -0.205164E-05
 2.43852    0.845515E-04   -0.916328E-04   -0.327075E-05
 2.45654    0.831800E-04   -0.902575E-04   -0.444922E-05
 2.47457    0.818645E-04   -0.889178E-04   -0.559015E-05
 2.49260    0.805979E-04   -0.876098E-04   -0.669677E-05
 2.51062    0.793723E-04   -0.863296E-04   -0.777232E-05
 2.52865    0.781796E-04   -0.850728E-04   -0.882045E-05
 2.54667    0.770117E-04   -0.838353E-04   -0.984455E-05
 2.56470    0.758601E-04   -0.826128E-04   -0.108483E-04
 2.58273    0.747164E-04   -0.814008E-04   -0.118351E-04
 2.60075    0.735720E-04   -0.801949E-04   -0.128087E-04
 2.61878    0.724184E-04   -0.789909E-04   -0.137725E-04
 2.63680    0.712476E-04   -0.777844E-04   -0.147301E-04
 2.65483    0.700514E-04   -0.765713E-04   -0.156848E-04
 2.67286    0.688221E-04   -0.753476E-04   -0.166399E-04
 2.69088    0.675524E-04   -0.741095E-04   -0.175986E-04
 2.70891    0.662350E-04   -0.728534E-04   -0.185638E-04
 2.72693    0.648638E-04   -0.715759E-04   -0.195381E-04
 2.74496    0.634329E-04   -0.702742E-04   -0.205241E-04
 2.76299    0.619372E-04   -0.689454E-04   -0.215239E-04
 2.78101    0.603721E-04   -0.675873E-04   -0.225396E-04
 2.79904    0.587343E-04   -0.661982E-04   -0.235728E-04
 2.81706    0.570204E-04   -0.647761E-04   -0.246248E-04
 2.83509    0.552287E-04   -0.633202E-04   -0.256965E-04
 2.85312    0.533579E-04   -0.618298E-04   -0.267888E-04
 2.87114    0.514076E-04   -0.603044E-04   -0.279020E-04
 2.88917    0.493780E-04   -0.587445E-04   -0.290358E-04
 2.90719    0.472705E-04   -0.571504E-04   -0.301903E-04
 2.92522    0.450871E-04   -0.555234E-04   -0.313647E-04
 2.94325    0.428307E-04   -0.538644E-04   -0.325582E-04
 2.96127    0.405047E-04   -0.521755E-04   -0.337694E-04
 2.97930    0.381136E-04   -0.504587E-04   -0.349970E-04
 2.99732    0.356620E-04   -0.487163E-04   -0.362392E-04
 3.01535    0.331552E-04   -0.469510E-04   -0.374941E-04
 3.03338    0.305991E-04   -0.451657E-04   -0.387596E-04
 3.05140    0.279998E-04   -0.433634E-04   -0.400332E-04
 3.06943    0.253639E-04   -0.415475E-04   -0.413133E-04
 3.08745    0.226982E-04   -0.397213E-04   -0.425965E-04
 3.10548    0.200099E-04   -0.378884E-04   -0.438806E-04
 3.12351    0.173060E-04   -0.360524E-04   -0.451628E-04
 3.14153    0.145938E-04   -0.342168E-04   -0.464404E-04
 3.15956    0.118803E-04   -0.323852E-04   -0.477109E-04
 3.17759    0.917250E-05   -0.305610E-04   -0.489716E-04
 3.19561    0.647732E-05   -0.287479E-04   -0.502200E-04
 3.21364    0.380142E-05   -0.269491E-04   -0.514534E-04
 3.23166    0.115115E-05   -0.251679E-04   -0.526696E-04
 3.24969   -0.146732E-05   -0.234072E-04   -0.538663E-04
 3.26772   -0.404817E-05   -0.216700E-04   -0.550414E-04
 3.28574   -0.658599E-05   -0.199591E-04   -0.561926E-04
 3.30377   -0.907574E-05   -0.182768E-04   -0.573181E-04
 3.32179   -0.115128E-04   -0.166257E-04   -0.584163E-04
 3.33982   -0.138929E-04   -0.150078E-04   -0.594854E-04
 3.35785   -0.162124E-04   -0.134249E-04   -0.605242E-04
 3.37587   -0.184677E-04   -0.118788E-04   -0.615313E-04
 3.39390   -0.206565E-04   -0.103708E-04   -0.625058E-04
 3.41192   -0.227759E-04   -0.890228E-05   -0.634468E-04
 3.42995   -0.248239E-04   -0.747411E-05   -0.643535E-04
 3.44798   -0.267990E-04   -0.608715E-05   -0.652252E-04
 3.46600   -0.286999E-04   -0.474206E-05   -0.660616E-04
 3.48403   -0.305255E-04   -0.343929E-05   -0.668624E-04
 3.50205   -0.322754E-04   -0.217907E-05   -0.676273E-04
 3.52008   -0.339495E-04   -0.961532E-06   -0.683563E-04
 3.53811   -0.355476E-04    0.213399E-06   -0.690496E-04
 3.55613   -0.370706E-04    0.134597E-05   -0.697070E-04
 3.57416   -0.385188E-04    0.243655E-05   -0.703297E-04
 3.59218   -0.398932E-04    0.348556E-05   -0.709172E-04
 3.61021   -0.411949E-04    0.449361E-05   -0.714703E-04
 3.62824   -0.424251E-04    0.546136E-05   -0.719895E-04
 3.64626   -0.435854E-04    0.638952E-05   -0.724755E-04
 3.66429   -0.446773E-04    0.727892E-05   -0.729289E-04
 3.68231   -0.457025E-04    0.813046E-05   -0.733504E-04
 3.70034   -0.466629E-04    0.894505E-05   -0.737408E-04
 3.71837   -0.475603E-04    0.972370E-05   -0.741007E-04
 3.73639   -0.483968E-04    0.104675E-04   -0.744312E-04
 3.75442   -0.491743E-04    0.111774E-04   -0.747333E-04
 3.77244   -0.498950E-04    0.118544E-04   -0.750072E-04
 3.79047   -0.505610E-04    0.124998E-04   -0.752547E-04
 3.80850   -0.511743E-04    0.131145E-04   -0.754759E-04
 3.82652   -0.517371E-04    0.136998E-04   -0.756719E-04
 3.84455   -0.522514E-04    0.142565E-04   -0.758435E-04
 3.86258   -0.527192E-04    0.147858E-04   -0.759920E-04
 3.88060   -0.531427E-04    0.152888E-04   -0.761178E-04
 3.89863   -0.535238E-04    0.157664E-04   -0.762220E-04
 3.91665   -0.538645E-04    0.162198E-04   -0.763052E-04
 3.93468   -0.541666E-04    0.166499E-04   -0.763685E-04
 3.95271   -0.544321E-04    0.170576E-04   -0.764124E-04
 3.97073   -0.546628E-04    0.174440E-04   -0.764378E-04
 3.98876   -0.548604E-04    0.178100E-04   -0.764456E-04
 4.00678   -0.550267E-04    0.181564E-04   -0.764364E-04
 4.02481   -0.551632E-04    0.184841E-04   -0.764109E-04
 4.04284   -0.552716E-04    0.187940E-04   -0.763698E-04
 4.06086   -0.553534E-04    0.190868E-04   -0.763138E-04
 4.07889   -0.554099E-04    0.193633E-04   -0.762435E-04
 4.09691   -0.554427E-04    0.196243E-04   -0.761596E-04
 4.11494   -0.554530E-04    0.198703E-04   -0.760627E-04
 4.13297   -0.554421E-04    0.201023E-04   -0.759533E-04
 4.15099   -0.554112E-04    0.203207E-04   -0.758320E-04
 4.16902   -0.553616E-04    0.205263E-04   -0.756993E-04
 4.18704   -0.552943E-04    0.207195E-04   -0.755558E-04
 4.20507   -0.552103E-04    0.209011E-04   -0.754019E-04
 4.22310   -0.551108E-04    0.210714E-04   -0.752381E-04
 4.24112   -0.549965E-04    0.212312E-04   -0.750649E-04
 4.25915   -0.548685E-04    0.213807E-04   -0.748827E-04
 4.27717   -0.547276E-04    0.215206E-04   -0.746918E-04
 4.29520   -0.545745E-04    0.216512E-04   -0.744928E-04
 4.31323   -0.544102E-04    0.217730E-04   -0.742859E-04
 4.33125   -0.542352E-04    0.218864E-04   -0.740716E-04
 4.34928   -0.540504E-04    0.219918E-04   -0.738502E-04
 4.36730   -0.538562E-04    0.220895E-04   -0.736216E-04
 4.38533   -0.536535E-04    0.221799E-04   -0.733869E-04
 4.40336   -0.534428E-04    0.222634E-04   -0.731464E-04
 4.42138   -0.532245E-04    0.223402E-04   -0.728997E-04
 4.43941   -0.529993E-04    0.224106E-04   -0.726473E-04
 4.45743   -0.527677E-04    0.224750E-04   -0.723896E-04
 4.47546   -0.525301E-04    0.225336E-04   -0.721269E-04
 4.49349   -0.522869E-04    0.225866E-04   -0.718592E-04
 4.51151   -0.520387E-04    0.226344E-04   -0.715871E-04
 4.52954   -0.517857E-04    0.226771E-04   -0.713105E-04
 4.54757   -0.515283E-04    0.227150E-04   -0.710297E-04
 4.56559   -0.512670E-04    0.227482E-04   -0.707450E-04
 4.58362   -0.510020E-04    0.227771E-04   -0.704566E-04
 4.60164   -0.507337E-04    0.228018E-04   -0.701646E-04
 4.61967   -0.504623E-04    0.228224E-04   -0.698693E-04
 4.63770   -0.501882E-04    0.228391E-04   -0.695709E-04
 4.65572   -0.499116E-04    0.228522E-04   -0.692695E-04
 4.67375   -0.496327E-04    0.228617E-04   -0.689653E-04
 4.69177   -0.493519E-04    0.228679E-04   -0.686587E-04
 4.70980   -0.490692E-04    0.228708E-04   -0.683495E-04
 4.72783   -0.487850E-04    0.228706E-04   -0.680381E-04
 4.74585   -0.484995E-04    0.228675E-04   -0.677245E-04
 4.76388   -0.482127E-04    0.228615E-04   -0.674089E-04
 4.78190   -0.479250E-04    0.228528E-04   -0.670915E-04
 4.79993   -0.476364E-04    0.228416E-04   -0.667724E-04
 4.81796   -0.473472E-04    0.228278E-04   -0.664518E-04
 4.83598   -0.470575E-04    0.228116E-04   -0.661296E-04
 4.85401   -0.467674E-04    0.227932E-04   -0.658060E-04
 4.87203   -0.464771E-04    0.227726E-04   -0.654812E-04
 4.89006   -0.461866E-04    0.227499E-04   -0.651552E-04
 4.90809   -0.458962E-04    0.227252E-04   -0.648282E-04
 4.92611   -0.456059E-04    0.226985E-04   -0.645002E-04
 4.94414   -0.453159E-04    0.226702E-04   -0.641712E-04
 4.96216   -0.450263E-04    0.226400E-04   -0.638415E-04
 4.98019   -0.447371E-04    0.226081E-04   -0.635110E-04
 4.99822   -0.444484E-04    0.225747E-04   -0.631798E-04
 5.01624   -0.441604E-04    0.225397E-04   -0.628481E-04
 5.03427   -0.438731E-04    0.225033E-04   -0.625158E-04
 5.05229   -0.435866E-04    0.224655E-04   -0.621831E-04
 5.07032   -0.433011E-04    0.224264E-04   -0.618499E-04
 5.08835   -0.430165E-04    0.223860E-04   -0.615166E-04
 5.10637   -0.427329E-04    0.223445E-04   -0.611830E-04
 5.12440   -0.424505E-04    0.223018E-04   -0.608492E-04
 5.14242   -0.421692E-04    0.222580E-04   -0.605152E-04
 5.16045   -0.418893E-04    0.222132E-04   -0.601811E-04
 5.17848   -0.416106E-04    0.221674E-04   -0.598471E-04
 5.19650   -0.413333E-04    0.221208E-04   -0.595131E-04
 5.21453   -0.410574E-04    0.220732E-04   -0.591792E-04
 5.23256   -0.407829E-04    0.220249E-04   -0.588453E-04
 5.25058   -0.405100E-04    0.219758E-04   -0.585118E-04
 5.26861   -0.402387E-04    0.219260E-04   -0.581785E-04
 5.28663   -0.399690E-04    0.218755E-04   -0.578455E-04
 5.30466   -0.397009E-04    0.218243E-04   -0.575128E-04
 5.32269   -0.394345E-04    0.217726E-04   -0.571806E-04
 5.34071   -0.391699E-04    0.217203E-04   -0.568488E-04
 5.35874   -0.389070E-04    0.216674E-04   -0.565174E-04
 5.37676   -0.386459E-04    0.216141E-04   -0.561866E-04
 5.39479   -0.383866E-04    0.215604E-04   -0.558564E-04
 5.41282   -0.381291E-04    0.215062E-04   -0.555268E-04
 5.43084   -0.378735E-04    0.214516E-04   -0.551978E-04
 5.44887   -0.376197E-04    0.213966E-04   -0.548695E-04
 5.46689   -0.373678E-04    0.213413E-04   -0.545420E-04
 5.48492   -0.371178E-04    0.212857E-04   -0.542153E-04
 5.50295   -0.368697E-04    0.212297E-04   -0.538893E-04
 5.52097   -0.366235E-04    0.211735E-04   -0.535642E-04
 5.53900   -0.363792E-04    0.211170E-04   -0.532399E-04
 5.55702   -0.361367E-04    0.210603E-04   -0.529165E-04
 5.57505   -0.358962E-04    0.210033E-04   -0.525939E-04
 5.59308   -0.356575E-04    0.209461E-04   -0.522723E-04
 5.61110   -0.354207E-04    0.208887E-04   -0.519516E-04
 5.62913   -0.351857E-04    0.208311E-04   -0.516319E-04
 5.64715   -0.349525E-04    0.207733E-04   -0.513131E-04
 5.66518   -0.347212E-04    0.207153E-04   -0.509954E-04
 5.68321   -0.344916E-04    0.206571E-04   -0.506786E-04
 5.70123   -0.342638E-04    0.205987E-04   -0.503628E-04
 5.71926   -0.340378E-04    0.205401E-04   -0.500481E-04
 5.73728   -0.338134E-04    0.204814E-04   -0.497343E-04
 5.75531   -0.335908E-04    0.204225E-04   -0.494216E-04
 5.77334   -0.333698E-04    0.203634E-04   -0.491098E-04
 5.79136   -0.331504E-04    0.203041E-04   -0.487992E-04
 5.80939   -0.329326E-04    0.202446E-04   -0.484896E-04
 5.82741   -0.327164E-04    0.201850E-04   -0.481812E-04
 5.84544   -0.325017E-04    0.201252E-04   -0.478737E-04
 5.86347   -0.322885E-04    0.200652E-04   -0.475673E-04
 5.88149   -0.320767E-04    0.200050E-04   -0.472620E-04
 5.89952   -0.318664E-04    0.199445E-04   -0.469577E-04
 5.91755   -0.316575E-04    0.198839E-04   -0.466545E-04
 5.93557   -0.314500E-04    0.198231E-04   -0.463523E-04
 5.95360   -0.312438E-04    0.197621E-04   -0.460512E-04
 5.97162   -0.310389E-04    0.197009E-04   -0.457512E-04
 5.98965   -0.308353E-04    0.196395E-04   -0.454522E-04
 6.00768   -0.306330E-04    0.195779E-04   -0.451544E-04
 6.02570   -0.304319E-04    0.195160E-04   -0.448576E-04
 6.04373   -0.302320E-04    0.194540E-04   -0.445619E-04
 6.06175   -0.300332E-04    0.193917E-04   -0.442672E-04
 6.07978   -0.298357E-04    0.193292E-04   -0.439737E-04
 6.09781   -0.296392E-04    0.192665E-04   -0.436811E-04
 6.11583   -0.294439E-04    0.192036E-04   -0.433897E-04
 6.13386   -0.292497E-04    0.191405E-04   -0.430995E-04
 6.15188   -0.290566E-04    0.190772E-04   -0.428103E-04
 6.16991   -0.288645E-04    0.190137E-04   -0.425223E-04
 6.18794   -0.286736E-04    0.189500E-04   -0.422353E-04
 6.20596   -0.284836E-04    0.188861E-04   -0.419494E-04
 6.22399   -0.282947E-04    0.188220E-04   -0.416646E-04
 6.24201   -0.281069E-04    0.187578E-04   -0.413810E-04
 6.26004   -0.279201E-04    0.186934E-04   -0.410985E-04
 6.27807   -0.277342E-04    0.186288E-04   -0.408171E-04
 6.29609   -0.275495E-04    0.185640E-04   -0.405368E-04
 6.31412   -0.273657E-04    0.184991E-04   -0.402577E-04
 6.33214   -0.271829E-04    0.184340E-04   -0.399797E-04
 6.35017   -0.270011E-04    0.183688E-04   -0.397029E-04
 6.36820   -0.268204E-04    0.183035E-04   -0.394272E-04
 6.38622   -0.266406E-04    0.182381E-04   -0.391527E-04
 6.40425   -0.264619E-04    0.181726E-04   -0.388794E-04
 6.42227   -0.262841E-04    0.181069E-04   -0.386073E-04
 6.44030   -0.261074E-04    0.180412E-04   -0.383363E-04
 6.45833   -0.259317E-04    0.179754E-04   -0.380665E-04
 6.47635   -0.257570E-04    0.179096E-04   -0.377979E-04
 6.49438   -0.255833E-04    0.178436E-04   -0.375306E-04
 6.51240   -0.254107E-04    0.177777E-04   -0.372644E-04
 6.53043   -0.252391E-04    0.177117E-04   -0.369994E-04
 6.54846   -0.250685E-04    0.176456E-04   -0.367357E-04
 6.56648   -0.248989E-04    0.175796E-04   -0.364732E-04
 6.58451   -0.247304E-04    0.175135E-04   -0.362120E-04
 6.60254   -0.245630E-04    0.174475E-04   -0.359519E-04
 6.62056   -0.243966E-04    0.173815E-04   -0.356932E-04
 6.63859   -0.242312E-04    0.173155E-04   -0.354356E-04
 6.65661   -0.240670E-04    0.172495E-04   -0.351794E-04
 6.67464   -0.239037E-04    0.171836E-04   -0.349243E-04
 6.69267   -0.237416E-04    0.171177E-04   -0.346706E-04
 6.71069   -0.235805E-04    0.170519E-04   -0.344181E-04
 6.72872   -0.234205E-04    0.169861E-04   -0.341669E-04
 6.74674   -0.232616E-04    0.169205E-04   -0.339170E-04
 6.76477   -0.231037E-04    0.168549E-04   -0.336684E-04
 6.78280   -0.229470E-04    0.167894E-04   -0.334210E-04
 6.80082   -0.227913E-04    0.167240E-04   -0.331749E-04
 6.81885   -0.226367E-04    0.166587E-04   -0.329302E-04
 6.83687   -0.224831E-04    0.165936E-04   -0.326867E-04
 6.85490   -0.223307E-04    0.165286E-04   -0.324445E-04
 6.87293   -0.221794E-04    0.164637E-04   -0.322036E-04
 6.89095   -0.220291E-04    0.163989E-04   -0.319640E-04
 6.90898   -0.218800E-04    0.163343E-04   -0.317257E-04
 6.92700   -0.217319E-04    0.162698E-04   -0.314887E-04
 6.94503   -0.215849E-04    0.162055E-04   -0.312530E-04
 6.96306   -0.214390E-04    0.161414E-04   -0.310186E-04
 6.98108   -0.212942E-04    0.160774E-04   -0.307855E-04
 6.99911   -0.211505E-04    0.160136E-04   -0.305538E-04
 7.01713   -0.210079E-04    0.159500E-04   -0.303233E-04
 7.03516   -0.208663E-04    0.158866E-04   -0.300941E-04
 7.05319   -0.207259E-04    0.158233E-04   -0.298663E-04
 7.07121   -0.205865E-04    0.157603E-04   -0.296397E-04
 7.08924   -0.204482E-04    0.156974E-04   -0.294145E-04
 7.10726   -0.203110E-04    0.156348E-04   -0.291905E-04
 7.12529   -0.201749E-04    0.155723E-04   -0.289679E-04
 7.14332   -0.200398E-04    0.155101E-04   -0.287466E-04
 7.16134   -0.199058E-04    0.154481E-04   -0.285265E-04
 7.17937   -0.197728E-04    0.153863E-04   -0.283078E-04
 7.19739   -0.196410E-04    0.153247E-04   -0.280903E-04
 7.21542   -0.195101E-04    0.152633E-04   -0.278742E-04
 7.23345   -0.193804E-04    0.152022E-04   -0.276593E-04
 7.25147   -0.192516E-04    0.151413E-04   -0.274457E-04
 7.26950   -0.191239E-04    0.150806E-04   -0.272335E-04
 7.28753   -0.189973E-04    0.150201E-04   -0.270225E-04
 7.30555   -0.188717E-04    0.149599E-04   -0.268128E-04
 7.32358   -0.187471E-04    0.148999E-04   -0.266043E-04
 7.34160   -0.186235E-04    0.148402E-04   -0.263972E-04
 7.35963   -0.185009E-04    0.147807E-04   -0.261913E-04
 7.37766   -0.183793E-04    0.147214E-04   -0.259867E-04
 7.39568   -0.182588E-04    0.146624E-04   -0.257834E-04
 7.41371   -0.181392E-04    0.146036E-04   -0.255813E-04
 7.43173   -0.180206E-04    0.145451E-04   -0.253804E-04
 7.44976   -0.179030E-04    0.144868E-04   -0.251809E-04
 7.46779   -0.177864E-04    0.144288E-04   -0.249825E-04
 7.48581   -0.176708E-04    0.143710E-04   -0.247854E-04
 7.50384   -0.175561E-04    0.143134E-04   -0.245896E-04
 7.52186   -0.174423E-04    0.142561E-04   -0.243950E-04
 7.53989   -0.173295E-04    0.141990E-04   -0.242014E-04
 7.55792   -0.172176E-04    0.141422E-04   -0.240093E-04
 7.57594   -0.171067E-04    0.140856E-04   -0.238184E-04
 7.59397   -0.169967E-04    0.140293E-04   -0.236287E-04
 7.61199   -0.168876E-04    0.139732E-04   -0.234402E-04
 7.63002   -0.167794E-04    0.139174E-04   -0.232529E-04
 7.64805   -0.166721E-04    0.138618E-04   -0.230668E-04
 7.66607   -0.165657E-04    0.138064E-04   -0.228819E-04
 7.68410   -0.164602E-04    0.137513E-04   -0.226982E-04
 7.70212   -0.163555E-04    0.136965E-04   -0.225157E-04
 7.72015   -0.162518E-04    0.136418E-04   -0.223344E-04
 7.73818   -0.161488E-04    0.135875E-04   -0.221542E-04
 7.75620   -0.160468E-04    0.135333E-04   -0.219753E-04
 7.77423   -0.159456E-04    0.134794E-04   -0.217975E-04
 7.79225   -0.158452E-04    0.134258E-04   -0.216208E-04
 7.81028   -0.157456E-04    0.133724E-04   -0.214453E-04
 7.82831   -0.156469E-04    0.133192E-04   -0.212710E-04
 7.84633   -0.155490E-04    0.132663E-04   -0.210977E-04
 7.86436   -0.154519E-04    0.132136E-04   -0.209257E-04
 7.88238   -0.153555E-04    0.131611E-04   -0.207548E-04
 7.90041   -0.152600E-04    0.131089E-04   -0.205849E-04
 7.91844   -0.151653E-04    0.130569E-04   -0.204163E-04
 7.93646   -0.150713E-04    0.130051E-04   -0.202487E-04
 7.95449   -0.149781E-04    0.129536E-04   -0.200822E-04
 7.97252   -0.148857E-04    0.129023E-04   -0.199168E-04
 7.99054   -0.147940E-04    0.128512E-04   -0.197526E-04
 8.00857   -0.147030E-04    0.128004E-04   -0.195894E-04
 8.02659   -0.146128E-04    0.127498E-04   -0.194273E-04
 8.04462   -0.145233E-04    0.126994E-04   -0.192663E-04
 8.06265   -0.144346E-04    0.126493E-04   -0.191064E-04
 8.08067   -0.143466E-04    0.125993E-04   -0.189475E-04
 8.09870   -0.142592E-04    0.125496E-04   -0.187897E-04
 8.11672   -0.141726E-04    0.125001E-04   -0.186330E-04
 8.13475   -0.140867E-04    0.124509E-04   -0.184773E-04
 8.15278   -0.140014E-04    0.124018E-04   -0.183226E-04
 8.17080   -0.139169E-04    0.123530E-04   -0.181690E-04
 8.18883   -0.138330E-04    0.123044E-04   -0.180164E-04
 8.20685   -0.137498E-04    0.122560E-04   -0.178649E-04
 8.22488   -0.136673E-04    0.122079E-04   -0.177144E-04
 8.24291   -0.135854E-04    0.121599E-04   -0.175649E-04
 8.26093   -0.135042E-04    0.121122E-04   -0.174164E-04
 8.27896   -0.134236E-04    0.120647E-04   -0.172689E-04
 8.29698   -0.133436E-04    0.120174E-04   -0.171225E-04
 8.31501   -0.132643E-04    0.119703E-04   -0.169770E-04
 8.33304   -0.131857E-04    0.119234E-04   -0.168325E-04
 8.35106   -0.131076E-04    0.118767E-04   -0.166890E-04
 8.36909   -0.130302E-04    0.118303E-04   -0.165465E-04
 8.38711   -0.129534E-04    0.117841E-04   -0.164049E-04
 8.40514   -0.128772E-04    0.117380E-04   -0.162643E-04
 8.42317   -0.128016E-04    0.116923E-04   -0.161247E-04
 8.44119   -0.127265E-04    0.116466E-04   -0.159861E-04
 8.45922   -0.126521E-04    0.116012E-04   -0.158484E-04
 8.47724   -0.125783E-04    0.115560E-04   -0.157116E-04
 8.49527   -0.125050E-04    0.115110E-04   -0.155758E-04
 8.51330   -0.124324E-04    0.114663E-04   -0.154409E-04
 8.53132   -0.123603E-04    0.114217E-04   -0.153070E-04
 8.54935   -0.122887E-04    0.113773E-04   -0.151740E-04
 8.56737   -0.122177E-04    0.113331E-04   -0.150419E-04
 8.58540   -0.121473E-04    0.112892E-04   -0.149107E-04
 8.60343   -0.120774E-04    0.112454E-04   -0.147805E-04
 8.62145   -0.120081E-04    0.112018E-04   -0.146511E-04
 8.63948   -0.119393E-04    0.111584E-04   -0.145226E-04
 8.65751   -0.118711E-04    0.111152E-04   -0.143950E-04
 8.67553   -0.118033E-04    0.110722E-04   -0.142684E-04
 8.69356   -0.117361E-04    0.110295E-04   -0.141426E-04
 8.71158   -0.116694E-04    0.109868E-04   -0.140176E-04
 8.72961   -0.116032E-04    0.109444E-04   -0.138936E-04
 8.74764   -0.115375E-04    0.109022E-04   -0.137704E-04
 8.76566   -0.114723E-04    0.108602E-04   -0.136481E-04
 8.78369   -0.114076E-04    0.108183E-04   -0.135266E-04
 8.80171   -0.113434E-04    0.107767E-04   -0.134060E-04
 8.81974   -0.112796E-04    0.107352E-04   -0.132862E-04
 8.83777   -0.112163E-04    0.106939E-04   -0.131672E-04
 8.85579   -0.111535E-04    0.106527E-04   -0.130491E-04
 8.87382   -0.110912E-04    0.106118E-04   -0.129318E-04
 8.89184   -0.110293E-04    0.105710E-04   -0.128153E-04
 8.90987   -0.109678E-04    0.105304E-04   -0.126996E-04
 8.92790   -0.109068E-04    0.104900E-04   -0.125847E-04
 8.94592   -0.108462E-04    0.104497E-04   -0.124707E-04
 8.96395   -0.107861E-04    0.104096E-04   -0.123574E-04
 8.98197   -0.107263E-04    0.103697E-04   -0.122450E-04
 9.00000   -0.106670E-04    0.103299E-04   -0.121333E-04
