 0.00500    0.984354E-02   -0.521835E-02    0.417035E-02
 0.02303    0.803362E-02   -0.431326E-02    0.349115E-02
 0.04105    0.697867E-02   -0.378534E-02    0.309451E-02
 0.05908    0.621283E-02   -0.340183E-02    0.280588E-02
 0.07710    0.561097E-02   -0.310017E-02    0.257838E-02
 0.09513    0.511711E-02   -0.285238E-02    0.239108E-02
 0.11316    0.470037E-02   -0.264304E-02    0.223244E-02
 0.13118    0.434181E-02   -0.246269E-02    0.209539E-02
 0.14921    0.402879E-02   -0.230503E-02    0.197520E-02
 0.16723    0.375244E-02   -0.216562E-02    0.186859E-02
 0.18526    0.350622E-02   -0.204122E-02    0.177312E-02
 0.20329    0.328522E-02   -0.192935E-02    0.168696E-02
 0.22131    0.308559E-02   -0.182813E-02    0.160870E-02
 0.23934    0.290432E-02   -0.173603E-02    0.153721E-02
 0.25736    0.273895E-02   -0.165184E-02    0.147158E-02
 0.27539    0.258748E-02   -0.157456E-02    0.141108E-02
 0.29342    0.244824E-02   -0.150336E-02    0.135508E-02
 0.31144    0.231982E-02   -0.143755E-02    0.130308E-02
 0.32947    0.220106E-02   -0.137653E-02    0.125464E-02
 0.34749    0.209094E-02   -0.131981E-02    0.120939E-02
 0.36552    0.198858E-02   -0.126695E-02    0.116701E-02
 0.38355    0.189323E-02   -0.121758E-02    0.112721E-02
 0.40157    0.180423E-02   -0.117136E-02    0.108977E-02
 0.41960    0.172101E-02   -0.112802E-02    0.105446E-02
 0.43763    0.164304E-02   -0.108729E-02    0.102110E-02
 0.45565    0.156988E-02   -0.104896E-02    0.989527E-03
 0.47368    0.150114E-02   -0.101283E-02    0.959593E-03
 0.49170    0.143644E-02   -0.978710E-03    0.931167E-03
 0.50973    0.137548E-02   -0.946452E-03    0.904132E-03
 0.52776    0.131796E-02   -0.915909E-03    0.878383E-03
 0.54578    0.126362E-02   -0.886954E-03    0.853826E-03
 0.56381    0.121222E-02   -0.859470E-03    0.830375E-03
 0.58183    0.116356E-02   -0.833352E-03    0.807952E-03
 0.59986    0.111745E-02   -0.808504E-03    0.786487E-03
 0.61789    0.107369E-02   -0.784838E-03    0.765917E-03
 0.63591    0.103215E-02   -0.762276E-03    0.746183E-03
 0.65394    0.992656E-03   -0.740745E-03    0.727232E-03
 0.67196    0.955091E-03   -0.720179E-03    0.709016E-03
 0.68999    0.919327E-03   -0.700516E-03    0.691488E-03
 0.70802    0.885252E-03   -0.681701E-03    0.674609E-03
 0.72604    0.852760E-03   -0.663682E-03    0.658340E-03
 0.74407    0.821756E-03   -0.646411E-03    0.642648E-03
 0.76209    0.792150E-03   -0.629845E-03    0.627499E-03
 0.78012    0.763861E-03   -0.613943E-03    0.612864E-03
 0.79815    0.736813E-03   -0.598668E-03    0.598716E-03
 0.81617    0.710936E-03   -0.583984E-03    0.585029E-03
 0.83420    0.686165E-03   -0.569860E-03    0.571778E-03
 0.85222    0.662437E-03   -0.556264E-03    0.558942E-03
 0.87025    0.639698E-03   -0.543171E-03    0.546500E-03
 0.88828    0.617894E-03   -0.530552E-03    0.534434E-03
 0.90630    0.596977E-03   -0.518384E-03    0.522725E-03
 0.92433    0.576899E-03   -0.506645E-03    0.511357E-03
 0.94235    0.557620E-03   -0.495313E-03    0.500313E-03
 0.96038    0.539098E-03   -0.484367E-03    0.489581E-03
 0.97841    0.521295E-03   -0.473791E-03    0.479145E-03
 0.99643    0.504177E-03   -0.463565E-03    0.468992E-03
 1.01446    0.487710E-03   -0.453674E-03    0.459112E-03
 1.03248    0.471864E-03   -0.444102E-03    0.449492E-03
 1.05051    0.456609E-03   -0.434835E-03    0.440121E-03
 1.06854    0.441917E-03   -0.425859E-03    0.430991E-03
 1.08656    0.427763E-03   -0.417161E-03    0.422090E-03
 1.10459    0.414122E-03   -0.408729E-03    0.413411E-03
 1.12262    0.400972E-03   -0.400553E-03    0.404944E-03
 1.14064    0.388290E-03   -0.392620E-03    0.396681E-03
 1.15867    0.376056E-03   -0.384921E-03    0.388616E-03
 1.17669    0.364251E-03   -0.377446E-03    0.380741E-03
 1.19472    0.352856E-03   -0.370186E-03    0.373048E-03
 1.21275    0.341854E-03   -0.363133E-03    0.365532E-03
 1.23077    0.331228E-03   -0.356278E-03    0.358187E-03
 1.24880    0.320962E-03   -0.349613E-03    0.351006E-03
 1.26682    0.311043E-03   -0.343131E-03    0.343984E-03
 1.28485    0.301455E-03   -0.336824E-03    0.337116E-03
 1.30288    0.292186E-03   -0.330687E-03    0.330397E-03
 1.32090    0.283222E-03   -0.324713E-03    0.323822E-03
 1.33893    0.274553E-03   -0.318896E-03    0.317386E-03
 1.35695    0.266165E-03   -0.313229E-03    0.311086E-03
 1.37498    0.258048E-03   -0.307709E-03    0.304916E-03
 1.39301    0.250192E-03   -0.302329E-03    0.298873E-03
 1.41103    0.242587E-03   -0.297084E-03    0.292954E-03
 1.42906    0.235224E-03   -0.291970E-03    0.287154E-03
 1.44708    0.228092E-03   -0.286983E-03    0.281470E-03
 1.46511    0.221185E-03   -0.282117E-03    0.275898E-03
 1.48314    0.214492E-03   -0.277368E-03    0.270437E-03
 1.50116    0.208008E-03   -0.272734E-03    0.265082E-03
 1.51919    0.201723E-03   -0.268209E-03    0.259830E-03
 1.53721    0.195632E-03   -0.263791E-03    0.254679E-03
 1.55524    0.189727E-03   -0.259476E-03    0.249626E-03
 1.57327    0.184001E-03   -0.255260E-03    0.244669E-03
 1.59129    0.178449E-03   -0.251141E-03    0.239805E-03
 1.60932    0.173064E-03   -0.247116E-03    0.235031E-03
 1.62734    0.167840E-03   -0.243180E-03    0.230346E-03
 1.64537    0.162773E-03   -0.239333E-03    0.225747E-03
 1.66340    0.157857E-03   -0.235571E-03    0.221232E-03
 1.68142    0.153087E-03   -0.231890E-03    0.216799E-03
 1.69945    0.148457E-03   -0.228291E-03    0.212446E-03
 1.71747    0.143965E-03   -0.224769E-03    0.208172E-03
 1.73550    0.139604E-03   -0.221323E-03    0.203973E-03
 1.75353    0.135372E-03   -0.217950E-03    0.199850E-03
 1.77155    0.131263E-03   -0.214648E-03    0.195799E-03
 1.78958    0.127275E-03   -0.211416E-03    0.191819E-03
 1.80761    0.123403E-03   -0.208251E-03    0.187910E-03
 1.82563    0.119644E-03   -0.205152E-03    0.184069E-03
 1.84366    0.115994E-03   -0.202117E-03    0.180294E-03
 1.86168    0.112451E-03   -0.199143E-03    0.176585E-03
 1.87971    0.109011E-03   -0.196231E-03    0.172940E-03
 1.89774    0.105672E-03   -0.193378E-03    0.169359E-03
 1.91576    0.102430E-03   -0.190582E-03    0.165838E-03
 1.93379    0.992833E-04   -0.187843E-03    0.162379E-03
 1.95181    0.962289E-04   -0.185159E-03    0.158978E-03
 1.96984    0.932645E-04   -0.182528E-03    0.155636E-03
 1.98787    0.903879E-04   -0.179951E-03    0.152350E-03
 2.00589    0.875970E-04   -0.177424E-03    0.149121E-03
 2.02392    0.848896E-04   -0.174948E-03    0.145948E-03
 2.04194    0.822639E-04   -0.172521E-03    0.142828E-03
 2.05997    0.797179E-04   -0.170143E-03    0.139762E-03
 2.07800    0.772501E-04   -0.167812E-03    0.136748E-03
 2.09602    0.748586E-04   -0.165527E-03    0.133787E-03
 2.11405    0.725419E-04   -0.163288E-03    0.130876E-03
 2.13207    0.702984E-04   -0.161094E-03    0.128015E-03
 2.15010    0.681269E-04   -0.158944E-03    0.125203E-03
 2.16813    0.660260E-04   -0.156837E-03    0.122440E-03
 2.18615    0.639942E-04   -0.154773E-03    0.119726E-03
 2.20418    0.620304E-04   -0.152750E-03    0.117058E-03
 2.22220    0.601333E-04   -0.150769E-03    0.114437E-03
 2.24023    0.583017E-04   -0.148828E-03    0.111862E-03
 2.25826    0.565344E-04   -0.146927E-03    0.109333E-03
 2.27628    0.548302E-04   -0.145066E-03    0.106848E-03
 2.29431    0.531880E-04   -0.143243E-03    0.104406E-03
 2.31233    0.516066E-04   -0.141457E-03    0.102009E-03
 2.33036    0.500847E-04   -0.139709E-03    0.996532E-04
 2.34839    0.486210E-04   -0.137998E-03    0.973398E-04
 2.36641    0.472143E-04   -0.136322E-03    0.950676E-04
 2.38444    0.458631E-04   -0.134681E-03    0.928358E-04
 2.40246    0.445661E-04   -0.133075E-03    0.906436E-04
 2.42049    0.433217E-04   -0.131501E-03    0.884903E-04
 2.43852    0.421282E-04   -0.129961E-03    0.863751E-04
 2.45654    0.409840E-04   -0.128451E-03    0.842970E-04
 2.47457    0.398872E-04   -0.126973E-03    0.822552E-04
 2.49260    0.388358E-04   -0.125523E-03    0.802487E-04
 2.51062    0.378279E-04   -0.124103E-03    0.782761E-04
 2.52865    0.368613E-04   -0.122709E-03    0.763375E-04
 2.54667    0.359337E-04   -0.121342E-03    0.744306E-04
 2.56470    0.350426E-04   -0.119999E-03    0.725547E-04
 2.58273    0.341855E-04   -0.118680E-03    0.707083E-04
 2.60075    0.333598E-04   -0.117382E-03    0.688911E-04
 2.61878    0.325627E-04   -0.116106E-03    0.671010E-04
 2.63680    0.317915E-04   -0.114848E-03    0.653369E-04
 2.65483    0.310431E-04   -0.113608E-03    0.635974E-04
 2.67286    0.303146E-04   -0.112384E-03    0.618814E-04
 2.69088    0.296029E-04   -0.111174E-03    0.601870E-04
 2.70891    0.289050E-04   -0.109977E-03    0.585137E-04
 2.72693    0.282177E-04   -0.108791E-03    0.568592E-04
 2.74496    0.275379E-04   -0.107614E-03    0.552229E-04
 2.76299    0.268624E-04   -0.106446E-03    0.536028E-04
 2.78101    0.261883E-04   -0.105283E-03    0.519978E-04
 2.79904    0.255125E-04   -0.104125E-03    0.504067E-04
 2.81706    0.248321E-04   -0.102971E-03    0.488278E-04
 2.83509    0.241443E-04   -0.101818E-03    0.472602E-04
 2.85312    0.234464E-04   -0.100665E-03    0.457024E-04
 2.87114    0.227357E-04   -0.995116E-04    0.441536E-04
 2.88917    0.220099E-04   -0.983556E-04    0.426124E-04
 2.90719    0.212667E-04   -0.971960E-04    0.410780E-04
 2.92522    0.205042E-04   -0.960318E-04    0.395507E-04
 2.94325    0.197206E-04   -0.948622E-04    0.380256E-04
 2.96127    0.189142E-04   -0.936864E-04    0.365061E-04
 2.97930    0.180836E-04   -0.925034E-04    0.349902E-04
 2.99732    0.172279E-04   -0.913128E-04    0.334770E-04
 3.01535    0.163460E-04   -0.901139E-04    0.319667E-04
 3.03338    0.154373E-04   -0.889066E-04    0.304585E-04
 3.05140    0.145015E-04   -0.876905E-04    0.289522E-04
 3.06943    0.135384E-04   -0.864656E-04    0.274477E-04
 3.08745    0.125482E-04   -0.852319E-04    0.259450E-04
 3.10548    0.115313E-04   -0.839896E-04    0.244441E-04
 3.12351    0.104884E-04   -0.827392E-04    0.229452E-04
 3.14153    0.942021E-05   -0.814809E-04    0.214484E-04
 3.15956    0.832782E-05   -0.802151E-04    0.199542E-04
 3.17759    0.721246E-05   -0.789427E-04    0.184629E-04
 3.19561    0.607555E-05   -0.776641E-04    0.169754E-04
 3.21364    0.491872E-05   -0.763803E-04    0.154916E-04
 3.23166    0.374373E-05   -0.750921E-04    0.140124E-04
 3.24969    0.255251E-05   -0.738006E-04    0.125385E-04
 3.26772    0.134711E-05   -0.725066E-04    0.110705E-04
 3.28574    0.129664E-06   -0.712114E-04    0.960972E-05
 3.30377   -0.109759E-05   -0.699160E-04    0.815639E-05
 3.32179   -0.233245E-05   -0.686215E-04    0.671155E-05
 3.33982   -0.357246E-05   -0.673291E-04    0.527583E-05
 3.35785   -0.481546E-05   -0.660401E-04    0.385059E-05
 3.37587   -0.605903E-05   -0.647555E-04    0.243643E-05
 3.39390   -0.730081E-05   -0.634766E-04    0.103424E-05
 3.41192   -0.853852E-05   -0.622046E-04   -0.355126E-06
 3.42995   -0.976977E-05   -0.609405E-04   -0.173078E-05
 3.44798   -0.109925E-04   -0.596855E-04   -0.309192E-05
 3.46600   -0.122044E-04   -0.584407E-04   -0.443775E-05
 3.48403   -0.134033E-04   -0.572073E-04   -0.576737E-05
 3.50205   -0.145872E-04   -0.559861E-04   -0.708017E-05
 3.52008   -0.157544E-04   -0.547783E-04   -0.837528E-05
 3.53811   -0.169030E-04   -0.535846E-04   -0.965208E-05
 3.55613   -0.180312E-04   -0.524058E-04   -0.109100E-04
 3.57416   -0.191376E-04   -0.512429E-04   -0.121485E-04
 3.59218   -0.202206E-04   -0.500965E-04   -0.133670E-04
 3.61021   -0.212791E-04   -0.489673E-04   -0.145651E-04
 3.62824   -0.223117E-04   -0.478559E-04   -0.157422E-04
 3.64626   -0.233172E-04   -0.467628E-04   -0.168979E-04
 3.66429   -0.242949E-04   -0.456886E-04   -0.180321E-04
 3.68231   -0.252438E-04   -0.446337E-04   -0.191442E-04
 3.70034   -0.261633E-04   -0.435984E-04   -0.202343E-04
 3.71837   -0.270527E-04   -0.425830E-04   -0.213019E-04
 3.73639   -0.279116E-04   -0.415877E-04   -0.223470E-04
 3.75442   -0.287396E-04   -0.406127E-04   -0.233696E-04
 3.77244   -0.295366E-04   -0.396581E-04   -0.243696E-04
 3.79047   -0.303023E-04   -0.387239E-04   -0.253468E-04
 3.80850   -0.310367E-04   -0.378102E-04   -0.263015E-04
 3.82652   -0.317399E-04   -0.369170E-04   -0.272337E-04
 3.84455   -0.324119E-04   -0.360441E-04   -0.281434E-04
 3.86258   -0.330529E-04   -0.351915E-04   -0.290308E-04
 3.88060   -0.336634E-04   -0.343590E-04   -0.298961E-04
 3.89863   -0.342435E-04   -0.335464E-04   -0.307394E-04
 3.91665   -0.347937E-04   -0.327535E-04   -0.315610E-04
 3.93468   -0.353145E-04   -0.319800E-04   -0.323612E-04
 3.95271   -0.358064E-04   -0.312256E-04   -0.331402E-04
 3.97073   -0.362701E-04   -0.304902E-04   -0.338982E-04
 3.98876   -0.367060E-04   -0.297731E-04   -0.346356E-04
 4.00678   -0.371149E-04   -0.290742E-04   -0.353528E-04
 4.02481   -0.374974E-04   -0.283929E-04   -0.360501E-04
 4.04284   -0.378542E-04   -0.277294E-04   -0.367277E-04
 4.06086   -0.381860E-04   -0.270827E-04   -0.373861E-04
 4.07889   -0.384935E-04   -0.264527E-04   -0.380255E-04
 4.09691   -0.387775E-04   -0.258390E-04   -0.386465E-04
 4.11494   -0.390388E-04   -0.252411E-04   -0.392492E-04
 4.13297   -0.392780E-04   -0.246586E-04   -0.398342E-04
 4.15099   -0.394960E-04   -0.240911E-04   -0.404018E-04
 4.16902   -0.396935E-04   -0.235383E-04   -0.409524E-04
 4.18704   -0.398712E-04   -0.229996E-04   -0.414863E-04
 4.20507   -0.400299E-04   -0.224748E-04   -0.420039E-04
 4.22310   -0.401704E-04   -0.219634E-04   -0.425056E-04
 4.24112   -0.402934E-04   -0.214650E-04   -0.429917E-04
 4.25915   -0.403995E-04   -0.209792E-04   -0.434627E-04
 4.27717   -0.404895E-04   -0.205057E-04   -0.439189E-04
 4.29520   -0.405641E-04   -0.200440E-04   -0.443605E-04
 4.31323   -0.406239E-04   -0.195938E-04   -0.447881E-04
 4.33125   -0.406695E-04   -0.191547E-04   -0.452018E-04
 4.34928   -0.407017E-04   -0.187265E-04   -0.456021E-04
 4.36730   -0.407211E-04   -0.183086E-04   -0.459894E-04
 4.38533   -0.407282E-04   -0.179009E-04   -0.463638E-04
 4.40336   -0.407236E-04   -0.175030E-04   -0.467257E-04
 4.42138   -0.407080E-04   -0.171145E-04   -0.470755E-04
 4.43941   -0.406817E-04   -0.167352E-04   -0.474134E-04
 4.45743   -0.406454E-04   -0.163647E-04   -0.477397E-04
 4.47546   -0.405996E-04   -0.160028E-04   -0.480547E-04
 4.49349   -0.405448E-04   -0.156492E-04   -0.483587E-04
 4.51151   -0.404814E-04   -0.153037E-04   -0.486519E-04
 4.52954   -0.404098E-04   -0.149659E-04   -0.489347E-04
 4.54757   -0.403306E-04   -0.146356E-04   -0.492072E-04
 4.56559   -0.402440E-04   -0.143126E-04   -0.494698E-04
 4.58362   -0.401506E-04   -0.139967E-04   -0.497226E-04
 4.60164   -0.400507E-04   -0.136876E-04   -0.499659E-04
 4.61967   -0.399447E-04   -0.133851E-04   -0.501999E-04
 4.63770   -0.398329E-04   -0.130888E-04   -0.504249E-04
 4.65572   -0.397157E-04   -0.127989E-04   -0.506411E-04
 4.67375   -0.395933E-04   -0.125150E-04   -0.508486E-04
 4.69177   -0.394661E-04   -0.122369E-04   -0.510477E-04
 4.70980   -0.393344E-04   -0.119645E-04   -0.512386E-04
 4.72783   -0.391984E-04   -0.116975E-04   -0.514215E-04
 4.74585   -0.390585E-04   -0.114359E-04   -0.515965E-04
 4.76388   -0.389148E-04   -0.111794E-04   -0.517639E-04
 4.78190   -0.387676E-04   -0.109279E-04   -0.519238E-04
 4.79993   -0.386171E-04   -0.106812E-04   -0.520764E-04
 4.81796   -0.384636E-04   -0.104393E-04   -0.522219E-04
 4.83598   -0.383073E-04   -0.102019E-04   -0.523604E-04
 4.85401   -0.381483E-04   -0.996903E-05   -0.524924E-04
 4.87203   -0.379868E-04   -0.974045E-05   -0.526172E-04
 4.89006   -0.378231E-04   -0.951607E-05   -0.527357E-04
 4.90809   -0.376573E-04   -0.929578E-05   -0.528479E-04
 4.92611   -0.374896E-04   -0.907946E-05   -0.529539E-04
 4.94414   -0.373200E-04   -0.886703E-05   -0.530538E-04
 4.96216   -0.371489E-04   -0.865836E-05   -0.531477E-04
 4.98019   -0.369762E-04   -0.845337E-05   -0.532358E-04
 4.99822   -0.368021E-04   -0.825194E-05   -0.533183E-04
 5.01624   -0.366268E-04   -0.805401E-05   -0.533952E-04
 5.03427   -0.364504E-04   -0.785947E-05   -0.534666E-04
 5.05229   -0.362730E-04   -0.766824E-05   -0.535328E-04
 5.07032   -0.360947E-04   -0.748023E-05   -0.535936E-04
 5.08835   -0.359156E-04   -0.729538E-05   -0.536494E-04
 5.10637   -0.357358E-04   -0.711359E-05   -0.537003E-04
 5.12440   -0.355554E-04   -0.693481E-05   -0.537462E-04
 5.14242   -0.353745E-04   -0.675896E-05   -0.537873E-04
 5.16045   -0.351931E-04   -0.658596E-05   -0.538238E-04
 5.17848   -0.350114E-04   -0.641575E-05   -0.538556E-04
 5.19650   -0.348295E-04   -0.624828E-05   -0.538830E-04
 5.21453   -0.346473E-04   -0.608346E-05   -0.539060E-04
 5.23256   -0.344650E-04   -0.592126E-05   -0.539246E-04
 5.25058   -0.342826E-04   -0.576160E-05   -0.539391E-04
 5.26861   -0.341003E-04   -0.560443E-05   -0.539495E-04
 5.28663   -0.339180E-04   -0.544970E-05   -0.539559E-04
 5.30466   -0.337358E-04   -0.529735E-05   -0.539583E-04
 5.32269   -0.335538E-04   -0.514733E-05   -0.539568E-04
 5.34071   -0.333720E-04   -0.499958E-05   -0.539516E-04
 5.35874   -0.331905E-04   -0.485407E-05   -0.539426E-04
 5.37676   -0.330093E-04   -0.471075E-05   -0.539301E-04
 5.39479   -0.328284E-04   -0.456956E-05   -0.539140E-04
 5.41282   -0.326480E-04   -0.443046E-05   -0.538945E-04
 5.43084   -0.324680E-04   -0.429342E-05   -0.538715E-04
 5.44887   -0.322885E-04   -0.415839E-05   -0.538453E-04
 5.46689   -0.321095E-04   -0.402532E-05   -0.538157E-04
 5.48492   -0.319310E-04   -0.389417E-05   -0.537830E-04
 5.50295   -0.317532E-04   -0.376493E-05   -0.537471E-04
 5.52097   -0.315759E-04   -0.363754E-05   -0.537082E-04
 5.53900   -0.313993E-04   -0.351198E-05   -0.536663E-04
 5.55702   -0.312234E-04   -0.338858E-05   -0.536214E-04
 5.57505   -0.310481E-04   -0.326655E-05   -0.535736E-04
 5.59308   -0.308736E-04   -0.314585E-05   -0.535231E-04
 5.61110   -0.306998E-04   -0.302725E-05   -0.534697E-04
 5.62913   -0.305268E-04   -0.291028E-05   -0.534137E-04
 5.64715   -0.303545E-04   -0.279493E-05   -0.533550E-04
 5.66518   -0.301831E-04   -0.268118E-05   -0.532937E-04
 5.68321   -0.300124E-04   -0.256900E-05   -0.532298E-04
 5.70123   -0.298426E-04   -0.245836E-05   -0.531635E-04
 5.71926   -0.296736E-04   -0.234923E-05   -0.530947E-04
 5.73728   -0.295055E-04   -0.224159E-05   -0.530236E-04
 5.75531   -0.293383E-04   -0.213541E-05   -0.529503E-04
 5.77334   -0.291719E-04   -0.203068E-05   -0.528743E-04
 5.79136   -0.290064E-04   -0.192737E-05   -0.527963E-04
 5.80939   -0.288418E-04   -0.182544E-05   -0.527161E-04
 5.82741   -0.286780E-04   -0.172490E-05   -0.526338E-04
 5.84544   -0.285152E-04   -0.162570E-05   -0.525494E-04
 5.86347   -0.283533E-04   -0.152785E-05   -0.524629E-04
 5.88149   -0.281923E-04   -0.143130E-05   -0.523744E-04
 5.89952   -0.280323E-04   -0.133604E-05   -0.522839E-04
 5.91755   -0.278731E-04   -0.124206E-05   -0.521916E-04
 5.93557   -0.277149E-04   -0.114935E-05   -0.520973E-04
 5.95360   -0.275575E-04   -0.105787E-05   -0.520011E-04
 5.97162   -0.274011E-04   -0.967620E-06   -0.519032E-04
 5.98965   -0.272456E-04   -0.878577E-06   -0.518035E-04
 6.00768   -0.270910E-04   -0.790728E-06   -0.517020E-04
 6.02570   -0.269373E-04   -0.704065E-06   -0.515989E-04
 6.04373   -0.267846E-04   -0.618561E-06   -0.514941E-04
 6.06175   -0.266327E-04   -0.534204E-06   -0.513876E-04
 6.07978   -0.264817E-04   -0.450985E-06   -0.512796E-04
 6.09781   -0.263316E-04   -0.368890E-06   -0.511700E-04
 6.11583   -0.261825E-04   -0.287908E-06   -0.510589E-04
 6.13386   -0.260341E-04   -0.208023E-06   -0.509463E-04
 6.15188   -0.258867E-04   -0.129236E-06   -0.508321E-04
 6.16991   -0.257402E-04   -0.515124E-07   -0.507166E-04
 6.18794   -0.255945E-04    0.251480E-07   -0.505997E-04
 6.20596   -0.254497E-04    0.100768E-06   -0.504815E-04
 6.22399   -0.253057E-04    0.175335E-06   -0.503618E-04
 6.24201   -0.251625E-04    0.248871E-06   -0.502409E-04
 6.26004   -0.250202E-04    0.321387E-06   -0.501187E-04
 6.27807   -0.248788E-04    0.392891E-06   -0.499952E-04
 6.29609   -0.247381E-04    0.463395E-06   -0.498705E-04
 6.31412   -0.245983E-04    0.532908E-06   -0.497446E-04
 6.33214   -0.244593E-04    0.601440E-06   -0.496176E-04
 6.35017   -0.243210E-04    0.669001E-06   -0.494894E-04
 6.36820   -0.241836E-04    0.735605E-06   -0.493600E-04
 6.38622   -0.240469E-04    0.801253E-06   -0.492296E-04
 6.40425   -0.239110E-04    0.865957E-06   -0.490981E-04
 6.42227   -0.237759E-04    0.929728E-06   -0.489656E-04
 6.44030   -0.236416E-04    0.992573E-06   -0.488320E-04
 6.45833   -0.235080E-04    0.105450E-05   -0.486975E-04
 6.47635   -0.233751E-04    0.111553E-05   -0.485619E-04
 6.49438   -0.232430E-04    0.117565E-05   -0.484255E-04
 6.51240   -0.231116E-04    0.123489E-05   -0.482881E-04
 6.53043   -0.229810E-04    0.129325E-05   -0.481498E-04
 6.54846   -0.228510E-04    0.135074E-05   -0.480106E-04
 6.56648   -0.227218E-04    0.140737E-05   -0.478705E-04
 6.58451   -0.225933E-04    0.146314E-05   -0.477297E-04
 6.60254   -0.224655E-04    0.151808E-05   -0.475880E-04
 6.62056   -0.223384E-04    0.157218E-05   -0.474455E-04
 6.63859   -0.222120E-04    0.162545E-05   -0.473022E-04
 6.65661   -0.220863E-04    0.167790E-05   -0.471582E-04
 6.67464   -0.219612E-04    0.172954E-05   -0.470135E-04
 6.69267   -0.218369E-04    0.178039E-05   -0.468680E-04
 6.71069   -0.217132E-04    0.183044E-05   -0.467219E-04
 6.72872   -0.215902E-04    0.187970E-05   -0.465751E-04
 6.74674   -0.214678E-04    0.192820E-05   -0.464277E-04
 6.76477   -0.213461E-04    0.197594E-05   -0.462796E-04
 6.78280   -0.212251E-04    0.202292E-05   -0.461310E-04
 6.80082   -0.211047E-04    0.206916E-05   -0.459817E-04
 6.81885   -0.209850E-04    0.211466E-05   -0.458319E-04
 6.83687   -0.208659E-04    0.215944E-05   -0.456815E-04
 6.85490   -0.207475E-04    0.220350E-05   -0.455307E-04
 6.87293   -0.206298E-04    0.224685E-05   -0.453792E-04
 6.89095   -0.205126E-04    0.228950E-05   -0.452273E-04
 6.90898   -0.203962E-04    0.233147E-05   -0.450750E-04
 6.92700   -0.202803E-04    0.237275E-05   -0.449222E-04
 6.94503   -0.201651E-04    0.241336E-05   -0.447689E-04
 6.96306   -0.200506E-04    0.245331E-05   -0.446153E-04
 6.98108   -0.199367E-04    0.249261E-05   -0.444612E-04
 6.99911   -0.198234E-04    0.253127E-05   -0.443068E-04
 7.01713   -0.197108E-04    0.256929E-05   -0.441520E-04
 7.03516   -0.195988E-04    0.260668E-05   -0.439968E-04
 7.05319   -0.194874E-04    0.264345E-05   -0.438413E-04
 7.07121   -0.193767E-04    0.267962E-05   -0.436855E-04
 7.08924   -0.192666E-04    0.271519E-05   -0.435294E-04
 7.10726   -0.191571E-04    0.275017E-05   -0.433731E-04
 7.12529   -0.190483E-04    0.278456E-05   -0.432164E-04
 7.14332   -0.189401E-04    0.281838E-05   -0.430596E-04
 7.16134   -0.188325E-04    0.285164E-05   -0.429025E-04
 7.17937   -0.187256E-04    0.288434E-05   -0.427451E-04
 7.19739   -0.186193E-04    0.291650E-05   -0.425876E-04
 7.21542   -0.185136E-04    0.294811E-05   -0.424299E-04
 7.23345   -0.184086E-04    0.297919E-05   -0.422720E-04
 7.25147   -0.183042E-04    0.300975E-05   -0.421140E-04
 7.26950   -0.182004E-04    0.303980E-05   -0.419558E-04
 7.28753   -0.180972E-04    0.306933E-05   -0.417975E-04
 7.30555   -0.179947E-04    0.309837E-05   -0.416391E-04
 7.32358   -0.178928E-04    0.312692E-05   -0.414806E-04
 7.34160   -0.177915E-04    0.315498E-05   -0.413220E-04
 7.35963   -0.176909E-04    0.318257E-05   -0.411633E-04
 7.37766   -0.175909E-04    0.320968E-05   -0.410046E-04
 7.39568   -0.174915E-04    0.323634E-05   -0.408457E-04
 7.41371   -0.173927E-04    0.326254E-05   -0.406869E-04
 7.43173   -0.172945E-04    0.328829E-05   -0.405281E-04
 7.44976   -0.171970E-04    0.331361E-05   -0.403692E-04
 7.46779   -0.171001E-04    0.333849E-05   -0.402103E-04
 7.48581   -0.170038E-04    0.336294E-05   -0.400515E-04
 7.50384   -0.169081E-04    0.338698E-05   -0.398927E-04
 7.52186   -0.168131E-04    0.341060E-05   -0.397339E-04
 7.53989   -0.167186E-04    0.343381E-05   -0.395751E-04
 7.55792   -0.166248E-04    0.345662E-05   -0.394164E-04
 7.57594   -0.165316E-04    0.347903E-05   -0.392578E-04
 7.59397   -0.164390E-04    0.350106E-05   -0.390993E-04
 7.61199   -0.163470E-04    0.352270E-05   -0.389408E-04
 7.63002   -0.162556E-04    0.354397E-05   -0.387824E-04
 7.64805   -0.161648E-04    0.356487E-05   -0.386242E-04
 7.66607   -0.160746E-04    0.358539E-05   -0.384660E-04
 7.68410   -0.159850E-04    0.360556E-05   -0.383080E-04
 7.70212   -0.158960E-04    0.362537E-05   -0.381501E-04
 7.72015   -0.158076E-04    0.364484E-05   -0.379924E-04
 7.73818   -0.157198E-04    0.366395E-05   -0.378348E-04
 7.75620   -0.156326E-04    0.368273E-05   -0.376774E-04
 7.77423   -0.155460E-04    0.370118E-05   -0.375201E-04
 7.79225   -0.154599E-04    0.371929E-05   -0.373630E-04
 7.81028   -0.153744E-04    0.373707E-05   -0.372061E-04
 7.82831   -0.152895E-04    0.375454E-05   -0.370494E-04
 7.84633   -0.152052E-04    0.377170E-05   -0.368929E-04
 7.86436   -0.151215E-04    0.378854E-05   -0.367366E-04
 7.88238   -0.150383E-04    0.380507E-05   -0.365805E-04
 7.90041   -0.149557E-04    0.382130E-05   -0.364247E-04
 7.91844   -0.148737E-04    0.383723E-05   -0.362690E-04
 7.93646   -0.147922E-04    0.385286E-05   -0.361136E-04
 7.95449   -0.147113E-04    0.386821E-05   -0.359585E-04
 7.97252   -0.146309E-04    0.388327E-05   -0.358036E-04
 7.99054   -0.145511E-04    0.389805E-05   -0.356489E-04
 8.00857   -0.144718E-04    0.391255E-05   -0.354945E-04
 8.02659   -0.143931E-04    0.392677E-05   -0.353404E-04
 8.04462   -0.143149E-04    0.394073E-05   -0.351866E-04
 8.06265   -0.142373E-04    0.395441E-05   -0.350330E-04
 8.08067   -0.141601E-04    0.396783E-05   -0.348797E-04
 8.09870   -0.140836E-04    0.398100E-05   -0.347267E-04
 8.11672   -0.140075E-04    0.399390E-05   -0.345740E-04
 8.13475   -0.139320E-04    0.400656E-05   -0.344216E-04
 8.15278   -0.138570E-04    0.401896E-05   -0.342695E-04
 8.17080   -0.137825E-04    0.403111E-05   -0.341177E-04
 8.18883   -0.137085E-04    0.404302E-05   -0.339663E-04
 8.20685   -0.136351E-04    0.405469E-05   -0.338151E-04
 8.22488   -0.135621E-04    0.406613E-05   -0.336643E-04
 8.24291   -0.134897E-04    0.407733E-05   -0.335138E-04
 8.26093   -0.134177E-04    0.408829E-05   -0.333636E-04
 8.27896   -0.133463E-04    0.409903E-05   -0.332138E-04
 8.29698   -0.132753E-04    0.410954E-05   -0.330643E-04
 8.31501   -0.132048E-04    0.411983E-05   -0.329152E-04
 8.33304   -0.131348E-04    0.412990E-05   -0.327664E-04
 8.35106   -0.130653E-04    0.413975E-05   -0.326179E-04
 8.36909   -0.129963E-04    0.414939E-05   -0.324698E-04
 8.38711   -0.129278E-04    0.415882E-05   -0.323221E-04
 8.40514   -0.128597E-04    0.416803E-05   -0.321748E-04
 8.42317   -0.127921E-04    0.417704E-05   -0.320278E-04
 8.44119   -0.127249E-04    0.418584E-05   -0.318812E-04
 8.45922   -0.126582E-04    0.419444E-05   -0.317349E-04
 8.47724   -0.125920E-04    0.420284E-05   -0.315891E-04
 8.49527   -0.125262E-04    0.421105E-05   -0.314436E-04
 8.51330   -0.124609E-04    0.421906E-05   -0.312985E-04
 8.53132   -0.123960E-04    0.422688E-05   -0.311538E-04
 8.54935   -0.123316E-04    0.423450E-05   -0.310095E-04
 8.56737   -0.122676E-04    0.424194E-05   -0.308655E-04
 8.58540   -0.122041E-04    0.424920E-05   -0.307220E-04
 8.60343   -0.121409E-04    0.425627E-05   -0.305788E-04
 8.62145   -0.120782E-04    0.426316E-05   -0.304361E-04
 8.63948   -0.120160E-04    0.426987E-05   -0.302938E-04
 8.65751   -0.119541E-04    0.427640E-05   -0.301518E-04
 8.67553   -0.118927E-04    0.428276E-05   -0.300103E-04
 8.69356   -0.118317E-04    0.428894E-05   -0.298692E-04
 8.71158   -0.117711E-04    0.429496E-05   -0.297285E-04
 8.72961   -0.117110E-04    0.430080E-05   -0.295882E-04
 8.74764   -0.116512E-04    0.430648E-05   -0.294483E-04
 8.76566   -0.115918E-04    0.431199E-05   -0.293089E-04
 8.78369   -0.115328E-04    0.431734E-05   -0.291698E-04
 8.80171   -0.114743E-04    0.432253E-05   -0.290312E-04
 8.81974   -0.114161E-04    0.432756E-05   -0.288930E-04
 8.83777   -0.113583E-04    0.433243E-05   -0.287552E-04
 8.85579   -0.113009E-04    0.433715E-05   -0.286179E-04
 8.87382   -0.112439E-04    0.434171E-05   -0.284810E-04
 8.89184   -0.111872E-04    0.434612E-05   -0.283445E-04
 8.90987   -0.111310E-04    0.435038E-05   -0.282084E-04
 8.92790   -0.110751E-04    0.435448E-05   -0.280728E-04
 8.94592   -0.110196E-04    0.435844E-05   -0.279376E-04
 8.96395   -0.109644E-04    0.436226E-05   -0.278028E-04
 8.98197   -0.109096E-04    0.436593E-05   -0.276685E-04
 9.00000   -0.108552E-04    0.436945E-05   -0.275346E-04
