 0.00500    0.319079E-01   -0.157713E-01    0.116027E-01
 0.02303    0.254447E-01   -0.125400E-01    0.917927E-02
 0.04105    0.217643E-01   -0.106999E-01    0.779951E-02
 0.05908    0.191311E-01   -0.938360E-02    0.681272E-02
 0.07710    0.170861E-01   -0.836140E-02    0.604661E-02
 0.09513    0.154249E-01   -0.753118E-02    0.542464E-02
 0.11316    0.140362E-01   -0.683727E-02    0.490499E-02
 0.13118    0.128517E-01   -0.624551E-02    0.446204E-02
 0.14921    0.118263E-01   -0.573331E-02    0.407882E-02
 0.16723    0.109280E-01   -0.528469E-02    0.374338E-02
 0.18526    0.101337E-01   -0.488813E-02    0.344703E-02
 0.20329    0.942599E-02   -0.453486E-02    0.318321E-02
 0.22131    0.879126E-02   -0.421813E-02    0.294684E-02
 0.23934    0.821886E-02   -0.393259E-02    0.273391E-02
 0.25736    0.770017E-02   -0.367392E-02    0.254118E-02
 0.27539    0.722818E-02   -0.343862E-02    0.236602E-02
 0.29342    0.679708E-02   -0.322378E-02    0.220624E-02
 0.31144    0.640202E-02   -0.302698E-02    0.206002E-02
 0.32947    0.603886E-02   -0.284615E-02    0.192581E-02
 0.34749    0.570411E-02   -0.267954E-02    0.180230E-02
 0.36552    0.539478E-02   -0.252566E-02    0.168835E-02
 0.38355    0.510828E-02   -0.238320E-02    0.158300E-02
 0.40157    0.484235E-02   -0.225103E-02    0.148539E-02
 0.41960    0.459503E-02   -0.212818E-02    0.139479E-02
 0.43763    0.436458E-02   -0.201378E-02    0.131054E-02
 0.45565    0.414949E-02   -0.190706E-02    0.123207E-02
 0.47368    0.394839E-02   -0.180735E-02    0.115887E-02
 0.49170    0.376009E-02   -0.171405E-02    0.109050E-02
 0.50973    0.358353E-02   -0.162662E-02    0.102654E-02
 0.52776    0.341775E-02   -0.154458E-02    0.966638E-03
 0.54578    0.326188E-02   -0.146751E-02    0.910468E-03
 0.56381    0.311515E-02   -0.139501E-02    0.857740E-03
 0.58183    0.297688E-02   -0.132674E-02    0.808192E-03
 0.59986    0.284642E-02   -0.126239E-02    0.761587E-03
 0.61789    0.272322E-02   -0.120167E-02    0.717707E-03
 0.63591    0.260674E-02   -0.114431E-02    0.676358E-03
 0.65394    0.249651E-02   -0.109008E-02    0.637360E-03
 0.67196    0.239211E-02   -0.103876E-02    0.600553E-03
 0.68999    0.229315E-02   -0.990167E-03    0.565787E-03
 0.70802    0.219925E-02   -0.944108E-03    0.532926E-03
 0.72604    0.211009E-02   -0.900421E-03    0.501846E-03
 0.74407    0.202538E-02   -0.858955E-03    0.472431E-03
 0.76209    0.194482E-02   -0.819570E-03    0.444576E-03
 0.78012    0.186817E-02   -0.782136E-03    0.418185E-03
 0.79815    0.179519E-02   -0.746536E-03    0.393167E-03
 0.81617    0.172565E-02   -0.712658E-03    0.369440E-03
 0.83420    0.165935E-02   -0.680401E-03    0.346927E-03
 0.85222    0.159610E-02   -0.649671E-03    0.325555E-03
 0.87025    0.153574E-02   -0.620380E-03    0.305259E-03
 0.88828    0.147810E-02   -0.592447E-03    0.285979E-03
 0.90630    0.142302E-02   -0.565798E-03    0.267656E-03
 0.92433    0.137037E-02   -0.540361E-03    0.250238E-03
 0.94235    0.132002E-02   -0.516071E-03    0.233675E-03
 0.96038    0.127184E-02   -0.492867E-03    0.217921E-03
 0.97841    0.122572E-02   -0.470690E-03    0.202931E-03
 0.99643    0.118155E-02   -0.449488E-03    0.188667E-03
 1.01446    0.113924E-02   -0.429210E-03    0.175089E-03
 1.03248    0.109868E-02   -0.409810E-03    0.162162E-03
 1.05051    0.105980E-02   -0.391244E-03    0.149853E-03
 1.06854    0.102251E-02   -0.373470E-03    0.138132E-03
 1.08656    0.986729E-03   -0.356449E-03    0.126967E-03
 1.10459    0.952387E-03   -0.340145E-03    0.116332E-03
 1.12262    0.919417E-03   -0.324523E-03    0.106201E-03
 1.14064    0.887747E-03   -0.309552E-03    0.965495E-04
 1.15867    0.857325E-03   -0.295199E-03    0.873535E-04
 1.17669    0.828090E-03   -0.281438E-03    0.785916E-04
 1.19472    0.799988E-03   -0.268239E-03    0.702432E-04
 1.21275    0.772966E-03   -0.255578E-03    0.622889E-04
 1.23077    0.746978E-03   -0.243430E-03    0.547101E-04
 1.24880    0.721976E-03   -0.231772E-03    0.474894E-04
 1.26682    0.697918E-03   -0.220583E-03    0.406106E-04
 1.28485    0.674762E-03   -0.209842E-03    0.340580E-04
 1.30288    0.652472E-03   -0.199529E-03    0.278171E-04
 1.32090    0.631008E-03   -0.189627E-03    0.218737E-04
 1.33893    0.610336E-03   -0.180117E-03    0.162146E-04
 1.35695    0.590424E-03   -0.170983E-03    0.108275E-04
 1.37498    0.571240E-03   -0.162209E-03    0.570018E-05
 1.39301    0.552753E-03   -0.153781E-03    0.821501E-06
 1.41103    0.534936E-03   -0.145684E-03   -0.381926E-05
 1.42906    0.517763E-03   -0.137905E-03   -0.823212E-05
 1.44708    0.501208E-03   -0.130431E-03   -0.124267E-04
 1.46511    0.485246E-03   -0.123250E-03   -0.164122E-04
 1.48314    0.469855E-03   -0.116350E-03   -0.201971E-04
 1.50116    0.455014E-03   -0.109722E-03   -0.237895E-04
 1.51919    0.440701E-03   -0.103354E-03   -0.271975E-04
 1.53721    0.426897E-03   -0.972357E-04   -0.304282E-04
 1.55524    0.413584E-03   -0.913595E-04   -0.334885E-04
 1.57327    0.400743E-03   -0.857158E-04   -0.363853E-04
 1.59129    0.388360E-03   -0.802963E-04   -0.391245E-04
 1.60932    0.376417E-03   -0.750934E-04   -0.417123E-04
 1.62734    0.364900E-03   -0.700994E-04   -0.441540E-04
 1.64537    0.353795E-03   -0.653073E-04   -0.464550E-04
 1.66340    0.343089E-03   -0.607108E-04   -0.486201E-04
 1.68142    0.332769E-03   -0.563033E-04   -0.506541E-04
 1.69945    0.322824E-03   -0.520794E-04   -0.525612E-04
 1.71747    0.313243E-03   -0.480336E-04   -0.543454E-04
 1.73550    0.304016E-03   -0.441607E-04   -0.560107E-04
 1.75353    0.295134E-03   -0.404561E-04   -0.575604E-04
 1.77155    0.286588E-03   -0.369155E-04   -0.589976E-04
 1.78958    0.278369E-03   -0.335347E-04   -0.603255E-04
 1.80761    0.270471E-03   -0.303100E-04   -0.615468E-04
 1.82563    0.262885E-03   -0.272380E-04   -0.626641E-04
 1.84366    0.255606E-03   -0.243153E-04   -0.636797E-04
 1.86168    0.248627E-03   -0.215390E-04   -0.645964E-04
 1.87971    0.241944E-03   -0.189062E-04   -0.654154E-04
 1.89774    0.235550E-03   -0.164142E-04   -0.661384E-04
 1.91576    0.229440E-03   -0.140605E-04   -0.667685E-04
 1.93379    0.223610E-03   -0.118425E-04   -0.673067E-04
 1.95181    0.218055E-03   -0.975810E-05   -0.677548E-04
 1.96984    0.212770E-03   -0.780481E-05   -0.681146E-04
 1.98787    0.207750E-03   -0.598008E-05   -0.683876E-04
 2.00589    0.202989E-03   -0.428153E-05   -0.685760E-04
 2.02392    0.198483E-03   -0.270653E-05   -0.686814E-04
 2.04194    0.194226E-03   -0.125225E-05   -0.687058E-04
 2.05997    0.190211E-03    0.843669E-07   -0.686515E-04
 2.07800    0.186432E-03    0.130669E-05   -0.685209E-04
 2.09602    0.182883E-03    0.241839E-05   -0.683168E-04
 2.11405    0.179553E-03    0.342355E-05   -0.680420E-04
 2.13207    0.176435E-03    0.432667E-05   -0.676998E-04
 2.15010    0.173519E-03    0.513271E-05   -0.672940E-04
 2.16813    0.170792E-03    0.584721E-05   -0.668285E-04
 2.18615    0.168244E-03    0.647621E-05   -0.663077E-04
 2.20418    0.165860E-03    0.702624E-05   -0.657366E-04
 2.22220    0.163628E-03    0.750451E-05   -0.651203E-04
 2.24023    0.161530E-03    0.791858E-05   -0.644645E-04
 2.25826    0.159550E-03    0.827677E-05   -0.637752E-04
 2.27628    0.157673E-03    0.858758E-05   -0.630589E-04
 2.29431    0.155878E-03    0.886014E-05   -0.623221E-04
 2.31233    0.154148E-03    0.910398E-05   -0.615723E-04
 2.33036    0.152463E-03    0.932883E-05   -0.608161E-04
 2.34839    0.150802E-03    0.954459E-05   -0.600614E-04
 2.36641    0.149146E-03    0.976138E-05   -0.593154E-04
 2.38444    0.147474E-03    0.998940E-05   -0.585859E-04
 2.40246    0.145766E-03    0.102385E-04   -0.578795E-04
 2.42049    0.144003E-03    0.105186E-04   -0.572043E-04
 2.43852    0.142165E-03    0.108391E-04   -0.565672E-04
 2.45654    0.140234E-03    0.112091E-04   -0.559748E-04
 2.47457    0.138195E-03    0.116370E-04   -0.554334E-04
 2.49260    0.136030E-03    0.121307E-04   -0.549487E-04
 2.51062    0.133725E-03    0.126970E-04   -0.545260E-04
 2.52865    0.131270E-03    0.133423E-04   -0.541698E-04
 2.54667    0.128652E-03    0.140717E-04   -0.538840E-04
 2.56470    0.125864E-03    0.148896E-04   -0.536719E-04
 2.58273    0.122899E-03    0.157990E-04   -0.535356E-04
 2.60075    0.119753E-03    0.168020E-04   -0.534769E-04
 2.61878    0.116425E-03    0.178999E-04   -0.534962E-04
 2.63680    0.112913E-03    0.190918E-04   -0.535933E-04
 2.65483    0.109222E-03    0.203771E-04   -0.537678E-04
 2.67286    0.105355E-03    0.217533E-04   -0.540175E-04
 2.69088    0.101320E-03    0.232173E-04   -0.543398E-04
 2.70891    0.971232E-04    0.247645E-04   -0.547317E-04
 2.72693    0.927774E-04    0.263900E-04   -0.551894E-04
 2.74496    0.882934E-04    0.280877E-04   -0.557083E-04
 2.76299    0.836847E-04    0.298511E-04   -0.562834E-04
 2.78101    0.789659E-04    0.316728E-04   -0.569094E-04
 2.79904    0.741526E-04    0.335451E-04   -0.575804E-04
 2.81706    0.692605E-04    0.354601E-04   -0.582903E-04
 2.83509    0.643073E-04    0.374091E-04   -0.590328E-04
 2.85312    0.593095E-04    0.393836E-04   -0.598017E-04
 2.87114    0.542844E-04    0.413751E-04   -0.605900E-04
 2.88917    0.492496E-04    0.433752E-04   -0.613918E-04
 2.90719    0.442213E-04    0.453753E-04   -0.622007E-04
 2.92522    0.392162E-04    0.473673E-04   -0.630104E-04
 2.94325    0.342502E-04    0.493430E-04   -0.638152E-04
 2.96127    0.293388E-04    0.512952E-04   -0.646092E-04
 2.97930    0.244955E-04    0.532166E-04   -0.653873E-04
 2.99732    0.197339E-04    0.551007E-04   -0.661442E-04
 3.01535    0.150661E-04    0.569412E-04   -0.668757E-04
 3.03338    0.105033E-04    0.587331E-04   -0.675775E-04
 3.05140    0.605538E-05    0.604710E-04   -0.682457E-04
 3.06943    0.173134E-05    0.621503E-04   -0.688774E-04
 3.08745   -0.246124E-05    0.637676E-04   -0.694694E-04
 3.10548   -0.651591E-05    0.653195E-04   -0.700193E-04
 3.12351   -0.104272E-04    0.668033E-04   -0.705252E-04
 3.14153   -0.141910E-04    0.682170E-04   -0.709853E-04
 3.15956   -0.178040E-04    0.695584E-04   -0.713985E-04
 3.17759   -0.212639E-04    0.708277E-04   -0.717639E-04
 3.19561   -0.245694E-04    0.720229E-04   -0.720810E-04
 3.21364   -0.277201E-04    0.731444E-04   -0.723496E-04
 3.23166   -0.307165E-04    0.741922E-04   -0.725698E-04
 3.24969   -0.335596E-04    0.751669E-04   -0.727420E-04
 3.26772   -0.362511E-04    0.760694E-04   -0.728670E-04
 3.28574   -0.387935E-04    0.769009E-04   -0.729453E-04
 3.30377   -0.411894E-04    0.776628E-04   -0.729782E-04
 3.32179   -0.434423E-04    0.783566E-04   -0.729667E-04
 3.33982   -0.455557E-04    0.789843E-04   -0.729123E-04
 3.35785   -0.475337E-04    0.795478E-04   -0.728163E-04
 3.37587   -0.493808E-04    0.800493E-04   -0.726802E-04
 3.39390   -0.511010E-04    0.804910E-04   -0.725060E-04
 3.41192   -0.526994E-04    0.808751E-04   -0.722950E-04
 3.42995   -0.541804E-04    0.812042E-04   -0.720490E-04
 3.44798   -0.555491E-04    0.814804E-04   -0.717698E-04
 3.46600   -0.568099E-04    0.817063E-04   -0.714593E-04
 3.48403   -0.579679E-04    0.818839E-04   -0.711188E-04
 3.50205   -0.590278E-04    0.820160E-04   -0.707505E-04
 3.52008   -0.599943E-04    0.821047E-04   -0.703559E-04
 3.53811   -0.608723E-04    0.821525E-04   -0.699365E-04
 3.55613   -0.616658E-04    0.821615E-04   -0.694942E-04
 3.57416   -0.623800E-04    0.821340E-04   -0.690306E-04
 3.59218   -0.630184E-04    0.820720E-04   -0.685470E-04
 3.61021   -0.635860E-04    0.819776E-04   -0.680450E-04
 3.62824   -0.640861E-04    0.818528E-04   -0.675262E-04
 3.64626   -0.645227E-04    0.816996E-04   -0.669918E-04
 3.66429   -0.648998E-04    0.815197E-04   -0.664431E-04
 3.68231   -0.652206E-04    0.813149E-04   -0.658814E-04
 3.70034   -0.654887E-04    0.810868E-04   -0.653080E-04
 3.71837   -0.657073E-04    0.808371E-04   -0.647240E-04
 3.73639   -0.658794E-04    0.805675E-04   -0.641300E-04
 3.75442   -0.660080E-04    0.802789E-04   -0.635279E-04
 3.77244   -0.660958E-04    0.799730E-04   -0.629180E-04
 3.79047   -0.661454E-04    0.796511E-04   -0.623014E-04
 3.80850   -0.661593E-04    0.793141E-04   -0.616790E-04
 3.82652   -0.661400E-04    0.789637E-04   -0.610515E-04
 3.84455   -0.660895E-04    0.786008E-04   -0.604198E-04
 3.86258   -0.660100E-04    0.782261E-04   -0.597845E-04
 3.88060   -0.659033E-04    0.778407E-04   -0.591461E-04
 3.89863   -0.657717E-04    0.774454E-04   -0.585054E-04
 3.91665   -0.656165E-04    0.770414E-04   -0.578631E-04
 3.93468   -0.654393E-04    0.766293E-04   -0.572194E-04
 3.95271   -0.652419E-04    0.762098E-04   -0.565751E-04
 3.97073   -0.650256E-04    0.757837E-04   -0.559305E-04
 3.98876   -0.647919E-04    0.753515E-04   -0.552860E-04
 4.00678   -0.645419E-04    0.749140E-04   -0.546422E-04
 4.02481   -0.642769E-04    0.744716E-04   -0.539992E-04
 4.04284   -0.639980E-04    0.740250E-04   -0.533576E-04
 4.06086   -0.637063E-04    0.735746E-04   -0.527176E-04
 4.07889   -0.634026E-04    0.731208E-04   -0.520794E-04
 4.09691   -0.630882E-04    0.726642E-04   -0.514433E-04
 4.11494   -0.627636E-04    0.722050E-04   -0.508099E-04
 4.13297   -0.624299E-04    0.717437E-04   -0.501790E-04
 4.15099   -0.620876E-04    0.712809E-04   -0.495510E-04
 4.16902   -0.617376E-04    0.708167E-04   -0.489262E-04
 4.18704   -0.613806E-04    0.703514E-04   -0.483047E-04
 4.20507   -0.610171E-04    0.698854E-04   -0.476867E-04
 4.22310   -0.606478E-04    0.694188E-04   -0.470724E-04
 4.24112   -0.602730E-04    0.689521E-04   -0.464618E-04
 4.25915   -0.598938E-04    0.684854E-04   -0.458553E-04
 4.27717   -0.595103E-04    0.680191E-04   -0.452529E-04
 4.29520   -0.591229E-04    0.675528E-04   -0.446547E-04
 4.31323   -0.587322E-04    0.670874E-04   -0.440610E-04
 4.33125   -0.583385E-04    0.666228E-04   -0.434717E-04
 4.34928   -0.579423E-04    0.661591E-04   -0.428871E-04
 4.36730   -0.575438E-04    0.656966E-04   -0.423071E-04
 4.38533   -0.571436E-04    0.652355E-04   -0.417320E-04
 4.40336   -0.567417E-04    0.647757E-04   -0.411617E-04
 4.42138   -0.563386E-04    0.643175E-04   -0.405965E-04
 4.43941   -0.559346E-04    0.638610E-04   -0.400363E-04
 4.45743   -0.555299E-04    0.634063E-04   -0.394812E-04
 4.47546   -0.551247E-04    0.629535E-04   -0.389313E-04
 4.49349   -0.547193E-04    0.625028E-04   -0.383866E-04
 4.51151   -0.543139E-04    0.620541E-04   -0.378471E-04
 4.52954   -0.539089E-04    0.616078E-04   -0.373129E-04
 4.54757   -0.535042E-04    0.611635E-04   -0.367839E-04
 4.56559   -0.531002E-04    0.607216E-04   -0.362602E-04
 4.58362   -0.526970E-04    0.602821E-04   -0.357417E-04
 4.60164   -0.522948E-04    0.598451E-04   -0.352284E-04
 4.61967   -0.518938E-04    0.594107E-04   -0.347202E-04
 4.63770   -0.514942E-04    0.589791E-04   -0.342173E-04
 4.65572   -0.510961E-04    0.585499E-04   -0.337194E-04
 4.67375   -0.506996E-04    0.581236E-04   -0.332265E-04
 4.69177   -0.503049E-04    0.576999E-04   -0.327387E-04
 4.70980   -0.499121E-04    0.572792E-04   -0.322559E-04
 4.72783   -0.495213E-04    0.568610E-04   -0.317780E-04
 4.74585   -0.491328E-04    0.564462E-04   -0.313050E-04
 4.76388   -0.487466E-04    0.560343E-04   -0.308370E-04
 4.78190   -0.483628E-04    0.556253E-04   -0.303738E-04
 4.79993   -0.479815E-04    0.552193E-04   -0.299154E-04
 4.81796   -0.476028E-04    0.548165E-04   -0.294620E-04
 4.83598   -0.472268E-04    0.544168E-04   -0.290134E-04
 4.85401   -0.468537E-04    0.540201E-04   -0.285696E-04
 4.87203   -0.464835E-04    0.536267E-04   -0.281307E-04
 4.89006   -0.461163E-04    0.532365E-04   -0.276966E-04
 4.90809   -0.457521E-04    0.528495E-04   -0.272674E-04
 4.92611   -0.453910E-04    0.524658E-04   -0.268431E-04
 4.94414   -0.450331E-04    0.520852E-04   -0.264235E-04
 4.96216   -0.446783E-04    0.517079E-04   -0.260088E-04
 4.98019   -0.443268E-04    0.513339E-04   -0.255989E-04
 4.99822   -0.439786E-04    0.509631E-04   -0.251937E-04
 5.01624   -0.436337E-04    0.505955E-04   -0.247934E-04
 5.03427   -0.432921E-04    0.502312E-04   -0.243978E-04
 5.05229   -0.429538E-04    0.498701E-04   -0.240069E-04
 5.07032   -0.426188E-04    0.495122E-04   -0.236207E-04
 5.08835   -0.422872E-04    0.491576E-04   -0.232390E-04
 5.10637   -0.419588E-04    0.488060E-04   -0.228620E-04
 5.12440   -0.416337E-04    0.484577E-04   -0.224895E-04
 5.14242   -0.413119E-04    0.481122E-04   -0.221215E-04
 5.16045   -0.409932E-04    0.477703E-04   -0.217580E-04
 5.17848   -0.406778E-04    0.474311E-04   -0.213988E-04
 5.19650   -0.403654E-04    0.470950E-04   -0.210440E-04
 5.21453   -0.400562E-04    0.467619E-04   -0.206934E-04
 5.23256   -0.397499E-04    0.464317E-04   -0.203470E-04
 5.25058   -0.394465E-04    0.461044E-04   -0.200048E-04
 5.26861   -0.391461E-04    0.457800E-04   -0.196667E-04
 5.28663   -0.388484E-04    0.454583E-04   -0.193326E-04
 5.30466   -0.385534E-04    0.451393E-04   -0.190025E-04
 5.32269   -0.382611E-04    0.448230E-04   -0.186762E-04
 5.34071   -0.379713E-04    0.445094E-04   -0.183538E-04
 5.35874   -0.376840E-04    0.441984E-04   -0.180351E-04
 5.37676   -0.373991E-04    0.438899E-04   -0.177201E-04
 5.39479   -0.371166E-04    0.435838E-04   -0.174088E-04
 5.41282   -0.368363E-04    0.432802E-04   -0.171011E-04
 5.43084   -0.365581E-04    0.429789E-04   -0.167969E-04
 5.44887   -0.362821E-04    0.426800E-04   -0.164961E-04
 5.46689   -0.360080E-04    0.423833E-04   -0.161988E-04
 5.48492   -0.357360E-04    0.420888E-04   -0.159048E-04
 5.50295   -0.354658E-04    0.417967E-04   -0.156141E-04
 5.52097   -0.351974E-04    0.415066E-04   -0.153267E-04
 5.53900   -0.349308E-04    0.412186E-04   -0.150424E-04
 5.55702   -0.346659E-04    0.409327E-04   -0.147613E-04
 5.57505   -0.344026E-04    0.406488E-04   -0.144833E-04
 5.59308   -0.341410E-04    0.403669E-04   -0.142083E-04
 5.61110   -0.338809E-04    0.400869E-04   -0.139363E-04
 5.62913   -0.336223E-04    0.398089E-04   -0.136672E-04
 5.64715   -0.333652E-04    0.395328E-04   -0.134011E-04
 5.66518   -0.331096E-04    0.392586E-04   -0.131379E-04
 5.68321   -0.328554E-04    0.389862E-04   -0.128775E-04
 5.70123   -0.326026E-04    0.387156E-04   -0.126199E-04
 5.71926   -0.323512E-04    0.384469E-04   -0.123651E-04
 5.73728   -0.321012E-04    0.381800E-04   -0.121130E-04
 5.75531   -0.318525E-04    0.379149E-04   -0.118636E-04
 5.77334   -0.316052E-04    0.376516E-04   -0.116169E-04
 5.79136   -0.313593E-04    0.373900E-04   -0.113729E-04
 5.80939   -0.311148E-04    0.371300E-04   -0.111315E-04
 5.82741   -0.308716E-04    0.368719E-04   -0.108927E-04
 5.84544   -0.306299E-04    0.366157E-04   -0.106565E-04
 5.86347   -0.303895E-04    0.363611E-04   -0.104229E-04
 5.88149   -0.301505E-04    0.361082E-04   -0.101918E-04
 5.89952   -0.299129E-04    0.358571E-04   -0.996324E-05
 5.91755   -0.296768E-04    0.356077E-04   -0.973719E-05
 5.93557   -0.294421E-04    0.353600E-04   -0.951364E-05
 5.95360   -0.292088E-04    0.351140E-04   -0.929256E-05
 5.97162   -0.289771E-04    0.348697E-04   -0.907394E-05
 5.98965   -0.287468E-04    0.346272E-04   -0.885778E-05
 6.00768   -0.285180E-04    0.343864E-04   -0.864403E-05
 6.02570   -0.282907E-04    0.341473E-04   -0.843267E-05
 6.04373   -0.280650E-04    0.339098E-04   -0.822372E-05
 6.06175   -0.278408E-04    0.336743E-04   -0.801714E-05
 6.07978   -0.276182E-04    0.334403E-04   -0.781293E-05
 6.09781   -0.273972E-04    0.332082E-04   -0.761103E-05
 6.11583   -0.271778E-04    0.329777E-04   -0.741148E-05
 6.13386   -0.269599E-04    0.327489E-04   -0.721424E-05
 6.15188   -0.267437E-04    0.325218E-04   -0.701929E-05
 6.16991   -0.265291E-04    0.322965E-04   -0.682663E-05
 6.18794   -0.263162E-04    0.320728E-04   -0.663623E-05
 6.20596   -0.261049E-04    0.318507E-04   -0.644808E-05
 6.22399   -0.258952E-04    0.316305E-04   -0.626216E-05
 6.24201   -0.256873E-04    0.314121E-04   -0.607846E-05
 6.26004   -0.254809E-04    0.311952E-04   -0.589695E-05
 6.27807   -0.252763E-04    0.309800E-04   -0.571762E-05
 6.29609   -0.250734E-04    0.307664E-04   -0.554044E-05
 6.31412   -0.248721E-04    0.305546E-04   -0.536541E-05
 6.33214   -0.246725E-04    0.303444E-04   -0.519251E-05
 6.35017   -0.244746E-04    0.301357E-04   -0.502173E-05
 6.36820   -0.242784E-04    0.299289E-04   -0.485303E-05
 6.38622   -0.240839E-04    0.297238E-04   -0.468641E-05
 6.40425   -0.238911E-04    0.295203E-04   -0.452185E-05
 6.42227   -0.236999E-04    0.293184E-04   -0.435932E-05
 6.44030   -0.235105E-04    0.291181E-04   -0.419882E-05
 6.45833   -0.233227E-04    0.289193E-04   -0.404033E-05
 6.47635   -0.231366E-04    0.287222E-04   -0.388382E-05
 6.49438   -0.229522E-04    0.285268E-04   -0.372926E-05
 6.51240   -0.227694E-04    0.283330E-04   -0.357667E-05
 6.53043   -0.225884E-04    0.281407E-04   -0.342601E-05
 6.54846   -0.224089E-04    0.279499E-04   -0.327727E-05
 6.56648   -0.222312E-04    0.277607E-04   -0.313043E-05
 6.58451   -0.220551E-04    0.275732E-04   -0.298546E-05
 6.60254   -0.218806E-04    0.273871E-04   -0.284235E-05
 6.62056   -0.217078E-04    0.272026E-04   -0.270107E-05
 6.63859   -0.215366E-04    0.270196E-04   -0.256164E-05
 6.65661   -0.213670E-04    0.268382E-04   -0.242401E-05
 6.67464   -0.211991E-04    0.266582E-04   -0.228817E-05
 6.69267   -0.210327E-04    0.264795E-04   -0.215412E-05
 6.71069   -0.208679E-04    0.263026E-04   -0.202180E-05
 6.72872   -0.207048E-04    0.261272E-04   -0.189124E-05
 6.74674   -0.205432E-04    0.259533E-04   -0.176238E-05
 6.76477   -0.203832E-04    0.257807E-04   -0.163523E-05
 6.78280   -0.202247E-04    0.256096E-04   -0.150977E-05
 6.80082   -0.200678E-04    0.254399E-04   -0.138597E-05
 6.81885   -0.199124E-04    0.252716E-04   -0.126382E-05
 6.83687   -0.197586E-04    0.251047E-04   -0.114331E-05
 6.85490   -0.196063E-04    0.249392E-04   -0.102441E-05
 6.87293   -0.194554E-04    0.247751E-04   -0.907103E-06
 6.89095   -0.193061E-04    0.246124E-04   -0.791380E-06
 6.90898   -0.191582E-04    0.244510E-04   -0.677213E-06
 6.92700   -0.190118E-04    0.242910E-04   -0.564589E-06
 6.94503   -0.188668E-04    0.241323E-04   -0.453495E-06
 6.96306   -0.187233E-04    0.239749E-04   -0.343918E-06
 6.98108   -0.185812E-04    0.238189E-04   -0.235804E-06
 6.99911   -0.184405E-04    0.236642E-04   -0.129182E-06
 7.01713   -0.183011E-04    0.235107E-04   -0.240283E-07
 7.03516   -0.181632E-04    0.233585E-04    0.796905E-07
 7.05319   -0.180266E-04    0.232076E-04    0.181985E-06
 7.07121   -0.178913E-04    0.230580E-04    0.282880E-06
 7.08924   -0.177574E-04    0.229096E-04    0.382376E-06
 7.10726   -0.176248E-04    0.227624E-04    0.480498E-06
 7.12529   -0.174935E-04    0.226164E-04    0.577250E-06
 7.14332   -0.173635E-04    0.224717E-04    0.672677E-06
 7.16134   -0.172347E-04    0.223280E-04    0.766801E-06
 7.17937   -0.171072E-04    0.221856E-04    0.859570E-06
 7.19739   -0.169810E-04    0.220444E-04    0.951078E-06
 7.21542   -0.168559E-04    0.219043E-04    0.104130E-05
 7.23345   -0.167321E-04    0.217654E-04    0.113026E-05
 7.25147   -0.166095E-04    0.216276E-04    0.121798E-05
 7.26950   -0.164880E-04    0.214909E-04    0.130447E-05
 7.28753   -0.163678E-04    0.213553E-04    0.138974E-05
 7.30555   -0.162487E-04    0.212208E-04    0.147381E-05
 7.32358   -0.161307E-04    0.210874E-04    0.155669E-05
 7.34160   -0.160138E-04    0.209551E-04    0.163839E-05
 7.35963   -0.158981E-04    0.208239E-04    0.171894E-05
 7.37766   -0.157835E-04    0.206937E-04    0.179835E-05
 7.39568   -0.156700E-04    0.205645E-04    0.187661E-05
 7.41371   -0.155575E-04    0.204364E-04    0.195376E-05
 7.43173   -0.154462E-04    0.203093E-04    0.202982E-05
 7.44976   -0.153359E-04    0.201833E-04    0.210478E-05
 7.46779   -0.152266E-04    0.200582E-04    0.217865E-05
 7.48581   -0.151184E-04    0.199341E-04    0.225147E-05
 7.50384   -0.150111E-04    0.198111E-04    0.232322E-05
 7.52186   -0.149049E-04    0.196890E-04    0.239394E-05
 7.53989   -0.147998E-04    0.195678E-04    0.246363E-05
 7.55792   -0.146956E-04    0.194477E-04    0.253225E-05
 7.57594   -0.145924E-04    0.193285E-04    0.259997E-05
 7.59397   -0.144901E-04    0.192102E-04    0.266664E-05
 7.61199   -0.143889E-04    0.190929E-04    0.273234E-05
 7.63002   -0.142885E-04    0.189764E-04    0.279706E-05
 7.64805   -0.141892E-04    0.188610E-04    0.286082E-05
 7.66607   -0.140907E-04    0.187464E-04    0.292363E-05
 7.68410   -0.139932E-04    0.186327E-04    0.298551E-05
 7.70212   -0.138966E-04    0.185199E-04    0.304646E-05
 7.72015   -0.138009E-04    0.184080E-04    0.310649E-05
 7.73818   -0.137061E-04    0.182969E-04    0.316562E-05
 7.75620   -0.136122E-04    0.181868E-04    0.322382E-05
 7.77423   -0.135192E-04    0.180775E-04    0.328121E-05
 7.79225   -0.134270E-04    0.179691E-04    0.333769E-05
 7.81028   -0.133357E-04    0.178615E-04    0.339331E-05
 7.82831   -0.132452E-04    0.177547E-04    0.344807E-05
 7.84633   -0.131556E-04    0.176488E-04    0.350201E-05
 7.86436   -0.130668E-04    0.175437E-04    0.355511E-05
 7.88238   -0.129788E-04    0.174394E-04    0.360738E-05
 7.90041   -0.128917E-04    0.173359E-04    0.365884E-05
 7.91844   -0.128053E-04    0.172332E-04    0.370950E-05
 7.93646   -0.127197E-04    0.171312E-04    0.375938E-05
 7.95449   -0.126349E-04    0.170301E-04    0.380848E-05
 7.97252   -0.125509E-04    0.169297E-04    0.385680E-05
 7.99054   -0.124676E-04    0.168301E-04    0.390437E-05
 8.00857   -0.123851E-04    0.167313E-04    0.395117E-05
 8.02659   -0.123033E-04    0.166332E-04    0.399724E-05
 8.04462   -0.122223E-04    0.165358E-04    0.404258E-05
 8.06265   -0.121420E-04    0.164392E-04    0.408719E-05
 8.08067   -0.120623E-04    0.163433E-04    0.413109E-05
 8.09870   -0.119834E-04    0.162481E-04    0.417426E-05
 8.11672   -0.119052E-04    0.161536E-04    0.421677E-05
 8.13475   -0.118277E-04    0.160599E-04    0.425859E-05
 8.15278   -0.117508E-04    0.159668E-04    0.429972E-05
 8.17080   -0.116746E-04    0.158744E-04    0.434018E-05
 8.18883   -0.115991E-04    0.157827E-04    0.438000E-05
 8.20685   -0.115242E-04    0.156917E-04    0.441916E-05
 8.22488   -0.114499E-04    0.156013E-04    0.445770E-05
 8.24291   -0.113763E-04    0.155116E-04    0.449560E-05
 8.26093   -0.113033E-04    0.154225E-04    0.453288E-05
 8.27896   -0.112309E-04    0.153341E-04    0.456954E-05
 8.29698   -0.111590E-04    0.152463E-04    0.460558E-05
 8.31501   -0.110878E-04    0.151592E-04    0.464106E-05
 8.33304   -0.110171E-04    0.150726E-04    0.467593E-05
 8.35106   -0.109470E-04    0.149867E-04    0.471022E-05
 8.36909   -0.108775E-04    0.149014E-04    0.474394E-05
 8.38711   -0.108085E-04    0.148167E-04    0.477710E-05
 8.40514   -0.107400E-04    0.147325E-04    0.480970E-05
 8.42317   -0.106721E-04    0.146490E-04    0.484172E-05
 8.44119   -0.106047E-04    0.145660E-04    0.487328E-05
 8.45922   -0.105378E-04    0.144836E-04    0.490426E-05
 8.47724   -0.104714E-04    0.144018E-04    0.493472E-05
 8.49527   -0.104055E-04    0.143205E-04    0.496467E-05
 8.51330   -0.103401E-04    0.142398E-04    0.499410E-05
 8.53132   -0.102752E-04    0.141596E-04    0.502303E-05
 8.54935   -0.102107E-04    0.140799E-04    0.505146E-05
 8.56737   -0.101467E-04    0.140008E-04    0.507939E-05
 8.58540   -0.100832E-04    0.139223E-04    0.510684E-05
 8.60343   -0.100201E-04    0.138442E-04    0.513381E-05
 8.62145   -0.995755E-05    0.137667E-04    0.516032E-05
 8.63948   -0.989540E-05    0.136897E-04    0.518635E-05
 8.65751   -0.983370E-05    0.136132E-04    0.521192E-05
 8.67553   -0.977245E-05    0.135372E-04    0.523702E-05
 8.69356   -0.971164E-05    0.134617E-04    0.526170E-05
 8.71158   -0.965127E-05    0.133868E-04    0.528591E-05
 8.72961   -0.959135E-05    0.133123E-04    0.530966E-05
 8.74764   -0.953186E-05    0.132384E-04    0.533299E-05
 8.76566   -0.947281E-05    0.131649E-04    0.535591E-05
 8.78369   -0.941420E-05    0.130919E-04    0.537833E-05
 8.80171   -0.935603E-05    0.130194E-04    0.540037E-05
 8.81974   -0.929829E-05    0.129475E-04    0.542197E-05
 8.83777   -0.924099E-05    0.128760E-04    0.544322E-05
 8.85579   -0.918413E-05    0.128049E-04    0.546396E-05
 8.87382   -0.912771E-05    0.127344E-04    0.548432E-05
 8.89184   -0.907172E-05    0.126644E-04    0.550433E-05
 8.90987   -0.901617E-05    0.125948E-04    0.552387E-05
 8.92790   -0.896106E-05    0.125257E-04    0.554301E-05
 8.94592   -0.890639E-05    0.124571E-04    0.556176E-05
 8.96395   -0.885215E-05    0.123889E-04    0.558008E-05
 8.98197   -0.879836E-05    0.123213E-04    0.559807E-05
 9.00000   -0.874499E-05    0.122541E-04    0.561562E-05
