 0.00500    0.770571E-01   -0.370762E-01    0.265409E-01
 0.02303    0.634898E-01   -0.302941E-01    0.214556E-01
 0.04105    0.554815E-01   -0.262921E-01    0.184578E-01
 0.05908    0.496263E-01   -0.233674E-01    0.162693E-01
 0.07710    0.449982E-01   -0.210572E-01    0.145429E-01
 0.09513    0.411825E-01   -0.191538E-01    0.131227E-01
 0.11316    0.379493E-01   -0.175423E-01    0.119223E-01
 0.13118    0.351570E-01   -0.161517E-01    0.108885E-01
 0.14921    0.327108E-01   -0.149346E-01    0.998543E-02
 0.16723    0.305441E-01   -0.138577E-01    0.918809E-02
 0.18526    0.286081E-01   -0.128964E-01    0.847801E-02
 0.20329    0.268652E-01   -0.120321E-01    0.784111E-02
 0.22131    0.252868E-01   -0.112502E-01    0.726646E-02
 0.23934    0.238498E-01   -0.105393E-01    0.674539E-02
 0.25736    0.225356E-01   -0.989004E-02    0.627087E-02
 0.27539    0.213291E-01   -0.929480E-02    0.583712E-02
 0.29342    0.202176E-01   -0.874725E-02    0.543936E-02
 0.31144    0.191904E-01   -0.824202E-02    0.507353E-02
 0.32947    0.182385E-01   -0.777454E-02    0.473618E-02
 0.34749    0.173541E-01   -0.734096E-02    0.442439E-02
 0.36552    0.165307E-01   -0.693792E-02    0.413561E-02
 0.38355    0.157623E-01   -0.656253E-02    0.386766E-02
 0.40157    0.150439E-01   -0.621223E-02    0.361859E-02
 0.41960    0.143711E-01   -0.588476E-02    0.338670E-02
 0.43763    0.137398E-01   -0.557814E-02    0.317048E-02
 0.45565    0.131467E-01   -0.529064E-02    0.296862E-02
 0.47368    0.125886E-01   -0.502068E-02    0.277992E-02
 0.49170    0.120628E-01   -0.476688E-02    0.260332E-02
 0.50973    0.115667E-01   -0.452796E-02    0.243788E-02
 0.52776    0.110980E-01   -0.430280E-02    0.228272E-02
 0.54578    0.106549E-01   -0.409039E-02    0.213707E-02
 0.56381    0.102353E-01   -0.388980E-02    0.200026E-02
 0.58183    0.983776E-02   -0.370018E-02    0.187161E-02
 0.59986    0.946061E-02   -0.352077E-02    0.175055E-02
 0.61789    0.910251E-02   -0.335087E-02    0.163656E-02
 0.63591    0.876220E-02   -0.318985E-02    0.152915E-02
 0.65394    0.843853E-02   -0.303713E-02    0.142788E-02
 0.67196    0.813042E-02   -0.289217E-02    0.133235E-02
 0.68999    0.783689E-02   -0.275447E-02    0.124217E-02
 0.70802    0.755705E-02   -0.262359E-02    0.115700E-02
 0.72604    0.729006E-02   -0.249910E-02    0.107653E-02
 0.74407    0.703518E-02   -0.238062E-02    0.100046E-02
 0.76209    0.679168E-02   -0.226780E-02    0.928529E-03
 0.78012    0.655890E-02   -0.216030E-02    0.860485E-03
 0.79815    0.633624E-02   -0.205782E-02    0.796091E-03
 0.81617    0.612313E-02   -0.196007E-02    0.735131E-03
 0.83420    0.591904E-02   -0.186679E-02    0.677407E-03
 0.85222    0.572349E-02   -0.177772E-02    0.622731E-03
 0.87025    0.553602E-02   -0.169265E-02    0.570931E-03
 0.88828    0.535620E-02   -0.161135E-02    0.521845E-03
 0.90630    0.518364E-02   -0.153363E-02    0.475323E-03
 0.92433    0.501796E-02   -0.145931E-02    0.431220E-03
 0.94235    0.485882E-02   -0.138819E-02    0.389407E-03
 0.96038    0.470589E-02   -0.132013E-02    0.349760E-03
 0.97841    0.455887E-02   -0.125497E-02    0.312163E-03
 0.99643    0.441747E-02   -0.119256E-02    0.276509E-03
 1.01446    0.428142E-02   -0.113277E-02    0.242697E-03
 1.03248    0.415047E-02   -0.107548E-02    0.210629E-03
 1.05051    0.402437E-02   -0.102055E-02    0.180217E-03
 1.06854    0.390292E-02   -0.967880E-03    0.151376E-03
 1.08656    0.378588E-02   -0.917365E-03    0.124025E-03
 1.10459    0.367307E-02   -0.868905E-03    0.980896E-04
 1.12262    0.356429E-02   -0.822405E-03    0.735000E-04
 1.14064    0.345936E-02   -0.777769E-03    0.501895E-04
 1.15867    0.335813E-02   -0.734922E-03    0.280959E-04
 1.17669    0.326043E-02   -0.693782E-03    0.715990E-05
 1.19472    0.316611E-02   -0.654273E-03   -0.126740E-04
 1.21275    0.307503E-02   -0.616323E-03   -0.314595E-04
 1.23077    0.298705E-02   -0.579864E-03   -0.492467E-04
 1.24880    0.290205E-02   -0.544832E-03   -0.660836E-04
 1.26682    0.281989E-02   -0.511166E-03   -0.820155E-04
 1.28485    0.274047E-02   -0.478807E-03   -0.970845E-04
 1.30288    0.266368E-02   -0.447702E-03   -0.111331E-03
 1.32090    0.258940E-02   -0.417818E-03   -0.124793E-03
 1.33893    0.251756E-02   -0.389065E-03   -0.137507E-03
 1.35695    0.244804E-02   -0.361400E-03   -0.149507E-03
 1.37498    0.238076E-02   -0.334814E-03   -0.160826E-03
 1.39301    0.231563E-02   -0.309246E-03   -0.171496E-03
 1.41103    0.225258E-02   -0.284654E-03   -0.181544E-03
 1.42906    0.219151E-02   -0.261000E-03   -0.191000E-03
 1.44708    0.213237E-02   -0.238248E-03   -0.199891E-03
 1.46511    0.207506E-02   -0.216360E-03   -0.208243E-03
 1.48314    0.201955E-02   -0.195305E-03   -0.216078E-03
 1.50116    0.196575E-02   -0.175050E-03   -0.223422E-03
 1.51919    0.191360E-02   -0.155564E-03   -0.230294E-03
 1.53721    0.186305E-02   -0.136818E-03   -0.236718E-03
 1.55524    0.181403E-02   -0.118784E-03   -0.242712E-03
 1.57327    0.176649E-02   -0.101434E-03   -0.248296E-03
 1.59129    0.172038E-02   -0.847423E-04   -0.253488E-03
 1.60932    0.167565E-02   -0.686855E-04   -0.258306E-03
 1.62734    0.163226E-02   -0.532401E-04   -0.262767E-03
 1.64537    0.159015E-02   -0.383831E-04   -0.266885E-03
 1.66340    0.154929E-02   -0.240937E-04   -0.270676E-03
 1.68142    0.150963E-02   -0.103512E-04   -0.274154E-03
 1.69945    0.147113E-02    0.286431E-05   -0.277333E-03
 1.71747    0.143375E-02    0.155717E-04   -0.280227E-03
 1.73550    0.139747E-02    0.277891E-04   -0.282847E-03
 1.75353    0.136223E-02    0.395339E-04   -0.285206E-03
 1.77155    0.132801E-02    0.508232E-04   -0.287316E-03
 1.78958    0.129477E-02    0.616727E-04   -0.289187E-03
 1.80761    0.126248E-02    0.720974E-04   -0.290830E-03
 1.82563    0.123112E-02    0.821124E-04   -0.292255E-03
 1.84366    0.120065E-02    0.917314E-04   -0.293471E-03
 1.86168    0.117104E-02    0.100968E-03   -0.294487E-03
 1.87971    0.114228E-02    0.109835E-03   -0.295314E-03
 1.89774    0.111432E-02    0.118344E-03   -0.295957E-03
 1.91576    0.108716E-02    0.126509E-03   -0.296425E-03
 1.93379    0.106077E-02    0.134339E-03   -0.296725E-03
 1.95181    0.103511E-02    0.141847E-03   -0.296866E-03
 1.96984    0.101018E-02    0.149041E-03   -0.296854E-03
 1.98787    0.985949E-03    0.155934E-03   -0.296695E-03
 2.00589    0.962398E-03    0.162533E-03   -0.296396E-03
 2.02392    0.939507E-03    0.168848E-03   -0.295962E-03
 2.04194    0.917260E-03    0.174889E-03   -0.295400E-03
 2.05997    0.895638E-03    0.180663E-03   -0.294713E-03
 2.07800    0.874623E-03    0.186178E-03   -0.293909E-03
 2.09602    0.854202E-03    0.191443E-03   -0.292991E-03
 2.11405    0.834358E-03    0.196464E-03   -0.291964E-03
 2.13207    0.815075E-03    0.201248E-03   -0.290833E-03
 2.15010    0.796340E-03    0.205802E-03   -0.289600E-03
 2.16813    0.778140E-03    0.210133E-03   -0.288271E-03
 2.18615    0.760462E-03    0.214245E-03   -0.286848E-03
 2.20418    0.743293E-03    0.218145E-03   -0.285336E-03
 2.22220    0.726624E-03    0.221839E-03   -0.283737E-03
 2.24023    0.710441E-03    0.225331E-03   -0.282054E-03
 2.25826    0.694737E-03    0.228625E-03   -0.280289E-03
 2.27628    0.679501E-03    0.231727E-03   -0.278446E-03
 2.29431    0.664723E-03    0.234640E-03   -0.276526E-03
 2.31233    0.650396E-03    0.237368E-03   -0.274531E-03
 2.33036    0.636511E-03    0.239915E-03   -0.272463E-03
 2.34839    0.623061E-03    0.242284E-03   -0.270325E-03
 2.36641    0.610039E-03    0.244479E-03   -0.268117E-03
 2.38444    0.597438E-03    0.246502E-03   -0.265840E-03
 2.40246    0.585251E-03    0.248356E-03   -0.263497E-03
 2.42049    0.573473E-03    0.250043E-03   -0.261088E-03
 2.43852    0.562098E-03    0.251567E-03   -0.258614E-03
 2.45654    0.551120E-03    0.252929E-03   -0.256076E-03
 2.47457    0.540534E-03    0.254132E-03   -0.253475E-03
 2.49260    0.530337E-03    0.255177E-03   -0.250812E-03
 2.51062    0.520524E-03    0.256066E-03   -0.248086E-03
 2.52865    0.511090E-03    0.256802E-03   -0.245299E-03
 2.54667    0.502030E-03    0.257385E-03   -0.242452E-03
 2.56470    0.493340E-03    0.257819E-03   -0.239544E-03
 2.58273    0.485012E-03    0.258104E-03   -0.236577E-03
 2.60075    0.477046E-03    0.258244E-03   -0.233551E-03
 2.61878    0.469436E-03    0.258239E-03   -0.230466E-03
 2.63680    0.462176E-03    0.258092E-03   -0.227325E-03
 2.65483    0.455260E-03    0.257806E-03   -0.224127E-03
 2.67286    0.448683E-03    0.257383E-03   -0.220874E-03
 2.69088    0.442439E-03    0.256826E-03   -0.217567E-03
 2.70891    0.436519E-03    0.256137E-03   -0.214208E-03
 2.72693    0.430917E-03    0.255320E-03   -0.210798E-03
 2.74496    0.425625E-03    0.254380E-03   -0.207339E-03
 2.76299    0.420634E-03    0.253320E-03   -0.203834E-03
 2.78101    0.415933E-03    0.252144E-03   -0.200286E-03
 2.79904    0.411512E-03    0.250857E-03   -0.196696E-03
 2.81706    0.407358E-03    0.249466E-03   -0.193068E-03
 2.83509    0.403460E-03    0.247976E-03   -0.189406E-03
 2.85312    0.399804E-03    0.246392E-03   -0.185715E-03
 2.87114    0.396375E-03    0.244723E-03   -0.181997E-03
 2.88917    0.393158E-03    0.242975E-03   -0.178259E-03
 2.90719    0.390136E-03    0.241156E-03   -0.174505E-03
 2.92522    0.387291E-03    0.239276E-03   -0.170740E-03
 2.94325    0.384605E-03    0.237341E-03   -0.166971E-03
 2.96127    0.382059E-03    0.235363E-03   -0.163203E-03
 2.97930    0.379632E-03    0.233350E-03   -0.159444E-03
 2.99732    0.377303E-03    0.231312E-03   -0.155699E-03
 3.01535    0.375051E-03    0.229260E-03   -0.151976E-03
 3.03338    0.372854E-03    0.227205E-03   -0.148281E-03
 3.05140    0.370690E-03    0.225156E-03   -0.144623E-03
 3.06943    0.368536E-03    0.223127E-03   -0.141009E-03
 3.08745    0.366367E-03    0.221126E-03   -0.137446E-03
 3.10548    0.364163E-03    0.219166E-03   -0.133942E-03
 3.12351    0.361898E-03    0.217257E-03   -0.130505E-03
 3.14153    0.359553E-03    0.215410E-03   -0.127143E-03
 3.15956    0.357104E-03    0.213637E-03   -0.123860E-03
 3.17759    0.354530E-03    0.211946E-03   -0.120666E-03
 3.19561    0.351811E-03    0.210349E-03   -0.117567E-03
 3.21364    0.348927E-03    0.208853E-03   -0.114570E-03
 3.23166    0.345860E-03    0.207469E-03   -0.111681E-03
 3.24969    0.342593E-03    0.206205E-03   -0.108904E-03
 3.26772    0.339109E-03    0.205068E-03   -0.106246E-03
 3.28574    0.335396E-03    0.204065E-03   -0.103710E-03
 3.30377    0.331439E-03    0.203201E-03   -0.101302E-03
 3.32179    0.327229E-03    0.202482E-03   -0.990283E-04
 3.33982    0.322756E-03    0.201913E-03   -0.968825E-04
 3.35785    0.318014E-03    0.201497E-03   -0.948666E-04
 3.37587    0.313003E-03    0.201234E-03   -0.929969E-04
 3.39390    0.307705E-03    0.201128E-03   -0.912586E-04
 3.41192    0.302131E-03    0.201178E-03   -0.896573E-04
 3.42995    0.296281E-03    0.201384E-03   -0.881922E-04
 3.44798    0.290155E-03    0.201745E-03   -0.868609E-04
 3.46600    0.283759E-03    0.202257E-03   -0.856620E-04
 3.48403    0.277099E-03    0.202917E-03   -0.845930E-04
 3.50205    0.270184E-03    0.203722E-03   -0.836499E-04
 3.52008    0.263021E-03    0.204667E-03   -0.828286E-04
 3.53811    0.255626E-03    0.205743E-03   -0.821208E-04
 3.55613    0.248010E-03    0.206947E-03   -0.815294E-04
 3.57416    0.240187E-03    0.208269E-03   -0.810449E-04
 3.59218    0.232175E-03    0.209703E-03   -0.806612E-04
 3.61021    0.223986E-03    0.211240E-03   -0.803715E-04
 3.62824    0.215642E-03    0.212872E-03   -0.801696E-04
 3.64626    0.207159E-03    0.214588E-03   -0.800489E-04
 3.66429    0.198556E-03    0.216380E-03   -0.800015E-04
 3.68231    0.189853E-03    0.218238E-03   -0.800205E-04
 3.70034    0.181068E-03    0.220153E-03   -0.800988E-04
 3.71837    0.172222E-03    0.222114E-03   -0.802290E-04
 3.73639    0.163334E-03    0.224112E-03   -0.804037E-04
 3.75442    0.154424E-03    0.226137E-03   -0.806155E-04
 3.77244    0.145511E-03    0.228179E-03   -0.808574E-04
 3.79047    0.136613E-03    0.230230E-03   -0.811224E-04
 3.80850    0.127750E-03    0.232280E-03   -0.814036E-04
 3.82652    0.118939E-03    0.234318E-03   -0.816944E-04
 3.84455    0.110196E-03    0.236339E-03   -0.819889E-04
 3.86258    0.101538E-03    0.238335E-03   -0.822806E-04
 3.88060    0.929800E-04    0.240296E-03   -0.825641E-04
 3.89863    0.845364E-04    0.242217E-03   -0.828343E-04
 3.91665    0.762207E-04    0.244088E-03   -0.830860E-04
 3.93468    0.680454E-04    0.245906E-03   -0.833149E-04
 3.95271    0.600255E-04    0.247665E-03   -0.835163E-04
 3.97073    0.521610E-04    0.249358E-03   -0.836867E-04
 3.98876    0.444719E-04    0.250982E-03   -0.838227E-04
 4.00678    0.369630E-04    0.252533E-03   -0.839207E-04
 4.02481    0.296417E-04    0.254005E-03   -0.839785E-04
 4.04284    0.225144E-04    0.255397E-03   -0.839936E-04
 4.06086    0.155864E-04    0.256706E-03   -0.839641E-04
 4.07889    0.886209E-05    0.257930E-03   -0.838882E-04
 4.09691    0.234517E-05    0.259067E-03   -0.837646E-04
 4.11494   -0.396198E-05    0.260115E-03   -0.835925E-04
 4.13297   -0.100574E-04    0.261073E-03   -0.833711E-04
 4.15099   -0.159400E-04    0.261942E-03   -0.831002E-04
 4.16902   -0.216095E-04    0.262721E-03   -0.827794E-04
 4.18704   -0.270662E-04    0.263410E-03   -0.824088E-04
 4.20507   -0.323109E-04    0.264009E-03   -0.819889E-04
 4.22310   -0.373456E-04    0.264520E-03   -0.815200E-04
 4.24112   -0.421721E-04    0.264943E-03   -0.810031E-04
 4.25915   -0.467932E-04    0.265279E-03   -0.804388E-04
 4.27717   -0.512118E-04    0.265531E-03   -0.798282E-04
 4.29520   -0.554317E-04    0.265699E-03   -0.791729E-04
 4.31323   -0.594569E-04    0.265787E-03   -0.784738E-04
 4.33125   -0.632905E-04    0.265795E-03   -0.777325E-04
 4.34928   -0.669381E-04    0.265725E-03   -0.769504E-04
 4.36730   -0.704036E-04    0.265582E-03   -0.761293E-04
 4.38533   -0.736919E-04    0.265365E-03   -0.752705E-04
 4.40336   -0.768078E-04    0.265078E-03   -0.743762E-04
 4.42138   -0.797566E-04    0.264724E-03   -0.734476E-04
 4.43941   -0.825437E-04    0.264304E-03   -0.724868E-04
 4.45743   -0.851735E-04    0.263822E-03   -0.714952E-04
 4.47546   -0.876516E-04    0.263279E-03   -0.704750E-04
 4.49349   -0.899834E-04    0.262679E-03   -0.694275E-04
 4.51151   -0.921742E-04    0.262024E-03   -0.683547E-04
 4.52954   -0.942291E-04    0.261316E-03   -0.672618E-04
 4.54757   -0.961531E-04    0.260558E-03   -0.661406E-04
 4.56559   -0.979515E-04    0.259752E-03   -0.650056E-04
 4.58362   -0.996291E-04    0.258902E-03   -0.638486E-04
 4.60164   -0.101191E-03    0.258008E-03   -0.626749E-04
 4.61967   -0.102642E-03    0.257074E-03   -0.614861E-04
 4.63770   -0.103987E-03    0.256101E-03   -0.602799E-04
 4.65572   -0.105230E-03    0.255092E-03   -0.590648E-04
 4.67375   -0.106375E-03    0.254050E-03   -0.578387E-04
 4.69177   -0.107428E-03    0.252975E-03   -0.566030E-04
 4.70980   -0.108392E-03    0.251870E-03   -0.553592E-04
 4.72783   -0.109272E-03    0.250738E-03   -0.541083E-04
 4.74585   -0.110070E-03    0.249579E-03   -0.528518E-04
 4.76388   -0.110792E-03    0.248396E-03   -0.515906E-04
 4.78190   -0.111441E-03    0.247190E-03   -0.503260E-04
 4.79993   -0.112020E-03    0.245963E-03   -0.490592E-04
 4.81796   -0.112533E-03    0.244717E-03   -0.477908E-04
 4.83598   -0.112982E-03    0.243452E-03   -0.465220E-04
 4.85401   -0.113372E-03    0.242172E-03   -0.452536E-04
 4.87203   -0.113705E-03    0.240876E-03   -0.439867E-04
 4.89006   -0.113984E-03    0.239566E-03   -0.427218E-04
 4.90809   -0.114211E-03    0.238244E-03   -0.414599E-04
 4.92611   -0.114390E-03    0.236910E-03   -0.402016E-04
 4.94414   -0.114522E-03    0.235567E-03   -0.389475E-04
 4.96216   -0.114611E-03    0.234214E-03   -0.376986E-04
 4.98019   -0.114659E-03    0.232853E-03   -0.364551E-04
 4.99822   -0.114667E-03    0.231486E-03   -0.352177E-04
 5.01624   -0.114637E-03    0.230112E-03   -0.339869E-04
 5.03427   -0.114573E-03    0.228733E-03   -0.327633E-04
 5.05229   -0.114475E-03    0.227349E-03   -0.315473E-04
 5.07032   -0.114346E-03    0.225962E-03   -0.303392E-04
 5.08835   -0.114187E-03    0.224572E-03   -0.291395E-04
 5.10637   -0.114000E-03    0.223180E-03   -0.279487E-04
 5.12440   -0.113786E-03    0.221786E-03   -0.267667E-04
 5.14242   -0.113547E-03    0.220391E-03   -0.255941E-04
 5.16045   -0.113284E-03    0.218996E-03   -0.244315E-04
 5.17848   -0.112999E-03    0.217601E-03   -0.232784E-04
 5.19650   -0.112693E-03    0.216207E-03   -0.221355E-04
 5.21453   -0.112366E-03    0.214815E-03   -0.210028E-04
 5.23256   -0.112021E-03    0.213424E-03   -0.198806E-04
 5.25058   -0.111659E-03    0.212035E-03   -0.187692E-04
 5.26861   -0.111280E-03    0.210649E-03   -0.176684E-04
 5.28663   -0.110885E-03    0.209266E-03   -0.165787E-04
 5.30466   -0.110475E-03    0.207886E-03   -0.155000E-04
 5.32269   -0.110052E-03    0.206510E-03   -0.144324E-04
 5.34071   -0.109615E-03    0.205138E-03   -0.133759E-04
 5.35874   -0.109167E-03    0.203770E-03   -0.123310E-04
 5.37676   -0.108707E-03    0.202407E-03   -0.112973E-04
 5.39479   -0.108237E-03    0.201049E-03   -0.102749E-04
 5.41282   -0.107757E-03    0.199696E-03   -0.926401E-05
 5.43084   -0.107267E-03    0.198348E-03   -0.826456E-05
 5.44887   -0.106769E-03    0.197006E-03   -0.727655E-05
 5.46689   -0.106263E-03    0.195670E-03   -0.630008E-05
 5.48492   -0.105750E-03    0.194340E-03   -0.533518E-05
 5.50295   -0.105229E-03    0.193016E-03   -0.438181E-05
 5.52097   -0.104702E-03    0.191698E-03   -0.344003E-05
 5.53900   -0.104170E-03    0.190387E-03   -0.250988E-05
 5.55702   -0.103632E-03    0.189082E-03   -0.159136E-05
 5.57505   -0.103088E-03    0.187784E-03   -0.684477E-06
 5.59308   -0.102541E-03    0.186493E-03    0.210643E-06
 5.61110   -0.101989E-03    0.185209E-03    0.109405E-05
 5.62913   -0.101434E-03    0.183932E-03    0.196583E-05
 5.64715   -0.100875E-03    0.182662E-03    0.282580E-05
 5.66518   -0.100313E-03    0.181400E-03    0.367402E-05
 5.68321   -0.997481E-04    0.180144E-03    0.451044E-05
 5.70123   -0.991810E-04    0.178897E-03    0.533515E-05
 5.71926   -0.986118E-04    0.177656E-03    0.614810E-05
 5.73728   -0.980406E-04    0.176424E-03    0.694926E-05
 5.75531   -0.974680E-04    0.175198E-03    0.773879E-05
 5.77334   -0.968941E-04    0.173981E-03    0.851663E-05
 5.79136   -0.963192E-04    0.172771E-03    0.928286E-05
 5.80939   -0.957434E-04    0.171569E-03    0.100376E-04
 5.82741   -0.951671E-04    0.170374E-03    0.107808E-04
 5.84544   -0.945903E-04    0.169188E-03    0.115127E-04
 5.86347   -0.940135E-04    0.168009E-03    0.122333E-04
 5.88149   -0.934366E-04    0.166837E-03    0.129429E-04
 5.89952   -0.928601E-04    0.165674E-03    0.136414E-04
 5.91755   -0.922839E-04    0.164519E-03    0.143291E-04
 5.93557   -0.917083E-04    0.163371E-03    0.150061E-04
 5.95360   -0.911336E-04    0.162231E-03    0.156726E-04
 5.97162   -0.905598E-04    0.161100E-03    0.163286E-04
 5.98965   -0.899871E-04    0.159976E-03    0.169744E-04
 6.00768   -0.894157E-04    0.158860E-03    0.176101E-04
 6.02570   -0.888458E-04    0.157752E-03    0.182359E-04
 6.04373   -0.882774E-04    0.156651E-03    0.188518E-04
 6.06175   -0.877108E-04    0.155559E-03    0.194583E-04
 6.07978   -0.871461E-04    0.154475E-03    0.200551E-04
 6.09781   -0.865834E-04    0.153398E-03    0.206424E-04
 6.11583   -0.860229E-04    0.152330E-03    0.212206E-04
 6.13386   -0.854647E-04    0.151269E-03    0.217894E-04
 6.15188   -0.849089E-04    0.150217E-03    0.223493E-04
 6.16991   -0.843557E-04    0.149172E-03    0.229001E-04
 6.18794   -0.838052E-04    0.148135E-03    0.234420E-04
 6.20596   -0.832575E-04    0.147106E-03    0.239751E-04
 6.22399   -0.827127E-04    0.146085E-03    0.244994E-04
 6.24201   -0.821710E-04    0.145072E-03    0.250151E-04
 6.26004   -0.816325E-04    0.144067E-03    0.255220E-04
 6.27807   -0.810972E-04    0.143070E-03    0.260205E-04
 6.29609   -0.805653E-04    0.142081E-03    0.265104E-04
 6.31412   -0.800369E-04    0.141099E-03    0.269919E-04
 6.33214   -0.795120E-04    0.140125E-03    0.274649E-04
 6.35017   -0.789908E-04    0.139159E-03    0.279296E-04
 6.36820   -0.784733E-04    0.138201E-03    0.283860E-04
 6.38622   -0.779596E-04    0.137251E-03    0.288341E-04
 6.40425   -0.774498E-04    0.136308E-03    0.292741E-04
 6.42227   -0.769439E-04    0.135373E-03    0.297059E-04
 6.44030   -0.764420E-04    0.134446E-03    0.301297E-04
 6.45833   -0.759441E-04    0.133527E-03    0.305455E-04
 6.47635   -0.754503E-04    0.132615E-03    0.309533E-04
 6.49438   -0.749607E-04    0.131711E-03    0.313535E-04
 6.51240   -0.744752E-04    0.130815E-03    0.317458E-04
 6.53043   -0.739940E-04    0.129926E-03    0.321304E-04
 6.54846   -0.735169E-04    0.129044E-03    0.325075E-04
 6.56648   -0.730441E-04    0.128170E-03    0.328770E-04
 6.58451   -0.725754E-04    0.127304E-03    0.332391E-04
 6.60254   -0.721110E-04    0.126444E-03    0.335938E-04
 6.62056   -0.716508E-04    0.125592E-03    0.339413E-04
 6.63859   -0.711948E-04    0.124748E-03    0.342817E-04
 6.65661   -0.707430E-04    0.123910E-03    0.346150E-04
 6.67464   -0.702953E-04    0.123080E-03    0.349414E-04
 6.69267   -0.698516E-04    0.122256E-03    0.352610E-04
 6.71069   -0.694121E-04    0.121440E-03    0.355738E-04
 6.72872   -0.689765E-04    0.120630E-03    0.358799E-04
 6.74674   -0.685449E-04    0.119828E-03    0.361796E-04
 6.76477   -0.681171E-04    0.119032E-03    0.364727E-04
 6.78280   -0.676931E-04    0.118242E-03    0.367596E-04
 6.80082   -0.672729E-04    0.117460E-03    0.370403E-04
 6.81885   -0.668563E-04    0.116684E-03    0.373148E-04
 6.83687   -0.664433E-04    0.115914E-03    0.375833E-04
 6.85490   -0.660337E-04    0.115150E-03    0.378459E-04
 6.87293   -0.656276E-04    0.114393E-03    0.381027E-04
 6.89095   -0.652247E-04    0.113642E-03    0.383538E-04
 6.90898   -0.648251E-04    0.112897E-03    0.385993E-04
 6.92700   -0.644285E-04    0.112158E-03    0.388393E-04
 6.94503   -0.640350E-04    0.111425E-03    0.390739E-04
 6.96306   -0.636444E-04    0.110697E-03    0.393033E-04
 6.98108   -0.632567E-04    0.109976E-03    0.395274E-04
 6.99911   -0.628717E-04    0.109260E-03    0.397465E-04
 7.01713   -0.624893E-04    0.108549E-03    0.399605E-04
 7.03516   -0.621094E-04    0.107844E-03    0.401697E-04
 7.05319   -0.617320E-04    0.107145E-03    0.403741E-04
 7.07121   -0.613570E-04    0.106450E-03    0.405738E-04
 7.08924   -0.609843E-04    0.105761E-03    0.407687E-04
 7.10726   -0.606137E-04    0.105077E-03    0.409593E-04
 7.12529   -0.602452E-04    0.104398E-03    0.411453E-04
 7.14332   -0.598788E-04    0.103724E-03    0.413271E-04
 7.16134   -0.595142E-04    0.103055E-03    0.415045E-04
 7.17937   -0.591516E-04    0.102391E-03    0.416778E-04
 7.19739   -0.587907E-04    0.101731E-03    0.418470E-04
 7.21542   -0.584315E-04    0.101076E-03    0.420121E-04
 7.23345   -0.580740E-04    0.100426E-03    0.421733E-04
 7.25147   -0.577181E-04    0.997803E-04    0.423307E-04
 7.26950   -0.573638E-04    0.991391E-04    0.424842E-04
 7.28753   -0.570110E-04    0.985024E-04    0.426340E-04
 7.30555   -0.566596E-04    0.978700E-04    0.427802E-04
 7.32358   -0.563096E-04    0.972420E-04    0.429227E-04
 7.34160   -0.559611E-04    0.966182E-04    0.430617E-04
 7.35963   -0.556138E-04    0.959987E-04    0.431972E-04
 7.37766   -0.552679E-04    0.953833E-04    0.433294E-04
 7.39568   -0.549234E-04    0.947721E-04    0.434581E-04
 7.41371   -0.545801E-04    0.941650E-04    0.435836E-04
 7.43173   -0.542381E-04    0.935620E-04    0.437057E-04
 7.44976   -0.538974E-04    0.929630E-04    0.438247E-04
 7.46779   -0.535579E-04    0.923681E-04    0.439405E-04
 7.48581   -0.532197E-04    0.917770E-04    0.440531E-04
 7.50384   -0.528828E-04    0.911899E-04    0.441627E-04
 7.52186   -0.525472E-04    0.906068E-04    0.442693E-04
 7.53989   -0.522128E-04    0.900275E-04    0.443728E-04
 7.55792   -0.518797E-04    0.894521E-04    0.444734E-04
 7.57594   -0.515480E-04    0.888806E-04    0.445711E-04
 7.59397   -0.512175E-04    0.883129E-04    0.446659E-04
 7.61199   -0.508883E-04    0.877489E-04    0.447578E-04
 7.63002   -0.505605E-04    0.871890E-04    0.448469E-04
 7.64805   -0.502341E-04    0.866324E-04    0.449332E-04
 7.66607   -0.499091E-04    0.860798E-04    0.450168E-04
 7.68410   -0.495854E-04    0.855309E-04    0.450977E-04
 7.70212   -0.492632E-04    0.849857E-04    0.451758E-04
 7.72015   -0.489424E-04    0.844442E-04    0.452513E-04
 7.73818   -0.486231E-04    0.839063E-04    0.453242E-04
 7.75620   -0.483052E-04    0.833721E-04    0.453945E-04
 7.77423   -0.479889E-04    0.828416E-04    0.454622E-04
 7.79225   -0.476740E-04    0.823147E-04    0.455273E-04
 7.81028   -0.473608E-04    0.817914E-04    0.455900E-04
 7.82831   -0.470490E-04    0.812717E-04    0.456501E-04
 7.84633   -0.467389E-04    0.807556E-04    0.457077E-04
 7.86436   -0.464304E-04    0.802430E-04    0.457629E-04
 7.88238   -0.461235E-04    0.797340E-04    0.458157E-04
 7.90041   -0.458182E-04    0.792286E-04    0.458661E-04
 7.91844   -0.455146E-04    0.787267E-04    0.459142E-04
 7.93646   -0.452127E-04    0.782283E-04    0.459599E-04
 7.95449   -0.449125E-04    0.777334E-04    0.460033E-04
 7.97252   -0.446140E-04    0.772421E-04    0.460444E-04
 7.99054   -0.443172E-04    0.767540E-04    0.460833E-04
 8.00857   -0.440222E-04    0.762695E-04    0.461199E-04
 8.02659   -0.437289E-04    0.757884E-04    0.461543E-04
 8.04462   -0.434374E-04    0.753107E-04    0.461865E-04
 8.06265   -0.431476E-04    0.748364E-04    0.462166E-04
 8.08067   -0.428597E-04    0.743655E-04    0.462446E-04
 8.09870   -0.425735E-04    0.738980E-04    0.462704E-04
 8.11672   -0.422891E-04    0.734338E-04    0.462941E-04
 8.13475   -0.420066E-04    0.729729E-04    0.463158E-04
 8.15278   -0.417259E-04    0.725153E-04    0.463355E-04
 8.17080   -0.414469E-04    0.720610E-04    0.463531E-04
 8.18883   -0.411698E-04    0.716100E-04    0.463688E-04
 8.20685   -0.408946E-04    0.711623E-04    0.463825E-04
 8.22488   -0.406212E-04    0.707178E-04    0.463943E-04
 8.24291   -0.403496E-04    0.702765E-04    0.464041E-04
 8.26093   -0.400798E-04    0.698384E-04    0.464121E-04
 8.27896   -0.398119E-04    0.694034E-04    0.464182E-04
 8.29698   -0.395458E-04    0.689717E-04    0.464225E-04
 8.31501   -0.392816E-04    0.685430E-04    0.464249E-04
 8.33304   -0.390192E-04    0.681175E-04    0.464256E-04
 8.35106   -0.387587E-04    0.676951E-04    0.464245E-04
 8.36909   -0.385000E-04    0.672759E-04    0.464217E-04
 8.38711   -0.382432E-04    0.668596E-04    0.464171E-04
 8.40514   -0.379882E-04    0.664463E-04    0.464109E-04
 8.42317   -0.377350E-04    0.660361E-04    0.464029E-04
 8.44119   -0.374837E-04    0.656289E-04    0.463933E-04
 8.45922   -0.372342E-04    0.652247E-04    0.463821E-04
 8.47724   -0.369866E-04    0.648235E-04    0.463693E-04
 8.49527   -0.367408E-04    0.644252E-04    0.463549E-04
 8.51330   -0.364968E-04    0.640298E-04    0.463389E-04
 8.53132   -0.362547E-04    0.636374E-04    0.463213E-04
 8.54935   -0.360144E-04    0.632478E-04    0.463023E-04
 8.56737   -0.357759E-04    0.628612E-04    0.462816E-04
 8.58540   -0.355392E-04    0.624773E-04    0.462596E-04
 8.60343   -0.353044E-04    0.620963E-04    0.462361E-04
 8.62145   -0.350714E-04    0.617182E-04    0.462112E-04
 8.63948   -0.348401E-04    0.613428E-04    0.461848E-04
 8.65751   -0.346107E-04    0.609702E-04    0.461571E-04
 8.67553   -0.343831E-04    0.606003E-04    0.461279E-04
 8.69356   -0.341573E-04    0.602333E-04    0.460974E-04
 8.71158   -0.339333E-04    0.598690E-04    0.460656E-04
 8.72961   -0.337110E-04    0.595072E-04    0.460325E-04
 8.74764   -0.334905E-04    0.591483E-04    0.459980E-04
 8.76566   -0.332718E-04    0.587919E-04    0.459623E-04
 8.78369   -0.330548E-04    0.584383E-04    0.459253E-04
 8.80171   -0.328396E-04    0.580872E-04    0.458871E-04
 8.81974   -0.326262E-04    0.577388E-04    0.458476E-04
 8.83777   -0.324144E-04    0.573930E-04    0.458071E-04
 8.85579   -0.322044E-04    0.570497E-04    0.457653E-04
 8.87382   -0.319961E-04    0.567090E-04    0.457223E-04
 8.89184   -0.317895E-04    0.563708E-04    0.456782E-04
 8.90987   -0.315845E-04    0.560351E-04    0.456329E-04
 8.92790   -0.313813E-04    0.557019E-04    0.455866E-04
 8.94592   -0.311797E-04    0.553712E-04    0.455391E-04
 8.96395   -0.309798E-04    0.550429E-04    0.454905E-04
 8.98197   -0.307814E-04    0.547170E-04    0.454409E-04
 9.00000   -0.305848E-04    0.543936E-04    0.453903E-04
