 0.00500    0.674319E-01   -0.327669E-01    0.236787E-01
 0.01250    0.615930E-01   -0.298477E-01    0.214893E-01
 0.02000    0.573753E-01   -0.277393E-01    0.199079E-01
 0.02751    0.539831E-01   -0.260439E-01    0.186374E-01
 0.03501    0.511224E-01   -0.246139E-01    0.175657E-01
 0.04251    0.486377E-01   -0.233721E-01    0.166353E-01
 0.05001    0.464386E-01   -0.222730E-01    0.158119E-01
 0.05751    0.444641E-01   -0.212864E-01    0.150731E-01
 0.06502    0.426725E-01   -0.203914E-01    0.144031E-01
 0.07252    0.410332E-01   -0.195725E-01    0.137904E-01
 0.08002    0.395230E-01   -0.188183E-01    0.132261E-01
 0.08752    0.381239E-01   -0.181197E-01    0.127037E-01
 0.09503    0.368217E-01   -0.174696E-01    0.122177E-01
 0.10253    0.356047E-01   -0.168621E-01    0.117638E-01
 0.11003    0.344631E-01   -0.162924E-01    0.113383E-01
 0.11753    0.333889E-01   -0.157565E-01    0.109383E-01
 0.12503    0.323755E-01   -0.152510E-01    0.105612E-01
 0.13254    0.314172E-01   -0.147731E-01    0.102048E-01
 0.14004    0.305088E-01   -0.143202E-01    0.986719E-02
 0.14754    0.296462E-01   -0.138901E-01    0.954685E-02
 0.15504    0.288255E-01   -0.134812E-01    0.924234E-02
 0.16254    0.280435E-01   -0.130915E-01    0.895240E-02
 0.17005    0.272971E-01   -0.127198E-01    0.867592E-02
 0.17755    0.265839E-01   -0.123646E-01    0.841192E-02
 0.18505    0.259015E-01   -0.120248E-01    0.815955E-02
 0.19255    0.252477E-01   -0.116995E-01    0.791801E-02
 0.20005    0.246207E-01   -0.113875E-01    0.768656E-02
 0.20756    0.240187E-01   -0.110881E-01    0.746458E-02
 0.21506    0.234402E-01   -0.108005E-01    0.725146E-02
 0.22256    0.228838E-01   -0.105239E-01    0.704669E-02
 0.23006    0.223482E-01   -0.102577E-01    0.684977E-02
 0.23756    0.218323E-01   -0.100014E-01    0.666026E-02
 0.24507    0.213348E-01   -0.975439E-02    0.647775E-02
 0.25257    0.208549E-01   -0.951615E-02    0.630186E-02
 0.26007    0.203916E-01   -0.928622E-02    0.613224E-02
 0.26757    0.199440E-01   -0.906418E-02    0.596856E-02
 0.27508    0.195113E-01   -0.884962E-02    0.581053E-02
 0.28258    0.190929E-01   -0.864219E-02    0.565786E-02
 0.29008    0.186880E-01   -0.844154E-02    0.551030E-02
 0.29758    0.182959E-01   -0.824734E-02    0.536760E-02
 0.30508    0.179162E-01   -0.805930E-02    0.522955E-02
 0.31259    0.175481E-01   -0.787713E-02    0.509592E-02
 0.32009    0.171913E-01   -0.770058E-02    0.496652E-02
 0.32759    0.168451E-01   -0.752938E-02    0.484117E-02
 0.33509    0.165092E-01   -0.736332E-02    0.471967E-02
 0.34259    0.161830E-01   -0.720216E-02    0.460188E-02
 0.35010    0.158663E-01   -0.704572E-02    0.448763E-02
 0.35760    0.155586E-01   -0.689379E-02    0.437679E-02
 0.36510    0.152595E-01   -0.674619E-02    0.426921E-02
 0.37260    0.149687E-01   -0.660276E-02    0.416476E-02
 0.38010    0.146859E-01   -0.646333E-02    0.406333E-02
 0.38761    0.144108E-01   -0.632773E-02    0.396479E-02
 0.39511    0.141430E-01   -0.619584E-02    0.386903E-02
 0.40261    0.138824E-01   -0.606750E-02    0.377595E-02
 0.41011    0.136285E-01   -0.594259E-02    0.368545E-02
 0.41761    0.133813E-01   -0.582097E-02    0.359744E-02
 0.42512    0.131404E-01   -0.570254E-02    0.351182E-02
 0.43262    0.129056E-01   -0.558717E-02    0.342850E-02
 0.44012    0.126767E-01   -0.547476E-02    0.334741E-02
 0.44762    0.124535E-01   -0.536520E-02    0.326847E-02
 0.45513    0.122358E-01   -0.525840E-02    0.319160E-02
 0.46263    0.120235E-01   -0.515426E-02    0.311673E-02
 0.47013    0.118162E-01   -0.505269E-02    0.304380E-02
 0.47763    0.116139E-01   -0.495361E-02    0.297273E-02
 0.48513    0.114164E-01   -0.485694E-02    0.290348E-02
 0.49264    0.112236E-01   -0.476259E-02    0.283597E-02
 0.50014    0.110353E-01   -0.467050E-02    0.277016E-02
 0.50764    0.108513E-01   -0.458059E-02    0.270598E-02
 0.51514    0.106715E-01   -0.449278E-02    0.264339E-02
 0.52264    0.104958E-01   -0.440703E-02    0.258234E-02
 0.53015    0.103241E-01   -0.432325E-02    0.252277E-02
 0.53765    0.101562E-01   -0.424140E-02    0.246464E-02
 0.54515    0.999207E-02   -0.416141E-02    0.240792E-02
 0.55265    0.983152E-02   -0.408323E-02    0.235255E-02
 0.56015    0.967446E-02   -0.400680E-02    0.229849E-02
 0.56766    0.952081E-02   -0.393208E-02    0.224571E-02
 0.57516    0.937046E-02   -0.385901E-02    0.219417E-02
 0.58266    0.922331E-02   -0.378754E-02    0.214383E-02
 0.59016    0.907927E-02   -0.371762E-02    0.209465E-02
 0.59766    0.893826E-02   -0.364922E-02    0.204661E-02
 0.60517    0.880019E-02   -0.358229E-02    0.199967E-02
 0.61267    0.866497E-02   -0.351679E-02    0.195380E-02
 0.62017    0.853253E-02   -0.345268E-02    0.190897E-02
 0.62767    0.840279E-02   -0.338992E-02    0.186515E-02
 0.63518    0.827567E-02   -0.332847E-02    0.182231E-02
 0.64268    0.815112E-02   -0.326831E-02    0.178042E-02
 0.65018    0.802905E-02   -0.320938E-02    0.173946E-02
 0.65768    0.790940E-02   -0.315167E-02    0.169941E-02
 0.66518    0.779212E-02   -0.309514E-02    0.166024E-02
 0.67269    0.767712E-02   -0.303975E-02    0.162193E-02
 0.68019    0.756437E-02   -0.298585E-02    0.158444E-02
 0.68769    0.745380E-02   -0.293267E-02    0.154777E-02
 0.69519    0.734535E-02   -0.288019E-02    0.151189E-02
 0.70269    0.723897E-02   -0.282910E-02    0.147678E-02
 0.71020    0.713460E-02   -0.277903E-02    0.144242E-02
 0.71770    0.703220E-02   -0.272993E-02    0.140880E-02
 0.72520    0.693172E-02   -0.268179E-02    0.137588E-02
 0.73270    0.683310E-02   -0.263459E-02    0.134365E-02
 0.74020    0.673632E-02   -0.258829E-02    0.131211E-02
 0.74771    0.664131E-02   -0.254288E-02    0.128122E-02
 0.75521    0.654804E-02   -0.249834E-02    0.125098E-02
 0.76271    0.645646E-02   -0.245464E-02    0.122136E-02
 0.77021    0.636654E-02   -0.241177E-02    0.119236E-02
 0.77771    0.627824E-02   -0.236971E-02    0.116395E-02
 0.78522    0.619151E-02   -0.232843E-02    0.113613E-02
 0.79272    0.610633E-02   -0.228792E-02    0.110887E-02
 0.80022    0.602265E-02   -0.224816E-02    0.108218E-02
 0.80772    0.594044E-02   -0.220913E-02    0.105602E-02
 0.81523    0.585966E-02   -0.217082E-02    0.103039E-02
 0.82273    0.578030E-02   -0.213321E-02    0.100528E-02
 0.83023    0.570230E-02   -0.209628E-02    0.980677E-03
 0.83773    0.562564E-02   -0.206002E-02    0.956564E-03
 0.84523    0.555030E-02   -0.202441E-02    0.932934E-03
 0.85274    0.547624E-02   -0.198944E-02    0.909773E-03
 0.86024    0.540343E-02   -0.195509E-02    0.887073E-03
 0.86774    0.533184E-02   -0.192136E-02    0.864822E-03
 0.87524    0.526146E-02   -0.188822E-02    0.843010E-03
 0.88274    0.519225E-02   -0.185567E-02    0.821628E-03
 0.89025    0.512419E-02   -0.182368E-02    0.800665E-03
 0.89775    0.505725E-02   -0.179226E-02    0.780112E-03
 0.90525    0.499142E-02   -0.176138E-02    0.759961E-03
 0.91275    0.492666E-02   -0.173103E-02    0.740202E-03
 0.92025    0.486295E-02   -0.170121E-02    0.720828E-03
 0.92776    0.480027E-02   -0.167191E-02    0.701828E-03
 0.93526    0.473861E-02   -0.164310E-02    0.683197E-03
 0.94276    0.467794E-02   -0.161479E-02    0.664924E-03
 0.95026    0.461823E-02   -0.158695E-02    0.647003E-03
 0.95776    0.455947E-02   -0.155959E-02    0.629426E-03
 0.96527    0.450165E-02   -0.153269E-02    0.612187E-03
 0.97277    0.444474E-02   -0.150624E-02    0.595276E-03
 0.98027    0.438871E-02   -0.148023E-02    0.578689E-03
 0.98777    0.433357E-02   -0.145466E-02    0.562417E-03
 0.99528    0.427928E-02   -0.142951E-02    0.546456E-03
 1.00278    0.422583E-02   -0.140478E-02    0.530797E-03
 1.01028    0.417321E-02   -0.138046E-02    0.515435E-03
 1.01778    0.412140E-02   -0.135653E-02    0.500363E-03
 1.02528    0.407037E-02   -0.133300E-02    0.485576E-03
 1.03279    0.402013E-02   -0.130985E-02    0.471068E-03
 1.04029    0.397065E-02   -0.128708E-02    0.456833E-03
 1.04779    0.392191E-02   -0.126469E-02    0.442866E-03
 1.05529    0.387391E-02   -0.124265E-02    0.429161E-03
 1.06279    0.382663E-02   -0.122097E-02    0.415713E-03
 1.07030    0.378006E-02   -0.119963E-02    0.402517E-03
 1.07780    0.373417E-02   -0.117864E-02    0.389568E-03
 1.08530    0.368897E-02   -0.115799E-02    0.376861E-03
 1.09280    0.364443E-02   -0.113766E-02    0.364390E-03
 1.10030    0.360055E-02   -0.111766E-02    0.352152E-03
 1.10781    0.355731E-02   -0.109797E-02    0.340142E-03
 1.11531    0.351470E-02   -0.107859E-02    0.328356E-03
 1.12281    0.347271E-02   -0.105952E-02    0.316789E-03
 1.13031    0.343133E-02   -0.104075E-02    0.305435E-03
 1.13781    0.339055E-02   -0.102227E-02    0.294293E-03
 1.14532    0.335035E-02   -0.100408E-02    0.283358E-03
 1.15282    0.331073E-02   -0.986179E-03    0.272626E-03
 1.16032    0.327167E-02   -0.968552E-03    0.262091E-03
 1.16782    0.323317E-02   -0.951199E-03    0.251752E-03
 1.17533    0.319521E-02   -0.934113E-03    0.241604E-03
 1.18283    0.315779E-02   -0.917291E-03    0.231644E-03
 1.19033    0.312090E-02   -0.900727E-03    0.221869E-03
 1.19783    0.308452E-02   -0.884418E-03    0.212273E-03
 1.20533    0.304865E-02   -0.868359E-03    0.202856E-03
 1.21284    0.301329E-02   -0.852544E-03    0.193612E-03
 1.22034    0.297841E-02   -0.836971E-03    0.184539E-03
 1.22784    0.294402E-02   -0.821634E-03    0.175635E-03
 1.23534    0.291010E-02   -0.806530E-03    0.166893E-03
 1.24284    0.287665E-02   -0.791654E-03    0.158313E-03
 1.25035    0.284365E-02   -0.777003E-03    0.149892E-03
 1.25785    0.281111E-02   -0.762573E-03    0.141626E-03
 1.26535    0.277901E-02   -0.748360E-03    0.133514E-03
 1.27285    0.274735E-02   -0.734360E-03    0.125551E-03
 1.28035    0.271611E-02   -0.720570E-03    0.117736E-03
 1.28786    0.268530E-02   -0.706985E-03    0.110066E-03
 1.29536    0.265490E-02   -0.693603E-03    0.102537E-03
 1.30286    0.262491E-02   -0.680421E-03    0.951473E-04
 1.31036    0.259532E-02   -0.667434E-03    0.878950E-04
 1.31786    0.256612E-02   -0.654639E-03    0.807771E-04
 1.32537    0.253731E-02   -0.642034E-03    0.737912E-04
 1.33287    0.250889E-02   -0.629615E-03    0.669351E-04
 1.34037    0.248084E-02   -0.617379E-03    0.602062E-04
 1.34787    0.245316E-02   -0.605323E-03    0.536026E-04
 1.35538    0.242584E-02   -0.593445E-03    0.471220E-04
 1.36288    0.239888E-02   -0.581740E-03    0.407623E-04
 1.37038    0.237228E-02   -0.570207E-03    0.345212E-04
 1.37788    0.234602E-02   -0.558842E-03    0.283966E-04
 1.38538    0.232010E-02   -0.547643E-03    0.223867E-04
 1.39289    0.229451E-02   -0.536607E-03    0.164892E-04
 1.40039    0.226926E-02   -0.525731E-03    0.107024E-04
 1.40789    0.224434E-02   -0.515014E-03    0.502442E-05
 1.41539    0.221973E-02   -0.504453E-03   -0.546711E-06
 1.42289    0.219544E-02   -0.494044E-03   -0.601293E-05
 1.43040    0.217146E-02   -0.483786E-03   -0.113759E-04
 1.43790    0.214779E-02   -0.473676E-03   -0.166373E-04
 1.44540    0.212442E-02   -0.463712E-03   -0.217992E-04
 1.45290    0.210134E-02   -0.453891E-03   -0.268631E-04
 1.46040    0.207856E-02   -0.444212E-03   -0.318306E-04
 1.46791    0.205606E-02   -0.434672E-03   -0.367034E-04
 1.47541    0.203385E-02   -0.425268E-03   -0.414831E-04
 1.48291    0.201192E-02   -0.416000E-03   -0.461713E-04
 1.49041    0.199026E-02   -0.406864E-03   -0.507696E-04
 1.49791    0.196887E-02   -0.397859E-03   -0.552793E-04
 1.50542    0.194775E-02   -0.388983E-03   -0.597016E-04
 1.51292    0.192690E-02   -0.380233E-03   -0.640395E-04
 1.52042    0.190630E-02   -0.371608E-03   -0.682921E-04
 1.52792    0.188596E-02   -0.363106E-03   -0.724627E-04
 1.53543    0.186587E-02   -0.354725E-03   -0.765519E-04
 1.54293    0.184602E-02   -0.346463E-03   -0.805614E-04
 1.55043    0.182643E-02   -0.338318E-03   -0.844928E-04
 1.55793    0.180707E-02   -0.330289E-03   -0.883464E-04
 1.56543    0.178795E-02   -0.322373E-03   -0.921239E-04
 1.57294    0.176906E-02   -0.314570E-03   -0.958265E-04
 1.58044    0.175040E-02   -0.306877E-03   -0.994554E-04
 1.58794    0.173197E-02   -0.299293E-03   -0.103013E-03
 1.59544    0.171377E-02   -0.291816E-03   -0.106499E-03
 1.60294    0.169578E-02   -0.284445E-03   -0.109915E-03
 1.61045    0.167801E-02   -0.277177E-03   -0.113262E-03
 1.61795    0.166046E-02   -0.270012E-03   -0.116541E-03
 1.62545    0.164312E-02   -0.262948E-03   -0.119754E-03
 1.63295    0.162598E-02   -0.255984E-03   -0.122901E-03
 1.64045    0.160906E-02   -0.249117E-03   -0.125984E-03
 1.64796    0.159233E-02   -0.242348E-03   -0.129004E-03
 1.65546    0.157580E-02   -0.235672E-03   -0.131962E-03
 1.66296    0.155947E-02   -0.229091E-03   -0.134858E-03
 1.67046    0.154334E-02   -0.222602E-03   -0.137694E-03
 1.67796    0.152740E-02   -0.216205E-03   -0.140471E-03
 1.68547    0.151164E-02   -0.209897E-03   -0.143189E-03
 1.69297    0.149607E-02   -0.203678E-03   -0.145849E-03
 1.70047    0.148069E-02   -0.197547E-03   -0.148454E-03
 1.70797    0.146548E-02   -0.191501E-03   -0.151002E-03
 1.71548    0.145046E-02   -0.185539E-03   -0.153497E-03
 1.72298    0.143561E-02   -0.179662E-03   -0.155937E-03
 1.73048    0.142094E-02   -0.173867E-03   -0.158324E-03
 1.73798    0.140644E-02   -0.168153E-03   -0.160659E-03
 1.74548    0.139210E-02   -0.162519E-03   -0.162943E-03
 1.75299    0.137793E-02   -0.156964E-03   -0.165177E-03
 1.76049    0.136393E-02   -0.151487E-03   -0.167361E-03
 1.76799    0.135010E-02   -0.146087E-03   -0.169495E-03
 1.77549    0.133642E-02   -0.140762E-03   -0.171582E-03
 1.78299    0.132290E-02   -0.135512E-03   -0.173622E-03
 1.79050    0.130953E-02   -0.130335E-03   -0.175615E-03
 1.79800    0.129632E-02   -0.125231E-03   -0.177562E-03
 1.80550    0.128327E-02   -0.120199E-03   -0.179464E-03
 1.81300    0.127036E-02   -0.115237E-03   -0.181322E-03
 1.82050    0.125760E-02   -0.110345E-03   -0.183136E-03
 1.82801    0.124499E-02   -0.105521E-03   -0.184906E-03
 1.83551    0.123252E-02   -0.100767E-03   -0.186635E-03
 1.84301    0.122019E-02   -0.960775E-04   -0.188322E-03
 1.85051    0.120801E-02   -0.914545E-04   -0.189968E-03
 1.85802    0.119596E-02   -0.868964E-04   -0.191573E-03
 1.86552    0.118405E-02   -0.824022E-04   -0.193139E-03
 1.87302    0.117228E-02   -0.779713E-04   -0.194666E-03
 1.88052    0.116064E-02   -0.736021E-04   -0.196154E-03
 1.88802    0.114913E-02   -0.692960E-04   -0.197604E-03
 1.89553    0.113775E-02   -0.650490E-04   -0.199017E-03
 1.90303    0.112651E-02   -0.608627E-04   -0.200394E-03
 1.91053    0.111538E-02   -0.567355E-04   -0.201734E-03
 1.91803    0.110439E-02   -0.526666E-04   -0.203038E-03
 1.92553    0.109351E-02   -0.486553E-04   -0.204307E-03
 1.93304    0.108276E-02   -0.447018E-04   -0.205542E-03
 1.94054    0.107213E-02   -0.408034E-04   -0.206743E-03
 1.94804    0.106162E-02   -0.369602E-04   -0.207911E-03
 1.95554    0.105123E-02   -0.331716E-04   -0.209045E-03
 1.96304    0.104095E-02   -0.294369E-04   -0.210147E-03
 1.97055    0.103079E-02   -0.257544E-04   -0.211217E-03
 1.97805    0.102075E-02   -0.221255E-04   -0.212255E-03
 1.98555    0.101081E-02   -0.185482E-04   -0.213263E-03
 1.99305    0.100099E-02   -0.150223E-04   -0.214240E-03
 2.00055    0.991272E-03   -0.115468E-04   -0.215187E-03
 2.00806    0.981665E-03   -0.812125E-05   -0.216105E-03
 2.01556    0.972166E-03   -0.474495E-05   -0.216993E-03
 2.02306    0.962772E-03   -0.141727E-05   -0.217853E-03
 2.03056    0.953483E-03    0.186252E-05   -0.218684E-03
 2.03807    0.944296E-03    0.509471E-05   -0.219488E-03
 2.04557    0.935212E-03    0.828022E-05   -0.220266E-03
 2.05307    0.926229E-03    0.114195E-04   -0.221015E-03
 2.06057    0.917346E-03    0.145130E-04   -0.221738E-03
 2.06807    0.908560E-03    0.175615E-04   -0.222434E-03
 2.07558    0.899872E-03    0.205647E-04   -0.223104E-03
 2.08308    0.891280E-03    0.235248E-04   -0.223749E-03
 2.09058    0.882784E-03    0.264413E-04   -0.224369E-03
 2.09808    0.874381E-03    0.293151E-04   -0.224964E-03
 2.10558    0.866072E-03    0.321464E-04   -0.225534E-03
 2.11309    0.857854E-03    0.349358E-04   -0.226081E-03
 2.12059    0.849728E-03    0.376828E-04   -0.226604E-03
 2.12809    0.841691E-03    0.403919E-04   -0.227103E-03
 2.13559    0.833743E-03    0.430586E-04   -0.227580E-03
 2.14309    0.825883E-03    0.456855E-04   -0.228034E-03
 2.15060    0.818110E-03    0.482729E-04   -0.228466E-03
 2.15810    0.810423E-03    0.508213E-04   -0.228875E-03
 2.16560    0.802821E-03    0.533303E-04   -0.229260E-03
 2.17310    0.795304E-03    0.558021E-04   -0.229626E-03
 2.18060    0.787869E-03    0.582363E-04   -0.229972E-03
 2.18811    0.780517E-03    0.606333E-04   -0.230296E-03
 2.19561    0.773247E-03    0.629935E-04   -0.230600E-03
 2.20311    0.766057E-03    0.653172E-04   -0.230884E-03
 2.21061    0.758947E-03    0.676051E-04   -0.231148E-03
 2.21812    0.751916E-03    0.698574E-04   -0.231393E-03
 2.22562    0.744963E-03    0.720745E-04   -0.231618E-03
 2.23312    0.738088E-03    0.742568E-04   -0.231823E-03
 2.24062    0.731289E-03    0.764047E-04   -0.232010E-03
 2.24812    0.724566E-03    0.785186E-04   -0.232178E-03
 2.25563    0.717918E-03    0.805987E-04   -0.232328E-03
 2.26313    0.711345E-03    0.826456E-04   -0.232460E-03
 2.27063    0.704845E-03    0.846593E-04   -0.232573E-03
 2.27813    0.698419E-03    0.866404E-04   -0.232669E-03
 2.28563    0.692064E-03    0.885893E-04   -0.232748E-03
 2.29314    0.685781E-03    0.905061E-04   -0.232809E-03
 2.30064    0.679569E-03    0.923913E-04   -0.232853E-03
 2.30814    0.673428E-03    0.942452E-04   -0.232881E-03
 2.31564    0.667355E-03    0.960680E-04   -0.232891E-03
 2.32314    0.661352E-03    0.978601E-04   -0.232886E-03
 2.33065    0.655417E-03    0.996216E-04   -0.232864E-03
 2.33815    0.649550E-03    0.101353E-03   -0.232826E-03
 2.34565    0.643750E-03    0.103055E-03   -0.232772E-03
 2.35315    0.638017E-03    0.104727E-03   -0.232702E-03
 2.36065    0.632350E-03    0.106369E-03   -0.232617E-03
 2.36816    0.626748E-03    0.107983E-03   -0.232517E-03
 2.37566    0.621212E-03    0.109567E-03   -0.232401E-03
 2.38316    0.615740E-03    0.111123E-03   -0.232270E-03
 2.39066    0.610332E-03    0.112651E-03   -0.232124E-03
 2.39817    0.604987E-03    0.114151E-03   -0.231964E-03
 2.40567    0.599706E-03    0.115623E-03   -0.231789E-03
 2.41317    0.594486E-03    0.117067E-03   -0.231600E-03
 2.42067    0.589329E-03    0.118484E-03   -0.231396E-03
 2.42817    0.584234E-03    0.119874E-03   -0.231179E-03
 2.43568    0.579200E-03    0.121237E-03   -0.230947E-03
 2.44318    0.574227E-03    0.122573E-03   -0.230701E-03
 2.45068    0.569313E-03    0.123882E-03   -0.230441E-03
 2.45818    0.564460E-03    0.125165E-03   -0.230168E-03
 2.46568    0.559666E-03    0.126422E-03   -0.229881E-03
 2.47319    0.554931E-03    0.127653E-03   -0.229581E-03
 2.48069    0.550255E-03    0.128858E-03   -0.229268E-03
 2.48819    0.545637E-03    0.130037E-03   -0.228941E-03
 2.49569    0.541078E-03    0.131191E-03   -0.228601E-03
 2.50319    0.536576E-03    0.132319E-03   -0.228248E-03
 2.51070    0.532131E-03    0.133422E-03   -0.227882E-03
 2.51820    0.527744E-03    0.134501E-03   -0.227503E-03
 2.52570    0.523412E-03    0.135554E-03   -0.227111E-03
 2.53320    0.519138E-03    0.136583E-03   -0.226707E-03
 2.54070    0.514918E-03    0.137587E-03   -0.226290E-03
 2.54821    0.510755E-03    0.138566E-03   -0.225861E-03
 2.55571    0.506648E-03    0.139521E-03   -0.225419E-03
 2.56321    0.502595E-03    0.140452E-03   -0.224965E-03
 2.57071    0.498597E-03    0.141359E-03   -0.224498E-03
 2.57822    0.494654E-03    0.142242E-03   -0.224019E-03
 2.58572    0.490765E-03    0.143102E-03   -0.223528E-03
 2.59322    0.486929E-03    0.143937E-03   -0.223025E-03
 2.60072    0.483148E-03    0.144749E-03   -0.222510E-03
 2.60822    0.479421E-03    0.145538E-03   -0.221983E-03
 2.61573    0.475746E-03    0.146303E-03   -0.221443E-03
 2.62323    0.472124E-03    0.147045E-03   -0.220892E-03
 2.63073    0.468555E-03    0.147764E-03   -0.220329E-03
 2.63823    0.465039E-03    0.148460E-03   -0.219754E-03
 2.64573    0.461575E-03    0.149133E-03   -0.219168E-03
 2.65324    0.458162E-03    0.149783E-03   -0.218570E-03
 2.66074    0.454802E-03    0.150411E-03   -0.217960E-03
 2.66824    0.451493E-03    0.151016E-03   -0.217339E-03
 2.67574    0.448235E-03    0.151598E-03   -0.216706E-03
 2.68324    0.445029E-03    0.152158E-03   -0.216062E-03
 2.69075    0.441873E-03    0.152696E-03   -0.215406E-03
 2.69825    0.438768E-03    0.153212E-03   -0.214739E-03
 2.70575    0.435714E-03    0.153706E-03   -0.214061E-03
 2.71325    0.432709E-03    0.154178E-03   -0.213371E-03
 2.72075    0.429754E-03    0.154627E-03   -0.212671E-03
 2.72826    0.426849E-03    0.155056E-03   -0.211959E-03
 2.73576    0.423993E-03    0.155462E-03   -0.211236E-03
 2.74326    0.421187E-03    0.155847E-03   -0.210502E-03
 2.75076    0.418429E-03    0.156211E-03   -0.209756E-03
 2.75827    0.415720E-03    0.156554E-03   -0.209001E-03
 2.76577    0.413060E-03    0.156875E-03   -0.208234E-03
 2.77327    0.410447E-03    0.157175E-03   -0.207456E-03
 2.78077    0.407882E-03    0.157455E-03   -0.206668E-03
 2.78827    0.405365E-03    0.157714E-03   -0.205869E-03
 2.79578    0.402894E-03    0.157952E-03   -0.205060E-03
 2.80328    0.400471E-03    0.158170E-03   -0.204240E-03
 2.81078    0.398094E-03    0.158367E-03   -0.203410E-03
 2.81828    0.395763E-03    0.158545E-03   -0.202569E-03
 2.82578    0.393478E-03    0.158702E-03   -0.201719E-03
 2.83329    0.391239E-03    0.158840E-03   -0.200858E-03
 2.84079    0.389044E-03    0.158958E-03   -0.199987E-03
 2.84829    0.386894E-03    0.159056E-03   -0.199107E-03
 2.85579    0.384789E-03    0.159135E-03   -0.198217E-03
 2.86329    0.382727E-03    0.159196E-03   -0.197317E-03
 2.87080    0.380708E-03    0.159237E-03   -0.196407E-03
 2.87830    0.378733E-03    0.159259E-03   -0.195488E-03
 2.88580    0.376801E-03    0.159264E-03   -0.194560E-03
 2.89330    0.374910E-03    0.159250E-03   -0.193623E-03
 2.90080    0.373060E-03    0.159218E-03   -0.192677E-03
 2.90831    0.371252E-03    0.159168E-03   -0.191722E-03
 2.91581    0.369483E-03    0.159101E-03   -0.190758E-03
 2.92331    0.367755E-03    0.159017E-03   -0.189786E-03
 2.93081    0.366066E-03    0.158915E-03   -0.188806E-03
 2.93832    0.364417E-03    0.158797E-03   -0.187817E-03
 2.94582    0.362805E-03    0.158663E-03   -0.186821E-03
 2.95332    0.361231E-03    0.158513E-03   -0.185817E-03
 2.96082    0.359693E-03    0.158347E-03   -0.184805E-03
 2.96832    0.358192E-03    0.158165E-03   -0.183786E-03
 2.97583    0.356726E-03    0.157969E-03   -0.182761E-03
 2.98333    0.355294E-03    0.157757E-03   -0.181728E-03
 2.99083    0.353897E-03    0.157532E-03   -0.180688E-03
 2.99833    0.352533E-03    0.157292E-03   -0.179643E-03
 3.00583    0.351201E-03    0.157039E-03   -0.178591E-03
 3.01334    0.349900E-03    0.156773E-03   -0.177534E-03
 3.02084    0.348631E-03    0.156494E-03   -0.176470E-03
 3.02834    0.347391E-03    0.156202E-03   -0.175402E-03
 3.03584    0.346181E-03    0.155899E-03   -0.174329E-03
 3.04334    0.344998E-03    0.155584E-03   -0.173251E-03
 3.05085    0.343843E-03    0.155257E-03   -0.172169E-03
 3.05835    0.342715E-03    0.154921E-03   -0.171082E-03
 3.06585    0.341611E-03    0.154574E-03   -0.169992E-03
 3.07335    0.340532E-03    0.154217E-03   -0.168899E-03
 3.08085    0.339476E-03    0.153851E-03   -0.167802E-03
 3.08836    0.338442E-03    0.153477E-03   -0.166703E-03
 3.09586    0.337429E-03    0.153094E-03   -0.165602E-03
 3.10336    0.336437E-03    0.152703E-03   -0.164498E-03
 3.11086    0.335464E-03    0.152306E-03   -0.163393E-03
 3.11837    0.334509E-03    0.151901E-03   -0.162287E-03
 3.12587    0.333571E-03    0.151491E-03   -0.161180E-03
 3.13337    0.332649E-03    0.151075E-03   -0.160072E-03
 3.14087    0.331741E-03    0.150654E-03   -0.158964E-03
 3.14837    0.330847E-03    0.150238E-03   -0.157857E-03
 3.15588    0.329965E-03    0.149809E-03   -0.156750E-03
 3.16338    0.329094E-03    0.149377E-03   -0.155644E-03
 3.17088    0.328233E-03    0.148942E-03   -0.154540E-03
 3.17838    0.327380E-03    0.148505E-03   -0.153438E-03
 3.18588    0.326536E-03    0.148058E-03   -0.152338E-03
 3.19339    0.325697E-03    0.147618E-03   -0.151241E-03
 3.20089    0.324864E-03    0.147178E-03   -0.150147E-03
 3.20839    0.324034E-03    0.146739E-03   -0.149058E-03
 3.21589    0.323206E-03    0.146301E-03   -0.147971E-03
 3.22339    0.322381E-03    0.145864E-03   -0.146890E-03
 3.23090    0.321555E-03    0.145429E-03   -0.145813E-03
 3.23840    0.320728E-03    0.144997E-03   -0.144742E-03
 3.24590    0.319898E-03    0.144569E-03   -0.143676E-03
 3.25340    0.319065E-03    0.144144E-03   -0.142617E-03
 3.26090    0.318227E-03    0.143724E-03   -0.141564E-03
 3.26841    0.317383E-03    0.143309E-03   -0.140519E-03
 3.27591    0.316531E-03    0.142900E-03   -0.139481E-03
 3.28341    0.315671E-03    0.142498E-03   -0.138451E-03
 3.29091    0.314801E-03    0.142102E-03   -0.137430E-03
 3.29842    0.313920E-03    0.141714E-03   -0.136417E-03
 3.30592    0.313026E-03    0.141334E-03   -0.135413E-03
 3.31342    0.312120E-03    0.140963E-03   -0.134419E-03
 3.32092    0.311198E-03    0.140601E-03   -0.133435E-03
 3.32842    0.310261E-03    0.140250E-03   -0.132462E-03
 3.33593    0.309307E-03    0.139908E-03   -0.131500E-03
 3.34343    0.308334E-03    0.139578E-03   -0.130548E-03
 3.35093    0.307343E-03    0.139260E-03   -0.129608E-03
 3.35843    0.306331E-03    0.138953E-03   -0.128681E-03
 3.36593    0.305298E-03    0.138659E-03   -0.127765E-03
 3.37344    0.304243E-03    0.138378E-03   -0.126863E-03
 3.38094    0.303165E-03    0.138111E-03   -0.125973E-03
 3.38844    0.302062E-03    0.137858E-03   -0.125097E-03
 3.39594    0.300933E-03    0.137628E-03   -0.124234E-03
 3.40344    0.299779E-03    0.137405E-03   -0.123386E-03
 3.41095    0.298598E-03    0.137197E-03   -0.122551E-03
 3.41845    0.297389E-03    0.137004E-03   -0.121732E-03
 3.42595    0.296151E-03    0.136819E-03   -0.120927E-03
 3.43345    0.294883E-03    0.136659E-03   -0.120138E-03
 3.44095    0.293585E-03    0.136517E-03   -0.119364E-03
 3.44846    0.292256E-03    0.136393E-03   -0.118606E-03
 3.45596    0.290895E-03    0.136286E-03   -0.117864E-03
 3.46346    0.289502E-03    0.136197E-03   -0.117138E-03
 3.47096    0.288076E-03    0.136126E-03   -0.116429E-03
 3.47847    0.286616E-03    0.136073E-03   -0.115736E-03
 3.48597    0.285121E-03    0.136040E-03   -0.115079E-03
 3.49347    0.283593E-03    0.136025E-03   -0.114400E-03
 3.50097    0.282029E-03    0.136032E-03   -0.113758E-03
 3.50847    0.280429E-03    0.136056E-03   -0.113133E-03
 3.51598    0.278793E-03    0.136101E-03   -0.112526E-03
 3.52348    0.277121E-03    0.136165E-03   -0.111936E-03
 3.53098    0.275413E-03    0.136250E-03   -0.111363E-03
 3.53848    0.273668E-03    0.136355E-03   -0.110808E-03
 3.54598    0.271886E-03    0.136480E-03   -0.110271E-03
 3.55349    0.270066E-03    0.136625E-03   -0.109752E-03
 3.56099    0.268208E-03    0.136791E-03   -0.109250E-03
 3.56849    0.266314E-03    0.136977E-03   -0.108766E-03
 3.57599    0.264382E-03    0.137184E-03   -0.108300E-03
 3.58349    0.262412E-03    0.137412E-03   -0.107852E-03
 3.59100    0.260405E-03    0.137660E-03   -0.107421E-03
 3.59850    0.258360E-03    0.137927E-03   -0.107008E-03
 3.60600    0.256278E-03    0.138216E-03   -0.106613E-03
 3.61350    0.254159E-03    0.138525E-03   -0.106235E-03
 3.62101    0.252003E-03    0.138854E-03   -0.105875E-03
 3.62851    0.249811E-03    0.139203E-03   -0.105532E-03
 3.63601    0.247582E-03    0.139572E-03   -0.105207E-03
 3.64351    0.245317E-03    0.139961E-03   -0.104898E-03
 3.65101    0.243016E-03    0.140369E-03   -0.104607E-03
 3.65852    0.240680E-03    0.140796E-03   -0.104332E-03
 3.66602    0.238309E-03    0.141243E-03   -0.104074E-03
 3.67352    0.235904E-03    0.141709E-03   -0.103832E-03
 3.68102    0.233465E-03    0.142193E-03   -0.103607E-03
 3.68852    0.230991E-03    0.142695E-03   -0.103398E-03
 3.69603    0.228485E-03    0.143216E-03   -0.103204E-03
 3.70353    0.225948E-03    0.143754E-03   -0.103026E-03
 3.71103    0.223378E-03    0.144308E-03   -0.102864E-03
 3.71853    0.220777E-03    0.144881E-03   -0.102716E-03
 3.72603    0.218147E-03    0.145471E-03   -0.102584E-03
 3.73354    0.215487E-03    0.146077E-03   -0.102466E-03
 3.74104    0.212798E-03    0.146699E-03   -0.102362E-03
 3.74854    0.210081E-03    0.147337E-03   -0.102272E-03
 3.75604    0.207337E-03    0.147990E-03   -0.102195E-03
 3.76354    0.204567E-03    0.148657E-03   -0.102132E-03
 3.77105    0.201771E-03    0.149339E-03   -0.102082E-03
 3.77855    0.198951E-03    0.150036E-03   -0.102045E-03
 3.78605    0.196107E-03    0.150745E-03   -0.102020E-03
 3.79355    0.193240E-03    0.151467E-03   -0.102007E-03
 3.80106    0.190352E-03    0.152202E-03   -0.102006E-03
 3.80856    0.187442E-03    0.152949E-03   -0.102016E-03
 3.81606    0.184513E-03    0.153708E-03   -0.102036E-03
 3.82356    0.181565E-03    0.154478E-03   -0.102067E-03
 3.83106    0.178598E-03    0.155258E-03   -0.102108E-03
 3.83857    0.175615E-03    0.156049E-03   -0.102160E-03
 3.84607    0.172616E-03    0.156849E-03   -0.102220E-03
 3.85357    0.169601E-03    0.157658E-03   -0.102290E-03
 3.86107    0.166573E-03    0.158476E-03   -0.102368E-03
 3.86857    0.163532E-03    0.159302E-03   -0.102454E-03
 3.87608    0.160479E-03    0.160135E-03   -0.102549E-03
 3.88358    0.157415E-03    0.160976E-03   -0.102650E-03
 3.89108    0.154342E-03    0.161823E-03   -0.102759E-03
 3.89858    0.151259E-03    0.162676E-03   -0.102874E-03
 3.90608    0.148169E-03    0.163535E-03   -0.102996E-03
 3.91359    0.145072E-03    0.164398E-03   -0.103124E-03
 3.92109    0.141970E-03    0.165266E-03   -0.103257E-03
 3.92859    0.138863E-03    0.166138E-03   -0.103395E-03
 3.93609    0.135752E-03    0.167013E-03   -0.103538E-03
 3.94359    0.132648E-03    0.167891E-03   -0.103685E-03
 3.95110    0.129525E-03    0.168772E-03   -0.103836E-03
 3.95860    0.126409E-03    0.169654E-03   -0.103991E-03
 3.96610    0.123295E-03    0.170538E-03   -0.104149E-03
 3.97360    0.120182E-03    0.171423E-03   -0.104311E-03
 3.98111    0.117071E-03    0.172308E-03   -0.104474E-03
 3.98861    0.113964E-03    0.173193E-03   -0.104639E-03
 3.99611    0.110862E-03    0.174077E-03   -0.104806E-03
 4.00361    0.107765E-03    0.174961E-03   -0.104975E-03
 4.01111    0.104674E-03    0.175842E-03   -0.105144E-03
 4.01862    0.101591E-03    0.176722E-03   -0.105315E-03
 4.02612    0.985150E-04    0.177600E-03   -0.105485E-03
 4.03362    0.954488E-04    0.178474E-03   -0.105656E-03
 4.04112    0.923926E-04    0.179345E-03   -0.105826E-03
 4.04862    0.893475E-04    0.180212E-03   -0.105996E-03
 4.05613    0.863139E-04    0.181076E-03   -0.106164E-03
 4.06363    0.832927E-04    0.181934E-03   -0.106332E-03
 4.07113    0.802850E-04    0.182788E-03   -0.106498E-03
 4.07863    0.772909E-04    0.183636E-03   -0.106661E-03
 4.08613    0.743119E-04    0.184478E-03   -0.106823E-03
 4.09364    0.713486E-04    0.185315E-03   -0.106983E-03
 4.10114    0.684016E-04    0.186144E-03   -0.107140E-03
 4.10864    0.654716E-04    0.186967E-03   -0.107293E-03
 4.11614    0.625594E-04    0.187783E-03   -0.107444E-03
 4.12364    0.596657E-04    0.188591E-03   -0.107591E-03
 4.13115    0.567911E-04    0.189391E-03   -0.107734E-03
 4.13865    0.539358E-04    0.190184E-03   -0.107874E-03
 4.14615    0.511012E-04    0.190967E-03   -0.108009E-03
 4.15365    0.482875E-04    0.191742E-03   -0.108140E-03
 4.16116    0.454953E-04    0.192508E-03   -0.108266E-03
 4.16866    0.427250E-04    0.193264E-03   -0.108388E-03
 4.17616    0.399773E-04    0.194011E-03   -0.108504E-03
 4.18366    0.372524E-04    0.194748E-03   -0.108615E-03
 4.19116    0.345514E-04    0.195475E-03   -0.108721E-03
 4.19867    0.318744E-04    0.196191E-03   -0.108822E-03
 4.20617    0.292218E-04    0.196897E-03   -0.108916E-03
 4.21367    0.265938E-04    0.197592E-03   -0.109005E-03
 4.22117    0.239911E-04    0.198276E-03   -0.109088E-03
 4.22867    0.214143E-04    0.198950E-03   -0.109165E-03
 4.23618    0.188636E-04    0.199612E-03   -0.109235E-03
 4.24368    0.163385E-04    0.200262E-03   -0.109299E-03
 4.25118    0.138404E-04    0.200901E-03   -0.109356E-03
 4.25868    0.113695E-04    0.201528E-03   -0.109407E-03
 4.26618    0.892567E-05    0.202143E-03   -0.109451E-03
 4.27369    0.650923E-05    0.202746E-03   -0.109488E-03
 4.28119    0.412047E-05    0.203337E-03   -0.109519E-03
 4.28869    0.175965E-05    0.203915E-03   -0.109542E-03
 4.29619   -0.573149E-06    0.204482E-03   -0.109559E-03
 4.30369   -0.287751E-05    0.205036E-03   -0.109567E-03
 4.31120   -0.515351E-05    0.205577E-03   -0.109569E-03
 4.31870   -0.740107E-05    0.206105E-03   -0.109564E-03
 4.32620   -0.961975E-05    0.206621E-03   -0.109551E-03
 4.33370   -0.118097E-04    0.207125E-03   -0.109531E-03
 4.34121   -0.139704E-04    0.207615E-03   -0.109504E-03
 4.34871   -0.161026E-04    0.208093E-03   -0.109469E-03
 4.35621   -0.182055E-04    0.208558E-03   -0.109427E-03
 4.36371   -0.202796E-04    0.209010E-03   -0.109377E-03
 4.37121   -0.223241E-04    0.209449E-03   -0.109320E-03
 4.37872   -0.243397E-04    0.209875E-03   -0.109255E-03
 4.38622   -0.263262E-04    0.210289E-03   -0.109183E-03
 4.39372   -0.282834E-04    0.210689E-03   -0.109104E-03
 4.40122   -0.302116E-04    0.211077E-03   -0.109017E-03
 4.40872   -0.321108E-04    0.211451E-03   -0.108922E-03
 4.41623   -0.339809E-04    0.211813E-03   -0.108821E-03
 4.42373   -0.358220E-04    0.212163E-03   -0.108711E-03
 4.43123   -0.376345E-04    0.212499E-03   -0.108594E-03
 4.43873   -0.394180E-04    0.212823E-03   -0.108470E-03
 4.44623   -0.411730E-04    0.213134E-03   -0.108339E-03
 4.45374   -0.428994E-04    0.213432E-03   -0.108200E-03
 4.46124   -0.445973E-04    0.213718E-03   -0.108055E-03
 4.46874   -0.462667E-04    0.213992E-03   -0.107901E-03
 4.47624   -0.479084E-04    0.214253E-03   -0.107741E-03
 4.48374   -0.495220E-04    0.214502E-03   -0.107574E-03
 4.49125   -0.511076E-04    0.214738E-03   -0.107400E-03
 4.49875   -0.526655E-04    0.214963E-03   -0.107218E-03
 4.50625   -0.541962E-04    0.215175E-03   -0.107030E-03
 4.51375   -0.556992E-04    0.215375E-03   -0.106835E-03
 4.52126   -0.571753E-04    0.215564E-03   -0.106634E-03
 4.52876   -0.586244E-04    0.215740E-03   -0.106425E-03
 4.53626   -0.600468E-04    0.215905E-03   -0.106210E-03
 4.54376   -0.614429E-04    0.216059E-03   -0.105988E-03
 4.55126   -0.628126E-04    0.216201E-03   -0.105760E-03
 4.55877   -0.641561E-04    0.216331E-03   -0.105526E-03
 4.56627   -0.654739E-04    0.216450E-03   -0.105285E-03
 4.57377   -0.667661E-04    0.216559E-03   -0.105038E-03
 4.58127   -0.680329E-04    0.216656E-03   -0.104784E-03
 4.58877   -0.692747E-04    0.216742E-03   -0.104525E-03
 4.59628   -0.704917E-04    0.216818E-03   -0.104260E-03
 4.60378   -0.716840E-04    0.216882E-03   -0.103988E-03
 4.61128   -0.728519E-04    0.216937E-03   -0.103711E-03
 4.61878   -0.739959E-04    0.216981E-03   -0.103429E-03
 4.62628   -0.751159E-04    0.217014E-03   -0.103140E-03
 4.63379   -0.762124E-04    0.217038E-03   -0.102846E-03
 4.64129   -0.772858E-04    0.217051E-03   -0.102547E-03
 4.64879   -0.783359E-04    0.217055E-03   -0.102242E-03
 4.65629   -0.793633E-04    0.217049E-03   -0.101932E-03
 4.66379   -0.803688E-04    0.217033E-03   -0.101617E-03
 4.67130   -0.813514E-04    0.217008E-03   -0.101297E-03
 4.67880   -0.823118E-04    0.216974E-03   -0.100972E-03
 4.68630   -0.832510E-04    0.216930E-03   -0.100642E-03
 4.69380   -0.841688E-04    0.216877E-03   -0.100307E-03
 4.70131   -0.850655E-04    0.216815E-03   -0.999685E-04
 4.70881   -0.859414E-04    0.216744E-03   -0.996243E-04
 4.71631   -0.867967E-04    0.216666E-03   -0.992761E-04
 4.72381   -0.876318E-04    0.216578E-03   -0.989230E-04
 4.73131   -0.884468E-04    0.216481E-03   -0.985660E-04
 4.73882   -0.892422E-04    0.216377E-03   -0.982044E-04
 4.74632   -0.900181E-04    0.216264E-03   -0.978395E-04
 4.75382   -0.907749E-04    0.216144E-03   -0.974696E-04
 4.76132   -0.915129E-04    0.216016E-03   -0.970963E-04
 4.76882   -0.922322E-04    0.215880E-03   -0.967192E-04
 4.77633   -0.929332E-04    0.215736E-03   -0.963383E-04
 4.78383   -0.936162E-04    0.215585E-03   -0.959539E-04
 4.79133   -0.942813E-04    0.215427E-03   -0.955660E-04
 4.79883   -0.949290E-04    0.215261E-03   -0.951745E-04
 4.80633   -0.955595E-04    0.215089E-03   -0.947798E-04
 4.81384   -0.961730E-04    0.214909E-03   -0.943818E-04
 4.82134   -0.967697E-04    0.214723E-03   -0.939805E-04
 4.82884   -0.973500E-04    0.214530E-03   -0.935764E-04
 4.83634   -0.979141E-04    0.214330E-03   -0.931692E-04
 4.84384   -0.984624E-04    0.214125E-03   -0.927590E-04
 4.85135   -0.989950E-04    0.213912E-03   -0.923461E-04
 4.85885   -0.995121E-04    0.213694E-03   -0.919304E-04
 4.86635   -0.100014E-03    0.213470E-03   -0.915120E-04
 4.87385   -0.100501E-03    0.213240E-03   -0.910912E-04
 4.88136   -0.100974E-03    0.213004E-03   -0.906679E-04
 4.88886   -0.101432E-03    0.212762E-03   -0.902422E-04
 4.89636   -0.101876E-03    0.212515E-03   -0.898145E-04
 4.90386   -0.102306E-03    0.212262E-03   -0.893841E-04
 4.91136   -0.102722E-03    0.212004E-03   -0.889517E-04
 4.91887   -0.103125E-03    0.211741E-03   -0.885173E-04
 4.92637   -0.103515E-03    0.211472E-03   -0.880808E-04
 4.93387   -0.103892E-03    0.211199E-03   -0.876426E-04
 4.94137   -0.104256E-03    0.210921E-03   -0.872024E-04
 4.94887   -0.104607E-03    0.210639E-03   -0.867606E-04
 4.95638   -0.104946E-03    0.210351E-03   -0.863170E-04
 4.96388   -0.105273E-03    0.210059E-03   -0.858718E-04
 4.97138   -0.105589E-03    0.209762E-03   -0.854251E-04
 4.97888   -0.105892E-03    0.209461E-03   -0.849770E-04
 4.98638   -0.106185E-03    0.209156E-03   -0.845274E-04
 4.99389   -0.106466E-03    0.208847E-03   -0.840765E-04
 5.00139   -0.106736E-03    0.208534E-03   -0.836244E-04
 5.00889   -0.106995E-03    0.208217E-03   -0.831710E-04
 5.01639   -0.107243E-03    0.207896E-03   -0.827164E-04
 5.02389   -0.107482E-03    0.207571E-03   -0.822609E-04
 5.03140   -0.107710E-03    0.207243E-03   -0.818043E-04
 5.03890   -0.107928E-03    0.206911E-03   -0.813468E-04
 5.04640   -0.108136E-03    0.206575E-03   -0.808884E-04
 5.05390   -0.108335E-03    0.206237E-03   -0.804292E-04
 5.06141   -0.108523E-03    0.205895E-03   -0.799692E-04
 5.06891   -0.108703E-03    0.205549E-03   -0.795085E-04
 5.07641   -0.108874E-03    0.205201E-03   -0.790472E-04
 5.08391   -0.109036E-03    0.204850E-03   -0.785854E-04
 5.09141   -0.109189E-03    0.204495E-03   -0.781227E-04
 5.09892   -0.109334E-03    0.204138E-03   -0.776597E-04
 5.10642   -0.109470E-03    0.203778E-03   -0.771963E-04
 5.11392   -0.109598E-03    0.203415E-03   -0.767325E-04
 5.12142   -0.109717E-03    0.203050E-03   -0.762684E-04
 5.12892   -0.109829E-03    0.202682E-03   -0.758040E-04
 5.13643   -0.109933E-03    0.202312E-03   -0.753394E-04
 5.14393   -0.110030E-03    0.201939E-03   -0.748743E-04
 5.15143   -0.110119E-03    0.201564E-03   -0.744095E-04
 5.15893   -0.110201E-03    0.201186E-03   -0.739445E-04
 5.16643   -0.110276E-03    0.200807E-03   -0.734795E-04
 5.17394   -0.110343E-03    0.200425E-03   -0.730144E-04
 5.18144   -0.110404E-03    0.200041E-03   -0.725492E-04
 5.18894   -0.110458E-03    0.199656E-03   -0.720842E-04
 5.19644   -0.110506E-03    0.199268E-03   -0.716193E-04
 5.20394   -0.110547E-03    0.198878E-03   -0.711543E-04
 5.21145   -0.110581E-03    0.198487E-03   -0.706900E-04
 5.21895   -0.110610E-03    0.198094E-03   -0.702257E-04
 5.22645   -0.110633E-03    0.197699E-03   -0.697617E-04
 5.23395   -0.110649E-03    0.197303E-03   -0.692982E-04
 5.24146   -0.110660E-03    0.196905E-03   -0.688346E-04
 5.24896   -0.110665E-03    0.196505E-03   -0.683716E-04
 5.25646   -0.110664E-03    0.196104E-03   -0.679089E-04
 5.26396   -0.110658E-03    0.195702E-03   -0.674469E-04
 5.27146   -0.110647E-03    0.195299E-03   -0.669852E-04
 5.27897   -0.110631E-03    0.194894E-03   -0.665241E-04
 5.28647   -0.110609E-03    0.194487E-03   -0.660635E-04
 5.29397   -0.110582E-03    0.194080E-03   -0.656034E-04
 5.30147   -0.110551E-03    0.193671E-03   -0.651440E-04
 5.30897   -0.110515E-03    0.193262E-03   -0.646851E-04
 5.31648   -0.110473E-03    0.192851E-03   -0.642270E-04
 5.32398   -0.110428E-03    0.192439E-03   -0.637695E-04
 5.33148   -0.110378E-03    0.192026E-03   -0.633129E-04
 5.33898   -0.110323E-03    0.191613E-03   -0.628567E-04
 5.34648   -0.110265E-03    0.191198E-03   -0.624013E-04
 5.35399   -0.110202E-03    0.190783E-03   -0.619469E-04
 5.36149   -0.110134E-03    0.190367E-03   -0.614932E-04
 5.36899   -0.110063E-03    0.189950E-03   -0.610405E-04
 5.37649   -0.109988E-03    0.189533E-03   -0.605884E-04
 5.38399   -0.109909E-03    0.189114E-03   -0.601373E-04
 5.39150   -0.109827E-03    0.188695E-03   -0.596870E-04
 5.39900   -0.109740E-03    0.188276E-03   -0.592377E-04
 5.40650   -0.109650E-03    0.187856E-03   -0.587893E-04
 5.41400   -0.109557E-03    0.187435E-03   -0.583419E-04
 5.42151   -0.109460E-03    0.187014E-03   -0.578955E-04
 5.42901   -0.109360E-03    0.186593E-03   -0.574500E-04
 5.43651   -0.109256E-03    0.186171E-03   -0.570056E-04
 5.44401   -0.109150E-03    0.185749E-03   -0.565621E-04
 5.45151   -0.109040E-03    0.185326E-03   -0.561198E-04
 5.45902   -0.108927E-03    0.184903E-03   -0.556785E-04
 5.46652   -0.108811E-03    0.184480E-03   -0.552382E-04
 5.47402   -0.108692E-03    0.184057E-03   -0.547991E-04
 5.48152   -0.108570E-03    0.183633E-03   -0.543610E-04
 5.48902   -0.108446E-03    0.183209E-03   -0.539241E-04
 5.49653   -0.108318E-03    0.182785E-03   -0.534883E-04
 5.50403   -0.108188E-03    0.182361E-03   -0.530536E-04
 5.51153   -0.108056E-03    0.181936E-03   -0.526197E-04
 5.51903   -0.107921E-03    0.181512E-03   -0.521874E-04
 5.52653   -0.107783E-03    0.181087E-03   -0.517566E-04
 5.53404   -0.107643E-03    0.180663E-03   -0.513263E-04
 5.54154   -0.107501E-03    0.180238E-03   -0.508981E-04
 5.54904   -0.107356E-03    0.179813E-03   -0.504704E-04
 5.55654   -0.107209E-03    0.179389E-03   -0.500441E-04
 5.56405   -0.107060E-03    0.178964E-03   -0.496191E-04
 5.57155   -0.106909E-03    0.178540E-03   -0.491953E-04
 5.57905   -0.106755E-03    0.178116E-03   -0.487728E-04
 5.58655   -0.106600E-03    0.177692E-03   -0.483515E-04
 5.59405   -0.106443E-03    0.177267E-03   -0.479315E-04
 5.60156   -0.106283E-03    0.176844E-03   -0.475128E-04
 5.60906   -0.106122E-03    0.176420E-03   -0.470954E-04
 5.61656   -0.105959E-03    0.175996E-03   -0.466792E-04
 5.62406   -0.105794E-03    0.175573E-03   -0.462645E-04
 5.63156   -0.105627E-03    0.175150E-03   -0.458510E-04
 5.63907   -0.105459E-03    0.174727E-03   -0.454389E-04
 5.64657   -0.105289E-03    0.174305E-03   -0.450279E-04
 5.65407   -0.105117E-03    0.173883E-03   -0.446183E-04
 5.66157   -0.104944E-03    0.173461E-03   -0.442104E-04
 5.66907   -0.104769E-03    0.173039E-03   -0.438040E-04
 5.67658   -0.104593E-03    0.172618E-03   -0.433983E-04
 5.68408   -0.104415E-03    0.172197E-03   -0.429944E-04
 5.69158   -0.104236E-03    0.171777E-03   -0.425917E-04
 5.69908   -0.104055E-03    0.171356E-03   -0.421905E-04
 5.70658   -0.103873E-03    0.170937E-03   -0.417907E-04
 5.71409   -0.103690E-03    0.170518E-03   -0.413923E-04
 5.72159   -0.103506E-03    0.170099E-03   -0.409953E-04
 5.72909   -0.103320E-03    0.169680E-03   -0.405996E-04
 5.73659   -0.103133E-03    0.169262E-03   -0.402052E-04
 5.74410   -0.102945E-03    0.168845E-03   -0.398126E-04
 5.75160   -0.102756E-03    0.168428E-03   -0.394212E-04
 5.75910   -0.102565E-03    0.168011E-03   -0.390313E-04
 5.76660   -0.102374E-03    0.167596E-03   -0.386429E-04
 5.77410   -0.102182E-03    0.167180E-03   -0.382559E-04
 5.78161   -0.101988E-03    0.166765E-03   -0.378703E-04
 5.78911   -0.101793E-03    0.166351E-03   -0.374859E-04
 5.79661   -0.101598E-03    0.165937E-03   -0.371033E-04
 5.80411   -0.101402E-03    0.165524E-03   -0.367222E-04
 5.81161   -0.101204E-03    0.165111E-03   -0.363424E-04
 5.81912   -0.101006E-03    0.164699E-03   -0.359639E-04
 5.82662   -0.100807E-03    0.164287E-03   -0.355870E-04
 5.83412   -0.100607E-03    0.163877E-03   -0.352119E-04
 5.84162   -0.100407E-03    0.163466E-03   -0.348378E-04
 5.84912   -0.100206E-03    0.163057E-03   -0.344653E-04
 5.85663   -0.100004E-03    0.162648E-03   -0.340944E-04
 5.86413   -0.998007E-04    0.162239E-03   -0.337248E-04
 5.87163   -0.995973E-04    0.161832E-03   -0.333569E-04
 5.87913   -0.993932E-04    0.161425E-03   -0.329903E-04
 5.88663   -0.991884E-04    0.161018E-03   -0.326255E-04
 5.89414   -0.989830E-04    0.160613E-03   -0.322617E-04
 5.90164   -0.987771E-04    0.160208E-03   -0.318998E-04
 5.90914   -0.985705E-04    0.159803E-03   -0.315392E-04
 5.91664   -0.983635E-04    0.159400E-03   -0.311800E-04
 5.92415   -0.981558E-04    0.158997E-03   -0.308224E-04
 5.93165   -0.979477E-04    0.158595E-03   -0.304663E-04
 5.93915   -0.977391E-04    0.158193E-03   -0.301116E-04
 5.94665   -0.975300E-04    0.157792E-03   -0.297584E-04
 5.95415   -0.973205E-04    0.157392E-03   -0.294068E-04
 5.96166   -0.971105E-04    0.156993E-03   -0.290566E-04
 5.96916   -0.969002E-04    0.156594E-03   -0.287080E-04
 5.97666   -0.966894E-04    0.156197E-03   -0.283607E-04
 5.98416   -0.964783E-04    0.155800E-03   -0.280152E-04
 5.99166   -0.962668E-04    0.155403E-03   -0.276708E-04
 5.99917   -0.960550E-04    0.155008E-03   -0.273281E-04
 6.00667   -0.958428E-04    0.154613E-03   -0.269868E-04
 6.01417   -0.956306E-04    0.154219E-03   -0.266471E-04
 6.02167   -0.954179E-04    0.153826E-03   -0.263088E-04
 6.02917   -0.952049E-04    0.153434E-03   -0.259719E-04
 6.03668   -0.949916E-04    0.153042E-03   -0.256366E-04
 6.04418   -0.947781E-04    0.152651E-03   -0.253027E-04
 6.05168   -0.945644E-04    0.152262E-03   -0.249704E-04
 6.05918   -0.943505E-04    0.151872E-03   -0.246395E-04
 6.06668   -0.941366E-04    0.151484E-03   -0.243101E-04
 6.07419   -0.939221E-04    0.151096E-03   -0.239821E-04
 6.08169   -0.937076E-04    0.150710E-03   -0.236557E-04
 6.08919   -0.934930E-04    0.150324E-03   -0.233307E-04
 6.09669   -0.932783E-04    0.149939E-03   -0.230071E-04
 6.10420   -0.930634E-04    0.149554E-03   -0.226851E-04
 6.11170   -0.928483E-04    0.149171E-03   -0.223645E-04
 6.11920   -0.926332E-04    0.148789E-03   -0.220454E-04
 6.12670   -0.924181E-04    0.148407E-03   -0.217277E-04
 6.13420   -0.922029E-04    0.148026E-03   -0.214113E-04
 6.14171   -0.919876E-04    0.147646E-03   -0.210965E-04
 6.14921   -0.917723E-04    0.147267E-03   -0.207832E-04
 6.15671   -0.915570E-04    0.146888E-03   -0.204714E-04
 6.16421   -0.913417E-04    0.146511E-03   -0.201610E-04
 6.17171   -0.911263E-04    0.146134E-03   -0.198520E-04
 6.17922   -0.909110E-04    0.145759E-03   -0.195445E-04
 6.18672   -0.906956E-04    0.145384E-03   -0.192384E-04
 6.19422   -0.904804E-04    0.145010E-03   -0.189338E-04
 6.20172   -0.902651E-04    0.144636E-03   -0.186305E-04
 6.20922   -0.900498E-04    0.144264E-03   -0.183287E-04
 6.21673   -0.898348E-04    0.143893E-03   -0.180284E-04
 6.22423   -0.896196E-04    0.143522E-03   -0.177293E-04
 6.23173   -0.894046E-04    0.143152E-03   -0.174317E-04
 6.23923   -0.891897E-04    0.142784E-03   -0.171356E-04
 6.24673   -0.889749E-04    0.142416E-03   -0.168408E-04
 6.25424   -0.887602E-04    0.142049E-03   -0.165475E-04
 6.26174   -0.885457E-04    0.141683E-03   -0.162556E-04
 6.26924   -0.883313E-04    0.141317E-03   -0.159651E-04
 6.27674   -0.881170E-04    0.140953E-03   -0.156760E-04
 6.28425   -0.879028E-04    0.140590E-03   -0.153883E-04
 6.29175   -0.876889E-04    0.140227E-03   -0.151019E-04
 6.29925   -0.874751E-04    0.139865E-03   -0.148170E-04
 6.30675   -0.872615E-04    0.139504E-03   -0.145337E-04
 6.31425   -0.870480E-04    0.139145E-03   -0.142515E-04
 6.32176   -0.868348E-04    0.138786E-03   -0.139706E-04
 6.32926   -0.866218E-04    0.138428E-03   -0.136912E-04
 6.33676   -0.864090E-04    0.138070E-03   -0.134131E-04
 6.34426   -0.861964E-04    0.137714E-03   -0.131363E-04
 6.35176   -0.859841E-04    0.137359E-03   -0.128606E-04
 6.35927   -0.857720E-04    0.137005E-03   -0.125866E-04
 6.36677   -0.855602E-04    0.136651E-03   -0.123139E-04
 6.37427   -0.853485E-04    0.136298E-03   -0.120425E-04
 6.38177   -0.851372E-04    0.135946E-03   -0.117725E-04
 6.38927   -0.849262E-04    0.135596E-03   -0.115038E-04
 6.39678   -0.847154E-04    0.135246E-03   -0.112364E-04
 6.40428   -0.845049E-04    0.134897E-03   -0.109704E-04
 6.41178   -0.842948E-04    0.134549E-03   -0.107057E-04
 6.41928   -0.840849E-04    0.134202E-03   -0.104422E-04
 6.42678   -0.838753E-04    0.133855E-03   -0.101801E-04
 6.43429   -0.836661E-04    0.133510E-03   -0.991931E-05
 6.44179   -0.834572E-04    0.133166E-03   -0.965984E-05
 6.44929   -0.832486E-04    0.132822E-03   -0.940159E-05
 6.45679   -0.830404E-04    0.132480E-03   -0.914467E-05
 6.46430   -0.828325E-04    0.132138E-03   -0.888903E-05
 6.47180   -0.826250E-04    0.131797E-03   -0.863469E-05
 6.47930   -0.824178E-04    0.131458E-03   -0.838162E-05
 6.48680   -0.822110E-04    0.131119E-03   -0.812981E-05
 6.49430   -0.820046E-04    0.130781E-03   -0.787960E-05
 6.50181   -0.817986E-04    0.130444E-03   -0.763000E-05
 6.50931   -0.815929E-04    0.130108E-03   -0.738199E-05
 6.51681   -0.813877E-04    0.129773E-03   -0.713525E-05
 6.52431   -0.811828E-04    0.129439E-03   -0.688975E-05
 6.53181   -0.809784E-04    0.129106E-03   -0.664550E-05
 6.53932   -0.807744E-04    0.128773E-03   -0.640250E-05
 6.54682   -0.805708E-04    0.128442E-03   -0.616076E-05
 6.55432   -0.803676E-04    0.128111E-03   -0.592023E-05
 6.56182   -0.801648E-04    0.127782E-03   -0.568092E-05
 6.56932   -0.799625E-04    0.127453E-03   -0.544289E-05
 6.57683   -0.797607E-04    0.127126E-03   -0.520603E-05
 6.58433   -0.795593E-04    0.126799E-03   -0.497040E-05
 6.59183   -0.793583E-04    0.126473E-03   -0.473603E-05
 6.59933   -0.791578E-04    0.126148E-03   -0.450284E-05
 6.60683   -0.789578E-04    0.125824E-03   -0.427081E-05
 6.61434   -0.787582E-04    0.125501E-03   -0.403998E-05
 6.62184   -0.785591E-04    0.125179E-03   -0.381043E-05
 6.62934   -0.783605E-04    0.124858E-03   -0.358206E-05
 6.63684   -0.781624E-04    0.124538E-03   -0.335486E-05
 6.64435   -0.779647E-04    0.124219E-03   -0.312885E-05
 6.65185   -0.777676E-04    0.123900E-03   -0.290403E-05
 6.65935   -0.775709E-04    0.123583E-03   -0.268040E-05
 6.66685   -0.773748E-04    0.123266E-03   -0.245794E-05
 6.67435   -0.771791E-04    0.122951E-03   -0.223666E-05
 6.68186   -0.769840E-04    0.122636E-03   -0.201653E-05
 6.68936   -0.767894E-04    0.122322E-03   -0.179760E-05
 6.69686   -0.765953E-04    0.122010E-03   -0.157982E-05
 6.70436   -0.764017E-04    0.121698E-03   -0.136320E-05
 6.71186   -0.762086E-04    0.121387E-03   -0.114775E-05
 6.71937   -0.760161E-04    0.121077E-03   -0.933455E-06
 6.72687   -0.758241E-04    0.120768E-03   -0.720319E-06
 6.73437   -0.756326E-04    0.120460E-03   -0.508331E-06
 6.74187   -0.754417E-04    0.120153E-03   -0.297480E-06
 6.74937   -0.752513E-04    0.119846E-03   -0.877766E-07
 6.75688   -0.750614E-04    0.119541E-03    0.120792E-06
 6.76438   -0.748721E-04    0.119237E-03    0.328224E-06
 6.77188   -0.746833E-04    0.118933E-03    0.534531E-06
 6.77938   -0.744951E-04    0.118630E-03    0.739709E-06
 6.78688   -0.743075E-04    0.118329E-03    0.943773E-06
 6.79439   -0.741204E-04    0.118028E-03    0.114670E-05
 6.80189   -0.739338E-04    0.117728E-03    0.134851E-05
 6.80939   -0.737478E-04    0.117429E-03    0.154921E-05
 6.81689   -0.735624E-04    0.117131E-03    0.174880E-05
 6.82440   -0.733775E-04    0.116834E-03    0.194728E-05
 6.83190   -0.731932E-04    0.116538E-03    0.214467E-05
 6.83940   -0.730095E-04    0.116243E-03    0.234096E-05
 6.84690   -0.728263E-04    0.115948E-03    0.253615E-05
 6.85440   -0.726437E-04    0.115655E-03    0.273025E-05
 6.86191   -0.724616E-04    0.115362E-03    0.292326E-05
 6.86941   -0.722802E-04    0.115070E-03    0.311519E-05
 6.87691   -0.720992E-04    0.114780E-03    0.330603E-05
 6.88441   -0.719189E-04    0.114490E-03    0.349580E-05
 6.89191   -0.717391E-04    0.114201E-03    0.368449E-05
 6.89942   -0.715599E-04    0.113913E-03    0.387211E-05
 6.90692   -0.713813E-04    0.113626E-03    0.405867E-05
 6.91442   -0.712032E-04    0.113339E-03    0.424417E-05
 6.92192   -0.710257E-04    0.113054E-03    0.442861E-05
 6.92942   -0.708488E-04    0.112769E-03    0.461199E-05
 6.93693   -0.706725E-04    0.112486E-03    0.479433E-05
 6.94443   -0.704967E-04    0.112203E-03    0.497564E-05
 6.95193   -0.703215E-04    0.111921E-03    0.515588E-05
 6.95943   -0.701468E-04    0.111640E-03    0.533509E-05
 6.96693   -0.699727E-04    0.111360E-03    0.551325E-05
 6.97444   -0.697992E-04    0.111081E-03    0.569036E-05
 6.98194   -0.696262E-04    0.110802E-03    0.586649E-05
 6.98944   -0.694539E-04    0.110525E-03    0.604164E-05
 6.99694   -0.692820E-04    0.110248E-03    0.621573E-05
 7.00445   -0.691108E-04    0.109972E-03    0.638882E-05
 7.01195   -0.689400E-04    0.109697E-03    0.656089E-05
 7.01945   -0.687699E-04    0.109423E-03    0.673197E-05
 7.02695   -0.686003E-04    0.109150E-03    0.690205E-05
 7.03445   -0.684313E-04    0.108877E-03    0.707115E-05
 7.04196   -0.682628E-04    0.108606E-03    0.723926E-05
 7.04946   -0.680948E-04    0.108335E-03    0.740637E-05
 7.05696   -0.679274E-04    0.108065E-03    0.757250E-05
 7.06446   -0.677606E-04    0.107796E-03    0.773766E-05
 7.07196   -0.675943E-04    0.107528E-03    0.790185E-05
 7.07947   -0.674285E-04    0.107260E-03    0.806507E-05
 7.08697   -0.672633E-04    0.106994E-03    0.822733E-05
 7.09447   -0.670986E-04    0.106728E-03    0.838864E-05
 7.10197   -0.669344E-04    0.106463E-03    0.854901E-05
 7.10947   -0.667708E-04    0.106199E-03    0.870843E-05
 7.11698   -0.666077E-04    0.105935E-03    0.886690E-05
 7.12448   -0.664451E-04    0.105673E-03    0.902443E-05
 7.13198   -0.662830E-04    0.105411E-03    0.918104E-05
 7.13948   -0.661215E-04    0.105150E-03    0.933672E-05
 7.14698   -0.659604E-04    0.104890E-03    0.949147E-05
 7.15449   -0.657999E-04    0.104631E-03    0.964532E-05
 7.16199   -0.656399E-04    0.104372E-03    0.979825E-05
 7.16949   -0.654804E-04    0.104115E-03    0.995027E-05
 7.17699   -0.653213E-04    0.103858E-03    0.101014E-04
 7.18450   -0.651628E-04    0.103601E-03    0.102514E-04
 7.19200   -0.650048E-04    0.103346E-03    0.104008E-04
 7.19950   -0.648472E-04    0.103091E-03    0.105492E-04
 7.20700   -0.646902E-04    0.102837E-03    0.106968E-04
 7.21450   -0.645336E-04    0.102584E-03    0.108435E-04
 7.22201   -0.643775E-04    0.102332E-03    0.109893E-04
 7.22951   -0.642219E-04    0.102080E-03    0.111343E-04
 7.23701   -0.640667E-04    0.101830E-03    0.112784E-04
 7.24451   -0.639120E-04    0.101579E-03    0.114216E-04
 7.25201   -0.637578E-04    0.101330E-03    0.115640E-04
 7.25952   -0.636040E-04    0.101082E-03    0.117056E-04
 7.26702   -0.634506E-04    0.100834E-03    0.118463E-04
 7.27452   -0.632978E-04    0.100587E-03    0.119861E-04
 7.28202   -0.631453E-04    0.100340E-03    0.121252E-04
 7.28952   -0.629933E-04    0.100095E-03    0.122634E-04
 7.29703   -0.628418E-04    0.998497E-04    0.124008E-04
 7.30453   -0.626906E-04    0.996052E-04    0.125374E-04
 7.31203   -0.625399E-04    0.993617E-04    0.126731E-04
 7.31953   -0.623896E-04    0.991189E-04    0.128081E-04
 7.32704   -0.622398E-04    0.988768E-04    0.129422E-04
 7.33454   -0.620903E-04    0.986354E-04    0.130756E-04
 7.34204   -0.619413E-04    0.983947E-04    0.132082E-04
 7.34954   -0.617926E-04    0.981546E-04    0.133399E-04
 7.35704   -0.616444E-04    0.979153E-04    0.134709E-04
 7.36455   -0.614966E-04    0.976767E-04    0.136012E-04
 7.37205   -0.613491E-04    0.974387E-04    0.137306E-04
 7.37955   -0.612020E-04    0.972015E-04    0.138593E-04
 7.38705   -0.610554E-04    0.969649E-04    0.139873E-04
 7.39455   -0.609091E-04    0.967289E-04    0.141144E-04
 7.40206   -0.607631E-04    0.964937E-04    0.142409E-04
 7.40956   -0.606176E-04    0.962591E-04    0.143665E-04
 7.41706   -0.604724E-04    0.960252E-04    0.144914E-04
 7.42456   -0.603276E-04    0.957919E-04    0.146156E-04
 7.43206   -0.601831E-04    0.955593E-04    0.147391E-04
 7.43957   -0.600390E-04    0.953273E-04    0.148618E-04
 7.44707   -0.598953E-04    0.950963E-04    0.149838E-04
 7.45457   -0.597519E-04    0.948656E-04    0.151051E-04
 7.46207   -0.596088E-04    0.946356E-04    0.152256E-04
 7.46957   -0.594661E-04    0.944062E-04    0.153455E-04
 7.47708   -0.593237E-04    0.941771E-04    0.154646E-04
 7.48458   -0.591816E-04    0.939490E-04    0.155831E-04
 7.49208   -0.590399E-04    0.937215E-04    0.157008E-04
 7.49958   -0.588985E-04    0.934946E-04    0.158179E-04
 7.50709   -0.587574E-04    0.932683E-04    0.159342E-04
 7.51459   -0.586166E-04    0.930427E-04    0.160500E-04
 7.52209   -0.584762E-04    0.928177E-04    0.161649E-04
 7.52959   -0.583360E-04    0.925932E-04    0.162792E-04
 7.53709   -0.581962E-04    0.923694E-04    0.163929E-04
 7.54460   -0.580567E-04    0.921462E-04    0.165058E-04
 7.55210   -0.579174E-04    0.919236E-04    0.166181E-04
 7.55960   -0.577785E-04    0.917016E-04    0.167298E-04
 7.56710   -0.576398E-04    0.914801E-04    0.168408E-04
 7.57460   -0.575015E-04    0.912593E-04    0.169511E-04
 7.58211   -0.573634E-04    0.910390E-04    0.170608E-04
 7.58961   -0.572256E-04    0.908194E-04    0.171698E-04
 7.59711   -0.570881E-04    0.906003E-04    0.172782E-04
 7.60461   -0.569509E-04    0.903818E-04    0.173860E-04
 7.61211   -0.568139E-04    0.901639E-04    0.174932E-04
 7.61962   -0.566772E-04    0.899465E-04    0.175997E-04
 7.62712   -0.565408E-04    0.897297E-04    0.177055E-04
 7.63462   -0.564047E-04    0.895135E-04    0.178108E-04
 7.64212   -0.562688E-04    0.892981E-04    0.179154E-04
 7.64962   -0.561332E-04    0.890830E-04    0.180195E-04
 7.65713   -0.559978E-04    0.888685E-04    0.181229E-04
 7.66463   -0.558627E-04    0.886545E-04    0.182257E-04
 7.67213   -0.557278E-04    0.884411E-04    0.183279E-04
 7.67963   -0.555932E-04    0.882282E-04    0.184295E-04
 7.68714   -0.554589E-04    0.880159E-04    0.185305E-04
 7.69464   -0.553248E-04    0.878039E-04    0.186309E-04
 7.70214   -0.551909E-04    0.875927E-04    0.187307E-04
 7.70964   -0.550573E-04    0.873820E-04    0.188299E-04
 7.71714   -0.549239E-04    0.871718E-04    0.189286E-04
 7.72465   -0.547908E-04    0.869622E-04    0.190266E-04
 7.73215   -0.546579E-04    0.867531E-04    0.191241E-04
 7.73965   -0.545253E-04    0.865446E-04    0.192210E-04
 7.74715   -0.543928E-04    0.863366E-04    0.193174E-04
 7.75465   -0.542606E-04    0.861291E-04    0.194132E-04
 7.76216   -0.541287E-04    0.859222E-04    0.195084E-04
 7.76966   -0.539970E-04    0.857157E-04    0.196030E-04
 7.77716   -0.538655E-04    0.855098E-04    0.196971E-04
 7.78466   -0.537342E-04    0.853044E-04    0.197906E-04
 7.79216   -0.536031E-04    0.850996E-04    0.198836E-04
 7.79967   -0.534723E-04    0.848952E-04    0.199760E-04
 7.80717   -0.533417E-04    0.846914E-04    0.200679E-04
 7.81467   -0.532114E-04    0.844880E-04    0.201593E-04
 7.82217   -0.530812E-04    0.842852E-04    0.202500E-04
 7.82967   -0.529513E-04    0.840829E-04    0.203403E-04
 7.83718   -0.528216E-04    0.838811E-04    0.204300E-04
 7.84468   -0.526921E-04    0.836798E-04    0.205192E-04
 7.85218   -0.525628E-04    0.834790E-04    0.206078E-04
 7.85968   -0.524338E-04    0.832788E-04    0.206960E-04
 7.86719   -0.523049E-04    0.830790E-04    0.207836E-04
 7.87469   -0.521763E-04    0.828797E-04    0.208707E-04
 7.88219   -0.520479E-04    0.826809E-04    0.209572E-04
 7.88969   -0.519197E-04    0.824826E-04    0.210432E-04
 7.89719   -0.517918E-04    0.822850E-04    0.211287E-04
 7.90470   -0.516640E-04    0.820877E-04    0.212137E-04
 7.91220   -0.515365E-04    0.818909E-04    0.212982E-04
 7.91970   -0.514091E-04    0.816946E-04    0.213822E-04
 7.92720   -0.512820E-04    0.814988E-04    0.214657E-04
 7.93470   -0.511551E-04    0.813034E-04    0.215487E-04
 7.94221   -0.510285E-04    0.811086E-04    0.216311E-04
 7.94971   -0.509020E-04    0.809142E-04    0.217131E-04
 7.95721   -0.507758E-04    0.807201E-04    0.217946E-04
 7.96471   -0.506497E-04    0.805267E-04    0.218756E-04
 7.97221   -0.505239E-04    0.803337E-04    0.219561E-04
 7.97972   -0.503983E-04    0.801413E-04    0.220361E-04
 7.98722   -0.502729E-04    0.799493E-04    0.221156E-04
 7.99472   -0.501477E-04    0.797578E-04    0.221946E-04
 8.00222   -0.500228E-04    0.795668E-04    0.222731E-04
 8.00972   -0.498980E-04    0.793763E-04    0.223511E-04
 8.01723   -0.497735E-04    0.791862E-04    0.224287E-04
 8.02473   -0.496492E-04    0.789967E-04    0.225058E-04
 8.03223   -0.495251E-04    0.788075E-04    0.225824E-04
 8.03973   -0.494012E-04    0.786189E-04    0.226585E-04
 8.04724   -0.492776E-04    0.784307E-04    0.227342E-04
 8.05474   -0.491541E-04    0.782430E-04    0.228094E-04
 8.06224   -0.490309E-04    0.780558E-04    0.228841E-04
 8.06974   -0.489079E-04    0.778691E-04    0.229583E-04
 8.07724   -0.487851E-04    0.776828E-04    0.230321E-04
 8.08475   -0.486626E-04    0.774969E-04    0.231055E-04
 8.09225   -0.485402E-04    0.773116E-04    0.231783E-04
 8.09975   -0.484181E-04    0.771267E-04    0.232507E-04
 8.10725   -0.482962E-04    0.769422E-04    0.233226E-04
 8.11475   -0.481745E-04    0.767583E-04    0.233941E-04
 8.12226   -0.480531E-04    0.765748E-04    0.234652E-04
 8.12976   -0.479319E-04    0.763917E-04    0.235358E-04
 8.13726   -0.478109E-04    0.762091E-04    0.236059E-04
 8.14476   -0.476901E-04    0.760272E-04    0.236756E-04
 8.15226   -0.475695E-04    0.758456E-04    0.237448E-04
 8.15977   -0.474492E-04    0.756644E-04    0.238136E-04
 8.16727   -0.473291E-04    0.754836E-04    0.238819E-04
 8.17477   -0.472093E-04    0.753033E-04    0.239498E-04
 8.18227   -0.470896E-04    0.751235E-04    0.240173E-04
 8.18977   -0.469702E-04    0.749441E-04    0.240843E-04
 8.19728   -0.468511E-04    0.747649E-04    0.241509E-04
 8.20478   -0.467321E-04    0.745865E-04    0.242170E-04
 8.21228   -0.466134E-04    0.744084E-04    0.242827E-04
 8.21978   -0.464949E-04    0.742309E-04    0.243480E-04
 8.22729   -0.463767E-04    0.740538E-04    0.244128E-04
 8.23479   -0.462587E-04    0.738771E-04    0.244773E-04
 8.24229   -0.461409E-04    0.737009E-04    0.245413E-04
 8.24979   -0.460234E-04    0.735251E-04    0.246048E-04
 8.25729   -0.459061E-04    0.733498E-04    0.246680E-04
 8.26480   -0.457890E-04    0.731749E-04    0.247307E-04
 8.27230   -0.456722E-04    0.730005E-04    0.247930E-04
 8.27980   -0.455556E-04    0.728265E-04    0.248548E-04
 8.28730   -0.454393E-04    0.726530E-04    0.249163E-04
 8.29480   -0.453232E-04    0.724801E-04    0.249773E-04
 8.30231   -0.452073E-04    0.723075E-04    0.250380E-04
 8.30981   -0.450917E-04    0.721353E-04    0.250982E-04
 8.31731   -0.449764E-04    0.719636E-04    0.251579E-04
 8.32481   -0.448612E-04    0.717922E-04    0.252173E-04
 8.33231   -0.447464E-04    0.716214E-04    0.252763E-04
 8.33982   -0.446317E-04    0.714507E-04    0.253348E-04
 8.34732   -0.445173E-04    0.712808E-04    0.253930E-04
 8.35482   -0.444032E-04    0.711112E-04    0.254507E-04
 8.36232   -0.442893E-04    0.709421E-04    0.255081E-04
 8.36982   -0.441757E-04    0.707735E-04    0.255650E-04
 8.37733   -0.440623E-04    0.706052E-04    0.256216E-04
 8.38483   -0.439491E-04    0.704375E-04    0.256777E-04
 8.39233   -0.438363E-04    0.702701E-04    0.257334E-04
 8.39983   -0.437236E-04    0.701032E-04    0.257888E-04
 8.40734   -0.436112E-04    0.699367E-04    0.258437E-04
 8.41484   -0.434991E-04    0.697707E-04    0.258983E-04
 8.42234   -0.433872E-04    0.696051E-04    0.259524E-04
 8.42984   -0.432756E-04    0.694401E-04    0.260062E-04
 8.43734   -0.431643E-04    0.692754E-04    0.260596E-04
 8.44485   -0.430531E-04    0.691111E-04    0.261125E-04
 8.45235   -0.429423E-04    0.689472E-04    0.261651E-04
 8.45985   -0.428317E-04    0.687837E-04    0.262174E-04
 8.46735   -0.427214E-04    0.686207E-04    0.262692E-04
 8.47485   -0.426113E-04    0.684581E-04    0.263206E-04
 8.48236   -0.425015E-04    0.682960E-04    0.263717E-04
 8.48986   -0.423919E-04    0.681343E-04    0.264224E-04
 8.49736   -0.422826E-04    0.679728E-04    0.264727E-04
 8.50486   -0.421736E-04    0.678119E-04    0.265226E-04
 8.51236   -0.420648E-04    0.676514E-04    0.265722E-04
 8.51987   -0.419563E-04    0.674914E-04    0.266213E-04
 8.52737   -0.418480E-04    0.673318E-04    0.266701E-04
 8.53487   -0.417400E-04    0.671727E-04    0.267186E-04
 8.54237   -0.416323E-04    0.670139E-04    0.267666E-04
 8.54987   -0.415248E-04    0.668556E-04    0.268143E-04
 8.55738   -0.414176E-04    0.666977E-04    0.268616E-04
 8.56488   -0.413107E-04    0.665402E-04    0.269086E-04
 8.57238   -0.412040E-04    0.663831E-04    0.269552E-04
 8.57988   -0.410976E-04    0.662265E-04    0.270014E-04
 8.58739   -0.409915E-04    0.660703E-04    0.270473E-04
 8.59489   -0.408856E-04    0.659145E-04    0.270928E-04
 8.60239   -0.407800E-04    0.657591E-04    0.271380E-04
 8.60989   -0.406747E-04    0.656041E-04    0.271827E-04
 8.61739   -0.405696E-04    0.654496E-04    0.272272E-04
 8.62490   -0.404648E-04    0.652954E-04    0.272713E-04
 8.63240   -0.403602E-04    0.651417E-04    0.273150E-04
 8.63990   -0.402560E-04    0.649884E-04    0.273584E-04
 8.64740   -0.401520E-04    0.648355E-04    0.274014E-04
 8.65490   -0.400482E-04    0.646830E-04    0.274440E-04
 8.66241   -0.399448E-04    0.645309E-04    0.274864E-04
 8.66991   -0.398416E-04    0.643792E-04    0.275283E-04
 8.67741   -0.397387E-04    0.642280E-04    0.275700E-04
 8.68491   -0.396360E-04    0.640771E-04    0.276112E-04
 8.69241   -0.395336E-04    0.639267E-04    0.276522E-04
 8.69992   -0.394315E-04    0.637767E-04    0.276928E-04
 8.70742   -0.393297E-04    0.636271E-04    0.277330E-04
 8.71492   -0.392281E-04    0.634778E-04    0.277729E-04
 8.72242   -0.391268E-04    0.633290E-04    0.278125E-04
 8.72992   -0.390258E-04    0.631806E-04    0.278518E-04
 8.73743   -0.389250E-04    0.630326E-04    0.278907E-04
 8.74493   -0.388245E-04    0.628850E-04    0.279292E-04
 8.75243   -0.387243E-04    0.627378E-04    0.279675E-04
 8.75993   -0.386243E-04    0.625912E-04    0.280054E-04
 8.76744   -0.385246E-04    0.624448E-04    0.280430E-04
 8.77494   -0.384252E-04    0.622988E-04    0.280802E-04
 8.78244   -0.383261E-04    0.621532E-04    0.281172E-04
 8.78994   -0.382272E-04    0.620080E-04    0.281538E-04
 8.79744   -0.381286E-04    0.618632E-04    0.281900E-04
 8.80495   -0.380303E-04    0.617187E-04    0.282260E-04
 8.81245   -0.379323E-04    0.615747E-04    0.282616E-04
 8.81995   -0.378345E-04    0.614311E-04    0.282969E-04
 8.82745   -0.377370E-04    0.612879E-04    0.283319E-04
 8.83495   -0.376397E-04    0.611450E-04    0.283666E-04
 8.84246   -0.375428E-04    0.610026E-04    0.284009E-04
 8.84996   -0.374461E-04    0.608605E-04    0.284350E-04
 8.85746   -0.373497E-04    0.607187E-04    0.284687E-04
 8.86496   -0.372535E-04    0.605774E-04    0.285021E-04
 8.87246   -0.371576E-04    0.604366E-04    0.285352E-04
 8.87997   -0.370620E-04    0.602961E-04    0.285680E-04
 8.88747   -0.369667E-04    0.601560E-04    0.286005E-04
 8.89497   -0.368716E-04    0.600162E-04    0.286326E-04
 8.90247   -0.367768E-04    0.598769E-04    0.286645E-04
 8.90997   -0.366823E-04    0.597379E-04    0.286961E-04
 8.91748   -0.365880E-04    0.595994E-04    0.287273E-04
 8.92498   -0.364940E-04    0.594612E-04    0.287583E-04
 8.93248   -0.364003E-04    0.593234E-04    0.287889E-04
 8.93998   -0.363069E-04    0.591859E-04    0.288193E-04
 8.94749   -0.362137E-04    0.590489E-04    0.288493E-04
 8.95499   -0.361208E-04    0.589122E-04    0.288791E-04
 8.96249   -0.360281E-04    0.587759E-04    0.289086E-04
 8.96999   -0.359358E-04    0.586400E-04    0.289377E-04
 8.97749   -0.358437E-04    0.585045E-04    0.289666E-04
 8.98500   -0.357518E-04    0.583693E-04    0.289952E-04
 8.99250   -0.356603E-04    0.582345E-04    0.290235E-04
 9.00000   -0.355690E-04    0.581002E-04    0.290515E-04
