 0.00500    0.110312E-01   -0.578326E-02    0.456634E-02
 0.02303    0.896837E-02   -0.475175E-02    0.379238E-02
 0.04105    0.777056E-02   -0.415249E-02    0.334237E-02
 0.05908    0.690308E-02   -0.371827E-02    0.301590E-02
 0.07710    0.622265E-02   -0.337747E-02    0.275926E-02
 0.09513    0.566525E-02   -0.309809E-02    0.254852E-02
 0.11316    0.519561E-02   -0.286249E-02    0.237046E-02
 0.13118    0.479211E-02   -0.265989E-02    0.221699E-02
 0.14921    0.444036E-02   -0.248308E-02    0.208274E-02
 0.16723    0.413021E-02   -0.232700E-02    0.196393E-02
 0.18526    0.385422E-02   -0.218795E-02    0.185775E-02
 0.20329    0.360680E-02   -0.206312E-02    0.176218E-02
 0.22131    0.338358E-02   -0.195035E-02    0.167558E-02
 0.23934    0.318111E-02   -0.184791E-02    0.159663E-02
 0.25736    0.299662E-02   -0.175441E-02    0.152432E-02
 0.27539    0.282782E-02   -0.166872E-02    0.145781E-02
 0.29342    0.267281E-02   -0.158989E-02    0.139638E-02
 0.31144    0.253001E-02   -0.151714E-02    0.133946E-02
 0.32947    0.239809E-02   -0.144980E-02    0.128654E-02
 0.34749    0.227588E-02   -0.138728E-02    0.123721E-02
 0.36552    0.216240E-02   -0.132911E-02    0.119110E-02
 0.38355    0.205680E-02   -0.127486E-02    0.114790E-02
 0.40157    0.195832E-02   -0.122415E-02    0.110732E-02
 0.41960    0.186630E-02   -0.117666E-02    0.106913E-02
 0.43763    0.178019E-02   -0.113210E-02    0.103312E-02
 0.45565    0.169947E-02   -0.109022E-02    0.999097E-03
 0.47368    0.162368E-02   -0.105079E-02    0.966900E-03
 0.49170    0.155242E-02   -0.101362E-02    0.936378E-03
 0.50973    0.148532E-02   -0.978518E-03    0.907400E-03
 0.52776    0.142206E-02   -0.945329E-03    0.879847E-03
 0.54578    0.136236E-02   -0.913907E-03    0.853611E-03
 0.56381    0.130594E-02   -0.884119E-03    0.828597E-03
 0.58183    0.125256E-02   -0.855848E-03    0.804717E-03
 0.59986    0.120201E-02   -0.828986E-03    0.781893E-03
 0.61789    0.115408E-02   -0.803435E-03    0.760052E-03
 0.63591    0.110861E-02   -0.779105E-03    0.739129E-03
 0.65394    0.106543E-02   -0.755916E-03    0.719065E-03
 0.67196    0.102438E-02   -0.733793E-03    0.699806E-03
 0.68999    0.985321E-03   -0.712667E-03    0.681300E-03
 0.70802    0.948136E-03   -0.692477E-03    0.663503E-03
 0.72604    0.912705E-03   -0.673163E-03    0.646372E-03
 0.74407    0.878919E-03   -0.654672E-03    0.629868E-03
 0.76209    0.846680E-03   -0.636957E-03    0.613956E-03
 0.78012    0.815897E-03   -0.619972E-03    0.598602E-03
 0.79815    0.786484E-03   -0.603674E-03    0.583777E-03
 0.81617    0.758364E-03   -0.588025E-03    0.569451E-03
 0.83420    0.731462E-03   -0.572988E-03    0.555599E-03
 0.85222    0.705712E-03   -0.558532E-03    0.542197E-03
 0.87025    0.681051E-03   -0.544623E-03    0.529220E-03
 0.88828    0.657420E-03   -0.531234E-03    0.516650E-03
 0.90630    0.634764E-03   -0.518338E-03    0.504465E-03
 0.92433    0.613033E-03   -0.505909E-03    0.492647E-03
 0.94235    0.592178E-03   -0.493923E-03    0.481180E-03
 0.96038    0.572156E-03   -0.482359E-03    0.470047E-03
 0.97841    0.552924E-03   -0.471196E-03    0.459233E-03
 0.99643    0.534443E-03   -0.460414E-03    0.448725E-03
 1.01446    0.516677E-03   -0.449996E-03    0.438508E-03
 1.03248    0.499591E-03   -0.439925E-03    0.428571E-03
 1.05051    0.483124E-03   -0.430185E-03    0.418902E-03
 1.06854    0.467332E-03   -0.420760E-03    0.409490E-03
 1.08656    0.452100E-03   -0.411636E-03    0.400325E-03
 1.10459    0.437430E-03   -0.402801E-03    0.391396E-03
 1.12262    0.423296E-03   -0.394241E-03    0.382695E-03
 1.14064    0.409679E-03   -0.385945E-03    0.374213E-03
 1.15867    0.396546E-03   -0.377902E-03    0.365942E-03
 1.17669    0.383881E-03   -0.370099E-03    0.357873E-03
 1.19472    0.371664E-03   -0.362530E-03    0.350000E-03
 1.21275    0.359875E-03   -0.355176E-03    0.342316E-03
 1.23077    0.348497E-03   -0.348041E-03    0.334814E-03
 1.24880    0.337512E-03   -0.341111E-03    0.327487E-03
 1.26682    0.326904E-03   -0.334378E-03    0.320330E-03
 1.28485    0.316656E-03   -0.327834E-03    0.313337E-03
 1.30288    0.306756E-03   -0.321472E-03    0.306503E-03
 1.32090    0.297187E-03   -0.315284E-03    0.299822E-03
 1.33893    0.287938E-03   -0.309265E-03    0.293289E-03
 1.35695    0.278996E-03   -0.303407E-03    0.286900E-03
 1.37498    0.270348E-03   -0.297705E-03    0.280651E-03
 1.39301    0.261983E-03   -0.292154E-03    0.274537E-03
 1.41103    0.253890E-03   -0.286747E-03    0.268554E-03
 1.42906    0.246058E-03   -0.281480E-03    0.262698E-03
 1.44708    0.238479E-03   -0.276348E-03    0.256965E-03
 1.46511    0.231142E-03   -0.271345E-03    0.251352E-03
 1.48314    0.224038E-03   -0.266468E-03    0.245855E-03
 1.50116    0.217159E-03   -0.261713E-03    0.240472E-03
 1.51919    0.210496E-03   -0.257074E-03    0.235199E-03
 1.53721    0.204042E-03   -0.252549E-03    0.230032E-03
 1.55524    0.197789E-03   -0.248133E-03    0.224970E-03
 1.57327    0.191731E-03   -0.243824E-03    0.220009E-03
 1.59129    0.185860E-03   -0.239617E-03    0.215147E-03
 1.60932    0.180169E-03   -0.235509E-03    0.210381E-03
 1.62734    0.174653E-03   -0.231497E-03    0.205709E-03
 1.64537    0.169306E-03   -0.227578E-03    0.201128E-03
 1.66340    0.164121E-03   -0.223750E-03    0.196636E-03
 1.68142    0.159094E-03   -0.220013E-03    0.192232E-03
 1.69945    0.154219E-03   -0.216357E-03    0.187912E-03
 1.71747    0.149491E-03   -0.212783E-03    0.183675E-03
 1.73550    0.144906E-03   -0.209290E-03    0.179519E-03
 1.75353    0.140459E-03   -0.205874E-03    0.175442E-03
 1.77155    0.136146E-03   -0.202534E-03    0.171443E-03
 1.78958    0.131962E-03   -0.199268E-03    0.167519E-03
 1.80761    0.127904E-03   -0.196073E-03    0.163669E-03
 1.82563    0.123967E-03   -0.192947E-03    0.159891E-03
 1.84366    0.120149E-03   -0.189889E-03    0.156185E-03
 1.86168    0.116446E-03   -0.186897E-03    0.152548E-03
 1.87971    0.112854E-03   -0.183970E-03    0.148978E-03
 1.89774    0.109371E-03   -0.181105E-03    0.145476E-03
 1.91576    0.105994E-03   -0.178302E-03    0.142039E-03
 1.93379    0.102719E-03   -0.175558E-03    0.138665E-03
 1.95181    0.995453E-04   -0.172873E-03    0.135356E-03
 1.96984    0.964690E-04   -0.170245E-03    0.132107E-03
 1.98787    0.934882E-04   -0.167673E-03    0.128920E-03
 2.00589    0.906005E-04   -0.165156E-03    0.125792E-03
 2.02392    0.878040E-04   -0.162692E-03    0.122723E-03
 2.04194    0.850967E-04   -0.160282E-03    0.119712E-03
 2.05997    0.824766E-04   -0.157922E-03    0.116757E-03
 2.07800    0.799422E-04   -0.155614E-03    0.113859E-03
 2.09602    0.774915E-04   -0.153356E-03    0.111015E-03
 2.11405    0.751230E-04   -0.151146E-03    0.108226E-03
 2.13207    0.728353E-04   -0.148985E-03    0.105490E-03
 2.15010    0.706267E-04   -0.146871E-03    0.102807E-03
 2.16813    0.684960E-04   -0.144803E-03    0.100176E-03
 2.18615    0.664418E-04   -0.142782E-03    0.975953E-04
 2.20418    0.644626E-04   -0.140806E-03    0.950655E-04
 2.22220    0.625571E-04   -0.138873E-03    0.925853E-04
 2.24023    0.607239E-04   -0.136985E-03    0.901540E-04
 2.25826    0.589617E-04   -0.135139E-03    0.877708E-04
 2.27628    0.572690E-04   -0.133336E-03    0.854349E-04
 2.29431    0.556445E-04   -0.131573E-03    0.831455E-04
 2.31233    0.540865E-04   -0.129852E-03    0.809018E-04
 2.33036    0.525936E-04   -0.128169E-03    0.787030E-04
 2.34839    0.511638E-04   -0.126526E-03    0.765482E-04
 2.36641    0.497956E-04   -0.124920E-03    0.744364E-04
 2.38444    0.484869E-04   -0.123350E-03    0.723665E-04
 2.40246    0.472357E-04   -0.121817E-03    0.703376E-04
 2.42049    0.460398E-04   -0.120317E-03    0.683486E-04
 2.43852    0.448969E-04   -0.118851E-03    0.663984E-04
 2.45654    0.438045E-04   -0.117417E-03    0.644857E-04
 2.47457    0.427598E-04   -0.116013E-03    0.626094E-04
 2.49260    0.417601E-04   -0.114637E-03    0.607680E-04
 2.51062    0.408025E-04   -0.113290E-03    0.589601E-04
 2.52865    0.398837E-04   -0.111968E-03    0.571845E-04
 2.54667    0.390005E-04   -0.110669E-03    0.554395E-04
 2.56470    0.381495E-04   -0.109394E-03    0.537236E-04
 2.58273    0.373271E-04   -0.108138E-03    0.520354E-04
 2.60075    0.365295E-04   -0.106901E-03    0.503729E-04
 2.61878    0.357532E-04   -0.105680E-03    0.487347E-04
 2.63680    0.349942E-04   -0.104474E-03    0.471189E-04
 2.65483    0.342487E-04   -0.103280E-03    0.455238E-04
 2.67286    0.335127E-04   -0.102097E-03    0.439479E-04
 2.69088    0.327824E-04   -0.100922E-03    0.423896E-04
 2.70891    0.320539E-04   -0.997539E-04    0.408468E-04
 2.72693    0.313233E-04   -0.985899E-04    0.393179E-04
 2.74496    0.305869E-04   -0.974285E-04    0.378016E-04
 2.76299    0.298411E-04   -0.962677E-04    0.362961E-04
 2.78101    0.290824E-04   -0.951058E-04    0.347999E-04
 2.79904    0.283075E-04   -0.939409E-04    0.333116E-04
 2.81706    0.275133E-04   -0.927717E-04    0.318298E-04
 2.83509    0.266971E-04   -0.915966E-04    0.303533E-04
 2.85312    0.258561E-04   -0.904141E-04    0.288809E-04
 2.87114    0.249879E-04   -0.892232E-04    0.274115E-04
 2.88917    0.240906E-04   -0.880226E-04    0.259443E-04
 2.90719    0.231623E-04   -0.868115E-04    0.244784E-04
 2.92522    0.222016E-04   -0.855893E-04    0.230131E-04
 2.94325    0.212074E-04   -0.843551E-04    0.215478E-04
 2.96127    0.201791E-04   -0.831088E-04    0.200823E-04
 2.97930    0.191160E-04   -0.818500E-04    0.186162E-04
 2.99732    0.180183E-04   -0.805787E-04    0.171493E-04
 3.01535    0.168860E-04   -0.792950E-04    0.156817E-04
 3.03338    0.157196E-04   -0.779991E-04    0.142135E-04
 3.05140    0.145202E-04   -0.766914E-04    0.127449E-04
 3.06943    0.132887E-04   -0.753726E-04    0.112763E-04
 3.08745    0.120267E-04   -0.740433E-04    0.980814E-05
 3.10548    0.107360E-04   -0.727044E-04    0.834111E-05
 3.12351    0.941837E-05   -0.713570E-04    0.687588E-05
 3.14153    0.807618E-05   -0.700021E-04    0.541317E-05
 3.15956    0.671173E-05   -0.686409E-04    0.395391E-05
 3.17759    0.532757E-05   -0.672747E-04    0.249900E-05
 3.19561    0.392637E-05   -0.659048E-04    0.104947E-05
 3.21364    0.251097E-05   -0.645327E-04   -0.393680E-06
 3.23166    0.108424E-05   -0.631599E-04   -0.182936E-05
 3.24969   -0.350748E-06   -0.617878E-04   -0.325648E-05
 3.26772   -0.179101E-05   -0.604180E-04   -0.467387E-05
 3.28574   -0.323341E-05   -0.590521E-04   -0.608040E-05
 3.30377   -0.467493E-05   -0.576915E-04   -0.747492E-05
 3.32179   -0.611252E-05   -0.563379E-04   -0.885632E-05
 3.33982   -0.754324E-05   -0.549927E-04   -0.102234E-04
 3.35785   -0.896418E-05   -0.536574E-04   -0.115752E-04
 3.37587   -0.103725E-04   -0.523334E-04   -0.129106E-04
 3.39390   -0.117655E-04   -0.510221E-04   -0.142286E-04
 3.41192   -0.131407E-04   -0.497248E-04   -0.155282E-04
 3.42995   -0.144956E-04   -0.484427E-04   -0.168086E-04
 3.44798   -0.158275E-04   -0.471769E-04   -0.180688E-04
 3.46600   -0.171348E-04   -0.459287E-04   -0.193081E-04
 3.48403   -0.184152E-04   -0.446990E-04   -0.205257E-04
 3.50205   -0.196668E-04   -0.434888E-04   -0.217210E-04
 3.52008   -0.208881E-04   -0.422989E-04   -0.228933E-04
 3.53811   -0.220775E-04   -0.411300E-04   -0.240421E-04
 3.55613   -0.232336E-04   -0.399828E-04   -0.251670E-04
 3.57416   -0.243554E-04   -0.388578E-04   -0.262675E-04
 3.59218   -0.254419E-04   -0.377557E-04   -0.273434E-04
 3.61021   -0.264921E-04   -0.366766E-04   -0.283944E-04
 3.62824   -0.275056E-04   -0.356211E-04   -0.294202E-04
 3.64626   -0.284817E-04   -0.345891E-04   -0.304208E-04
 3.66429   -0.294200E-04   -0.335813E-04   -0.313959E-04
 3.68231   -0.303205E-04   -0.325974E-04   -0.323457E-04
 3.70034   -0.311828E-04   -0.316376E-04   -0.332702E-04
 3.71837   -0.320072E-04   -0.307019E-04   -0.341694E-04
 3.73639   -0.327938E-04   -0.297900E-04   -0.350435E-04
 3.75442   -0.335428E-04   -0.289019E-04   -0.358926E-04
 3.77244   -0.342547E-04   -0.280373E-04   -0.367169E-04
 3.79047   -0.349299E-04   -0.271960E-04   -0.375168E-04
 3.80850   -0.355690E-04   -0.263776E-04   -0.382925E-04
 3.82652   -0.361726E-04   -0.255819E-04   -0.390444E-04
 3.84455   -0.367413E-04   -0.248085E-04   -0.397727E-04
 3.86258   -0.372759E-04   -0.240570E-04   -0.404778E-04
 3.88060   -0.377773E-04   -0.233270E-04   -0.411602E-04
 3.89863   -0.382461E-04   -0.226179E-04   -0.418202E-04
 3.91665   -0.386834E-04   -0.219294E-04   -0.424583E-04
 3.93468   -0.390901E-04   -0.212609E-04   -0.430749E-04
 3.95271   -0.394670E-04   -0.206120E-04   -0.436704E-04
 3.97073   -0.398152E-04   -0.199821E-04   -0.442454E-04
 3.98876   -0.401356E-04   -0.193708E-04   -0.448003E-04
 4.00678   -0.404291E-04   -0.187774E-04   -0.453356E-04
 4.02481   -0.406968E-04   -0.182015E-04   -0.458515E-04
 4.04284   -0.409396E-04   -0.176426E-04   -0.463488E-04
 4.06086   -0.411585E-04   -0.171002E-04   -0.468279E-04
 4.07889   -0.413544E-04   -0.165737E-04   -0.472891E-04
 4.09691   -0.415282E-04   -0.160627E-04   -0.477331E-04
 4.11494   -0.416809E-04   -0.155666E-04   -0.481602E-04
 4.13297   -0.418134E-04   -0.150848E-04   -0.485708E-04
 4.15099   -0.419266E-04   -0.146171E-04   -0.489655E-04
 4.16902   -0.420214E-04   -0.141629E-04   -0.493446E-04
 4.18704   -0.420986E-04   -0.137217E-04   -0.497086E-04
 4.20507   -0.421590E-04   -0.132931E-04   -0.500579E-04
 4.22310   -0.422035E-04   -0.128767E-04   -0.503929E-04
 4.24112   -0.422328E-04   -0.124719E-04   -0.507140E-04
 4.25915   -0.422477E-04   -0.120784E-04   -0.510217E-04
 4.27717   -0.422488E-04   -0.116959E-04   -0.513162E-04
 4.29520   -0.422370E-04   -0.113238E-04   -0.515979E-04
 4.31323   -0.422128E-04   -0.109619E-04   -0.518673E-04
 4.33125   -0.421769E-04   -0.106099E-04   -0.521246E-04
 4.34928   -0.421300E-04   -0.102672E-04   -0.523702E-04
 4.36730   -0.420726E-04   -0.993356E-05   -0.526044E-04
 4.38533   -0.420053E-04   -0.960873E-05   -0.528275E-04
 4.40336   -0.419287E-04   -0.929236E-05   -0.530399E-04
 4.42138   -0.418432E-04   -0.898414E-05   -0.532418E-04
 4.43941   -0.417495E-04   -0.868378E-05   -0.534336E-04
 4.45743   -0.416479E-04   -0.839102E-05   -0.536155E-04
 4.47546   -0.415390E-04   -0.810558E-05   -0.537878E-04
 4.49349   -0.414231E-04   -0.782722E-05   -0.539507E-04
 4.51151   -0.413007E-04   -0.755568E-05   -0.541045E-04
 4.52954   -0.411722E-04   -0.729075E-05   -0.542494E-04
 4.54757   -0.410379E-04   -0.703219E-05   -0.543858E-04
 4.56559   -0.408988E-04   -0.677978E-05   -0.545137E-04
 4.58362   -0.407541E-04   -0.653333E-05   -0.546335E-04
 4.60164   -0.406047E-04   -0.629262E-05   -0.547454E-04
 4.61967   -0.404508E-04   -0.605749E-05   -0.548495E-04
 4.63770   -0.402929E-04   -0.582772E-05   -0.549461E-04
 4.65572   -0.401311E-04   -0.560317E-05   -0.550353E-04
 4.67375   -0.399658E-04   -0.538365E-05   -0.551174E-04
 4.69177   -0.397971E-04   -0.516902E-05   -0.551926E-04
 4.70980   -0.396254E-04   -0.495911E-05   -0.552611E-04
 4.72783   -0.394508E-04   -0.475379E-05   -0.553230E-04
 4.74585   -0.392735E-04   -0.455291E-05   -0.553784E-04
 4.76388   -0.390938E-04   -0.435635E-05   -0.554277E-04
 4.78190   -0.389119E-04   -0.416396E-05   -0.554708E-04
 4.79993   -0.387279E-04   -0.397563E-05   -0.555081E-04
 4.81796   -0.385421E-04   -0.379124E-05   -0.555396E-04
 4.83598   -0.383545E-04   -0.361067E-05   -0.555654E-04
 4.85401   -0.381653E-04   -0.343382E-05   -0.555858E-04
 4.87203   -0.379748E-04   -0.326057E-05   -0.556009E-04
 4.89006   -0.377829E-04   -0.309084E-05   -0.556107E-04
 4.90809   -0.375899E-04   -0.292452E-05   -0.556155E-04
 4.92611   -0.373960E-04   -0.276151E-05   -0.556153E-04
 4.94414   -0.372011E-04   -0.260173E-05   -0.556102E-04
 4.96216   -0.370054E-04   -0.244509E-05   -0.556004E-04
 4.98019   -0.368091E-04   -0.229151E-05   -0.555861E-04
 4.99822   -0.366122E-04   -0.214091E-05   -0.555672E-04
 5.01624   -0.364148E-04   -0.199320E-05   -0.555439E-04
 5.03427   -0.362171E-04   -0.184833E-05   -0.555163E-04
 5.05229   -0.360190E-04   -0.170620E-05   -0.554846E-04
 5.07032   -0.358208E-04   -0.156675E-05   -0.554487E-04
 5.08835   -0.356224E-04   -0.142992E-05   -0.554089E-04
 5.10637   -0.354240E-04   -0.129563E-05   -0.553652E-04
 5.12440   -0.352257E-04   -0.116384E-05   -0.553177E-04
 5.14242   -0.350274E-04   -0.103447E-05   -0.552665E-04
 5.16045   -0.348293E-04   -0.907465E-06   -0.552116E-04
 5.17848   -0.346314E-04   -0.782772E-06   -0.551533E-04
 5.19650   -0.344337E-04   -0.660328E-06   -0.550916E-04
 5.21453   -0.342365E-04   -0.540087E-06   -0.550265E-04
 5.23256   -0.340396E-04   -0.421993E-06   -0.549582E-04
 5.25058   -0.338431E-04   -0.305994E-06   -0.548867E-04
 5.26861   -0.336472E-04   -0.192050E-06   -0.548121E-04
 5.28663   -0.334518E-04   -0.801008E-07   -0.547346E-04
 5.30466   -0.332569E-04    0.298935E-07   -0.546541E-04
 5.32269   -0.330627E-04    0.137982E-06   -0.545707E-04
 5.34071   -0.328691E-04    0.244200E-06   -0.544846E-04
 5.35874   -0.326763E-04    0.348594E-06   -0.543950E-04
 5.37676   -0.324841E-04    0.451203E-06   -0.543036E-04
 5.39479   -0.322928E-04    0.552065E-06   -0.542095E-04
 5.41282   -0.321022E-04    0.651224E-06   -0.541129E-04
 5.43084   -0.319124E-04    0.748712E-06   -0.540139E-04
 5.44887   -0.317235E-04    0.844569E-06   -0.539125E-04
 5.46689   -0.315355E-04    0.938824E-06   -0.538087E-04
 5.48492   -0.313484E-04    0.103151E-05   -0.537027E-04
 5.50295   -0.311622E-04    0.112267E-05   -0.535944E-04
 5.52097   -0.309769E-04    0.121232E-05   -0.534839E-04
 5.53900   -0.307926E-04    0.130050E-05   -0.533713E-04
 5.55702   -0.306093E-04    0.138724E-05   -0.532566E-04
 5.57505   -0.304269E-04    0.147257E-05   -0.531399E-04
 5.59308   -0.302456E-04    0.155651E-05   -0.530212E-04
 5.61110   -0.300653E-04    0.163908E-05   -0.529006E-04
 5.62913   -0.298860E-04    0.172032E-05   -0.527781E-04
 5.64715   -0.297077E-04    0.180024E-05   -0.526538E-04
 5.66518   -0.295305E-04    0.187889E-05   -0.525277E-04
 5.68321   -0.293544E-04    0.195627E-05   -0.523999E-04
 5.70123   -0.291792E-04    0.203240E-05   -0.522703E-04
 5.71926   -0.290052E-04    0.210731E-05   -0.521392E-04
 5.73728   -0.288322E-04    0.218101E-05   -0.520064E-04
 5.75531   -0.286603E-04    0.225353E-05   -0.518721E-04
 5.77334   -0.284894E-04    0.232489E-05   -0.517363E-04
 5.79136   -0.283196E-04    0.239510E-05   -0.515990E-04
 5.80939   -0.281509E-04    0.246418E-05   -0.514609E-04
 5.82741   -0.279833E-04    0.253214E-05   -0.513208E-04
 5.84544   -0.278166E-04    0.259901E-05   -0.511793E-04
 5.86347   -0.276511E-04    0.266479E-05   -0.510365E-04
 5.88149   -0.274866E-04    0.272950E-05   -0.508924E-04
 5.89952   -0.273231E-04    0.279316E-05   -0.507471E-04
 5.91755   -0.271607E-04    0.285578E-05   -0.506006E-04
 5.93557   -0.269993E-04    0.291736E-05   -0.504529E-04
 5.95360   -0.268390E-04    0.297793E-05   -0.503040E-04
 5.97162   -0.266796E-04    0.303750E-05   -0.501540E-04
 5.98965   -0.265213E-04    0.309606E-05   -0.500030E-04
 6.00768   -0.263639E-04    0.315366E-05   -0.498509E-04
 6.02570   -0.262076E-04    0.321029E-05   -0.496977E-04
 6.04373   -0.260522E-04    0.326595E-05   -0.495436E-04
 6.06175   -0.258978E-04    0.332066E-05   -0.493885E-04
 6.07978   -0.257443E-04    0.337443E-05   -0.492324E-04
 6.09781   -0.255919E-04    0.342727E-05   -0.490754E-04
 6.11583   -0.254403E-04    0.347919E-05   -0.489176E-04
 6.13386   -0.252897E-04    0.353020E-05   -0.487589E-04
 6.15188   -0.251400E-04    0.358031E-05   -0.485993E-04
 6.16991   -0.249912E-04    0.362953E-05   -0.484389E-04
 6.18794   -0.248433E-04    0.367786E-05   -0.482777E-04
 6.20596   -0.246964E-04    0.372531E-05   -0.481158E-04
 6.22399   -0.245502E-04    0.377190E-05   -0.479531E-04
 6.24201   -0.244050E-04    0.381762E-05   -0.477897E-04
 6.26004   -0.242606E-04    0.386250E-05   -0.476256E-04
 6.27807   -0.241171E-04    0.390654E-05   -0.474608E-04
 6.29609   -0.239744E-04    0.394974E-05   -0.472954E-04
 6.31412   -0.238326E-04    0.399212E-05   -0.471293E-04
 6.33214   -0.236915E-04    0.403368E-05   -0.469626E-04
 6.35017   -0.235513E-04    0.407443E-05   -0.467954E-04
 6.36820   -0.234119E-04    0.411438E-05   -0.466275E-04
 6.38622   -0.232733E-04    0.415354E-05   -0.464591E-04
 6.40425   -0.231355E-04    0.419191E-05   -0.462902E-04
 6.42227   -0.229984E-04    0.422951E-05   -0.461208E-04
 6.44030   -0.228622E-04    0.426635E-05   -0.459509E-04
 6.45833   -0.227267E-04    0.430242E-05   -0.457806E-04
 6.47635   -0.225919E-04    0.433775E-05   -0.456097E-04
 6.49438   -0.224579E-04    0.437233E-05   -0.454385E-04
 6.51240   -0.223247E-04    0.440618E-05   -0.452669E-04
 6.53043   -0.221922E-04    0.443931E-05   -0.450948E-04
 6.54846   -0.220604E-04    0.447172E-05   -0.449224E-04
 6.56648   -0.219294E-04    0.450343E-05   -0.447497E-04
 6.58451   -0.217991E-04    0.453444E-05   -0.445766E-04
 6.60254   -0.216696E-04    0.456476E-05   -0.444032E-04
 6.62056   -0.215407E-04    0.459441E-05   -0.442295E-04
 6.63859   -0.214126E-04    0.462339E-05   -0.440555E-04
 6.65661   -0.212852E-04    0.465170E-05   -0.438813E-04
 6.67464   -0.211584E-04    0.467937E-05   -0.437069E-04
 6.69267   -0.210324E-04    0.470639E-05   -0.435322E-04
 6.71069   -0.209071E-04    0.473278E-05   -0.433573E-04
 6.72872   -0.207825E-04    0.475854E-05   -0.431822E-04
 6.74674   -0.206586E-04    0.478369E-05   -0.430069E-04
 6.76477   -0.205355E-04    0.480824E-05   -0.428315E-04
 6.78280   -0.204130E-04    0.483219E-05   -0.426560E-04
 6.80082   -0.202912E-04    0.485555E-05   -0.424803E-04
 6.81885   -0.201701E-04    0.487835E-05   -0.423045E-04
 6.83687   -0.200497E-04    0.490057E-05   -0.421287E-04
 6.85490   -0.199300E-04    0.492224E-05   -0.419529E-04
 6.87293   -0.198109E-04    0.494337E-05   -0.417768E-04
 6.89095   -0.196926E-04    0.496395E-05   -0.416007E-04
 6.90898   -0.195750E-04    0.498401E-05   -0.414247E-04
 6.92700   -0.194581E-04    0.500355E-05   -0.412486E-04
 6.94503   -0.193419E-04    0.502258E-05   -0.410726E-04
 6.96306   -0.192264E-04    0.504111E-05   -0.408966E-04
 6.98108   -0.191116E-04    0.505916E-05   -0.407206E-04
 6.99911   -0.189974E-04    0.507672E-05   -0.405446E-04
 7.01713   -0.188840E-04    0.509381E-05   -0.403687E-04
 7.03516   -0.187713E-04    0.511043E-05   -0.401930E-04
 7.05319   -0.186593E-04    0.512660E-05   -0.400172E-04
 7.07121   -0.185479E-04    0.514233E-05   -0.398416E-04
 7.08924   -0.184373E-04    0.515762E-05   -0.396662E-04
 7.10726   -0.183274E-04    0.517248E-05   -0.394908E-04
 7.12529   -0.182182E-04    0.518692E-05   -0.393156E-04
 7.14332   -0.181097E-04    0.520094E-05   -0.391406E-04
 7.16134   -0.180018E-04    0.521457E-05   -0.389657E-04
 7.17937   -0.178947E-04    0.522779E-05   -0.387910E-04
 7.19739   -0.177883E-04    0.524064E-05   -0.386165E-04
 7.21542   -0.176826E-04    0.525309E-05   -0.384422E-04
 7.23345   -0.175776E-04    0.526518E-05   -0.382681E-04
 7.25147   -0.174732E-04    0.527690E-05   -0.380942E-04
 7.26950   -0.173696E-04    0.528826E-05   -0.379206E-04
 7.28753   -0.172667E-04    0.529927E-05   -0.377472E-04
 7.30555   -0.171645E-04    0.530993E-05   -0.375741E-04
 7.32358   -0.170629E-04    0.532026E-05   -0.374012E-04
 7.34160   -0.169621E-04    0.533025E-05   -0.372286E-04
 7.35963   -0.168619E-04    0.533992E-05   -0.370564E-04
 7.37766   -0.167624E-04    0.534927E-05   -0.368844E-04
 7.39568   -0.166637E-04    0.535831E-05   -0.367127E-04
 7.41371   -0.165656E-04    0.536704E-05   -0.365413E-04
 7.43173   -0.164681E-04    0.537547E-05   -0.363702E-04
 7.44976   -0.163714E-04    0.538360E-05   -0.361995E-04
 7.46779   -0.162754E-04    0.539145E-05   -0.360291E-04
 7.48581   -0.161800E-04    0.539901E-05   -0.358591E-04
 7.50384   -0.160853E-04    0.540629E-05   -0.356894E-04
 7.52186   -0.159912E-04    0.541330E-05   -0.355200E-04
 7.53989   -0.158978E-04    0.542003E-05   -0.353511E-04
 7.55792   -0.158051E-04    0.542651E-05   -0.351825E-04
 7.57594   -0.157131E-04    0.543272E-05   -0.350143E-04
 7.59397   -0.156217E-04    0.543868E-05   -0.348464E-04
 7.61199   -0.155309E-04    0.544439E-05   -0.346790E-04
 7.63002   -0.154408E-04    0.544985E-05   -0.345120E-04
 7.64805   -0.153514E-04    0.545507E-05   -0.343453E-04
 7.66607   -0.152626E-04    0.546005E-05   -0.341791E-04
 7.68410   -0.151744E-04    0.546481E-05   -0.340133E-04
 7.70212   -0.150869E-04    0.546933E-05   -0.338480E-04
 7.72015   -0.150000E-04    0.547362E-05   -0.336830E-04
 7.73818   -0.149137E-04    0.547770E-05   -0.335185E-04
 7.75620   -0.148280E-04    0.548155E-05   -0.333544E-04
 7.77423   -0.147430E-04    0.548519E-05   -0.331908E-04
 7.79225   -0.146586E-04    0.548863E-05   -0.330276E-04
 7.81028   -0.145748E-04    0.549185E-05   -0.328649E-04
 7.82831   -0.144916E-04    0.549487E-05   -0.327026E-04
 7.84633   -0.144090E-04    0.549770E-05   -0.325408E-04
 7.86436   -0.143270E-04    0.550032E-05   -0.323795E-04
 7.88238   -0.142456E-04    0.550275E-05   -0.322186E-04
 7.90041   -0.141648E-04    0.550500E-05   -0.320582E-04
 7.91844   -0.140846E-04    0.550705E-05   -0.318983E-04
 7.93646   -0.140050E-04    0.550892E-05   -0.317388E-04
 7.95449   -0.139259E-04    0.551061E-05   -0.315799E-04
 7.97252   -0.138474E-04    0.551212E-05   -0.314214E-04
 7.99054   -0.137695E-04    0.551346E-05   -0.312634E-04
 8.00857   -0.136922E-04    0.551463E-05   -0.311059E-04
 8.02659   -0.136154E-04    0.551562E-05   -0.309489E-04
 8.04462   -0.135392E-04    0.551645E-05   -0.307924E-04
 8.06265   -0.134636E-04    0.551711E-05   -0.306364E-04
 8.08067   -0.133885E-04    0.551761E-05   -0.304810E-04
 8.09870   -0.133139E-04    0.551795E-05   -0.303260E-04
 8.11672   -0.132399E-04    0.551814E-05   -0.301715E-04
 8.13475   -0.131664E-04    0.551817E-05   -0.300176E-04
 8.15278   -0.130935E-04    0.551804E-05   -0.298641E-04
 8.17080   -0.130211E-04    0.551777E-05   -0.297112E-04
 8.18883   -0.129492E-04    0.551735E-05   -0.295588E-04
 8.20685   -0.128778E-04    0.551678E-05   -0.294069E-04
 8.22488   -0.128069E-04    0.551607E-05   -0.292555E-04
 8.24291   -0.127366E-04    0.551522E-05   -0.291047E-04
 8.26093   -0.126668E-04    0.551423E-05   -0.289544E-04
 8.27896   -0.125974E-04    0.551310E-05   -0.288046E-04
 8.29698   -0.125286E-04    0.551184E-05   -0.286554E-04
 8.31501   -0.124603E-04    0.551044E-05   -0.285066E-04
 8.33304   -0.123924E-04    0.550891E-05   -0.283584E-04
 8.35106   -0.123251E-04    0.550726E-05   -0.282108E-04
 8.36909   -0.122582E-04    0.550547E-05   -0.280637E-04
 8.38711   -0.121918E-04    0.550356E-05   -0.279170E-04
 8.40514   -0.121259E-04    0.550152E-05   -0.277709E-04
 8.42317   -0.120605E-04    0.549936E-05   -0.276254E-04
 8.44119   -0.119955E-04    0.549708E-05   -0.274804E-04
 8.45922   -0.119310E-04    0.549469E-05   -0.273360E-04
 8.47724   -0.118669E-04    0.549217E-05   -0.271921E-04
 8.49527   -0.118033E-04    0.548954E-05   -0.270488E-04
 8.51330   -0.117402E-04    0.548680E-05   -0.269060E-04
 8.53132   -0.116775E-04    0.548394E-05   -0.267637E-04
 8.54935   -0.116153E-04    0.548098E-05   -0.266220E-04
 8.56737   -0.115534E-04    0.547790E-05   -0.264808E-04
 8.58540   -0.114921E-04    0.547472E-05   -0.263402E-04
 8.60343   -0.114311E-04    0.547143E-05   -0.262001E-04
 8.62145   -0.113706E-04    0.546804E-05   -0.260605E-04
 8.63948   -0.113105E-04    0.546455E-05   -0.259215E-04
 8.65751   -0.112509E-04    0.546095E-05   -0.257831E-04
 8.67553   -0.111916E-04    0.545726E-05   -0.256452E-04
 8.69356   -0.111328E-04    0.545347E-05   -0.255078E-04
 8.71158   -0.110744E-04    0.544958E-05   -0.253710E-04
 8.72961   -0.110164E-04    0.544559E-05   -0.252348E-04
 8.74764   -0.109588E-04    0.544152E-05   -0.250991E-04
 8.76566   -0.109016E-04    0.543734E-05   -0.249639E-04
 8.78369   -0.108448E-04    0.543308E-05   -0.248293E-04
 8.80171   -0.107884E-04    0.542873E-05   -0.246952E-04
 8.81974   -0.107324E-04    0.542428E-05   -0.245616E-04
 8.83777   -0.106767E-04    0.541975E-05   -0.244287E-04
 8.85579   -0.106215E-04    0.541513E-05   -0.242962E-04
 8.87382   -0.105666E-04    0.541042E-05   -0.241643E-04
 8.89184   -0.105121E-04    0.540563E-05   -0.240330E-04
 8.90987   -0.104579E-04    0.540075E-05   -0.239022E-04
 8.92790   -0.104042E-04    0.539579E-05   -0.237719E-04
 8.94592   -0.103508E-04    0.539075E-05   -0.236422E-04
 8.96395   -0.102977E-04    0.538562E-05   -0.235130E-04
 8.98197   -0.102451E-04    0.538041E-05   -0.233843E-04
 9.00000   -0.101927E-04    0.537512E-05   -0.232562E-04
