 0.00500    0.227304E-02   -0.114572E-02    0.889238E-03
 0.02303    0.186878E-02   -0.943621E-03    0.737647E-03
 0.04105    0.163101E-02   -0.824733E-03    0.648501E-03
 0.05908    0.145749E-02   -0.737978E-03    0.583445E-03
 0.07710    0.132054E-02   -0.669517E-03    0.532114E-03
 0.09513    0.120776E-02   -0.613138E-03    0.489845E-03
 0.11316    0.111229E-02   -0.565423E-03    0.454079E-03
 0.13118    0.102992E-02   -0.524252E-03    0.423222E-03
 0.14921    0.957812E-03   -0.488217E-03    0.396218E-03
 0.16723    0.893987E-03   -0.456325E-03    0.372321E-03
 0.18526    0.836987E-03   -0.427847E-03    0.350984E-03
 0.20329    0.785710E-03   -0.402231E-03    0.331795E-03
 0.22131    0.739290E-03   -0.379044E-03    0.314428E-03
 0.23934    0.697048E-03   -0.357948E-03    0.298628E-03
 0.25736    0.658436E-03   -0.338666E-03    0.284190E-03
 0.27539    0.623000E-03   -0.320973E-03    0.270943E-03
 0.29342    0.590362E-03   -0.304681E-03    0.258745E-03
 0.31144    0.560211E-03   -0.289632E-03    0.247478E-03
 0.32947    0.532278E-03   -0.275691E-03    0.237042E-03
 0.34749    0.506333E-03   -0.262744E-03    0.227349E-03
 0.36552    0.482178E-03   -0.250693E-03    0.218328E-03
 0.38355    0.459643E-03   -0.239451E-03    0.209914E-03
 0.40157    0.438577E-03   -0.228945E-03    0.202049E-03
 0.41960    0.418850E-03   -0.219108E-03    0.194685E-03
 0.43763    0.400343E-03   -0.209881E-03    0.187778E-03
 0.45565    0.382956E-03   -0.201213E-03    0.181289E-03
 0.47368    0.366595E-03   -0.193059E-03    0.175184E-03
 0.49170    0.351179E-03   -0.185378E-03    0.169432E-03
 0.50973    0.336635E-03   -0.178131E-03    0.164005E-03
 0.52776    0.322897E-03   -0.171288E-03    0.158878E-03
 0.54578    0.309904E-03   -0.164817E-03    0.154030E-03
 0.56381    0.297604E-03   -0.158692E-03    0.149440E-03
 0.58183    0.285946E-03   -0.152888E-03    0.145089E-03
 0.59986    0.274887E-03   -0.147383E-03    0.140960E-03
 0.61789    0.264385E-03   -0.142156E-03    0.137039E-03
 0.63591    0.254403E-03   -0.137189E-03    0.133312E-03
 0.65394    0.244908E-03   -0.132465E-03    0.129765E-03
 0.67196    0.235868E-03   -0.127969E-03    0.126387E-03
 0.68999    0.227256E-03   -0.123685E-03    0.123167E-03
 0.70802    0.219043E-03   -0.119602E-03    0.120095E-03
 0.72604    0.211207E-03   -0.115705E-03    0.117163E-03
 0.74407    0.203724E-03   -0.111986E-03    0.114361E-03
 0.76209    0.196573E-03   -0.108432E-03    0.111682E-03
 0.78012    0.189742E-03   -0.105035E-03    0.109119E-03
 0.79815    0.183202E-03   -0.101786E-03    0.106666E-03
 0.81617    0.176941E-03   -0.986753E-04    0.104315E-03
 0.83420    0.170944E-03   -0.956965E-04    0.102061E-03
 0.85222    0.165196E-03   -0.928421E-04    0.998986E-04
 0.87025    0.159685E-03   -0.901055E-04    0.978231E-04
 0.88828    0.154394E-03   -0.874803E-04    0.958297E-04
 0.90630    0.149319E-03   -0.849608E-04    0.939141E-04
 0.92433    0.144446E-03   -0.825421E-04    0.920721E-04
 0.94235    0.139763E-03   -0.802180E-04    0.903000E-04
 0.96038    0.135263E-03   -0.779844E-04    0.885943E-04
 0.97841    0.130935E-03   -0.758368E-04    0.869514E-04
 0.99643    0.126772E-03   -0.737709E-04    0.853683E-04
 1.01446    0.122766E-03   -0.717829E-04    0.838418E-04
 1.03248    0.118909E-03   -0.698690E-04    0.823700E-04
 1.05051    0.115194E-03   -0.680258E-04    0.809495E-04
 1.06854    0.111615E-03   -0.662500E-04    0.795780E-04
 1.08656    0.108165E-03   -0.645385E-04    0.782533E-04
 1.10459    0.104839E-03   -0.628883E-04    0.769731E-04
 1.12262    0.101631E-03   -0.612968E-04    0.757355E-04
 1.14064    0.985370E-04   -0.597613E-04    0.745386E-04
 1.15867    0.955503E-04   -0.582820E-04    0.733805E-04
 1.17669    0.926671E-04   -0.568512E-04    0.722594E-04
 1.19472    0.898828E-04   -0.554696E-04    0.711737E-04
 1.21275    0.871936E-04   -0.541349E-04    0.701219E-04
 1.23077    0.845954E-04   -0.528430E-04    0.691025E-04
 1.24880    0.820844E-04   -0.515965E-04    0.681142E-04
 1.26682    0.796572E-04   -0.503915E-04    0.671555E-04
 1.28485    0.773100E-04   -0.492261E-04    0.662254E-04
 1.30288    0.750401E-04   -0.480988E-04    0.653224E-04
 1.32090    0.728441E-04   -0.470080E-04    0.644456E-04
 1.33893    0.707191E-04   -0.459523E-04    0.635939E-04
 1.35695    0.686625E-04   -0.449304E-04    0.627662E-04
 1.37498    0.666716E-04   -0.439408E-04    0.619617E-04
 1.39301    0.647440E-04   -0.429824E-04    0.611792E-04
 1.41103    0.628772E-04   -0.420540E-04    0.604181E-04
 1.42906    0.610689E-04   -0.411544E-04    0.596774E-04
 1.44708    0.593172E-04   -0.402826E-04    0.589564E-04
 1.46511    0.576197E-04   -0.394376E-04    0.582543E-04
 1.48314    0.559746E-04   -0.386183E-04    0.575704E-04
 1.50116    0.543799E-04   -0.378237E-04    0.569039E-04
 1.51919    0.528339E-04   -0.370531E-04    0.562543E-04
 1.53721    0.513348E-04   -0.363055E-04    0.556209E-04
 1.55524    0.498810E-04   -0.355801E-04    0.550030E-04
 1.57327    0.484709E-04   -0.348761E-04    0.544003E-04
 1.59129    0.471031E-04   -0.341929E-04    0.538120E-04
 1.60932    0.457760E-04   -0.335296E-04    0.532376E-04
 1.62734    0.444882E-04   -0.328856E-04    0.526768E-04
 1.64537    0.432385E-04   -0.322602E-04    0.521289E-04
 1.66340    0.420256E-04   -0.316527E-04    0.515935E-04
 1.68142    0.408483E-04   -0.310627E-04    0.510702E-04
 1.69945    0.397054E-04   -0.304895E-04    0.505587E-04
 1.71747    0.385958E-04   -0.299326E-04    0.500583E-04
 1.73550    0.375184E-04   -0.293914E-04    0.495689E-04
 1.75353    0.364724E-04   -0.288655E-04    0.490901E-04
 1.77155    0.354566E-04   -0.283543E-04    0.486214E-04
 1.78958    0.344701E-04   -0.278574E-04    0.481626E-04
 1.80761    0.335121E-04   -0.273743E-04    0.477134E-04
 1.82563    0.325817E-04   -0.269047E-04    0.472734E-04
 1.84366    0.316781E-04   -0.264481E-04    0.468423E-04
 1.86168    0.308005E-04   -0.260041E-04    0.464200E-04
 1.87971    0.299481E-04   -0.255724E-04    0.460061E-04
 1.89774    0.291202E-04   -0.251527E-04    0.456003E-04
 1.91576    0.283162E-04   -0.247444E-04    0.452024E-04
 1.93379    0.275353E-04   -0.243474E-04    0.448122E-04
 1.95181    0.267769E-04   -0.239613E-04    0.444295E-04
 1.96984    0.260405E-04   -0.235858E-04    0.440541E-04
 1.98787    0.253253E-04   -0.232207E-04    0.436857E-04
 2.00589    0.246309E-04   -0.228655E-04    0.433241E-04
 2.02392    0.239566E-04   -0.225201E-04    0.429692E-04
 2.04194    0.233021E-04   -0.221842E-04    0.426208E-04
 2.05997    0.226665E-04   -0.218576E-04    0.422786E-04
 2.07800    0.220495E-04   -0.215398E-04    0.419426E-04
 2.09602    0.214506E-04   -0.212308E-04    0.416125E-04
 2.11405    0.208692E-04   -0.209303E-04    0.412881E-04
 2.13207    0.203049E-04   -0.206380E-04    0.409693E-04
 2.15010    0.197572E-04   -0.203537E-04    0.406560E-04
 2.16813    0.192257E-04   -0.200772E-04    0.403479E-04
 2.18615    0.187097E-04   -0.198081E-04    0.400449E-04
 2.20418    0.182090E-04   -0.195464E-04    0.397469E-04
 2.22220    0.177230E-04   -0.192918E-04    0.394536E-04
 2.24023    0.172512E-04   -0.190439E-04    0.391650E-04
 2.25826    0.167932E-04   -0.188027E-04    0.388808E-04
 2.27628    0.163486E-04   -0.185679E-04    0.386010E-04
 2.29431    0.159168E-04   -0.183393E-04    0.383254E-04
 2.31233    0.154976E-04   -0.181166E-04    0.380536E-04
 2.33036    0.150903E-04   -0.178996E-04    0.377857E-04
 2.34839    0.146946E-04   -0.176882E-04    0.375216E-04
 2.36641    0.143100E-04   -0.174821E-04    0.372610E-04
 2.38444    0.139363E-04   -0.172811E-04    0.370038E-04
 2.40246    0.135729E-04   -0.170850E-04    0.367499E-04
 2.42049    0.132194E-04   -0.168936E-04    0.364992E-04
 2.43852    0.128756E-04   -0.167068E-04    0.362515E-04
 2.45654    0.125410E-04   -0.165243E-04    0.360066E-04
 2.47457    0.122153E-04   -0.163460E-04    0.357646E-04
 2.49260    0.118982E-04   -0.161718E-04    0.355252E-04
 2.51062    0.115893E-04   -0.160014E-04    0.352884E-04
 2.52865    0.112884E-04   -0.158348E-04    0.350540E-04
 2.54667    0.109952E-04   -0.156719E-04    0.348221E-04
 2.56470    0.107096E-04   -0.155124E-04    0.345924E-04
 2.58273    0.104312E-04   -0.153563E-04    0.343650E-04
 2.60075    0.101598E-04   -0.152035E-04    0.341397E-04
 2.61878    0.989535E-05   -0.150540E-04    0.339165E-04
 2.63680    0.963758E-05   -0.149075E-04    0.336954E-04
 2.65483    0.938637E-05   -0.147641E-04    0.334762E-04
 2.67286    0.914160E-05   -0.146237E-04    0.332591E-04
 2.69088    0.890315E-05   -0.144862E-04    0.330439E-04
 2.70891    0.867090E-05   -0.143516E-04    0.328306E-04
 2.72693    0.844478E-05   -0.142198E-04    0.326192E-04
 2.74496    0.822468E-05   -0.140908E-04    0.324097E-04
 2.76299    0.801055E-05   -0.139647E-04    0.322020E-04
 2.78101    0.780230E-05   -0.138412E-04    0.319961E-04
 2.79904    0.759986E-05   -0.137204E-04    0.317920E-04
 2.81706    0.740315E-05   -0.136024E-04    0.315900E-04
 2.83509    0.721208E-05   -0.134869E-04    0.313892E-04
 2.85312    0.702657E-05   -0.133740E-04    0.311905E-04
 2.87114    0.684653E-05   -0.132636E-04    0.309934E-04
 2.88917    0.667183E-05   -0.131558E-04    0.307981E-04
 2.90719    0.650235E-05   -0.130503E-04    0.306044E-04
 2.92522    0.633796E-05   -0.129472E-04    0.304123E-04
 2.94325    0.617851E-05   -0.128464E-04    0.302219E-04
 2.96127    0.602383E-05   -0.127479E-04    0.300329E-04
 2.97930    0.587373E-05   -0.126514E-04    0.298454E-04
 2.99732    0.572800E-05   -0.125570E-04    0.296593E-04
 3.01535    0.558640E-05   -0.124644E-04    0.294746E-04
 3.03338    0.544868E-05   -0.123737E-04    0.292911E-04
 3.05140    0.531459E-05   -0.122846E-04    0.291087E-04
 3.06943    0.518384E-05   -0.121970E-04    0.289275E-04
 3.08745    0.505614E-05   -0.121109E-04    0.287472E-04
 3.10548    0.493116E-05   -0.120259E-04    0.285678E-04
 3.12351    0.480858E-05   -0.119420E-04    0.283892E-04
 3.14153    0.468805E-05   -0.118591E-04    0.282112E-04
 3.15956    0.456922E-05   -0.117768E-04    0.280338E-04
 3.17759    0.445173E-05   -0.116951E-04    0.278568E-04
 3.19561    0.433519E-05   -0.116138E-04    0.276801E-04
 3.21364    0.421924E-05   -0.115327E-04    0.275036E-04
 3.23166    0.410352E-05   -0.114516E-04    0.273272E-04
 3.24969    0.398766E-05   -0.113704E-04    0.271507E-04
 3.26772    0.387128E-05   -0.112888E-04    0.269739E-04
 3.28574    0.375404E-05   -0.112067E-04    0.267969E-04
 3.30377    0.363558E-05   -0.111239E-04    0.266195E-04
 3.32179    0.351558E-05   -0.110403E-04    0.264416E-04
 3.33982    0.339370E-05   -0.109557E-04    0.262630E-04
 3.35785    0.326967E-05   -0.108700E-04    0.260837E-04
 3.37587    0.314316E-05   -0.107830E-04    0.259036E-04
 3.39390    0.301393E-05   -0.106946E-04    0.257227E-04
 3.41192    0.288174E-05   -0.106047E-04    0.255407E-04
 3.42995    0.274641E-05   -0.105132E-04    0.253578E-04
 3.44798    0.260774E-05   -0.104201E-04    0.251738E-04
 3.46600    0.246558E-05   -0.103251E-04    0.249886E-04
 3.48403    0.231985E-05   -0.102284E-04    0.248024E-04
 3.50205    0.217042E-05   -0.101298E-04    0.246149E-04
 3.52008    0.201726E-05   -0.100294E-04    0.244263E-04
 3.53811    0.186032E-05   -0.992706E-05    0.242366E-04
 3.55613    0.169961E-05   -0.982290E-05    0.240457E-04
 3.57416    0.153517E-05   -0.971685E-05    0.238538E-04
 3.59218    0.136707E-05   -0.960908E-05    0.236607E-04
 3.61021    0.119542E-05   -0.949944E-05    0.234666E-04
 3.62824    0.102035E-05   -0.938819E-05    0.232715E-04
 3.64626    0.842023E-06   -0.927534E-05    0.230756E-04
 3.66429    0.660635E-06   -0.916101E-05    0.228788E-04
 3.68231    0.476393E-06   -0.904528E-05    0.226814E-04
 3.70034    0.289527E-06   -0.892830E-05    0.224833E-04
 3.71837    0.100282E-06   -0.881017E-05    0.222847E-04
 3.73639   -0.910727E-07   -0.869104E-05    0.220856E-04
 3.75442   -0.284253E-06   -0.857106E-05    0.218863E-04
 3.77244   -0.478964E-06   -0.845037E-05    0.216868E-04
 3.79047   -0.674886E-06   -0.832913E-05    0.214872E-04
 3.80850   -0.871694E-06   -0.820751E-05    0.212877E-04
 3.82652   -0.106905E-05   -0.808567E-05    0.210892E-04
 3.84455   -0.126663E-05   -0.796378E-05    0.208902E-04
 3.86258   -0.146408E-05   -0.784201E-05    0.206917E-04
 3.88060   -0.166107E-05   -0.772055E-05    0.204937E-04
 3.89863   -0.185728E-05   -0.759953E-05    0.202965E-04
 3.91665   -0.205238E-05   -0.747914E-05    0.201001E-04
 3.93468   -0.224606E-05   -0.735952E-05    0.199046E-04
 3.95271   -0.243800E-05   -0.724087E-05    0.197102E-04
 3.97073   -0.262792E-05   -0.712326E-05    0.195162E-04
 3.98876   -0.281551E-05   -0.700688E-05    0.193243E-04
 4.00678   -0.300052E-05   -0.689185E-05    0.191338E-04
 4.02481   -0.318266E-05   -0.677832E-05    0.189448E-04
 4.04284   -0.336170E-05   -0.666640E-05    0.187574E-04
 4.06086   -0.353741E-05   -0.655620E-05    0.185715E-04
 4.07889   -0.370955E-05   -0.644784E-05    0.183875E-04
 4.09691   -0.387795E-05   -0.634142E-05    0.182052E-04
 4.11494   -0.404241E-05   -0.623701E-05    0.180249E-04
 4.13297   -0.420278E-05   -0.613471E-05    0.178465E-04
 4.15099   -0.435893E-05   -0.603457E-05    0.176701E-04
 4.16902   -0.451072E-05   -0.593667E-05    0.174957E-04
 4.18704   -0.465806E-05   -0.584104E-05    0.173234E-04
 4.20507   -0.480087E-05   -0.574773E-05    0.171532E-04
 4.22310   -0.493906E-05   -0.565677E-05    0.169851E-04
 4.24112   -0.507258E-05   -0.556820E-05    0.168192E-04
 4.25915   -0.520138E-05   -0.548202E-05    0.166554E-04
 4.27717   -0.532544E-05   -0.539826E-05    0.164937E-04
 4.29520   -0.544474E-05   -0.531693E-05    0.163342E-04
 4.31323   -0.555929E-05   -0.523800E-05    0.161769E-04
 4.33125   -0.566908E-05   -0.516149E-05    0.160217E-04
 4.34928   -0.577416E-05   -0.508738E-05    0.158687E-04
 4.36730   -0.587456E-05   -0.501565E-05    0.157178E-04
 4.38533   -0.597034E-05   -0.494626E-05    0.155689E-04
 4.40336   -0.606155E-05   -0.487931E-05    0.154222E-04
 4.42138   -0.614827E-05   -0.481439E-05    0.152775E-04
 4.43941   -0.623056E-05   -0.475184E-05    0.151348E-04
 4.45743   -0.630852E-05   -0.469148E-05    0.149941E-04
 4.47546   -0.638221E-05   -0.463329E-05    0.148553E-04
 4.49349   -0.645173E-05   -0.457720E-05    0.147184E-04
 4.51151   -0.651721E-05   -0.452317E-05    0.145834E-04
 4.52954   -0.657870E-05   -0.447115E-05    0.144503E-04
 4.54757   -0.663633E-05   -0.442110E-05    0.143189E-04
 4.56559   -0.669019E-05   -0.437293E-05    0.141893E-04
 4.58362   -0.674040E-05   -0.432662E-05    0.140614E-04
 4.60164   -0.678709E-05   -0.428210E-05    0.139352E-04
 4.61967   -0.683034E-05   -0.423932E-05    0.138105E-04
 4.63770   -0.687029E-05   -0.419820E-05    0.136875E-04
 4.65572   -0.690704E-05   -0.415872E-05    0.135659E-04
 4.67375   -0.694070E-05   -0.412079E-05    0.134459E-04
 4.69177   -0.697139E-05   -0.408435E-05    0.133273E-04
 4.70980   -0.699921E-05   -0.404938E-05    0.132102E-04
 4.72783   -0.702429E-05   -0.401578E-05    0.130943E-04
 4.74585   -0.704671E-05   -0.398355E-05    0.129799E-04
 4.76388   -0.706658E-05   -0.395260E-05    0.128666E-04
 4.78190   -0.708404E-05   -0.392297E-05    0.127547E-04
 4.79993   -0.709914E-05   -0.389437E-05    0.126439E-04
 4.81796   -0.711201E-05   -0.386696E-05    0.125343E-04
 4.83598   -0.712273E-05   -0.384064E-05    0.124258E-04
 4.85401   -0.713138E-05   -0.381539E-05    0.123185E-04
 4.87203   -0.713810E-05   -0.379111E-05    0.122121E-04
 4.89006   -0.714292E-05   -0.376781E-05    0.121069E-04
 4.90809   -0.714601E-05   -0.374536E-05    0.120026E-04
 4.92611   -0.714741E-05   -0.372376E-05    0.118992E-04
 4.94414   -0.714716E-05   -0.370302E-05    0.117968E-04
 4.96216   -0.714538E-05   -0.368307E-05    0.116953E-04
 4.98019   -0.714214E-05   -0.366386E-05    0.115947E-04
 4.99822   -0.713750E-05   -0.364537E-05    0.114949E-04
 5.01624   -0.713154E-05   -0.362755E-05    0.113959E-04
 5.03427   -0.712432E-05   -0.361037E-05    0.112978E-04
 5.05229   -0.711591E-05   -0.359381E-05    0.112004E-04
 5.07032   -0.710636E-05   -0.357783E-05    0.111038E-04
 5.08835   -0.709574E-05   -0.356241E-05    0.110079E-04
 5.10637   -0.708411E-05   -0.354751E-05    0.109127E-04
 5.12440   -0.707151E-05   -0.353311E-05    0.108182E-04
 5.14242   -0.705799E-05   -0.351917E-05    0.107243E-04
 5.16045   -0.704362E-05   -0.350569E-05    0.106311E-04
 5.17848   -0.702842E-05   -0.349263E-05    0.105386E-04
 5.19650   -0.701247E-05   -0.347997E-05    0.104467E-04
 5.21453   -0.699578E-05   -0.346770E-05    0.103554E-04
 5.23256   -0.697841E-05   -0.345578E-05    0.102646E-04
 5.25058   -0.696039E-05   -0.344421E-05    0.101744E-04
 5.26861   -0.694176E-05   -0.343296E-05    0.100848E-04
 5.28663   -0.692256E-05   -0.342201E-05    0.999577E-05
 5.30466   -0.690281E-05   -0.341136E-05    0.990724E-05
 5.32269   -0.688255E-05   -0.340097E-05    0.981925E-05
 5.34071   -0.686181E-05   -0.339086E-05    0.973176E-05
 5.35874   -0.684062E-05   -0.338099E-05    0.964477E-05
 5.37676   -0.681901E-05   -0.337134E-05    0.955828E-05
 5.39479   -0.679700E-05   -0.336192E-05    0.947226E-05
 5.41282   -0.677462E-05   -0.335270E-05    0.938672E-05
 5.43084   -0.675189E-05   -0.334368E-05    0.930164E-05
 5.44887   -0.672884E-05   -0.333484E-05    0.921702E-05
 5.46689   -0.670548E-05   -0.332618E-05    0.913285E-05
 5.48492   -0.668184E-05   -0.331767E-05    0.904911E-05
 5.50295   -0.665796E-05   -0.330932E-05    0.896581E-05
 5.52097   -0.663382E-05   -0.330112E-05    0.888294E-05
 5.53900   -0.660945E-05   -0.329305E-05    0.880050E-05
 5.55702   -0.658488E-05   -0.328510E-05    0.871847E-05
 5.57505   -0.656011E-05   -0.327728E-05    0.863685E-05
 5.59308   -0.653517E-05   -0.326957E-05    0.855564E-05
 5.61110   -0.651005E-05   -0.326197E-05    0.847483E-05
 5.62913   -0.648480E-05   -0.325446E-05    0.839443E-05
 5.64715   -0.645942E-05   -0.324705E-05    0.831441E-05
 5.66518   -0.643390E-05   -0.323972E-05    0.823479E-05
 5.68321   -0.640828E-05   -0.323248E-05    0.815555E-05
 5.70123   -0.638255E-05   -0.322531E-05    0.807669E-05
 5.71926   -0.635676E-05   -0.321821E-05    0.799822E-05
 5.73728   -0.633088E-05   -0.321117E-05    0.792011E-05
 5.75531   -0.630494E-05   -0.320419E-05    0.784237E-05
 5.77334   -0.627894E-05   -0.319727E-05    0.776500E-05
 5.79136   -0.625289E-05   -0.319040E-05    0.768801E-05
 5.80939   -0.622680E-05   -0.318357E-05    0.761131E-05
 5.82741   -0.620067E-05   -0.317679E-05    0.753500E-05
 5.84544   -0.617455E-05   -0.317005E-05    0.745908E-05
 5.86347   -0.614840E-05   -0.316334E-05    0.738347E-05
 5.88149   -0.612225E-05   -0.315667E-05    0.730820E-05
 5.89952   -0.609607E-05   -0.315003E-05    0.723326E-05
 5.91755   -0.606992E-05   -0.314341E-05    0.715866E-05
 5.93557   -0.604378E-05   -0.313682E-05    0.708436E-05
 5.95360   -0.601766E-05   -0.313025E-05    0.701042E-05
 5.97162   -0.599159E-05   -0.312369E-05    0.693680E-05
 5.98965   -0.596552E-05   -0.311715E-05    0.686351E-05
 6.00768   -0.593950E-05   -0.311063E-05    0.679053E-05
 6.02570   -0.591350E-05   -0.310411E-05    0.671787E-05
 6.04373   -0.588756E-05   -0.309761E-05    0.664553E-05
 6.06175   -0.586167E-05   -0.309111E-05    0.657348E-05
 6.07978   -0.583584E-05   -0.308462E-05    0.650177E-05
 6.09781   -0.581006E-05   -0.307813E-05    0.643037E-05
 6.11583   -0.578434E-05   -0.307164E-05    0.635928E-05
 6.13386   -0.575869E-05   -0.306515E-05    0.628849E-05
 6.15188   -0.573311E-05   -0.305866E-05    0.621802E-05
 6.16991   -0.570760E-05   -0.305217E-05    0.614785E-05
 6.18794   -0.568216E-05   -0.304567E-05    0.607799E-05
 6.20596   -0.565681E-05   -0.303917E-05    0.600842E-05
 6.22399   -0.563153E-05   -0.303266E-05    0.593916E-05
 6.24201   -0.560634E-05   -0.302615E-05    0.587021E-05
 6.26004   -0.558125E-05   -0.301962E-05    0.580157E-05
 6.27807   -0.555624E-05   -0.301309E-05    0.573325E-05
 6.29609   -0.553132E-05   -0.300654E-05    0.566521E-05
 6.31412   -0.550650E-05   -0.299998E-05    0.559748E-05
 6.33214   -0.548177E-05   -0.299340E-05    0.553005E-05
 6.35017   -0.545715E-05   -0.298682E-05    0.546292E-05
 6.36820   -0.543264E-05   -0.298022E-05    0.539610E-05
 6.38622   -0.540823E-05   -0.297359E-05    0.532960E-05
 6.40425   -0.538392E-05   -0.296695E-05    0.526337E-05
 6.42227   -0.535973E-05   -0.296030E-05    0.519745E-05
 6.44030   -0.533564E-05   -0.295362E-05    0.513184E-05
 6.45833   -0.531167E-05   -0.294693E-05    0.506651E-05
 6.47635   -0.528781E-05   -0.294022E-05    0.500152E-05
 6.49438   -0.526407E-05   -0.293348E-05    0.493681E-05
 6.51240   -0.524044E-05   -0.292673E-05    0.487240E-05
 6.53043   -0.521694E-05   -0.291995E-05    0.480828E-05
 6.54846   -0.519356E-05   -0.291315E-05    0.474447E-05
 6.56648   -0.517029E-05   -0.290633E-05    0.468095E-05
 6.58451   -0.514716E-05   -0.289948E-05    0.461772E-05
 6.60254   -0.512414E-05   -0.289261E-05    0.455479E-05
 6.62056   -0.510125E-05   -0.288572E-05    0.449215E-05
 6.63859   -0.507849E-05   -0.287880E-05    0.442981E-05
 6.65661   -0.505586E-05   -0.287186E-05    0.436775E-05
 6.67464   -0.503336E-05   -0.286489E-05    0.430599E-05
 6.69267   -0.501097E-05   -0.285789E-05    0.424451E-05
 6.71069   -0.498873E-05   -0.285088E-05    0.418332E-05
 6.72872   -0.496662E-05   -0.284383E-05    0.412239E-05
 6.74674   -0.494464E-05   -0.283675E-05    0.406178E-05
 6.76477   -0.492279E-05   -0.282966E-05    0.400144E-05
 6.78280   -0.490107E-05   -0.282253E-05    0.394136E-05
 6.80082   -0.487949E-05   -0.281538E-05    0.388161E-05
 6.81885   -0.485804E-05   -0.280821E-05    0.382211E-05
 6.83687   -0.483672E-05   -0.280101E-05    0.376289E-05
 6.85490   -0.481553E-05   -0.279378E-05    0.370395E-05
 6.87293   -0.479447E-05   -0.278653E-05    0.364528E-05
 6.89095   -0.477355E-05   -0.277925E-05    0.358690E-05
 6.90898   -0.475275E-05   -0.277195E-05    0.352879E-05
 6.92700   -0.473209E-05   -0.276463E-05    0.347096E-05
 6.94503   -0.471155E-05   -0.275728E-05    0.341341E-05
 6.96306   -0.469115E-05   -0.274991E-05    0.335609E-05
 6.98108   -0.467087E-05   -0.274251E-05    0.329914E-05
 6.99911   -0.465071E-05   -0.273510E-05    0.324242E-05
 7.01713   -0.463069E-05   -0.272766E-05    0.318598E-05
 7.03516   -0.461079E-05   -0.272020E-05    0.312980E-05
 7.05319   -0.459101E-05   -0.271273E-05    0.307391E-05
 7.07121   -0.457135E-05   -0.270523E-05    0.301829E-05
 7.08924   -0.455182E-05   -0.269771E-05    0.296293E-05
 7.10726   -0.453240E-05   -0.269018E-05    0.290788E-05
 7.12529   -0.451310E-05   -0.268263E-05    0.285309E-05
 7.14332   -0.449392E-05   -0.267506E-05    0.279858E-05
 7.16134   -0.447484E-05   -0.266748E-05    0.274434E-05
 7.17937   -0.445589E-05   -0.265988E-05    0.269038E-05
 7.19739   -0.443705E-05   -0.265227E-05    0.263669E-05
 7.21542   -0.441831E-05   -0.264465E-05    0.258328E-05
 7.23345   -0.439968E-05   -0.263701E-05    0.253014E-05
 7.25147   -0.438117E-05   -0.262937E-05    0.247728E-05
 7.26950   -0.436275E-05   -0.262171E-05    0.242470E-05
 7.28753   -0.434444E-05   -0.261405E-05    0.237238E-05
 7.30555   -0.432623E-05   -0.260638E-05    0.232034E-05
 7.32358   -0.430812E-05   -0.259870E-05    0.226858E-05
 7.34160   -0.429010E-05   -0.259102E-05    0.221709E-05
 7.35963   -0.427217E-05   -0.258333E-05    0.216588E-05
 7.37766   -0.425434E-05   -0.257564E-05    0.211494E-05
 7.39568   -0.423660E-05   -0.256794E-05    0.206428E-05
 7.41371   -0.421895E-05   -0.256024E-05    0.201389E-05
 7.43173   -0.420138E-05   -0.255254E-05    0.196377E-05
 7.44976   -0.418390E-05   -0.254484E-05    0.191393E-05
 7.46779   -0.416652E-05   -0.253714E-05    0.186436E-05
 7.48581   -0.414921E-05   -0.252944E-05    0.181506E-05
 7.50384   -0.413198E-05   -0.252174E-05    0.176603E-05
 7.52186   -0.411483E-05   -0.251405E-05    0.171728E-05
 7.53989   -0.409776E-05   -0.250636E-05    0.166880E-05
 7.55792   -0.408077E-05   -0.249867E-05    0.162059E-05
 7.57594   -0.406386E-05   -0.249098E-05    0.157265E-05
 7.59397   -0.404703E-05   -0.248330E-05    0.152498E-05
 7.61199   -0.403027E-05   -0.247563E-05    0.147758E-05
 7.63002   -0.401358E-05   -0.246796E-05    0.143046E-05
 7.64805   -0.399697E-05   -0.246029E-05    0.138359E-05
 7.66607   -0.398043E-05   -0.245263E-05    0.133699E-05
 7.68410   -0.396396E-05   -0.244498E-05    0.129066E-05
 7.70212   -0.394756E-05   -0.243733E-05    0.124460E-05
 7.72015   -0.393124E-05   -0.242969E-05    0.119880E-05
 7.73818   -0.391498E-05   -0.242206E-05    0.115327E-05
 7.75620   -0.389880E-05   -0.241444E-05    0.110801E-05
 7.77423   -0.388268E-05   -0.240682E-05    0.106301E-05
 7.79225   -0.386663E-05   -0.239921E-05    0.101827E-05
 7.81028   -0.385065E-05   -0.239161E-05    0.973791E-06
 7.82831   -0.383474E-05   -0.238402E-05    0.929576E-06
 7.84633   -0.381889E-05   -0.237643E-05    0.885606E-06
 7.86436   -0.380312E-05   -0.236886E-05    0.841923E-06
 7.88238   -0.378742E-05   -0.236129E-05    0.798488E-06
 7.90041   -0.377178E-05   -0.235373E-05    0.755312E-06
 7.91844   -0.375621E-05   -0.234618E-05    0.712391E-06
 7.93646   -0.374071E-05   -0.233863E-05    0.669723E-06
 7.95449   -0.372527E-05   -0.233110E-05    0.627311E-06
 7.97252   -0.370990E-05   -0.232357E-05    0.585159E-06
 7.99054   -0.369461E-05   -0.231605E-05    0.543254E-06
 8.00857   -0.367938E-05   -0.230854E-05    0.501607E-06
 8.02659   -0.366422E-05   -0.230104E-05    0.460209E-06
 8.04462   -0.364912E-05   -0.229354E-05    0.419060E-06
 8.06265   -0.363410E-05   -0.228605E-05    0.378152E-06
 8.08067   -0.361914E-05   -0.227857E-05    0.337514E-06
 8.09870   -0.360426E-05   -0.227110E-05    0.297111E-06
 8.11672   -0.358944E-05   -0.226363E-05    0.256954E-06
 8.13475   -0.357469E-05   -0.225618E-05    0.217041E-06
 8.15278   -0.356002E-05   -0.224873E-05    0.177376E-06
 8.17080   -0.354541E-05   -0.224127E-05    0.137953E-06
 8.18883   -0.353087E-05   -0.223383E-05    0.987761E-07
 8.20685   -0.351640E-05   -0.222640E-05    0.598384E-07
 8.22488   -0.350201E-05   -0.221898E-05    0.211421E-07
 8.24291   -0.348768E-05   -0.221156E-05   -0.173169E-07
 8.26093   -0.347342E-05   -0.220414E-05   -0.555370E-07
 8.27896   -0.345923E-05   -0.219674E-05   -0.935211E-07
 8.29698   -0.344512E-05   -0.218932E-05   -0.131273E-06
 8.31501   -0.343107E-05   -0.218193E-05   -0.168781E-06
 8.33304   -0.341710E-05   -0.217454E-05   -0.206058E-06
 8.35106   -0.340320E-05   -0.216716E-05   -0.243101E-06
 8.36909   -0.338937E-05   -0.215978E-05   -0.279911E-06
 8.38711   -0.337560E-05   -0.215241E-05   -0.316487E-06
 8.40514   -0.336191E-05   -0.214504E-05   -0.352831E-06
 8.42317   -0.334829E-05   -0.213768E-05   -0.388948E-06
 8.44119   -0.333474E-05   -0.213033E-05   -0.424832E-06
 8.45922   -0.332125E-05   -0.212298E-05   -0.460489E-06
 8.47724   -0.330784E-05   -0.211564E-05   -0.495918E-06
 8.49527   -0.329450E-05   -0.210831E-05   -0.531120E-06
 8.51330   -0.328123E-05   -0.210098E-05   -0.566096E-06
 8.53132   -0.326803E-05   -0.209365E-05   -0.600840E-06
 8.54935   -0.325490E-05   -0.208633E-05   -0.635365E-06
 8.56737   -0.324183E-05   -0.207902E-05   -0.669669E-06
 8.58540   -0.322884E-05   -0.207172E-05   -0.703749E-06
 8.60343   -0.321591E-05   -0.206442E-05   -0.737614E-06
 8.62145   -0.320306E-05   -0.205712E-05   -0.771253E-06
 8.63948   -0.319027E-05   -0.204984E-05   -0.804670E-06
 8.65751   -0.317755E-05   -0.204256E-05   -0.837869E-06
 8.67553   -0.316490E-05   -0.203528E-05   -0.870849E-06
 8.69356   -0.315232E-05   -0.202801E-05   -0.903612E-06
 8.71158   -0.313981E-05   -0.202075E-05   -0.936159E-06
 8.72961   -0.312737E-05   -0.201350E-05   -0.968490E-06
 8.74764   -0.311499E-05   -0.200625E-05   -0.100061E-05
 8.76566   -0.310268E-05   -0.199901E-05   -0.103251E-05
 8.78369   -0.309043E-05   -0.199177E-05   -0.106420E-05
 8.80171   -0.307826E-05   -0.198454E-05   -0.109567E-05
 8.81974   -0.306615E-05   -0.197732E-05   -0.112694E-05
 8.83777   -0.305411E-05   -0.197010E-05   -0.115799E-05
 8.85579   -0.304213E-05   -0.196289E-05   -0.118883E-05
 8.87382   -0.303022E-05   -0.195569E-05   -0.121947E-05
 8.89184   -0.301837E-05   -0.194850E-05   -0.124989E-05
 8.90987   -0.300659E-05   -0.194131E-05   -0.128011E-05
 8.92790   -0.299488E-05   -0.193413E-05   -0.131012E-05
 8.94592   -0.298323E-05   -0.192696E-05   -0.133993E-05
 8.96395   -0.297164E-05   -0.191979E-05   -0.136953E-05
 8.98197   -0.296012E-05   -0.191263E-05   -0.139892E-05
 9.00000   -0.294867E-05   -0.190548E-05   -0.142811E-05
