 0.00500    0.290086E-01   -0.148126E-01    0.112448E-01
 0.02303    0.240018E-01   -0.123091E-01    0.936647E-02
 0.04105    0.210379E-01   -0.108266E-01    0.825356E-02
 0.05908    0.188669E-01   -0.974003E-02    0.743711E-02
 0.07710    0.171481E-01   -0.887947E-02    0.678979E-02
 0.09513    0.157289E-01   -0.816847E-02    0.625430E-02
 0.11316    0.145247E-01   -0.756486E-02    0.579911E-02
 0.13118    0.134833E-01   -0.704246E-02    0.540461E-02
 0.14921    0.125698E-01   -0.658387E-02    0.505776E-02
 0.16723    0.117596E-01   -0.617684E-02    0.474939E-02
 0.18526    0.110347E-01   -0.581233E-02    0.447276E-02
 0.20329    0.103813E-01   -0.548351E-02    0.422277E-02
 0.22131    0.978885E-02   -0.518503E-02    0.399543E-02
 0.23934    0.924876E-02   -0.491268E-02    0.378759E-02
 0.25736    0.875423E-02   -0.466305E-02    0.359670E-02
 0.27539    0.829964E-02   -0.443332E-02    0.342068E-02
 0.29342    0.788031E-02   -0.422117E-02    0.325778E-02
 0.31144    0.749231E-02   -0.402465E-02    0.310655E-02
 0.32947    0.713229E-02   -0.384207E-02    0.296575E-02
 0.34749    0.679738E-02   -0.367202E-02    0.283430E-02
 0.36552    0.648514E-02   -0.351327E-02    0.271131E-02
 0.38355    0.619343E-02   -0.336476E-02    0.259599E-02
 0.40157    0.592035E-02   -0.322555E-02    0.248762E-02
 0.41960    0.566427E-02   -0.309482E-02    0.238562E-02
 0.43763    0.542372E-02   -0.297183E-02    0.228943E-02
 0.45565    0.519741E-02   -0.285596E-02    0.219858E-02
 0.47368    0.498418E-02   -0.274663E-02    0.211265E-02
 0.49170    0.478303E-02   -0.264332E-02    0.203124E-02
 0.50973    0.459301E-02   -0.254557E-02    0.195403E-02
 0.52776    0.441329E-02   -0.245297E-02    0.188071E-02
 0.54578    0.424312E-02   -0.236515E-02    0.181099E-02
 0.56381    0.408182E-02   -0.228177E-02    0.174463E-02
 0.58183    0.392877E-02   -0.220251E-02    0.168139E-02
 0.59986    0.378340E-02   -0.212710E-02    0.162107E-02
 0.61789    0.364520E-02   -0.205528E-02    0.156347E-02
 0.63591    0.351370E-02   -0.198682E-02    0.150843E-02
 0.65394    0.338846E-02   -0.192151E-02    0.145579E-02
 0.67196    0.326910E-02   -0.185914E-02    0.140540E-02
 0.68999    0.315525E-02   -0.179953E-02    0.135711E-02
 0.70802    0.304657E-02   -0.174252E-02    0.131082E-02
 0.72604    0.294274E-02   -0.168796E-02    0.126641E-02
 0.74407    0.284350E-02   -0.163570E-02    0.122376E-02
 0.76209    0.274856E-02   -0.158561E-02    0.118279E-02
 0.78012    0.265770E-02   -0.153757E-02    0.114340E-02
 0.79815    0.257067E-02   -0.149146E-02    0.110550E-02
 0.81617    0.248727E-02   -0.144719E-02    0.106903E-02
 0.83420    0.240729E-02   -0.140464E-02    0.103390E-02
 0.85222    0.233057E-02   -0.136374E-02    0.100005E-02
 0.87025    0.225692E-02   -0.132440E-02    0.967412E-03
 0.88828    0.218619E-02   -0.128653E-02    0.935933E-03
 0.90630    0.211822E-02   -0.125006E-02    0.905553E-03
 0.92433    0.205288E-02   -0.121493E-02    0.876222E-03
 0.94235    0.199004E-02   -0.118106E-02    0.847891E-03
 0.96038    0.192957E-02   -0.114841E-02    0.820513E-03
 0.97841    0.187136E-02   -0.111690E-02    0.794047E-03
 0.99643    0.181531E-02   -0.108649E-02    0.768452E-03
 1.01446    0.176131E-02   -0.105713E-02    0.743691E-03
 1.03248    0.170926E-02   -0.102876E-02    0.719727E-03
 1.05051    0.165908E-02   -0.100135E-02    0.696526E-03
 1.06854    0.161068E-02   -0.974850E-03    0.674058E-03
 1.08656    0.156398E-02   -0.949223E-03    0.652292E-03
 1.10459    0.151891E-02   -0.924429E-03    0.631200E-03
 1.12262    0.147539E-02   -0.900434E-03    0.610754E-03
 1.14064    0.143336E-02   -0.877204E-03    0.590929E-03
 1.15867    0.139276E-02   -0.854708E-03    0.571702E-03
 1.17669    0.135352E-02   -0.832915E-03    0.553049E-03
 1.19472    0.131559E-02   -0.811798E-03    0.534949E-03
 1.21275    0.127891E-02   -0.791330E-03    0.517382E-03
 1.23077    0.124343E-02   -0.771484E-03    0.500327E-03
 1.24880    0.120911E-02   -0.752235E-03    0.483767E-03
 1.26682    0.117589E-02   -0.733562E-03    0.467683E-03
 1.28485    0.114373E-02   -0.715444E-03    0.452059E-03
 1.30288    0.111260E-02   -0.697854E-03    0.436878E-03
 1.32090    0.108245E-02   -0.680778E-03    0.422125E-03
 1.33893    0.105324E-02   -0.664196E-03    0.407786E-03
 1.35695    0.102495E-02   -0.648088E-03    0.393847E-03
 1.37498    0.997522E-03   -0.632439E-03    0.380294E-03
 1.39301    0.970938E-03   -0.617231E-03    0.367114E-03
 1.41103    0.945165E-03   -0.602449E-03    0.354296E-03
 1.42906    0.920173E-03   -0.588078E-03    0.341828E-03
 1.44708    0.895932E-03   -0.574105E-03    0.329698E-03
 1.46511    0.872416E-03   -0.560514E-03    0.317897E-03
 1.48314    0.849600E-03   -0.547294E-03    0.306413E-03
 1.50116    0.827457E-03   -0.534429E-03    0.295236E-03
 1.51919    0.805965E-03   -0.521910E-03    0.284358E-03
 1.53721    0.785100E-03   -0.509725E-03    0.273770E-03
 1.55524    0.764841E-03   -0.497863E-03    0.263463E-03
 1.57327    0.745167E-03   -0.486314E-03    0.253427E-03
 1.59129    0.726058E-03   -0.475066E-03    0.243656E-03
 1.60932    0.707495E-03   -0.464111E-03    0.234141E-03
 1.62734    0.689460E-03   -0.453439E-03    0.224876E-03
 1.64537    0.671934E-03   -0.443042E-03    0.215852E-03
 1.66340    0.654902E-03   -0.432910E-03    0.207063E-03
 1.68142    0.638347E-03   -0.423035E-03    0.198503E-03
 1.69945    0.622253E-03   -0.413411E-03    0.190164E-03
 1.71747    0.606606E-03   -0.404028E-03    0.182042E-03
 1.73550    0.591392E-03   -0.394880E-03    0.174129E-03
 1.75353    0.576595E-03   -0.385960E-03    0.166421E-03
 1.77155    0.562204E-03   -0.377261E-03    0.158912E-03
 1.78958    0.548206E-03   -0.368777E-03    0.151596E-03
 1.80761    0.534588E-03   -0.360500E-03    0.144468E-03
 1.82563    0.521340E-03   -0.352425E-03    0.137523E-03
 1.84366    0.508448E-03   -0.344547E-03    0.130757E-03
 1.86168    0.495904E-03   -0.336860E-03    0.124165E-03
 1.87971    0.483695E-03   -0.329358E-03    0.117742E-03
 1.89774    0.471813E-03   -0.322037E-03    0.111484E-03
 1.91576    0.460248E-03   -0.314890E-03    0.105388E-03
 1.93379    0.448990E-03   -0.307914E-03    0.994436E-04
 1.95181    0.438031E-03   -0.301105E-03    0.936573E-04
 1.96984    0.427362E-03   -0.294456E-03    0.880203E-04
 1.98787    0.416974E-03   -0.287964E-03    0.825287E-04
 2.00589    0.406860E-03   -0.281628E-03    0.771796E-04
 2.02392    0.397013E-03   -0.275439E-03    0.719732E-04
 2.04194    0.387424E-03   -0.269396E-03    0.668979E-04
 2.05997    0.378087E-03   -0.263494E-03    0.619554E-04
 2.07800    0.368996E-03   -0.257731E-03    0.571421E-04
 2.09602    0.360143E-03   -0.252102E-03    0.524552E-04
 2.11405    0.351523E-03   -0.246605E-03    0.478919E-04
 2.13207    0.343129E-03   -0.241236E-03    0.434495E-04
 2.15010    0.334956E-03   -0.235992E-03    0.391251E-04
 2.16813    0.326998E-03   -0.230871E-03    0.349168E-04
 2.18615    0.319251E-03   -0.225870E-03    0.308212E-04
 2.20418    0.311709E-03   -0.220985E-03    0.268363E-04
 2.22220    0.304366E-03   -0.216216E-03    0.229599E-04
 2.24023    0.297220E-03   -0.211558E-03    0.191897E-04
 2.25826    0.290266E-03   -0.207010E-03    0.155235E-04
 2.27628    0.283498E-03   -0.202569E-03    0.119595E-04
 2.29431    0.276914E-03   -0.198234E-03    0.849554E-05
 2.31233    0.270509E-03   -0.194002E-03    0.512990E-05
 2.33036    0.264281E-03   -0.189872E-03    0.186061E-05
 2.34839    0.258226E-03   -0.185841E-03   -0.131393E-05
 2.36641    0.252341E-03   -0.181909E-03   -0.439599E-05
 2.38444    0.246621E-03   -0.178072E-03   -0.738568E-05
 2.40246    0.241065E-03   -0.174330E-03   -0.102864E-04
 2.42049    0.235671E-03   -0.170681E-03   -0.130982E-04
 2.43852    0.230434E-03   -0.167124E-03   -0.158232E-04
 2.45654    0.225354E-03   -0.163657E-03   -0.184625E-04
 2.47457    0.220427E-03   -0.160279E-03   -0.210176E-04
 2.49260    0.215652E-03   -0.156988E-03   -0.234902E-04
 2.51062    0.211025E-03   -0.153784E-03   -0.258809E-04
 2.52865    0.206545E-03   -0.150665E-03   -0.281909E-04
 2.54667    0.202210E-03   -0.147630E-03   -0.304227E-04
 2.56470    0.198018E-03   -0.144677E-03   -0.325761E-04
 2.58273    0.193966E-03   -0.141807E-03   -0.346528E-04
 2.60075    0.190053E-03   -0.139016E-03   -0.366541E-04
 2.61878    0.186276E-03   -0.136305E-03   -0.385812E-04
 2.63680    0.182634E-03   -0.133672E-03   -0.404351E-04
 2.65483    0.179124E-03   -0.131116E-03   -0.422175E-04
 2.67286    0.175745E-03   -0.128635E-03   -0.439290E-04
 2.69088    0.172493E-03   -0.126228E-03   -0.455719E-04
 2.70891    0.169366E-03   -0.123894E-03   -0.471458E-04
 2.72693    0.166362E-03   -0.121632E-03   -0.486553E-04
 2.74496    0.163478E-03   -0.119439E-03   -0.500989E-04
 2.76299    0.160711E-03   -0.117315E-03   -0.514791E-04
 2.78101    0.158058E-03   -0.115257E-03   -0.527976E-04
 2.79904    0.155515E-03   -0.113263E-03   -0.540561E-04
 2.81706    0.153079E-03   -0.111332E-03   -0.552562E-04
 2.83509    0.150746E-03   -0.109462E-03   -0.564004E-04
 2.85312    0.148511E-03   -0.107649E-03   -0.574901E-04
 2.87114    0.146370E-03   -0.105893E-03   -0.585276E-04
 2.88917    0.144319E-03   -0.104190E-03   -0.595152E-04
 2.90719    0.142353E-03   -0.102538E-03   -0.604550E-04
 2.92522    0.140465E-03   -0.100932E-03   -0.613496E-04
 2.94325    0.138651E-03   -0.993734E-04   -0.622014E-04
 2.96127    0.136904E-03   -0.978554E-04   -0.630131E-04
 2.97930    0.135219E-03   -0.963759E-04   -0.637875E-04
 2.99732    0.133589E-03   -0.949316E-04   -0.645277E-04
 3.01535    0.132007E-03   -0.935189E-04   -0.652361E-04
 3.03338    0.130466E-03   -0.921342E-04   -0.659159E-04
 3.05140    0.128960E-03   -0.907739E-04   -0.665702E-04
 3.06943    0.127480E-03   -0.894342E-04   -0.672018E-04
 3.08745    0.126021E-03   -0.881109E-04   -0.678148E-04
 3.10548    0.124573E-03   -0.868013E-04   -0.684113E-04
 3.12351    0.123130E-03   -0.855002E-04   -0.689951E-04
 3.14153    0.121684E-03   -0.842041E-04   -0.695691E-04
 3.15956    0.120228E-03   -0.829090E-04   -0.701366E-04
 3.17759    0.118755E-03   -0.816112E-04   -0.707009E-04
 3.19561    0.117256E-03   -0.803074E-04   -0.712649E-04
 3.21364    0.115725E-03   -0.789934E-04   -0.718316E-04
 3.23166    0.114155E-03   -0.776657E-04   -0.724039E-04
 3.24969    0.112540E-03   -0.763210E-04   -0.729839E-04
 3.26772    0.110874E-03   -0.749562E-04   -0.735762E-04
 3.28574    0.109150E-03   -0.735682E-04   -0.741815E-04
 3.30377    0.107363E-03   -0.721539E-04   -0.748027E-04
 3.32179    0.105508E-03   -0.707110E-04   -0.754418E-04
 3.33982    0.103581E-03   -0.692370E-04   -0.761009E-04
 3.35785    0.101577E-03   -0.677299E-04   -0.767819E-04
 3.37587    0.994937E-04   -0.661880E-04   -0.774856E-04
 3.39390    0.973281E-04   -0.646098E-04   -0.782141E-04
 3.41192    0.950778E-04   -0.629905E-04   -0.789681E-04
 3.42995    0.927413E-04   -0.613364E-04   -0.797485E-04
 3.44798    0.903175E-04   -0.596429E-04   -0.805556E-04
 3.46600    0.878061E-04   -0.579109E-04   -0.813895E-04
 3.48403    0.852079E-04   -0.561396E-04   -0.822517E-04
 3.50205    0.825226E-04   -0.543294E-04   -0.831400E-04
 3.52008    0.797527E-04   -0.524848E-04   -0.840556E-04
 3.53811    0.769004E-04   -0.505996E-04   -0.849970E-04
 3.55613    0.739675E-04   -0.486787E-04   -0.859635E-04
 3.57416    0.709585E-04   -0.467238E-04   -0.869539E-04
 3.59218    0.678757E-04   -0.447366E-04   -0.879671E-04
 3.61021    0.647245E-04   -0.427191E-04   -0.890012E-04
 3.62824    0.615091E-04   -0.406738E-04   -0.900549E-04
 3.64626    0.582346E-04   -0.386031E-04   -0.911266E-04
 3.66429    0.549063E-04   -0.365097E-04   -0.922139E-04
 3.68231    0.515299E-04   -0.343963E-04   -0.933148E-04
 3.70034    0.481114E-04   -0.322660E-04   -0.944271E-04
 3.71837    0.446570E-04   -0.301217E-04   -0.955488E-04
 3.73639    0.411729E-04   -0.279670E-04   -0.966772E-04
 3.75442    0.376660E-04   -0.258048E-04   -0.978099E-04
 3.77244    0.341426E-04   -0.236383E-04   -0.989446E-04
 3.79047    0.306093E-04   -0.214714E-04   -0.100079E-03
 3.80850    0.270727E-04   -0.193066E-04   -0.101210E-03
 3.82652    0.235394E-04   -0.171474E-04   -0.102336E-03
 3.84455    0.200156E-04   -0.149973E-04   -0.103454E-03
 3.86258    0.165077E-04   -0.128592E-04   -0.104562E-03
 3.88060    0.130217E-04   -0.107360E-04   -0.105657E-03
 3.89863    0.956358E-05   -0.863095E-05   -0.106738E-03
 3.91665    0.613907E-05   -0.654678E-05   -0.107802E-03
 3.93468    0.275343E-05   -0.448622E-05   -0.108847E-03
 3.95271   -0.587981E-06   -0.245184E-05   -0.109871E-03
 3.97073   -0.388036E-05   -0.446075E-06   -0.110873E-03
 3.98876   -0.711914E-05    0.152869E-05   -0.111851E-03
 4.00678   -0.103001E-04    0.347044E-05   -0.112802E-03
 4.02481   -0.134192E-04    0.537715E-05   -0.113725E-03
 4.04284   -0.164731E-04    0.724708E-05   -0.114621E-03
 4.06086   -0.194583E-04    0.907857E-05   -0.115486E-03
 4.07889   -0.223721E-04    0.108706E-04   -0.116320E-03
 4.09691   -0.252120E-04    0.126207E-04   -0.117122E-03
 4.11494   -0.279756E-04    0.143289E-04   -0.117891E-03
 4.13297   -0.306635E-04    0.159940E-04   -0.118627E-03
 4.15099   -0.332672E-04    0.176151E-04   -0.119328E-03
 4.16902   -0.357921E-04    0.191920E-04   -0.119995E-03
 4.18704   -0.382351E-04    0.207234E-04   -0.120627E-03
 4.20507   -0.405954E-04    0.222094E-04   -0.121224E-03
 4.22310   -0.428726E-04    0.236497E-04   -0.121785E-03
 4.24112   -0.450666E-04    0.250445E-04   -0.122311E-03
 4.25915   -0.471774E-04    0.263934E-04   -0.122802E-03
 4.27717   -0.492053E-04    0.276969E-04   -0.123258E-03
 4.29520   -0.511507E-04    0.289551E-04   -0.123678E-03
 4.31323   -0.530147E-04    0.301685E-04   -0.124064E-03
 4.33125   -0.547979E-04    0.313375E-04   -0.124416E-03
 4.34928   -0.565016E-04    0.324627E-04   -0.124734E-03
 4.36730   -0.581267E-04    0.335447E-04   -0.125018E-03
 4.38533   -0.596746E-04    0.345841E-04   -0.125270E-03
 4.40336   -0.611469E-04    0.355818E-04   -0.125489E-03
 4.42138   -0.625450E-04    0.365385E-04   -0.125677E-03
 4.43941   -0.638706E-04    0.374550E-04   -0.125834E-03
 4.45743   -0.651254E-04    0.383322E-04   -0.125961E-03
 4.47546   -0.663112E-04    0.391712E-04   -0.126058E-03
 4.49349   -0.674299E-04    0.399728E-04   -0.126127E-03
 4.51151   -0.684833E-04    0.407379E-04   -0.126167E-03
 4.52954   -0.694732E-04    0.414676E-04   -0.126181E-03
 4.54757   -0.704017E-04    0.421632E-04   -0.126168E-03
 4.56559   -0.712709E-04    0.428248E-04   -0.126129E-03
 4.58362   -0.720825E-04    0.434544E-04   -0.126066E-03
 4.60164   -0.728386E-04    0.440526E-04   -0.125978E-03
 4.61967   -0.735412E-04    0.446202E-04   -0.125868E-03
 4.63770   -0.741921E-04    0.451585E-04   -0.125735E-03
 4.65572   -0.747932E-04    0.456683E-04   -0.125580E-03
 4.67375   -0.753465E-04    0.461507E-04   -0.125404E-03
 4.69177   -0.758537E-04    0.466067E-04   -0.125209E-03
 4.70980   -0.763167E-04    0.470371E-04   -0.124994E-03
 4.72783   -0.767374E-04    0.474431E-04   -0.124761E-03
 4.74585   -0.771174E-04    0.478251E-04   -0.124509E-03
 4.76388   -0.774585E-04    0.481844E-04   -0.124241E-03
 4.78190   -0.777622E-04    0.485219E-04   -0.123956E-03
 4.79993   -0.780303E-04    0.488382E-04   -0.123655E-03
 4.81796   -0.782645E-04    0.491343E-04   -0.123339E-03
 4.83598   -0.784658E-04    0.494109E-04   -0.123009E-03
 4.85401   -0.786362E-04    0.496688E-04   -0.122665E-03
 4.87203   -0.787769E-04    0.499088E-04   -0.122307E-03
 4.89006   -0.788894E-04    0.501316E-04   -0.121937E-03
 4.90809   -0.789748E-04    0.503378E-04   -0.121555E-03
 4.92611   -0.790347E-04    0.505281E-04   -0.121161E-03
 4.94414   -0.790700E-04    0.507033E-04   -0.120757E-03
 4.96216   -0.790822E-04    0.508639E-04   -0.120341E-03
 4.98019   -0.790722E-04    0.510105E-04   -0.119916E-03
 4.99822   -0.790411E-04    0.511438E-04   -0.119482E-03
 5.01624   -0.789901E-04    0.512642E-04   -0.119038E-03
 5.03427   -0.789202E-04    0.513724E-04   -0.118585E-03
 5.05229   -0.788322E-04    0.514688E-04   -0.118125E-03
 5.07032   -0.787273E-04    0.515539E-04   -0.117657E-03
 5.08835   -0.786061E-04    0.516283E-04   -0.117181E-03
 5.10637   -0.784697E-04    0.516923E-04   -0.116698E-03
 5.12440   -0.783187E-04    0.517465E-04   -0.116209E-03
 5.14242   -0.781540E-04    0.517912E-04   -0.115713E-03
 5.16045   -0.779763E-04    0.518268E-04   -0.115212E-03
 5.17848   -0.777862E-04    0.518537E-04   -0.114705E-03
 5.19650   -0.775845E-04    0.518723E-04   -0.114193E-03
 5.21453   -0.773718E-04    0.518829E-04   -0.113675E-03
 5.23256   -0.771488E-04    0.518860E-04   -0.113153E-03
 5.25058   -0.769160E-04    0.518818E-04   -0.112627E-03
 5.26861   -0.766740E-04    0.518706E-04   -0.112096E-03
 5.28663   -0.764234E-04    0.518527E-04   -0.111562E-03
 5.30466   -0.761645E-04    0.518284E-04   -0.111023E-03
 5.32269   -0.758979E-04    0.517980E-04   -0.110482E-03
 5.34071   -0.756241E-04    0.517618E-04   -0.109937E-03
 5.35874   -0.753436E-04    0.517199E-04   -0.109389E-03
 5.37676   -0.750565E-04    0.516727E-04   -0.108839E-03
 5.39479   -0.747636E-04    0.516203E-04   -0.108285E-03
 5.41282   -0.744651E-04    0.515630E-04   -0.107730E-03
 5.43084   -0.741614E-04    0.515010E-04   -0.107172E-03
 5.44887   -0.738528E-04    0.514345E-04   -0.106612E-03
 5.46689   -0.735397E-04    0.513636E-04   -0.106051E-03
 5.48492   -0.732223E-04    0.512887E-04   -0.105487E-03
 5.50295   -0.729009E-04    0.512098E-04   -0.104922E-03
 5.52097   -0.725759E-04    0.511271E-04   -0.104356E-03
 5.53900   -0.722477E-04    0.510408E-04   -0.103789E-03
 5.55702   -0.719163E-04    0.509510E-04   -0.103220E-03
 5.57505   -0.715818E-04    0.508579E-04   -0.102651E-03
 5.59308   -0.712448E-04    0.507617E-04   -0.102080E-03
 5.61110   -0.709055E-04    0.506625E-04   -0.101509E-03
 5.62913   -0.705637E-04    0.505603E-04   -0.100938E-03
 5.64715   -0.702201E-04    0.504554E-04   -0.100366E-03
 5.66518   -0.698746E-04    0.503478E-04   -0.997932E-04
 5.68321   -0.695276E-04    0.502377E-04   -0.992207E-04
 5.70123   -0.691791E-04    0.501252E-04   -0.986483E-04
 5.71926   -0.688294E-04    0.500104E-04   -0.980759E-04
 5.73728   -0.684786E-04    0.498934E-04   -0.975037E-04
 5.75531   -0.681267E-04    0.497743E-04   -0.969317E-04
 5.77334   -0.677741E-04    0.496532E-04   -0.963602E-04
 5.79136   -0.674208E-04    0.495301E-04   -0.957892E-04
 5.80939   -0.670669E-04    0.494053E-04   -0.952187E-04
 5.82741   -0.667126E-04    0.492787E-04   -0.946490E-04
 5.84544   -0.663580E-04    0.491505E-04   -0.940800E-04
 5.86347   -0.660033E-04    0.490207E-04   -0.935120E-04
 5.88149   -0.656484E-04    0.488894E-04   -0.929448E-04
 5.89952   -0.652936E-04    0.487566E-04   -0.923784E-04
 5.91755   -0.649390E-04    0.486226E-04   -0.918134E-04
 5.93557   -0.645845E-04    0.484872E-04   -0.912494E-04
 5.95360   -0.642304E-04    0.483506E-04   -0.906865E-04
 5.97162   -0.638767E-04    0.482129E-04   -0.901247E-04
 5.98965   -0.635235E-04    0.480741E-04   -0.895644E-04
 6.00768   -0.631709E-04    0.479342E-04   -0.890053E-04
 6.02570   -0.628189E-04    0.477934E-04   -0.884476E-04
 6.04373   -0.624676E-04    0.476516E-04   -0.878914E-04
 6.06175   -0.621171E-04    0.475090E-04   -0.873366E-04
 6.07978   -0.617675E-04    0.473657E-04   -0.867832E-04
 6.09781   -0.614188E-04    0.472216E-04   -0.862314E-04
 6.11583   -0.610712E-04    0.470767E-04   -0.856811E-04
 6.13386   -0.607245E-04    0.469313E-04   -0.851324E-04
 6.15188   -0.603790E-04    0.467852E-04   -0.845853E-04
 6.16991   -0.600347E-04    0.466386E-04   -0.840399E-04
 6.18794   -0.596916E-04    0.464914E-04   -0.834962E-04
 6.20596   -0.593499E-04    0.463439E-04   -0.829541E-04
 6.22399   -0.590094E-04    0.461959E-04   -0.824138E-04
 6.24201   -0.586704E-04    0.460476E-04   -0.818752E-04
 6.26004   -0.583327E-04    0.458988E-04   -0.813384E-04
 6.27807   -0.579966E-04    0.457497E-04   -0.808035E-04
 6.29609   -0.576620E-04    0.456004E-04   -0.802704E-04
 6.31412   -0.573290E-04    0.454509E-04   -0.797391E-04
 6.33214   -0.569975E-04    0.453012E-04   -0.792098E-04
 6.35017   -0.566678E-04    0.451514E-04   -0.786824E-04
 6.36820   -0.563397E-04    0.450014E-04   -0.781569E-04
 6.38622   -0.560133E-04    0.448514E-04   -0.776335E-04
 6.40425   -0.556887E-04    0.447013E-04   -0.771120E-04
 6.42227   -0.553659E-04    0.445512E-04   -0.765927E-04
 6.44030   -0.550449E-04    0.444011E-04   -0.760753E-04
 6.45833   -0.547258E-04    0.442510E-04   -0.755601E-04
 6.47635   -0.544084E-04    0.441010E-04   -0.750470E-04
 6.49438   -0.540930E-04    0.439511E-04   -0.745360E-04
 6.51240   -0.537795E-04    0.438012E-04   -0.740271E-04
 6.53043   -0.534680E-04    0.436516E-04   -0.735206E-04
 6.54846   -0.531585E-04    0.435021E-04   -0.730162E-04
 6.56648   -0.528507E-04    0.433527E-04   -0.725140E-04
 6.58451   -0.525451E-04    0.432036E-04   -0.720140E-04
 6.60254   -0.522415E-04    0.430547E-04   -0.715163E-04
 6.62056   -0.519397E-04    0.429060E-04   -0.710209E-04
 6.63859   -0.516401E-04    0.427576E-04   -0.705277E-04
 6.65661   -0.513424E-04    0.426094E-04   -0.700369E-04
 6.67464   -0.510468E-04    0.424615E-04   -0.695484E-04
 6.69267   -0.507531E-04    0.423140E-04   -0.690621E-04
 6.71069   -0.504615E-04    0.421666E-04   -0.685783E-04
 6.72872   -0.501718E-04    0.420196E-04   -0.680968E-04
 6.74674   -0.498842E-04    0.418729E-04   -0.676176E-04
 6.76477   -0.495985E-04    0.417266E-04   -0.671408E-04
 6.78280   -0.493148E-04    0.415805E-04   -0.666663E-04
 6.80082   -0.490331E-04    0.414348E-04   -0.661942E-04
 6.81885   -0.487533E-04    0.412895E-04   -0.657244E-04
 6.83687   -0.484755E-04    0.411444E-04   -0.652570E-04
 6.85490   -0.481995E-04    0.409997E-04   -0.647919E-04
 6.87293   -0.479254E-04    0.408554E-04   -0.643292E-04
 6.89095   -0.476531E-04    0.407113E-04   -0.638688E-04
 6.90898   -0.473827E-04    0.405676E-04   -0.634108E-04
 6.92700   -0.471145E-04    0.404243E-04   -0.629552E-04
 6.94503   -0.468474E-04    0.402812E-04   -0.625018E-04
 6.96306   -0.465823E-04    0.401385E-04   -0.620507E-04
 6.98108   -0.463190E-04    0.399961E-04   -0.616017E-04
 6.99911   -0.460574E-04    0.398540E-04   -0.611554E-04
 7.01713   -0.457975E-04    0.397122E-04   -0.607112E-04
 7.03516   -0.455392E-04    0.395708E-04   -0.602693E-04
 7.05319   -0.452826E-04    0.394296E-04   -0.598295E-04
 7.07121   -0.450276E-04    0.392887E-04   -0.593921E-04
 7.08924   -0.447740E-04    0.391481E-04   -0.589570E-04
 7.10726   -0.445219E-04    0.390077E-04   -0.585240E-04
 7.12529   -0.442715E-04    0.388676E-04   -0.580933E-04
 7.14332   -0.440224E-04    0.387278E-04   -0.576648E-04
 7.16134   -0.437748E-04    0.385882E-04   -0.572385E-04
 7.17937   -0.435285E-04    0.384489E-04   -0.568144E-04
 7.19739   -0.432836E-04    0.383098E-04   -0.563925E-04
 7.21542   -0.430401E-04    0.381710E-04   -0.559727E-04
 7.23345   -0.427978E-04    0.380323E-04   -0.555551E-04
 7.25147   -0.425569E-04    0.378939E-04   -0.551396E-04
 7.26950   -0.423172E-04    0.377557E-04   -0.547262E-04
 7.28753   -0.420787E-04    0.376177E-04   -0.543150E-04
 7.30555   -0.418414E-04    0.374798E-04   -0.539059E-04
 7.32358   -0.416053E-04    0.373422E-04   -0.534988E-04
 7.34160   -0.413704E-04    0.372048E-04   -0.530939E-04
 7.35963   -0.411366E-04    0.370676E-04   -0.526910E-04
 7.37766   -0.409039E-04    0.369305E-04   -0.522902E-04
 7.39568   -0.406723E-04    0.367936E-04   -0.518841E-04
 7.41371   -0.404418E-04    0.366569E-04   -0.514874E-04
 7.43173   -0.402124E-04    0.365204E-04   -0.511002E-04
 7.44976   -0.399840E-04    0.363840E-04   -0.507076E-04
 7.46779   -0.397568E-04    0.362479E-04   -0.503171E-04
 7.48581   -0.395303E-04    0.361119E-04   -0.499285E-04
 7.50384   -0.393050E-04    0.359761E-04   -0.495420E-04
 7.52186   -0.390807E-04    0.358405E-04   -0.491575E-04
 7.53989   -0.388574E-04    0.357050E-04   -0.487750E-04
 7.55792   -0.386351E-04    0.355698E-04   -0.483945E-04
 7.57594   -0.384138E-04    0.354347E-04   -0.480160E-04
 7.59397   -0.381935E-04    0.352998E-04   -0.476395E-04
 7.61199   -0.379742E-04    0.351651E-04   -0.472649E-04
 7.63002   -0.377558E-04    0.350307E-04   -0.468924E-04
 7.64805   -0.375384E-04    0.348964E-04   -0.465218E-04
 7.66607   -0.373219E-04    0.347623E-04   -0.461531E-04
 7.68410   -0.371065E-04    0.346285E-04   -0.457865E-04
 7.70212   -0.368920E-04    0.344948E-04   -0.454218E-04
 7.72015   -0.366787E-04    0.343614E-04   -0.450591E-04
 7.73818   -0.364660E-04    0.342283E-04   -0.446984E-04
 7.75620   -0.362545E-04    0.340953E-04   -0.443396E-04
 7.77423   -0.360440E-04    0.339627E-04   -0.439828E-04
 7.79225   -0.358344E-04    0.338302E-04   -0.436279E-04
 7.81028   -0.356258E-04    0.336981E-04   -0.432750E-04
 7.82831   -0.354183E-04    0.335662E-04   -0.429239E-04
 7.84633   -0.352117E-04    0.334346E-04   -0.425749E-04
 7.86436   -0.350061E-04    0.333032E-04   -0.422278E-04
 7.88238   -0.348016E-04    0.331722E-04   -0.418826E-04
 7.90041   -0.345981E-04    0.330415E-04   -0.415394E-04
 7.91844   -0.343956E-04    0.329110E-04   -0.411981E-04
 7.93646   -0.341941E-04    0.327809E-04   -0.408587E-04
 7.95449   -0.339937E-04    0.326511E-04   -0.405213E-04
 7.97252   -0.337943E-04    0.325216E-04   -0.401858E-04
 7.99054   -0.335960E-04    0.323925E-04   -0.398523E-04
 8.00857   -0.333990E-04    0.322637E-04   -0.395207E-04
 8.02659   -0.332025E-04    0.321352E-04   -0.391910E-04
 8.04462   -0.330073E-04    0.320071E-04   -0.388632E-04
 8.06265   -0.328132E-04    0.318794E-04   -0.385373E-04
 8.08067   -0.326202E-04    0.317520E-04   -0.382133E-04
 8.09870   -0.324282E-04    0.316251E-04   -0.378913E-04
 8.11672   -0.322374E-04    0.314985E-04   -0.375711E-04
 8.13475   -0.320476E-04    0.313723E-04   -0.372529E-04
 8.15278   -0.318589E-04    0.312464E-04   -0.369365E-04
 8.17080   -0.316713E-04    0.311210E-04   -0.366221E-04
 8.18883   -0.314848E-04    0.309960E-04   -0.363096E-04
 8.20685   -0.312994E-04    0.308714E-04   -0.359989E-04
 8.22488   -0.311151E-04    0.307472E-04   -0.356901E-04
 8.24291   -0.309318E-04    0.306234E-04   -0.353832E-04
 8.26093   -0.307497E-04    0.305000E-04   -0.350782E-04
 8.27896   -0.305687E-04    0.303771E-04   -0.347750E-04
 8.29698   -0.303889E-04    0.302546E-04   -0.344737E-04
 8.31501   -0.302101E-04    0.301325E-04   -0.341743E-04
 8.33304   -0.300325E-04    0.300109E-04   -0.338767E-04
 8.35106   -0.298559E-04    0.298897E-04   -0.335810E-04
 8.36909   -0.296804E-04    0.297689E-04   -0.332871E-04
 8.38711   -0.295060E-04    0.296486E-04   -0.329951E-04
 8.40514   -0.293328E-04    0.295288E-04   -0.327048E-04
 8.42317   -0.291606E-04    0.294094E-04   -0.324165E-04
 8.44119   -0.289896E-04    0.292905E-04   -0.321299E-04
 8.45922   -0.288196E-04    0.291720E-04   -0.318452E-04
 8.47724   -0.286508E-04    0.290540E-04   -0.315623E-04
 8.49527   -0.284831E-04    0.289364E-04   -0.312812E-04
 8.51330   -0.283165E-04    0.288194E-04   -0.310019E-04
 8.53132   -0.281510E-04    0.287028E-04   -0.307243E-04
 8.54935   -0.279865E-04    0.285866E-04   -0.304486E-04
 8.56737   -0.278232E-04    0.284710E-04   -0.301746E-04
 8.58540   -0.276610E-04    0.283558E-04   -0.299024E-04
 8.60343   -0.274998E-04    0.282411E-04   -0.296320E-04
 8.62145   -0.273398E-04    0.281269E-04   -0.293633E-04
 8.63948   -0.271808E-04    0.280131E-04   -0.290964E-04
 8.65751   -0.270230E-04    0.278998E-04   -0.288312E-04
 8.67553   -0.268662E-04    0.277870E-04   -0.285678E-04
 8.69356   -0.267105E-04    0.276748E-04   -0.283061E-04
 8.71158   -0.265558E-04    0.275629E-04   -0.280461E-04
 8.72961   -0.264022E-04    0.274515E-04   -0.277879E-04
 8.74764   -0.262497E-04    0.273407E-04   -0.275313E-04
 8.76566   -0.260982E-04    0.272303E-04   -0.272765E-04
 8.78369   -0.259478E-04    0.271203E-04   -0.270234E-04
 8.80171   -0.257985E-04    0.270109E-04   -0.267719E-04
 8.81974   -0.256502E-04    0.269020E-04   -0.265221E-04
 8.83777   -0.255029E-04    0.267936E-04   -0.262741E-04
 8.85579   -0.253567E-04    0.266856E-04   -0.260276E-04
 8.87382   -0.252115E-04    0.265781E-04   -0.257828E-04
 8.89184   -0.250674E-04    0.264711E-04   -0.255397E-04
 8.90987   -0.249243E-04    0.263646E-04   -0.252982E-04
 8.92790   -0.247822E-04    0.262586E-04   -0.250584E-04
 8.94592   -0.246411E-04    0.261531E-04   -0.248202E-04
 8.96395   -0.245010E-04    0.260480E-04   -0.245836E-04
 8.98197   -0.243619E-04    0.259434E-04   -0.243486E-04
 9.00000   -0.242239E-04    0.258393E-04   -0.241152E-04
