 0.00500    0.443399E-02   -0.235622E-02    0.193505E-02
 0.02303    0.362338E-02   -0.195087E-02    0.163091E-02
 0.04105    0.314989E-02   -0.171400E-02    0.145305E-02
 0.05908    0.280577E-02   -0.154176E-02    0.132357E-02
 0.07710    0.253507E-02   -0.140619E-02    0.122151E-02
 0.09513    0.231275E-02   -0.129478E-02    0.113750E-02
 0.11316    0.212503E-02   -0.120063E-02    0.106639E-02
 0.13118    0.196341E-02   -0.111951E-02    0.100499E-02
 0.14921    0.182224E-02   -0.104858E-02    0.951200E-03
 0.16723    0.169753E-02   -0.985861E-03    0.903515E-03
 0.18526    0.158636E-02   -0.929892E-03    0.860857E-03
 0.20329    0.148653E-02   -0.879570E-03    0.822400E-03
 0.22131    0.139631E-02   -0.834040E-03    0.787505E-03
 0.23934    0.131435E-02   -0.792623E-03    0.755667E-03
 0.25736    0.123955E-02   -0.754770E-03    0.726477E-03
 0.27539    0.117101E-02   -0.720033E-03    0.699600E-03
 0.29342    0.110797E-02   -0.688039E-03    0.674759E-03
 0.31144    0.104982E-02   -0.658476E-03    0.651721E-03
 0.32947    0.996021E-03   -0.631078E-03    0.630288E-03
 0.34749    0.946116E-03   -0.605618E-03    0.610294E-03
 0.36552    0.899715E-03   -0.581903E-03    0.591592E-03
 0.38355    0.856478E-03   -0.559763E-03    0.574058E-03
 0.40157    0.816109E-03   -0.539050E-03    0.557581E-03
 0.41960    0.778346E-03   -0.519634E-03    0.542066E-03
 0.43763    0.742961E-03   -0.501401E-03    0.527427E-03
 0.45565    0.709750E-03   -0.484251E-03    0.513590E-03
 0.47368    0.678534E-03   -0.468093E-03    0.500489E-03
 0.49170    0.649150E-03   -0.452847E-03    0.488063E-03
 0.50973    0.621454E-03   -0.438442E-03    0.476260E-03
 0.52776    0.595316E-03   -0.424813E-03    0.465032E-03
 0.54578    0.570620E-03   -0.411901E-03    0.454333E-03
 0.56381    0.547258E-03   -0.399654E-03    0.444130E-03
 0.58183    0.525135E-03   -0.388023E-03    0.434384E-03
 0.59986    0.504164E-03   -0.376967E-03    0.425064E-03
 0.61789    0.484266E-03   -0.366445E-03    0.416140E-03
 0.63591    0.465368E-03   -0.356422E-03    0.407587E-03
 0.65394    0.447404E-03   -0.346864E-03    0.399379E-03
 0.67196    0.430312E-03   -0.337742E-03    0.391494E-03
 0.68999    0.414038E-03   -0.329027E-03    0.383912E-03
 0.70802    0.398531E-03   -0.320695E-03    0.376615E-03
 0.72604    0.383743E-03   -0.312722E-03    0.369585E-03
 0.74407    0.369631E-03   -0.305086E-03    0.362805E-03
 0.76209    0.356154E-03   -0.297767E-03    0.356263E-03
 0.78012    0.343275E-03   -0.290748E-03    0.349943E-03
 0.79815    0.330961E-03   -0.284011E-03    0.343837E-03
 0.81617    0.319179E-03   -0.277539E-03    0.337926E-03
 0.83420    0.307899E-03   -0.271319E-03    0.332202E-03
 0.85222    0.297094E-03   -0.265337E-03    0.326658E-03
 0.87025    0.286738E-03   -0.259580E-03    0.321282E-03
 0.88828    0.276809E-03   -0.254036E-03    0.316066E-03
 0.90630    0.267282E-03   -0.248694E-03    0.311003E-03
 0.92433    0.258137E-03   -0.243544E-03    0.306083E-03
 0.94235    0.249355E-03   -0.238577E-03    0.301301E-03
 0.96038    0.240918E-03   -0.233782E-03    0.296649E-03
 0.97841    0.232810E-03   -0.229152E-03    0.292122E-03
 0.99643    0.225011E-03   -0.224679E-03    0.287713E-03
 1.01446    0.217510E-03   -0.220355E-03    0.283418E-03
 1.03248    0.210291E-03   -0.216173E-03    0.279230E-03
 1.05051    0.203341E-03   -0.212127E-03    0.275146E-03
 1.06854    0.196648E-03   -0.208210E-03    0.271160E-03
 1.08656    0.190200E-03   -0.204417E-03    0.267269E-03
 1.10459    0.183985E-03   -0.200743E-03    0.263469E-03
 1.12262    0.177994E-03   -0.197181E-03    0.259755E-03
 1.14064    0.172216E-03   -0.193727E-03    0.256124E-03
 1.15867    0.166642E-03   -0.190376E-03    0.252572E-03
 1.17669    0.161263E-03   -0.187125E-03    0.249098E-03
 1.19472    0.156072E-03   -0.183969E-03    0.245697E-03
 1.21275    0.151059E-03   -0.180903E-03    0.242366E-03
 1.23077    0.146218E-03   -0.177925E-03    0.239104E-03
 1.24880    0.141541E-03   -0.175031E-03    0.235906E-03
 1.26682    0.137021E-03   -0.172216E-03    0.232772E-03
 1.28485    0.132653E-03   -0.169479E-03    0.229699E-03
 1.30288    0.128430E-03   -0.166817E-03    0.226684E-03
 1.32090    0.124347E-03   -0.164225E-03    0.223725E-03
 1.33893    0.120396E-03   -0.161702E-03    0.220821E-03
 1.35695    0.116575E-03   -0.159246E-03    0.217970E-03
 1.37498    0.112877E-03   -0.156852E-03    0.215169E-03
 1.39301    0.109299E-03   -0.154520E-03    0.212417E-03
 1.41103    0.105834E-03   -0.152247E-03    0.209713E-03
 1.42906    0.102480E-03   -0.150030E-03    0.207055E-03
 1.44708    0.992315E-04   -0.147869E-03    0.204440E-03
 1.46511    0.960851E-04   -0.145760E-03    0.201870E-03
 1.48314    0.930369E-04   -0.143702E-03    0.199340E-03
 1.50116    0.900835E-04   -0.141693E-03    0.196852E-03
 1.51919    0.872214E-04   -0.139732E-03    0.194402E-03
 1.53721    0.844473E-04   -0.137816E-03    0.191991E-03
 1.55524    0.817581E-04   -0.135945E-03    0.189616E-03
 1.57327    0.791510E-04   -0.134117E-03    0.187278E-03
 1.59129    0.766229E-04   -0.132330E-03    0.184974E-03
 1.60932    0.741712E-04   -0.130584E-03    0.182704E-03
 1.62734    0.717933E-04   -0.128876E-03    0.180467E-03
 1.64537    0.694867E-04   -0.127205E-03    0.178262E-03
 1.66340    0.672490E-04   -0.125571E-03    0.176088E-03
 1.68142    0.650780E-04   -0.123972E-03    0.173945E-03
 1.69945    0.629715E-04   -0.122408E-03    0.171832E-03
 1.71747    0.609272E-04   -0.120876E-03    0.169747E-03
 1.73550    0.589434E-04   -0.119377E-03    0.167691E-03
 1.75353    0.570180E-04   -0.117909E-03    0.165661E-03
 1.77155    0.551493E-04   -0.116471E-03    0.163659E-03
 1.78958    0.533354E-04   -0.115062E-03    0.161683E-03
 1.80761    0.515748E-04   -0.113682E-03    0.159732E-03
 1.82563    0.498657E-04   -0.112330E-03    0.157807E-03
 1.84366    0.482068E-04   -0.111005E-03    0.155906E-03
 1.86168    0.465969E-04   -0.109706E-03    0.154029E-03
 1.87971    0.450335E-04   -0.108432E-03    0.152175E-03
 1.89774    0.435167E-04   -0.107184E-03    0.150344E-03
 1.91576    0.420439E-04   -0.105960E-03    0.148536E-03
 1.93379    0.406149E-04   -0.104759E-03    0.146750E-03
 1.95181    0.392282E-04   -0.103582E-03    0.144986E-03
 1.96984    0.378827E-04   -0.102427E-03    0.143243E-03
 1.98787    0.365774E-04   -0.101295E-03    0.141521E-03
 2.00589    0.353112E-04   -0.100184E-03    0.139820E-03
 2.02392    0.340831E-04   -0.990934E-04    0.138139E-03
 2.04194    0.328924E-04   -0.980239E-04    0.136478E-03
 2.05997    0.317380E-04   -0.969743E-04    0.134836E-03
 2.07800    0.306193E-04   -0.959450E-04    0.133214E-03
 2.09602    0.295353E-04   -0.949348E-04    0.131610E-03
 2.11405    0.284853E-04   -0.939435E-04    0.130026E-03
 2.13207    0.274686E-04   -0.929709E-04    0.128460E-03
 2.15010    0.264844E-04   -0.920165E-04    0.126912E-03
 2.16813    0.255321E-04   -0.910799E-04    0.125382E-03
 2.18615    0.246110E-04   -0.901610E-04    0.123869E-03
 2.20418    0.237205E-04   -0.892593E-04    0.122374E-03
 2.22220    0.228598E-04   -0.883744E-04    0.120897E-03
 2.24023    0.220284E-04   -0.875061E-04    0.119436E-03
 2.25826    0.212255E-04   -0.866540E-04    0.117992E-03
 2.27628    0.204507E-04   -0.858177E-04    0.116565E-03
 2.29431    0.197031E-04   -0.849974E-04    0.115153E-03
 2.31233    0.189822E-04   -0.841921E-04    0.113758E-03
 2.33036    0.182873E-04   -0.834017E-04    0.112379E-03
 2.34839    0.176177E-04   -0.826259E-04    0.111015E-03
 2.36641    0.169726E-04   -0.818643E-04    0.109666E-03
 2.38444    0.163515E-04   -0.811165E-04    0.108332E-03
 2.40246    0.157535E-04   -0.803821E-04    0.107013E-03
 2.42049    0.151778E-04   -0.796610E-04    0.105708E-03
 2.43852    0.146236E-04   -0.789523E-04    0.104416E-03
 2.45654    0.140901E-04   -0.782558E-04    0.103139E-03
 2.47457    0.135764E-04   -0.775713E-04    0.101875E-03
 2.49260    0.130818E-04   -0.768981E-04    0.100625E-03
 2.51062    0.126051E-04   -0.762357E-04    0.993863E-04
 2.52865    0.121456E-04   -0.755837E-04    0.981603E-04
 2.54667    0.117022E-04   -0.749417E-04    0.969463E-04
 2.56470    0.112739E-04   -0.743089E-04    0.957437E-04
 2.58273    0.108598E-04   -0.736851E-04    0.945522E-04
 2.60075    0.104589E-04   -0.730697E-04    0.933716E-04
 2.61878    0.100701E-04   -0.724621E-04    0.922012E-04
 2.63680    0.969242E-05   -0.718619E-04    0.910405E-04
 2.65483    0.932481E-05   -0.712685E-04    0.898898E-04
 2.67286    0.896623E-05   -0.706813E-04    0.887478E-04
 2.69088    0.861565E-05   -0.701000E-04    0.876146E-04
 2.70891    0.827214E-05   -0.695239E-04    0.864897E-04
 2.72693    0.793470E-05   -0.689525E-04    0.853727E-04
 2.74496    0.760218E-05   -0.683854E-04    0.842632E-04
 2.76299    0.727384E-05   -0.678221E-04    0.831609E-04
 2.78101    0.694869E-05   -0.672621E-04    0.820653E-04
 2.79904    0.662583E-05   -0.667049E-04    0.809761E-04
 2.81706    0.630443E-05   -0.661501E-04    0.798930E-04
 2.83509    0.598365E-05   -0.655973E-04    0.788157E-04
 2.85312    0.566273E-05   -0.650461E-04    0.777437E-04
 2.87114    0.534093E-05   -0.644961E-04    0.766769E-04
 2.88917    0.501755E-05   -0.639470E-04    0.756149E-04
 2.90719    0.469199E-05   -0.633984E-04    0.745575E-04
 2.92522    0.436363E-05   -0.628500E-04    0.735045E-04
 2.94325    0.403192E-05   -0.623017E-04    0.724557E-04
 2.96127    0.369638E-05   -0.617530E-04    0.714108E-04
 2.97930    0.335653E-05   -0.612038E-04    0.703696E-04
 2.99732    0.301198E-05   -0.606539E-04    0.693320E-04
 3.01535    0.266237E-05   -0.601030E-04    0.682979E-04
 3.03338    0.230741E-05   -0.595511E-04    0.672671E-04
 3.05140    0.194685E-05   -0.589980E-04    0.662395E-04
 3.06943    0.158049E-05   -0.584436E-04    0.652151E-04
 3.08745    0.120818E-05   -0.578878E-04    0.641938E-04
 3.10548    0.829804E-06   -0.573306E-04    0.631755E-04
 3.12351    0.445278E-06   -0.567719E-04    0.621602E-04
 3.14153    0.545887E-07   -0.562118E-04    0.611480E-04
 3.15956   -0.342248E-06   -0.556502E-04    0.601387E-04
 3.17759   -0.745142E-06   -0.550872E-04    0.591325E-04
 3.19561   -0.115400E-05   -0.545228E-04    0.581294E-04
 3.21364   -0.156864E-05   -0.539571E-04    0.571295E-04
 3.23166   -0.198887E-05   -0.533902E-04    0.561328E-04
 3.24969   -0.241445E-05   -0.528224E-04    0.551395E-04
 3.26772   -0.284510E-05   -0.522537E-04    0.541497E-04
 3.28574   -0.328049E-05   -0.516841E-04    0.531634E-04
 3.30377   -0.372029E-05   -0.511141E-04    0.521809E-04
 3.32179   -0.416410E-05   -0.505437E-04    0.512024E-04
 3.33982   -0.461150E-05   -0.499731E-04    0.502278E-04
 3.35785   -0.506206E-05   -0.494027E-04    0.492574E-04
 3.37587   -0.551527E-05   -0.488325E-04    0.482919E-04
 3.39390   -0.597064E-05   -0.482631E-04    0.473307E-04
 3.41192   -0.642761E-05   -0.476944E-04    0.463743E-04
 3.42995   -0.688564E-05   -0.471270E-04    0.454232E-04
 3.44798   -0.734414E-05   -0.465610E-04    0.444774E-04
 3.46600   -0.780254E-05   -0.459968E-04    0.435372E-04
 3.48403   -0.826023E-05   -0.454347E-04    0.426028E-04
 3.50205   -0.871664E-05   -0.448750E-04    0.416745E-04
 3.52008   -0.917115E-05   -0.443179E-04    0.407524E-04
 3.53811   -0.962313E-05   -0.437642E-04    0.398369E-04
 3.55613   -0.100720E-04   -0.432134E-04    0.389281E-04
 3.57416   -0.105171E-04   -0.426663E-04    0.380264E-04
 3.59218   -0.109579E-04   -0.421232E-04    0.371319E-04
 3.61021   -0.113937E-04   -0.415843E-04    0.362449E-04
 3.62824   -0.118241E-04   -0.410499E-04    0.353655E-04
 3.64626   -0.122484E-04   -0.405203E-04    0.344942E-04
 3.66429   -0.126661E-04   -0.399958E-04    0.336309E-04
 3.68231   -0.130767E-04   -0.394765E-04    0.327760E-04
 3.70034   -0.134797E-04   -0.389630E-04    0.319295E-04
 3.71837   -0.138748E-04   -0.384552E-04    0.310918E-04
 3.73639   -0.142613E-04   -0.379535E-04    0.302628E-04
 3.75442   -0.146390E-04   -0.374579E-04    0.294428E-04
 3.77244   -0.150075E-04   -0.369688E-04    0.286320E-04
 3.79047   -0.153665E-04   -0.364863E-04    0.278304E-04
 3.80850   -0.157155E-04   -0.360106E-04    0.270382E-04
 3.82652   -0.160545E-04   -0.355417E-04    0.262553E-04
 3.84455   -0.163830E-04   -0.350798E-04    0.254821E-04
 3.86258   -0.167010E-04   -0.346250E-04    0.247184E-04
 3.88060   -0.170083E-04   -0.341773E-04    0.239644E-04
 3.89863   -0.173047E-04   -0.337369E-04    0.232201E-04
 3.91665   -0.175901E-04   -0.333038E-04    0.224855E-04
 3.93468   -0.178645E-04   -0.328781E-04    0.217606E-04
 3.95271   -0.181279E-04   -0.324596E-04    0.210454E-04
 3.97073   -0.183801E-04   -0.320485E-04    0.203400E-04
 3.98876   -0.186213E-04   -0.316447E-04    0.196456E-04
 4.00678   -0.188514E-04   -0.312482E-04    0.189595E-04
 4.02481   -0.190706E-04   -0.308590E-04    0.182817E-04
 4.04284   -0.192789E-04   -0.304771E-04    0.176148E-04
 4.06086   -0.194764E-04   -0.301022E-04    0.169574E-04
 4.07889   -0.196633E-04   -0.297345E-04    0.163095E-04
 4.09691   -0.198397E-04   -0.293738E-04    0.156709E-04
 4.11494   -0.200058E-04   -0.290200E-04    0.150416E-04
 4.13297   -0.201617E-04   -0.286730E-04    0.144215E-04
 4.15099   -0.203078E-04   -0.283327E-04    0.138104E-04
 4.16902   -0.204441E-04   -0.279990E-04    0.132084E-04
 4.18704   -0.205709E-04   -0.276718E-04    0.126152E-04
 4.20507   -0.206885E-04   -0.273510E-04    0.120307E-04
 4.22310   -0.207970E-04   -0.270364E-04    0.114549E-04
 4.24112   -0.208967E-04   -0.267279E-04    0.108876E-04
 4.25915   -0.209878E-04   -0.264254E-04    0.103288E-04
 4.27717   -0.210707E-04   -0.261287E-04    0.977824E-05
 4.29520   -0.211455E-04   -0.258378E-04    0.923579E-05
 4.31323   -0.212126E-04   -0.255524E-04    0.870143E-05
 4.33125   -0.212721E-04   -0.252725E-04    0.817501E-05
 4.34928   -0.213244E-04   -0.249979E-04    0.765634E-05
 4.36730   -0.213696E-04   -0.247284E-04    0.714533E-05
 4.38533   -0.214081E-04   -0.244640E-04    0.664185E-05
 4.40336   -0.214401E-04   -0.242044E-04    0.614579E-05
 4.42138   -0.214659E-04   -0.239496E-04    0.565700E-05
 4.43941   -0.214856E-04   -0.236994E-04    0.517538E-05
 4.45743   -0.214996E-04   -0.234537E-04    0.470083E-05
 4.47546   -0.215081E-04   -0.232124E-04    0.423317E-05
 4.49349   -0.215113E-04   -0.229753E-04    0.377232E-05
 4.51151   -0.215094E-04   -0.227424E-04    0.331812E-05
 4.52954   -0.215027E-04   -0.225134E-04    0.287053E-05
 4.54757   -0.214913E-04   -0.222883E-04    0.242944E-05
 4.56559   -0.214756E-04   -0.220670E-04    0.199464E-05
 4.58362   -0.214556E-04   -0.218493E-04    0.156610E-05
 4.60164   -0.214316E-04   -0.216352E-04    0.114366E-05
 4.61967   -0.214038E-04   -0.214245E-04    0.727267E-06
 4.63770   -0.213724E-04   -0.212172E-04    0.316789E-06
 4.65572   -0.213375E-04   -0.210131E-04   -0.878738E-07
 4.67375   -0.212994E-04   -0.208121E-04   -0.486808E-06
 4.69177   -0.212581E-04   -0.206142E-04   -0.880124E-06
 4.70980   -0.212139E-04   -0.204193E-04   -0.126789E-05
 4.72783   -0.211669E-04   -0.202272E-04   -0.165026E-05
 4.74585   -0.211173E-04   -0.200379E-04   -0.202723E-05
 4.76388   -0.210651E-04   -0.198514E-04   -0.239890E-05
 4.78190   -0.210106E-04   -0.196674E-04   -0.276542E-05
 4.79993   -0.209538E-04   -0.194861E-04   -0.312682E-05
 4.81796   -0.208949E-04   -0.193072E-04   -0.348322E-05
 4.83598   -0.208341E-04   -0.191307E-04   -0.383468E-05
 4.85401   -0.207714E-04   -0.189565E-04   -0.418127E-05
 4.87203   -0.207069E-04   -0.187847E-04   -0.452306E-05
 4.89006   -0.206407E-04   -0.186151E-04   -0.486016E-05
 4.90809   -0.205731E-04   -0.184476E-04   -0.519258E-05
 4.92611   -0.205039E-04   -0.182822E-04   -0.552040E-05
 4.94414   -0.204334E-04   -0.181189E-04   -0.584370E-05
 4.96216   -0.203616E-04   -0.179576E-04   -0.616255E-05
 4.98019   -0.202887E-04   -0.177982E-04   -0.647701E-05
 4.99822   -0.202146E-04   -0.176407E-04   -0.678713E-05
 5.01624   -0.201395E-04   -0.174851E-04   -0.709297E-05
 5.03427   -0.200634E-04   -0.173312E-04   -0.739459E-05
 5.05229   -0.199865E-04   -0.171791E-04   -0.769206E-05
 5.07032   -0.199087E-04   -0.170288E-04   -0.798541E-05
 5.08835   -0.198302E-04   -0.168801E-04   -0.827469E-05
 5.10637   -0.197510E-04   -0.167330E-04   -0.855997E-05
 5.12440   -0.196711E-04   -0.165875E-04   -0.884129E-05
 5.14242   -0.195907E-04   -0.164436E-04   -0.911870E-05
 5.16045   -0.195098E-04   -0.163013E-04   -0.939225E-05
 5.17848   -0.194283E-04   -0.161604E-04   -0.966200E-05
 5.19650   -0.193465E-04   -0.160209E-04   -0.992799E-05
 5.21453   -0.192642E-04   -0.158829E-04   -0.101903E-04
 5.23256   -0.191816E-04   -0.157463E-04   -0.104489E-04
 5.25058   -0.190987E-04   -0.156111E-04   -0.107038E-04
 5.26861   -0.190156E-04   -0.154772E-04   -0.109552E-04
 5.28663   -0.189322E-04   -0.153446E-04   -0.112031E-04
 5.30466   -0.188487E-04   -0.152133E-04   -0.114474E-04
 5.32269   -0.187650E-04   -0.150833E-04   -0.116883E-04
 5.34071   -0.186811E-04   -0.149545E-04   -0.119259E-04
 5.35874   -0.185972E-04   -0.148269E-04   -0.121600E-04
 5.37676   -0.185132E-04   -0.147005E-04   -0.123908E-04
 5.39479   -0.184292E-04   -0.145753E-04   -0.126184E-04
 5.41282   -0.183452E-04   -0.144513E-04   -0.128427E-04
 5.43084   -0.182612E-04   -0.143283E-04   -0.130638E-04
 5.44887   -0.181772E-04   -0.142065E-04   -0.132818E-04
 5.46689   -0.180933E-04   -0.140858E-04   -0.134966E-04
 5.48492   -0.180095E-04   -0.139661E-04   -0.137083E-04
 5.50295   -0.179257E-04   -0.138475E-04   -0.139169E-04
 5.52097   -0.178421E-04   -0.137300E-04   -0.141225E-04
 5.53900   -0.177586E-04   -0.136135E-04   -0.143252E-04
 5.55702   -0.176753E-04   -0.134979E-04   -0.145248E-04
 5.57505   -0.175921E-04   -0.133834E-04   -0.147215E-04
 5.59308   -0.175091E-04   -0.132699E-04   -0.149154E-04
 5.61110   -0.174263E-04   -0.131573E-04   -0.151063E-04
 5.62913   -0.173437E-04   -0.130457E-04   -0.152944E-04
 5.64715   -0.172613E-04   -0.129350E-04   -0.154797E-04
 5.66518   -0.171791E-04   -0.128253E-04   -0.156622E-04
 5.68321   -0.170972E-04   -0.127164E-04   -0.158420E-04
 5.70123   -0.170155E-04   -0.126085E-04   -0.160190E-04
 5.71926   -0.169341E-04   -0.125015E-04   -0.161933E-04
 5.73728   -0.168529E-04   -0.123953E-04   -0.163650E-04
 5.75531   -0.167720E-04   -0.122900E-04   -0.165340E-04
 5.77334   -0.166913E-04   -0.121856E-04   -0.167005E-04
 5.79136   -0.166110E-04   -0.120821E-04   -0.168642E-04
 5.80939   -0.165309E-04   -0.119793E-04   -0.170255E-04
 5.82741   -0.164511E-04   -0.118774E-04   -0.171842E-04
 5.84544   -0.163716E-04   -0.117764E-04   -0.173404E-04
 5.86347   -0.162924E-04   -0.116761E-04   -0.174941E-04
 5.88149   -0.162136E-04   -0.115766E-04   -0.176453E-04
 5.89952   -0.161350E-04   -0.114780E-04   -0.177941E-04
 5.91755   -0.160567E-04   -0.113801E-04   -0.179405E-04
 5.93557   -0.159788E-04   -0.112830E-04   -0.180845E-04
 5.95360   -0.159012E-04   -0.111867E-04   -0.182261E-04
 5.97162   -0.158239E-04   -0.110911E-04   -0.183654E-04
 5.98965   -0.157470E-04   -0.109963E-04   -0.185023E-04
 6.00768   -0.156703E-04   -0.109023E-04   -0.186370E-04
 6.02570   -0.155940E-04   -0.108089E-04   -0.187693E-04
 6.04373   -0.155181E-04   -0.107163E-04   -0.188995E-04
 6.06175   -0.154425E-04   -0.106245E-04   -0.190273E-04
 6.07978   -0.153672E-04   -0.105333E-04   -0.191530E-04
 6.09781   -0.152923E-04   -0.104429E-04   -0.192765E-04
 6.11583   -0.152178E-04   -0.103531E-04   -0.193978E-04
 6.13386   -0.151436E-04   -0.102641E-04   -0.195170E-04
 6.15188   -0.150697E-04   -0.101757E-04   -0.196341E-04
 6.16991   -0.149962E-04   -0.100880E-04   -0.197490E-04
 6.18794   -0.149231E-04   -0.100010E-04   -0.198619E-04
 6.20596   -0.148503E-04   -0.991466E-05   -0.199727E-04
 6.22399   -0.147778E-04   -0.982897E-05   -0.200815E-04
 6.24201   -0.147058E-04   -0.974394E-05   -0.201883E-04
 6.26004   -0.146340E-04   -0.965955E-05   -0.202931E-04
 6.27807   -0.145627E-04   -0.957581E-05   -0.203959E-04
 6.29609   -0.144917E-04   -0.949269E-05   -0.204967E-04
 6.31412   -0.144211E-04   -0.941021E-05   -0.205956E-04
 6.33214   -0.143509E-04   -0.932835E-05   -0.206927E-04
 6.35017   -0.142810E-04   -0.924711E-05   -0.207878E-04
 6.36820   -0.142114E-04   -0.916648E-05   -0.208810E-04
 6.38622   -0.141423E-04   -0.908645E-05   -0.209724E-04
 6.40425   -0.140735E-04   -0.900701E-05   -0.210620E-04
 6.42227   -0.140051E-04   -0.892819E-05   -0.211497E-04
 6.44030   -0.139370E-04   -0.884995E-05   -0.212357E-04
 6.45833   -0.138694E-04   -0.877229E-05   -0.213199E-04
 6.47635   -0.138020E-04   -0.869522E-05   -0.214023E-04
 6.49438   -0.137351E-04   -0.861872E-05   -0.214830E-04
 6.51240   -0.136685E-04   -0.854280E-05   -0.215620E-04
 6.53043   -0.136023E-04   -0.846744E-05   -0.216392E-04
 6.54846   -0.135364E-04   -0.839262E-05   -0.217148E-04
 6.56648   -0.134709E-04   -0.831838E-05   -0.217886E-04
 6.58451   -0.134057E-04   -0.824470E-05   -0.218609E-04
 6.60254   -0.133409E-04   -0.817157E-05   -0.219314E-04
 6.62056   -0.132764E-04   -0.809897E-05   -0.220004E-04
 6.63859   -0.132123E-04   -0.802693E-05   -0.220678E-04
 6.65661   -0.131486E-04   -0.795542E-05   -0.221336E-04
 6.67464   -0.130852E-04   -0.788448E-05   -0.221978E-04
 6.69267   -0.130221E-04   -0.781403E-05   -0.222604E-04
 6.71069   -0.129594E-04   -0.774412E-05   -0.223215E-04
 6.72872   -0.128970E-04   -0.767472E-05   -0.223811E-04
 6.74674   -0.128349E-04   -0.760585E-05   -0.224391E-04
 6.76477   -0.127732E-04   -0.753750E-05   -0.224957E-04
 6.78280   -0.127118E-04   -0.746966E-05   -0.225508E-04
 6.80082   -0.126507E-04   -0.740233E-05   -0.226044E-04
 6.81885   -0.125899E-04   -0.733551E-05   -0.226566E-04
 6.83687   -0.125295E-04   -0.726919E-05   -0.227073E-04
 6.85490   -0.124694E-04   -0.720338E-05   -0.227567E-04
 6.87293   -0.124096E-04   -0.713806E-05   -0.228046E-04
 6.89095   -0.123501E-04   -0.707323E-05   -0.228511E-04
 6.90898   -0.122909E-04   -0.700890E-05   -0.228963E-04
 6.92700   -0.122321E-04   -0.694503E-05   -0.229400E-04
 6.94503   -0.121735E-04   -0.688167E-05   -0.229825E-04
 6.96306   -0.121152E-04   -0.681879E-05   -0.230236E-04
 6.98108   -0.120573E-04   -0.675639E-05   -0.230634E-04
 6.99911   -0.119996E-04   -0.669447E-05   -0.231019E-04
 7.01713   -0.119423E-04   -0.663301E-05   -0.231391E-04
 7.03516   -0.118852E-04   -0.657203E-05   -0.231750E-04
 7.05319   -0.118284E-04   -0.651151E-05   -0.232097E-04
 7.07121   -0.117719E-04   -0.645145E-05   -0.232431E-04
 7.08924   -0.117157E-04   -0.639185E-05   -0.232752E-04
 7.10726   -0.116598E-04   -0.633271E-05   -0.233062E-04
 7.12529   -0.116041E-04   -0.627401E-05   -0.233359E-04
 7.14332   -0.115488E-04   -0.621577E-05   -0.233645E-04
 7.16134   -0.114937E-04   -0.615797E-05   -0.233918E-04
 7.17937   -0.114389E-04   -0.610062E-05   -0.234180E-04
 7.19739   -0.113844E-04   -0.604369E-05   -0.234431E-04
 7.21542   -0.113302E-04   -0.598721E-05   -0.234670E-04
 7.23345   -0.112762E-04   -0.593116E-05   -0.234897E-04
 7.25147   -0.112226E-04   -0.587554E-05   -0.235114E-04
 7.26950   -0.111692E-04   -0.582034E-05   -0.235319E-04
 7.28753   -0.111160E-04   -0.576557E-05   -0.235514E-04
 7.30555   -0.110632E-04   -0.571121E-05   -0.235698E-04
 7.32358   -0.110106E-04   -0.565727E-05   -0.235871E-04
 7.34160   -0.109582E-04   -0.560374E-05   -0.236033E-04
 7.35963   -0.109062E-04   -0.555061E-05   -0.236185E-04
 7.37766   -0.108544E-04   -0.549789E-05   -0.236327E-04
 7.39568   -0.108029E-04   -0.544558E-05   -0.236459E-04
 7.41371   -0.107516E-04   -0.539366E-05   -0.236581E-04
 7.43173   -0.107007E-04   -0.534213E-05   -0.236692E-04
 7.44976   -0.106499E-04   -0.529100E-05   -0.236794E-04
 7.46779   -0.105995E-04   -0.524025E-05   -0.236886E-04
 7.48581   -0.105493E-04   -0.518989E-05   -0.236969E-04
 7.50384   -0.104994E-04   -0.513991E-05   -0.237042E-04
 7.52186   -0.104497E-04   -0.509031E-05   -0.237106E-04
 7.53989   -0.104003E-04   -0.504108E-05   -0.237160E-04
 7.55792   -0.103512E-04   -0.499222E-05   -0.237206E-04
 7.57594   -0.103023E-04   -0.494373E-05   -0.237242E-04
 7.59397   -0.102537E-04   -0.489561E-05   -0.237270E-04
 7.61199   -0.102053E-04   -0.484784E-05   -0.237289E-04
 7.63002   -0.101573E-04   -0.480044E-05   -0.237299E-04
 7.64805   -0.101094E-04   -0.475339E-05   -0.237300E-04
 7.66607   -0.100619E-04   -0.470670E-05   -0.237293E-04
 7.68410   -0.100145E-04   -0.466035E-05   -0.237278E-04
 7.70212   -0.996749E-05   -0.461435E-05   -0.237255E-04
 7.72015   -0.992069E-05   -0.456870E-05   -0.237223E-04
 7.73818   -0.987414E-05   -0.452338E-05   -0.237183E-04
 7.75620   -0.982785E-05   -0.447840E-05   -0.237136E-04
 7.77423   -0.978182E-05   -0.443376E-05   -0.237080E-04
 7.79225   -0.973604E-05   -0.438945E-05   -0.237017E-04
 7.81028   -0.969051E-05   -0.434547E-05   -0.236946E-04
 7.82831   -0.964523E-05   -0.430181E-05   -0.236868E-04
 7.84633   -0.960021E-05   -0.425848E-05   -0.236782E-04
 7.86436   -0.955543E-05   -0.421547E-05   -0.236689E-04
 7.88238   -0.951091E-05   -0.417278E-05   -0.236588E-04
 7.90041   -0.946663E-05   -0.413041E-05   -0.236481E-04
 7.91844   -0.942261E-05   -0.408834E-05   -0.236366E-04
 7.93646   -0.937883E-05   -0.404659E-05   -0.236244E-04
 7.95449   -0.933529E-05   -0.400515E-05   -0.236116E-04
 7.97252   -0.929201E-05   -0.396401E-05   -0.235980E-04
 7.99054   -0.924896E-05   -0.392317E-05   -0.235838E-04
 8.00857   -0.920616E-05   -0.388264E-05   -0.235690E-04
 8.02659   -0.916361E-05   -0.384240E-05   -0.235535E-04
 8.04462   -0.912130E-05   -0.380245E-05   -0.235373E-04
 8.06265   -0.907922E-05   -0.376280E-05   -0.235205E-04
 8.08067   -0.903739E-05   -0.372344E-05   -0.235031E-04
 8.09870   -0.899580E-05   -0.368437E-05   -0.234850E-04
 8.11672   -0.895445E-05   -0.364558E-05   -0.234666E-04
 8.13475   -0.891333E-05   -0.360708E-05   -0.234473E-04
 8.15278   -0.887245E-05   -0.356886E-05   -0.234273E-04
 8.17080   -0.883181E-05   -0.353092E-05   -0.234070E-04
 8.18883   -0.879140E-05   -0.349326E-05   -0.233860E-04
 8.20685   -0.875122E-05   -0.345587E-05   -0.233645E-04
 8.22488   -0.871128E-05   -0.341875E-05   -0.233423E-04
 8.24291   -0.867157E-05   -0.338191E-05   -0.233196E-04
 8.26093   -0.863208E-05   -0.334533E-05   -0.232964E-04
 8.27896   -0.859283E-05   -0.330902E-05   -0.232726E-04
 8.29698   -0.855380E-05   -0.327297E-05   -0.232483E-04
 8.31501   -0.851501E-05   -0.323718E-05   -0.232235E-04
 8.33304   -0.847643E-05   -0.320166E-05   -0.231982E-04
 8.35106   -0.843808E-05   -0.316639E-05   -0.231723E-04
 8.36909   -0.839996E-05   -0.313138E-05   -0.231459E-04
 8.38711   -0.836206E-05   -0.309662E-05   -0.231191E-04
 8.40514   -0.832438E-05   -0.306211E-05   -0.230918E-04
 8.42317   -0.828691E-05   -0.302786E-05   -0.230640E-04
 8.44119   -0.824967E-05   -0.299386E-05   -0.230357E-04
 8.45922   -0.821265E-05   -0.296010E-05   -0.230069E-04
 8.47724   -0.817584E-05   -0.292658E-05   -0.229777E-04
 8.49527   -0.813924E-05   -0.289331E-05   -0.229480E-04
 8.51330   -0.810286E-05   -0.286028E-05   -0.229179E-04
 8.53132   -0.806669E-05   -0.282749E-05   -0.228874E-04
 8.54935   -0.803074E-05   -0.279494E-05   -0.228564E-04
 8.56737   -0.799499E-05   -0.276263E-05   -0.228250E-04
 8.58540   -0.795945E-05   -0.273054E-05   -0.227932E-04
 8.60343   -0.792412E-05   -0.269870E-05   -0.227609E-04
 8.62145   -0.788900E-05   -0.266708E-05   -0.227283E-04
 8.63948   -0.785408E-05   -0.263569E-05   -0.226952E-04
 8.65751   -0.781936E-05   -0.260453E-05   -0.226617E-04
 8.67553   -0.778485E-05   -0.257359E-05   -0.226279E-04
 8.69356   -0.775053E-05   -0.254289E-05   -0.225937E-04
 8.71158   -0.771642E-05   -0.251240E-05   -0.225591E-04
 8.72961   -0.768250E-05   -0.248214E-05   -0.225241E-04
 8.74764   -0.764878E-05   -0.245209E-05   -0.224888E-04
 8.76566   -0.761526E-05   -0.242227E-05   -0.224531E-04
 8.78369   -0.758193E-05   -0.239266E-05   -0.224170E-04
 8.80171   -0.754879E-05   -0.236327E-05   -0.223806E-04
 8.81974   -0.751584E-05   -0.233409E-05   -0.223439E-04
 8.83777   -0.748308E-05   -0.230531E-05   -0.223068E-04
 8.85579   -0.745051E-05   -0.227656E-05   -0.222694E-04
 8.87382   -0.741812E-05   -0.224802E-05   -0.222316E-04
 8.89184   -0.738592E-05   -0.221968E-05   -0.221935E-04
 8.90987   -0.735391E-05   -0.219156E-05   -0.221552E-04
 8.92790   -0.732207E-05   -0.216364E-05   -0.221165E-04
 8.94592   -0.729042E-05   -0.213593E-05   -0.220774E-04
 8.96395   -0.725895E-05   -0.210842E-05   -0.220381E-04
 8.98197   -0.722765E-05   -0.208094E-05   -0.219985E-04
 9.00000   -0.719653E-05   -0.205384E-05   -0.219586E-04
