 0.00500    0.153355E-01   -0.804108E-02    0.629680E-02
 0.02303    0.125291E-01   -0.663767E-02    0.524363E-02
 0.04105    0.108918E-01   -0.581834E-02    0.462802E-02
 0.05908    0.970260E-02   -0.522279E-02    0.417978E-02
 0.07710    0.876759E-02   -0.475411E-02    0.382630E-02
 0.09513    0.800007E-02   -0.436897E-02    0.353516E-02
 0.11316    0.735217E-02   -0.404348E-02    0.328848E-02
 0.13118    0.679454E-02   -0.376296E-02    0.307529E-02
 0.14921    0.630760E-02   -0.351765E-02    0.288829E-02
 0.16723    0.587757E-02   -0.330068E-02    0.272236E-02
 0.18526    0.549433E-02   -0.310699E-02    0.257374E-02
 0.20329    0.515023E-02   -0.293279E-02    0.243959E-02
 0.22131    0.483935E-02   -0.277510E-02    0.231771E-02
 0.23934    0.455698E-02   -0.263160E-02    0.220636E-02
 0.25736    0.429931E-02   -0.250039E-02    0.210413E-02
 0.27539    0.406325E-02   -0.237992E-02    0.200989E-02
 0.29342    0.384620E-02   -0.226890E-02    0.192267E-02
 0.31144    0.364598E-02   -0.216626E-02    0.184167E-02
 0.32947    0.346078E-02   -0.207108E-02    0.176623E-02
 0.34749    0.328901E-02   -0.198258E-02    0.169576E-02
 0.36552    0.312932E-02   -0.190010E-02    0.162977E-02
 0.38355    0.298054E-02   -0.182304E-02    0.156783E-02
 0.40157    0.284163E-02   -0.175090E-02    0.150956E-02
 0.41960    0.271171E-02   -0.168323E-02    0.145464E-02
 0.43763    0.258998E-02   -0.161964E-02    0.140277E-02
 0.45565    0.247575E-02   -0.155979E-02    0.135370E-02
 0.47368    0.236838E-02   -0.150336E-02    0.130720E-02
 0.49170    0.226732E-02   -0.145008E-02    0.126308E-02
 0.50973    0.217207E-02   -0.139970E-02    0.122114E-02
 0.52776    0.208218E-02   -0.135200E-02    0.118122E-02
 0.54578    0.199725E-02   -0.130678E-02    0.114318E-02
 0.56381    0.191692E-02   -0.126385E-02    0.110689E-02
 0.58183    0.184085E-02   -0.122306E-02    0.107221E-02
 0.59986    0.176874E-02   -0.118425E-02    0.103906E-02
 0.61789    0.170032E-02   -0.114730E-02    0.100731E-02
 0.63591    0.163534E-02   -0.111206E-02    0.976895E-03
 0.65394    0.157356E-02   -0.107845E-02    0.947718E-03
 0.67196    0.151479E-02   -0.104634E-02    0.919706E-03
 0.68999    0.145883E-02   -0.101565E-02    0.892789E-03
 0.70802    0.140551E-02   -0.986281E-03    0.866904E-03
 0.72604    0.135465E-02   -0.958164E-03    0.841991E-03
 0.74407    0.130612E-02   -0.931220E-03    0.817996E-03
 0.76209    0.125977E-02   -0.905381E-03    0.794868E-03
 0.78012    0.121548E-02   -0.880584E-03    0.772561E-03
 0.79815    0.117312E-02   -0.856770E-03    0.751032E-03
 0.81617    0.113259E-02   -0.833886E-03    0.730241E-03
 0.83420    0.109379E-02   -0.811880E-03    0.710150E-03
 0.85222    0.105662E-02   -0.790706E-03    0.690725E-03
 0.87025    0.102099E-02   -0.770320E-03    0.671933E-03
 0.88828    0.986827E-03   -0.750682E-03    0.653745E-03
 0.90630    0.954046E-03   -0.731753E-03    0.636131E-03
 0.92433    0.922577E-03   -0.713499E-03    0.619067E-03
 0.94235    0.892355E-03   -0.695885E-03    0.602527E-03
 0.96038    0.863316E-03   -0.678882E-03    0.586488E-03
 0.97841    0.835402E-03   -0.662459E-03    0.570928E-03
 0.99643    0.808557E-03   -0.646590E-03    0.555827E-03
 1.01446    0.782732E-03   -0.631249E-03    0.541153E-03
 1.03248    0.757876E-03   -0.616411E-03    0.526926E-03
 1.05051    0.733944E-03   -0.602055E-03    0.513090E-03
 1.06854    0.710893E-03   -0.588159E-03    0.499645E-03
 1.08656    0.688684E-03   -0.574703E-03    0.486572E-03
 1.10459    0.667277E-03   -0.561668E-03    0.473859E-03
 1.12262    0.646637E-03   -0.549035E-03    0.461490E-03
 1.14064    0.626730E-03   -0.536789E-03    0.449455E-03
 1.15867    0.607523E-03   -0.524913E-03    0.437740E-03
 1.17669    0.588987E-03   -0.513391E-03    0.426334E-03
 1.19472    0.571094E-03   -0.502210E-03    0.415225E-03
 1.21275    0.553814E-03   -0.491356E-03    0.404404E-03
 1.23077    0.537124E-03   -0.480817E-03    0.393861E-03
 1.24880    0.520998E-03   -0.470579E-03    0.383586E-03
 1.26682    0.505413E-03   -0.460631E-03    0.373570E-03
 1.28485    0.490348E-03   -0.450963E-03    0.363804E-03
 1.30288    0.475782E-03   -0.441564E-03    0.354281E-03
 1.32090    0.461694E-03   -0.432423E-03    0.344993E-03
 1.33893    0.448066E-03   -0.423532E-03    0.335932E-03
 1.35695    0.434880E-03   -0.414881E-03    0.327091E-03
 1.37498    0.422118E-03   -0.406462E-03    0.318463E-03
 1.39301    0.409765E-03   -0.398266E-03    0.310042E-03
 1.41103    0.397805E-03   -0.390286E-03    0.301822E-03
 1.42906    0.386223E-03   -0.382514E-03    0.293795E-03
 1.44708    0.375004E-03   -0.374943E-03    0.285959E-03
 1.46511    0.364136E-03   -0.367566E-03    0.278305E-03
 1.48314    0.353606E-03   -0.360377E-03    0.270829E-03
 1.50116    0.343401E-03   -0.353369E-03    0.263526E-03
 1.51919    0.333510E-03   -0.346536E-03    0.256391E-03
 1.53721    0.323921E-03   -0.339873E-03    0.249419E-03
 1.55524    0.314623E-03   -0.333374E-03    0.242606E-03
 1.57327    0.305608E-03   -0.327034E-03    0.235948E-03
 1.59129    0.296863E-03   -0.320848E-03    0.229441E-03
 1.60932    0.288381E-03   -0.314811E-03    0.223079E-03
 1.62734    0.280153E-03   -0.308918E-03    0.216861E-03
 1.64537    0.272169E-03   -0.303166E-03    0.210781E-03
 1.66340    0.264421E-03   -0.297549E-03    0.204837E-03
 1.68142    0.256902E-03   -0.292064E-03    0.199025E-03
 1.69945    0.249604E-03   -0.286707E-03    0.193341E-03
 1.71747    0.242520E-03   -0.281474E-03    0.187783E-03
 1.73550    0.235643E-03   -0.276362E-03    0.182347E-03
 1.75353    0.228967E-03   -0.271367E-03    0.177030E-03
 1.77155    0.222485E-03   -0.266485E-03    0.171830E-03
 1.78958    0.216190E-03   -0.261715E-03    0.166744E-03
 1.80761    0.210078E-03   -0.257052E-03    0.161769E-03
 1.82563    0.204142E-03   -0.252493E-03    0.156902E-03
 1.84366    0.198378E-03   -0.248037E-03    0.152141E-03
 1.86168    0.192780E-03   -0.243680E-03    0.147484E-03
 1.87971    0.187344E-03   -0.239420E-03    0.142928E-03
 1.89774    0.182064E-03   -0.235253E-03    0.138472E-03
 1.91576    0.176937E-03   -0.231179E-03    0.134112E-03
 1.93379    0.171958E-03   -0.227194E-03    0.129847E-03
 1.95181    0.167123E-03   -0.223297E-03    0.125676E-03
 1.96984    0.162428E-03   -0.219485E-03    0.121595E-03
 1.98787    0.157870E-03   -0.215756E-03    0.117604E-03
 2.00589    0.153446E-03   -0.212110E-03    0.113700E-03
 2.02392    0.149151E-03   -0.208542E-03    0.109882E-03
 2.04194    0.144984E-03   -0.205054E-03    0.106148E-03
 2.05997    0.140940E-03   -0.201641E-03    0.102496E-03
 2.07800    0.137017E-03   -0.198303E-03    0.989255E-04
 2.09602    0.133213E-03   -0.195039E-03    0.954344E-04
 2.11405    0.129525E-03   -0.191847E-03    0.920216E-04
 2.13207    0.125951E-03   -0.188726E-03    0.886855E-04
 2.15010    0.122488E-03   -0.185674E-03    0.854248E-04
 2.16813    0.119134E-03   -0.182690E-03    0.822382E-04
 2.18615    0.115888E-03   -0.179774E-03    0.791281E-04
 2.20418    0.112747E-03   -0.176923E-03    0.760865E-04
 2.22220    0.109709E-03   -0.174138E-03    0.731129E-04
 2.24023    0.106773E-03   -0.171416E-03    0.702116E-04
 2.25826    0.103937E-03   -0.168757E-03    0.673788E-04
 2.27628    0.101200E-03   -0.166160E-03    0.646133E-04
 2.29431    0.985590E-04   -0.163624E-03    0.619141E-04
 2.31233    0.960130E-04   -0.161148E-03    0.592800E-04
 2.33036    0.935602E-04   -0.158731E-03    0.567103E-04
 2.34839    0.911989E-04   -0.156371E-03    0.542035E-04
 2.36641    0.889276E-04   -0.154069E-03    0.517584E-04
 2.38444    0.867443E-04   -0.151822E-03    0.493743E-04
 2.40246    0.846471E-04   -0.149630E-03    0.470499E-04
 2.42049    0.826341E-04   -0.147492E-03    0.447837E-04
 2.43852    0.807030E-04   -0.145406E-03    0.425748E-04
 2.45654    0.788519E-04   -0.143371E-03    0.404216E-04
 2.47457    0.770779E-04   -0.141385E-03    0.383230E-04
 2.49260    0.753788E-04   -0.139448E-03    0.362775E-04
 2.51062    0.737517E-04   -0.137558E-03    0.342835E-04
 2.52865    0.721938E-04   -0.135713E-03    0.323394E-04
 2.54667    0.707019E-04   -0.133911E-03    0.304438E-04
 2.56470    0.692723E-04   -0.132151E-03    0.285948E-04
 2.58273    0.679018E-04   -0.130430E-03    0.267906E-04
 2.60075    0.665865E-04   -0.128746E-03    0.250293E-04
 2.61878    0.653224E-04   -0.127098E-03    0.233091E-04
 2.63680    0.641052E-04   -0.125483E-03    0.216277E-04
 2.65483    0.629306E-04   -0.123899E-03    0.199831E-04
 2.67286    0.617939E-04   -0.122343E-03    0.183734E-04
 2.69088    0.606905E-04   -0.120812E-03    0.167960E-04
 2.70891    0.596151E-04   -0.119305E-03    0.152486E-04
 2.72693    0.585631E-04   -0.117818E-03    0.137291E-04
 2.74496    0.575292E-04   -0.116348E-03    0.122350E-04
 2.76299    0.565082E-04   -0.114894E-03    0.107638E-04
 2.78101    0.554948E-04   -0.113451E-03    0.931334E-05
 2.79904    0.544840E-04   -0.112018E-03    0.788108E-05
 2.81706    0.534705E-04   -0.110592E-03    0.646481E-05
 2.83509    0.524493E-04   -0.109169E-03    0.506211E-05
 2.85312    0.514154E-04   -0.107748E-03    0.367074E-05
 2.87114    0.503641E-04   -0.106326E-03    0.228853E-05
 2.88917    0.492907E-04   -0.104900E-03    0.913404E-06
 2.90719    0.481908E-04   -0.103468E-03   -0.456673E-06
 2.92522    0.470605E-04   -0.102028E-03   -0.182359E-05
 2.94325    0.458959E-04   -0.100578E-03   -0.318903E-05
 2.96127    0.446937E-04   -0.991159E-04   -0.455479E-05
 2.97930    0.434508E-04   -0.976403E-04   -0.592209E-05
 2.99732    0.421646E-04   -0.961497E-04   -0.729242E-05
 3.01535    0.408328E-04   -0.946429E-04   -0.866668E-05
 3.03338    0.394536E-04   -0.931190E-04   -0.100462E-04
 3.05140    0.380258E-04   -0.915770E-04   -0.114314E-04
 3.06943    0.365484E-04   -0.900166E-04   -0.128228E-04
 3.08745    0.350209E-04   -0.884374E-04   -0.142209E-04
 3.10548    0.334435E-04   -0.868394E-04   -0.156261E-04
 3.12351    0.318167E-04   -0.852228E-04   -0.170381E-04
 3.14153    0.301413E-04   -0.835879E-04   -0.184569E-04
 3.15956    0.284188E-04   -0.819354E-04   -0.198820E-04
 3.17759    0.266508E-04   -0.802665E-04   -0.213130E-04
 3.19561    0.248395E-04   -0.785817E-04   -0.227493E-04
 3.21364    0.229875E-04   -0.768822E-04   -0.241898E-04
 3.23166    0.210977E-04   -0.751696E-04   -0.256337E-04
 3.24969    0.191732E-04   -0.734455E-04   -0.270800E-04
 3.26772    0.172172E-04   -0.717115E-04   -0.285273E-04
 3.28574    0.152338E-04   -0.699695E-04   -0.299744E-04
 3.30377    0.132264E-04   -0.682214E-04   -0.314198E-04
 3.32179    0.111991E-04   -0.664691E-04   -0.328622E-04
 3.33982    0.915616E-05   -0.647148E-04   -0.343001E-04
 3.35785    0.710177E-05   -0.629604E-04   -0.357317E-04
 3.37587    0.504026E-05   -0.612083E-04   -0.371556E-04
 3.39390    0.297580E-05   -0.594605E-04   -0.385702E-04
 3.41192    0.912698E-06   -0.577191E-04   -0.399738E-04
 3.42995   -0.114485E-05   -0.559863E-04   -0.413649E-04
 3.44798   -0.319271E-05   -0.542642E-04   -0.427418E-04
 3.46600   -0.522683E-05   -0.525548E-04   -0.441033E-04
 3.48403   -0.724333E-05   -0.508601E-04   -0.454476E-04
 3.50205   -0.923849E-05   -0.491819E-04   -0.467735E-04
 3.52008   -0.112086E-04   -0.475220E-04   -0.480794E-04
 3.53811   -0.131503E-04   -0.458822E-04   -0.493642E-04
 3.55613   -0.150604E-04   -0.442642E-04   -0.506267E-04
 3.57416   -0.169360E-04   -0.426692E-04   -0.518657E-04
 3.59218   -0.187744E-04   -0.410986E-04   -0.530801E-04
 3.61021   -0.205728E-04   -0.395541E-04   -0.542691E-04
 3.62824   -0.223292E-04   -0.380366E-04   -0.554317E-04
 3.64626   -0.240414E-04   -0.365471E-04   -0.565672E-04
 3.66429   -0.257077E-04   -0.350866E-04   -0.576748E-04
 3.68231   -0.273263E-04   -0.336559E-04   -0.587541E-04
 3.70034   -0.288961E-04   -0.322555E-04   -0.598045E-04
 3.71837   -0.304159E-04   -0.308861E-04   -0.608256E-04
 3.73639   -0.318846E-04   -0.295482E-04   -0.618171E-04
 3.75442   -0.333017E-04   -0.282420E-04   -0.627788E-04
 3.77244   -0.346666E-04   -0.269680E-04   -0.637103E-04
 3.79047   -0.359791E-04   -0.257261E-04   -0.646117E-04
 3.80850   -0.372389E-04   -0.245164E-04   -0.654831E-04
 3.82652   -0.384462E-04   -0.233390E-04   -0.663243E-04
 3.84455   -0.396011E-04   -0.221935E-04   -0.671356E-04
 3.86258   -0.407040E-04   -0.210801E-04   -0.679172E-04
 3.88060   -0.417554E-04   -0.199983E-04   -0.686693E-04
 3.89863   -0.427559E-04   -0.189477E-04   -0.693921E-04
 3.91665   -0.437062E-04   -0.179281E-04   -0.700861E-04
 3.93468   -0.446071E-04   -0.169390E-04   -0.707515E-04
 3.95271   -0.454596E-04   -0.159800E-04   -0.713888E-04
 3.97073   -0.462645E-04   -0.150503E-04   -0.719985E-04
 3.98876   -0.470231E-04   -0.141497E-04   -0.725810E-04
 4.00678   -0.477364E-04   -0.132774E-04   -0.731368E-04
 4.02481   -0.484056E-04   -0.124339E-04   -0.736665E-04
 4.04284   -0.490319E-04   -0.116164E-04   -0.741705E-04
 4.06086   -0.496165E-04   -0.108242E-04   -0.746496E-04
 4.07889   -0.501607E-04   -0.100588E-04   -0.751041E-04
 4.09691   -0.506659E-04   -0.931857E-05   -0.755348E-04
 4.11494   -0.511332E-04   -0.860267E-05   -0.759422E-04
 4.13297   -0.515641E-04   -0.791047E-05   -0.763269E-04
 4.15099   -0.519598E-04   -0.724126E-05   -0.766896E-04
 4.16902   -0.523216E-04   -0.659436E-05   -0.770305E-04
 4.18704   -0.526508E-04   -0.596907E-05   -0.773507E-04
 4.20507   -0.529487E-04   -0.536470E-05   -0.776505E-04
 4.22310   -0.532166E-04   -0.478061E-05   -0.779306E-04
 4.24112   -0.534556E-04   -0.421610E-05   -0.781915E-04
 4.25915   -0.536670E-04   -0.367053E-05   -0.784337E-04
 4.27717   -0.538521E-04   -0.314327E-05   -0.786579E-04
 4.29520   -0.540119E-04   -0.263369E-05   -0.788646E-04
 4.31323   -0.541475E-04   -0.214120E-05   -0.790543E-04
 4.33125   -0.542602E-04   -0.166521E-05   -0.792276E-04
 4.34928   -0.543509E-04   -0.120505E-05   -0.793850E-04
 4.36730   -0.544208E-04   -0.760208E-06   -0.795270E-04
 4.38533   -0.544707E-04   -0.330132E-06   -0.796540E-04
 4.40336   -0.545017E-04    0.857019E-07   -0.797666E-04
 4.42138   -0.545147E-04    0.487811E-06   -0.798653E-04
 4.43941   -0.545106E-04    0.876702E-06   -0.799503E-04
 4.45743   -0.544903E-04    0.125285E-05   -0.800223E-04
 4.47546   -0.544546E-04    0.161671E-05   -0.800816E-04
 4.49349   -0.544044E-04    0.196875E-05   -0.801288E-04
 4.51151   -0.543403E-04    0.230938E-05   -0.801640E-04
 4.52954   -0.542632E-04    0.263906E-05   -0.801877E-04
 4.54757   -0.541736E-04    0.295815E-05   -0.802004E-04
 4.56559   -0.540724E-04    0.326705E-05   -0.802024E-04
 4.58362   -0.539602E-04    0.356616E-05   -0.801940E-04
 4.60164   -0.538376E-04    0.385573E-05   -0.801756E-04
 4.61967   -0.537051E-04    0.413624E-05   -0.801474E-04
 4.63770   -0.535634E-04    0.440793E-05   -0.801099E-04
 4.65572   -0.534129E-04    0.467114E-05   -0.800633E-04
 4.67375   -0.532543E-04    0.492617E-05   -0.800080E-04
 4.69177   -0.530879E-04    0.517331E-05   -0.799441E-04
 4.70980   -0.529143E-04    0.541284E-05   -0.798721E-04
 4.72783   -0.527339E-04    0.564503E-05   -0.797921E-04
 4.74585   -0.525471E-04    0.587014E-05   -0.797044E-04
 4.76388   -0.523543E-04    0.608840E-05   -0.796092E-04
 4.78190   -0.521559E-04    0.630009E-05   -0.795069E-04
 4.79993   -0.519523E-04    0.650537E-05   -0.793976E-04
 4.81796   -0.517439E-04    0.670449E-05   -0.792815E-04
 4.83598   -0.515308E-04    0.689766E-05   -0.791590E-04
 4.85401   -0.513136E-04    0.708507E-05   -0.790301E-04
 4.87203   -0.510924E-04    0.726692E-05   -0.788952E-04
 4.89006   -0.508676E-04    0.744338E-05   -0.787543E-04
 4.90809   -0.506393E-04    0.761463E-05   -0.786078E-04
 4.92611   -0.504080E-04    0.778084E-05   -0.784558E-04
 4.94414   -0.501737E-04    0.794217E-05   -0.782984E-04
 4.96216   -0.499368E-04    0.809879E-05   -0.781359E-04
 4.98019   -0.496974E-04    0.825083E-05   -0.779685E-04
 4.99822   -0.494559E-04    0.839843E-05   -0.777962E-04
 5.01624   -0.492123E-04    0.854175E-05   -0.776193E-04
 5.03427   -0.489668E-04    0.868091E-05   -0.774380E-04
 5.05229   -0.487197E-04    0.881603E-05   -0.772523E-04
 5.07032   -0.484711E-04    0.894723E-05   -0.770625E-04
 5.08835   -0.482211E-04    0.907464E-05   -0.768687E-04
 5.10637   -0.479700E-04    0.919837E-05   -0.766709E-04
 5.12440   -0.477178E-04    0.931853E-05   -0.764695E-04
 5.14242   -0.474647E-04    0.943521E-05   -0.762644E-04
 5.16045   -0.472108E-04    0.954853E-05   -0.760558E-04
 5.17848   -0.469563E-04    0.965858E-05   -0.758439E-04
 5.19650   -0.467012E-04    0.976545E-05   -0.756287E-04
 5.21453   -0.464458E-04    0.986923E-05   -0.754104E-04
 5.23256   -0.461900E-04    0.997001E-05   -0.751890E-04
 5.25058   -0.459340E-04    0.100679E-04   -0.749648E-04
 5.26861   -0.456779E-04    0.101629E-04   -0.747377E-04
 5.28663   -0.454218E-04    0.102552E-04   -0.745080E-04
 5.30466   -0.451657E-04    0.103448E-04   -0.742756E-04
 5.32269   -0.449098E-04    0.104318E-04   -0.740407E-04
 5.34071   -0.446541E-04    0.105163E-04   -0.738032E-04
 5.35874   -0.443987E-04    0.105983E-04   -0.735638E-04
 5.37676   -0.441437E-04    0.106779E-04   -0.733219E-04
 5.39479   -0.438892E-04    0.107552E-04   -0.730777E-04
 5.41282   -0.436351E-04    0.108302E-04   -0.728315E-04
 5.43084   -0.433817E-04    0.109030E-04   -0.725834E-04
 5.44887   -0.431288E-04    0.109737E-04   -0.723334E-04
 5.46689   -0.428767E-04    0.110423E-04   -0.720815E-04
 5.48492   -0.426253E-04    0.111088E-04   -0.718278E-04
 5.50295   -0.423747E-04    0.111734E-04   -0.715725E-04
 5.52097   -0.421250E-04    0.112361E-04   -0.713154E-04
 5.53900   -0.418762E-04    0.112969E-04   -0.710569E-04
 5.55702   -0.416283E-04    0.113559E-04   -0.707968E-04
 5.57505   -0.413814E-04    0.114131E-04   -0.705352E-04
 5.59308   -0.411355E-04    0.114686E-04   -0.702723E-04
 5.61110   -0.408907E-04    0.115224E-04   -0.700081E-04
 5.62913   -0.406470E-04    0.115746E-04   -0.697426E-04
 5.64715   -0.404044E-04    0.116252E-04   -0.694759E-04
 5.66518   -0.401631E-04    0.116742E-04   -0.692081E-04
 5.68321   -0.399229E-04    0.117218E-04   -0.689392E-04
 5.70123   -0.396839E-04    0.117679E-04   -0.686693E-04
 5.71926   -0.394462E-04    0.118125E-04   -0.683984E-04
 5.73728   -0.392098E-04    0.118558E-04   -0.681265E-04
 5.75531   -0.389747E-04    0.118977E-04   -0.678538E-04
 5.77334   -0.387409E-04    0.119383E-04   -0.675803E-04
 5.79136   -0.385085E-04    0.119777E-04   -0.673061E-04
 5.80939   -0.382774E-04    0.120157E-04   -0.670311E-04
 5.82741   -0.380477E-04    0.120526E-04   -0.667555E-04
 5.84544   -0.378194E-04    0.120882E-04   -0.664793E-04
 5.86347   -0.375925E-04    0.121227E-04   -0.662025E-04
 5.88149   -0.373670E-04    0.121560E-04   -0.659252E-04
 5.89952   -0.371429E-04    0.121883E-04   -0.656474E-04
 5.91755   -0.369202E-04    0.122194E-04   -0.653691E-04
 5.93557   -0.366990E-04    0.122495E-04   -0.650905E-04
 5.95360   -0.364792E-04    0.122785E-04   -0.648115E-04
 5.97162   -0.362608E-04    0.123065E-04   -0.645322E-04
 5.98965   -0.360438E-04    0.123335E-04   -0.642526E-04
 6.00768   -0.358283E-04    0.123595E-04   -0.639727E-04
 6.02570   -0.356142E-04    0.123845E-04   -0.636926E-04
 6.04373   -0.354015E-04    0.124086E-04   -0.634123E-04
 6.06175   -0.351901E-04    0.124318E-04   -0.631319E-04
 6.07978   -0.349802E-04    0.124540E-04   -0.628512E-04
 6.09781   -0.347717E-04    0.124753E-04   -0.625705E-04
 6.11583   -0.345645E-04    0.124958E-04   -0.622897E-04
 6.13386   -0.343587E-04    0.125153E-04   -0.620088E-04
 6.15188   -0.341542E-04    0.125340E-04   -0.617279E-04
 6.16991   -0.339511E-04    0.125518E-04   -0.614470E-04
 6.18794   -0.337493E-04    0.125688E-04   -0.611660E-04
 6.20596   -0.335488E-04    0.125849E-04   -0.608851E-04
 6.22399   -0.333496E-04    0.126002E-04   -0.606042E-04
 6.24201   -0.331516E-04    0.126147E-04   -0.603234E-04
 6.26004   -0.329549E-04    0.126284E-04   -0.600427E-04
 6.27807   -0.327594E-04    0.126412E-04   -0.597621E-04
 6.29609   -0.325652E-04    0.126533E-04   -0.594816E-04
 6.31412   -0.323721E-04    0.126645E-04   -0.592012E-04
 6.33214   -0.321802E-04    0.126750E-04   -0.589210E-04
 6.35017   -0.319895E-04    0.126847E-04   -0.586409E-04
 6.36820   -0.317999E-04    0.126936E-04   -0.583611E-04
 6.38622   -0.316114E-04    0.127018E-04   -0.580814E-04
 6.40425   -0.314241E-04    0.127092E-04   -0.578020E-04
 6.42227   -0.312378E-04    0.127158E-04   -0.575228E-04
 6.44030   -0.310526E-04    0.127217E-04   -0.572438E-04
 6.45833   -0.308684E-04    0.127269E-04   -0.569651E-04
 6.47635   -0.306853E-04    0.127314E-04   -0.566867E-04
 6.49438   -0.305033E-04    0.127351E-04   -0.564086E-04
 6.51240   -0.303222E-04    0.127380E-04   -0.561308E-04
 6.53043   -0.301421E-04    0.127403E-04   -0.558533E-04
 6.54846   -0.299630E-04    0.127418E-04   -0.555761E-04
 6.56648   -0.297849E-04    0.127427E-04   -0.552993E-04
 6.58451   -0.296078E-04    0.127429E-04   -0.550228E-04
 6.60254   -0.294316E-04    0.127424E-04   -0.547467E-04
 6.62056   -0.292563E-04    0.127412E-04   -0.544710E-04
 6.63859   -0.290820E-04    0.127393E-04   -0.541957E-04
 6.65661   -0.289086E-04    0.127368E-04   -0.539208E-04
 6.67464   -0.287361E-04    0.127337E-04   -0.536463E-04
 6.69267   -0.285645E-04    0.127299E-04   -0.533722E-04
 6.71069   -0.283939E-04    0.127255E-04   -0.530986E-04
 6.72872   -0.282241E-04    0.127204E-04   -0.528255E-04
 6.74674   -0.280552E-04    0.127148E-04   -0.525529E-04
 6.76477   -0.278872E-04    0.127086E-04   -0.522807E-04
 6.78280   -0.277200E-04    0.127017E-04   -0.520090E-04
 6.80082   -0.275538E-04    0.126943E-04   -0.517379E-04
 6.81885   -0.273884E-04    0.126863E-04   -0.514672E-04
 6.83687   -0.272239E-04    0.126778E-04   -0.511972E-04
 6.85490   -0.270603E-04    0.126687E-04   -0.509276E-04
 6.87293   -0.268975E-04    0.126590E-04   -0.506587E-04
 6.89095   -0.267356E-04    0.126489E-04   -0.503903E-04
 6.90898   -0.265745E-04    0.126382E-04   -0.501226E-04
 6.92700   -0.264144E-04    0.126270E-04   -0.498554E-04
 6.94503   -0.262551E-04    0.126153E-04   -0.495888E-04
 6.96306   -0.260966E-04    0.126031E-04   -0.493228E-04
 6.98108   -0.259391E-04    0.125905E-04   -0.490575E-04
 6.99911   -0.257824E-04    0.125774E-04   -0.487929E-04
 7.01713   -0.256265E-04    0.125638E-04   -0.485289E-04
 7.03516   -0.254716E-04    0.125498E-04   -0.482655E-04
 7.05319   -0.253175E-04    0.125354E-04   -0.480029E-04
 7.07121   -0.251642E-04    0.125205E-04   -0.477409E-04
 7.08924   -0.250119E-04    0.125053E-04   -0.474797E-04
 7.10726   -0.248604E-04    0.124896E-04   -0.472192E-04
 7.12529   -0.247098E-04    0.124736E-04   -0.469594E-04
 7.14332   -0.245601E-04    0.124571E-04   -0.467003E-04
 7.16134   -0.244113E-04    0.124404E-04   -0.464420E-04
 7.17937   -0.242633E-04    0.124232E-04   -0.461845E-04
 7.19739   -0.241162E-04    0.124057E-04   -0.459277E-04
 7.21542   -0.239701E-04    0.123879E-04   -0.456717E-04
 7.23345   -0.238248E-04    0.123697E-04   -0.454164E-04
 7.25147   -0.236803E-04    0.123513E-04   -0.451620E-04
 7.26950   -0.235368E-04    0.123325E-04   -0.449084E-04
 7.28753   -0.233941E-04    0.123134E-04   -0.446556E-04
 7.30555   -0.232524E-04    0.122940E-04   -0.444036E-04
 7.32358   -0.231115E-04    0.122744E-04   -0.441524E-04
 7.34160   -0.229715E-04    0.122545E-04   -0.439021E-04
 7.35963   -0.228324E-04    0.122343E-04   -0.436526E-04
 7.37766   -0.226942E-04    0.122138E-04   -0.434040E-04
 7.39568   -0.225568E-04    0.121932E-04   -0.431562E-04
 7.41371   -0.224204E-04    0.121722E-04   -0.429092E-04
 7.43173   -0.222848E-04    0.121511E-04   -0.426632E-04
 7.44976   -0.221501E-04    0.121297E-04   -0.424180E-04
 7.46779   -0.220163E-04    0.121081E-04   -0.421737E-04
 7.48581   -0.218834E-04    0.120863E-04   -0.419303E-04
 7.50384   -0.217514E-04    0.120643E-04   -0.416878E-04
 7.52186   -0.216203E-04    0.120421E-04   -0.414462E-04
 7.53989   -0.214900E-04    0.120197E-04   -0.412055E-04
 7.55792   -0.213606E-04    0.119971E-04   -0.409657E-04
 7.57594   -0.212321E-04    0.119744E-04   -0.407268E-04
 7.59397   -0.211045E-04    0.119515E-04   -0.404889E-04
 7.61199   -0.209778E-04    0.119284E-04   -0.402518E-04
 7.63002   -0.208519E-04    0.119052E-04   -0.400157E-04
 7.64805   -0.207269E-04    0.118818E-04   -0.397805E-04
 7.66607   -0.206028E-04    0.118583E-04   -0.395463E-04
 7.68410   -0.204795E-04    0.118347E-04   -0.393131E-04
 7.70212   -0.203571E-04    0.118109E-04   -0.390808E-04
 7.72015   -0.202356E-04    0.117870E-04   -0.388494E-04
 7.73818   -0.201149E-04    0.117630E-04   -0.386189E-04
 7.75620   -0.199951E-04    0.117388E-04   -0.383894E-04
 7.77423   -0.198761E-04    0.117146E-04   -0.381608E-04
 7.79225   -0.197580E-04    0.116902E-04   -0.379332E-04
 7.81028   -0.196407E-04    0.116658E-04   -0.377066E-04
 7.82831   -0.195243E-04    0.116412E-04   -0.374809E-04
 7.84633   -0.194087E-04    0.116166E-04   -0.372562E-04
 7.86436   -0.192939E-04    0.115918E-04   -0.370324E-04
 7.88238   -0.191800E-04    0.115670E-04   -0.368097E-04
 7.90041   -0.190669E-04    0.115421E-04   -0.365878E-04
 7.91844   -0.189546E-04    0.115172E-04   -0.363670E-04
 7.93646   -0.188431E-04    0.114921E-04   -0.361471E-04
 7.95449   -0.187325E-04    0.114670E-04   -0.359282E-04
 7.97252   -0.186226E-04    0.114418E-04   -0.357103E-04
 7.99054   -0.185136E-04    0.114166E-04   -0.354933E-04
 8.00857   -0.184054E-04    0.113913E-04   -0.352773E-04
 8.02659   -0.182979E-04    0.113660E-04   -0.350623E-04
 8.04462   -0.181913E-04    0.113405E-04   -0.348482E-04
 8.06265   -0.180854E-04    0.113151E-04   -0.346352E-04
 8.08067   -0.179803E-04    0.112896E-04   -0.344231E-04
 8.09870   -0.178760E-04    0.112641E-04   -0.342120E-04
 8.11672   -0.177724E-04    0.112385E-04   -0.340017E-04
 8.13475   -0.176696E-04    0.112129E-04   -0.337926E-04
 8.15278   -0.175676E-04    0.111872E-04   -0.335844E-04
 8.17080   -0.174663E-04    0.111615E-04   -0.333772E-04
 8.18883   -0.173658E-04    0.111358E-04   -0.331710E-04
 8.20685   -0.172660E-04    0.111100E-04   -0.329657E-04
 8.22488   -0.171670E-04    0.110843E-04   -0.327613E-04
 8.24291   -0.170687E-04    0.110584E-04   -0.325580E-04
 8.26093   -0.169711E-04    0.110326E-04   -0.323556E-04
 8.27896   -0.168742E-04    0.110068E-04   -0.321542E-04
 8.29698   -0.167781E-04    0.109809E-04   -0.319538E-04
 8.31501   -0.166827E-04    0.109550E-04   -0.317543E-04
 8.33304   -0.165879E-04    0.109291E-04   -0.315558E-04
 8.35106   -0.164939E-04    0.109032E-04   -0.313582E-04
 8.36909   -0.164005E-04    0.108773E-04   -0.311616E-04
 8.38711   -0.163079E-04    0.108514E-04   -0.309660E-04
 8.40514   -0.162159E-04    0.108254E-04   -0.307713E-04
 8.42317   -0.161246E-04    0.107995E-04   -0.305776E-04
 8.44119   -0.160340E-04    0.107735E-04   -0.303848E-04
 8.45922   -0.159440E-04    0.107475E-04   -0.301930E-04
 8.47724   -0.158548E-04    0.107216E-04   -0.300021E-04
 8.49527   -0.157661E-04    0.106956E-04   -0.298122E-04
 8.51330   -0.156781E-04    0.106696E-04   -0.296232E-04
 8.53132   -0.155908E-04    0.106437E-04   -0.294351E-04
 8.54935   -0.155041E-04    0.106177E-04   -0.292480E-04
 8.56737   -0.154180E-04    0.105917E-04   -0.290618E-04
 8.58540   -0.153325E-04    0.105657E-04   -0.288766E-04
 8.60343   -0.152477E-04    0.105398E-04   -0.286923E-04
 8.62145   -0.151635E-04    0.105138E-04   -0.285089E-04
 8.63948   -0.150799E-04    0.104879E-04   -0.283265E-04
 8.65751   -0.149969E-04    0.104620E-04   -0.281450E-04
 8.67553   -0.149145E-04    0.104360E-04   -0.279644E-04
 8.69356   -0.148327E-04    0.104101E-04   -0.277847E-04
 8.71158   -0.147515E-04    0.103842E-04   -0.276060E-04
 8.72961   -0.146709E-04    0.103583E-04   -0.274281E-04
 8.74764   -0.145908E-04    0.103324E-04   -0.272512E-04
 8.76566   -0.145114E-04    0.103066E-04   -0.270752E-04
 8.78369   -0.144325E-04    0.102807E-04   -0.269001E-04
 8.80171   -0.143541E-04    0.102549E-04   -0.267259E-04
 8.81974   -0.142764E-04    0.102290E-04   -0.265526E-04
 8.83777   -0.141992E-04    0.102032E-04   -0.263802E-04
 8.85579   -0.141225E-04    0.101775E-04   -0.262087E-04
 8.87382   -0.140464E-04    0.101517E-04   -0.260381E-04
 8.89184   -0.139709E-04    0.101260E-04   -0.258684E-04
 8.90987   -0.138958E-04    0.101002E-04   -0.256996E-04
 8.92790   -0.138213E-04    0.100745E-04   -0.255317E-04
 8.94592   -0.137474E-04    0.100489E-04   -0.253646E-04
 8.96395   -0.136739E-04    0.100232E-04   -0.251985E-04
 8.98197   -0.136010E-04    0.999757E-05   -0.250332E-04
 9.00000   -0.135286E-04    0.997196E-05   -0.248688E-04
