 0.00500    0.382696E-01   -0.187840E-01    0.137268E-01
 0.02303    0.306885E-01   -0.149941E-01    0.108848E-01
 0.04105    0.263450E-01   -0.128229E-01    0.925754E-02
 0.05908    0.232257E-01   -0.112642E-01    0.809011E-02
 0.07710    0.207959E-01   -0.100505E-01    0.718170E-02
 0.09513    0.188171E-01   -0.906248E-02    0.644293E-02
 0.11316    0.171590E-01   -0.823502E-02    0.582481E-02
 0.13118    0.157419E-01   -0.752809E-02    0.529728E-02
 0.14921    0.145125E-01   -0.691517E-02    0.484041E-02
 0.16723    0.134334E-01   -0.637754E-02    0.444017E-02
 0.18526    0.124776E-01   -0.590160E-02    0.408631E-02
 0.20329    0.116245E-01   -0.547707E-02    0.377110E-02
 0.22131    0.108581E-01   -0.509597E-02    0.348853E-02
 0.23934    0.101659E-01   -0.475200E-02    0.323389E-02
 0.25736    0.953768E-02   -0.444008E-02    0.300333E-02
 0.27539    0.896515E-02   -0.415603E-02    0.279371E-02
 0.29342    0.844148E-02   -0.389644E-02    0.260247E-02
 0.31144    0.796092E-02   -0.365843E-02    0.242744E-02
 0.32947    0.751859E-02   -0.343957E-02    0.226678E-02
 0.34749    0.711034E-02   -0.323775E-02    0.211892E-02
 0.36552    0.673262E-02   -0.305121E-02    0.198253E-02
 0.38355    0.638235E-02   -0.287840E-02    0.185644E-02
 0.40157    0.605686E-02   -0.271800E-02    0.173964E-02
 0.41960    0.575379E-02   -0.256880E-02    0.163124E-02
 0.43763    0.547111E-02   -0.242980E-02    0.153048E-02
 0.45565    0.520698E-02   -0.230007E-02    0.143667E-02
 0.47368    0.495978E-02   -0.217881E-02    0.134918E-02
 0.49170    0.472809E-02   -0.206529E-02    0.126749E-02
 0.50973    0.451064E-02   -0.195888E-02    0.119112E-02
 0.52776    0.430627E-02   -0.185901E-02    0.111962E-02
 0.54578    0.411395E-02   -0.176516E-02    0.105261E-02
 0.56381    0.393274E-02   -0.167685E-02    0.989746E-03
 0.58183    0.376182E-02   -0.159367E-02    0.930702E-03
 0.59986    0.360044E-02   -0.151525E-02    0.875200E-03
 0.61789    0.344790E-02   -0.144124E-02    0.822978E-03
 0.63591    0.330357E-02   -0.137132E-02    0.773800E-03
 0.65394    0.316688E-02   -0.130521E-02    0.727450E-03
 0.67196    0.303732E-02   -0.124265E-02    0.683734E-03
 0.68999    0.291440E-02   -0.118339E-02    0.642472E-03
 0.70802    0.279769E-02   -0.112723E-02    0.603500E-03
 0.72604    0.268679E-02   -0.107395E-02    0.566669E-03
 0.74407    0.258133E-02   -0.102338E-02    0.531839E-03
 0.76209    0.248098E-02   -0.975346E-03    0.498882E-03
 0.78012    0.238542E-02   -0.929693E-03    0.467682E-03
 0.79815    0.229436E-02   -0.886275E-03    0.438131E-03
 0.81617    0.220754E-02   -0.844959E-03    0.410128E-03
 0.83420    0.212471E-02   -0.805623E-03    0.383581E-03
 0.85222    0.204564E-02   -0.768149E-03    0.358404E-03
 0.87025    0.197012E-02   -0.732432E-03    0.334517E-03
 0.88828    0.189795E-02   -0.698373E-03    0.311846E-03
 0.90630    0.182894E-02   -0.665879E-03    0.290320E-03
 0.92433    0.176292E-02   -0.634867E-03    0.269878E-03
 0.94235    0.169974E-02   -0.605256E-03    0.250458E-03
 0.96038    0.163924E-02   -0.576971E-03    0.232007E-03
 0.97841    0.158129E-02   -0.549943E-03    0.214470E-03
 0.99643    0.152576E-02   -0.524106E-03    0.197800E-03
 1.01446    0.147251E-02   -0.499398E-03    0.181950E-03
 1.03248    0.142144E-02   -0.475763E-03    0.166876E-03
 1.05051    0.137245E-02   -0.453145E-03    0.152540E-03
 1.06854    0.132541E-02   -0.431496E-03    0.138903E-03
 1.08656    0.128026E-02   -0.410768E-03    0.125931E-03
 1.10459    0.123689E-02   -0.390916E-03    0.113591E-03
 1.12262    0.119522E-02   -0.371899E-03    0.101850E-03
 1.14064    0.115516E-02   -0.353677E-03    0.906800E-04
 1.15867    0.111666E-02   -0.336211E-03    0.800523E-04
 1.17669    0.107963E-02   -0.319468E-03    0.699408E-04
 1.19472    0.104400E-02   -0.303414E-03    0.603213E-04
 1.21275    0.100973E-02   -0.288017E-03    0.511696E-04
 1.23077    0.976736E-03   -0.273249E-03    0.424649E-04
 1.24880    0.944973E-03   -0.259079E-03    0.341851E-04
 1.26682    0.914385E-03   -0.245483E-03    0.263107E-04
 1.28485    0.884921E-03   -0.232434E-03    0.188231E-04
 1.30288    0.856534E-03   -0.219908E-03    0.117038E-04
 1.32090    0.829179E-03   -0.207885E-03    0.493797E-05
 1.33893    0.802811E-03   -0.196341E-03   -0.149198E-05
 1.35695    0.777392E-03   -0.185257E-03   -0.760042E-05
 1.37498    0.752882E-03   -0.174613E-03   -0.134016E-04
 1.39301    0.729243E-03   -0.164392E-03   -0.189092E-04
 1.41103    0.706440E-03   -0.154574E-03   -0.241363E-04
 1.42906    0.684440E-03   -0.145145E-03   -0.290950E-04
 1.44708    0.663212E-03   -0.136088E-03   -0.337967E-04
 1.46511    0.642724E-03   -0.127388E-03   -0.382526E-04
 1.48314    0.622949E-03   -0.119031E-03   -0.424734E-04
 1.50116    0.603860E-03   -0.111004E-03   -0.464684E-04
 1.51919    0.585430E-03   -0.103294E-03   -0.502472E-04
 1.53721    0.567635E-03   -0.958880E-04   -0.538190E-04
 1.55524    0.550452E-03   -0.887755E-04   -0.571922E-04
 1.57327    0.533859E-03   -0.819452E-04   -0.603747E-04
 1.59129    0.517833E-03   -0.753864E-04   -0.633744E-04
 1.60932    0.502355E-03   -0.690894E-04   -0.661983E-04
 1.62734    0.487406E-03   -0.630447E-04   -0.688535E-04
 1.64537    0.472968E-03   -0.572430E-04   -0.713465E-04
 1.66340    0.459024E-03   -0.516760E-04   -0.736834E-04
 1.68142    0.445556E-03   -0.463363E-04   -0.758660E-04
 1.69945    0.432551E-03   -0.412156E-04   -0.779076E-04
 1.71747    0.419993E-03   -0.363068E-04   -0.798144E-04
 1.73550    0.407868E-03   -0.316033E-04   -0.815822E-04
 1.75353    0.396163E-03   -0.270985E-04   -0.832193E-04
 1.77155    0.384866E-03   -0.227867E-04   -0.847320E-04
 1.78958    0.373967E-03   -0.186672E-04   -0.861225E-04
 1.80761    0.363453E-03   -0.147246E-04   -0.873952E-04
 1.82563    0.353316E-03   -0.109539E-04   -0.885534E-04
 1.84366    0.343545E-03   -0.736098E-05   -0.896004E-04
 1.86168    0.334133E-03   -0.393644E-05   -0.905392E-04
 1.87971    0.325071E-03   -0.676619E-06   -0.913724E-04
 1.89774    0.316352E-03    0.242238E-05   -0.921028E-04
 1.91576    0.307969E-03    0.536383E-05   -0.927325E-04
 1.93379    0.299915E-03    0.815096E-05   -0.932638E-04
 1.95181    0.292185E-03    0.107867E-04   -0.936987E-04
 1.96984    0.284772E-03    0.132734E-04   -0.940393E-04
 1.98787    0.277671E-03    0.156142E-04   -0.942869E-04
 2.00589    0.270878E-03    0.178111E-04   -0.944433E-04
 2.02392    0.264387E-03    0.198666E-04   -0.945101E-04
 2.04194    0.258194E-03    0.217834E-04   -0.944889E-04
 2.05997    0.252294E-03    0.235628E-04   -0.943812E-04
 2.07800    0.246683E-03    0.252075E-04   -0.941884E-04
 2.09602    0.241354E-03    0.267199E-04   -0.939120E-04
 2.11405    0.236304E-03    0.281025E-04   -0.935540E-04
 2.13207    0.231527E-03    0.293579E-04   -0.931160E-04
 2.15010    0.227016E-03    0.304890E-04   -0.926000E-04
 2.16813    0.222765E-03    0.314990E-04   -0.920082E-04
 2.18615    0.218768E-03    0.323913E-04   -0.913428E-04
 2.20418    0.215016E-03    0.331697E-04   -0.906067E-04
 2.22220    0.211500E-03    0.338385E-04   -0.898030E-04
 2.24023    0.208211E-03    0.344025E-04   -0.889349E-04
 2.25826    0.205137E-03    0.348671E-04   -0.880062E-04
 2.27628    0.202268E-03    0.352374E-04   -0.870212E-04
 2.29431    0.199590E-03    0.355214E-04   -0.859842E-04
 2.31233    0.197088E-03    0.357242E-04   -0.849004E-04
 2.33036    0.194748E-03    0.358549E-04   -0.837753E-04
 2.34839    0.192553E-03    0.359206E-04   -0.826146E-04
 2.36641    0.190486E-03    0.359298E-04   -0.814249E-04
 2.38444    0.188527E-03    0.358927E-04   -0.802126E-04
 2.40246    0.186658E-03    0.358183E-04   -0.789848E-04
 2.42049    0.184857E-03    0.357169E-04   -0.777487E-04
 2.43852    0.183105E-03    0.355986E-04   -0.765121E-04
 2.45654    0.181379E-03    0.354742E-04   -0.752825E-04
 2.47457    0.179658E-03    0.353548E-04   -0.740683E-04
 2.49260    0.177919E-03    0.352506E-04   -0.728769E-04
 2.51062    0.176141E-03    0.351731E-04   -0.717166E-04
 2.52865    0.174302E-03    0.351325E-04   -0.705943E-04
 2.54667    0.172382E-03    0.351393E-04   -0.695196E-04
 2.56470    0.170360E-03    0.352034E-04   -0.684976E-04
 2.58273    0.168218E-03    0.353342E-04   -0.675359E-04
 2.60075    0.165937E-03    0.355404E-04   -0.666412E-04
 2.61878    0.163501E-03    0.358301E-04   -0.658199E-04
 2.63680    0.160897E-03    0.362103E-04   -0.650757E-04
 2.65483    0.158110E-03    0.366875E-04   -0.644140E-04
 2.67286    0.155132E-03    0.372665E-04   -0.638386E-04
 2.69088    0.151954E-03    0.379514E-04   -0.633518E-04
 2.70891    0.148570E-03    0.387453E-04   -0.629564E-04
 2.72693    0.144976E-03    0.396498E-04   -0.626531E-04
 2.74496    0.141170E-03    0.406656E-04   -0.624424E-04
 2.76299    0.137155E-03    0.417920E-04   -0.623240E-04
 2.78101    0.132932E-03    0.430277E-04   -0.622963E-04
 2.79904    0.128508E-03    0.443696E-04   -0.623573E-04
 2.81706    0.123891E-03    0.458137E-04   -0.625039E-04
 2.83509    0.119090E-03    0.473551E-04   -0.627323E-04
 2.85312    0.114118E-03    0.489875E-04   -0.630380E-04
 2.87114    0.108987E-03    0.507048E-04   -0.634161E-04
 2.88917    0.103713E-03    0.524992E-04   -0.638609E-04
 2.90719    0.983121E-04    0.543628E-04   -0.643663E-04
 2.92522    0.928004E-04    0.562871E-04   -0.649260E-04
 2.94325    0.871965E-04    0.582630E-04   -0.655332E-04
 2.96127    0.815191E-04    0.602811E-04   -0.661808E-04
 2.97930    0.757873E-04    0.623320E-04   -0.668621E-04
 2.99732    0.700200E-04    0.644062E-04   -0.675696E-04
 3.01535    0.642363E-04    0.664942E-04   -0.682964E-04
 3.03338    0.584551E-04    0.685864E-04   -0.690353E-04
 3.05140    0.526943E-04    0.706744E-04   -0.697796E-04
 3.06943    0.469716E-04    0.727487E-04   -0.705229E-04
 3.08745    0.413038E-04    0.748012E-04   -0.712588E-04
 3.10548    0.357067E-04    0.768241E-04   -0.719813E-04
 3.12351    0.301954E-04    0.788097E-04   -0.726852E-04
 3.14153    0.247837E-04    0.807513E-04   -0.733650E-04
 3.15956    0.194841E-04    0.826426E-04   -0.740164E-04
 3.17759    0.143083E-04    0.844778E-04   -0.746348E-04
 3.19561    0.926640E-05    0.862518E-04   -0.752164E-04
 3.21364    0.436728E-05    0.879603E-04   -0.757577E-04
 3.23166   -0.381432E-06    0.895993E-04   -0.762566E-04
 3.24969   -0.497337E-05    0.911657E-04   -0.767101E-04
 3.26772   -0.940331E-05    0.926570E-04   -0.771161E-04
 3.28574   -0.136671E-04    0.940711E-04   -0.774738E-04
 3.30377   -0.177617E-04    0.954064E-04   -0.777815E-04
 3.32179   -0.216850E-04    0.966620E-04   -0.780387E-04
 3.33982   -0.254355E-04    0.978372E-04   -0.782449E-04
 3.35785   -0.290142E-04    0.989320E-04   -0.783998E-04
 3.37587   -0.324209E-04    0.999468E-04   -0.785041E-04
 3.39390   -0.356573E-04    0.100882E-03   -0.785579E-04
 3.41192   -0.387255E-04    0.101740E-03   -0.785621E-04
 3.42995   -0.416285E-04    0.102520E-03   -0.785177E-04
 3.44798   -0.443692E-04    0.103225E-03   -0.784259E-04
 3.46600   -0.469516E-04    0.103857E-03   -0.782880E-04
 3.48403   -0.493793E-04    0.104417E-03   -0.781055E-04
 3.50205   -0.516571E-04    0.104909E-03   -0.778799E-04
 3.52008   -0.537893E-04    0.105333E-03   -0.776130E-04
 3.53811   -0.557810E-04    0.105692E-03   -0.773064E-04
 3.55613   -0.576372E-04    0.105990E-03   -0.769621E-04
 3.57416   -0.593631E-04    0.106228E-03   -0.765817E-04
 3.59218   -0.609640E-04    0.106409E-03   -0.761672E-04
 3.61021   -0.624448E-04    0.106535E-03   -0.757204E-04
 3.62824   -0.638110E-04    0.106610E-03   -0.752432E-04
 3.64626   -0.650676E-04    0.106636E-03   -0.747377E-04
 3.66429   -0.662198E-04    0.106615E-03   -0.742053E-04
 3.68231   -0.672726E-04    0.106549E-03   -0.736480E-04
 3.70034   -0.682310E-04    0.106442E-03   -0.730676E-04
 3.71837   -0.690997E-04    0.106296E-03   -0.724656E-04
 3.73639   -0.698833E-04    0.106112E-03   -0.718439E-04
 3.75442   -0.705866E-04    0.105893E-03   -0.712037E-04
 3.77244   -0.712137E-04    0.105642E-03   -0.705470E-04
 3.79047   -0.717690E-04    0.105360E-03   -0.698749E-04
 3.80850   -0.722565E-04    0.105049E-03   -0.691890E-04
 3.82652   -0.726801E-04    0.104711E-03   -0.684906E-04
 3.84455   -0.730434E-04    0.104349E-03   -0.677809E-04
 3.86258   -0.733502E-04    0.103963E-03   -0.670612E-04
 3.88060   -0.736036E-04    0.103555E-03   -0.663326E-04
 3.89863   -0.738070E-04    0.103128E-03   -0.655961E-04
 3.91665   -0.739634E-04    0.102681E-03   -0.648532E-04
 3.93468   -0.740756E-04    0.102218E-03   -0.641042E-04
 3.95271   -0.741465E-04    0.101739E-03   -0.633503E-04
 3.97073   -0.741787E-04    0.101245E-03   -0.625923E-04
 3.98876   -0.741746E-04    0.100738E-03   -0.618311E-04
 4.00678   -0.741366E-04    0.100219E-03   -0.610676E-04
 4.02481   -0.740668E-04    0.996880E-04   -0.603023E-04
 4.04284   -0.739674E-04    0.991471E-04   -0.595358E-04
 4.06086   -0.738404E-04    0.985971E-04   -0.587688E-04
 4.07889   -0.736874E-04    0.980385E-04   -0.580019E-04
 4.09691   -0.735103E-04    0.974723E-04   -0.572356E-04
 4.11494   -0.733107E-04    0.968994E-04   -0.564704E-04
 4.13297   -0.730901E-04    0.963204E-04   -0.557067E-04
 4.15099   -0.728500E-04    0.957360E-04   -0.549452E-04
 4.16902   -0.725918E-04    0.951468E-04   -0.541860E-04
 4.18704   -0.723167E-04    0.945534E-04   -0.534296E-04
 4.20507   -0.720260E-04    0.939564E-04   -0.526762E-04
 4.22310   -0.717208E-04    0.933564E-04   -0.519263E-04
 4.24112   -0.714021E-04    0.927538E-04   -0.511801E-04
 4.25915   -0.710710E-04    0.921491E-04   -0.504379E-04
 4.27717   -0.707283E-04    0.915426E-04   -0.496997E-04
 4.29520   -0.703751E-04    0.909349E-04   -0.489658E-04
 4.31323   -0.700121E-04    0.903262E-04   -0.482364E-04
 4.33125   -0.696400E-04    0.897170E-04   -0.475120E-04
 4.34928   -0.692598E-04    0.891075E-04   -0.467924E-04
 4.36730   -0.688719E-04    0.884982E-04   -0.460777E-04
 4.38533   -0.684772E-04    0.878892E-04   -0.453681E-04
 4.40336   -0.680763E-04    0.872808E-04   -0.446638E-04
 4.42138   -0.676696E-04    0.866733E-04   -0.439649E-04
 4.43941   -0.672578E-04    0.860670E-04   -0.432716E-04
 4.45743   -0.668414E-04    0.854619E-04   -0.425840E-04
 4.47546   -0.664208E-04    0.848585E-04   -0.419021E-04
 4.49349   -0.659965E-04    0.842567E-04   -0.412262E-04
 4.51151   -0.655689E-04    0.836569E-04   -0.405564E-04
 4.52954   -0.651385E-04    0.830591E-04   -0.398928E-04
 4.54757   -0.647055E-04    0.824635E-04   -0.392357E-04
 4.56559   -0.642703E-04    0.818703E-04   -0.385849E-04
 4.58362   -0.638334E-04    0.812796E-04   -0.379408E-04
 4.60164   -0.633950E-04    0.806915E-04   -0.373033E-04
 4.61967   -0.629553E-04    0.801062E-04   -0.366726E-04
 4.63770   -0.625147E-04    0.795236E-04   -0.360487E-04
 4.65572   -0.620735E-04    0.789440E-04   -0.354317E-04
 4.67375   -0.616318E-04    0.783674E-04   -0.348215E-04
 4.69177   -0.611900E-04    0.777940E-04   -0.342182E-04
 4.70980   -0.607482E-04    0.772237E-04   -0.336217E-04
 4.72783   -0.603066E-04    0.766566E-04   -0.330320E-04
 4.74585   -0.598655E-04    0.760929E-04   -0.324490E-04
 4.76388   -0.594250E-04    0.755326E-04   -0.318727E-04
 4.78190   -0.589854E-04    0.749757E-04   -0.313029E-04
 4.79993   -0.585468E-04    0.744223E-04   -0.307395E-04
 4.81796   -0.581093E-04    0.738725E-04   -0.301826E-04
 4.83598   -0.576732E-04    0.733263E-04   -0.296319E-04
 4.85401   -0.572386E-04    0.727838E-04   -0.290874E-04
 4.87203   -0.568057E-04    0.722450E-04   -0.285491E-04
 4.89006   -0.563746E-04    0.717099E-04   -0.280168E-04
 4.90809   -0.559454E-04    0.711787E-04   -0.274906E-04
 4.92611   -0.555184E-04    0.706512E-04   -0.269702E-04
 4.94414   -0.550935E-04    0.701277E-04   -0.264558E-04
 4.96216   -0.546710E-04    0.696081E-04   -0.259473E-04
 4.98019   -0.542510E-04    0.690924E-04   -0.254446E-04
 4.99822   -0.538336E-04    0.685807E-04   -0.249477E-04
 5.01624   -0.534189E-04    0.680730E-04   -0.244567E-04
 5.03427   -0.530071E-04    0.675693E-04   -0.239715E-04
 5.05229   -0.525981E-04    0.670697E-04   -0.234921E-04
 5.07032   -0.521922E-04    0.665742E-04   -0.230185E-04
 5.08835   -0.517895E-04    0.660828E-04   -0.225508E-04
 5.10637   -0.513899E-04    0.655956E-04   -0.220889E-04
 5.12440   -0.509937E-04    0.651125E-04   -0.216327E-04
 5.14242   -0.506008E-04    0.646335E-04   -0.211824E-04
 5.16045   -0.502113E-04    0.641587E-04   -0.207379E-04
 5.17848   -0.498254E-04    0.636881E-04   -0.202991E-04
 5.19650   -0.494430E-04    0.632216E-04   -0.198662E-04
 5.21453   -0.490642E-04    0.627593E-04   -0.194389E-04
 5.23256   -0.486890E-04    0.623012E-04   -0.190173E-04
 5.25058   -0.483174E-04    0.618472E-04   -0.186013E-04
 5.26861   -0.479496E-04    0.613973E-04   -0.181909E-04
 5.28663   -0.475854E-04    0.609516E-04   -0.177860E-04
 5.30466   -0.472249E-04    0.605099E-04   -0.173866E-04
 5.32269   -0.468681E-04    0.600724E-04   -0.169926E-04
 5.34071   -0.465149E-04    0.596388E-04   -0.166040E-04
 5.35874   -0.461654E-04    0.592093E-04   -0.162207E-04
 5.37676   -0.458194E-04    0.587837E-04   -0.158425E-04
 5.39479   -0.454770E-04    0.583621E-04   -0.154696E-04
 5.41282   -0.451380E-04    0.579443E-04   -0.151017E-04
 5.43084   -0.448025E-04    0.575303E-04   -0.147388E-04
 5.44887   -0.444704E-04    0.571201E-04   -0.143808E-04
 5.46689   -0.441415E-04    0.567137E-04   -0.140277E-04
 5.48492   -0.438159E-04    0.563108E-04   -0.136793E-04
 5.50295   -0.434933E-04    0.559116E-04   -0.133357E-04
 5.52097   -0.431739E-04    0.555158E-04   -0.129966E-04
 5.53900   -0.428574E-04    0.551236E-04   -0.126621E-04
 5.55702   -0.425437E-04    0.547347E-04   -0.123321E-04
 5.57505   -0.422328E-04    0.543492E-04   -0.120065E-04
 5.59308   -0.419246E-04    0.539669E-04   -0.116851E-04
 5.61110   -0.416190E-04    0.535878E-04   -0.113680E-04
 5.62913   -0.413158E-04    0.532119E-04   -0.110551E-04
 5.64715   -0.410151E-04    0.528390E-04   -0.107462E-04
 5.66518   -0.407166E-04    0.524692E-04   -0.104413E-04
 5.68321   -0.404203E-04    0.521022E-04   -0.101403E-04
 5.70123   -0.401261E-04    0.517382E-04   -0.984323E-05
 5.71926   -0.398339E-04    0.513769E-04   -0.954991E-05
 5.73728   -0.395437E-04    0.510184E-04   -0.926030E-05
 5.75531   -0.392553E-04    0.506627E-04   -0.897434E-05
 5.77334   -0.389687E-04    0.503095E-04   -0.869195E-05
 5.79136   -0.386838E-04    0.499589E-04   -0.841308E-05
 5.80939   -0.384006E-04    0.496109E-04   -0.813765E-05
 5.82741   -0.381189E-04    0.492654E-04   -0.786562E-05
 5.84544   -0.378388E-04    0.489224E-04   -0.759693E-05
 5.86347   -0.375602E-04    0.485817E-04   -0.733154E-05
 5.88149   -0.372830E-04    0.482434E-04   -0.706936E-05
 5.89952   -0.370072E-04    0.479075E-04   -0.681037E-05
 5.91755   -0.367328E-04    0.475739E-04   -0.655452E-05
 5.93557   -0.364598E-04    0.472426E-04   -0.630175E-05
 5.95360   -0.361881E-04    0.469136E-04   -0.605202E-05
 5.97162   -0.359178E-04    0.465868E-04   -0.580534E-05
 5.98965   -0.356487E-04    0.462622E-04   -0.556164E-05
 6.00768   -0.353810E-04    0.459399E-04   -0.532089E-05
 6.02570   -0.351147E-04    0.456197E-04   -0.508305E-05
 6.04373   -0.348496E-04    0.453017E-04   -0.484811E-05
 6.06175   -0.345859E-04    0.449860E-04   -0.461602E-05
 6.07978   -0.343235E-04    0.446723E-04   -0.438673E-05
 6.09781   -0.340625E-04    0.443608E-04   -0.416027E-05
 6.11583   -0.338028E-04    0.440515E-04   -0.393658E-05
 6.13386   -0.335445E-04    0.437443E-04   -0.371565E-05
 6.15188   -0.332877E-04    0.434393E-04   -0.349745E-05
 6.16991   -0.330322E-04    0.431364E-04   -0.328186E-05
 6.18794   -0.327782E-04    0.428356E-04   -0.306906E-05
 6.20596   -0.325257E-04    0.425369E-04   -0.285893E-05
 6.22399   -0.322747E-04    0.422404E-04   -0.265144E-05
 6.24201   -0.320251E-04    0.419460E-04   -0.244659E-05
 6.26004   -0.317771E-04    0.416538E-04   -0.224434E-05
 6.27807   -0.315307E-04    0.413636E-04   -0.204468E-05
 6.29609   -0.312858E-04    0.410756E-04   -0.184758E-05
 6.31412   -0.310425E-04    0.407897E-04   -0.165304E-05
 6.33214   -0.308009E-04    0.405059E-04   -0.146195E-05
 6.35017   -0.305608E-04    0.402242E-04   -0.127244E-05
 6.36820   -0.303224E-04    0.399446E-04   -0.108464E-05
 6.38622   -0.300857E-04    0.396671E-04   -0.900097E-06
 6.40425   -0.298506E-04    0.393918E-04   -0.717970E-06
 6.42227   -0.296173E-04    0.391184E-04   -0.538311E-06
 6.44030   -0.293856E-04    0.388472E-04   -0.361059E-06
 6.45833   -0.291556E-04    0.385781E-04   -0.186199E-06
 6.47635   -0.289274E-04    0.383110E-04   -0.137065E-07
 6.49438   -0.287009E-04    0.380460E-04    0.156436E-06
 6.51240   -0.284761E-04    0.377831E-04    0.324252E-06
 6.53043   -0.282530E-04    0.375222E-04    0.489759E-06
 6.54846   -0.280317E-04    0.372633E-04    0.652977E-06
 6.56648   -0.278122E-04    0.370066E-04    0.813925E-06
 6.58451   -0.275944E-04    0.367517E-04    0.972602E-06
 6.60254   -0.273784E-04    0.364990E-04    0.112908E-05
 6.62056   -0.271641E-04    0.362482E-04    0.128336E-05
 6.63859   -0.269516E-04    0.359994E-04    0.143550E-05
 6.65661   -0.267408E-04    0.357526E-04    0.158543E-05
 6.67464   -0.265318E-04    0.355078E-04    0.173323E-05
 6.69267   -0.263245E-04    0.352649E-04    0.187890E-05
 6.71069   -0.261190E-04    0.350240E-04    0.202247E-05
 6.72872   -0.259153E-04    0.347850E-04    0.216396E-05
 6.74674   -0.257133E-04    0.345480E-04    0.230340E-05
 6.76477   -0.255130E-04    0.343128E-04    0.244079E-05
 6.78280   -0.253145E-04    0.340796E-04    0.257618E-05
 6.80082   -0.251178E-04    0.338483E-04    0.270956E-05
 6.81885   -0.249228E-04    0.336189E-04    0.284097E-05
 6.83687   -0.247295E-04    0.333913E-04    0.297042E-05
 6.85490   -0.245379E-04    0.331656E-04    0.309794E-05
 6.87293   -0.243481E-04    0.329418E-04    0.322352E-05
 6.89095   -0.241600E-04    0.327198E-04    0.334722E-05
 6.90898   -0.239736E-04    0.324996E-04    0.346904E-05
 6.92700   -0.237890E-04    0.322812E-04    0.358900E-05
 6.94503   -0.236060E-04    0.320647E-04    0.370713E-05
 6.96306   -0.234248E-04    0.318500E-04    0.382343E-05
 6.98108   -0.232452E-04    0.316370E-04    0.393794E-05
 6.99911   -0.230673E-04    0.314258E-04    0.405065E-05
 7.01713   -0.228912E-04    0.312163E-04    0.416162E-05
 7.03516   -0.227166E-04    0.310086E-04    0.427084E-05
 7.05319   -0.225438E-04    0.308026E-04    0.437833E-05
 7.07121   -0.223726E-04    0.305984E-04    0.448413E-05
 7.08924   -0.222030E-04    0.303959E-04    0.458824E-05
 7.10726   -0.220351E-04    0.301950E-04    0.469068E-05
 7.12529   -0.218687E-04    0.299958E-04    0.479149E-05
 7.14332   -0.217040E-04    0.297983E-04    0.489067E-05
 7.16134   -0.215409E-04    0.296025E-04    0.498824E-05
 7.17937   -0.213793E-04    0.294082E-04    0.508422E-05
 7.19739   -0.212193E-04    0.292156E-04    0.517864E-05
 7.21542   -0.210609E-04    0.290246E-04    0.527150E-05
 7.23345   -0.209039E-04    0.288352E-04    0.536286E-05
 7.25147   -0.207485E-04    0.286474E-04    0.545269E-05
 7.26950   -0.205946E-04    0.284611E-04    0.554103E-05
 7.28753   -0.204422E-04    0.282764E-04    0.562789E-05
 7.30555   -0.202913E-04    0.280932E-04    0.571331E-05
 7.32358   -0.201418E-04    0.279115E-04    0.579729E-05
 7.34160   -0.199937E-04    0.277313E-04    0.587985E-05
 7.35963   -0.198471E-04    0.275526E-04    0.596101E-05
 7.37766   -0.197018E-04    0.273754E-04    0.604080E-05
 7.39568   -0.195580E-04    0.271996E-04    0.611923E-05
 7.41371   -0.194155E-04    0.270253E-04    0.619630E-05
 7.43173   -0.192744E-04    0.268524E-04    0.627208E-05
 7.44976   -0.191347E-04    0.266809E-04    0.634653E-05
 7.46779   -0.189962E-04    0.265108E-04    0.641970E-05
 7.48581   -0.188591E-04    0.263422E-04    0.649159E-05
 7.50384   -0.187233E-04    0.261748E-04    0.656223E-05
 7.52186   -0.185888E-04    0.260089E-04    0.663164E-05
 7.53989   -0.184555E-04    0.258442E-04    0.669981E-05
 7.55792   -0.183235E-04    0.256810E-04    0.676678E-05
 7.57594   -0.181927E-04    0.255190E-04    0.683256E-05
 7.59397   -0.180632E-04    0.253583E-04    0.689717E-05
 7.61199   -0.179348E-04    0.251990E-04    0.696062E-05
 7.63002   -0.178077E-04    0.250409E-04    0.702293E-05
 7.64805   -0.176817E-04    0.248840E-04    0.708411E-05
 7.66607   -0.175570E-04    0.247285E-04    0.714418E-05
 7.68410   -0.174334E-04    0.245741E-04    0.720315E-05
 7.70212   -0.173109E-04    0.244210E-04    0.726104E-05
 7.72015   -0.171896E-04    0.242692E-04    0.731786E-05
 7.73818   -0.170694E-04    0.241185E-04    0.737363E-05
 7.75620   -0.169503E-04    0.239690E-04    0.742835E-05
 7.77423   -0.168323E-04    0.238207E-04    0.748205E-05
 7.79225   -0.167154E-04    0.236736E-04    0.753474E-05
 7.81028   -0.165995E-04    0.235276E-04    0.758641E-05
 7.82831   -0.164848E-04    0.233828E-04    0.763711E-05
 7.84633   -0.163710E-04    0.232392E-04    0.768683E-05
 7.86436   -0.162584E-04    0.230966E-04    0.773559E-05
 7.88238   -0.161467E-04    0.229552E-04    0.778341E-05
 7.90041   -0.160361E-04    0.228149E-04    0.783029E-05
 7.91844   -0.159264E-04    0.226757E-04    0.787624E-05
 7.93646   -0.158178E-04    0.225376E-04    0.792128E-05
 7.95449   -0.157102E-04    0.224005E-04    0.796543E-05
 7.97252   -0.156035E-04    0.222645E-04    0.800868E-05
 7.99054   -0.154978E-04    0.221296E-04    0.805105E-05
 8.00857   -0.153930E-04    0.219957E-04    0.809256E-05
 8.02659   -0.152892E-04    0.218629E-04    0.813322E-05
 8.04462   -0.151864E-04    0.217311E-04    0.817302E-05
 8.06265   -0.150844E-04    0.216003E-04    0.821201E-05
 8.08067   -0.149834E-04    0.214705E-04    0.825016E-05
 8.09870   -0.148833E-04    0.213417E-04    0.828750E-05
 8.11672   -0.147841E-04    0.212139E-04    0.832404E-05
 8.13475   -0.146858E-04    0.210871E-04    0.835983E-05
 8.15278   -0.145884E-04    0.209613E-04    0.839474E-05
 8.17080   -0.144919E-04    0.208365E-04    0.842893E-05
 8.18883   -0.143963E-04    0.207126E-04    0.846234E-05
 8.20685   -0.143015E-04    0.205897E-04    0.849502E-05
 8.22488   -0.142076E-04    0.204677E-04    0.852695E-05
 8.24291   -0.141146E-04    0.203466E-04    0.855814E-05
 8.26093   -0.140224E-04    0.202265E-04    0.858860E-05
 8.27896   -0.139310E-04    0.201074E-04    0.861834E-05
 8.29698   -0.138405E-04    0.199891E-04    0.864737E-05
 8.31501   -0.137508E-04    0.198717E-04    0.867570E-05
 8.33304   -0.136620E-04    0.197553E-04    0.870334E-05
 8.35106   -0.135739E-04    0.196397E-04    0.873030E-05
 8.36909   -0.134867E-04    0.195251E-04    0.875659E-05
 8.38711   -0.134003E-04    0.194113E-04    0.878221E-05
 8.40514   -0.133146E-04    0.192984E-04    0.880717E-05
 8.42317   -0.132298E-04    0.191863E-04    0.883149E-05
 8.44119   -0.131457E-04    0.190751E-04    0.885517E-05
 8.45922   -0.130623E-04    0.189647E-04    0.887822E-05
 8.47724   -0.129797E-04    0.188552E-04    0.890066E-05
 8.49527   -0.128979E-04    0.187465E-04    0.892249E-05
 8.51330   -0.128167E-04    0.186386E-04    0.894372E-05
 8.53132   -0.127363E-04    0.185315E-04    0.896437E-05
 8.54935   -0.126565E-04    0.184252E-04    0.898443E-05
 8.56737   -0.125775E-04    0.183197E-04    0.900393E-05
 8.58540   -0.124991E-04    0.182150E-04    0.902286E-05
 8.60343   -0.124214E-04    0.181110E-04    0.904125E-05
 8.62145   -0.123443E-04    0.180078E-04    0.905911E-05
 8.63948   -0.122678E-04    0.179053E-04    0.907643E-05
 8.65751   -0.121919E-04    0.178035E-04    0.909324E-05
 8.67553   -0.121166E-04    0.177025E-04    0.910954E-05
 8.69356   -0.120419E-04    0.176022E-04    0.912535E-05
 8.71158   -0.119678E-04    0.175026E-04    0.914066E-05
 8.72961   -0.118942E-04    0.174036E-04    0.915550E-05
 8.74764   -0.118212E-04    0.173054E-04    0.916987E-05
 8.76566   -0.117487E-04    0.172078E-04    0.918377E-05
 8.78369   -0.116767E-04    0.171109E-04    0.919723E-05
 8.80171   -0.116052E-04    0.170146E-04    0.921025E-05
 8.81974   -0.115342E-04    0.169189E-04    0.922286E-05
 8.83777   -0.114636E-04    0.168240E-04    0.923498E-05
 8.85579   -0.113936E-04    0.167296E-04    0.924672E-05
 8.87382   -0.113240E-04    0.166358E-04    0.925804E-05
 8.89184   -0.112549E-04    0.165427E-04    0.926896E-05
 8.90987   -0.111862E-04    0.164502E-04    0.927948E-05
 8.92790   -0.111180E-04    0.163583E-04    0.928961E-05
 8.94592   -0.110502E-04    0.162669E-04    0.929936E-05
 8.96395   -0.109828E-04    0.161762E-04    0.930872E-05
 8.98197   -0.109159E-04    0.160860E-04    0.931770E-05
 9.00000   -0.108494E-04    0.159965E-04    0.932632E-05
