 0.00500    0.243844E-02   -0.125301E-02    0.100039E-02
 0.02303    0.200137E-02   -0.103447E-02    0.836462E-03
 0.04105    0.174483E-02   -0.906184E-03    0.740213E-03
 0.05908    0.155786E-02   -0.812660E-03    0.670015E-03
 0.07710    0.141043E-02   -0.738911E-03    0.614637E-03
 0.09513    0.128912E-02   -0.678211E-03    0.569034E-03
 0.11316    0.118651E-02   -0.626858E-03    0.530435E-03
 0.13118    0.109803E-02   -0.582563E-03    0.497122E-03
 0.14921    0.102062E-02   -0.543801E-03    0.467952E-03
 0.16723    0.952145E-03   -0.509502E-03    0.442123E-03
 0.18526    0.891024E-03   -0.478877E-03    0.419044E-03
 0.20329    0.836064E-03   -0.451332E-03    0.398270E-03
 0.22131    0.786335E-03   -0.426398E-03    0.379452E-03
 0.23934    0.741103E-03   -0.403712E-03    0.362315E-03
 0.25736    0.699775E-03   -0.382976E-03    0.346638E-03
 0.27539    0.661861E-03   -0.363945E-03    0.332237E-03
 0.29342    0.626956E-03   -0.346418E-03    0.318960E-03
 0.31144    0.594722E-03   -0.330225E-03    0.306682E-03
 0.32947    0.564868E-03   -0.315222E-03    0.295293E-03
 0.34749    0.537143E-03   -0.301284E-03    0.284702E-03
 0.36552    0.511349E-03   -0.288306E-03    0.274828E-03
 0.38355    0.487287E-03   -0.276196E-03    0.265605E-03
 0.40157    0.464801E-03   -0.264873E-03    0.256968E-03
 0.41960    0.443748E-03   -0.254267E-03    0.248867E-03
 0.43763    0.424004E-03   -0.244314E-03    0.241256E-03
 0.45565    0.405458E-03   -0.234961E-03    0.234092E-03
 0.47368    0.388012E-03   -0.226156E-03    0.227339E-03
 0.49170    0.371577E-03   -0.217857E-03    0.220963E-03
 0.50973    0.356074E-03   -0.210025E-03    0.214936E-03
 0.52776    0.341433E-03   -0.202622E-03    0.209230E-03
 0.54578    0.327590E-03   -0.195619E-03    0.203822E-03
 0.56381    0.314485E-03   -0.188985E-03    0.198689E-03
 0.58183    0.302068E-03   -0.182694E-03    0.193813E-03
 0.59986    0.290290E-03   -0.176723E-03    0.189175E-03
 0.61789    0.279107E-03   -0.171049E-03    0.184759E-03
 0.63591    0.268480E-03   -0.165654E-03    0.180551E-03
 0.65394    0.258373E-03   -0.160518E-03    0.176535E-03
 0.67196    0.248751E-03   -0.155624E-03    0.172701E-03
 0.68999    0.239584E-03   -0.150959E-03    0.169036E-03
 0.70802    0.230845E-03   -0.146507E-03    0.165531E-03
 0.72604    0.222506E-03   -0.142255E-03    0.162174E-03
 0.74407    0.214545E-03   -0.138192E-03    0.158958E-03
 0.76209    0.206938E-03   -0.134307E-03    0.155873E-03
 0.78012    0.199666E-03   -0.130588E-03    0.152913E-03
 0.79815    0.192709E-03   -0.127028E-03    0.150070E-03
 0.81617    0.186050E-03   -0.123616E-03    0.147338E-03
 0.83420    0.179672E-03   -0.120345E-03    0.144710E-03
 0.85222    0.173560E-03   -0.117206E-03    0.142180E-03
 0.87025    0.167699E-03   -0.114194E-03    0.139744E-03
 0.88828    0.162077E-03   -0.111301E-03    0.137396E-03
 0.90630    0.156681E-03   -0.108521E-03    0.135133E-03
 0.92433    0.151500E-03   -0.105849E-03    0.132948E-03
 0.94235    0.146522E-03   -0.103278E-03    0.130839E-03
 0.96038    0.141738E-03   -0.100804E-03    0.128801E-03
 0.97841    0.137137E-03   -0.984217E-04    0.126832E-03
 0.99643    0.132712E-03   -0.961272E-04    0.124927E-03
 1.01446    0.128454E-03   -0.939161E-04    0.123083E-03
 1.03248    0.124354E-03   -0.917845E-04    0.121298E-03
 1.05051    0.120405E-03   -0.897286E-04    0.119569E-03
 1.06854    0.116601E-03   -0.877449E-04    0.117893E-03
 1.08656    0.112935E-03   -0.858302E-04    0.116268E-03
 1.10459    0.109401E-03   -0.839813E-04    0.114692E-03
 1.12262    0.105992E-03   -0.821953E-04    0.113161E-03
 1.14064    0.102703E-03   -0.804694E-04    0.111676E-03
 1.15867    0.995296E-04   -0.788010E-04    0.110232E-03
 1.17669    0.964660E-04   -0.771877E-04    0.108829E-03
 1.19472    0.935077E-04   -0.756271E-04    0.107464E-03
 1.21275    0.906504E-04   -0.741171E-04    0.106136E-03
 1.23077    0.878898E-04   -0.726554E-04    0.104844E-03
 1.24880    0.852220E-04   -0.712401E-04    0.103586E-03
 1.26682    0.826432E-04   -0.698694E-04    0.102360E-03
 1.28485    0.801497E-04   -0.685414E-04    0.101166E-03
 1.30288    0.777381E-04   -0.672541E-04    0.100002E-03
 1.32090    0.754053E-04   -0.660064E-04    0.988660E-04
 1.33893    0.731479E-04   -0.647965E-04    0.977580E-04
 1.35695    0.709633E-04   -0.636230E-04    0.966767E-04
 1.37498    0.688485E-04   -0.624847E-04    0.956208E-04
 1.39301    0.668010E-04   -0.613798E-04    0.945895E-04
 1.41103    0.648181E-04   -0.603073E-04    0.935817E-04
 1.42906    0.628976E-04   -0.592659E-04    0.925968E-04
 1.44708    0.610369E-04   -0.582545E-04    0.916336E-04
 1.46511    0.592340E-04   -0.572721E-04    0.906915E-04
 1.48314    0.574868E-04   -0.563174E-04    0.897697E-04
 1.50116    0.557932E-04   -0.553896E-04    0.888674E-04
 1.51919    0.541513E-04   -0.544877E-04    0.879840E-04
 1.53721    0.525593E-04   -0.536108E-04    0.871188E-04
 1.55524    0.510154E-04   -0.527580E-04    0.862710E-04
 1.57327    0.495180E-04   -0.519284E-04    0.854402E-04
 1.59129    0.480655E-04   -0.511212E-04    0.846257E-04
 1.60932    0.466563E-04   -0.503358E-04    0.838270E-04
 1.62734    0.452889E-04   -0.495713E-04    0.830435E-04
 1.64537    0.439620E-04   -0.488271E-04    0.822747E-04
 1.66340    0.426741E-04   -0.481024E-04    0.815202E-04
 1.68142    0.414241E-04   -0.473967E-04    0.807794E-04
 1.69945    0.402107E-04   -0.467093E-04    0.800519E-04
 1.71747    0.390327E-04   -0.460397E-04    0.793373E-04
 1.73550    0.378891E-04   -0.453872E-04    0.786352E-04
 1.75353    0.367785E-04   -0.447514E-04    0.779452E-04
 1.77155    0.357002E-04   -0.441316E-04    0.772670E-04
 1.78958    0.346531E-04   -0.435276E-04    0.766001E-04
 1.80761    0.336363E-04   -0.429387E-04    0.759442E-04
 1.82563    0.326488E-04   -0.423645E-04    0.752990E-04
 1.84366    0.316898E-04   -0.418046E-04    0.746642E-04
 1.86168    0.307585E-04   -0.412585E-04    0.740395E-04
 1.87971    0.298540E-04   -0.407326E-04    0.734247E-04
 1.89774    0.289756E-04   -0.402064E-04    0.728193E-04
 1.91576    0.281227E-04   -0.396997E-04    0.722233E-04
 1.93379    0.272945E-04   -0.392054E-04    0.716363E-04
 1.95181    0.264903E-04   -0.387231E-04    0.710582E-04
 1.96984    0.257096E-04   -0.382526E-04    0.704886E-04
 1.98787    0.249517E-04   -0.377935E-04    0.699274E-04
 2.00589    0.242161E-04   -0.373456E-04    0.693744E-04
 2.02392    0.235021E-04   -0.369086E-04    0.688294E-04
 2.04194    0.228093E-04   -0.364823E-04    0.682921E-04
 2.05997    0.221371E-04   -0.360663E-04    0.677625E-04
 2.07800    0.214850E-04   -0.356604E-04    0.672403E-04
 2.09602    0.208525E-04   -0.352643E-04    0.667254E-04
 2.11405    0.202392E-04   -0.348780E-04    0.662175E-04
 2.13207    0.196446E-04   -0.345010E-04    0.657166E-04
 2.15010    0.190683E-04   -0.341332E-04    0.652226E-04
 2.16813    0.185097E-04   -0.337743E-04    0.647351E-04
 2.18615    0.179686E-04   -0.334242E-04    0.642541E-04
 2.20418    0.174443E-04   -0.330826E-04    0.637794E-04
 2.22220    0.169365E-04   -0.327494E-04    0.633110E-04
 2.24023    0.164447E-04   -0.324242E-04    0.628485E-04
 2.25826    0.159685E-04   -0.321068E-04    0.623919E-04
 2.27628    0.155075E-04   -0.317972E-04    0.619410E-04
 2.29431    0.150611E-04   -0.314949E-04    0.614957E-04
 2.31233    0.146290E-04   -0.311998E-04    0.610558E-04
 2.33036    0.142107E-04   -0.309117E-04    0.606211E-04
 2.34839    0.138057E-04   -0.306304E-04    0.601915E-04
 2.36641    0.134135E-04   -0.303555E-04    0.597668E-04
 2.38444    0.130337E-04   -0.300869E-04    0.593468E-04
 2.40246    0.126657E-04   -0.298243E-04    0.589419E-04
 2.42049    0.123090E-04   -0.295675E-04    0.585204E-04
 2.43852    0.119632E-04   -0.293162E-04    0.581136E-04
 2.45654    0.116278E-04   -0.290702E-04    0.577109E-04
 2.47457    0.113022E-04   -0.288291E-04    0.573120E-04
 2.49260    0.109859E-04   -0.285929E-04    0.569168E-04
 2.51062    0.106785E-04   -0.283611E-04    0.565251E-04
 2.52865    0.103794E-04   -0.281336E-04    0.561367E-04
 2.54667    0.100880E-04   -0.279101E-04    0.557514E-04
 2.56470    0.980410E-05   -0.276904E-04    0.553691E-04
 2.58273    0.952702E-05   -0.274743E-04    0.549896E-04
 2.60075    0.925636E-05   -0.272614E-04    0.546128E-04
 2.61878    0.899171E-05   -0.270517E-04    0.542385E-04
 2.63680    0.873265E-05   -0.268448E-04    0.538665E-04
 2.65483    0.847880E-05   -0.266406E-04    0.534966E-04
 2.67286    0.822976E-05   -0.264390E-04    0.531289E-04
 2.69088    0.798522E-05   -0.262398E-04    0.527632E-04
 2.70891    0.774485E-05   -0.260427E-04    0.523992E-04
 2.72693    0.750838E-05   -0.258477E-04    0.520371E-04
 2.74496    0.727558E-05   -0.256546E-04    0.516766E-04
 2.76299    0.704621E-05   -0.254633E-04    0.513176E-04
 2.78101    0.682010E-05   -0.252738E-04    0.509602E-04
 2.79904    0.659707E-05   -0.250859E-04    0.506043E-04
 2.81706    0.637698E-05   -0.248996E-04    0.502498E-04
 2.83509    0.615973E-05   -0.247148E-04    0.498965E-04
 2.85312    0.594524E-05   -0.245315E-04    0.495448E-04
 2.87114    0.573345E-05   -0.243496E-04    0.491944E-04
 2.88917    0.552429E-05   -0.241692E-04    0.488453E-04
 2.90719    0.531775E-05   -0.239902E-04    0.484975E-04
 2.92522    0.511381E-05   -0.238126E-04    0.481510E-04
 2.94325    0.491243E-05   -0.236363E-04    0.478059E-04
 2.96127    0.471364E-05   -0.234615E-04    0.474620E-04
 2.97930    0.451741E-05   -0.232880E-04    0.471195E-04
 2.99732    0.432373E-05   -0.231160E-04    0.467784E-04
 3.01535    0.413260E-05   -0.229453E-04    0.464385E-04
 3.03338    0.394400E-05   -0.227760E-04    0.461001E-04
 3.05140    0.375790E-05   -0.226081E-04    0.457629E-04
 3.06943    0.357429E-05   -0.224415E-04    0.454271E-04
 3.08745    0.339305E-05   -0.222762E-04    0.450926E-04
 3.10548    0.321415E-05   -0.221122E-04    0.447594E-04
 3.12351    0.303751E-05   -0.219494E-04    0.444275E-04
 3.14153    0.286301E-05   -0.217878E-04    0.440968E-04
 3.15956    0.269052E-05   -0.216274E-04    0.437673E-04
 3.17759    0.251993E-05   -0.214680E-04    0.434390E-04
 3.19561    0.235106E-05   -0.213096E-04    0.431118E-04
 3.21364    0.218375E-05   -0.211521E-04    0.427857E-04
 3.23166    0.201780E-05   -0.209954E-04    0.424606E-04
 3.24969    0.185302E-05   -0.208394E-04    0.421365E-04
 3.26772    0.168921E-05   -0.206841E-04    0.418132E-04
 3.28574    0.152612E-05   -0.205292E-04    0.414907E-04
 3.30377    0.136355E-05   -0.203747E-04    0.411690E-04
 3.32179    0.120126E-05   -0.202206E-04    0.408479E-04
 3.33982    0.103902E-05   -0.200666E-04    0.405275E-04
 3.35785    0.876597E-06   -0.199126E-04    0.402075E-04
 3.37587    0.713784E-06   -0.197586E-04    0.398880E-04
 3.39390    0.550351E-06   -0.196045E-04    0.395688E-04
 3.41192    0.386106E-06   -0.194501E-04    0.392500E-04
 3.42995    0.220859E-06   -0.192954E-04    0.389314E-04
 3.44798    0.544197E-07   -0.191402E-04    0.386130E-04
 3.46600   -0.113371E-06   -0.189845E-04    0.382948E-04
 3.48403   -0.282654E-06   -0.188283E-04    0.379766E-04
 3.50205   -0.453552E-06   -0.186714E-04    0.376586E-04
 3.52008   -0.626163E-06   -0.185139E-04    0.373406E-04
 3.53811   -0.800557E-06   -0.183556E-04    0.370226E-04
 3.55613   -0.976771E-06   -0.181967E-04    0.367046E-04
 3.57416   -0.115485E-05   -0.180369E-04    0.363868E-04
 3.59218   -0.133476E-05   -0.178765E-04    0.360688E-04
 3.61021   -0.151649E-05   -0.177153E-04    0.357510E-04
 3.62824   -0.169999E-05   -0.175535E-04    0.354333E-04
 3.64626   -0.188517E-05   -0.173910E-04    0.351157E-04
 3.66429   -0.207194E-05   -0.172279E-04    0.347983E-04
 3.68231   -0.226017E-05   -0.170643E-04    0.344811E-04
 3.70034   -0.244972E-05   -0.169002E-04    0.341642E-04
 3.71837   -0.264041E-05   -0.167358E-04    0.338477E-04
 3.73639   -0.283205E-05   -0.165711E-04    0.335316E-04
 3.75442   -0.302444E-05   -0.164062E-04    0.332160E-04
 3.77244   -0.321735E-05   -0.162413E-04    0.329011E-04
 3.79047   -0.341055E-05   -0.160764E-04    0.325869E-04
 3.80850   -0.360380E-05   -0.159118E-04    0.322735E-04
 3.82652   -0.379684E-05   -0.157474E-04    0.319610E-04
 3.84455   -0.398942E-05   -0.155835E-04    0.316494E-04
 3.86258   -0.418127E-05   -0.154202E-04    0.313391E-04
 3.88060   -0.437213E-05   -0.152576E-04    0.310300E-04
 3.89863   -0.456173E-05   -0.150958E-04    0.307222E-04
 3.91665   -0.474980E-05   -0.149351E-04    0.304158E-04
 3.93468   -0.493608E-05   -0.147754E-04    0.301109E-04
 3.95271   -0.512033E-05   -0.146170E-04    0.298076E-04
 3.97073   -0.530228E-05   -0.144599E-04    0.295061E-04
 3.98876   -0.548167E-05   -0.143044E-04    0.292063E-04
 4.00678   -0.565831E-05   -0.141504E-04    0.289086E-04
 4.02481   -0.583195E-05   -0.139981E-04    0.286128E-04
 4.04284   -0.600238E-05   -0.138477E-04    0.283192E-04
 4.06086   -0.616942E-05   -0.136992E-04    0.280276E-04
 4.07889   -0.633286E-05   -0.135527E-04    0.277382E-04
 4.09691   -0.649256E-05   -0.134083E-04    0.274512E-04
 4.11494   -0.664835E-05   -0.132661E-04    0.271665E-04
 4.13297   -0.680010E-05   -0.131261E-04    0.268841E-04
 4.15099   -0.694769E-05   -0.129884E-04    0.266042E-04
 4.16902   -0.709100E-05   -0.128530E-04    0.263269E-04
 4.18704   -0.722993E-05   -0.127201E-04    0.260520E-04
 4.20507   -0.736442E-05   -0.125896E-04    0.257797E-04
 4.22310   -0.749439E-05   -0.124616E-04    0.255099E-04
 4.24112   -0.761978E-05   -0.123360E-04    0.252428E-04
 4.25915   -0.774058E-05   -0.122130E-04    0.249782E-04
 4.27717   -0.785675E-05   -0.120925E-04    0.247163E-04
 4.29520   -0.796829E-05   -0.119745E-04    0.244570E-04
 4.31323   -0.807519E-05   -0.118591E-04    0.242003E-04
 4.33125   -0.817748E-05   -0.117462E-04    0.239462E-04
 4.34928   -0.827517E-05   -0.116357E-04    0.236947E-04
 4.36730   -0.836832E-05   -0.115278E-04    0.234459E-04
 4.38533   -0.845694E-05   -0.114223E-04    0.231995E-04
 4.40336   -0.854109E-05   -0.113193E-04    0.229558E-04
 4.42138   -0.862085E-05   -0.112187E-04    0.227146E-04
 4.43941   -0.869630E-05   -0.111204E-04    0.224758E-04
 4.45743   -0.876747E-05   -0.110245E-04    0.222396E-04
 4.47546   -0.883447E-05   -0.109309E-04    0.220058E-04
 4.49349   -0.889733E-05   -0.108395E-04    0.217744E-04
 4.51151   -0.895629E-05   -0.107503E-04    0.215454E-04
 4.52954   -0.901131E-05   -0.106633E-04    0.213188E-04
 4.54757   -0.906251E-05   -0.105784E-04    0.210944E-04
 4.56559   -0.911000E-05   -0.104955E-04    0.208722E-04
 4.58362   -0.915390E-05   -0.104146E-04    0.206523E-04
 4.60164   -0.919430E-05   -0.103357E-04    0.204346E-04
 4.61967   -0.923131E-05   -0.102587E-04    0.202191E-04
 4.63770   -0.926504E-05   -0.101835E-04    0.200057E-04
 4.65572   -0.929558E-05   -0.101101E-04    0.197943E-04
 4.67375   -0.932306E-05   -0.100385E-04    0.195849E-04
 4.69177   -0.934757E-05   -0.996846E-05    0.193776E-04
 4.70980   -0.936922E-05   -0.990011E-05    0.191721E-04
 4.72783   -0.938812E-05   -0.983333E-05    0.189685E-04
 4.74585   -0.940436E-05   -0.976807E-05    0.187668E-04
 4.76388   -0.941805E-05   -0.970428E-05    0.185670E-04
 4.78190   -0.942929E-05   -0.964191E-05    0.183689E-04
 4.79993   -0.943818E-05   -0.958091E-05    0.181725E-04
 4.81796   -0.944481E-05   -0.952123E-05    0.179779E-04
 4.83598   -0.944928E-05   -0.946282E-05    0.177849E-04
 4.85401   -0.945169E-05   -0.940564E-05    0.175935E-04
 4.87203   -0.945212E-05   -0.934965E-05    0.174038E-04
 4.89006   -0.945065E-05   -0.929479E-05    0.172156E-04
 4.90809   -0.944739E-05   -0.924102E-05    0.170290E-04
 4.92611   -0.944240E-05   -0.918830E-05    0.168438E-04
 4.94414   -0.943576E-05   -0.913659E-05    0.166602E-04
 4.96216   -0.942756E-05   -0.908585E-05    0.164780E-04
 4.98019   -0.941786E-05   -0.903605E-05    0.162972E-04
 4.99822   -0.940675E-05   -0.898714E-05    0.161178E-04
 5.01624   -0.939429E-05   -0.893910E-05    0.159397E-04
 5.03427   -0.938055E-05   -0.889188E-05    0.157630E-04
 5.05229   -0.936559E-05   -0.884545E-05    0.155876E-04
 5.07032   -0.934947E-05   -0.879979E-05    0.154135E-04
 5.08835   -0.933227E-05   -0.875486E-05    0.152407E-04
 5.10637   -0.931402E-05   -0.871064E-05    0.150690E-04
 5.12440   -0.929480E-05   -0.866709E-05    0.148986E-04
 5.14242   -0.927465E-05   -0.862419E-05    0.147294E-04
 5.16045   -0.925363E-05   -0.858191E-05    0.145614E-04
 5.17848   -0.923177E-05   -0.854022E-05    0.143946E-04
 5.19650   -0.920914E-05   -0.849912E-05    0.142288E-04
 5.21453   -0.918577E-05   -0.845857E-05    0.140642E-04
 5.23256   -0.916170E-05   -0.841853E-05    0.139007E-04
 5.25058   -0.913699E-05   -0.837900E-05    0.137383E-04
 5.26861   -0.911166E-05   -0.833996E-05    0.135769E-04
 5.28663   -0.908575E-05   -0.830139E-05    0.134166E-04
 5.30466   -0.905931E-05   -0.826327E-05    0.132573E-04
 5.32269   -0.903236E-05   -0.822559E-05    0.130991E-04
 5.34071   -0.900493E-05   -0.818830E-05    0.129418E-04
 5.35874   -0.897706E-05   -0.815143E-05    0.127856E-04
 5.37676   -0.894877E-05   -0.811494E-05    0.126304E-04
 5.39479   -0.892010E-05   -0.807882E-05    0.124760E-04
 5.41282   -0.889107E-05   -0.804306E-05    0.123227E-04
 5.43084   -0.886170E-05   -0.800764E-05    0.121703E-04
 5.44887   -0.883202E-05   -0.797256E-05    0.120189E-04
 5.46689   -0.880205E-05   -0.793779E-05    0.118684E-04
 5.48492   -0.877182E-05   -0.790333E-05    0.117188E-04
 5.50295   -0.874133E-05   -0.786917E-05    0.115701E-04
 5.52097   -0.871062E-05   -0.783531E-05    0.114223E-04
 5.53900   -0.867970E-05   -0.780171E-05    0.112754E-04
 5.55702   -0.864858E-05   -0.776839E-05    0.111294E-04
 5.57505   -0.861729E-05   -0.773532E-05    0.109843E-04
 5.59308   -0.858583E-05   -0.770251E-05    0.108400E-04
 5.61110   -0.855424E-05   -0.766994E-05    0.106966E-04
 5.62913   -0.852250E-05   -0.763761E-05    0.105541E-04
 5.64715   -0.849065E-05   -0.760551E-05    0.104124E-04
 5.66518   -0.845869E-05   -0.757362E-05    0.102715E-04
 5.68321   -0.842664E-05   -0.754196E-05    0.101315E-04
 5.70123   -0.839450E-05   -0.751051E-05    0.999232E-05
 5.71926   -0.836229E-05   -0.747927E-05    0.985396E-05
 5.73728   -0.833001E-05   -0.744822E-05    0.971642E-05
 5.75531   -0.829769E-05   -0.741737E-05    0.957971E-05
 5.77334   -0.826531E-05   -0.738671E-05    0.944379E-05
 5.79136   -0.823290E-05   -0.735623E-05    0.930867E-05
 5.80939   -0.820046E-05   -0.732594E-05    0.917436E-05
 5.82741   -0.816800E-05   -0.729582E-05    0.904084E-05
 5.84544   -0.813553E-05   -0.726588E-05    0.890810E-05
 5.86347   -0.810305E-05   -0.723609E-05    0.877614E-05
 5.88149   -0.807057E-05   -0.720648E-05    0.864497E-05
 5.89952   -0.803810E-05   -0.717702E-05    0.851456E-05
 5.91755   -0.800564E-05   -0.714771E-05    0.838491E-05
 5.93557   -0.797320E-05   -0.711856E-05    0.825601E-05
 5.95360   -0.794079E-05   -0.708956E-05    0.812787E-05
 5.97162   -0.790840E-05   -0.706071E-05    0.800049E-05
 5.98965   -0.787605E-05   -0.703201E-05    0.787384E-05
 6.00768   -0.784374E-05   -0.700344E-05    0.774792E-05
 6.02570   -0.781147E-05   -0.697501E-05    0.762274E-05
 6.04373   -0.777925E-05   -0.694672E-05    0.749829E-05
 6.06175   -0.774709E-05   -0.691856E-05    0.737456E-05
 6.07978   -0.771499E-05   -0.689053E-05    0.725155E-05
 6.09781   -0.768295E-05   -0.686262E-05    0.712927E-05
 6.11583   -0.765097E-05   -0.683485E-05    0.700769E-05
 6.13386   -0.761907E-05   -0.680719E-05    0.688682E-05
 6.15188   -0.758724E-05   -0.677965E-05    0.676666E-05
 6.16991   -0.755548E-05   -0.675224E-05    0.664721E-05
 6.18794   -0.752381E-05   -0.672493E-05    0.652846E-05
 6.20596   -0.749222E-05   -0.669774E-05    0.641041E-05
 6.22399   -0.746073E-05   -0.667067E-05    0.629306E-05
 6.24201   -0.742932E-05   -0.664370E-05    0.617640E-05
 6.26004   -0.739801E-05   -0.661683E-05    0.606044E-05
 6.27807   -0.736680E-05   -0.659008E-05    0.594517E-05
 6.29609   -0.733569E-05   -0.656342E-05    0.583059E-05
 6.31412   -0.730468E-05   -0.653687E-05    0.571670E-05
 6.33214   -0.727379E-05   -0.651041E-05    0.560349E-05
 6.35017   -0.724300E-05   -0.648405E-05    0.549097E-05
 6.36820   -0.721233E-05   -0.645779E-05    0.537913E-05
 6.38622   -0.718177E-05   -0.643162E-05    0.526797E-05
 6.40425   -0.715133E-05   -0.640555E-05    0.515730E-05
 6.42227   -0.712101E-05   -0.637956E-05    0.504749E-05
 6.44030   -0.709082E-05   -0.635366E-05    0.493837E-05
 6.45833   -0.706075E-05   -0.632784E-05    0.482990E-05
 6.47635   -0.703080E-05   -0.630212E-05    0.472210E-05
 6.49438   -0.700099E-05   -0.627648E-05    0.461495E-05
 6.51240   -0.697131E-05   -0.625092E-05    0.450846E-05
 6.53043   -0.694177E-05   -0.622544E-05    0.440263E-05
 6.54846   -0.691236E-05   -0.620004E-05    0.429744E-05
 6.56648   -0.688309E-05   -0.617472E-05    0.419307E-05
 6.58451   -0.685396E-05   -0.614947E-05    0.408918E-05
 6.60254   -0.682497E-05   -0.612430E-05    0.398592E-05
 6.62056   -0.679612E-05   -0.609921E-05    0.388331E-05
 6.63859   -0.676742E-05   -0.607419E-05    0.378133E-05
 6.65661   -0.673886E-05   -0.604925E-05    0.367998E-05
 6.67464   -0.671045E-05   -0.602437E-05    0.357925E-05
 6.69267   -0.668219E-05   -0.599956E-05    0.347915E-05
 6.71069   -0.665408E-05   -0.597483E-05    0.337968E-05
 6.72872   -0.662611E-05   -0.595016E-05    0.328082E-05
 6.74674   -0.659830E-05   -0.592556E-05    0.318257E-05
 6.76477   -0.657064E-05   -0.590102E-05    0.308494E-05
 6.78280   -0.654313E-05   -0.587656E-05    0.298791E-05
 6.80082   -0.651577E-05   -0.585216E-05    0.289149E-05
 6.81885   -0.648857E-05   -0.582782E-05    0.279569E-05
 6.83687   -0.646152E-05   -0.580355E-05    0.270048E-05
 6.85490   -0.643462E-05   -0.577934E-05    0.260586E-05
 6.87293   -0.640787E-05   -0.575520E-05    0.251185E-05
 6.89095   -0.638128E-05   -0.573112E-05    0.241843E-05
 6.90898   -0.635483E-05   -0.570710E-05    0.232561E-05
 6.92700   -0.632854E-05   -0.568315E-05    0.223338E-05
 6.94503   -0.630240E-05   -0.565926E-05    0.214173E-05
 6.96306   -0.627642E-05   -0.563543E-05    0.205068E-05
 6.98108   -0.625058E-05   -0.561166E-05    0.196016E-05
 6.99911   -0.622489E-05   -0.558795E-05    0.187025E-05
 7.01713   -0.619935E-05   -0.556431E-05    0.178095E-05
 7.03516   -0.617396E-05   -0.554073E-05    0.169223E-05
 7.05319   -0.614871E-05   -0.551722E-05    0.160410E-05
 7.07121   -0.612361E-05   -0.549376E-05    0.151658E-05
 7.08924   -0.609865E-05   -0.547037E-05    0.142961E-05
 7.10726   -0.607383E-05   -0.544705E-05    0.134323E-05
 7.12529   -0.604916E-05   -0.542378E-05    0.125739E-05
 7.14332   -0.602462E-05   -0.540059E-05    0.117207E-05
 7.16134   -0.600022E-05   -0.537745E-05    0.108734E-05
 7.17937   -0.597596E-05   -0.535438E-05    0.100317E-05
 7.19739   -0.595183E-05   -0.533138E-05    0.919560E-06
 7.21542   -0.592784E-05   -0.530844E-05    0.836526E-06
 7.23345   -0.590397E-05   -0.528557E-05    0.754055E-06
 7.25147   -0.588024E-05   -0.526277E-05    0.672141E-06
 7.26950   -0.585662E-05   -0.524003E-05    0.590789E-06
 7.28753   -0.583314E-05   -0.521736E-05    0.509995E-06
 7.30555   -0.580978E-05   -0.519476E-05    0.429769E-06
 7.32358   -0.578654E-05   -0.517223E-05    0.350092E-06
 7.34160   -0.576342E-05   -0.514977E-05    0.270954E-06
 7.35963   -0.574041E-05   -0.512738E-05    0.192361E-06
 7.37766   -0.571753E-05   -0.510505E-05    0.114307E-06
 7.39568   -0.569475E-05   -0.508280E-05    0.367933E-07
 7.41371   -0.567209E-05   -0.506062E-05   -0.401741E-07
 7.43173   -0.564954E-05   -0.503852E-05   -0.116614E-06
 7.44976   -0.562710E-05   -0.501648E-05   -0.192514E-06
 7.46779   -0.560476E-05   -0.499452E-05   -0.267874E-06
 7.48581   -0.558253E-05   -0.497263E-05   -0.342694E-06
 7.50384   -0.556041E-05   -0.495081E-05   -0.416981E-06
 7.52186   -0.553839E-05   -0.492906E-05   -0.490728E-06
 7.53989   -0.551647E-05   -0.490739E-05   -0.563956E-06
 7.55792   -0.549465E-05   -0.488580E-05   -0.636656E-06
 7.57594   -0.547292E-05   -0.486428E-05   -0.708831E-06
 7.59397   -0.545130E-05   -0.484283E-05   -0.780482E-06
 7.61199   -0.542977E-05   -0.482145E-05   -0.851619E-06
 7.63002   -0.540834E-05   -0.480016E-05   -0.922244E-06
 7.64805   -0.538700E-05   -0.477893E-05   -0.992324E-06
 7.66607   -0.536576E-05   -0.475778E-05   -0.106190E-05
 7.68410   -0.534461E-05   -0.473671E-05   -0.113097E-05
 7.70212   -0.532354E-05   -0.471571E-05   -0.119952E-05
 7.72015   -0.530258E-05   -0.469479E-05   -0.126756E-05
 7.73818   -0.528170E-05   -0.467394E-05   -0.133511E-05
 7.75620   -0.526090E-05   -0.465317E-05   -0.140215E-05
 7.77423   -0.524020E-05   -0.463247E-05   -0.146868E-05
 7.79225   -0.521959E-05   -0.461184E-05   -0.153470E-05
 7.81028   -0.519907E-05   -0.459129E-05   -0.160024E-05
 7.82831   -0.517863E-05   -0.457081E-05   -0.166527E-05
 7.84633   -0.515828E-05   -0.455041E-05   -0.172981E-05
 7.86436   -0.513802E-05   -0.453008E-05   -0.179387E-05
 7.88238   -0.511785E-05   -0.450982E-05   -0.185743E-05
 7.90041   -0.509776E-05   -0.448964E-05   -0.192051E-05
 7.91844   -0.507777E-05   -0.446953E-05   -0.198310E-05
 7.93646   -0.505786E-05   -0.444949E-05   -0.204521E-05
 7.95449   -0.503803E-05   -0.442952E-05   -0.210684E-05
 7.97252   -0.501829E-05   -0.440963E-05   -0.216799E-05
 7.99054   -0.499864E-05   -0.438980E-05   -0.222867E-05
 8.00857   -0.497908E-05   -0.437005E-05   -0.228887E-05
 8.02659   -0.495960E-05   -0.435036E-05   -0.234860E-05
 8.04462   -0.494021E-05   -0.433075E-05   -0.240787E-05
 8.06265   -0.492091E-05   -0.431121E-05   -0.246667E-05
 8.08067   -0.490169E-05   -0.429173E-05   -0.252500E-05
 8.09870   -0.488256E-05   -0.427232E-05   -0.258288E-05
 8.11672   -0.486352E-05   -0.425299E-05   -0.264028E-05
 8.13475   -0.484456E-05   -0.423372E-05   -0.269724E-05
 8.15278   -0.482569E-05   -0.421451E-05   -0.275374E-05
 8.17080   -0.480691E-05   -0.419538E-05   -0.280980E-05
 8.18883   -0.478821E-05   -0.417631E-05   -0.286540E-05
 8.20685   -0.476961E-05   -0.415731E-05   -0.292055E-05
 8.22488   -0.475108E-05   -0.413837E-05   -0.297526E-05
 8.24291   -0.473265E-05   -0.411950E-05   -0.302953E-05
 8.26093   -0.471430E-05   -0.410070E-05   -0.308338E-05
 8.27896   -0.469604E-05   -0.408196E-05   -0.313674E-05
 8.29698   -0.467787E-05   -0.406328E-05   -0.318969E-05
 8.31501   -0.465978E-05   -0.404467E-05   -0.324220E-05
 8.33304   -0.464178E-05   -0.402612E-05   -0.329431E-05
 8.35106   -0.462387E-05   -0.400764E-05   -0.334595E-05
 8.36909   -0.460604E-05   -0.398922E-05   -0.339718E-05
 8.38711   -0.458830E-05   -0.397086E-05   -0.344797E-05
 8.40514   -0.457065E-05   -0.395257E-05   -0.349835E-05
 8.42317   -0.455308E-05   -0.393433E-05   -0.354828E-05
 8.44119   -0.453560E-05   -0.391616E-05   -0.359785E-05
 8.45922   -0.451821E-05   -0.389806E-05   -0.364696E-05
 8.47724   -0.450090E-05   -0.388001E-05   -0.369567E-05
 8.49527   -0.448367E-05   -0.386203E-05   -0.374396E-05
 8.51330   -0.446653E-05   -0.384410E-05   -0.379184E-05
 8.53132   -0.444948E-05   -0.382624E-05   -0.383931E-05
 8.54935   -0.443251E-05   -0.380843E-05   -0.388638E-05
 8.56737   -0.441563E-05   -0.379069E-05   -0.393304E-05
 8.58540   -0.439883E-05   -0.377301E-05   -0.397930E-05
 8.60343   -0.438212E-05   -0.375539E-05   -0.402515E-05
 8.62145   -0.436549E-05   -0.373782E-05   -0.407062E-05
 8.63948   -0.434894E-05   -0.372032E-05   -0.411568E-05
 8.65751   -0.433248E-05   -0.370288E-05   -0.416035E-05
 8.67553   -0.431610E-05   -0.368550E-05   -0.420463E-05
 8.69356   -0.429980E-05   -0.366817E-05   -0.424853E-05
 8.71158   -0.428359E-05   -0.365090E-05   -0.429203E-05
 8.72961   -0.426745E-05   -0.363370E-05   -0.433514E-05
 8.74764   -0.425140E-05   -0.361655E-05   -0.437787E-05
 8.76566   -0.423543E-05   -0.359946E-05   -0.442022E-05
 8.78369   -0.421954E-05   -0.358243E-05   -0.446219E-05
 8.80171   -0.420373E-05   -0.356545E-05   -0.450377E-05
 8.81974   -0.418800E-05   -0.354854E-05   -0.454498E-05
 8.83777   -0.417234E-05   -0.353168E-05   -0.458581E-05
 8.85579   -0.415677E-05   -0.351488E-05   -0.462629E-05
 8.87382   -0.414127E-05   -0.349814E-05   -0.466637E-05
 8.89184   -0.412586E-05   -0.348146E-05   -0.470609E-05
 8.90987   -0.411051E-05   -0.346483E-05   -0.474545E-05
 8.92790   -0.409525E-05   -0.344826E-05   -0.478446E-05
 8.94592   -0.408007E-05   -0.343175E-05   -0.482309E-05
 8.96395   -0.406496E-05   -0.341529E-05   -0.486136E-05
 8.98197   -0.404993E-05   -0.339889E-05   -0.489927E-05
 9.00000   -0.403497E-05   -0.338255E-05   -0.493682E-05
