 0.00500    0.413761E-01   -0.205046E-01    0.151033E-01
 0.02303    0.337295E-01   -0.166815E-01    0.122358E-01
 0.04105    0.292739E-01   -0.144535E-01    0.105646E-01
 0.05908    0.260403E-01   -0.128367E-01    0.935190E-02
 0.07710    0.234999E-01   -0.115661E-01    0.839907E-02
 0.09513    0.214161E-01   -0.105241E-01    0.761747E-02
 0.11316    0.196583E-01   -0.964514E-02    0.695828E-02
 0.13118    0.181464E-01   -0.888912E-02    0.639122E-02
 0.14921    0.168272E-01   -0.822937E-02    0.589639E-02
 0.16723    0.156630E-01   -0.764716E-02    0.545974E-02
 0.18526    0.146261E-01   -0.712864E-02    0.507090E-02
 0.20329    0.136959E-01   -0.666342E-02    0.472208E-02
 0.22131    0.128560E-01   -0.624341E-02    0.440720E-02
 0.23934    0.120938E-01   -0.586228E-02    0.412146E-02
 0.25736    0.113987E-01   -0.551469E-02    0.386097E-02
 0.27539    0.107624E-01   -0.519648E-02    0.362256E-02
 0.29342    0.101778E-01   -0.490412E-02    0.340359E-02
 0.31144    0.963899E-02   -0.463466E-02    0.320182E-02
 0.32947    0.914093E-02   -0.438560E-02    0.301540E-02
 0.34749    0.867938E-02   -0.415481E-02    0.284271E-02
 0.36552    0.825063E-02   -0.394043E-02    0.268239E-02
 0.38355    0.785148E-02   -0.374087E-02    0.253321E-02
 0.40157    0.747913E-02   -0.355472E-02    0.239414E-02
 0.41960    0.713115E-02   -0.338077E-02    0.226426E-02
 0.43763    0.680538E-02   -0.321794E-02    0.214276E-02
 0.45565    0.649991E-02   -0.306528E-02    0.202893E-02
 0.47368    0.621304E-02   -0.292193E-02    0.192211E-02
 0.49170    0.594327E-02   -0.278714E-02    0.182176E-02
 0.50973    0.568922E-02   -0.266024E-02    0.172736E-02
 0.52776    0.544967E-02   -0.254059E-02    0.163844E-02
 0.54578    0.522353E-02   -0.242767E-02    0.155459E-02
 0.56381    0.500981E-02   -0.232096E-02    0.147545E-02
 0.58183    0.480760E-02   -0.222004E-02    0.140068E-02
 0.59986    0.461610E-02   -0.212447E-02    0.132996E-02
 0.61789    0.443455E-02   -0.203390E-02    0.126302E-02
 0.63591    0.426227E-02   -0.194797E-02    0.119960E-02
 0.65394    0.409865E-02   -0.186639E-02    0.113946E-02
 0.67196    0.394312E-02   -0.178886E-02    0.108240E-02
 0.68999    0.379516E-02   -0.171514E-02    0.102822E-02
 0.70802    0.365429E-02   -0.164497E-02    0.976731E-03
 0.72604    0.352007E-02   -0.157814E-02    0.927777E-03
 0.74407    0.339210E-02   -0.151445E-02    0.881200E-03
 0.76209    0.326999E-02   -0.145370E-02    0.836859E-03
 0.78012    0.315341E-02   -0.139572E-02    0.794623E-03
 0.79815    0.304202E-02   -0.134036E-02    0.754372E-03
 0.81617    0.293555E-02   -0.128746E-02    0.715992E-03
 0.83420    0.283370E-02   -0.123688E-02    0.679380E-03
 0.85222    0.273622E-02   -0.118851E-02    0.644436E-03
 0.87025    0.264287E-02   -0.114221E-02    0.611073E-03
 0.88828    0.255344E-02   -0.109788E-02    0.579204E-03
 0.90630    0.246772E-02   -0.105542E-02    0.548752E-03
 0.92433    0.238551E-02   -0.101471E-02    0.519643E-03
 0.94235    0.230662E-02   -0.975690E-03    0.491809E-03
 0.96038    0.223090E-02   -0.938254E-03    0.465184E-03
 0.97841    0.215819E-02   -0.902329E-03    0.439709E-03
 0.99643    0.208832E-02   -0.867840E-03    0.415326E-03
 1.01446    0.202117E-02   -0.834717E-03    0.391982E-03
 1.03248    0.195660E-02   -0.802895E-03    0.369628E-03
 1.05051    0.189450E-02   -0.772312E-03    0.348218E-03
 1.06854    0.183474E-02   -0.742912E-03    0.327705E-03
 1.08656    0.177722E-02   -0.714638E-03    0.308049E-03
 1.10459    0.172183E-02   -0.687439E-03    0.289210E-03
 1.12262    0.166848E-02   -0.661266E-03    0.271152E-03
 1.14064    0.161707E-02   -0.636072E-03    0.253838E-03
 1.15867    0.156752E-02   -0.611816E-03    0.237236E-03
 1.17669    0.151975E-02   -0.588454E-03    0.221314E-03
 1.19472    0.147368E-02   -0.565949E-03    0.206043E-03
 1.21275    0.142924E-02   -0.544265E-03    0.191395E-03
 1.23077    0.138635E-02   -0.523366E-03    0.177342E-03
 1.24880    0.134496E-02   -0.503221E-03    0.163861E-03
 1.26682    0.130500E-02   -0.483796E-03    0.150927E-03
 1.28485    0.126641E-02   -0.465063E-03    0.138516E-03
 1.30288    0.122911E-02   -0.446993E-03    0.126608E-03
 1.32090    0.119310E-02   -0.429560E-03    0.115181E-03
 1.33893    0.115830E-02   -0.412738E-03    0.104217E-03
 1.35695    0.112466E-02   -0.396502E-03    0.936956E-04
 1.37498    0.109214E-02   -0.380831E-03    0.836004E-04
 1.39301    0.106069E-02   -0.365702E-03    0.739140E-04
 1.41103    0.103028E-02   -0.351093E-03    0.646201E-04
 1.42906    0.100085E-02   -0.336983E-03    0.557030E-04
 1.44708    0.972386E-03   -0.323356E-03    0.471483E-04
 1.46511    0.944836E-03   -0.310192E-03    0.389419E-04
 1.48314    0.918170E-03   -0.297473E-03    0.310705E-04
 1.50116    0.892356E-03   -0.285185E-03    0.235212E-04
 1.51919    0.867362E-03   -0.273311E-03    0.162821E-04
 1.53721    0.843159E-03   -0.261835E-03    0.934150E-05
 1.55524    0.819718E-03   -0.250744E-03    0.268846E-05
 1.57327    0.797011E-03   -0.240023E-03   -0.368824E-05
 1.59129    0.775013E-03   -0.229659E-03   -0.979878E-05
 1.60932    0.753699E-03   -0.219641E-03   -0.156528E-04
 1.62734    0.733041E-03   -0.209955E-03   -0.212595E-04
 1.64537    0.713022E-03   -0.200589E-03   -0.266280E-04
 1.66340    0.693619E-03   -0.191534E-03   -0.317667E-04
 1.68142    0.674809E-03   -0.182778E-03   -0.366841E-04
 1.69945    0.656574E-03   -0.174312E-03   -0.413875E-04
 1.71747    0.638894E-03   -0.166126E-03   -0.458848E-04
 1.73550    0.621751E-03   -0.158210E-03   -0.501828E-04
 1.75353    0.605127E-03   -0.150556E-03   -0.542887E-04
 1.77155    0.589005E-03   -0.143156E-03   -0.582088E-04
 1.78958    0.573371E-03   -0.136000E-03   -0.619497E-04
 1.80761    0.558207E-03   -0.129082E-03   -0.655170E-04
 1.82563    0.543501E-03   -0.122394E-03   -0.689173E-04
 1.84366    0.529237E-03   -0.115928E-03   -0.721549E-04
 1.86168    0.515402E-03   -0.109679E-03   -0.752351E-04
 1.87971    0.501985E-03   -0.103639E-03   -0.781640E-04
 1.89774    0.488972E-03   -0.978034E-04   -0.809455E-04
 1.91576    0.476352E-03   -0.921650E-04   -0.835854E-04
 1.93379    0.464114E-03   -0.867186E-04   -0.860866E-04
 1.95181    0.452247E-03   -0.814590E-04   -0.884536E-04
 1.96984    0.440742E-03   -0.763811E-04   -0.906901E-04
 1.98787    0.429589E-03   -0.714798E-04   -0.928008E-04
 2.00589    0.418779E-03   -0.667508E-04   -0.947886E-04
 2.02392    0.408304E-03   -0.621897E-04   -0.966569E-04
 2.04194    0.398156E-03   -0.577927E-04   -0.984088E-04
 2.05997    0.388326E-03   -0.535558E-04   -0.100047E-03
 2.07800    0.378809E-03   -0.494755E-04   -0.101575E-03
 2.09602    0.369598E-03   -0.455484E-04   -0.102995E-03
 2.11405    0.360686E-03   -0.417714E-04   -0.104309E-03
 2.13207    0.352068E-03   -0.381414E-04   -0.105521E-03
 2.15010    0.343738E-03   -0.346557E-04   -0.106631E-03
 2.16813    0.335691E-03   -0.313115E-04   -0.107642E-03
 2.18615    0.327922E-03   -0.281065E-04   -0.108556E-03
 2.20418    0.320427E-03   -0.250383E-04   -0.109374E-03
 2.22220    0.313202E-03   -0.221044E-04   -0.110100E-03
 2.24023    0.306241E-03   -0.193030E-04   -0.110733E-03
 2.25826    0.299541E-03   -0.166322E-04   -0.111276E-03
 2.27628    0.293099E-03   -0.140896E-04   -0.111731E-03
 2.29431    0.286912E-03   -0.116737E-04   -0.112097E-03
 2.31233    0.280974E-03   -0.938244E-05   -0.112379E-03
 2.33036    0.275282E-03   -0.721394E-05   -0.112576E-03
 2.34839    0.269833E-03   -0.516622E-05   -0.112690E-03
 2.36641    0.264622E-03   -0.323738E-05   -0.112722E-03
 2.38444    0.259646E-03   -0.142538E-05   -0.112675E-03
 2.40246    0.254902E-03    0.272009E-06   -0.112549E-03
 2.42049    0.250383E-03    0.185709E-05   -0.112348E-03
 2.43852    0.246085E-03    0.333232E-05   -0.112073E-03
 2.45654    0.242003E-03    0.470033E-05   -0.111724E-03
 2.47457    0.238134E-03    0.596426E-05   -0.111305E-03
 2.49260    0.234466E-03    0.712711E-05   -0.110818E-03
 2.51062    0.230994E-03    0.819250E-05   -0.110267E-03
 2.52865    0.227713E-03    0.916416E-05   -0.109653E-03
 2.54667    0.224612E-03    0.100462E-04   -0.108979E-03
 2.56470    0.221684E-03    0.108432E-04   -0.108249E-03
 2.58273    0.218918E-03    0.115600E-04   -0.107467E-03
 2.60075    0.216305E-03    0.122019E-04   -0.106637E-03
 2.61878    0.213833E-03    0.127746E-04   -0.105765E-03
 2.63680    0.211490E-03    0.132837E-04   -0.104852E-03
 2.65483    0.209264E-03    0.137363E-04   -0.103905E-03
 2.67286    0.207141E-03    0.141382E-04   -0.102928E-03
 2.69088    0.205108E-03    0.144969E-04   -0.101928E-03
 2.70891    0.203149E-03    0.148199E-04   -0.100908E-03
 2.72693    0.201249E-03    0.151147E-04   -0.998756E-04
 2.74496    0.199394E-03    0.153890E-04   -0.988363E-04
 2.76299    0.197567E-03    0.156509E-04   -0.977952E-04
 2.78101    0.195752E-03    0.159086E-04   -0.967597E-04
 2.79904    0.193933E-03    0.161699E-04   -0.957348E-04
 2.81706    0.192094E-03    0.164434E-04   -0.947280E-04
 2.83509    0.190218E-03    0.167368E-04   -0.937442E-04
 2.85312    0.188290E-03    0.170585E-04   -0.927896E-04
 2.87114    0.186294E-03    0.174158E-04   -0.918704E-04
 2.88917    0.184216E-03    0.178166E-04   -0.909922E-04
 2.90719    0.182040E-03    0.182679E-04   -0.901602E-04
 2.92522    0.179755E-03    0.187762E-04   -0.893795E-04
 2.94325    0.177347E-03    0.193480E-04   -0.886547E-04
 2.96127    0.174806E-03    0.199889E-04   -0.879903E-04
 2.97930    0.172121E-03    0.207039E-04   -0.873898E-04
 2.99732    0.169284E-03    0.214974E-04   -0.868567E-04
 3.01535    0.166286E-03    0.223734E-04   -0.863939E-04
 3.03338    0.163122E-03    0.233346E-04   -0.860039E-04
 3.05140    0.159788E-03    0.243836E-04   -0.856878E-04
 3.06943    0.156280E-03    0.255219E-04   -0.854473E-04
 3.08745    0.152597E-03    0.267500E-04   -0.852828E-04
 3.10548    0.148740E-03    0.280681E-04   -0.851943E-04
 3.12351    0.144709E-03    0.294752E-04   -0.851813E-04
 3.14153    0.140509E-03    0.309701E-04   -0.852422E-04
 3.15956    0.136144E-03    0.325500E-04   -0.853758E-04
 3.17759    0.131620E-03    0.342120E-04   -0.855798E-04
 3.19561    0.126944E-03    0.359530E-04   -0.858510E-04
 3.21364    0.122124E-03    0.377682E-04   -0.861862E-04
 3.23166    0.117171E-03    0.396528E-04   -0.865823E-04
 3.24969    0.112096E-03    0.416017E-04   -0.870353E-04
 3.26772    0.106908E-03    0.436090E-04   -0.875405E-04
 3.28574    0.101623E-03    0.456686E-04   -0.880935E-04
 3.30377    0.962513E-04    0.477739E-04   -0.886892E-04
 3.32179    0.908077E-04    0.499181E-04   -0.893226E-04
 3.33982    0.853056E-04    0.520946E-04   -0.899887E-04
 3.35785    0.797588E-04    0.542963E-04   -0.906821E-04
 3.37587    0.741814E-04    0.565161E-04   -0.913974E-04
 3.39390    0.685879E-04    0.587468E-04   -0.921296E-04
 3.41192    0.629922E-04    0.609819E-04   -0.928733E-04
 3.42995    0.574077E-04    0.632142E-04   -0.936233E-04
 3.44798    0.518478E-04    0.654372E-04   -0.943747E-04
 3.46600    0.463256E-04    0.676443E-04   -0.951225E-04
 3.48403    0.408534E-04    0.698295E-04   -0.958621E-04
 3.50205    0.354429E-04    0.719868E-04   -0.965891E-04
 3.52008    0.301052E-04    0.741107E-04   -0.972993E-04
 3.53811    0.248507E-04    0.761961E-04   -0.979888E-04
 3.55613    0.196889E-04    0.782378E-04   -0.986539E-04
 3.57416    0.146287E-04    0.802321E-04   -0.992914E-04
 3.59218    0.967796E-05    0.821746E-04   -0.998981E-04
 3.61021    0.484393E-05    0.840617E-04   -0.100472E-03
 3.62824    0.133105E-06    0.858904E-04   -0.101009E-03
 3.64626   -0.444897E-05    0.876576E-04   -0.101508E-03
 3.66429   -0.889741E-05    0.893611E-04   -0.101968E-03
 3.68231   -0.132083E-04    0.909987E-04   -0.102387E-03
 3.70034   -0.173782E-04    0.925693E-04   -0.102762E-03
 3.71837   -0.214048E-04    0.940709E-04   -0.103094E-03
 3.73639   -0.252863E-04    0.955028E-04   -0.103382E-03
 3.75442   -0.290216E-04    0.968645E-04   -0.103625E-03
 3.77244   -0.326099E-04    0.981563E-04   -0.103823E-03
 3.79047   -0.360514E-04    0.993776E-04   -0.103976E-03
 3.80850   -0.393467E-04    0.100529E-03   -0.104084E-03
 3.82652   -0.424967E-04    0.101610E-03   -0.104147E-03
 3.84455   -0.455029E-04    0.102622E-03   -0.104167E-03
 3.86258   -0.483672E-04    0.103567E-03   -0.104143E-03
 3.88060   -0.510918E-04    0.104445E-03   -0.104076E-03
 3.89863   -0.536793E-04    0.105257E-03   -0.103967E-03
 3.91665   -0.561326E-04    0.106004E-03   -0.103818E-03
 3.93468   -0.584547E-04    0.106690E-03   -0.103630E-03
 3.95271   -0.606490E-04    0.107314E-03   -0.103403E-03
 3.97073   -0.627190E-04    0.107879E-03   -0.103139E-03
 3.98876   -0.646683E-04    0.108387E-03   -0.102839E-03
 4.00678   -0.665006E-04    0.108839E-03   -0.102504E-03
 4.02481   -0.682195E-04    0.109237E-03   -0.102137E-03
 4.04284   -0.698293E-04    0.109584E-03   -0.101737E-03
 4.06086   -0.713335E-04    0.109881E-03   -0.101308E-03
 4.07889   -0.727362E-04    0.110130E-03   -0.100849E-03
 4.09691   -0.740413E-04    0.110332E-03   -0.100363E-03
 4.11494   -0.752525E-04    0.110491E-03   -0.998515E-04
 4.13297   -0.763738E-04    0.110608E-03   -0.993147E-04
 4.15099   -0.774089E-04    0.110685E-03   -0.987547E-04
 4.16902   -0.783616E-04    0.110723E-03   -0.981726E-04
 4.18704   -0.792354E-04    0.110724E-03   -0.975698E-04
 4.20507   -0.800341E-04    0.110691E-03   -0.969476E-04
 4.22310   -0.807609E-04    0.110624E-03   -0.963073E-04
 4.24112   -0.814195E-04    0.110527E-03   -0.956499E-04
 4.25915   -0.820129E-04    0.110399E-03   -0.949768E-04
 4.27717   -0.825444E-04    0.110243E-03   -0.942890E-04
 4.29520   -0.830170E-04    0.110061E-03   -0.935877E-04
 4.31323   -0.834337E-04    0.109853E-03   -0.928738E-04
 4.33125   -0.837973E-04    0.109621E-03   -0.921484E-04
 4.34928   -0.841105E-04    0.109367E-03   -0.914124E-04
 4.36730   -0.843761E-04    0.109092E-03   -0.906668E-04
 4.38533   -0.845964E-04    0.108797E-03   -0.899124E-04
 4.40336   -0.847741E-04    0.108483E-03   -0.891502E-04
 4.42138   -0.849112E-04    0.108151E-03   -0.883808E-04
 4.43941   -0.850101E-04    0.107803E-03   -0.876051E-04
 4.45743   -0.850729E-04    0.107440E-03   -0.868238E-04
 4.47546   -0.851015E-04    0.107062E-03   -0.860376E-04
 4.49349   -0.850979E-04    0.106670E-03   -0.852470E-04
 4.51151   -0.850639E-04    0.106266E-03   -0.844529E-04
 4.52954   -0.850013E-04    0.105850E-03   -0.836557E-04
 4.54757   -0.849116E-04    0.105423E-03   -0.828560E-04
 4.56559   -0.847964E-04    0.104986E-03   -0.820544E-04
 4.58362   -0.846571E-04    0.104540E-03   -0.812513E-04
 4.60164   -0.844956E-04    0.104084E-03   -0.804472E-04
 4.61967   -0.843127E-04    0.103621E-03   -0.796426E-04
 4.63770   -0.841099E-04    0.103150E-03   -0.788378E-04
 4.65572   -0.838881E-04    0.102672E-03   -0.780333E-04
 4.67375   -0.836492E-04    0.102188E-03   -0.772294E-04
 4.69177   -0.833936E-04    0.101697E-03   -0.764265E-04
 4.70980   -0.831225E-04    0.101202E-03   -0.756250E-04
 4.72783   -0.828370E-04    0.100702E-03   -0.748250E-04
 4.74585   -0.825378E-04    0.100197E-03   -0.740268E-04
 4.76388   -0.822260E-04    0.996885E-04   -0.732308E-04
 4.78190   -0.819023E-04    0.991763E-04   -0.724372E-04
 4.79993   -0.815676E-04    0.986608E-04   -0.716460E-04
 4.81796   -0.812225E-04    0.981426E-04   -0.708578E-04
 4.83598   -0.808678E-04    0.976218E-04   -0.700725E-04
 4.85401   -0.805043E-04    0.970988E-04   -0.692904E-04
 4.87203   -0.801323E-04    0.965740E-04   -0.685117E-04
 4.89006   -0.797528E-04    0.960475E-04   -0.677365E-04
 4.90809   -0.793659E-04    0.955198E-04   -0.669648E-04
 4.92611   -0.789727E-04    0.949909E-04   -0.661970E-04
 4.94414   -0.785733E-04    0.944613E-04   -0.654331E-04
 4.96216   -0.781683E-04    0.939311E-04   -0.646733E-04
 4.98019   -0.777582E-04    0.934005E-04   -0.639177E-04
 4.99822   -0.773433E-04    0.928696E-04   -0.631664E-04
 5.01624   -0.769243E-04    0.923389E-04   -0.624196E-04
 5.03427   -0.765014E-04    0.918083E-04   -0.616775E-04
 5.05229   -0.760749E-04    0.912781E-04   -0.609399E-04
 5.07032   -0.756452E-04    0.907484E-04   -0.602072E-04
 5.08835   -0.752126E-04    0.902193E-04   -0.594795E-04
 5.10637   -0.747776E-04    0.896911E-04   -0.587568E-04
 5.12440   -0.743403E-04    0.891639E-04   -0.580394E-04
 5.14242   -0.739011E-04    0.886377E-04   -0.573272E-04
 5.16045   -0.734601E-04    0.881128E-04   -0.566205E-04
 5.17848   -0.730177E-04    0.875891E-04   -0.559192E-04
 5.19650   -0.725742E-04    0.870669E-04   -0.552235E-04
 5.21453   -0.721297E-04    0.865462E-04   -0.545333E-04
 5.23256   -0.716844E-04    0.860271E-04   -0.538488E-04
 5.25058   -0.712386E-04    0.855097E-04   -0.531701E-04
 5.26861   -0.707923E-04    0.849940E-04   -0.524971E-04
 5.28663   -0.703460E-04    0.844803E-04   -0.518299E-04
 5.30466   -0.698996E-04    0.839685E-04   -0.511684E-04
 5.32269   -0.694534E-04    0.834587E-04   -0.505126E-04
 5.34071   -0.690076E-04    0.829509E-04   -0.498626E-04
 5.35874   -0.685623E-04    0.824454E-04   -0.492182E-04
 5.37676   -0.681175E-04    0.819418E-04   -0.485794E-04
 5.39479   -0.676736E-04    0.814409E-04   -0.479462E-04
 5.41282   -0.672307E-04    0.809421E-04   -0.473186E-04
 5.43084   -0.667888E-04    0.804457E-04   -0.466965E-04
 5.44887   -0.663481E-04    0.799518E-04   -0.460797E-04
 5.46689   -0.659087E-04    0.794603E-04   -0.454683E-04
 5.48492   -0.654708E-04    0.789713E-04   -0.448623E-04
 5.50295   -0.650344E-04    0.784849E-04   -0.442616E-04
 5.52097   -0.645997E-04    0.780011E-04   -0.436661E-04
 5.53900   -0.641666E-04    0.775200E-04   -0.430759E-04
 5.55702   -0.637357E-04    0.770416E-04   -0.424909E-04
 5.57505   -0.633066E-04    0.765659E-04   -0.419111E-04
 5.59308   -0.628797E-04    0.760930E-04   -0.413364E-04
 5.61110   -0.624549E-04    0.756228E-04   -0.407669E-04
 5.62913   -0.620324E-04    0.751557E-04   -0.402026E-04
 5.64715   -0.616123E-04    0.746914E-04   -0.396435E-04
 5.66518   -0.611946E-04    0.742300E-04   -0.390895E-04
 5.68321   -0.607795E-04    0.737715E-04   -0.385408E-04
 5.70123   -0.603670E-04    0.733160E-04   -0.379972E-04
 5.71926   -0.599572E-04    0.728634E-04   -0.374588E-04
 5.73728   -0.595501E-04    0.724139E-04   -0.369256E-04
 5.75531   -0.591459E-04    0.719675E-04   -0.363977E-04
 5.77334   -0.587446E-04    0.715242E-04   -0.358749E-04
 5.79136   -0.583462E-04    0.710839E-04   -0.353573E-04
 5.80939   -0.579509E-04    0.706467E-04   -0.348450E-04
 5.82741   -0.575585E-04    0.702126E-04   -0.343378E-04
 5.84544   -0.571693E-04    0.697816E-04   -0.338358E-04
 5.86347   -0.567832E-04    0.693538E-04   -0.333390E-04
 5.88149   -0.564002E-04    0.689291E-04   -0.328472E-04
 5.89952   -0.560205E-04    0.685074E-04   -0.323606E-04
 5.91755   -0.556439E-04    0.680890E-04   -0.318791E-04
 5.93557   -0.552705E-04    0.676737E-04   -0.314026E-04
 5.95360   -0.549003E-04    0.672614E-04   -0.309311E-04
 5.97162   -0.545333E-04    0.668522E-04   -0.304646E-04
 5.98965   -0.541695E-04    0.664462E-04   -0.300031E-04
 6.00768   -0.538090E-04    0.660432E-04   -0.295464E-04
 6.02570   -0.534516E-04    0.656433E-04   -0.290945E-04
 6.04373   -0.530973E-04    0.652465E-04   -0.286474E-04
 6.06175   -0.527462E-04    0.648527E-04   -0.282051E-04
 6.07978   -0.523982E-04    0.644618E-04   -0.277675E-04
 6.09781   -0.520531E-04    0.640739E-04   -0.273345E-04
 6.11583   -0.517112E-04    0.636888E-04   -0.269062E-04
 6.13386   -0.513722E-04    0.633067E-04   -0.264824E-04
 6.15188   -0.510361E-04    0.629275E-04   -0.260631E-04
 6.16991   -0.507029E-04    0.625510E-04   -0.256483E-04
 6.18794   -0.503724E-04    0.621774E-04   -0.252378E-04
 6.20596   -0.500447E-04    0.618064E-04   -0.248316E-04
 6.22399   -0.497197E-04    0.614382E-04   -0.244297E-04
 6.24201   -0.493971E-04    0.610725E-04   -0.240321E-04
 6.26004   -0.490772E-04    0.607095E-04   -0.236385E-04
 6.27807   -0.487597E-04    0.603491E-04   -0.232491E-04
 6.29609   -0.484446E-04    0.599912E-04   -0.228638E-04
 6.31412   -0.481317E-04    0.596357E-04   -0.224824E-04
 6.33214   -0.478212E-04    0.592827E-04   -0.221050E-04
 6.35017   -0.475128E-04    0.589320E-04   -0.217314E-04
 6.36820   -0.472066E-04    0.585837E-04   -0.213616E-04
 6.38622   -0.469023E-04    0.582376E-04   -0.209957E-04
 6.40425   -0.465999E-04    0.578938E-04   -0.206334E-04
 6.42227   -0.462996E-04    0.575523E-04   -0.202748E-04
 6.44030   -0.460010E-04    0.572128E-04   -0.199197E-04
 6.45833   -0.457042E-04    0.568756E-04   -0.195683E-04
 6.47635   -0.454090E-04    0.565403E-04   -0.192203E-04
 6.49438   -0.451156E-04    0.562072E-04   -0.188758E-04
 6.51240   -0.448238E-04    0.558760E-04   -0.185346E-04
 6.53043   -0.445334E-04    0.555469E-04   -0.181969E-04
 6.54846   -0.442446E-04    0.552197E-04   -0.178624E-04
 6.56648   -0.439573E-04    0.548944E-04   -0.175313E-04
 6.58451   -0.436715E-04    0.545710E-04   -0.172033E-04
 6.60254   -0.433870E-04    0.542494E-04   -0.168785E-04
 6.62056   -0.431038E-04    0.539298E-04   -0.165568E-04
 6.63859   -0.428220E-04    0.536119E-04   -0.162383E-04
 6.65661   -0.425415E-04    0.532958E-04   -0.159228E-04
 6.67464   -0.422623E-04    0.529815E-04   -0.156104E-04
 6.69267   -0.419842E-04    0.526689E-04   -0.153010E-04
 6.71069   -0.417075E-04    0.523581E-04   -0.149945E-04
 6.72872   -0.414321E-04    0.520491E-04   -0.146910E-04
 6.74674   -0.411578E-04    0.517417E-04   -0.143904E-04
 6.76477   -0.408848E-04    0.514361E-04   -0.140927E-04
 6.78280   -0.406129E-04    0.511322E-04   -0.137978E-04
 6.80082   -0.403423E-04    0.508299E-04   -0.135058E-04
 6.81885   -0.400730E-04    0.505294E-04   -0.132166E-04
 6.83687   -0.398049E-04    0.502305E-04   -0.129302E-04
 6.85490   -0.395380E-04    0.499334E-04   -0.126466E-04
 6.87293   -0.392724E-04    0.496379E-04   -0.123657E-04
 6.89095   -0.390082E-04    0.493440E-04   -0.120876E-04
 6.90898   -0.387451E-04    0.490519E-04   -0.118122E-04
 6.92700   -0.384833E-04    0.487614E-04   -0.115394E-04
 6.94503   -0.382228E-04    0.484727E-04   -0.112694E-04
 6.96306   -0.379637E-04    0.481855E-04   -0.110021E-04
 6.98108   -0.377059E-04    0.479001E-04   -0.107372E-04
 6.99911   -0.374494E-04    0.476163E-04   -0.104751E-04
 7.01713   -0.371943E-04    0.473342E-04   -0.102156E-04
 7.03516   -0.369405E-04    0.470538E-04   -0.995874E-05
 7.05319   -0.366883E-04    0.467750E-04   -0.970442E-05
 7.07121   -0.364373E-04    0.464979E-04   -0.945265E-05
 7.08924   -0.361877E-04    0.462225E-04   -0.920343E-05
 7.10726   -0.359397E-04    0.459487E-04   -0.895675E-05
 7.12529   -0.356930E-04    0.456766E-04   -0.871258E-05
 7.14332   -0.354479E-04    0.454062E-04   -0.847091E-05
 7.16134   -0.352040E-04    0.451375E-04   -0.823173E-05
 7.17937   -0.349618E-04    0.448704E-04   -0.799500E-05
 7.19739   -0.347211E-04    0.446050E-04   -0.776073E-05
 7.21542   -0.344817E-04    0.443412E-04   -0.752889E-05
 7.23345   -0.342441E-04    0.440787E-04   -0.729948E-05
 7.25147   -0.340079E-04    0.438182E-04   -0.707247E-05
 7.26950   -0.337731E-04    0.435595E-04   -0.684784E-05
 7.28753   -0.335400E-04    0.433024E-04   -0.662559E-05
 7.30555   -0.333084E-04    0.430470E-04   -0.640569E-05
 7.32358   -0.330783E-04    0.427932E-04   -0.618811E-05
 7.34160   -0.328498E-04    0.425410E-04   -0.597287E-05
 7.35963   -0.326228E-04    0.422905E-04   -0.575995E-05
 7.37766   -0.323974E-04    0.420416E-04   -0.554930E-05
 7.39568   -0.321736E-04    0.417944E-04   -0.534092E-05
 7.41371   -0.319513E-04    0.415488E-04   -0.513480E-05
 7.43173   -0.317306E-04    0.413048E-04   -0.493092E-05
 7.44976   -0.315115E-04    0.410625E-04   -0.472926E-05
 7.46779   -0.312939E-04    0.408217E-04   -0.452980E-05
 7.48581   -0.310779E-04    0.405826E-04   -0.433254E-05
 7.50384   -0.308635E-04    0.403451E-04   -0.413743E-05
 7.52186   -0.306506E-04    0.401091E-04   -0.394449E-05
 7.53989   -0.304394E-04    0.398747E-04   -0.375369E-05
 7.55792   -0.302297E-04    0.396420E-04   -0.356499E-05
 7.57594   -0.300215E-04    0.394108E-04   -0.337841E-05
 7.59397   -0.298150E-04    0.391812E-04   -0.319392E-05
 7.61199   -0.296100E-04    0.389531E-04   -0.301149E-05
 7.63002   -0.294065E-04    0.387266E-04   -0.283112E-05
 7.64805   -0.292046E-04    0.385017E-04   -0.265277E-05
 7.66607   -0.290043E-04    0.382783E-04   -0.247646E-05
 7.68410   -0.288056E-04    0.380564E-04   -0.230216E-05
 7.70212   -0.286085E-04    0.378361E-04   -0.212984E-05
 7.72015   -0.284128E-04    0.376173E-04   -0.195950E-05
 7.73818   -0.282187E-04    0.374000E-04   -0.179110E-05
 7.75620   -0.280262E-04    0.371842E-04   -0.162466E-05
 7.77423   -0.278352E-04    0.369699E-04   -0.146013E-05
 7.79225   -0.276457E-04    0.367571E-04   -0.129751E-05
 7.81028   -0.274578E-04    0.365458E-04   -0.113679E-05
 7.82831   -0.272714E-04    0.363360E-04   -0.977942E-06
 7.84633   -0.270865E-04    0.361277E-04   -0.820952E-06
 7.86436   -0.269031E-04    0.359208E-04   -0.665806E-06
 7.88238   -0.267213E-04    0.357154E-04   -0.512489E-06
 7.90041   -0.265409E-04    0.355114E-04   -0.360982E-06
 7.91844   -0.263621E-04    0.353089E-04   -0.211271E-06
 7.93646   -0.261847E-04    0.351078E-04   -0.633392E-07
 7.95449   -0.260088E-04    0.349081E-04    0.828283E-07
 7.97252   -0.258344E-04    0.347098E-04    0.227240E-06
 7.99054   -0.256615E-04    0.345130E-04    0.369938E-06
 8.00857   -0.254900E-04    0.343175E-04    0.510908E-06
 8.02659   -0.253200E-04    0.341234E-04    0.650174E-06
 8.04462   -0.251514E-04    0.339307E-04    0.787762E-06
 8.06265   -0.249842E-04    0.337394E-04    0.923685E-06
 8.08067   -0.248185E-04    0.335494E-04    0.105796E-05
 8.09870   -0.246541E-04    0.333608E-04    0.119060E-05
 8.11672   -0.244912E-04    0.331735E-04    0.132161E-05
 8.13475   -0.243296E-04    0.329876E-04    0.145103E-05
 8.15278   -0.241694E-04    0.328029E-04    0.157885E-05
 8.17080   -0.240106E-04    0.326196E-04    0.170510E-05
 8.18883   -0.238531E-04    0.324375E-04    0.182980E-05
 8.20685   -0.236970E-04    0.322568E-04    0.195296E-05
 8.22488   -0.235421E-04    0.320773E-04    0.207460E-05
 8.24291   -0.233886E-04    0.318991E-04    0.219472E-05
 8.26093   -0.232364E-04    0.317221E-04    0.231336E-05
 8.27896   -0.230854E-04    0.315464E-04    0.243051E-05
 8.29698   -0.229358E-04    0.313719E-04    0.254620E-05
 8.31501   -0.227874E-04    0.311987E-04    0.266045E-05
 8.33304   -0.226403E-04    0.310266E-04    0.277327E-05
 8.35106   -0.224944E-04    0.308558E-04    0.288468E-05
 8.36909   -0.223496E-04    0.306861E-04    0.299468E-05
 8.38711   -0.222062E-04    0.305177E-04    0.310329E-05
 8.40514   -0.220639E-04    0.303504E-04    0.321053E-05
 8.42317   -0.219229E-04    0.301842E-04    0.331642E-05
 8.44119   -0.217829E-04    0.300193E-04    0.342096E-05
 8.45922   -0.216442E-04    0.298555E-04    0.352417E-05
 8.47724   -0.215067E-04    0.296928E-04    0.362607E-05
 8.49527   -0.213702E-04    0.295312E-04    0.372667E-05
 8.51330   -0.212349E-04    0.293708E-04    0.382598E-05
 8.53132   -0.211007E-04    0.292114E-04    0.392401E-05
 8.54935   -0.209677E-04    0.290532E-04    0.402079E-05
 8.56737   -0.208357E-04    0.288960E-04    0.411632E-05
 8.58540   -0.207048E-04    0.287399E-04    0.421062E-05
 8.60343   -0.205751E-04    0.285849E-04    0.430370E-05
 8.62145   -0.204463E-04    0.284310E-04    0.439557E-05
 8.63948   -0.203187E-04    0.282781E-04    0.448624E-05
 8.65751   -0.201920E-04    0.281262E-04    0.457574E-05
 8.67553   -0.200665E-04    0.279754E-04    0.466407E-05
 8.69356   -0.199419E-04    0.278256E-04    0.475123E-05
 8.71158   -0.198184E-04    0.276769E-04    0.483726E-05
 8.72961   -0.196958E-04    0.275291E-04    0.492215E-05
 8.74764   -0.195743E-04    0.273823E-04    0.500593E-05
 8.76566   -0.194538E-04    0.272366E-04    0.508860E-05
 8.78369   -0.193342E-04    0.270918E-04    0.517016E-05
 8.80171   -0.192156E-04    0.269480E-04    0.525065E-05
 8.81974   -0.190980E-04    0.268052E-04    0.533006E-05
 8.83777   -0.189813E-04    0.266636E-04    0.540840E-05
 8.85579   -0.188655E-04    0.265227E-04    0.548569E-05
 8.87382   -0.187507E-04    0.263827E-04    0.556194E-05
 8.89184   -0.186368E-04    0.262437E-04    0.563717E-05
 8.90987   -0.185239E-04    0.261056E-04    0.571137E-05
 8.92790   -0.184118E-04    0.259684E-04    0.578457E-05
 8.94592   -0.183007E-04    0.258322E-04    0.585677E-05
 8.96395   -0.181904E-04    0.256968E-04    0.592797E-05
 8.98197   -0.180810E-04    0.255624E-04    0.599820E-05
 9.00000   -0.179725E-04    0.254288E-04    0.606745E-05
