 0.00500    0.182845E-02   -0.926633E-03    0.720280E-03
 0.02303    0.150852E-02   -0.766667E-03    0.600277E-03
 0.04105    0.131981E-02   -0.672293E-03    0.529465E-03
 0.05908    0.118183E-02   -0.603268E-03    0.477648E-03
 0.07710    0.107278E-02   -0.548704E-03    0.436665E-03
 0.09513    0.982839E-03   -0.503691E-03    0.402836E-03
 0.11316    0.906624E-03   -0.465534E-03    0.374142E-03
 0.13118    0.840778E-03   -0.432557E-03    0.349329E-03
 0.14921    0.783076E-03   -0.403649E-03    0.327562E-03
 0.16723    0.731948E-03   -0.378023E-03    0.308252E-03
 0.18526    0.686237E-03   -0.355104E-03    0.290969E-03
 0.20329    0.645074E-03   -0.334456E-03    0.275387E-03
 0.22131    0.607772E-03   -0.315737E-03    0.261251E-03
 0.23934    0.573795E-03   -0.298679E-03    0.248358E-03
 0.25736    0.542705E-03   -0.283063E-03    0.236547E-03
 0.27539    0.514145E-03   -0.268711E-03    0.225683E-03
 0.29342    0.487815E-03   -0.255473E-03    0.215655E-03
 0.31144    0.463475E-03   -0.243226E-03    0.206371E-03
 0.32947    0.440889E-03   -0.231863E-03    0.197750E-03
 0.34749    0.419897E-03   -0.221293E-03    0.189724E-03
 0.36552    0.400336E-03   -0.211438E-03    0.182236E-03
 0.38355    0.382068E-03   -0.202230E-03    0.175235E-03
 0.40157    0.364976E-03   -0.193611E-03    0.168676E-03
 0.41960    0.348955E-03   -0.185527E-03    0.162520E-03
 0.43763    0.333913E-03   -0.177933E-03    0.156732E-03
 0.45565    0.319767E-03   -0.170787E-03    0.151283E-03
 0.47368    0.306444E-03   -0.164054E-03    0.146145E-03
 0.49170    0.293882E-03   -0.157700E-03    0.141294E-03
 0.50973    0.282018E-03   -0.151697E-03    0.136708E-03
 0.52776    0.270801E-03   -0.146019E-03    0.132366E-03
 0.54578    0.260184E-03   -0.140642E-03    0.128252E-03
 0.56381    0.250124E-03   -0.135543E-03    0.124346E-03
 0.58183    0.240582E-03   -0.130704E-03    0.120640E-03
 0.59986    0.231522E-03   -0.126108E-03    0.117119E-03
 0.61789    0.222911E-03   -0.121737E-03    0.113767E-03
 0.63591    0.214721E-03   -0.117577E-03    0.110574E-03
 0.65394    0.206923E-03   -0.113614E-03    0.107532E-03
 0.67196    0.199493E-03   -0.109836E-03    0.104630E-03
 0.68999    0.192409E-03   -0.106232E-03    0.101860E-03
 0.70802    0.185649E-03   -0.102791E-03    0.992136E-04
 0.72604    0.179192E-03   -0.995024E-04    0.966838E-04
 0.74407    0.173023E-03   -0.963584E-04    0.942638E-04
 0.76209    0.167123E-03   -0.933504E-04    0.919473E-04
 0.78012    0.161478E-03   -0.904706E-04    0.897284E-04
 0.79815    0.156073E-03   -0.877119E-04    0.876019E-04
 0.81617    0.150895E-03   -0.850677E-04    0.855626E-04
 0.83420    0.145932E-03   -0.825318E-04    0.836058E-04
 0.85222    0.141172E-03   -0.800983E-04    0.817273E-04
 0.87025    0.136604E-03   -0.777620E-04    0.799229E-04
 0.88828    0.132218E-03   -0.755177E-04    0.781889E-04
 0.90630    0.128006E-03   -0.733609E-04    0.765216E-04
 0.92433    0.123957E-03   -0.712872E-04    0.749177E-04
 0.94235    0.120065E-03   -0.692923E-04    0.733742E-04
 0.96038    0.116321E-03   -0.673726E-04    0.718880E-04
 0.97841    0.112719E-03   -0.655243E-04    0.704565E-04
 0.99643    0.109250E-03   -0.637441E-04    0.690770E-04
 1.01446    0.105910E-03   -0.620288E-04    0.677471E-04
 1.03248    0.102692E-03   -0.603754E-04    0.664645E-04
 1.05051    0.995902E-04   -0.587810E-04    0.652271E-04
 1.06854    0.965997E-04   -0.572431E-04    0.640328E-04
 1.08656    0.937154E-04   -0.557591E-04    0.628797E-04
 1.10459    0.909326E-04   -0.543266E-04    0.617659E-04
 1.12262    0.882468E-04   -0.529434E-04    0.606898E-04
 1.14064    0.856538E-04   -0.516073E-04    0.596497E-04
 1.15867    0.831496E-04   -0.503164E-04    0.586441E-04
 1.17669    0.807304E-04   -0.490687E-04    0.576715E-04
 1.19472    0.783926E-04   -0.478625E-04    0.567305E-04
 1.21275    0.761329E-04   -0.466960E-04    0.558198E-04
 1.23077    0.739480E-04   -0.455676E-04    0.549382E-04
 1.24880    0.718350E-04   -0.444758E-04    0.540845E-04
 1.26682    0.697910E-04   -0.434192E-04    0.532575E-04
 1.28485    0.678132E-04   -0.423964E-04    0.524562E-04
 1.30288    0.658989E-04   -0.414059E-04    0.516796E-04
 1.32090    0.640458E-04   -0.404467E-04    0.509266E-04
 1.33893    0.622514E-04   -0.395174E-04    0.501965E-04
 1.35695    0.605134E-04   -0.386170E-04    0.494882E-04
 1.37498    0.588298E-04   -0.377443E-04    0.488009E-04
 1.39301    0.571985E-04   -0.368983E-04    0.481339E-04
 1.41103    0.556175E-04   -0.360780E-04    0.474863E-04
 1.42906    0.540850E-04   -0.352825E-04    0.468575E-04
 1.44708    0.525992E-04   -0.345110E-04    0.462467E-04
 1.46511    0.511586E-04   -0.337624E-04    0.456533E-04
 1.48314    0.497614E-04   -0.330361E-04    0.450766E-04
 1.50116    0.484060E-04   -0.323312E-04    0.445161E-04
 1.51919    0.470910E-04   -0.316471E-04    0.439712E-04
 1.53721    0.458150E-04   -0.309828E-04    0.434413E-04
 1.55524    0.445767E-04   -0.303379E-04    0.429257E-04
 1.57327    0.433747E-04   -0.297116E-04    0.424242E-04
 1.59129    0.422079E-04   -0.291033E-04    0.419361E-04
 1.60932    0.410750E-04   -0.285123E-04    0.414610E-04
 1.62734    0.399749E-04   -0.279382E-04    0.409984E-04
 1.64537    0.389066E-04   -0.273804E-04    0.405480E-04
 1.66340    0.378689E-04   -0.268383E-04    0.401092E-04
 1.68142    0.368610E-04   -0.263115E-04    0.396818E-04
 1.69945    0.358817E-04   -0.257993E-04    0.392653E-04
 1.71747    0.349303E-04   -0.253015E-04    0.388593E-04
 1.73550    0.340059E-04   -0.248175E-04    0.384636E-04
 1.75353    0.331076E-04   -0.243468E-04    0.380778E-04
 1.77155    0.322345E-04   -0.238892E-04    0.377015E-04
 1.78958    0.313860E-04   -0.234442E-04    0.373345E-04
 1.80761    0.305615E-04   -0.230115E-04    0.369764E-04
 1.82563    0.297601E-04   -0.225906E-04    0.366271E-04
 1.84366    0.289811E-04   -0.221812E-04    0.362861E-04
 1.86168    0.282239E-04   -0.217830E-04    0.359534E-04
 1.87971    0.274879E-04   -0.213957E-04    0.356285E-04
 1.89774    0.267725E-04   -0.210190E-04    0.353113E-04
 1.91576    0.260770E-04   -0.206525E-04    0.350016E-04
 1.93379    0.254011E-04   -0.202960E-04    0.346991E-04
 1.95181    0.247440E-04   -0.199492E-04    0.344036E-04
 1.96984    0.241054E-04   -0.196119E-04    0.341149E-04
 1.98787    0.234847E-04   -0.192838E-04    0.338329E-04
 2.00589    0.228815E-04   -0.189646E-04    0.335572E-04
 2.02392    0.222953E-04   -0.186541E-04    0.332878E-04
 2.04194    0.217255E-04   -0.183522E-04    0.330245E-04
 2.05997    0.211719E-04   -0.180585E-04    0.327670E-04
 2.07800    0.206340E-04   -0.177728E-04    0.325153E-04
 2.09602    0.201113E-04   -0.174949E-04    0.322691E-04
 2.11405    0.196035E-04   -0.172247E-04    0.320283E-04
 2.13207    0.191101E-04   -0.169618E-04    0.317927E-04
 2.15010    0.186307E-04   -0.167062E-04    0.315622E-04
 2.16813    0.181650E-04   -0.164576E-04    0.313367E-04
 2.18615    0.177125E-04   -0.162157E-04    0.311158E-04
 2.20418    0.172729E-04   -0.159804E-04    0.308996E-04
 2.22220    0.168458E-04   -0.157516E-04    0.306879E-04
 2.24023    0.164307E-04   -0.155289E-04    0.304805E-04
 2.25826    0.160274E-04   -0.153122E-04    0.302772E-04
 2.27628    0.156353E-04   -0.151013E-04    0.300779E-04
 2.29431    0.152542E-04   -0.148960E-04    0.298825E-04
 2.31233    0.148836E-04   -0.146962E-04    0.296908E-04
 2.33036    0.145233E-04   -0.145015E-04    0.295027E-04
 2.34839    0.141727E-04   -0.143118E-04    0.293179E-04
 2.36641    0.138315E-04   -0.141270E-04    0.291365E-04
 2.38444    0.134993E-04   -0.139468E-04    0.289582E-04
 2.40246    0.131758E-04   -0.137711E-04    0.287828E-04
 2.42049    0.128605E-04   -0.135996E-04    0.286103E-04
 2.43852    0.125533E-04   -0.134321E-04    0.284406E-04
 2.45654    0.122537E-04   -0.132686E-04    0.282734E-04
 2.47457    0.119613E-04   -0.131088E-04    0.281086E-04
 2.49260    0.116759E-04   -0.129526E-04    0.279462E-04
 2.51062    0.113971E-04   -0.127998E-04    0.277860E-04
 2.52865    0.111247E-04   -0.126503E-04    0.276279E-04
 2.54667    0.108584E-04   -0.125038E-04    0.274718E-04
 2.56470    0.105978E-04   -0.123604E-04    0.273176E-04
 2.58273    0.103428E-04   -0.122198E-04    0.271652E-04
 2.60075    0.100932E-04   -0.120819E-04    0.270145E-04
 2.61878    0.984866E-05   -0.119467E-04    0.268654E-04
 2.63680    0.960908E-05   -0.118140E-04    0.267179E-04
 2.65483    0.937430E-05   -0.116838E-04    0.265720E-04
 2.67286    0.914416E-05   -0.115560E-04    0.264275E-04
 2.69088    0.891853E-05   -0.114305E-04    0.262844E-04
 2.70891    0.869733E-05   -0.113072E-04    0.261426E-04
 2.72693    0.848045E-05   -0.111862E-04    0.260023E-04
 2.74496    0.826783E-05   -0.110674E-04    0.258632E-04
 2.76299    0.805942E-05   -0.109507E-04    0.257255E-04
 2.78101    0.785520E-05   -0.108362E-04    0.255890E-04
 2.79904    0.765605E-05   -0.107238E-04    0.254539E-04
 2.81706    0.745925E-05   -0.106135E-04    0.253200E-04
 2.83509    0.726751E-05   -0.105054E-04    0.251875E-04
 2.85312    0.707996E-05   -0.103994E-04    0.250563E-04
 2.87114    0.689660E-05   -0.102956E-04    0.249263E-04
 2.88917    0.671745E-05   -0.101939E-04    0.247978E-04
 2.90719    0.654254E-05   -0.100944E-04    0.246705E-04
 2.92522    0.637191E-05   -0.999702E-05    0.245447E-04
 2.94325    0.620556E-05   -0.990187E-05    0.244202E-04
 2.96127    0.604353E-05   -0.980893E-05    0.242971E-04
 2.97930    0.588582E-05   -0.971819E-05    0.241754E-04
 2.99732    0.573243E-05   -0.962966E-05    0.240551E-04
 3.01535    0.558335E-05   -0.954333E-05    0.239362E-04
 3.03338    0.543855E-05   -0.945919E-05    0.238187E-04
 3.05140    0.529796E-05   -0.937722E-05    0.237026E-04
 3.06943    0.516163E-05   -0.929739E-05    0.235878E-04
 3.08745    0.502938E-05   -0.921967E-05    0.234745E-04
 3.10548    0.490117E-05   -0.914402E-05    0.233625E-04
 3.12351    0.477688E-05   -0.907037E-05    0.232517E-04
 3.14153    0.465640E-05   -0.899868E-05    0.231422E-04
 3.15956    0.453958E-05   -0.892886E-05    0.230340E-04
 3.17759    0.442623E-05   -0.886084E-05    0.229269E-04
 3.19561    0.431623E-05   -0.879454E-05    0.228210E-04
 3.21364    0.420931E-05   -0.872983E-05    0.227160E-04
 3.23166    0.410532E-05   -0.866663E-05    0.226120E-04
 3.24969    0.400397E-05   -0.860480E-05    0.225089E-04
 3.26772    0.390504E-05   -0.854424E-05    0.224065E-04
 3.28574    0.380828E-05   -0.848481E-05    0.223049E-04
 3.30377    0.371342E-05   -0.842639E-05    0.222038E-04
 3.32179    0.362017E-05   -0.836882E-05    0.221033E-04
 3.33982    0.352825E-05   -0.831198E-05    0.220032E-04
 3.35785    0.343736E-05   -0.825569E-05    0.219033E-04
 3.37587    0.334720E-05   -0.819983E-05    0.218037E-04
 3.39390    0.325747E-05   -0.814423E-05    0.217041E-04
 3.41192    0.316788E-05   -0.808875E-05    0.216045E-04
 3.42995    0.307814E-05   -0.803326E-05    0.215047E-04
 3.44798    0.298796E-05   -0.797758E-05    0.214048E-04
 3.46600    0.289708E-05   -0.792161E-05    0.213045E-04
 3.48403    0.280521E-05   -0.786521E-05    0.212038E-04
 3.50205    0.271212E-05   -0.780823E-05    0.211026E-04
 3.52008    0.261754E-05   -0.775056E-05    0.210007E-04
 3.53811    0.252126E-05   -0.769208E-05    0.208982E-04
 3.55613    0.242306E-05   -0.763277E-05    0.207949E-04
 3.57416    0.232276E-05   -0.757229E-05    0.206907E-04
 3.59218    0.222018E-05   -0.751080E-05    0.205857E-04
 3.61021    0.211517E-05   -0.744814E-05    0.204797E-04
 3.62824    0.200762E-05   -0.738425E-05    0.203726E-04
 3.64626    0.189742E-05   -0.731907E-05    0.202647E-04
 3.66429    0.178450E-05   -0.725257E-05    0.201556E-04
 3.68231    0.166882E-05   -0.718472E-05    0.200455E-04
 3.70034    0.155034E-05   -0.711551E-05    0.199343E-04
 3.71837    0.142906E-05   -0.704493E-05    0.198219E-04
 3.73639    0.130499E-05   -0.697299E-05    0.197085E-04
 3.75442    0.117817E-05   -0.689970E-05    0.195940E-04
 3.77244    0.104866E-05   -0.682510E-05    0.194785E-04
 3.79047    0.916554E-06   -0.674922E-05    0.193620E-04
 3.80850    0.781951E-06   -0.667211E-05    0.192445E-04
 3.82652    0.644988E-06   -0.659385E-05    0.191261E-04
 3.84455    0.505813E-06   -0.651450E-05    0.190068E-04
 3.86258    0.364585E-06   -0.643415E-05    0.188867E-04
 3.88060    0.221512E-06   -0.635287E-05    0.187659E-04
 3.89863    0.767641E-07   -0.627079E-05    0.186444E-04
 3.91665   -0.694418E-07   -0.618797E-05    0.185223E-04
 3.93468   -0.216905E-06   -0.610458E-05    0.183996E-04
 3.95271   -0.365407E-06   -0.602061E-05    0.182767E-04
 3.97073   -0.514723E-06   -0.593627E-05    0.181533E-04
 3.98876   -0.664618E-06   -0.585165E-05    0.180297E-04
 4.00678   -0.814861E-06   -0.576686E-05    0.179059E-04
 4.02481   -0.965204E-06   -0.568201E-05    0.177820E-04
 4.04284   -0.111541E-05   -0.559729E-05    0.176582E-04
 4.06086   -0.126523E-05   -0.551265E-05    0.175344E-04
 4.07889   -0.141442E-05   -0.542838E-05    0.174109E-04
 4.09691   -0.156276E-05   -0.534452E-05    0.172876E-04
 4.11494   -0.171002E-05   -0.526120E-05    0.171646E-04
 4.13297   -0.185599E-05   -0.517852E-05    0.170422E-04
 4.15099   -0.200044E-05   -0.509659E-05    0.169202E-04
 4.16902   -0.214319E-05   -0.501549E-05    0.167988E-04
 4.18704   -0.228397E-05   -0.493534E-05    0.166782E-04
 4.20507   -0.242282E-05   -0.485622E-05    0.165582E-04
 4.22310   -0.255935E-05   -0.477820E-05    0.164391E-04
 4.24112   -0.269347E-05   -0.470137E-05    0.163208E-04
 4.25915   -0.282504E-05   -0.462581E-05    0.162035E-04
 4.27717   -0.295390E-05   -0.455158E-05    0.160870E-04
 4.29520   -0.307996E-05   -0.447874E-05    0.159717E-04
 4.31323   -0.320306E-05   -0.440735E-05    0.158575E-04
 4.33125   -0.332313E-05   -0.433748E-05    0.157443E-04
 4.34928   -0.344006E-05   -0.426914E-05    0.156322E-04
 4.36730   -0.355378E-05   -0.420240E-05    0.155214E-04
 4.38533   -0.366423E-05   -0.413727E-05    0.154117E-04
 4.40336   -0.377135E-05   -0.407379E-05    0.153033E-04
 4.42138   -0.387511E-05   -0.401197E-05    0.151961E-04
 4.43941   -0.397547E-05   -0.395182E-05    0.150902E-04
 4.45743   -0.407242E-05   -0.389337E-05    0.149855E-04
 4.47546   -0.416594E-05   -0.383661E-05    0.148820E-04
 4.49349   -0.425603E-05   -0.378154E-05    0.147799E-04
 4.51151   -0.434269E-05   -0.372817E-05    0.146790E-04
 4.52954   -0.442593E-05   -0.367648E-05    0.145794E-04
 4.54757   -0.450578E-05   -0.362647E-05    0.144810E-04
 4.56559   -0.458225E-05   -0.357813E-05    0.143839E-04
 4.58362   -0.465539E-05   -0.353143E-05    0.142881E-04
 4.60164   -0.472523E-05   -0.348636E-05    0.141934E-04
 4.61967   -0.479182E-05   -0.344290E-05    0.141000E-04
 4.63770   -0.485521E-05   -0.340102E-05    0.140078E-04
 4.65572   -0.491546E-05   -0.336068E-05    0.139168E-04
 4.67375   -0.497264E-05   -0.332186E-05    0.138269E-04
 4.69177   -0.502681E-05   -0.328453E-05    0.137381E-04
 4.70980   -0.507802E-05   -0.324865E-05    0.136504E-04
 4.72783   -0.512637E-05   -0.321419E-05    0.135639E-04
 4.74585   -0.517190E-05   -0.318111E-05    0.134784E-04
 4.76388   -0.521470E-05   -0.314938E-05    0.133939E-04
 4.78190   -0.525484E-05   -0.311896E-05    0.133105E-04
 4.79993   -0.529238E-05   -0.308981E-05    0.132280E-04
 4.81796   -0.532742E-05   -0.306190E-05    0.131466E-04
 4.83598   -0.536002E-05   -0.303519E-05    0.130660E-04
 4.85401   -0.539026E-05   -0.300964E-05    0.129864E-04
 4.87203   -0.541822E-05   -0.298522E-05    0.129076E-04
 4.89006   -0.544397E-05   -0.296188E-05    0.128297E-04
 4.90809   -0.546759E-05   -0.293958E-05    0.127526E-04
 4.92611   -0.548917E-05   -0.291829E-05    0.126763E-04
 4.94414   -0.550876E-05   -0.289797E-05    0.126008E-04
 4.96216   -0.552643E-05   -0.287859E-05    0.125261E-04
 4.98019   -0.554232E-05   -0.286010E-05    0.124520E-04
 4.99822   -0.555642E-05   -0.284248E-05    0.123787E-04
 5.01624   -0.556882E-05   -0.282569E-05    0.123060E-04
 5.03427   -0.557961E-05   -0.280969E-05    0.122340E-04
 5.05229   -0.558883E-05   -0.279446E-05    0.121627E-04
 5.07032   -0.559655E-05   -0.277995E-05    0.120919E-04
 5.08835   -0.560285E-05   -0.276615E-05    0.120218E-04
 5.10637   -0.560777E-05   -0.275302E-05    0.119521E-04
 5.12440   -0.561133E-05   -0.274053E-05    0.118831E-04
 5.14242   -0.561368E-05   -0.272865E-05    0.118145E-04
 5.16045   -0.561488E-05   -0.271735E-05    0.117465E-04
 5.17848   -0.561489E-05   -0.270661E-05    0.116790E-04
 5.19650   -0.561378E-05   -0.269641E-05    0.116119E-04
 5.21453   -0.561169E-05   -0.268671E-05    0.115453E-04
 5.23256   -0.560850E-05   -0.267749E-05    0.114791E-04
 5.25058   -0.560451E-05   -0.266873E-05    0.114133E-04
 5.26861   -0.559955E-05   -0.266040E-05    0.113480E-04
 5.28663   -0.559373E-05   -0.265250E-05    0.112830E-04
 5.30466   -0.558709E-05   -0.264498E-05    0.112184E-04
 5.32269   -0.557968E-05   -0.263784E-05    0.111541E-04
 5.34071   -0.557153E-05   -0.263106E-05    0.110902E-04
 5.35874   -0.556267E-05   -0.262462E-05    0.110267E-04
 5.37676   -0.555315E-05   -0.261850E-05    0.109635E-04
 5.39479   -0.554299E-05   -0.261269E-05    0.109006E-04
 5.41282   -0.553223E-05   -0.260716E-05    0.108380E-04
 5.43084   -0.552090E-05   -0.260191E-05    0.107756E-04
 5.44887   -0.550903E-05   -0.259691E-05    0.107136E-04
 5.46689   -0.549665E-05   -0.259216E-05    0.106519E-04
 5.48492   -0.548378E-05   -0.258764E-05    0.105904E-04
 5.50295   -0.547046E-05   -0.258334E-05    0.105292E-04
 5.52097   -0.545671E-05   -0.257925E-05    0.104682E-04
 5.53900   -0.544254E-05   -0.257535E-05    0.104075E-04
 5.55702   -0.542799E-05   -0.257163E-05    0.103470E-04
 5.57505   -0.541307E-05   -0.256809E-05    0.102867E-04
 5.59308   -0.539781E-05   -0.256471E-05    0.102267E-04
 5.61110   -0.538222E-05   -0.256148E-05    0.101669E-04
 5.62913   -0.536632E-05   -0.255840E-05    0.101073E-04
 5.64715   -0.535013E-05   -0.255546E-05    0.100479E-04
 5.66518   -0.533367E-05   -0.255264E-05    0.998866E-05
 5.68321   -0.531696E-05   -0.254994E-05    0.992966E-05
 5.70123   -0.530000E-05   -0.254736E-05    0.987084E-05
 5.71926   -0.528282E-05   -0.254488E-05    0.981223E-05
 5.73728   -0.526543E-05   -0.254248E-05    0.975379E-05
 5.75531   -0.524784E-05   -0.254021E-05    0.969554E-05
 5.77334   -0.523005E-05   -0.253800E-05    0.963746E-05
 5.79136   -0.521211E-05   -0.253587E-05    0.957955E-05
 5.80939   -0.519400E-05   -0.253382E-05    0.952182E-05
 5.82741   -0.517576E-05   -0.253183E-05    0.946426E-05
 5.84544   -0.515737E-05   -0.252990E-05    0.940686E-05
 5.86347   -0.513884E-05   -0.252804E-05    0.934963E-05
 5.88149   -0.512022E-05   -0.252622E-05    0.929256E-05
 5.89952   -0.510147E-05   -0.252446E-05    0.923565E-05
 5.91755   -0.508267E-05   -0.252273E-05    0.917889E-05
 5.93557   -0.506374E-05   -0.252105E-05    0.912228E-05
 5.95360   -0.504474E-05   -0.251940E-05    0.906584E-05
 5.97162   -0.502566E-05   -0.251779E-05    0.900954E-05
 5.98965   -0.500652E-05   -0.251620E-05    0.895339E-05
 6.00768   -0.498732E-05   -0.251464E-05    0.889738E-05
 6.02570   -0.496806E-05   -0.251310E-05    0.884152E-05
 6.04373   -0.494877E-05   -0.251156E-05    0.878580E-05
 6.06175   -0.492944E-05   -0.251007E-05    0.873021E-05
 6.07978   -0.491007E-05   -0.250858E-05    0.867478E-05
 6.09781   -0.489066E-05   -0.250710E-05    0.861945E-05
 6.11583   -0.487127E-05   -0.250562E-05    0.856426E-05
 6.13386   -0.485184E-05   -0.250415E-05    0.850920E-05
 6.15188   -0.483241E-05   -0.250269E-05    0.845427E-05
 6.16991   -0.481297E-05   -0.250122E-05    0.839946E-05
 6.18794   -0.479353E-05   -0.249975E-05    0.834477E-05
 6.20596   -0.477409E-05   -0.249828E-05    0.829020E-05
 6.22399   -0.475466E-05   -0.249680E-05    0.823575E-05
 6.24201   -0.473525E-05   -0.249532E-05    0.818142E-05
 6.26004   -0.471585E-05   -0.249382E-05    0.812721E-05
 6.27807   -0.469647E-05   -0.249232E-05    0.807305E-05
 6.29609   -0.467711E-05   -0.249080E-05    0.801907E-05
 6.31412   -0.465779E-05   -0.248927E-05    0.796520E-05
 6.33214   -0.463849E-05   -0.248773E-05    0.791152E-05
 6.35017   -0.461923E-05   -0.248616E-05    0.785789E-05
 6.36820   -0.460001E-05   -0.248458E-05    0.780438E-05
 6.38622   -0.458082E-05   -0.248298E-05    0.775099E-05
 6.40425   -0.456168E-05   -0.248136E-05    0.769772E-05
 6.42227   -0.454259E-05   -0.247971E-05    0.764457E-05
 6.44030   -0.452354E-05   -0.247805E-05    0.759154E-05
 6.45833   -0.450455E-05   -0.247636E-05    0.753864E-05
 6.47635   -0.448561E-05   -0.247464E-05    0.748586E-05
 6.49438   -0.446672E-05   -0.247290E-05    0.743321E-05
 6.51240   -0.444790E-05   -0.247113E-05    0.738069E-05
 6.53043   -0.442913E-05   -0.246933E-05    0.732829E-05
 6.54846   -0.441042E-05   -0.246751E-05    0.727602E-05
 6.56648   -0.439178E-05   -0.246565E-05    0.722388E-05
 6.58451   -0.437321E-05   -0.246376E-05    0.717188E-05
 6.60254   -0.435471E-05   -0.246184E-05    0.711999E-05
 6.62056   -0.433629E-05   -0.245989E-05    0.706824E-05
 6.63859   -0.431795E-05   -0.245791E-05    0.701661E-05
 6.65661   -0.429968E-05   -0.245589E-05    0.696511E-05
 6.67464   -0.428148E-05   -0.245383E-05    0.691374E-05
 6.69267   -0.426336E-05   -0.245174E-05    0.686250E-05
 6.71069   -0.424532E-05   -0.244962E-05    0.681139E-05
 6.72872   -0.422736E-05   -0.244743E-05    0.676040E-05
 6.74674   -0.420949E-05   -0.244525E-05    0.670954E-05
 6.76477   -0.419171E-05   -0.244301E-05    0.665881E-05
 6.78280   -0.417401E-05   -0.244073E-05    0.660816E-05
 6.80082   -0.415641E-05   -0.243842E-05    0.655771E-05
 6.81885   -0.413889E-05   -0.243606E-05    0.650734E-05
 6.83687   -0.412147E-05   -0.243366E-05    0.645709E-05
 6.85490   -0.410413E-05   -0.243122E-05    0.640695E-05
 6.87293   -0.408690E-05   -0.242874E-05    0.635696E-05
 6.89095   -0.406975E-05   -0.242622E-05    0.630708E-05
 6.90898   -0.405271E-05   -0.242366E-05    0.625733E-05
 6.92700   -0.403576E-05   -0.242105E-05    0.620770E-05
 6.94503   -0.401891E-05   -0.241841E-05    0.615821E-05
 6.96306   -0.400216E-05   -0.241572E-05    0.610883E-05
 6.98108   -0.398550E-05   -0.241298E-05    0.605956E-05
 6.99911   -0.396895E-05   -0.241021E-05    0.601044E-05
 7.01713   -0.395250E-05   -0.240739E-05    0.596143E-05
 7.03516   -0.393613E-05   -0.240453E-05    0.591255E-05
 7.05319   -0.391987E-05   -0.240163E-05    0.586379E-05
 7.07121   -0.390373E-05   -0.239868E-05    0.581516E-05
 7.08924   -0.388767E-05   -0.239569E-05    0.576664E-05
 7.10726   -0.387172E-05   -0.239266E-05    0.571826E-05
 7.12529   -0.385588E-05   -0.238958E-05    0.567001E-05
 7.14332   -0.384014E-05   -0.238646E-05    0.562189E-05
 7.16134   -0.382449E-05   -0.238330E-05    0.557389E-05
 7.17937   -0.380894E-05   -0.238010E-05    0.552603E-05
 7.19739   -0.379350E-05   -0.237686E-05    0.547829E-05
 7.21542   -0.377815E-05   -0.237358E-05    0.543068E-05
 7.23345   -0.376290E-05   -0.237026E-05    0.538320E-05
 7.25147   -0.374775E-05   -0.236690E-05    0.533586E-05
 7.26950   -0.373269E-05   -0.236349E-05    0.528865E-05
 7.28753   -0.371773E-05   -0.236005E-05    0.524156E-05
 7.30555   -0.370287E-05   -0.235658E-05    0.519458E-05
 7.32358   -0.368811E-05   -0.235306E-05    0.514777E-05
 7.34160   -0.367343E-05   -0.234951E-05    0.510108E-05
 7.35963   -0.365883E-05   -0.234592E-05    0.505453E-05
 7.37766   -0.364432E-05   -0.234232E-05    0.500812E-05
 7.39568   -0.362991E-05   -0.233865E-05    0.496187E-05
 7.41371   -0.361559E-05   -0.233497E-05    0.491573E-05
 7.43173   -0.360134E-05   -0.233125E-05    0.486973E-05
 7.44976   -0.358719E-05   -0.232749E-05    0.482386E-05
 7.46779   -0.357311E-05   -0.232370E-05    0.477814E-05
 7.48581   -0.355912E-05   -0.231989E-05    0.473255E-05
 7.50384   -0.354521E-05   -0.231606E-05    0.468710E-05
 7.52186   -0.353137E-05   -0.231219E-05    0.464179E-05
 7.53989   -0.351761E-05   -0.230830E-05    0.459662E-05
 7.55792   -0.350392E-05   -0.230437E-05    0.455160E-05
 7.57594   -0.349031E-05   -0.230042E-05    0.450671E-05
 7.59397   -0.347677E-05   -0.229645E-05    0.446197E-05
 7.61199   -0.346330E-05   -0.229245E-05    0.441737E-05
 7.63002   -0.344990E-05   -0.228843E-05    0.437292E-05
 7.64805   -0.343656E-05   -0.228438E-05    0.432862E-05
 7.66607   -0.342330E-05   -0.228032E-05    0.428445E-05
 7.68410   -0.341009E-05   -0.227623E-05    0.424044E-05
 7.70212   -0.339695E-05   -0.227213E-05    0.419657E-05
 7.72015   -0.338388E-05   -0.226800E-05    0.415285E-05
 7.73818   -0.337086E-05   -0.226386E-05    0.410927E-05
 7.75620   -0.335791E-05   -0.225969E-05    0.406585E-05
 7.77423   -0.334501E-05   -0.225551E-05    0.402257E-05
 7.79225   -0.333217E-05   -0.225132E-05    0.397945E-05
 7.81028   -0.331939E-05   -0.224711E-05    0.393647E-05
 7.82831   -0.330666E-05   -0.224288E-05    0.389364E-05
 7.84633   -0.329398E-05   -0.223864E-05    0.385097E-05
 7.86436   -0.328136E-05   -0.223438E-05    0.380844E-05
 7.88238   -0.326880E-05   -0.223010E-05    0.376607E-05
 7.90041   -0.325629E-05   -0.222583E-05    0.372385E-05
 7.91844   -0.324382E-05   -0.222153E-05    0.368178E-05
 7.93646   -0.323141E-05   -0.221723E-05    0.363987E-05
 7.95449   -0.321904E-05   -0.221290E-05    0.359810E-05
 7.97252   -0.320673E-05   -0.220856E-05    0.355650E-05
 7.99054   -0.319446E-05   -0.220422E-05    0.351503E-05
 8.00857   -0.318224E-05   -0.219987E-05    0.347373E-05
 8.02659   -0.317008E-05   -0.219552E-05    0.343258E-05
 8.04462   -0.315795E-05   -0.219113E-05    0.339158E-05
 8.06265   -0.314588E-05   -0.218675E-05    0.335074E-05
 8.08067   -0.313386E-05   -0.218235E-05    0.331005E-05
 8.09870   -0.312188E-05   -0.217794E-05    0.326951E-05
 8.11672   -0.310995E-05   -0.217353E-05    0.322912E-05
 8.13475   -0.309806E-05   -0.216911E-05    0.318889E-05
 8.15278   -0.308623E-05   -0.216467E-05    0.314881E-05
 8.17080   -0.307444E-05   -0.216023E-05    0.310889E-05
 8.18883   -0.306270E-05   -0.215577E-05    0.306912E-05
 8.20685   -0.305101E-05   -0.215131E-05    0.302948E-05
 8.22488   -0.303936E-05   -0.214684E-05    0.299003E-05
 8.24291   -0.302777E-05   -0.214235E-05    0.295070E-05
 8.26093   -0.301622E-05   -0.213786E-05    0.291153E-05
 8.27896   -0.300471E-05   -0.213336E-05    0.287252E-05
 8.29698   -0.299326E-05   -0.212885E-05    0.283367E-05
 8.31501   -0.298185E-05   -0.212434E-05    0.279497E-05
 8.33304   -0.297049E-05   -0.211980E-05    0.275642E-05
 8.35106   -0.295918E-05   -0.211527E-05    0.271802E-05
 8.36909   -0.294791E-05   -0.211075E-05    0.267978E-05
 8.38711   -0.293671E-05   -0.210619E-05    0.264169E-05
 8.40514   -0.292553E-05   -0.210160E-05    0.260375E-05
 8.42317   -0.291441E-05   -0.209704E-05    0.256596E-05
 8.44119   -0.290334E-05   -0.209246E-05    0.252833E-05
 8.45922   -0.289232E-05   -0.208786E-05    0.249084E-05
 8.47724   -0.288134E-05   -0.208326E-05    0.245351E-05
 8.49527   -0.287042E-05   -0.207865E-05    0.241632E-05
 8.51330   -0.285954E-05   -0.207404E-05    0.237929E-05
 8.53132   -0.284871E-05   -0.206942E-05    0.234241E-05
 8.54935   -0.283793E-05   -0.206478E-05    0.230568E-05
 8.56737   -0.282720E-05   -0.206014E-05    0.226910E-05
 8.58540   -0.281651E-05   -0.205548E-05    0.223267E-05
 8.60343   -0.280588E-05   -0.205082E-05    0.219639E-05
 8.62145   -0.279529E-05   -0.204616E-05    0.216026E-05
 8.63948   -0.278476E-05   -0.204148E-05    0.212428E-05
 8.65751   -0.277427E-05   -0.203680E-05    0.208845E-05
 8.67553   -0.276383E-05   -0.203210E-05    0.205277E-05
 8.69356   -0.275344E-05   -0.202740E-05    0.201724E-05
 8.71158   -0.274310E-05   -0.202269E-05    0.198186E-05
 8.72961   -0.273281E-05   -0.201800E-05    0.194662E-05
 8.74764   -0.272257E-05   -0.201327E-05    0.191154E-05
 8.76566   -0.271238E-05   -0.200852E-05    0.187660E-05
 8.78369   -0.270223E-05   -0.200378E-05    0.184182E-05
 8.80171   -0.269213E-05   -0.199903E-05    0.180718E-05
 8.81974   -0.268208E-05   -0.199427E-05    0.177269E-05
 8.83777   -0.267208E-05   -0.198951E-05    0.173834E-05
 8.85579   -0.266213E-05   -0.198473E-05    0.170415E-05
 8.87382   -0.265223E-05   -0.197995E-05    0.167010E-05
 8.89184   -0.264237E-05   -0.197516E-05    0.163620E-05
 8.90987   -0.263257E-05   -0.197036E-05    0.160244E-05
 8.92790   -0.262281E-05   -0.196556E-05    0.156884E-05
 8.94592   -0.261310E-05   -0.196074E-05    0.153538E-05
 8.96395   -0.260344E-05   -0.195593E-05    0.150206E-05
 8.98197   -0.259383E-05   -0.195110E-05    0.146890E-05
 9.00000   -0.258426E-05   -0.194627E-05    0.143587E-05
