 0.00500    0.825104E-01   -0.396172E-01    0.283049E-01
 0.02303    0.682435E-01   -0.324855E-01    0.229575E-01
 0.04105    0.597861E-01   -0.282591E-01    0.197919E-01
 0.05908    0.535864E-01   -0.251624E-01    0.174747E-01
 0.07710    0.486760E-01   -0.227114E-01    0.156432E-01
 0.09513    0.446202E-01   -0.206883E-01    0.141338E-01
 0.11316    0.411783E-01   -0.189729E-01    0.128563E-01
 0.13118    0.382013E-01   -0.174905E-01    0.117544E-01
 0.14921    0.355898E-01   -0.161913E-01    0.107907E-01
 0.16723    0.332736E-01   -0.150402E-01    0.993869E-02
 0.18526    0.312014E-01   -0.140115E-01    0.917903E-02
 0.20329    0.293339E-01   -0.130855E-01    0.849695E-02
 0.22131    0.276404E-01   -0.122468E-01    0.788085E-02
 0.23934    0.260970E-01   -0.114835E-01    0.732162E-02
 0.25736    0.246841E-01   -0.107856E-01    0.681185E-02
 0.27539    0.233856E-01   -0.101451E-01    0.634543E-02
 0.29342    0.221881E-01   -0.955537E-02    0.591729E-02
 0.31144    0.210803E-01   -0.901069E-02    0.552318E-02
 0.32947    0.200527E-01   -0.850624E-02    0.515945E-02
 0.34749    0.190971E-01   -0.803793E-02    0.482296E-02
 0.36552    0.182065E-01   -0.760222E-02    0.451106E-02
 0.38355    0.173747E-01   -0.719603E-02    0.422141E-02
 0.40157    0.165964E-01   -0.681668E-02    0.395197E-02
 0.41960    0.158668E-01   -0.646177E-02    0.370092E-02
 0.43763    0.151818E-01   -0.612919E-02    0.346668E-02
 0.45565    0.145375E-01   -0.581709E-02    0.324782E-02
 0.47368    0.139309E-01   -0.552382E-02    0.304309E-02
 0.49170    0.133588E-01   -0.524788E-02    0.285137E-02
 0.50973    0.128187E-01   -0.498794E-02    0.267163E-02
 0.52776    0.123081E-01   -0.474280E-02    0.250296E-02
 0.54578    0.118249E-01   -0.451137E-02    0.234454E-02
 0.56381    0.113671E-01   -0.429267E-02    0.219562E-02
 0.58183    0.109330E-01   -0.408581E-02    0.205551E-02
 0.59986    0.105210E-01   -0.388995E-02    0.192360E-02
 0.61789    0.101295E-01   -0.370436E-02    0.179932E-02
 0.63591    0.975714E-02   -0.352835E-02    0.168215E-02
 0.65394    0.940280E-02   -0.336132E-02    0.157162E-02
 0.67196    0.906529E-02   -0.320268E-02    0.146729E-02
 0.68999    0.874356E-02   -0.305190E-02    0.136877E-02
 0.70802    0.843664E-02   -0.290860E-02    0.127568E-02
 0.72604    0.814364E-02   -0.277212E-02    0.118768E-02
 0.74407    0.786375E-02   -0.264216E-02    0.110445E-02
 0.76209    0.759621E-02   -0.251834E-02    0.102571E-02
 0.78012    0.734032E-02   -0.240030E-02    0.951194E-03
 0.79815    0.709541E-02   -0.228772E-02    0.880646E-03
 0.81617    0.686087E-02   -0.218027E-02    0.813833E-03
 0.83420    0.663614E-02   -0.207768E-02    0.750537E-03
 0.85222    0.642069E-02   -0.197968E-02    0.690559E-03
 0.87025    0.621404E-02   -0.188596E-02    0.633711E-03
 0.88828    0.601571E-02   -0.179642E-02    0.579819E-03
 0.90630    0.582529E-02   -0.171078E-02    0.528721E-03
 0.92433    0.564237E-02   -0.162884E-02    0.480263E-03
 0.94235    0.546656E-02   -0.155040E-02    0.434302E-03
 0.96038    0.529756E-02   -0.147529E-02    0.390704E-03
 0.97841    0.513499E-02   -0.140335E-02    0.349345E-03
 0.99643    0.497854E-02   -0.133441E-02    0.310106E-03
 1.01446    0.482796E-02   -0.126833E-02    0.272877E-03
 1.03248    0.468294E-02   -0.120498E-02    0.237560E-03
 1.05051    0.454322E-02   -0.114423E-02    0.204045E-03
 1.06854    0.440858E-02   -0.108594E-02    0.172253E-03
 1.08656    0.427878E-02   -0.103002E-02    0.142092E-03
 1.10459    0.415360E-02   -0.976335E-03    0.113482E-03
 1.12262    0.403284E-02   -0.924798E-03    0.863446E-04
 1.14064    0.391630E-02   -0.875309E-03    0.606080E-04
 1.15867    0.380381E-02   -0.827777E-03    0.362034E-04
 1.17669    0.369518E-02   -0.782116E-03    0.130672E-04
 1.19472    0.359026E-02   -0.738240E-03   -0.886213E-05
 1.21275    0.348889E-02   -0.696078E-03   -0.296410E-04
 1.23077    0.339093E-02   -0.655555E-03   -0.493241E-04
 1.24880    0.329624E-02   -0.616601E-03   -0.679638E-04
 1.26682    0.320467E-02   -0.579145E-03   -0.856093E-04
 1.28485    0.311612E-02   -0.543129E-03   -0.102307E-03
 1.30288    0.303044E-02   -0.508489E-03   -0.118102E-03
 1.32090    0.294755E-02   -0.475170E-03   -0.133035E-03
 1.33893    0.286731E-02   -0.443118E-03   -0.147147E-03
 1.35695    0.278964E-02   -0.412282E-03   -0.160474E-03
 1.37498    0.271443E-02   -0.382613E-03   -0.173053E-03
 1.39301    0.264159E-02   -0.354065E-03   -0.184917E-03
 1.41103    0.257103E-02   -0.326593E-03   -0.196098E-03
 1.42906    0.250267E-02   -0.300156E-03   -0.206628E-03
 1.44708    0.243643E-02   -0.274712E-03   -0.216535E-03
 1.46511    0.237222E-02   -0.250222E-03   -0.225848E-03
 1.48314    0.230998E-02   -0.226651E-03   -0.234593E-03
 1.50116    0.224963E-02   -0.203962E-03   -0.242796E-03
 1.51919    0.219110E-02   -0.182123E-03   -0.250480E-03
 1.53721    0.213434E-02   -0.161100E-03   -0.257669E-03
 1.55524    0.207927E-02   -0.140864E-03   -0.264383E-03
 1.57327    0.202584E-02   -0.121385E-03   -0.270645E-03
 1.59129    0.197399E-02   -0.102635E-03   -0.276476E-03
 1.60932    0.192367E-02   -0.845865E-04   -0.281893E-03
 1.62734    0.187482E-02   -0.672140E-04   -0.286915E-03
 1.64537    0.182740E-02   -0.504928E-04   -0.291560E-03
 1.66340    0.178135E-02   -0.343991E-04   -0.295843E-03
 1.68142    0.173663E-02   -0.189107E-04   -0.299782E-03
 1.69945    0.169321E-02   -0.400566E-05   -0.303391E-03
 1.71747    0.165102E-02    0.103363E-04   -0.306684E-03
 1.73550    0.161004E-02    0.241355E-04   -0.309675E-03
 1.75353    0.157023E-02    0.374106E-04   -0.312378E-03
 1.77155    0.153154E-02    0.501803E-04   -0.314804E-03
 1.78958    0.149394E-02    0.624622E-04   -0.316967E-03
 1.80761    0.145740E-02    0.742734E-04   -0.318877E-03
 1.82563    0.142188E-02    0.856302E-04   -0.320547E-03
 1.84366    0.138736E-02    0.965481E-04   -0.321986E-03
 1.86168    0.135379E-02    0.107042E-03   -0.323205E-03
 1.87971    0.132115E-02    0.117126E-03   -0.324214E-03
 1.89774    0.128942E-02    0.126814E-03   -0.325021E-03
 1.91576    0.125856E-02    0.136120E-03   -0.325635E-03
 1.93379    0.122856E-02    0.145055E-03   -0.326064E-03
 1.95181    0.119937E-02    0.153632E-03   -0.326318E-03
 1.96984    0.117099E-02    0.161863E-03   -0.326403E-03
 1.98787    0.114338E-02    0.169758E-03   -0.326327E-03
 2.00589    0.111653E-02    0.177329E-03   -0.326097E-03
 2.02392    0.109041E-02    0.184586E-03   -0.325719E-03
 2.04194    0.106501E-02    0.191539E-03   -0.325200E-03
 2.05997    0.104029E-02    0.198197E-03   -0.324546E-03
 2.07800    0.101625E-02    0.204570E-03   -0.323762E-03
 2.09602    0.992861E-03    0.210666E-03   -0.322855E-03
 2.11405    0.970112E-03    0.216493E-03   -0.321829E-03
 2.13207    0.947983E-03    0.222060E-03   -0.320690E-03
 2.15010    0.926458E-03    0.227374E-03   -0.319442E-03
 2.16813    0.905522E-03    0.232442E-03   -0.318089E-03
 2.18615    0.885160E-03    0.237273E-03   -0.316637E-03
 2.20418    0.865359E-03    0.241870E-03   -0.315088E-03
 2.22220    0.846103E-03    0.246242E-03   -0.313447E-03
 2.24023    0.827381E-03    0.250395E-03   -0.311718E-03
 2.25826    0.809181E-03    0.254334E-03   -0.309903E-03
 2.27628    0.791490E-03    0.258065E-03   -0.308006E-03
 2.29431    0.774297E-03    0.261592E-03   -0.306029E-03
 2.31233    0.757592E-03    0.264921E-03   -0.303976E-03
 2.33036    0.741364E-03    0.268055E-03   -0.301848E-03
 2.34839    0.725606E-03    0.271000E-03   -0.299648E-03
 2.36641    0.710307E-03    0.273759E-03   -0.297379E-03
 2.38444    0.695460E-03    0.276335E-03   -0.295041E-03
 2.40246    0.681056E-03    0.278734E-03   -0.292637E-03
 2.42049    0.667089E-03    0.280957E-03   -0.290169E-03
 2.43852    0.653552E-03    0.283008E-03   -0.287637E-03
 2.45654    0.640437E-03    0.284891E-03   -0.285044E-03
 2.47457    0.627738E-03    0.286606E-03   -0.282388E-03
 2.49260    0.615450E-03    0.288157E-03   -0.279673E-03
 2.51062    0.603568E-03    0.289548E-03   -0.276899E-03
 2.52865    0.592085E-03    0.290777E-03   -0.274067E-03
 2.54667    0.580996E-03    0.291850E-03   -0.271176E-03
 2.56470    0.570298E-03    0.292767E-03   -0.268230E-03
 2.58273    0.559985E-03    0.293530E-03   -0.265227E-03
 2.60075    0.550053E-03    0.294142E-03   -0.262167E-03
 2.61878    0.540498E-03    0.294603E-03   -0.259052E-03
 2.63680    0.531315E-03    0.294916E-03   -0.255882E-03
 2.65483    0.522499E-03    0.295083E-03   -0.252658E-03
 2.67286    0.514048E-03    0.295105E-03   -0.249379E-03
 2.69088    0.505956E-03    0.294983E-03   -0.246047E-03
 2.70891    0.498218E-03    0.294721E-03   -0.242661E-03
 2.72693    0.490829E-03    0.294321E-03   -0.239224E-03
 2.74496    0.483784E-03    0.293781E-03   -0.235735E-03
 2.76299    0.477077E-03    0.293109E-03   -0.232195E-03
 2.78101    0.470702E-03    0.292305E-03   -0.228606E-03
 2.79904    0.464652E-03    0.291373E-03   -0.224969E-03
 2.81706    0.458920E-03    0.290315E-03   -0.221285E-03
 2.83509    0.453498E-03    0.289134E-03   -0.217557E-03
 2.85312    0.448377E-03    0.287836E-03   -0.213787E-03
 2.87114    0.443548E-03    0.286424E-03   -0.209976E-03
 2.88917    0.439001E-03    0.284903E-03   -0.206127E-03
 2.90719    0.434724E-03    0.283278E-03   -0.202245E-03
 2.92522    0.430706E-03    0.281554E-03   -0.198331E-03
 2.94325    0.426933E-03    0.279738E-03   -0.194389E-03
 2.96127    0.423392E-03    0.277836E-03   -0.190423E-03
 2.97930    0.420068E-03    0.275855E-03   -0.186444E-03
 2.99732    0.416945E-03    0.273802E-03   -0.182444E-03
 3.01535    0.414006E-03    0.271686E-03   -0.178436E-03
 3.03338    0.411235E-03    0.269513E-03   -0.174423E-03
 3.05140    0.408612E-03    0.267295E-03   -0.170407E-03
 3.06943    0.406119E-03    0.265038E-03   -0.166404E-03
 3.08745    0.403735E-03    0.262753E-03   -0.162414E-03
 3.10548    0.401440E-03    0.260450E-03   -0.158445E-03
 3.12351    0.399213E-03    0.258139E-03   -0.154503E-03
 3.14153    0.397033E-03    0.255830E-03   -0.150596E-03
 3.15956    0.394877E-03    0.253534E-03   -0.146730E-03
 3.17759    0.392722E-03    0.251261E-03   -0.142912E-03
 3.19561    0.390548E-03    0.249022E-03   -0.139150E-03
 3.21364    0.388332E-03    0.246828E-03   -0.135452E-03
 3.23166    0.386052E-03    0.244689E-03   -0.131823E-03
 3.24969    0.383685E-03    0.242615E-03   -0.128272E-03
 3.26772    0.381212E-03    0.240618E-03   -0.124805E-03
 3.28574    0.378610E-03    0.238707E-03   -0.121429E-03
 3.30377    0.375862E-03    0.236891E-03   -0.118151E-03
 3.32179    0.372948E-03    0.235179E-03   -0.114976E-03
 3.33982    0.369848E-03    0.233581E-03   -0.111911E-03
 3.35785    0.366549E-03    0.232103E-03   -0.108961E-03
 3.37587    0.363032E-03    0.230754E-03   -0.106130E-03
 3.39390    0.359286E-03    0.229540E-03   -0.103423E-03
 3.41192    0.355298E-03    0.228465E-03   -0.100845E-03
 3.42995    0.351059E-03    0.227537E-03   -0.983971E-04
 3.44798    0.346556E-03    0.226759E-03   -0.960836E-04
 3.46600    0.341785E-03    0.226134E-03   -0.939058E-04
 3.48403    0.336739E-03    0.225665E-03   -0.918658E-04
 3.50205    0.331416E-03    0.225353E-03   -0.899635E-04
 3.52008    0.325812E-03    0.225200E-03   -0.881996E-04
 3.53811    0.319929E-03    0.225204E-03   -0.865732E-04
 3.55613    0.313769E-03    0.225365E-03   -0.850832E-04
 3.57416    0.307335E-03    0.225679E-03   -0.837277E-04
 3.59218    0.300634E-03    0.226145E-03   -0.825043E-04
 3.61021    0.293672E-03    0.226759E-03   -0.814097E-04
 3.62824    0.286458E-03    0.227516E-03   -0.804404E-04
 3.64626    0.279003E-03    0.228410E-03   -0.795921E-04
 3.66429    0.271318E-03    0.229436E-03   -0.788601E-04
 3.68231    0.263417E-03    0.230588E-03   -0.782394E-04
 3.70034    0.255315E-03    0.231858E-03   -0.777244E-04
 3.71837    0.247025E-03    0.233237E-03   -0.773092E-04
 3.73639    0.238565E-03    0.234717E-03   -0.769874E-04
 3.75442    0.229953E-03    0.236292E-03   -0.767525E-04
 3.77244    0.221205E-03    0.237950E-03   -0.765980E-04
 3.79047    0.212341E-03    0.239684E-03   -0.765167E-04
 3.80850    0.203379E-03    0.241483E-03   -0.765011E-04
 3.82652    0.194337E-03    0.243338E-03   -0.765447E-04
 3.84455    0.185236E-03    0.245240E-03   -0.766406E-04
 3.86258    0.176093E-03    0.247179E-03   -0.767812E-04
 3.88060    0.166928E-03    0.249146E-03   -0.769597E-04
 3.89863    0.157759E-03    0.251132E-03   -0.771691E-04
 3.91665    0.148604E-03    0.253128E-03   -0.774030E-04
 3.93468    0.139482E-03    0.255124E-03   -0.776540E-04
 3.95271    0.130408E-03    0.257112E-03   -0.779168E-04
 3.97073    0.121400E-03    0.259085E-03   -0.781846E-04
 3.98876    0.112474E-03    0.261034E-03   -0.784515E-04
 4.00678    0.103644E-03    0.262950E-03   -0.787133E-04
 4.02481    0.949253E-04    0.264829E-03   -0.789623E-04
 4.04284    0.863303E-04    0.266663E-03   -0.791956E-04
 4.06086    0.778715E-04    0.268446E-03   -0.794080E-04
 4.07889    0.695602E-04    0.270173E-03   -0.795955E-04
 4.09691    0.614071E-04    0.271837E-03   -0.797543E-04
 4.11494    0.534210E-04    0.273435E-03   -0.798807E-04
 4.13297    0.456111E-04    0.274962E-03   -0.799718E-04
 4.15099    0.379845E-04    0.276414E-03   -0.800249E-04
 4.16902    0.305481E-04    0.277789E-03   -0.800373E-04
 4.18704    0.233075E-04    0.279083E-03   -0.800073E-04
 4.20507    0.162675E-04    0.280294E-03   -0.799334E-04
 4.22310    0.943191E-05    0.281420E-03   -0.798127E-04
 4.24112    0.280412E-05    0.282460E-03   -0.796454E-04
 4.25915   -0.361385E-05    0.283412E-03   -0.794300E-04
 4.27717   -0.982052E-05    0.284276E-03   -0.791666E-04
 4.29520   -0.158149E-04    0.285051E-03   -0.788544E-04
 4.31323   -0.215972E-04    0.285737E-03   -0.784932E-04
 4.33125   -0.271678E-04    0.286335E-03   -0.780838E-04
 4.34928   -0.325277E-04    0.286844E-03   -0.776262E-04
 4.36730   -0.376788E-04    0.287267E-03   -0.771209E-04
 4.38533   -0.426231E-04    0.287603E-03   -0.765684E-04
 4.40336   -0.473631E-04    0.287854E-03   -0.759702E-04
 4.42138   -0.519019E-04    0.288022E-03   -0.753270E-04
 4.43941   -0.562429E-04    0.288108E-03   -0.746399E-04
 4.45743   -0.603895E-04    0.288114E-03   -0.739108E-04
 4.47546   -0.643459E-04    0.288042E-03   -0.731399E-04
 4.49349   -0.681165E-04    0.287894E-03   -0.723291E-04
 4.51151   -0.717049E-04    0.287671E-03   -0.714804E-04
 4.52954   -0.751168E-04    0.287378E-03   -0.705950E-04
 4.54757   -0.783563E-04    0.287015E-03   -0.696746E-04
 4.56559   -0.814287E-04    0.286585E-03   -0.687208E-04
 4.58362   -0.843387E-04    0.286090E-03   -0.677353E-04
 4.60164   -0.870916E-04    0.285534E-03   -0.667200E-04
 4.61967   -0.896917E-04    0.284917E-03   -0.656766E-04
 4.63770   -0.921447E-04    0.284244E-03   -0.646061E-04
 4.65572   -0.944588E-04    0.283515E-03   -0.635114E-04
 4.67375   -0.966333E-04    0.282735E-03   -0.623926E-04
 4.69177   -0.986735E-04    0.281904E-03   -0.612528E-04
 4.70980   -0.100588E-03    0.281026E-03   -0.600929E-04
 4.72783   -0.102376E-03    0.280102E-03   -0.589148E-04
 4.74585   -0.104050E-03    0.279135E-03   -0.577198E-04
 4.76388   -0.105611E-03    0.278128E-03   -0.565096E-04
 4.78190   -0.107064E-03    0.277082E-03   -0.552857E-04
 4.79993   -0.108413E-03    0.276000E-03   -0.540495E-04
 4.81796   -0.109662E-03    0.274883E-03   -0.528022E-04
 4.83598   -0.110816E-03    0.273734E-03   -0.515454E-04
 4.85401   -0.111879E-03    0.272555E-03   -0.502805E-04
 4.87203   -0.112855E-03    0.271347E-03   -0.490082E-04
 4.89006   -0.113748E-03    0.270113E-03   -0.477301E-04
 4.90809   -0.114562E-03    0.268853E-03   -0.464475E-04
 4.92611   -0.115299E-03    0.267571E-03   -0.451611E-04
 4.94414   -0.115965E-03    0.266267E-03   -0.438724E-04
 4.96216   -0.116561E-03    0.264944E-03   -0.425820E-04
 4.98019   -0.117092E-03    0.263602E-03   -0.412912E-04
 4.99822   -0.117560E-03    0.262242E-03   -0.400005E-04
 5.01624   -0.117969E-03    0.260868E-03   -0.387111E-04
 5.03427   -0.118321E-03    0.259479E-03   -0.374237E-04
 5.05229   -0.118620E-03    0.258077E-03   -0.361390E-04
 5.07032   -0.118867E-03    0.256663E-03   -0.348578E-04
 5.08835   -0.119065E-03    0.255239E-03   -0.335809E-04
 5.10637   -0.119217E-03    0.253805E-03   -0.323087E-04
 5.12440   -0.119326E-03    0.252363E-03   -0.310421E-04
 5.14242   -0.119393E-03    0.250913E-03   -0.297815E-04
 5.16045   -0.119420E-03    0.249457E-03   -0.285274E-04
 5.17848   -0.119410E-03    0.247995E-03   -0.272804E-04
 5.19650   -0.119364E-03    0.246528E-03   -0.260408E-04
 5.21453   -0.119284E-03    0.245057E-03   -0.248092E-04
 5.23256   -0.119173E-03    0.243583E-03   -0.235859E-04
 5.25058   -0.119031E-03    0.242107E-03   -0.223715E-04
 5.26861   -0.118860E-03    0.240628E-03   -0.211660E-04
 5.28663   -0.118662E-03    0.239149E-03   -0.199699E-04
 5.30466   -0.118439E-03    0.237669E-03   -0.187835E-04
 5.32269   -0.118191E-03    0.236189E-03   -0.176072E-04
 5.34071   -0.117921E-03    0.234710E-03   -0.164408E-04
 5.35874   -0.117628E-03    0.233231E-03   -0.152849E-04
 5.37676   -0.117315E-03    0.231755E-03   -0.141397E-04
 5.39479   -0.116983E-03    0.230280E-03   -0.130051E-04
 5.41282   -0.116632E-03    0.228808E-03   -0.118815E-04
 5.43084   -0.116264E-03    0.227339E-03   -0.107690E-04
 5.44887   -0.115880E-03    0.225873E-03   -0.966753E-05
 5.46689   -0.115480E-03    0.224410E-03   -0.857722E-05
 5.48492   -0.115067E-03    0.222952E-03   -0.749829E-05
 5.50295   -0.114639E-03    0.221498E-03   -0.643085E-05
 5.52097   -0.114199E-03    0.220049E-03   -0.537485E-05
 5.53900   -0.113747E-03    0.218604E-03   -0.433039E-05
 5.55702   -0.113283E-03    0.217165E-03   -0.329747E-05
 5.57505   -0.112809E-03    0.215731E-03   -0.227619E-05
 5.59308   -0.112325E-03    0.214303E-03   -0.126654E-05
 5.61110   -0.111832E-03    0.212880E-03   -0.268597E-06
 5.62913   -0.111331E-03    0.211464E-03    0.717649E-06
 5.64715   -0.110821E-03    0.210054E-03    0.169214E-05
 5.66518   -0.110304E-03    0.208650E-03    0.265485E-05
 5.68321   -0.109780E-03    0.207253E-03    0.360580E-05
 5.70123   -0.109249E-03    0.205863E-03    0.454492E-05
 5.71926   -0.108712E-03    0.204479E-03    0.547225E-05
 5.73728   -0.108170E-03    0.203103E-03    0.638770E-05
 5.75531   -0.107623E-03    0.201734E-03    0.729129E-05
 5.77334   -0.107071E-03    0.200372E-03    0.818293E-05
 5.79136   -0.106515E-03    0.199017E-03    0.906270E-05
 5.80939   -0.105955E-03    0.197670E-03    0.993052E-05
 5.82741   -0.105391E-03    0.196330E-03    0.107865E-04
 5.84544   -0.104824E-03    0.194998E-03    0.116305E-04
 5.86347   -0.104254E-03    0.193674E-03    0.124626E-04
 5.88149   -0.103682E-03    0.192357E-03    0.132830E-04
 5.89952   -0.103107E-03    0.191048E-03    0.140914E-04
 5.91755   -0.102531E-03    0.189747E-03    0.148880E-04
 5.93557   -0.101952E-03    0.188454E-03    0.156728E-04
 5.95360   -0.101373E-03    0.187169E-03    0.164460E-04
 5.97162   -0.100791E-03    0.185892E-03    0.172074E-04
 5.98965   -0.100209E-03    0.184623E-03    0.179572E-04
 6.00768   -0.996265E-04    0.183362E-03    0.186955E-04
 6.02570   -0.990431E-04    0.182109E-03    0.194224E-04
 6.04373   -0.984592E-04    0.180864E-03    0.201381E-04
 6.06175   -0.978752E-04    0.179627E-03    0.208425E-04
 6.07978   -0.972911E-04    0.178398E-03    0.215357E-04
 6.09781   -0.967074E-04    0.177178E-03    0.222182E-04
 6.11583   -0.961241E-04    0.175965E-03    0.228897E-04
 6.13386   -0.955413E-04    0.174761E-03    0.235506E-04
 6.15188   -0.949593E-04    0.173565E-03    0.242009E-04
 6.16991   -0.943783E-04    0.172377E-03    0.248408E-04
 6.18794   -0.937980E-04    0.171198E-03    0.254704E-04
 6.20596   -0.932193E-04    0.170026E-03    0.260897E-04
 6.22399   -0.926417E-04    0.168863E-03    0.266993E-04
 6.24201   -0.920658E-04    0.167708E-03    0.272990E-04
 6.26004   -0.914915E-04    0.166561E-03    0.278889E-04
 6.27807   -0.909190E-04    0.165422E-03    0.284692E-04
 6.29609   -0.903484E-04    0.164292E-03    0.290404E-04
 6.31412   -0.897800E-04    0.163170E-03    0.296020E-04
 6.33214   -0.892138E-04    0.162055E-03    0.301544E-04
 6.35017   -0.886499E-04    0.160950E-03    0.306978E-04
 6.36820   -0.880885E-04    0.159852E-03    0.312321E-04
 6.38622   -0.875297E-04    0.158762E-03    0.317575E-04
 6.40425   -0.869737E-04    0.157681E-03    0.322740E-04
 6.42227   -0.864204E-04    0.156607E-03    0.327818E-04
 6.44030   -0.858700E-04    0.155542E-03    0.332810E-04
 6.45833   -0.853229E-04    0.154485E-03    0.337715E-04
 6.47635   -0.847784E-04    0.153436E-03    0.342536E-04
 6.49438   -0.842375E-04    0.152395E-03    0.347271E-04
 6.51240   -0.837001E-04    0.151362E-03    0.351924E-04
 6.53043   -0.831660E-04    0.150338E-03    0.356490E-04
 6.54846   -0.826354E-04    0.149321E-03    0.360978E-04
 6.56648   -0.821087E-04    0.148312E-03    0.365381E-04
 6.58451   -0.815853E-04    0.147312E-03    0.369703E-04
 6.60254   -0.810659E-04    0.146319E-03    0.373943E-04
 6.62056   -0.805504E-04    0.145335E-03    0.378103E-04
 6.63859   -0.800389E-04    0.144358E-03    0.382183E-04
 6.65661   -0.795312E-04    0.143389E-03    0.386184E-04
 6.67464   -0.790273E-04    0.142428E-03    0.390106E-04
 6.69267   -0.785276E-04    0.141475E-03    0.393949E-04
 6.71069   -0.780320E-04    0.140530E-03    0.397716E-04
 6.72872   -0.775406E-04    0.139593E-03    0.401406E-04
 6.74674   -0.770533E-04    0.138663E-03    0.405021E-04
 6.76477   -0.765703E-04    0.137741E-03    0.408560E-04
 6.78280   -0.760913E-04    0.136827E-03    0.412025E-04
 6.80082   -0.756166E-04    0.135920E-03    0.415417E-04
 6.81885   -0.751460E-04    0.135021E-03    0.418737E-04
 6.83687   -0.746796E-04    0.134129E-03    0.421984E-04
 6.85490   -0.742173E-04    0.133245E-03    0.425162E-04
 6.87293   -0.737592E-04    0.132368E-03    0.428269E-04
 6.89095   -0.733051E-04    0.131498E-03    0.431308E-04
 6.90898   -0.728551E-04    0.130635E-03    0.434279E-04
 6.92700   -0.724090E-04    0.129780E-03    0.437183E-04
 6.94503   -0.719670E-04    0.128932E-03    0.440022E-04
 6.96306   -0.715290E-04    0.128091E-03    0.442797E-04
 6.98108   -0.710949E-04    0.127256E-03    0.445506E-04
 6.99911   -0.706645E-04    0.126429E-03    0.448155E-04
 7.01713   -0.702378E-04    0.125608E-03    0.450742E-04
 7.03516   -0.698149E-04    0.124794E-03    0.453269E-04
 7.05319   -0.693954E-04    0.123987E-03    0.455735E-04
 7.07121   -0.689795E-04    0.123186E-03    0.458143E-04
 7.08924   -0.685671E-04    0.122392E-03    0.460492E-04
 7.10726   -0.681579E-04    0.121604E-03    0.462786E-04
 7.12529   -0.677520E-04    0.120822E-03    0.465025E-04
 7.14332   -0.673492E-04    0.120046E-03    0.467208E-04
 7.16134   -0.669495E-04    0.119277E-03    0.469341E-04
 7.17937   -0.665528E-04    0.118514E-03    0.471419E-04
 7.19739   -0.661590E-04    0.117756E-03    0.473447E-04
 7.21542   -0.657679E-04    0.117004E-03    0.475424E-04
 7.23345   -0.653795E-04    0.116259E-03    0.477351E-04
 7.25147   -0.649937E-04    0.115518E-03    0.479231E-04
 7.26950   -0.646104E-04    0.114784E-03    0.481062E-04
 7.28753   -0.642296E-04    0.114054E-03    0.482847E-04
 7.30555   -0.638509E-04    0.113331E-03    0.484586E-04
 7.32358   -0.634745E-04    0.112612E-03    0.486281E-04
 7.34160   -0.631003E-04    0.111899E-03    0.487932E-04
 7.35963   -0.627282E-04    0.111191E-03    0.489539E-04
 7.37766   -0.623580E-04    0.110488E-03    0.491104E-04
 7.39568   -0.619898E-04    0.109790E-03    0.492629E-04
 7.41371   -0.616234E-04    0.109097E-03    0.494112E-04
 7.43173   -0.612587E-04    0.108409E-03    0.495556E-04
 7.44976   -0.608958E-04    0.107726E-03    0.496960E-04
 7.46779   -0.605345E-04    0.107047E-03    0.498327E-04
 7.48581   -0.601749E-04    0.106373E-03    0.499655E-04
 7.50384   -0.598167E-04    0.105704E-03    0.500947E-04
 7.52186   -0.594601E-04    0.105039E-03    0.502203E-04
 7.53989   -0.591049E-04    0.104379E-03    0.503423E-04
 7.55792   -0.587511E-04    0.103724E-03    0.504609E-04
 7.57594   -0.583987E-04    0.103072E-03    0.505760E-04
 7.59397   -0.580476E-04    0.102425E-03    0.506877E-04
 7.61199   -0.576979E-04    0.101783E-03    0.507961E-04
 7.63002   -0.573494E-04    0.101144E-03    0.509013E-04
 7.64805   -0.570022E-04    0.100510E-03    0.510033E-04
 7.66607   -0.566563E-04    0.998803E-04    0.511021E-04
 7.68410   -0.563115E-04    0.992545E-04    0.511978E-04
 7.70212   -0.559681E-04    0.986328E-04    0.512904E-04
 7.72015   -0.556258E-04    0.980152E-04    0.513800E-04
 7.73818   -0.552848E-04    0.974017E-04    0.514667E-04
 7.75620   -0.549450E-04    0.967922E-04    0.515504E-04
 7.77423   -0.546064E-04    0.961866E-04    0.516313E-04
 7.79225   -0.542691E-04    0.955853E-04    0.517093E-04
 7.81028   -0.539330E-04    0.949877E-04    0.517845E-04
 7.82831   -0.535981E-04    0.943939E-04    0.518569E-04
 7.84633   -0.532646E-04    0.938039E-04    0.519264E-04
 7.86436   -0.529323E-04    0.932179E-04    0.519936E-04
 7.88238   -0.526013E-04    0.926359E-04    0.520579E-04
 7.90041   -0.522716E-04    0.920576E-04    0.521196E-04
 7.91844   -0.519432E-04    0.914832E-04    0.521786E-04
 7.93646   -0.516162E-04    0.909125E-04    0.522351E-04
 7.95449   -0.512906E-04    0.903457E-04    0.522890E-04
 7.97252   -0.509664E-04    0.897826E-04    0.523404E-04
 7.99054   -0.506436E-04    0.892232E-04    0.523893E-04
 8.00857   -0.503222E-04    0.886676E-04    0.524358E-04
 8.02659   -0.500022E-04    0.881157E-04    0.524796E-04
 8.04462   -0.496838E-04    0.875675E-04    0.525212E-04
 8.06265   -0.493668E-04    0.870230E-04    0.525604E-04
 8.08067   -0.490514E-04    0.864821E-04    0.525972E-04
 8.09870   -0.487375E-04    0.859449E-04    0.526317E-04
 8.11672   -0.484251E-04    0.854114E-04    0.526639E-04
 8.13475   -0.481143E-04    0.848814E-04    0.526938E-04
 8.15278   -0.478051E-04    0.843551E-04    0.527214E-04
 8.17080   -0.474975E-04    0.838324E-04    0.527468E-04
 8.18883   -0.471916E-04    0.833132E-04    0.527700E-04
 8.20685   -0.468873E-04    0.827976E-04    0.527910E-04
 8.22488   -0.465846E-04    0.822855E-04    0.528098E-04
 8.24291   -0.462836E-04    0.817770E-04    0.528266E-04
 8.26093   -0.459843E-04    0.812722E-04    0.528412E-04
 8.27896   -0.456867E-04    0.807707E-04    0.528537E-04
 8.29698   -0.453909E-04    0.802726E-04    0.528641E-04
 8.31501   -0.450967E-04    0.797780E-04    0.528726E-04
 8.33304   -0.448043E-04    0.792866E-04    0.528789E-04
 8.35106   -0.445136E-04    0.787989E-04    0.528834E-04
 8.36909   -0.442246E-04    0.783146E-04    0.528858E-04
 8.38711   -0.439374E-04    0.778336E-04    0.528863E-04
 8.40514   -0.436520E-04    0.773560E-04    0.528848E-04
 8.42317   -0.433683E-04    0.768818E-04    0.528815E-04
 8.44119   -0.430864E-04    0.764109E-04    0.528763E-04
 8.45922   -0.428063E-04    0.759434E-04    0.528693E-04
 8.47724   -0.425280E-04    0.754791E-04    0.528604E-04
 8.49527   -0.422515E-04    0.750181E-04    0.528497E-04
 8.51330   -0.419768E-04    0.745604E-04    0.528373E-04
 8.53132   -0.417039E-04    0.741059E-04    0.528231E-04
 8.54935   -0.414327E-04    0.736546E-04    0.528072E-04
 8.56737   -0.411634E-04    0.732065E-04    0.527895E-04
 8.58540   -0.408959E-04    0.727617E-04    0.527702E-04
 8.60343   -0.406302E-04    0.723199E-04    0.527491E-04
 8.62145   -0.403663E-04    0.718814E-04    0.527264E-04
 8.63948   -0.401042E-04    0.714459E-04    0.527022E-04
 8.65751   -0.398439E-04    0.710136E-04    0.526763E-04
 8.67553   -0.395854E-04    0.705844E-04    0.526489E-04
 8.69356   -0.393288E-04    0.701582E-04    0.526198E-04
 8.71158   -0.390739E-04    0.697351E-04    0.525893E-04
 8.72961   -0.388209E-04    0.693150E-04    0.525572E-04
 8.74764   -0.385696E-04    0.688979E-04    0.525236E-04
 8.76566   -0.383202E-04    0.684841E-04    0.524886E-04
 8.78369   -0.380726E-04    0.680730E-04    0.524521E-04
 8.80171   -0.378267E-04    0.676648E-04    0.524142E-04
 8.81974   -0.375827E-04    0.672595E-04    0.523748E-04
 8.83777   -0.373404E-04    0.668572E-04    0.523341E-04
 8.85579   -0.371000E-04    0.664578E-04    0.522920E-04
 8.87382   -0.368613E-04    0.660613E-04    0.522486E-04
 8.89184   -0.366244E-04    0.656677E-04    0.522038E-04
 8.90987   -0.363893E-04    0.652769E-04    0.521577E-04
 8.92790   -0.361560E-04    0.648889E-04    0.521103E-04
 8.94592   -0.359245E-04    0.645038E-04    0.520617E-04
 8.96395   -0.356947E-04    0.641214E-04    0.520117E-04
 8.98197   -0.354666E-04    0.637418E-04    0.519606E-04
 9.00000   -0.352403E-04    0.633650E-04    0.519082E-04
