 0.00500    0.193385E-01   -0.988705E-02    0.753727E-02
 0.02303    0.155867E-01   -0.801098E-02    0.612967E-02
 0.04105    0.134280E-01   -0.693105E-02    0.531880E-02
 0.05908    0.118735E-01   -0.615302E-02    0.473398E-02
 0.07710    0.106599E-01   -0.554520E-02    0.427650E-02
 0.09513    0.966947E-02   -0.504890E-02    0.390242E-02
 0.11316    0.883805E-02   -0.463193E-02    0.358765E-02
 0.13118    0.812609E-02   -0.427457E-02    0.331739E-02
 0.14921    0.750738E-02   -0.396373E-02    0.308187E-02
 0.16723    0.696344E-02   -0.369019E-02    0.287420E-02
 0.18526    0.648080E-02   -0.344723E-02    0.268935E-02
 0.20329    0.604930E-02   -0.322977E-02    0.252353E-02
 0.22131    0.566105E-02   -0.303387E-02    0.237380E-02
 0.23934    0.530981E-02   -0.285642E-02    0.223785E-02
 0.25736    0.499054E-02   -0.269492E-02    0.211381E-02
 0.27539    0.469912E-02   -0.254731E-02    0.200014E-02
 0.29342    0.443216E-02   -0.241188E-02    0.189558E-02
 0.31144    0.418680E-02   -0.228724E-02    0.179907E-02
 0.32947    0.396062E-02   -0.217216E-02    0.170972E-02
 0.34749    0.375156E-02   -0.206562E-02    0.162676E-02
 0.36552    0.355785E-02   -0.196674E-02    0.154954E-02
 0.38355    0.337795E-02   -0.187475E-02    0.147748E-02
 0.40157    0.321053E-02   -0.178900E-02    0.141011E-02
 0.41960    0.305443E-02   -0.170889E-02    0.134698E-02
 0.43763    0.290861E-02   -0.163393E-02    0.128771E-02
 0.45565    0.277217E-02   -0.156365E-02    0.123198E-02
 0.47368    0.264431E-02   -0.149766E-02    0.117948E-02
 0.49170    0.252430E-02   -0.143559E-02    0.112995E-02
 0.50973    0.241150E-02   -0.137714E-02    0.108314E-02
 0.52776    0.230535E-02   -0.132201E-02    0.103886E-02
 0.54578    0.220532E-02   -0.126995E-02    0.996904E-03
 0.56381    0.211095E-02   -0.122073E-02    0.957105E-03
 0.58183    0.202181E-02   -0.117413E-02    0.919306E-03
 0.59986    0.193754E-02   -0.112996E-02    0.883367E-03
 0.61789    0.185777E-02   -0.108807E-02    0.849161E-03
 0.63591    0.178220E-02   -0.104828E-02    0.816572E-03
 0.65394    0.171054E-02   -0.101046E-02    0.785494E-03
 0.67196    0.164251E-02   -0.974474E-03    0.755822E-03
 0.68999    0.157790E-02   -0.940203E-03    0.727485E-03
 0.70802    0.151647E-02   -0.907538E-03    0.700386E-03
 0.72604    0.145803E-02   -0.876378E-03    0.674455E-03
 0.74407    0.140237E-02   -0.846631E-03    0.649623E-03
 0.76209    0.134935E-02   -0.818210E-03    0.625826E-03
 0.78012    0.129878E-02   -0.791039E-03    0.603006E-03
 0.79815    0.125054E-02   -0.765044E-03    0.581108E-03
 0.81617    0.120448E-02   -0.740156E-03    0.560082E-03
 0.83420    0.116049E-02   -0.716316E-03    0.539882E-03
 0.85222    0.111843E-02   -0.693464E-03    0.520464E-03
 0.87025    0.107821E-02   -0.671545E-03    0.501788E-03
 0.88828    0.103972E-02   -0.650511E-03    0.483815E-03
 0.90630    0.100288E-02   -0.630313E-03    0.466512E-03
 0.92433    0.967580E-03   -0.610909E-03    0.449845E-03
 0.94235    0.933755E-03   -0.592258E-03    0.433784E-03
 0.96038    0.901325E-03   -0.574323E-03    0.418299E-03
 0.97841    0.870219E-03   -0.557067E-03    0.403366E-03
 0.99643    0.840370E-03   -0.540458E-03    0.388957E-03
 1.01446    0.811714E-03   -0.524464E-03    0.375050E-03
 1.03248    0.784194E-03   -0.509055E-03    0.361622E-03
 1.05051    0.757754E-03   -0.494205E-03    0.348653E-03
 1.06854    0.732344E-03   -0.479886E-03    0.336121E-03
 1.08656    0.707910E-03   -0.466075E-03    0.324010E-03
 1.10459    0.684412E-03   -0.452749E-03    0.312301E-03
 1.12262    0.661805E-03   -0.439887E-03    0.300978E-03
 1.14064    0.640048E-03   -0.427467E-03    0.290025E-03
 1.15867    0.619101E-03   -0.415472E-03    0.279428E-03
 1.17669    0.598930E-03   -0.403881E-03    0.269172E-03
 1.19472    0.579500E-03   -0.392678E-03    0.259245E-03
 1.21275    0.560778E-03   -0.381847E-03    0.249632E-03
 1.23077    0.542735E-03   -0.371373E-03    0.240324E-03
 1.24880    0.525338E-03   -0.361240E-03    0.231307E-03
 1.26682    0.508562E-03   -0.351435E-03    0.222572E-03
 1.28485    0.492381E-03   -0.341945E-03    0.214108E-03
 1.30288    0.476770E-03   -0.332756E-03    0.205904E-03
 1.32090    0.461704E-03   -0.323858E-03    0.197953E-03
 1.33893    0.447163E-03   -0.315238E-03    0.190245E-03
 1.35695    0.433124E-03   -0.306887E-03    0.182770E-03
 1.37498    0.419567E-03   -0.298793E-03    0.175522E-03
 1.39301    0.406474E-03   -0.290948E-03    0.168493E-03
 1.41103    0.393826E-03   -0.283342E-03    0.161675E-03
 1.42906    0.381605E-03   -0.275966E-03    0.155061E-03
 1.44708    0.369795E-03   -0.268811E-03    0.148644E-03
 1.46511    0.358381E-03   -0.261871E-03    0.142419E-03
 1.48314    0.347347E-03   -0.255136E-03    0.136377E-03
 1.50116    0.336679E-03   -0.248600E-03    0.130516E-03
 1.51919    0.326363E-03   -0.242256E-03    0.124827E-03
 1.53721    0.316387E-03   -0.236098E-03    0.119306E-03
 1.55524    0.306738E-03   -0.230118E-03    0.113948E-03
 1.57327    0.297404E-03   -0.224311E-03    0.108747E-03
 1.59129    0.288375E-03   -0.218671E-03    0.103700E-03
 1.60932    0.279639E-03   -0.213193E-03    0.988002E-04
 1.62734    0.271187E-03   -0.207872E-03    0.940449E-04
 1.64537    0.263008E-03   -0.202702E-03    0.894294E-04
 1.66340    0.255094E-03   -0.197678E-03    0.849498E-04
 1.68142    0.247436E-03   -0.192797E-03    0.806022E-04
 1.69945    0.240025E-03   -0.188053E-03    0.763830E-04
 1.71747    0.232853E-03   -0.183444E-03    0.722885E-04
 1.73550    0.225914E-03   -0.178964E-03    0.683156E-04
 1.75353    0.219199E-03   -0.174610E-03    0.644613E-04
 1.77155    0.212702E-03   -0.170378E-03    0.607217E-04
 1.78958    0.206417E-03   -0.166266E-03    0.570945E-04
 1.80761    0.200337E-03   -0.162270E-03    0.535768E-04
 1.82563    0.194457E-03   -0.158386E-03    0.501659E-04
 1.84366    0.188772E-03   -0.154613E-03    0.468591E-04
 1.86168    0.183277E-03   -0.150953E-03    0.436543E-04
 1.87971    0.177966E-03   -0.147392E-03    0.405492E-04
 1.89774    0.172835E-03   -0.143934E-03    0.375415E-04
 1.91576    0.167881E-03   -0.140576E-03    0.346291E-04
 1.93379    0.163099E-03   -0.137316E-03    0.318101E-04
 1.95181    0.158485E-03   -0.134147E-03    0.290825E-04
 1.96984    0.154037E-03   -0.131078E-03    0.264445E-04
 1.98787    0.149751E-03   -0.128106E-03    0.238946E-04
 2.00589    0.145623E-03   -0.125215E-03    0.214311E-04
 2.02392    0.141652E-03   -0.122419E-03    0.190522E-04
 2.04194    0.137833E-03   -0.119710E-03    0.167565E-04
 2.05997    0.134166E-03   -0.117087E-03    0.145424E-04
 2.07800    0.130646E-03   -0.114550E-03    0.124086E-04
 2.09602    0.127271E-03   -0.112095E-03    0.103535E-04
 2.11405    0.124039E-03   -0.109722E-03    0.837567E-05
 2.13207    0.120947E-03   -0.107430E-03    0.647353E-05
 2.15010    0.117992E-03   -0.105216E-03    0.464564E-05
 2.16813    0.115172E-03   -0.103079E-03    0.289046E-05
 2.18615    0.112483E-03   -0.101018E-03    0.120663E-05
 2.20418    0.109923E-03   -0.990308E-04   -0.407993E-06
 2.22220    0.107487E-03   -0.971155E-04   -0.195502E-05
 2.24023    0.105173E-03   -0.952698E-04   -0.343630E-05
 2.25826    0.102976E-03   -0.934917E-04   -0.485390E-05
 2.27628    0.100891E-03   -0.917792E-04   -0.620998E-05
 2.29431    0.989139E-04   -0.901291E-04   -0.750677E-05
 2.31233    0.970397E-04   -0.885389E-04   -0.874681E-05
 2.33036    0.952624E-04   -0.870057E-04   -0.993264E-05
 2.34839    0.935761E-04   -0.855261E-04   -0.110671E-04
 2.36641    0.919737E-04   -0.840968E-04   -0.121531E-04
 2.38444    0.904487E-04   -0.827139E-04   -0.131937E-04
 2.40246    0.889936E-04   -0.813737E-04   -0.141923E-04
 2.42049    0.876004E-04   -0.800719E-04   -0.151524E-04
 2.43852    0.862605E-04   -0.788043E-04   -0.160775E-04
 2.45654    0.849660E-04   -0.775664E-04   -0.169714E-04
 2.47457    0.837074E-04   -0.763536E-04   -0.178376E-04
 2.49260    0.824754E-04   -0.751609E-04   -0.186804E-04
 2.51062    0.812610E-04   -0.739838E-04   -0.195037E-04
 2.52865    0.800545E-04   -0.728171E-04   -0.203114E-04
 2.54667    0.788469E-04   -0.716562E-04   -0.211074E-04
 2.56470    0.776282E-04   -0.704960E-04   -0.218959E-04
 2.58273    0.763896E-04   -0.693319E-04   -0.226806E-04
 2.60075    0.751215E-04   -0.681590E-04   -0.234649E-04
 2.61878    0.738157E-04   -0.669730E-04   -0.242539E-04
 2.63680    0.724639E-04   -0.657696E-04   -0.250497E-04
 2.65483    0.710583E-04   -0.645448E-04   -0.258558E-04
 2.67286    0.695920E-04   -0.632951E-04   -0.266753E-04
 2.69088    0.680585E-04   -0.620170E-04   -0.275109E-04
 2.70891    0.664522E-04   -0.607076E-04   -0.283653E-04
 2.72693    0.647682E-04   -0.593644E-04   -0.292403E-04
 2.74496    0.630025E-04   -0.579854E-04   -0.301377E-04
 2.76299    0.611522E-04   -0.565688E-04   -0.310590E-04
 2.78101    0.592152E-04   -0.551137E-04   -0.320052E-04
 2.79904    0.571902E-04   -0.536193E-04   -0.329769E-04
 2.81706    0.550772E-04   -0.520855E-04   -0.339744E-04
 2.83509    0.528771E-04   -0.505127E-04   -0.349975E-04
 2.85312    0.505917E-04   -0.489018E-04   -0.360457E-04
 2.87114    0.482235E-04   -0.472540E-04   -0.371182E-04
 2.88917    0.457760E-04   -0.455710E-04   -0.382138E-04
 2.90719    0.432535E-04   -0.438547E-04   -0.393310E-04
 2.92522    0.406612E-04   -0.421080E-04   -0.404680E-04
 2.94325    0.380047E-04   -0.403336E-04   -0.416228E-04
 2.96127    0.352905E-04   -0.385346E-04   -0.427928E-04
 2.97930    0.325256E-04   -0.367146E-04   -0.439758E-04
 2.99732    0.297171E-04   -0.348772E-04   -0.451689E-04
 3.01535    0.268727E-04   -0.330260E-04   -0.463693E-04
 3.03338    0.240003E-04   -0.311651E-04   -0.475741E-04
 3.05140    0.211078E-04   -0.292985E-04   -0.487803E-04
 3.06943    0.182032E-04   -0.274302E-04   -0.499848E-04
 3.08745    0.152949E-04   -0.255644E-04   -0.511847E-04
 3.10548    0.123908E-04   -0.237050E-04   -0.523767E-04
 3.12351    0.949874E-05   -0.218560E-04   -0.535583E-04
 3.14153    0.662645E-05   -0.200212E-04   -0.547261E-04
 3.15956    0.378130E-05   -0.182045E-04   -0.558779E-04
 3.17759    0.970181E-06   -0.164091E-04   -0.570105E-04
 3.19561   -0.180025E-05   -0.146385E-04   -0.581217E-04
 3.21364   -0.452382E-05   -0.128958E-04   -0.592088E-04
 3.23166   -0.719488E-05   -0.111838E-04   -0.602703E-04
 3.24969   -0.980802E-05   -0.950520E-05   -0.613036E-04
 3.26772   -0.123586E-04   -0.786236E-05   -0.623072E-04
 3.28574   -0.148423E-04   -0.625741E-05   -0.632793E-04
 3.30377   -0.172553E-04   -0.469228E-05   -0.642187E-04
 3.32179   -0.195944E-04   -0.316859E-05   -0.651242E-04
 3.33982   -0.218569E-04   -0.168775E-05   -0.659947E-04
 3.35785   -0.240403E-04   -0.250880E-06   -0.668292E-04
 3.37587   -0.261431E-04    0.114116E-05   -0.676272E-04
 3.39390   -0.281639E-04    0.248774E-05   -0.683882E-04
 3.41192   -0.301019E-04    0.378839E-05   -0.691118E-04
 3.42995   -0.319566E-04    0.504291E-05   -0.697980E-04
 3.44798   -0.337277E-04    0.625121E-05   -0.704467E-04
 3.46600   -0.354157E-04    0.741344E-05   -0.710581E-04
 3.48403   -0.370208E-04    0.852989E-05   -0.716323E-04
 3.50205   -0.385441E-04    0.960094E-05   -0.721698E-04
 3.52008   -0.399865E-04    0.106273E-04   -0.726710E-04
 3.53811   -0.413495E-04    0.116094E-04   -0.731365E-04
 3.55613   -0.426346E-04    0.125483E-04   -0.735669E-04
 3.57416   -0.438437E-04    0.134448E-04   -0.739629E-04
 3.59218   -0.449787E-04    0.142999E-04   -0.743254E-04
 3.61021   -0.460415E-04    0.151148E-04   -0.746552E-04
 3.62824   -0.470344E-04    0.158903E-04   -0.749529E-04
 3.64626   -0.479594E-04    0.166278E-04   -0.752200E-04
 3.66429   -0.488189E-04    0.173284E-04   -0.754570E-04
 3.68231   -0.496152E-04    0.179932E-04   -0.756648E-04
 3.70034   -0.503506E-04    0.186234E-04   -0.758447E-04
 3.71837   -0.510276E-04    0.192204E-04   -0.759973E-04
 3.73639   -0.516486E-04    0.197854E-04   -0.761240E-04
 3.75442   -0.522158E-04    0.203195E-04   -0.762254E-04
 3.77244   -0.527318E-04    0.208240E-04   -0.763028E-04
 3.79047   -0.531988E-04    0.213000E-04   -0.763569E-04
 3.80850   -0.536190E-04    0.217489E-04   -0.763888E-04
 3.82652   -0.539947E-04    0.221717E-04   -0.763994E-04
 3.84455   -0.543280E-04    0.225695E-04   -0.763895E-04
 3.86258   -0.546212E-04    0.229435E-04   -0.763602E-04
 3.88060   -0.548761E-04    0.232946E-04   -0.763121E-04
 3.89863   -0.550949E-04    0.236241E-04   -0.762463E-04
 3.91665   -0.552794E-04    0.239328E-04   -0.761636E-04
 3.93468   -0.554314E-04    0.242217E-04   -0.760646E-04
 3.95271   -0.555528E-04    0.244917E-04   -0.759501E-04
 3.97073   -0.556452E-04    0.247438E-04   -0.758208E-04
 3.98876   -0.557102E-04    0.249788E-04   -0.756776E-04
 4.00678   -0.557496E-04    0.251976E-04   -0.755212E-04
 4.02481   -0.557647E-04    0.254008E-04   -0.753521E-04
 4.04284   -0.557570E-04    0.255894E-04   -0.751709E-04
 4.06086   -0.557277E-04    0.257639E-04   -0.749782E-04
 4.07889   -0.556783E-04    0.259251E-04   -0.747748E-04
 4.09691   -0.556100E-04    0.260737E-04   -0.745610E-04
 4.11494   -0.555238E-04    0.262103E-04   -0.743373E-04
 4.13297   -0.554209E-04    0.263354E-04   -0.741044E-04
 4.15099   -0.553023E-04    0.264496E-04   -0.738628E-04
 4.16902   -0.551691E-04    0.265535E-04   -0.736128E-04
 4.18704   -0.550222E-04    0.266476E-04   -0.733549E-04
 4.20507   -0.548625E-04    0.267324E-04   -0.730896E-04
 4.22310   -0.546908E-04    0.268083E-04   -0.728172E-04
 4.24112   -0.545080E-04    0.268758E-04   -0.725380E-04
 4.25915   -0.543147E-04    0.269352E-04   -0.722526E-04
 4.27717   -0.541117E-04    0.269871E-04   -0.719612E-04
 4.29520   -0.538996E-04    0.270317E-04   -0.716641E-04
 4.31323   -0.536791E-04    0.270694E-04   -0.713615E-04
 4.33125   -0.534508E-04    0.271006E-04   -0.710542E-04
 4.34928   -0.532153E-04    0.271255E-04   -0.707420E-04
 4.36730   -0.529731E-04    0.271446E-04   -0.704253E-04
 4.38533   -0.527246E-04    0.271580E-04   -0.701044E-04
 4.40336   -0.524705E-04    0.271660E-04   -0.697794E-04
 4.42138   -0.522111E-04    0.271690E-04   -0.694507E-04
 4.43941   -0.519468E-04    0.271672E-04   -0.691185E-04
 4.45743   -0.516781E-04    0.271607E-04   -0.687829E-04
 4.47546   -0.514053E-04    0.271498E-04   -0.684442E-04
 4.49349   -0.511288E-04    0.271348E-04   -0.681027E-04
 4.51151   -0.508489E-04    0.271158E-04   -0.677584E-04
 4.52954   -0.505660E-04    0.270931E-04   -0.674117E-04
 4.54757   -0.502802E-04    0.270667E-04   -0.670627E-04
 4.56559   -0.499920E-04    0.270370E-04   -0.667115E-04
 4.58362   -0.497016E-04    0.270040E-04   -0.663584E-04
 4.60164   -0.494092E-04    0.269679E-04   -0.660035E-04
 4.61967   -0.491151E-04    0.269288E-04   -0.656471E-04
 4.63770   -0.488194E-04    0.268870E-04   -0.652892E-04
 4.65572   -0.485225E-04    0.268425E-04   -0.649301E-04
 4.67375   -0.482245E-04    0.267955E-04   -0.645698E-04
 4.69177   -0.479255E-04    0.267460E-04   -0.642085E-04
 4.70980   -0.476259E-04    0.266943E-04   -0.638465E-04
 4.72783   -0.473256E-04    0.266404E-04   -0.634837E-04
 4.74585   -0.470249E-04    0.265844E-04   -0.631203E-04
 4.76388   -0.467240E-04    0.265265E-04   -0.627564E-04
 4.78190   -0.464230E-04    0.264667E-04   -0.623921E-04
 4.79993   -0.461220E-04    0.264051E-04   -0.620275E-04
 4.81796   -0.458211E-04    0.263418E-04   -0.616626E-04
 4.83598   -0.455205E-04    0.262770E-04   -0.612976E-04
 4.85401   -0.452202E-04    0.262106E-04   -0.609325E-04
 4.87203   -0.449205E-04    0.261429E-04   -0.605673E-04
 4.89006   -0.446214E-04    0.260738E-04   -0.602022E-04
 4.90809   -0.443229E-04    0.260034E-04   -0.598372E-04
 4.92611   -0.440252E-04    0.259318E-04   -0.594723E-04
 4.94414   -0.437285E-04    0.258591E-04   -0.591076E-04
 4.96216   -0.434326E-04    0.257853E-04   -0.587432E-04
 4.98019   -0.431379E-04    0.257105E-04   -0.583791E-04
 4.99822   -0.428442E-04    0.256349E-04   -0.580153E-04
 5.01624   -0.425518E-04    0.255583E-04   -0.576520E-04
 5.03427   -0.422606E-04    0.254809E-04   -0.572892E-04
 5.05229   -0.419708E-04    0.254028E-04   -0.569269E-04
 5.07032   -0.416824E-04    0.253240E-04   -0.565652E-04
 5.08835   -0.413955E-04    0.252445E-04   -0.562042E-04
 5.10637   -0.411101E-04    0.251645E-04   -0.558438E-04
 5.12440   -0.408263E-04    0.250839E-04   -0.554842E-04
 5.14242   -0.405442E-04    0.250029E-04   -0.551255E-04
 5.16045   -0.402637E-04    0.249213E-04   -0.547676E-04
 5.17848   -0.399850E-04    0.248394E-04   -0.544106E-04
 5.19650   -0.397081E-04    0.247572E-04   -0.540547E-04
 5.21453   -0.394330E-04    0.246746E-04   -0.536996E-04
 5.23256   -0.391598E-04    0.245916E-04   -0.533458E-04
 5.25058   -0.388884E-04    0.245085E-04   -0.529929E-04
 5.26861   -0.386190E-04    0.244252E-04   -0.526412E-04
 5.28663   -0.383516E-04    0.243417E-04   -0.522906E-04
 5.30466   -0.380861E-04    0.242581E-04   -0.519412E-04
 5.32269   -0.378227E-04    0.241743E-04   -0.515930E-04
 5.34071   -0.375613E-04    0.240905E-04   -0.512461E-04
 5.35874   -0.373018E-04    0.240066E-04   -0.509004E-04
 5.37676   -0.370445E-04    0.239226E-04   -0.505561E-04
 5.39479   -0.367892E-04    0.238386E-04   -0.502131E-04
 5.41282   -0.365359E-04    0.237546E-04   -0.498714E-04
 5.43084   -0.362846E-04    0.236706E-04   -0.495311E-04
 5.44887   -0.360354E-04    0.235867E-04   -0.491921E-04
 5.46689   -0.357883E-04    0.235027E-04   -0.488556E-04
 5.48492   -0.355431E-04    0.234188E-04   -0.485195E-04
 5.50295   -0.353000E-04    0.233350E-04   -0.481848E-04
 5.52097   -0.350588E-04    0.232512E-04   -0.478516E-04
 5.53900   -0.348196E-04    0.231675E-04   -0.475198E-04
 5.55702   -0.345823E-04    0.230838E-04   -0.471895E-04
 5.57505   -0.343470E-04    0.230002E-04   -0.468607E-04
 5.59308   -0.341135E-04    0.229167E-04   -0.465333E-04
 5.61110   -0.338819E-04    0.228332E-04   -0.462078E-04
 5.62913   -0.336521E-04    0.227498E-04   -0.458833E-04
 5.64715   -0.334240E-04    0.226664E-04   -0.455603E-04
 5.66518   -0.331978E-04    0.225830E-04   -0.452388E-04
 5.68321   -0.329732E-04    0.224998E-04   -0.449188E-04
 5.70123   -0.327503E-04    0.224165E-04   -0.446002E-04
 5.71926   -0.325290E-04    0.223333E-04   -0.442831E-04
 5.73728   -0.323094E-04    0.222501E-04   -0.439675E-04
 5.75531   -0.320913E-04    0.221669E-04   -0.436533E-04
 5.77334   -0.318747E-04    0.220838E-04   -0.433405E-04
 5.79136   -0.316597E-04    0.220006E-04   -0.430292E-04
 5.80939   -0.314460E-04    0.219175E-04   -0.427193E-04
 5.82741   -0.312338E-04    0.218343E-04   -0.424108E-04
 5.84544   -0.310230E-04    0.217511E-04   -0.421038E-04
 5.86347   -0.308135E-04    0.216679E-04   -0.417972E-04
 5.88149   -0.306054E-04    0.215847E-04   -0.414930E-04
 5.89952   -0.303985E-04    0.215015E-04   -0.411902E-04
 5.91755   -0.301929E-04    0.214182E-04   -0.408888E-04
 5.93557   -0.299885E-04    0.213349E-04   -0.405888E-04
 5.95360   -0.297854E-04    0.212515E-04   -0.402902E-04
 5.97162   -0.295834E-04    0.211681E-04   -0.399930E-04
 5.98965   -0.293825E-04    0.210847E-04   -0.396972E-04
 6.00768   -0.291828E-04    0.210012E-04   -0.394028E-04
 6.02570   -0.289843E-04    0.209177E-04   -0.391098E-04
 6.04373   -0.287868E-04    0.208341E-04   -0.388182E-04
 6.06175   -0.285905E-04    0.207505E-04   -0.385279E-04
 6.07978   -0.283952E-04    0.206669E-04   -0.382390E-04
 6.09781   -0.282010E-04    0.205832E-04   -0.379516E-04
 6.11583   -0.280078E-04    0.204996E-04   -0.376655E-04
 6.13386   -0.278158E-04    0.204159E-04   -0.373808E-04
 6.15188   -0.276247E-04    0.203322E-04   -0.370975E-04
 6.16991   -0.274348E-04    0.202485E-04   -0.368155E-04
 6.18794   -0.272459E-04    0.201648E-04   -0.365350E-04
 6.20596   -0.270580E-04    0.200811E-04   -0.362559E-04
 6.22399   -0.268712E-04    0.199974E-04   -0.359782E-04
 6.24201   -0.266854E-04    0.199138E-04   -0.357019E-04
 6.26004   -0.265007E-04    0.198302E-04   -0.354270E-04
 6.27807   -0.263171E-04    0.197466E-04   -0.351531E-04
 6.29609   -0.261345E-04    0.196631E-04   -0.348811E-04
 6.31412   -0.259529E-04    0.195797E-04   -0.346104E-04
 6.33214   -0.257725E-04    0.194964E-04   -0.343412E-04
 6.35017   -0.255931E-04    0.194131E-04   -0.340734E-04
 6.36820   -0.254148E-04    0.193299E-04   -0.338071E-04
 6.38622   -0.252376E-04    0.192469E-04   -0.335421E-04
 6.40425   -0.250614E-04    0.191640E-04   -0.332786E-04
 6.42227   -0.248864E-04    0.190811E-04   -0.330166E-04
 6.44030   -0.247124E-04    0.189985E-04   -0.327560E-04
 6.45833   -0.245396E-04    0.189159E-04   -0.324968E-04
 6.47635   -0.243678E-04    0.188336E-04   -0.322391E-04
 6.49438   -0.241972E-04    0.187514E-04   -0.319828E-04
 6.51240   -0.240277E-04    0.186694E-04   -0.317280E-04
 6.53043   -0.238593E-04    0.185875E-04   -0.314746E-04
 6.54846   -0.236921E-04    0.185059E-04   -0.312227E-04
 6.56648   -0.235260E-04    0.184244E-04   -0.309723E-04
 6.58451   -0.233610E-04    0.183432E-04   -0.307233E-04
 6.60254   -0.231972E-04    0.182622E-04   -0.304758E-04
 6.62056   -0.230345E-04    0.181814E-04   -0.302297E-04
 6.63859   -0.228730E-04    0.181009E-04   -0.299851E-04
 6.65661   -0.227126E-04    0.180206E-04   -0.297420E-04
 6.67464   -0.225534E-04    0.179405E-04   -0.295004E-04
 6.69267   -0.223953E-04    0.178607E-04   -0.292602E-04
 6.71069   -0.222384E-04    0.177812E-04   -0.290214E-04
 6.72872   -0.220826E-04    0.177019E-04   -0.287842E-04
 6.74674   -0.219280E-04    0.176229E-04   -0.285484E-04
 6.76477   -0.217746E-04    0.175442E-04   -0.283141E-04
 6.78280   -0.216223E-04    0.174658E-04   -0.280812E-04
 6.80082   -0.214712E-04    0.173876E-04   -0.278498E-04
 6.81885   -0.213212E-04    0.173098E-04   -0.276199E-04
 6.83687   -0.211724E-04    0.172323E-04   -0.273914E-04
 6.85490   -0.210248E-04    0.171550E-04   -0.271643E-04
 6.87293   -0.208783E-04    0.170781E-04   -0.269387E-04
 6.89095   -0.207330E-04    0.170015E-04   -0.267146E-04
 6.90898   -0.205888E-04    0.169252E-04   -0.264919E-04
 6.92700   -0.204457E-04    0.168492E-04   -0.262707E-04
 6.94503   -0.203038E-04    0.167736E-04   -0.260509E-04
 6.96306   -0.201631E-04    0.166982E-04   -0.258325E-04
 6.98108   -0.200235E-04    0.166233E-04   -0.256156E-04
 6.99911   -0.198850E-04    0.165486E-04   -0.254001E-04
 7.01713   -0.197476E-04    0.164743E-04   -0.251860E-04
 7.03516   -0.196114E-04    0.164003E-04   -0.249734E-04
 7.05319   -0.194763E-04    0.163267E-04   -0.247621E-04
 7.07121   -0.193424E-04    0.162534E-04   -0.245523E-04
 7.08924   -0.192095E-04    0.161804E-04   -0.243439E-04
 7.10726   -0.190778E-04    0.161078E-04   -0.241370E-04
 7.12529   -0.189472E-04    0.160356E-04   -0.239314E-04
 7.14332   -0.188176E-04    0.159637E-04   -0.237272E-04
 7.16134   -0.186892E-04    0.158921E-04   -0.235244E-04
 7.17937   -0.185619E-04    0.158209E-04   -0.233230E-04
 7.19739   -0.184356E-04    0.157501E-04   -0.231230E-04
 7.21542   -0.183104E-04    0.156796E-04   -0.229243E-04
 7.23345   -0.181863E-04    0.156094E-04   -0.227270E-04
 7.25147   -0.180632E-04    0.155397E-04   -0.225311E-04
 7.26950   -0.179412E-04    0.154702E-04   -0.223365E-04
 7.28753   -0.178203E-04    0.154011E-04   -0.221433E-04
 7.30555   -0.177004E-04    0.153324E-04   -0.219515E-04
 7.32358   -0.175815E-04    0.152640E-04   -0.217610E-04
 7.34160   -0.174636E-04    0.151960E-04   -0.215718E-04
 7.35963   -0.173468E-04    0.151284E-04   -0.213840E-04
 7.37766   -0.172309E-04    0.150610E-04   -0.211974E-04
 7.39568   -0.171161E-04    0.149941E-04   -0.210122E-04
 7.41371   -0.170022E-04    0.149274E-04   -0.208283E-04
 7.43173   -0.168893E-04    0.148611E-04   -0.206457E-04
 7.44976   -0.167774E-04    0.147952E-04   -0.204644E-04
 7.46779   -0.166664E-04    0.147296E-04   -0.202843E-04
 7.48581   -0.165565E-04    0.146644E-04   -0.201057E-04
 7.50384   -0.164474E-04    0.145995E-04   -0.199281E-04
 7.52186   -0.163393E-04    0.145349E-04   -0.197519E-04
 7.53989   -0.162321E-04    0.144707E-04   -0.195770E-04
 7.55792   -0.161258E-04    0.144068E-04   -0.194033E-04
 7.57594   -0.160205E-04    0.143432E-04   -0.192308E-04
 7.59397   -0.159160E-04    0.142800E-04   -0.190596E-04
 7.61199   -0.158125E-04    0.142171E-04   -0.188896E-04
 7.63002   -0.157098E-04    0.141545E-04   -0.187209E-04
 7.64805   -0.156080E-04    0.140923E-04   -0.185533E-04
 7.66607   -0.155071E-04    0.140304E-04   -0.183870E-04
 7.68410   -0.154070E-04    0.139688E-04   -0.182219E-04
 7.70212   -0.153078E-04    0.139076E-04   -0.180580E-04
 7.72015   -0.152094E-04    0.138466E-04   -0.178952E-04
 7.73818   -0.151119E-04    0.137860E-04   -0.177336E-04
 7.75620   -0.150152E-04    0.137257E-04   -0.175732E-04
 7.77423   -0.149193E-04    0.136657E-04   -0.174140E-04
 7.79225   -0.148242E-04    0.136061E-04   -0.172559E-04
 7.81028   -0.147299E-04    0.135467E-04   -0.170990E-04
 7.82831   -0.146364E-04    0.134877E-04   -0.169432E-04
 7.84633   -0.145437E-04    0.134289E-04   -0.167886E-04
 7.86436   -0.144518E-04    0.133705E-04   -0.166351E-04
 7.88238   -0.143606E-04    0.133124E-04   -0.164827E-04
 7.90041   -0.142702E-04    0.132546E-04   -0.163315E-04
 7.91844   -0.141806E-04    0.131971E-04   -0.161813E-04
 7.93646   -0.140917E-04    0.131398E-04   -0.160323E-04
 7.95449   -0.140035E-04    0.130829E-04   -0.158843E-04
 7.97252   -0.139161E-04    0.130263E-04   -0.157374E-04
 7.99054   -0.138294E-04    0.129700E-04   -0.155916E-04
 8.00857   -0.137434E-04    0.129139E-04   -0.154469E-04
 8.02659   -0.136581E-04    0.128582E-04   -0.153033E-04
 8.04462   -0.135736E-04    0.128027E-04   -0.151607E-04
 8.06265   -0.134897E-04    0.127476E-04   -0.150192E-04
 8.08067   -0.134065E-04    0.126927E-04   -0.148787E-04
 8.09870   -0.133240E-04    0.126381E-04   -0.147393E-04
 8.11672   -0.132422E-04    0.125838E-04   -0.146009E-04
 8.13475   -0.131610E-04    0.125298E-04   -0.144635E-04
 8.15278   -0.130805E-04    0.124760E-04   -0.143271E-04
 8.17080   -0.130007E-04    0.124225E-04   -0.141918E-04
 8.18883   -0.129215E-04    0.123693E-04   -0.140575E-04
 8.20685   -0.128429E-04    0.123164E-04   -0.139241E-04
 8.22488   -0.127650E-04    0.122638E-04   -0.137918E-04
 8.24291   -0.126877E-04    0.122114E-04   -0.136605E-04
 8.26093   -0.126111E-04    0.121593E-04   -0.135301E-04
 8.27896   -0.125351E-04    0.121075E-04   -0.134007E-04
 8.29698   -0.124597E-04    0.120559E-04   -0.132723E-04
 8.31501   -0.123849E-04    0.120046E-04   -0.131449E-04
 8.33304   -0.123107E-04    0.119536E-04   -0.130184E-04
 8.35106   -0.122371E-04    0.119028E-04   -0.128928E-04
 8.36909   -0.121641E-04    0.118523E-04   -0.127683E-04
 8.38711   -0.120917E-04    0.118021E-04   -0.126446E-04
 8.40514   -0.120199E-04    0.117521E-04   -0.125219E-04
 8.42317   -0.119486E-04    0.117024E-04   -0.124001E-04
 8.44119   -0.118780E-04    0.116530E-04   -0.122792E-04
 8.45922   -0.118079E-04    0.116038E-04   -0.121592E-04
 8.47724   -0.117383E-04    0.115548E-04   -0.120402E-04
 8.49527   -0.116693E-04    0.115061E-04   -0.119221E-04
 8.51330   -0.116009E-04    0.114577E-04   -0.118048E-04
 8.53132   -0.115330E-04    0.114095E-04   -0.116884E-04
 8.54935   -0.114656E-04    0.113615E-04   -0.115730E-04
 8.56737   -0.113988E-04    0.113138E-04   -0.114584E-04
 8.58540   -0.113325E-04    0.112664E-04   -0.113446E-04
 8.60343   -0.112668E-04    0.112192E-04   -0.112318E-04
 8.62145   -0.112015E-04    0.111722E-04   -0.111198E-04
 8.63948   -0.111367E-04    0.111255E-04   -0.110086E-04
 8.65751   -0.110725E-04    0.110790E-04   -0.108983E-04
 8.67553   -0.110087E-04    0.110327E-04   -0.107888E-04
 8.69356   -0.109454E-04    0.109866E-04   -0.106802E-04
 8.71158   -0.108826E-04    0.109408E-04   -0.105723E-04
 8.72961   -0.108203E-04    0.108952E-04   -0.104653E-04
 8.74764   -0.107584E-04    0.108499E-04   -0.103591E-04
 8.76566   -0.106970E-04    0.108047E-04   -0.102537E-04
 8.78369   -0.106360E-04    0.107598E-04   -0.101492E-04
 8.80171   -0.105755E-04    0.107151E-04   -0.100454E-04
 8.81974   -0.105154E-04    0.106706E-04   -0.994233E-05
 8.83777   -0.104558E-04    0.106263E-04   -0.984011E-05
 8.85579   -0.103965E-04    0.105822E-04   -0.973864E-05
 8.87382   -0.103377E-04    0.105383E-04   -0.963795E-05
 8.89184   -0.102793E-04    0.104946E-04   -0.953801E-05
 8.90987   -0.102213E-04    0.104511E-04   -0.943883E-05
 8.92790   -0.101637E-04    0.104078E-04   -0.934039E-05
 8.94592   -0.101065E-04    0.103647E-04   -0.924269E-05
 8.96395   -0.100497E-04    0.103218E-04   -0.914574E-05
 8.98197   -0.999331E-05    0.102791E-04   -0.904951E-05
 9.00000   -0.993726E-05    0.102366E-04   -0.895400E-05
