 0.00500    0.621904E-01   -0.299658E-01    0.214957E-01
 0.02303    0.504534E-01   -0.240989E-01    0.170970E-01
 0.04105    0.436423E-01   -0.206954E-01    0.145481E-01
 0.05908    0.387120E-01   -0.182334E-01    0.127067E-01
 0.07710    0.348470E-01   -0.163047E-01    0.112664E-01
 0.09513    0.316826E-01   -0.147270E-01    0.100905E-01
 0.11316    0.290181E-01   -0.133998E-01    0.910327E-02
 0.13118    0.267303E-01   -0.122614E-01    0.825840E-02
 0.14921    0.247372E-01   -0.112708E-01    0.752492E-02
 0.16723    0.229811E-01   -0.103990E-01    0.688113E-02
 0.18526    0.214194E-01   -0.962482E-02    0.631098E-02
 0.20329    0.200205E-01   -0.893223E-02    0.580242E-02
 0.22131    0.187594E-01   -0.830880E-02    0.534605E-02
 0.23934    0.176164E-01   -0.774465E-02    0.493442E-02
 0.25736    0.165758E-01   -0.723184E-02    0.456152E-02
 0.27539    0.156245E-01   -0.676374E-02    0.422241E-02
 0.29342    0.147516E-01   -0.633520E-02    0.391298E-02
 0.31144    0.139482E-01   -0.594142E-02    0.362979E-02
 0.32947    0.132066E-01   -0.557865E-02    0.336997E-02
 0.34749    0.125203E-01   -0.524360E-02    0.313101E-02
 0.36552    0.118837E-01   -0.493345E-02    0.291076E-02
 0.38355    0.112917E-01   -0.464570E-02    0.270734E-02
 0.40157    0.107403E-01   -0.437825E-02    0.251915E-02
 0.41960    0.102256E-01   -0.412920E-02    0.234476E-02
 0.43763    0.974435E-02   -0.389693E-02    0.218291E-02
 0.45565    0.929368E-02   -0.367994E-02    0.203250E-02
 0.47368    0.887100E-02   -0.347695E-02    0.189254E-02
 0.49170    0.847400E-02   -0.328681E-02    0.176215E-02
 0.50973    0.810060E-02   -0.310846E-02    0.164054E-02
 0.52776    0.774895E-02   -0.294096E-02    0.152699E-02
 0.54578    0.741738E-02   -0.278350E-02    0.142088E-02
 0.56381    0.710441E-02   -0.263531E-02    0.132163E-02
 0.58183    0.680866E-02   -0.249569E-02    0.122873E-02
 0.59986    0.652888E-02   -0.236405E-02    0.114169E-02
 0.61789    0.626396E-02   -0.223979E-02    0.106008E-02
 0.63591    0.601287E-02   -0.212241E-02    0.983519E-03
 0.65394    0.577468E-02   -0.201144E-02    0.911649E-03
 0.67196    0.554853E-02   -0.190644E-02    0.844143E-03
 0.68999    0.533364E-02   -0.180704E-02    0.780702E-03
 0.70802    0.512928E-02   -0.171284E-02    0.721050E-03
 0.72604    0.493478E-02   -0.162353E-02    0.664934E-03
 0.74407    0.474955E-02   -0.153880E-02    0.612123E-03
 0.76209    0.457301E-02   -0.145836E-02    0.562404E-03
 0.78012    0.440465E-02   -0.138195E-02    0.515582E-03
 0.79815    0.424398E-02   -0.130933E-02    0.471470E-03
 0.81617    0.409056E-02   -0.124028E-02    0.429899E-03
 0.83420    0.394397E-02   -0.117459E-02    0.390715E-03
 0.85222    0.380384E-02   -0.111206E-02    0.353772E-03
 0.87025    0.366980E-02   -0.105252E-02    0.318936E-03
 0.88828    0.354153E-02   -0.995800E-03    0.286082E-03
 0.90630    0.341870E-02   -0.941743E-03    0.255093E-03
 0.92433    0.330104E-02   -0.890204E-03    0.225861E-03
 0.94235    0.318828E-02   -0.841048E-03    0.198285E-03
 0.96038    0.308015E-02   -0.794147E-03    0.172269E-03
 0.97841    0.297643E-02   -0.749384E-03    0.147725E-03
 0.99643    0.287688E-02   -0.706647E-03    0.124570E-03
 1.01446    0.278131E-02   -0.665834E-03    0.102728E-03
 1.03248    0.268953E-02   -0.626848E-03    0.821265E-04
 1.05051    0.260134E-02   -0.589597E-03    0.626993E-04
 1.06854    0.251658E-02   -0.553995E-03    0.443815E-04
 1.08656    0.243509E-02   -0.519961E-03    0.271134E-04
 1.10459    0.235670E-02   -0.487417E-03    0.108381E-04
 1.12262    0.228128E-02   -0.456291E-03   -0.449706E-05
 1.14064    0.220869E-02   -0.426515E-03   -0.189423E-04
 1.15867    0.213880E-02   -0.398028E-03   -0.325428E-04
 1.17669    0.207149E-02   -0.370770E-03   -0.453435E-04
 1.19472    0.200666E-02   -0.344682E-03   -0.573851E-04
 1.21275    0.194419E-02   -0.319712E-03   -0.687062E-04
 1.23077    0.188397E-02   -0.295807E-03   -0.793444E-04
 1.24880    0.182592E-02   -0.272921E-03   -0.893344E-04
 1.26682    0.176994E-02   -0.251008E-03   -0.987092E-04
 1.28485    0.171594E-02   -0.230023E-03   -0.107500E-03
 1.30288    0.166384E-02   -0.209927E-03   -0.115736E-03
 1.32090    0.161356E-02   -0.190681E-03   -0.123445E-03
 1.33893    0.156503E-02   -0.172248E-03   -0.130653E-03
 1.35695    0.151817E-02   -0.154592E-03   -0.137385E-03
 1.37498    0.147293E-02   -0.137681E-03   -0.143665E-03
 1.39301    0.142922E-02   -0.121481E-03   -0.149516E-03
 1.41103    0.138700E-02   -0.105964E-03   -0.154959E-03
 1.42906    0.134620E-02   -0.911003E-04   -0.160018E-03
 1.44708    0.130677E-02   -0.768635E-04   -0.164704E-03
 1.46511    0.126866E-02   -0.632278E-04   -0.169038E-03
 1.48314    0.123182E-02   -0.501687E-04   -0.173039E-03
 1.50116    0.119619E-02   -0.376629E-04   -0.176722E-03
 1.51919    0.116174E-02   -0.256875E-04   -0.180102E-03
 1.53721    0.112842E-02   -0.142211E-04   -0.183195E-03
 1.55524    0.109619E-02   -0.324368E-05   -0.186015E-03
 1.57327    0.106500E-02    0.726485E-05   -0.188574E-03
 1.59129    0.103483E-02    0.173228E-04   -0.190886E-03
 1.60932    0.100563E-02    0.269472E-04   -0.192963E-03
 1.62734    0.977362E-03    0.361550E-04   -0.194814E-03
 1.64537    0.950006E-03    0.449620E-04   -0.196453E-03
 1.66340    0.923526E-03    0.533837E-04   -0.197888E-03
 1.68142    0.897890E-03    0.614345E-04   -0.199124E-03
 1.69945    0.873071E-03    0.691280E-04   -0.200180E-03
 1.71747    0.849041E-03    0.764775E-04   -0.201059E-03
 1.73550    0.825773E-03    0.834961E-04   -0.201771E-03
 1.75353    0.803242E-03    0.901954E-04   -0.202324E-03
 1.77155    0.781425E-03    0.965867E-04   -0.202723E-03
 1.78958    0.760299E-03    0.102682E-03   -0.202977E-03
 1.80761    0.739842E-03    0.108489E-03   -0.203092E-03
 1.82563    0.720034E-03    0.114020E-03   -0.203074E-03
 1.84366    0.700854E-03    0.119284E-03   -0.202929E-03
 1.86168    0.682285E-03    0.124289E-03   -0.202663E-03
 1.87971    0.664309E-03    0.129043E-03   -0.202281E-03
 1.89774    0.646908E-03    0.133555E-03   -0.201788E-03
 1.91576    0.630066E-03    0.137833E-03   -0.201188E-03
 1.93379    0.613769E-03    0.141883E-03   -0.200485E-03
 1.95181    0.598003E-03    0.145711E-03   -0.199683E-03
 1.96984    0.582753E-03    0.149325E-03   -0.198787E-03
 1.98787    0.568008E-03    0.152729E-03   -0.197799E-03
 2.00589    0.553756E-03    0.155929E-03   -0.196722E-03
 2.02392    0.539986E-03    0.158930E-03   -0.195560E-03
 2.04194    0.526687E-03    0.161738E-03   -0.194313E-03
 2.05997    0.513850E-03    0.164355E-03   -0.192986E-03
 2.07800    0.501466E-03    0.166786E-03   -0.191580E-03
 2.09602    0.489527E-03    0.169034E-03   -0.190096E-03
 2.11405    0.478026E-03    0.171104E-03   -0.188535E-03
 2.13207    0.466955E-03    0.172998E-03   -0.186900E-03
 2.15010    0.456307E-03    0.174718E-03   -0.185192E-03
 2.16813    0.446075E-03    0.176269E-03   -0.183411E-03
 2.18615    0.436254E-03    0.177652E-03   -0.181559E-03
 2.20418    0.426840E-03    0.178869E-03   -0.179637E-03
 2.22220    0.417824E-03    0.179924E-03   -0.177645E-03
 2.24023    0.409203E-03    0.180817E-03   -0.175584E-03
 2.25826    0.400971E-03    0.181551E-03   -0.173454E-03
 2.27628    0.393123E-03    0.182129E-03   -0.171257E-03
 2.29431    0.385654E-03    0.182552E-03   -0.168992E-03
 2.31233    0.378559E-03    0.182822E-03   -0.166662E-03
 2.33036    0.371830E-03    0.182943E-03   -0.164267E-03
 2.34839    0.365461E-03    0.182917E-03   -0.161807E-03
 2.36641    0.359447E-03    0.182747E-03   -0.159283E-03
 2.38444    0.353779E-03    0.182436E-03   -0.156700E-03
 2.40246    0.348450E-03    0.181987E-03   -0.154056E-03
 2.42049    0.343449E-03    0.181406E-03   -0.151356E-03
 2.43852    0.338767E-03    0.180695E-03   -0.148601E-03
 2.45654    0.334393E-03    0.179861E-03   -0.145794E-03
 2.47457    0.330314E-03    0.178910E-03   -0.142939E-03
 2.49260    0.326516E-03    0.177847E-03   -0.140039E-03
 2.51062    0.322985E-03    0.176679E-03   -0.137098E-03
 2.52865    0.319704E-03    0.175415E-03   -0.134122E-03
 2.54667    0.316656E-03    0.174062E-03   -0.131116E-03
 2.56470    0.313821E-03    0.172630E-03   -0.128086E-03
 2.58273    0.311179E-03    0.171128E-03   -0.125037E-03
 2.60075    0.308708E-03    0.169566E-03   -0.121977E-03
 2.61878    0.306386E-03    0.167956E-03   -0.118914E-03
 2.63680    0.304189E-03    0.166308E-03   -0.115854E-03
 2.65483    0.302090E-03    0.164636E-03   -0.112807E-03
 2.67286    0.300064E-03    0.162951E-03   -0.109779E-03
 2.69088    0.298086E-03    0.161266E-03   -0.106781E-03
 2.70891    0.296128E-03    0.159594E-03   -0.103821E-03
 2.72693    0.294162E-03    0.157949E-03   -0.100908E-03
 2.74496    0.292161E-03    0.156343E-03   -0.980521E-04
 2.76299    0.290097E-03    0.154791E-03   -0.952606E-04
 2.78101    0.287943E-03    0.153304E-03   -0.925435E-04
 2.79904    0.285674E-03    0.151896E-03   -0.899095E-04
 2.81706    0.283263E-03    0.150579E-03   -0.873671E-04
 2.83509    0.280687E-03    0.149364E-03   -0.849241E-04
 2.85312    0.277923E-03    0.148263E-03   -0.825877E-04
 2.87114    0.274951E-03    0.147285E-03   -0.803651E-04
 2.88917    0.271750E-03    0.146439E-03   -0.782628E-04
 2.90719    0.268304E-03    0.145735E-03   -0.762861E-04
 2.92522    0.264597E-03    0.145179E-03   -0.744397E-04
 2.94325    0.260618E-03    0.144776E-03   -0.727274E-04
 2.96127    0.256356E-03    0.144532E-03   -0.711523E-04
 2.97930    0.251805E-03    0.144450E-03   -0.697163E-04
 2.99732    0.246960E-03    0.144532E-03   -0.684204E-04
 3.01535    0.241819E-03    0.144778E-03   -0.672651E-04
 3.03338    0.236383E-03    0.145187E-03   -0.662483E-04
 3.05140    0.230656E-03    0.145759E-03   -0.653700E-04
 3.06943    0.224642E-03    0.146489E-03   -0.646260E-04
 3.08745    0.218353E-03    0.147373E-03   -0.640131E-04
 3.10548    0.211798E-03    0.148405E-03   -0.635270E-04
 3.12351    0.204991E-03    0.149579E-03   -0.631625E-04
 3.14153    0.197947E-03    0.150887E-03   -0.629132E-04
 3.15956    0.190683E-03    0.152319E-03   -0.627722E-04
 3.17759    0.183219E-03    0.153867E-03   -0.627329E-04
 3.19561    0.175576E-03    0.155520E-03   -0.627873E-04
 3.21364    0.167774E-03    0.157267E-03   -0.629277E-04
 3.23166    0.159835E-03    0.159098E-03   -0.631448E-04
 3.24969    0.151783E-03    0.161000E-03   -0.634303E-04
 3.26772    0.143640E-03    0.162963E-03   -0.637758E-04
 3.28574    0.135433E-03    0.164973E-03   -0.641721E-04
 3.30377    0.127182E-03    0.167022E-03   -0.646104E-04
 3.32179    0.118914E-03    0.169094E-03   -0.650821E-04
 3.33982    0.110649E-03    0.171176E-03   -0.655785E-04
 3.35785    0.102411E-03    0.173262E-03   -0.660915E-04
 3.37587    0.942223E-04    0.175341E-03   -0.666126E-04
 3.39390    0.861025E-04    0.177399E-03   -0.671347E-04
 3.41192    0.780714E-04    0.179428E-03   -0.676504E-04
 3.42995    0.701474E-04    0.181419E-03   -0.681530E-04
 3.44798    0.623477E-04    0.183363E-03   -0.686362E-04
 3.46600    0.546881E-04    0.185253E-03   -0.690942E-04
 3.48403    0.471834E-04    0.187081E-03   -0.695217E-04
 3.50205    0.398466E-04    0.188841E-03   -0.699139E-04
 3.52008    0.326894E-04    0.190526E-03   -0.702665E-04
 3.53811    0.257223E-04    0.192132E-03   -0.705758E-04
 3.55613    0.189541E-04    0.193655E-03   -0.708384E-04
 3.57416    0.123921E-04    0.195090E-03   -0.710518E-04
 3.59218    0.604232E-05    0.196436E-03   -0.712137E-04
 3.61021   -0.899483E-07    0.197689E-03   -0.713223E-04
 3.62824   -0.600137E-05    0.198846E-03   -0.713764E-04
 3.64626   -0.116894E-04    0.199909E-03   -0.713749E-04
 3.66429   -0.171528E-04    0.200874E-03   -0.713179E-04
 3.68231   -0.223909E-04    0.201744E-03   -0.712046E-04
 3.70034   -0.274043E-04    0.202516E-03   -0.710353E-04
 3.71837   -0.321944E-04    0.203193E-03   -0.708108E-04
 3.73639   -0.367636E-04    0.203776E-03   -0.705315E-04
 3.75442   -0.411145E-04    0.204265E-03   -0.701987E-04
 3.77244   -0.452507E-04    0.204662E-03   -0.698135E-04
 3.79047   -0.491765E-04    0.204970E-03   -0.693774E-04
 3.80850   -0.528964E-04    0.205191E-03   -0.688920E-04
 3.82652   -0.564154E-04    0.205327E-03   -0.683590E-04
 3.84455   -0.597388E-04    0.205380E-03   -0.677804E-04
 3.86258   -0.628723E-04    0.205356E-03   -0.671582E-04
 3.88060   -0.658217E-04    0.205254E-03   -0.664942E-04
 3.89863   -0.685929E-04    0.205079E-03   -0.657907E-04
 3.91665   -0.711922E-04    0.204832E-03   -0.650498E-04
 3.93468   -0.736257E-04    0.204518E-03   -0.642735E-04
 3.95271   -0.758997E-04    0.204140E-03   -0.634639E-04
 3.97073   -0.780206E-04    0.203700E-03   -0.626235E-04
 3.98876   -0.799945E-04    0.203202E-03   -0.617541E-04
 4.00678   -0.818278E-04    0.202648E-03   -0.608579E-04
 4.02481   -0.835265E-04    0.202042E-03   -0.599371E-04
 4.04284   -0.850967E-04    0.201386E-03   -0.589934E-04
 4.06086   -0.865443E-04    0.200683E-03   -0.580291E-04
 4.07889   -0.878750E-04    0.199936E-03   -0.570458E-04
 4.09691   -0.890945E-04    0.199148E-03   -0.560457E-04
 4.11494   -0.902082E-04    0.198322E-03   -0.550303E-04
 4.13297   -0.912213E-04    0.197459E-03   -0.540014E-04
 4.15099   -0.921390E-04    0.196562E-03   -0.529606E-04
 4.16902   -0.929662E-04    0.195634E-03   -0.519096E-04
 4.18704   -0.937076E-04    0.194677E-03   -0.508497E-04
 4.20507   -0.943678E-04    0.193693E-03   -0.497824E-04
 4.22310   -0.949511E-04    0.192684E-03   -0.487092E-04
 4.24112   -0.954619E-04    0.191652E-03   -0.476313E-04
 4.25915   -0.959040E-04    0.190599E-03   -0.465498E-04
 4.27717   -0.962813E-04    0.189527E-03   -0.454661E-04
 4.29520   -0.965974E-04    0.188437E-03   -0.443811E-04
 4.31323   -0.968559E-04    0.187331E-03   -0.432958E-04
 4.33125   -0.970599E-04    0.186211E-03   -0.422112E-04
 4.34928   -0.972127E-04    0.185077E-03   -0.411282E-04
 4.36730   -0.973171E-04    0.183932E-03   -0.400476E-04
 4.38533   -0.973762E-04    0.182777E-03   -0.389702E-04
 4.40336   -0.973924E-04    0.181612E-03   -0.378966E-04
 4.42138   -0.973684E-04    0.180439E-03   -0.368276E-04
 4.43941   -0.973066E-04    0.179260E-03   -0.357638E-04
 4.45743   -0.972094E-04    0.178074E-03   -0.347060E-04
 4.47546   -0.970787E-04    0.176884E-03   -0.336544E-04
 4.49349   -0.969167E-04    0.175689E-03   -0.326096E-04
 4.51151   -0.967254E-04    0.174492E-03   -0.315721E-04
 4.52954   -0.965065E-04    0.173291E-03   -0.305423E-04
 4.54757   -0.962617E-04    0.172090E-03   -0.295205E-04
 4.56559   -0.959928E-04    0.170887E-03   -0.285072E-04
 4.58362   -0.957011E-04    0.169683E-03   -0.275026E-04
 4.60164   -0.953883E-04    0.168480E-03   -0.265070E-04
 4.61967   -0.950556E-04    0.167278E-03   -0.255207E-04
 4.63770   -0.947045E-04    0.166077E-03   -0.245439E-04
 4.65572   -0.943360E-04    0.164879E-03   -0.235766E-04
 4.67375   -0.939514E-04    0.163682E-03   -0.226193E-04
 4.69177   -0.935519E-04    0.162488E-03   -0.216719E-04
 4.70980   -0.931381E-04    0.161298E-03   -0.207346E-04
 4.72783   -0.927118E-04    0.160110E-03   -0.198075E-04
 4.74585   -0.922732E-04    0.158927E-03   -0.188907E-04
 4.76388   -0.918234E-04    0.157748E-03   -0.179842E-04
 4.78190   -0.913633E-04    0.156574E-03   -0.170881E-04
 4.79993   -0.908936E-04    0.155404E-03   -0.162024E-04
 4.81796   -0.904151E-04    0.154240E-03   -0.153273E-04
 4.83598   -0.899285E-04    0.153080E-03   -0.144626E-04
 4.85401   -0.894345E-04    0.151927E-03   -0.136085E-04
 4.87203   -0.889336E-04    0.150779E-03   -0.127649E-04
 4.89006   -0.884265E-04    0.149637E-03   -0.119320E-04
 4.90809   -0.879137E-04    0.148501E-03   -0.111099E-04
 4.92611   -0.873958E-04    0.147372E-03   -0.102984E-04
 4.94414   -0.868728E-04    0.146249E-03   -0.949785E-05
 4.96216   -0.863466E-04    0.145132E-03   -0.870823E-05
 4.98019   -0.858162E-04    0.144023E-03   -0.792960E-05
 4.99822   -0.852825E-04    0.142920E-03   -0.716201E-05
 5.01624   -0.847458E-04    0.141824E-03   -0.640559E-05
 5.03427   -0.842064E-04    0.140734E-03   -0.566022E-05
 5.05229   -0.836652E-04    0.139653E-03   -0.492624E-05
 5.07032   -0.831220E-04    0.138578E-03   -0.420347E-05
 5.08835   -0.825772E-04    0.137510E-03   -0.349196E-05
 5.10637   -0.820312E-04    0.136450E-03   -0.279167E-05
 5.12440   -0.814843E-04    0.135397E-03   -0.210256E-05
 5.14242   -0.809367E-04    0.134351E-03   -0.142457E-05
 5.16045   -0.803884E-04    0.133313E-03   -0.757610E-06
 5.17848   -0.798402E-04    0.132283E-03   -0.101526E-06
 5.19650   -0.792921E-04    0.131260E-03    0.543826E-06
 5.21453   -0.787445E-04    0.130244E-03    0.117860E-05
 5.23256   -0.781972E-04    0.129236E-03    0.180299E-05
 5.25058   -0.776506E-04    0.128235E-03    0.241713E-05
 5.26861   -0.771047E-04    0.127242E-03    0.302126E-05
 5.28663   -0.765602E-04    0.126257E-03    0.361557E-05
 5.30466   -0.760169E-04    0.125280E-03    0.420023E-05
 5.32269   -0.754755E-04    0.124310E-03    0.477550E-05
 5.34071   -0.749355E-04    0.123347E-03    0.534141E-05
 5.35874   -0.743973E-04    0.122393E-03    0.589839E-05
 5.37676   -0.738612E-04    0.121446E-03    0.644633E-05
 5.39479   -0.733273E-04    0.120506E-03    0.698545E-05
 5.41282   -0.727957E-04    0.119575E-03    0.751590E-05
 5.43084   -0.722667E-04    0.118651E-03    0.803773E-05
 5.44887   -0.717403E-04    0.117735E-03    0.855104E-05
 5.46689   -0.712168E-04    0.116826E-03    0.905586E-05
 5.48492   -0.706963E-04    0.115925E-03    0.955236E-05
 5.50295   -0.701789E-04    0.115032E-03    0.100405E-04
 5.52097   -0.696647E-04    0.114147E-03    0.105204E-04
 5.53900   -0.691539E-04    0.113269E-03    0.109920E-04
 5.55702   -0.686468E-04    0.112399E-03    0.114554E-04
 5.57505   -0.681433E-04    0.111537E-03    0.119106E-04
 5.59308   -0.676434E-04    0.110682E-03    0.123577E-04
 5.61110   -0.671476E-04    0.109836E-03    0.127966E-04
 5.62913   -0.666557E-04    0.108996E-03    0.132275E-04
 5.64715   -0.661679E-04    0.108165E-03    0.136503E-04
 5.66518   -0.656842E-04    0.107341E-03    0.140651E-04
 5.68321   -0.652047E-04    0.106524E-03    0.144721E-04
 5.70123   -0.647296E-04    0.105715E-03    0.148712E-04
 5.71926   -0.642588E-04    0.104915E-03    0.152625E-04
 5.73728   -0.637924E-04    0.104121E-03    0.156461E-04
 5.75531   -0.633305E-04    0.103335E-03    0.160221E-04
 5.77334   -0.628732E-04    0.102556E-03    0.163905E-04
 5.79136   -0.624203E-04    0.101785E-03    0.167515E-04
 5.80939   -0.619720E-04    0.101021E-03    0.171051E-04
 5.82741   -0.615283E-04    0.100264E-03    0.174515E-04
 5.84544   -0.610891E-04    0.995145E-04    0.177908E-04
 5.86347   -0.606544E-04    0.987718E-04    0.181231E-04
 5.88149   -0.602242E-04    0.980370E-04    0.184483E-04
 5.89952   -0.597985E-04    0.973089E-04    0.187668E-04
 5.91755   -0.593772E-04    0.965877E-04    0.190786E-04
 5.93557   -0.589602E-04    0.958735E-04    0.193838E-04
 5.95360   -0.585475E-04    0.951660E-04    0.196825E-04
 5.97162   -0.581390E-04    0.944647E-04    0.199749E-04
 5.98965   -0.577346E-04    0.937701E-04    0.202611E-04
 6.00768   -0.573343E-04    0.930833E-04    0.205411E-04
 6.02570   -0.569378E-04    0.924020E-04    0.208151E-04
 6.04373   -0.565450E-04    0.917267E-04    0.210832E-04
 6.06175   -0.561564E-04    0.910584E-04    0.213455E-04
 6.07978   -0.557711E-04    0.903958E-04    0.216022E-04
 6.09781   -0.553893E-04    0.897393E-04    0.218533E-04
 6.11583   -0.550109E-04    0.890886E-04    0.220990E-04
 6.13386   -0.546357E-04    0.884438E-04    0.223393E-04
 6.15188   -0.542637E-04    0.878047E-04    0.225744E-04
 6.16991   -0.538947E-04    0.871712E-04    0.228045E-04
 6.18794   -0.535286E-04    0.865432E-04    0.230295E-04
 6.20596   -0.531653E-04    0.859205E-04    0.232497E-04
 6.22399   -0.528046E-04    0.853032E-04    0.234651E-04
 6.24201   -0.524465E-04    0.846911E-04    0.236758E-04
 6.26004   -0.520906E-04    0.840841E-04    0.238820E-04
 6.27807   -0.517374E-04    0.834821E-04    0.240836E-04
 6.29609   -0.513862E-04    0.828851E-04    0.242810E-04
 6.31412   -0.510371E-04    0.822928E-04    0.244740E-04
 6.33214   -0.506900E-04    0.817053E-04    0.246629E-04
 6.35017   -0.503449E-04    0.811225E-04    0.248478E-04
 6.36820   -0.500016E-04    0.805442E-04    0.250286E-04
 6.38622   -0.496600E-04    0.799704E-04    0.252055E-04
 6.40425   -0.493201E-04    0.794011E-04    0.253787E-04
 6.42227   -0.489817E-04    0.788361E-04    0.255480E-04
 6.44030   -0.486450E-04    0.782754E-04    0.257137E-04
 6.45833   -0.483099E-04    0.777190E-04    0.258758E-04
 6.47635   -0.479762E-04    0.771667E-04    0.260344E-04
 6.49438   -0.476438E-04    0.766185E-04    0.261896E-04
 6.51240   -0.473128E-04    0.760744E-04    0.263414E-04
 6.53043   -0.469832E-04    0.755344E-04    0.264898E-04
 6.54846   -0.466547E-04    0.749983E-04    0.266349E-04
 6.56648   -0.463282E-04    0.744662E-04    0.267768E-04
 6.58451   -0.460026E-04    0.739379E-04    0.269155E-04
 6.60254   -0.456784E-04    0.734136E-04    0.270511E-04
 6.62056   -0.453555E-04    0.728931E-04    0.271836E-04
 6.63859   -0.450340E-04    0.723764E-04    0.273131E-04
 6.65661   -0.447137E-04    0.718635E-04    0.274396E-04
 6.67464   -0.443948E-04    0.713544E-04    0.275631E-04
 6.69267   -0.440774E-04    0.708489E-04    0.276837E-04
 6.71069   -0.437616E-04    0.703473E-04    0.278014E-04
 6.72872   -0.434470E-04    0.698494E-04    0.279163E-04
 6.74674   -0.431339E-04    0.693551E-04    0.280283E-04
 6.76477   -0.428223E-04    0.688645E-04    0.281375E-04
 6.78280   -0.425121E-04    0.683776E-04    0.282446E-04
 6.80082   -0.422036E-04    0.678943E-04    0.283484E-04
 6.81885   -0.418965E-04    0.674146E-04    0.284494E-04
 6.83687   -0.415911E-04    0.669385E-04    0.285478E-04
 6.85490   -0.412873E-04    0.664661E-04    0.286435E-04
 6.87293   -0.409851E-04    0.659972E-04    0.287367E-04
 6.89095   -0.406846E-04    0.655319E-04    0.288272E-04
 6.90898   -0.403856E-04    0.650701E-04    0.289152E-04
 6.92700   -0.400887E-04    0.646119E-04    0.290006E-04
 6.94503   -0.397934E-04    0.641572E-04    0.290832E-04
 6.96306   -0.394998E-04    0.637060E-04    0.291632E-04
 6.98108   -0.392080E-04    0.632583E-04    0.292420E-04
 6.99911   -0.389181E-04    0.628141E-04    0.293177E-04
 7.01713   -0.386300E-04    0.623733E-04    0.293908E-04
 7.03516   -0.383437E-04    0.619360E-04    0.294616E-04
 7.05319   -0.380593E-04    0.615022E-04    0.295301E-04
 7.07121   -0.377767E-04    0.610717E-04    0.295964E-04
 7.08924   -0.374962E-04    0.606446E-04    0.296603E-04
 7.10726   -0.372176E-04    0.602209E-04    0.297219E-04
 7.12529   -0.369408E-04    0.598006E-04    0.297813E-04
 7.14332   -0.366660E-04    0.593836E-04    0.298378E-04
 7.16134   -0.363932E-04    0.589699E-04    0.298934E-04
 7.17937   -0.361223E-04    0.585596E-04    0.299463E-04
 7.19739   -0.358531E-04    0.581525E-04    0.299970E-04
 7.21542   -0.355863E-04    0.577486E-04    0.300456E-04
 7.23345   -0.353214E-04    0.573481E-04    0.300922E-04
 7.25147   -0.350584E-04    0.569508E-04    0.301367E-04
 7.26950   -0.347973E-04    0.565566E-04    0.301791E-04
 7.28753   -0.345383E-04    0.561657E-04    0.302196E-04
 7.30555   -0.342812E-04    0.557778E-04    0.302581E-04
 7.32358   -0.340261E-04    0.553931E-04    0.302947E-04
 7.34160   -0.337729E-04    0.550116E-04    0.303294E-04
 7.35963   -0.335218E-04    0.546332E-04    0.303621E-04
 7.37766   -0.332726E-04    0.542578E-04    0.303930E-04
 7.39568   -0.330254E-04    0.538854E-04    0.304221E-04
 7.41371   -0.327802E-04    0.535161E-04    0.304494E-04
 7.43173   -0.325370E-04    0.531498E-04    0.304748E-04
 7.44976   -0.322957E-04    0.527865E-04    0.304985E-04
 7.46779   -0.320564E-04    0.524262E-04    0.305205E-04
 7.48581   -0.318191E-04    0.520688E-04    0.305407E-04
 7.50384   -0.315838E-04    0.517144E-04    0.305593E-04
 7.52186   -0.313504E-04    0.513628E-04    0.305761E-04
 7.53989   -0.311190E-04    0.510142E-04    0.305914E-04
 7.55792   -0.308895E-04    0.506684E-04    0.306050E-04
 7.57594   -0.306620E-04    0.503255E-04    0.306170E-04
 7.59397   -0.304365E-04    0.499854E-04    0.306274E-04
 7.61199   -0.302129E-04    0.496481E-04    0.306363E-04
 7.63002   -0.299912E-04    0.493136E-04    0.306436E-04
 7.64805   -0.297715E-04    0.489819E-04    0.306495E-04
 7.66607   -0.295538E-04    0.486529E-04    0.306538E-04
 7.68410   -0.293379E-04    0.483267E-04    0.306567E-04
 7.70212   -0.291240E-04    0.480031E-04    0.306581E-04
 7.72015   -0.289119E-04    0.476822E-04    0.306581E-04
 7.73818   -0.287018E-04    0.473640E-04    0.306567E-04
 7.75620   -0.284936E-04    0.470485E-04    0.306539E-04
 7.77423   -0.282874E-04    0.467356E-04    0.306498E-04
 7.79225   -0.280829E-04    0.464252E-04    0.306443E-04
 7.81028   -0.278804E-04    0.461175E-04    0.306375E-04
 7.82831   -0.276796E-04    0.458123E-04    0.306293E-04
 7.84633   -0.274807E-04    0.455097E-04    0.306200E-04
 7.86436   -0.272837E-04    0.452095E-04    0.306093E-04
 7.88238   -0.270884E-04    0.449119E-04    0.305975E-04
 7.90041   -0.268949E-04    0.446167E-04    0.305844E-04
 7.91844   -0.267032E-04    0.443239E-04    0.305701E-04
 7.93646   -0.265133E-04    0.440336E-04    0.305547E-04
 7.95449   -0.263251E-04    0.437457E-04    0.305381E-04
 7.97252   -0.261387E-04    0.434602E-04    0.305203E-04
 7.99054   -0.259539E-04    0.431770E-04    0.305015E-04
 8.00857   -0.257709E-04    0.428962E-04    0.304816E-04
 8.02659   -0.255895E-04    0.426177E-04    0.304606E-04
 8.04462   -0.254098E-04    0.423414E-04    0.304386E-04
 8.06265   -0.252317E-04    0.420674E-04    0.304155E-04
 8.08067   -0.250553E-04    0.417956E-04    0.303914E-04
 8.09870   -0.248804E-04    0.415261E-04    0.303663E-04
 8.11672   -0.247071E-04    0.412588E-04    0.303403E-04
 8.13475   -0.245355E-04    0.409937E-04    0.303133E-04
 8.15278   -0.243653E-04    0.407307E-04    0.302854E-04
 8.17080   -0.241967E-04    0.404698E-04    0.302566E-04
 8.18883   -0.240297E-04    0.402111E-04    0.302269E-04
 8.20685   -0.238641E-04    0.399544E-04    0.301963E-04
 8.22488   -0.237000E-04    0.396998E-04    0.301648E-04
 8.24291   -0.235374E-04    0.394473E-04    0.301325E-04
 8.26093   -0.233762E-04    0.391968E-04    0.300994E-04
 8.27896   -0.232165E-04    0.389483E-04    0.300654E-04
 8.29698   -0.230582E-04    0.387018E-04    0.300307E-04
 8.31501   -0.229013E-04    0.384573E-04    0.299952E-04
 8.33304   -0.227458E-04    0.382147E-04    0.299589E-04
 8.35106   -0.225917E-04    0.379741E-04    0.299219E-04
 8.36909   -0.224389E-04    0.377353E-04    0.298842E-04
 8.38711   -0.222875E-04    0.374985E-04    0.298457E-04
 8.40514   -0.221375E-04    0.372635E-04    0.298066E-04
 8.42317   -0.219887E-04    0.370305E-04    0.297667E-04
 8.44119   -0.218413E-04    0.367993E-04    0.297262E-04
 8.45922   -0.216952E-04    0.365698E-04    0.296851E-04
 8.47724   -0.215503E-04    0.363422E-04    0.296433E-04
 8.49527   -0.214067E-04    0.361164E-04    0.296008E-04
 8.51330   -0.212643E-04    0.358924E-04    0.295578E-04
 8.53132   -0.211232E-04    0.356701E-04    0.295141E-04
 8.54935   -0.209834E-04    0.354495E-04    0.294699E-04
 8.56737   -0.208448E-04    0.352307E-04    0.294251E-04
 8.58540   -0.207072E-04    0.350136E-04    0.293797E-04
 8.60343   -0.205711E-04    0.347964E-04    0.293338E-04
 8.62145   -0.204360E-04    0.345826E-04    0.292873E-04
 8.63948   -0.203021E-04    0.343706E-04    0.292403E-04
 8.65751   -0.201693E-04    0.341601E-04    0.291928E-04
 8.67553   -0.200377E-04    0.339513E-04    0.291447E-04
 8.69356   -0.199073E-04    0.337459E-04    0.290962E-04
 8.71158   -0.197779E-04    0.335403E-04    0.290472E-04
 8.72961   -0.196497E-04    0.333364E-04    0.289977E-04
 8.74764   -0.195226E-04    0.331339E-04    0.289478E-04
 8.76566   -0.193966E-04    0.329331E-04    0.288974E-04
 8.78369   -0.192716E-04    0.327337E-04    0.288465E-04
 8.80171   -0.191477E-04    0.325360E-04    0.287953E-04
 8.81974   -0.190249E-04    0.323397E-04    0.287436E-04
 8.83777   -0.189032E-04    0.321450E-04    0.286915E-04
 8.85579   -0.187825E-04    0.319517E-04    0.286389E-04
 8.87382   -0.186628E-04    0.317599E-04    0.285860E-04
 8.89184   -0.185442E-04    0.315696E-04    0.285327E-04
 8.90987   -0.184266E-04    0.313807E-04    0.284790E-04
 8.92790   -0.183100E-04    0.311933E-04    0.284250E-04
 8.94592   -0.181944E-04    0.310073E-04    0.283706E-04
 8.96395   -0.180798E-04    0.308228E-04    0.283158E-04
 8.98197   -0.179662E-04    0.306396E-04    0.282607E-04
 9.00000   -0.178536E-04    0.304578E-04    0.282053E-04
