 0.00500    0.147518E-02   -0.766931E-03    0.618659E-03
 0.02303    0.121252E-02   -0.635598E-03    0.520120E-03
 0.04105    0.105829E-02   -0.558450E-03    0.462206E-03
 0.05908    0.945832E-03   -0.502169E-03    0.419916E-03
 0.07710    0.857133E-03   -0.457760E-03    0.386511E-03
 0.09513    0.784117E-03   -0.421183E-03    0.358962E-03
 0.11316    0.722338E-03   -0.390215E-03    0.335608E-03
 0.13118    0.669042E-03   -0.363481E-03    0.315416E-03
 0.14921    0.622403E-03   -0.340068E-03    0.297703E-03
 0.16723    0.581128E-03   -0.319332E-03    0.281988E-03
 0.18526    0.544272E-03   -0.300799E-03    0.267918E-03
 0.20329    0.511121E-03   -0.284113E-03    0.255225E-03
 0.22131    0.481112E-03   -0.268994E-03    0.243702E-03
 0.23934    0.453805E-03   -0.255223E-03    0.233184E-03
 0.25736    0.428841E-03   -0.242622E-03    0.223539E-03
 0.27539    0.405936E-03   -0.231043E-03    0.214657E-03
 0.29342    0.384837E-03   -0.220367E-03    0.206447E-03
 0.31144    0.365343E-03   -0.210491E-03    0.198835E-03
 0.32947    0.347281E-03   -0.201328E-03    0.191756E-03
 0.34749    0.330501E-03   -0.192806E-03    0.185154E-03
 0.36552    0.314878E-03   -0.184860E-03    0.178983E-03
 0.38355    0.300299E-03   -0.177434E-03    0.173200E-03
 0.40157    0.286668E-03   -0.170482E-03    0.167772E-03
 0.41960    0.273900E-03   -0.163960E-03    0.162666E-03
 0.43763    0.261920E-03   -0.157832E-03    0.157854E-03
 0.45565    0.250661E-03   -0.152063E-03    0.153312E-03
 0.47368    0.240064E-03   -0.146625E-03    0.149017E-03
 0.49170    0.230076E-03   -0.141491E-03    0.144951E-03
 0.50973    0.220651E-03   -0.136638E-03    0.141096E-03
 0.52776    0.211744E-03   -0.132044E-03    0.137435E-03
 0.54578    0.203318E-03   -0.127691E-03    0.133956E-03
 0.56381    0.195338E-03   -0.123561E-03    0.130644E-03
 0.58183    0.187772E-03   -0.119637E-03    0.127489E-03
 0.59986    0.180592E-03   -0.115908E-03    0.124479E-03
 0.61789    0.173771E-03   -0.112357E-03    0.121605E-03
 0.63591    0.167286E-03   -0.108975E-03    0.118859E-03
 0.65394    0.161114E-03   -0.105750E-03    0.116231E-03
 0.67196    0.155236E-03   -0.102673E-03    0.113715E-03
 0.68999    0.149633E-03   -0.997332E-04    0.111304E-03
 0.70802    0.144288E-03   -0.969235E-04    0.108991E-03
 0.72604    0.139186E-03   -0.942354E-04    0.106771E-03
 0.74407    0.134312E-03   -0.916620E-04    0.104638E-03
 0.76209    0.129653E-03   -0.891967E-04    0.102588E-03
 0.78012    0.125195E-03   -0.868332E-04    0.100616E-03
 0.79815    0.120929E-03   -0.845660E-04    0.987175E-04
 0.81617    0.116844E-03   -0.823897E-04    0.968886E-04
 0.83420    0.112928E-03   -0.802995E-04    0.951258E-04
 0.85222    0.109174E-03   -0.782906E-04    0.934255E-04
 0.87025    0.105573E-03   -0.763589E-04    0.917847E-04
 0.88828    0.102116E-03   -0.745004E-04    0.902003E-04
 0.90630    0.987969E-04   -0.727113E-04    0.886695E-04
 0.92433    0.956076E-04   -0.709882E-04    0.871898E-04
 0.94235    0.925420E-04   -0.693279E-04    0.857587E-04
 0.96038    0.895940E-04   -0.677272E-04    0.843739E-04
 0.97841    0.867578E-04   -0.661833E-04    0.830332E-04
 0.99643    0.840280E-04   -0.646935E-04    0.817347E-04
 1.01446    0.813996E-04   -0.632554E-04    0.804764E-04
 1.03248    0.788679E-04   -0.618664E-04    0.792566E-04
 1.05051    0.764283E-04   -0.605245E-04    0.780736E-04
 1.06854    0.740766E-04   -0.592275E-04    0.769257E-04
 1.08656    0.718089E-04   -0.579734E-04    0.758115E-04
 1.10459    0.696214E-04   -0.567603E-04    0.747296E-04
 1.12262    0.675105E-04   -0.555864E-04    0.736786E-04
 1.14064    0.654730E-04   -0.544502E-04    0.726572E-04
 1.15867    0.635056E-04   -0.533500E-04    0.716644E-04
 1.17669    0.616054E-04   -0.522843E-04    0.706988E-04
 1.19472    0.597695E-04   -0.512517E-04    0.697595E-04
 1.21275    0.579953E-04   -0.502508E-04    0.688453E-04
 1.23077    0.562801E-04   -0.492804E-04    0.679554E-04
 1.24880    0.546217E-04   -0.483393E-04    0.670889E-04
 1.26682    0.530176E-04   -0.474263E-04    0.662447E-04
 1.28485    0.514657E-04   -0.465403E-04    0.654222E-04
 1.30288    0.499640E-04   -0.456803E-04    0.646204E-04
 1.32090    0.485104E-04   -0.448454E-04    0.638387E-04
 1.33893    0.471031E-04   -0.440344E-04    0.630763E-04
 1.35695    0.457404E-04   -0.432466E-04    0.623325E-04
 1.37498    0.444204E-04   -0.424812E-04    0.616067E-04
 1.39301    0.431418E-04   -0.417372E-04    0.608983E-04
 1.41103    0.419028E-04   -0.410139E-04    0.602065E-04
 1.42906    0.407019E-04   -0.403106E-04    0.595309E-04
 1.44708    0.395379E-04   -0.396266E-04    0.588709E-04
 1.46511    0.384093E-04   -0.389612E-04    0.582261E-04
 1.48314    0.373149E-04   -0.383137E-04    0.575958E-04
 1.50116    0.362535E-04   -0.376836E-04    0.569796E-04
 1.51919    0.352239E-04   -0.370702E-04    0.563771E-04
 1.53721    0.342250E-04   -0.364729E-04    0.557877E-04
 1.55524    0.332557E-04   -0.358914E-04    0.552112E-04
 1.57327    0.323150E-04   -0.353249E-04    0.546470E-04
 1.59129    0.314021E-04   -0.347731E-04    0.540948E-04
 1.60932    0.305157E-04   -0.342354E-04    0.535543E-04
 1.62734    0.296552E-04   -0.337115E-04    0.530250E-04
 1.64537    0.288197E-04   -0.332008E-04    0.525066E-04
 1.66340    0.280083E-04   -0.327030E-04    0.519988E-04
 1.68142    0.272203E-04   -0.322177E-04    0.515013E-04
 1.69945    0.264549E-04   -0.317444E-04    0.510138E-04
 1.71747    0.257114E-04   -0.312828E-04    0.505360E-04
 1.73550    0.249892E-04   -0.308327E-04    0.500675E-04
 1.75353    0.242875E-04   -0.303935E-04    0.496083E-04
 1.77155    0.236057E-04   -0.299651E-04    0.491579E-04
 1.78958    0.229434E-04   -0.295471E-04    0.487161E-04
 1.80761    0.222998E-04   -0.291392E-04    0.482827E-04
 1.82563    0.216744E-04   -0.287411E-04    0.478575E-04
 1.84366    0.210668E-04   -0.283526E-04    0.474403E-04
 1.86168    0.204763E-04   -0.279734E-04    0.470308E-04
 1.87971    0.199026E-04   -0.276033E-04    0.466289E-04
 1.89774    0.193452E-04   -0.272420E-04    0.462344E-04
 1.91576    0.188036E-04   -0.268893E-04    0.458470E-04
 1.93379    0.182775E-04   -0.265450E-04    0.454667E-04
 1.95181    0.177663E-04   -0.262088E-04    0.450931E-04
 1.96984    0.172698E-04   -0.258806E-04    0.447263E-04
 1.98787    0.167876E-04   -0.255602E-04    0.443660E-04
 2.00589    0.163192E-04   -0.252474E-04    0.440120E-04
 2.02392    0.158644E-04   -0.249420E-04    0.436642E-04
 2.04194    0.154228E-04   -0.246439E-04    0.433225E-04
 2.05997    0.149941E-04   -0.243528E-04    0.429867E-04
 2.07800    0.145780E-04   -0.240686E-04    0.426568E-04
 2.09602    0.141741E-04   -0.237911E-04    0.423324E-04
 2.11405    0.137822E-04   -0.235202E-04    0.420136E-04
 2.13207    0.134019E-04   -0.232558E-04    0.417002E-04
 2.15010    0.130330E-04   -0.229976E-04    0.413920E-04
 2.16813    0.126751E-04   -0.227455E-04    0.410890E-04
 2.18615    0.123279E-04   -0.224993E-04    0.407907E-04
 2.20418    0.119912E-04   -0.222589E-04    0.404976E-04
 2.22220    0.116647E-04   -0.220242E-04    0.402093E-04
 2.24023    0.113479E-04   -0.217949E-04    0.399255E-04
 2.25826    0.110407E-04   -0.215709E-04    0.396462E-04
 2.27628    0.107427E-04   -0.213521E-04    0.393713E-04
 2.29431    0.104536E-04   -0.211382E-04    0.391006E-04
 2.31233    0.101730E-04   -0.209291E-04    0.388341E-04
 2.33036    0.990062E-05   -0.207247E-04    0.385714E-04
 2.34839    0.963614E-05   -0.205247E-04    0.383125E-04
 2.36641    0.937920E-05   -0.203290E-04    0.380574E-04
 2.38444    0.912945E-05   -0.201374E-04    0.378057E-04
 2.40246    0.888654E-05   -0.199497E-04    0.375573E-04
 2.42049    0.865012E-05   -0.197658E-04    0.373122E-04
 2.43852    0.841983E-05   -0.195853E-04    0.370702E-04
 2.45654    0.819533E-05   -0.194083E-04    0.368312E-04
 2.47457    0.797627E-05   -0.192344E-04    0.365948E-04
 2.49260    0.776228E-05   -0.190635E-04    0.363612E-04
 2.51062    0.755304E-05   -0.188955E-04    0.361301E-04
 2.52865    0.734822E-05   -0.187301E-04    0.359013E-04
 2.54667    0.714750E-05   -0.185672E-04    0.356749E-04
 2.56470    0.695056E-05   -0.184066E-04    0.354504E-04
 2.58273    0.675711E-05   -0.182482E-04    0.352280E-04
 2.60075    0.656688E-05   -0.180918E-04    0.350073E-04
 2.61878    0.637960E-05   -0.179373E-04    0.347885E-04
 2.63680    0.619506E-05   -0.177846E-04    0.345712E-04
 2.65483    0.601301E-05   -0.176336E-04    0.343556E-04
 2.67286    0.583328E-05   -0.174841E-04    0.341414E-04
 2.69088    0.565569E-05   -0.173361E-04    0.339286E-04
 2.70891    0.548011E-05   -0.171894E-04    0.337172E-04
 2.72693    0.530638E-05   -0.170441E-04    0.335070E-04
 2.74496    0.513443E-05   -0.169000E-04    0.332981E-04
 2.76299    0.496417E-05   -0.167571E-04    0.330903E-04
 2.78101    0.479556E-05   -0.166155E-04    0.328837E-04
 2.79904    0.462857E-05   -0.164750E-04    0.326783E-04
 2.81706    0.446319E-05   -0.163356E-04    0.324740E-04
 2.83509    0.429945E-05   -0.161974E-04    0.322708E-04
 2.85312    0.413734E-05   -0.160604E-04    0.320687E-04
 2.87114    0.397692E-05   -0.159246E-04    0.318677E-04
 2.88917    0.381827E-05   -0.157899E-04    0.316679E-04
 2.90719    0.366142E-05   -0.156565E-04    0.314693E-04
 2.92522    0.350646E-05   -0.155244E-04    0.312718E-04
 2.94325    0.335347E-05   -0.153936E-04    0.310755E-04
 2.96127    0.320255E-05   -0.152641E-04    0.308805E-04
 2.97930    0.305378E-05   -0.151360E-04    0.306867E-04
 2.99732    0.290724E-05   -0.150093E-04    0.304942E-04
 3.01535    0.276301E-05   -0.148841E-04    0.303030E-04
 3.03338    0.262116E-05   -0.147603E-04    0.301131E-04
 3.05140    0.248176E-05   -0.146381E-04    0.299245E-04
 3.06943    0.234486E-05   -0.145174E-04    0.297373E-04
 3.08745    0.221051E-05   -0.143983E-04    0.295514E-04
 3.10548    0.207875E-05   -0.142808E-04    0.293669E-04
 3.12351    0.194959E-05   -0.141648E-04    0.291838E-04
 3.14153    0.182305E-05   -0.140504E-04    0.290020E-04
 3.15956    0.169911E-05   -0.139376E-04    0.288216E-04
 3.17759    0.157774E-05   -0.138263E-04    0.286426E-04
 3.19561    0.145891E-05   -0.137165E-04    0.284648E-04
 3.21364    0.134255E-05   -0.136083E-04    0.282884E-04
 3.23166    0.122859E-05   -0.135015E-04    0.281132E-04
 3.24969    0.111695E-05   -0.133961E-04    0.279393E-04
 3.26772    0.100755E-05   -0.132921E-04    0.277665E-04
 3.28574    0.900256E-06   -0.131894E-04    0.275949E-04
 3.30377    0.794967E-06   -0.130879E-04    0.274244E-04
 3.32179    0.691547E-06   -0.129876E-04    0.272549E-04
 3.33982    0.589857E-06   -0.128884E-04    0.270864E-04
 3.35785    0.489750E-06   -0.127902E-04    0.269188E-04
 3.37587    0.391070E-06   -0.126930E-04    0.267521E-04
 3.39390    0.293665E-06   -0.125966E-04    0.265862E-04
 3.41192    0.197371E-06   -0.125010E-04    0.264210E-04
 3.42995    0.102043E-06   -0.124062E-04    0.262565E-04
 3.44798    0.751877E-08   -0.123119E-04    0.260926E-04
 3.46600   -0.863529E-07   -0.122182E-04    0.259293E-04
 3.48403   -0.179722E-06   -0.121249E-04    0.257665E-04
 3.50205   -0.272729E-06   -0.120321E-04    0.256042E-04
 3.52008   -0.365519E-06   -0.119395E-04    0.254422E-04
 3.53811   -0.458223E-06   -0.118473E-04    0.252805E-04
 3.55613   -0.550968E-06   -0.117552E-04    0.251191E-04
 3.57416   -0.643863E-06   -0.116632E-04    0.249581E-04
 3.59218   -0.737019E-06   -0.115713E-04    0.247970E-04
 3.61021   -0.830514E-06   -0.114794E-04    0.246363E-04
 3.62824   -0.924437E-06   -0.113875E-04    0.244757E-04
 3.64626   -0.101885E-05   -0.112956E-04    0.243152E-04
 3.66429   -0.111380E-05   -0.112036E-04    0.241549E-04
 3.68231   -0.120933E-05   -0.111115E-04    0.239946E-04
 3.70034   -0.130548E-05   -0.110193E-04    0.238344E-04
 3.71837   -0.140225E-05   -0.109270E-04    0.236742E-04
 3.73639   -0.149965E-05   -0.108345E-04    0.235141E-04
 3.75442   -0.159767E-05   -0.107419E-04    0.233540E-04
 3.77244   -0.169629E-05   -0.106492E-04    0.231940E-04
 3.79047   -0.179549E-05   -0.105564E-04    0.230341E-04
 3.80850   -0.189522E-05   -0.104635E-04    0.228743E-04
 3.82652   -0.199541E-05   -0.103706E-04    0.227146E-04
 3.84455   -0.209601E-05   -0.102777E-04    0.225549E-04
 3.86258   -0.219694E-05   -0.101847E-04    0.223955E-04
 3.88060   -0.229811E-05   -0.100919E-04    0.222364E-04
 3.89863   -0.239944E-05   -0.999910E-05    0.220775E-04
 3.91665   -0.250082E-05   -0.990648E-05    0.219190E-04
 3.93468   -0.260221E-05   -0.981407E-05    0.217607E-04
 3.95271   -0.270343E-05   -0.972189E-05    0.216027E-04
 3.97073   -0.280441E-05   -0.963003E-05    0.214452E-04
 3.98876   -0.290505E-05   -0.953855E-05    0.212881E-04
 4.00678   -0.300521E-05   -0.944745E-05    0.211328E-04
 4.02481   -0.310479E-05   -0.935680E-05    0.209754E-04
 4.04284   -0.320367E-05   -0.926670E-05    0.208199E-04
 4.06086   -0.330173E-05   -0.917719E-05    0.206649E-04
 4.07889   -0.339887E-05   -0.908833E-05    0.205109E-04
 4.09691   -0.349496E-05   -0.900016E-05    0.203574E-04
 4.11494   -0.358989E-05   -0.891275E-05    0.202047E-04
 4.13297   -0.368357E-05   -0.882615E-05    0.200528E-04
 4.15099   -0.377588E-05   -0.874041E-05    0.199017E-04
 4.16902   -0.386674E-05   -0.865557E-05    0.197516E-04
 4.18704   -0.395605E-05   -0.857169E-05    0.196023E-04
 4.20507   -0.404370E-05   -0.848881E-05    0.194540E-04
 4.22310   -0.412963E-05   -0.840697E-05    0.193067E-04
 4.24112   -0.421377E-05   -0.832621E-05    0.191604E-04
 4.25915   -0.429603E-05   -0.824656E-05    0.190152E-04
 4.27717   -0.437634E-05   -0.816806E-05    0.188710E-04
 4.29520   -0.445464E-05   -0.809074E-05    0.187279E-04
 4.31323   -0.453088E-05   -0.801463E-05    0.185860E-04
 4.33125   -0.460501E-05   -0.793976E-05    0.184452E-04
 4.34928   -0.467699E-05   -0.786614E-05    0.183056E-04
 4.36730   -0.474676E-05   -0.779379E-05    0.181671E-04
 4.38533   -0.481430E-05   -0.772274E-05    0.180299E-04
 4.40336   -0.487960E-05   -0.765298E-05    0.178938E-04
 4.42138   -0.494262E-05   -0.758452E-05    0.177590E-04
 4.43941   -0.500337E-05   -0.751739E-05    0.176254E-04
 4.45743   -0.506183E-05   -0.745157E-05    0.174930E-04
 4.47546   -0.511800E-05   -0.738706E-05    0.173618E-04
 4.49349   -0.517188E-05   -0.732388E-05    0.172318E-04
 4.51151   -0.522347E-05   -0.726201E-05    0.171031E-04
 4.52954   -0.527279E-05   -0.720144E-05    0.169755E-04
 4.54757   -0.531987E-05   -0.714217E-05    0.168492E-04
 4.56559   -0.536470E-05   -0.708419E-05    0.167241E-04
 4.58362   -0.540731E-05   -0.702749E-05    0.166001E-04
 4.60164   -0.544771E-05   -0.697206E-05    0.164774E-04
 4.61967   -0.548599E-05   -0.691784E-05    0.163558E-04
 4.63770   -0.552213E-05   -0.686490E-05    0.162353E-04
 4.65572   -0.555618E-05   -0.681312E-05    0.161161E-04
 4.67375   -0.558818E-05   -0.676256E-05    0.159979E-04
 4.69177   -0.561817E-05   -0.671316E-05    0.158808E-04
 4.70980   -0.564619E-05   -0.666495E-05    0.157649E-04
 4.72783   -0.567229E-05   -0.661782E-05    0.156500E-04
 4.74585   -0.569651E-05   -0.657180E-05    0.155362E-04
 4.76388   -0.571891E-05   -0.652685E-05    0.154234E-04
 4.78190   -0.573951E-05   -0.648295E-05    0.153117E-04
 4.79993   -0.575838E-05   -0.644008E-05    0.152009E-04
 4.81796   -0.577557E-05   -0.639821E-05    0.150912E-04
 4.83598   -0.579111E-05   -0.635732E-05    0.149824E-04
 4.85401   -0.580506E-05   -0.631738E-05    0.148746E-04
 4.87203   -0.581747E-05   -0.627836E-05    0.147677E-04
 4.89006   -0.582840E-05   -0.624023E-05    0.146617E-04
 4.90809   -0.583788E-05   -0.620298E-05    0.145566E-04
 4.92611   -0.584597E-05   -0.616657E-05    0.144524E-04
 4.94414   -0.585274E-05   -0.613099E-05    0.143491E-04
 4.96216   -0.585818E-05   -0.609620E-05    0.142466E-04
 4.98019   -0.586242E-05   -0.606218E-05    0.141449E-04
 4.99822   -0.586543E-05   -0.602890E-05    0.140440E-04
 5.01624   -0.586732E-05   -0.599635E-05    0.139438E-04
 5.03427   -0.586809E-05   -0.596449E-05    0.138445E-04
 5.05229   -0.586779E-05   -0.593330E-05    0.137459E-04
 5.07032   -0.586649E-05   -0.590277E-05    0.136480E-04
 5.08835   -0.586420E-05   -0.587287E-05    0.135508E-04
 5.10637   -0.586097E-05   -0.584357E-05    0.134543E-04
 5.12440   -0.585687E-05   -0.581486E-05    0.133585E-04
 5.14242   -0.585190E-05   -0.578671E-05    0.132634E-04
 5.16045   -0.584612E-05   -0.575911E-05    0.131689E-04
 5.17848   -0.583954E-05   -0.573203E-05    0.130750E-04
 5.19650   -0.583224E-05   -0.570547E-05    0.129818E-04
 5.21453   -0.582423E-05   -0.567938E-05    0.128891E-04
 5.23256   -0.581554E-05   -0.565377E-05    0.127971E-04
 5.25058   -0.580623E-05   -0.562861E-05    0.127056E-04
 5.26861   -0.579630E-05   -0.560389E-05    0.126147E-04
 5.28663   -0.578577E-05   -0.557958E-05    0.125243E-04
 5.30466   -0.577471E-05   -0.555568E-05    0.124344E-04
 5.32269   -0.576312E-05   -0.553217E-05    0.123451E-04
 5.34071   -0.575103E-05   -0.550904E-05    0.122563E-04
 5.35874   -0.573847E-05   -0.548627E-05    0.121680E-04
 5.37676   -0.572547E-05   -0.546384E-05    0.120802E-04
 5.39479   -0.571204E-05   -0.544175E-05    0.119929E-04
 5.41282   -0.569822E-05   -0.541998E-05    0.119061E-04
 5.43084   -0.568401E-05   -0.539853E-05    0.118197E-04
 5.44887   -0.566945E-05   -0.537738E-05    0.117338E-04
 5.46689   -0.565455E-05   -0.535651E-05    0.116483E-04
 5.48492   -0.563930E-05   -0.533592E-05    0.115632E-04
 5.50295   -0.562379E-05   -0.531560E-05    0.114786E-04
 5.52097   -0.560799E-05   -0.529554E-05    0.113945E-04
 5.53900   -0.559192E-05   -0.527573E-05    0.113107E-04
 5.55702   -0.557559E-05   -0.525616E-05    0.112274E-04
 5.57505   -0.555905E-05   -0.523682E-05    0.111444E-04
 5.59308   -0.554226E-05   -0.521771E-05    0.110618E-04
 5.61110   -0.552527E-05   -0.519882E-05    0.109797E-04
 5.62913   -0.550809E-05   -0.518013E-05    0.108980E-04
 5.64715   -0.549073E-05   -0.516165E-05    0.108166E-04
 5.66518   -0.547319E-05   -0.514336E-05    0.107355E-04
 5.68321   -0.545549E-05   -0.512526E-05    0.106549E-04
 5.70123   -0.543765E-05   -0.510735E-05    0.105747E-04
 5.71926   -0.541967E-05   -0.508961E-05    0.104948E-04
 5.73728   -0.540156E-05   -0.507206E-05    0.104151E-04
 5.75531   -0.538334E-05   -0.505466E-05    0.103359E-04
 5.77334   -0.536500E-05   -0.503742E-05    0.102571E-04
 5.79136   -0.534656E-05   -0.502033E-05    0.101786E-04
 5.80939   -0.532803E-05   -0.500340E-05    0.101004E-04
 5.82741   -0.530942E-05   -0.498659E-05    0.100225E-04
 5.84544   -0.529072E-05   -0.496994E-05    0.994509E-05
 5.86347   -0.527196E-05   -0.495343E-05    0.986790E-05
 5.88149   -0.525312E-05   -0.493705E-05    0.979105E-05
 5.89952   -0.523425E-05   -0.492080E-05    0.971452E-05
 5.91755   -0.521532E-05   -0.490468E-05    0.963831E-05
 5.93557   -0.519634E-05   -0.488867E-05    0.956241E-05
 5.95360   -0.517732E-05   -0.487279E-05    0.948682E-05
 5.97162   -0.515827E-05   -0.485702E-05    0.941154E-05
 5.98965   -0.513919E-05   -0.484136E-05    0.933656E-05
 6.00768   -0.512009E-05   -0.482580E-05    0.926188E-05
 6.02570   -0.510097E-05   -0.481035E-05    0.918750E-05
 6.04373   -0.508184E-05   -0.479501E-05    0.911342E-05
 6.06175   -0.506270E-05   -0.477976E-05    0.903966E-05
 6.07978   -0.504356E-05   -0.476460E-05    0.896614E-05
 6.09781   -0.502442E-05   -0.474954E-05    0.889303E-05
 6.11583   -0.500528E-05   -0.473457E-05    0.882002E-05
 6.13386   -0.498615E-05   -0.471968E-05    0.874737E-05
 6.15188   -0.496704E-05   -0.470489E-05    0.867501E-05
 6.16991   -0.494794E-05   -0.469017E-05    0.860294E-05
 6.18794   -0.492885E-05   -0.467553E-05    0.853114E-05
 6.20596   -0.490979E-05   -0.466093E-05    0.845963E-05
 6.22399   -0.489076E-05   -0.464644E-05    0.838839E-05
 6.24201   -0.487176E-05   -0.463203E-05    0.831739E-05
 6.26004   -0.485279E-05   -0.461772E-05    0.824672E-05
 6.27807   -0.483385E-05   -0.460345E-05    0.817630E-05
 6.29609   -0.481497E-05   -0.458927E-05    0.810615E-05
 6.31412   -0.479612E-05   -0.457514E-05    0.803626E-05
 6.33214   -0.477731E-05   -0.456107E-05    0.796666E-05
 6.35017   -0.475854E-05   -0.454706E-05    0.789731E-05
 6.36820   -0.473982E-05   -0.453311E-05    0.782823E-05
 6.38622   -0.472115E-05   -0.451922E-05    0.775941E-05
 6.40425   -0.470254E-05   -0.450539E-05    0.769085E-05
 6.42227   -0.468398E-05   -0.449161E-05    0.762256E-05
 6.44030   -0.466547E-05   -0.447789E-05    0.755453E-05
 6.45833   -0.464703E-05   -0.446421E-05    0.748675E-05
 6.47635   -0.462863E-05   -0.445058E-05    0.741924E-05
 6.49438   -0.461030E-05   -0.443701E-05    0.735198E-05
 6.51240   -0.459205E-05   -0.442347E-05    0.728497E-05
 6.53043   -0.457385E-05   -0.441000E-05    0.721822E-05
 6.54846   -0.455573E-05   -0.439656E-05    0.715172E-05
 6.56648   -0.453767E-05   -0.438317E-05    0.708547E-05
 6.58451   -0.451969E-05   -0.436983E-05    0.701948E-05
 6.60254   -0.450177E-05   -0.435653E-05    0.695376E-05
 6.62056   -0.448393E-05   -0.434328E-05    0.688825E-05
 6.63859   -0.446616E-05   -0.433006E-05    0.682300E-05
 6.65661   -0.444847E-05   -0.431688E-05    0.675799E-05
 6.67464   -0.443085E-05   -0.430372E-05    0.669323E-05
 6.69267   -0.441332E-05   -0.429060E-05    0.662867E-05
 6.71069   -0.439586E-05   -0.427753E-05    0.656442E-05
 6.72872   -0.437848E-05   -0.426449E-05    0.650038E-05
 6.74674   -0.436118E-05   -0.425149E-05    0.643657E-05
 6.76477   -0.434397E-05   -0.423852E-05    0.637300E-05
 6.78280   -0.432683E-05   -0.422559E-05    0.630969E-05
 6.80082   -0.430978E-05   -0.421268E-05    0.624662E-05
 6.81885   -0.429281E-05   -0.419981E-05    0.618378E-05
 6.83687   -0.427593E-05   -0.418697E-05    0.612118E-05
 6.85490   -0.425913E-05   -0.417416E-05    0.605882E-05
 6.87293   -0.424241E-05   -0.416137E-05    0.599669E-05
 6.89095   -0.422579E-05   -0.414862E-05    0.593480E-05
 6.90898   -0.420924E-05   -0.413589E-05    0.587315E-05
 6.92700   -0.419279E-05   -0.412319E-05    0.581172E-05
 6.94503   -0.417641E-05   -0.411050E-05    0.575054E-05
 6.96306   -0.416013E-05   -0.409785E-05    0.568960E-05
 6.98108   -0.414392E-05   -0.408523E-05    0.562889E-05
 6.99911   -0.412782E-05   -0.407263E-05    0.556841E-05
 7.01713   -0.411180E-05   -0.406006E-05    0.550816E-05
 7.03516   -0.409586E-05   -0.404753E-05    0.544815E-05
 7.05319   -0.408001E-05   -0.403501E-05    0.538838E-05
 7.07121   -0.406424E-05   -0.402251E-05    0.532883E-05
 7.08924   -0.404856E-05   -0.401004E-05    0.526952E-05
 7.10726   -0.403296E-05   -0.399759E-05    0.521044E-05
 7.12529   -0.401745E-05   -0.398517E-05    0.515157E-05
 7.14332   -0.400203E-05   -0.397277E-05    0.509294E-05
 7.16134   -0.398669E-05   -0.396039E-05    0.503460E-05
 7.17937   -0.397143E-05   -0.394804E-05    0.497642E-05
 7.19739   -0.395624E-05   -0.393571E-05    0.491851E-05
 7.21542   -0.394115E-05   -0.392340E-05    0.486084E-05
 7.23345   -0.392614E-05   -0.391112E-05    0.480339E-05
 7.25147   -0.391121E-05   -0.389887E-05    0.474615E-05
 7.26950   -0.389637E-05   -0.388663E-05    0.468916E-05
 7.28753   -0.388160E-05   -0.387442E-05    0.463238E-05
 7.30555   -0.386690E-05   -0.386223E-05    0.457579E-05
 7.32358   -0.385230E-05   -0.385007E-05    0.451944E-05
 7.34160   -0.383777E-05   -0.383792E-05    0.446340E-05
 7.35963   -0.382332E-05   -0.382581E-05    0.440747E-05
 7.37766   -0.380895E-05   -0.381371E-05    0.435182E-05
 7.39568   -0.379465E-05   -0.380164E-05    0.429641E-05
 7.41371   -0.378042E-05   -0.378959E-05    0.424122E-05
 7.43173   -0.376627E-05   -0.377757E-05    0.418625E-05
 7.44976   -0.375219E-05   -0.376558E-05    0.413152E-05
 7.46779   -0.373819E-05   -0.375361E-05    0.407700E-05
 7.48581   -0.372426E-05   -0.374166E-05    0.402270E-05
 7.50384   -0.371039E-05   -0.372974E-05    0.396866E-05
 7.52186   -0.369660E-05   -0.371784E-05    0.391483E-05
 7.53989   -0.368288E-05   -0.370597E-05    0.386122E-05
 7.55792   -0.366923E-05   -0.369413E-05    0.380784E-05
 7.57594   -0.365564E-05   -0.368231E-05    0.375468E-05
 7.59397   -0.364212E-05   -0.367051E-05    0.370175E-05
 7.61199   -0.362867E-05   -0.365874E-05    0.364904E-05
 7.63002   -0.361528E-05   -0.364700E-05    0.359656E-05
 7.64805   -0.360196E-05   -0.363528E-05    0.354431E-05
 7.66607   -0.358871E-05   -0.362359E-05    0.349227E-05
 7.68410   -0.357551E-05   -0.361193E-05    0.344046E-05
 7.70212   -0.356239E-05   -0.360029E-05    0.338891E-05
 7.72015   -0.354932E-05   -0.358868E-05    0.333752E-05
 7.73818   -0.353631E-05   -0.357709E-05    0.328638E-05
 7.75620   -0.352337E-05   -0.356553E-05    0.323547E-05
 7.77423   -0.351049E-05   -0.355398E-05    0.318478E-05
 7.79225   -0.349766E-05   -0.354250E-05    0.313431E-05
 7.81028   -0.348490E-05   -0.353100E-05    0.308407E-05
 7.82831   -0.347219E-05   -0.351955E-05    0.303405E-05
 7.84633   -0.345954E-05   -0.350812E-05    0.298425E-05
 7.86436   -0.344694E-05   -0.349674E-05    0.293467E-05
 7.88238   -0.343441E-05   -0.348535E-05    0.288532E-05
 7.90041   -0.342193E-05   -0.347403E-05    0.283619E-05
 7.91844   -0.340951E-05   -0.346271E-05    0.278727E-05
 7.93646   -0.339715E-05   -0.345140E-05    0.273858E-05
 7.95449   -0.338484E-05   -0.344015E-05    0.269012E-05
 7.97252   -0.337259E-05   -0.342891E-05    0.264187E-05
 7.99054   -0.336038E-05   -0.341771E-05    0.259383E-05
 8.00857   -0.334824E-05   -0.340652E-05    0.254602E-05
 8.02659   -0.333613E-05   -0.339537E-05    0.249843E-05
 8.04462   -0.332409E-05   -0.338424E-05    0.245105E-05
 8.06265   -0.331210E-05   -0.337314E-05    0.240390E-05
 8.08067   -0.330017E-05   -0.336206E-05    0.235696E-05
 8.09870   -0.328829E-05   -0.335102E-05    0.231024E-05
 8.11672   -0.327646E-05   -0.333999E-05    0.226373E-05
 8.13475   -0.326468E-05   -0.332900E-05    0.221745E-05
 8.15278   -0.325295E-05   -0.331803E-05    0.217137E-05
 8.17080   -0.324128E-05   -0.330709E-05    0.212552E-05
 8.18883   -0.322966E-05   -0.329618E-05    0.207988E-05
 8.20685   -0.321809E-05   -0.328529E-05    0.203445E-05
 8.22488   -0.320657E-05   -0.327443E-05    0.198924E-05
 8.24291   -0.319510E-05   -0.326359E-05    0.194424E-05
 8.26093   -0.318368E-05   -0.325278E-05    0.189946E-05
 8.27896   -0.317231E-05   -0.324199E-05    0.185489E-05
 8.29698   -0.316099E-05   -0.323124E-05    0.181054E-05
 8.31501   -0.314972E-05   -0.322050E-05    0.176639E-05
 8.33304   -0.313850E-05   -0.320980E-05    0.172246E-05
 8.35106   -0.312733E-05   -0.319911E-05    0.167874E-05
 8.36909   -0.311620E-05   -0.318846E-05    0.163523E-05
 8.38711   -0.310513E-05   -0.317783E-05    0.159192E-05
 8.40514   -0.309411E-05   -0.316722E-05    0.154883E-05
 8.42317   -0.308314E-05   -0.315664E-05    0.150595E-05
 8.44119   -0.307222E-05   -0.314608E-05    0.146328E-05
 8.45922   -0.306134E-05   -0.313555E-05    0.142081E-05
 8.47724   -0.305051E-05   -0.312504E-05    0.137856E-05
 8.49527   -0.303974E-05   -0.311456E-05    0.133651E-05
 8.51330   -0.302901E-05   -0.310411E-05    0.129467E-05
 8.53132   -0.301833E-05   -0.309368E-05    0.125303E-05
 8.54935   -0.300770E-05   -0.308327E-05    0.121161E-05
 8.56737   -0.299711E-05   -0.307289E-05    0.117038E-05
 8.58540   -0.298657E-05   -0.306253E-05    0.112937E-05
 8.60343   -0.297608E-05   -0.305220E-05    0.108855E-05
 8.62145   -0.296564E-05   -0.304189E-05    0.104795E-05
 8.63948   -0.295523E-05   -0.303160E-05    0.100754E-05
 8.65751   -0.294488E-05   -0.302134E-05    0.967339E-06
 8.67553   -0.293458E-05   -0.301110E-05    0.927339E-06
 8.69356   -0.292433E-05   -0.300089E-05    0.887542E-06
 8.71158   -0.291412E-05   -0.299070E-05    0.847947E-06
 8.72961   -0.290396E-05   -0.298053E-05    0.808553E-06
 8.74764   -0.289385E-05   -0.297039E-05    0.769360E-06
 8.76566   -0.288378E-05   -0.296027E-05    0.730366E-06
 8.78369   -0.287376E-05   -0.295017E-05    0.691574E-06
 8.80171   -0.286378E-05   -0.294009E-05    0.652979E-06
 8.81974   -0.285386E-05   -0.293004E-05    0.614584E-06
 8.83777   -0.284397E-05   -0.292002E-05    0.576387E-06
 8.85579   -0.283414E-05   -0.291001E-05    0.538384E-06
 8.87382   -0.282434E-05   -0.290003E-05    0.500580E-06
 8.89184   -0.281460E-05   -0.289007E-05    0.462978E-06
 8.90987   -0.280491E-05   -0.288013E-05    0.425568E-06
 8.92790   -0.279525E-05   -0.287022E-05    0.388353E-06
 8.94592   -0.278564E-05   -0.286033E-05    0.351336E-06
 8.96395   -0.277608E-05   -0.285046E-05    0.314513E-06
 8.98197   -0.276656E-05   -0.284062E-05    0.277888E-06
 9.00000   -0.275708E-05   -0.283079E-05    0.241450E-06
