 0.00500    0.377992E-01   -0.186029E-01    0.136304E-01
 0.02303    0.304032E-01   -0.149055E-01    0.108577E-01
 0.04105    0.261526E-01   -0.127807E-01    0.926506E-02
 0.05908    0.230941E-01   -0.112523E-01    0.812007E-02
 0.07710    0.207079E-01   -0.100602E-01    0.722757E-02
 0.09513    0.187621E-01   -0.908849E-02    0.650062E-02
 0.11316    0.171297E-01   -0.827362E-02    0.589148E-02
 0.13118    0.157329E-01   -0.757659E-02    0.537087E-02
 0.14921    0.145198E-01   -0.697154E-02    0.491934E-02
 0.16723    0.134541E-01   -0.644024E-02    0.452323E-02
 0.18526    0.125091E-01   -0.596938E-02    0.417253E-02
 0.20329    0.116649E-01   -0.554892E-02    0.385969E-02
 0.22131    0.109058E-01   -0.517108E-02    0.357886E-02
 0.23934    0.102195E-01   -0.482969E-02    0.332540E-02
 0.25736    0.959618E-02   -0.451980E-02    0.309559E-02
 0.27539    0.902763E-02   -0.423731E-02    0.288635E-02
 0.29342    0.850717E-02   -0.397889E-02    0.269518E-02
 0.31144    0.802918E-02   -0.374171E-02    0.251993E-02
 0.32947    0.758889E-02   -0.352339E-02    0.235884E-02
 0.34749    0.718221E-02   -0.332188E-02    0.221036E-02
 0.36552    0.680567E-02   -0.313544E-02    0.207318E-02
 0.38355    0.645625E-02   -0.296256E-02    0.194616E-02
 0.40157    0.613131E-02   -0.280193E-02    0.182832E-02
 0.41960    0.582857E-02   -0.265239E-02    0.171878E-02
 0.43763    0.554598E-02   -0.251292E-02    0.161679E-02
 0.45565    0.528178E-02   -0.238264E-02    0.152167E-02
 0.47368    0.503437E-02   -0.226074E-02    0.143283E-02
 0.49170    0.480233E-02   -0.214652E-02    0.134974E-02
 0.50973    0.458440E-02   -0.203935E-02    0.127192E-02
 0.52776    0.437947E-02   -0.193867E-02    0.119894E-02
 0.54578    0.418652E-02   -0.184396E-02    0.113044E-02
 0.56381    0.400461E-02   -0.175477E-02    0.106605E-02
 0.58183    0.383294E-02   -0.167068E-02    0.100547E-02
 0.59986    0.367074E-02   -0.159132E-02    0.948425E-03
 0.61789    0.351735E-02   -0.151635E-02    0.894655E-03
 0.63591    0.337214E-02   -0.144546E-02    0.843928E-03
 0.65394    0.323455E-02   -0.137837E-02    0.796032E-03
 0.67196    0.310405E-02   -0.131481E-02    0.750773E-03
 0.68999    0.298019E-02   -0.125455E-02    0.707974E-03
 0.70802    0.286252E-02   -0.119738E-02    0.667476E-03
 0.72604    0.275066E-02   -0.114310E-02    0.629128E-03
 0.74407    0.264423E-02   -0.109152E-02    0.592794E-03
 0.76209    0.254290E-02   -0.104248E-02    0.558348E-03
 0.78012    0.244636E-02   -0.995824E-03    0.525674E-03
 0.79815    0.235432E-02   -0.951406E-03    0.494664E-03
 0.81617    0.226652E-02   -0.909094E-03    0.465220E-03
 0.83420    0.218272E-02   -0.868767E-03    0.437249E-03
 0.85222    0.210268E-02   -0.830310E-03    0.410668E-03
 0.87025    0.202619E-02   -0.793617E-03    0.385395E-03
 0.88828    0.195306E-02   -0.758589E-03    0.361364E-03
 0.90630    0.188310E-02   -0.725135E-03    0.338489E-03
 0.92433    0.181614E-02   -0.693170E-03    0.316722E-03
 0.94235    0.175203E-02   -0.662615E-03    0.295999E-03
 0.96038    0.169061E-02   -0.633396E-03    0.276263E-03
 0.97841    0.163174E-02   -0.605444E-03    0.257465E-03
 0.99643    0.157531E-02   -0.578693E-03    0.239554E-03
 1.01446    0.152117E-02   -0.553083E-03    0.222487E-03
 1.03248    0.146922E-02   -0.528555E-03    0.206217E-03
 1.05051    0.141935E-02   -0.505055E-03    0.190706E-03
 1.06854    0.137146E-02   -0.482535E-03    0.175916E-03
 1.08656    0.132546E-02   -0.460946E-03    0.161812E-03
 1.10459    0.128125E-02   -0.440244E-03    0.148359E-03
 1.12262    0.123875E-02   -0.420388E-03    0.135529E-03
 1.14064    0.119789E-02   -0.401338E-03    0.123290E-03
 1.15867    0.115858E-02   -0.383056E-03    0.111614E-03
 1.17669    0.112076E-02   -0.365508E-03    0.100476E-03
 1.19472    0.108436E-02   -0.348660E-03    0.898499E-04
 1.21275    0.104932E-02   -0.332480E-03    0.797125E-04
 1.23077    0.101557E-02   -0.316939E-03    0.700416E-04
 1.24880    0.983069E-03   -0.302009E-03    0.608162E-04
 1.26682    0.951751E-03   -0.287663E-03    0.520159E-04
 1.28485    0.921568E-03   -0.273875E-03    0.436222E-04
 1.30288    0.892474E-03   -0.260623E-03    0.356167E-04
 1.32090    0.864421E-03   -0.247883E-03    0.279824E-04
 1.33893    0.837368E-03   -0.235631E-03    0.207031E-04
 1.35695    0.811273E-03   -0.223851E-03    0.137637E-04
 1.37498    0.786097E-03   -0.212522E-03    0.714974E-05
 1.39301    0.761804E-03   -0.201624E-03    0.847471E-06
 1.41103    0.738357E-03   -0.191142E-03   -0.515657E-05
 1.42906    0.715724E-03   -0.181058E-03   -0.108747E-04
 1.44708    0.693872E-03   -0.171356E-03   -0.163191E-04
 1.46511    0.672771E-03   -0.162021E-03   -0.215009E-04
 1.48314    0.652390E-03   -0.153038E-03   -0.264311E-04
 1.50116    0.632705E-03   -0.144395E-03   -0.311197E-04
 1.51919    0.613688E-03   -0.136077E-03   -0.355767E-04
 1.53721    0.595314E-03   -0.128073E-03   -0.398110E-04
 1.55524    0.577560E-03   -0.120372E-03   -0.438315E-04
 1.57327    0.560404E-03   -0.112960E-03   -0.476467E-04
 1.59129    0.543823E-03   -0.105830E-03   -0.512645E-04
 1.60932    0.527797E-03   -0.989684E-04   -0.546928E-04
 1.62734    0.512307E-03   -0.923676E-04   -0.579384E-04
 1.64537    0.497335E-03   -0.860176E-04   -0.610084E-04
 1.66340    0.482861E-03   -0.799101E-04   -0.639094E-04
 1.68142    0.468870E-03   -0.740364E-04   -0.666476E-04
 1.69945    0.455346E-03   -0.683889E-04   -0.692288E-04
 1.71747    0.442273E-03   -0.629597E-04   -0.716586E-04
 1.73550    0.429638E-03   -0.577422E-04   -0.739423E-04
 1.75353    0.417427E-03   -0.527298E-04   -0.760850E-04
 1.77155    0.405627E-03   -0.479155E-04   -0.780913E-04
 1.78958    0.394225E-03   -0.432937E-04   -0.799658E-04
 1.80761    0.383211E-03   -0.388585E-04   -0.817126E-04
 1.82563    0.372574E-03   -0.346049E-04   -0.833358E-04
 1.84366    0.362303E-03   -0.305278E-04   -0.848391E-04
 1.86168    0.352390E-03   -0.266229E-04   -0.862257E-04
 1.87971    0.342825E-03   -0.228853E-04   -0.874991E-04
 1.89774    0.333601E-03   -0.193115E-04   -0.886619E-04
 1.91576    0.324710E-03   -0.158975E-04   -0.897170E-04
 1.93379    0.316145E-03   -0.126399E-04   -0.906672E-04
 1.95181    0.307898E-03   -0.953532E-05   -0.915147E-04
 1.96984    0.299965E-03   -0.658081E-05   -0.922618E-04
 1.98787    0.292340E-03   -0.377353E-05   -0.929105E-04
 2.00589    0.285016E-03   -0.111072E-05   -0.934629E-04
 2.02392    0.277988E-03    0.140992E-05   -0.939208E-04
 2.04194    0.271253E-03    0.379086E-05   -0.942858E-04
 2.05997    0.264805E-03    0.603430E-05   -0.945596E-04
 2.07800    0.258640E-03    0.814254E-05   -0.947439E-04
 2.09602    0.252753E-03    0.101178E-04   -0.948401E-04
 2.11405    0.247141E-03    0.119619E-04   -0.948499E-04
 2.13207    0.241798E-03    0.136775E-04   -0.947749E-04
 2.15010    0.236720E-03    0.152667E-04   -0.946159E-04
 2.16813    0.231902E-03    0.167318E-04   -0.943768E-04
 2.18615    0.227338E-03    0.180758E-04   -0.940577E-04
 2.20418    0.223024E-03    0.193010E-04   -0.936611E-04
 2.22220    0.218952E-03    0.204109E-04   -0.931893E-04
 2.24023    0.215116E-03    0.214087E-04   -0.926449E-04
 2.25826    0.211508E-03    0.222983E-04   -0.920305E-04
 2.27628    0.208120E-03    0.230838E-04   -0.913494E-04
 2.29431    0.204943E-03    0.237698E-04   -0.906046E-04
 2.31233    0.201966E-03    0.243614E-04   -0.898001E-04
 2.33036    0.199178E-03    0.248639E-04   -0.889401E-04
 2.34839    0.196566E-03    0.252841E-04   -0.880289E-04
 2.36641    0.194118E-03    0.256280E-04   -0.870712E-04
 2.38444    0.191820E-03    0.259031E-04   -0.860730E-04
 2.40246    0.189654E-03    0.261168E-04   -0.850393E-04
 2.42049    0.187607E-03    0.262770E-04   -0.839762E-04
 2.43852    0.185660E-03    0.263927E-04   -0.828900E-04
 2.45654    0.183795E-03    0.264726E-04   -0.817876E-04
 2.47457    0.181993E-03    0.265264E-04   -0.806755E-04
 2.49260    0.180235E-03    0.265634E-04   -0.795617E-04
 2.51062    0.178502E-03    0.265935E-04   -0.784526E-04
 2.52865    0.176772E-03    0.266270E-04   -0.773560E-04
 2.54667    0.175027E-03    0.266736E-04   -0.762792E-04
 2.56470    0.173245E-03    0.267433E-04   -0.752296E-04
 2.58273    0.171408E-03    0.268461E-04   -0.742147E-04
 2.60075    0.169495E-03    0.269915E-04   -0.732412E-04
 2.61878    0.167489E-03    0.271887E-04   -0.723162E-04
 2.63680    0.165371E-03    0.274464E-04   -0.714461E-04
 2.65483    0.163127E-03    0.277728E-04   -0.706369E-04
 2.67286    0.160739E-03    0.281753E-04   -0.698940E-04
 2.69088    0.158196E-03    0.286605E-04   -0.692225E-04
 2.70891    0.155485E-03    0.292343E-04   -0.686263E-04
 2.72693    0.152596E-03    0.299016E-04   -0.681097E-04
 2.74496    0.149522E-03    0.306664E-04   -0.676750E-04
 2.76299    0.146256E-03    0.315318E-04   -0.673245E-04
 2.78101    0.142794E-03    0.324999E-04   -0.670598E-04
 2.79904    0.139135E-03    0.335709E-04   -0.668813E-04
 2.81706    0.135279E-03    0.347451E-04   -0.667887E-04
 2.83509    0.131228E-03    0.360211E-04   -0.667811E-04
 2.85312    0.126988E-03    0.373965E-04   -0.668566E-04
 2.87114    0.122564E-03    0.388677E-04   -0.670126E-04
 2.88917    0.117965E-03    0.404310E-04   -0.672462E-04
 2.90719    0.113201E-03    0.420815E-04   -0.675534E-04
 2.92522    0.108284E-03    0.438129E-04   -0.679299E-04
 2.94325    0.103226E-03    0.456189E-04   -0.683705E-04
 2.96127    0.980424E-04    0.474921E-04   -0.688703E-04
 2.97930    0.927488E-04    0.494248E-04   -0.694228E-04
 2.99732    0.873612E-04    0.514090E-04   -0.700223E-04
 3.01535    0.818963E-04    0.534360E-04   -0.706624E-04
 3.03338    0.763713E-04    0.554977E-04   -0.713366E-04
 3.05140    0.708037E-04    0.575849E-04   -0.720379E-04
 3.06943    0.652109E-04    0.596889E-04   -0.727611E-04
 3.08745    0.596104E-04    0.618013E-04   -0.734984E-04
 3.10548    0.540194E-04    0.639134E-04   -0.742438E-04
 3.12351    0.484543E-04    0.660168E-04   -0.749911E-04
 3.14153    0.429314E-04    0.681037E-04   -0.757343E-04
 3.15956    0.374658E-04    0.701663E-04   -0.764677E-04
 3.17759    0.320719E-04    0.721975E-04   -0.771860E-04
 3.19561    0.267632E-04    0.741906E-04   -0.778839E-04
 3.21364    0.215521E-04    0.761391E-04   -0.785569E-04
 3.23166    0.164498E-04    0.780379E-04   -0.792009E-04
 3.24969    0.114666E-04    0.798814E-04   -0.798119E-04
 3.26772    0.661164E-05    0.816656E-04   -0.803867E-04
 3.28574    0.189299E-05    0.833861E-04   -0.809222E-04
 3.30377   -0.268241E-05    0.850394E-04   -0.814158E-04
 3.32179   -0.710859E-05    0.866227E-04   -0.818652E-04
 3.33982   -0.113807E-04    0.881335E-04   -0.822684E-04
 3.35785   -0.154952E-04    0.895700E-04   -0.826250E-04
 3.37587   -0.194491E-04    0.909308E-04   -0.829328E-04
 3.39390   -0.232409E-04    0.922150E-04   -0.831916E-04
 3.41192   -0.268698E-04    0.934224E-04   -0.834012E-04
 3.42995   -0.303355E-04    0.945527E-04   -0.835613E-04
 3.44798   -0.336389E-04    0.956064E-04   -0.836724E-04
 3.46600   -0.367809E-04    0.965839E-04   -0.837347E-04
 3.48403   -0.397634E-04    0.974864E-04   -0.837490E-04
 3.50205   -0.425891E-04    0.983149E-04   -0.837160E-04
 3.52008   -0.452605E-04    0.990708E-04   -0.836371E-04
 3.53811   -0.477811E-04    0.997560E-04   -0.835132E-04
 3.55613   -0.501547E-04    0.100372E-03   -0.833458E-04
 3.57416   -0.523855E-04    0.100921E-03   -0.831359E-04
 3.59218   -0.544776E-04    0.101406E-03   -0.828863E-04
 3.61021   -0.564356E-04    0.101828E-03   -0.825974E-04
 3.62824   -0.582639E-04    0.102189E-03   -0.822713E-04
 3.64626   -0.599670E-04    0.102493E-03   -0.819098E-04
 3.66429   -0.615505E-04    0.102740E-03   -0.815144E-04
 3.68231   -0.630186E-04    0.102935E-03   -0.810870E-04
 3.70034   -0.643760E-04    0.103079E-03   -0.806294E-04
 3.71837   -0.656278E-04    0.103174E-03   -0.801432E-04
 3.73639   -0.667787E-04    0.103223E-03   -0.796301E-04
 3.75442   -0.678334E-04    0.103229E-03   -0.790919E-04
 3.77244   -0.687965E-04    0.103193E-03   -0.785298E-04
 3.79047   -0.696725E-04    0.103118E-03   -0.779464E-04
 3.80850   -0.704658E-04    0.103005E-03   -0.773424E-04
 3.82652   -0.711806E-04    0.102858E-03   -0.767196E-04
 3.84455   -0.718212E-04    0.102678E-03   -0.760795E-04
 3.86258   -0.723914E-04    0.102467E-03   -0.754234E-04
 3.88060   -0.728951E-04    0.102226E-03   -0.747527E-04
 3.89863   -0.733360E-04    0.101959E-03   -0.740685E-04
 3.91665   -0.737175E-04    0.101665E-03   -0.733728E-04
 3.93468   -0.740431E-04    0.101348E-03   -0.726658E-04
 3.95271   -0.743161E-04    0.101009E-03   -0.719491E-04
 3.97073   -0.745395E-04    0.100649E-03   -0.712236E-04
 3.98876   -0.747162E-04    0.100270E-03   -0.704905E-04
 4.00678   -0.748491E-04    0.998722E-04   -0.697507E-04
 4.02481   -0.749409E-04    0.994580E-04   -0.690049E-04
 4.04284   -0.749940E-04    0.990286E-04   -0.682543E-04
 4.06086   -0.750109E-04    0.985849E-04   -0.674995E-04
 4.07889   -0.749937E-04    0.981279E-04   -0.667409E-04
 4.09691   -0.749447E-04    0.976589E-04   -0.659799E-04
 4.11494   -0.748657E-04    0.971787E-04   -0.652171E-04
 4.13297   -0.747589E-04    0.966883E-04   -0.644527E-04
 4.15099   -0.746258E-04    0.961884E-04   -0.636872E-04
 4.16902   -0.744684E-04    0.956800E-04   -0.629215E-04
 4.18704   -0.742881E-04    0.951639E-04   -0.621565E-04
 4.20507   -0.740865E-04    0.946407E-04   -0.613917E-04
 4.22310   -0.738650E-04    0.941112E-04   -0.606281E-04
 4.24112   -0.736251E-04    0.935760E-04   -0.598655E-04
 4.25915   -0.733678E-04    0.930356E-04   -0.591053E-04
 4.27717   -0.730945E-04    0.924907E-04   -0.583474E-04
 4.29520   -0.728062E-04    0.919418E-04   -0.575920E-04
 4.31323   -0.725041E-04    0.913893E-04   -0.568396E-04
 4.33125   -0.721890E-04    0.908338E-04   -0.560902E-04
 4.34928   -0.718620E-04    0.902757E-04   -0.553442E-04
 4.36730   -0.715239E-04    0.897155E-04   -0.546019E-04
 4.38533   -0.711755E-04    0.891534E-04   -0.538633E-04
 4.40336   -0.708178E-04    0.885899E-04   -0.531288E-04
 4.42138   -0.704514E-04    0.880253E-04   -0.523985E-04
 4.43941   -0.700770E-04    0.874599E-04   -0.516725E-04
 4.45743   -0.696953E-04    0.868941E-04   -0.509511E-04
 4.47546   -0.693069E-04    0.863280E-04   -0.502343E-04
 4.49349   -0.689123E-04    0.857620E-04   -0.495224E-04
 4.51151   -0.685122E-04    0.851964E-04   -0.488157E-04
 4.52954   -0.681070E-04    0.846313E-04   -0.481138E-04
 4.54757   -0.676972E-04    0.840669E-04   -0.474169E-04
 4.56559   -0.672833E-04    0.835034E-04   -0.467257E-04
 4.58362   -0.668657E-04    0.829412E-04   -0.460399E-04
 4.60164   -0.664449E-04    0.823803E-04   -0.453598E-04
 4.61967   -0.660212E-04    0.818208E-04   -0.446855E-04
 4.63770   -0.655949E-04    0.812630E-04   -0.440170E-04
 4.65572   -0.651665E-04    0.807070E-04   -0.433545E-04
 4.67375   -0.647363E-04    0.801530E-04   -0.426979E-04
 4.69177   -0.643044E-04    0.796009E-04   -0.420480E-04
 4.70980   -0.638713E-04    0.790511E-04   -0.414040E-04
 4.72783   -0.634371E-04    0.785035E-04   -0.407664E-04
 4.74585   -0.630022E-04    0.779583E-04   -0.401353E-04
 4.76388   -0.625668E-04    0.774156E-04   -0.395104E-04
 4.78190   -0.621311E-04    0.768754E-04   -0.388920E-04
 4.79993   -0.616953E-04    0.763378E-04   -0.382800E-04
 4.81796   -0.612596E-04    0.758030E-04   -0.376744E-04
 4.83598   -0.608243E-04    0.752709E-04   -0.370752E-04
 4.85401   -0.603895E-04    0.747417E-04   -0.364823E-04
 4.87203   -0.599554E-04    0.742154E-04   -0.358957E-04
 4.89006   -0.595222E-04    0.736921E-04   -0.353152E-04
 4.90809   -0.590900E-04    0.731719E-04   -0.347410E-04
 4.92611   -0.586590E-04    0.726547E-04   -0.341728E-04
 4.94414   -0.582293E-04    0.721408E-04   -0.336105E-04
 4.96216   -0.578012E-04    0.716300E-04   -0.330543E-04
 4.98019   -0.573746E-04    0.711225E-04   -0.325039E-04
 4.99822   -0.569499E-04    0.706183E-04   -0.319593E-04
 5.01624   -0.565270E-04    0.701175E-04   -0.314204E-04
 5.03427   -0.561062E-04    0.696200E-04   -0.308873E-04
 5.05229   -0.556875E-04    0.691259E-04   -0.303598E-04
 5.07032   -0.552712E-04    0.686353E-04   -0.298380E-04
 5.08835   -0.548572E-04    0.681482E-04   -0.293218E-04
 5.10637   -0.544457E-04    0.676647E-04   -0.288112E-04
 5.12440   -0.540368E-04    0.671847E-04   -0.283062E-04
 5.14242   -0.536307E-04    0.667083E-04   -0.278068E-04
 5.16045   -0.532274E-04    0.662356E-04   -0.273130E-04
 5.17848   -0.528270E-04    0.657665E-04   -0.268247E-04
 5.19650   -0.524295E-04    0.653011E-04   -0.263421E-04
 5.21453   -0.520352E-04    0.648394E-04   -0.258653E-04
 5.23256   -0.516440E-04    0.643814E-04   -0.253939E-04
 5.25058   -0.512560E-04    0.639271E-04   -0.249281E-04
 5.26861   -0.508713E-04    0.634766E-04   -0.244679E-04
 5.28663   -0.504900E-04    0.630298E-04   -0.240133E-04
 5.30466   -0.501120E-04    0.625868E-04   -0.235642E-04
 5.32269   -0.497375E-04    0.621475E-04   -0.231206E-04
 5.34071   -0.493664E-04    0.617120E-04   -0.226825E-04
 5.35874   -0.489987E-04    0.612802E-04   -0.222499E-04
 5.37676   -0.486346E-04    0.608522E-04   -0.218228E-04
 5.39479   -0.482740E-04    0.604279E-04   -0.214009E-04
 5.41282   -0.479169E-04    0.600073E-04   -0.209844E-04
 5.43084   -0.475632E-04    0.595904E-04   -0.205732E-04
 5.44887   -0.472131E-04    0.591771E-04   -0.201672E-04
 5.46689   -0.468664E-04    0.587675E-04   -0.197663E-04
 5.48492   -0.465231E-04    0.583614E-04   -0.193705E-04
 5.50295   -0.461833E-04    0.579590E-04   -0.189798E-04
 5.52097   -0.458467E-04    0.575600E-04   -0.185940E-04
 5.53900   -0.455135E-04    0.571645E-04   -0.182132E-04
 5.55702   -0.451835E-04    0.567725E-04   -0.178372E-04
 5.57505   -0.448567E-04    0.563838E-04   -0.174659E-04
 5.59308   -0.445330E-04    0.559985E-04   -0.170993E-04
 5.61110   -0.442123E-04    0.556165E-04   -0.167374E-04
 5.62913   -0.438945E-04    0.552377E-04   -0.163800E-04
 5.64715   -0.435797E-04    0.548621E-04   -0.160271E-04
 5.66518   -0.432676E-04    0.544896E-04   -0.156785E-04
 5.68321   -0.429582E-04    0.541201E-04   -0.153344E-04
 5.70123   -0.426514E-04    0.537536E-04   -0.149945E-04
 5.71926   -0.423472E-04    0.533901E-04   -0.146588E-04
 5.73728   -0.420453E-04    0.530295E-04   -0.143272E-04
 5.75531   -0.417459E-04    0.526716E-04   -0.139997E-04
 5.77334   -0.414486E-04    0.523166E-04   -0.136762E-04
 5.79136   -0.411536E-04    0.519642E-04   -0.133565E-04
 5.80939   -0.408606E-04    0.516145E-04   -0.130408E-04
 5.82741   -0.405697E-04    0.512673E-04   -0.127288E-04
 5.84544   -0.402807E-04    0.509228E-04   -0.124205E-04
 5.86347   -0.399935E-04    0.505807E-04   -0.121158E-04
 5.88149   -0.397081E-04    0.502410E-04   -0.118148E-04
 5.89952   -0.394245E-04    0.499038E-04   -0.115173E-04
 5.91755   -0.391425E-04    0.495688E-04   -0.112231E-04
 5.93557   -0.388621E-04    0.492363E-04   -0.109325E-04
 5.95360   -0.385833E-04    0.489059E-04   -0.106452E-04
 5.97162   -0.383060E-04    0.485778E-04   -0.103613E-04
 5.98965   -0.380301E-04    0.482519E-04   -0.100806E-04
 6.00768   -0.377557E-04    0.479282E-04   -0.980313E-05
 6.02570   -0.374827E-04    0.476066E-04   -0.952882E-05
 6.04373   -0.372110E-04    0.472872E-04   -0.925761E-05
 6.06175   -0.369406E-04    0.469698E-04   -0.898951E-05
 6.07978   -0.366716E-04    0.466544E-04   -0.872448E-05
 6.09781   -0.364039E-04    0.463411E-04   -0.846240E-05
 6.11583   -0.361375E-04    0.460299E-04   -0.820333E-05
 6.13386   -0.358724E-04    0.457207E-04   -0.794725E-05
 6.15188   -0.356085E-04    0.454134E-04   -0.769405E-05
 6.16991   -0.353460E-04    0.451082E-04   -0.744373E-05
 6.18794   -0.350848E-04    0.448049E-04   -0.719627E-05
 6.20596   -0.348249E-04    0.445036E-04   -0.695160E-05
 6.22399   -0.345663E-04    0.442043E-04   -0.670979E-05
 6.24201   -0.343091E-04    0.439070E-04   -0.647076E-05
 6.26004   -0.340532E-04    0.436116E-04   -0.623456E-05
 6.27807   -0.337987E-04    0.433182E-04   -0.600104E-05
 6.29609   -0.335456E-04    0.430267E-04   -0.577023E-05
 6.31412   -0.332939E-04    0.427372E-04   -0.554213E-05
 6.33214   -0.330436E-04    0.424497E-04   -0.531671E-05
 6.35017   -0.327947E-04    0.421641E-04   -0.509395E-05
 6.36820   -0.325473E-04    0.418804E-04   -0.487378E-05
 6.38622   -0.323014E-04    0.415987E-04   -0.465628E-05
 6.40425   -0.320570E-04    0.413190E-04   -0.444140E-05
 6.42227   -0.318141E-04    0.410412E-04   -0.422909E-05
 6.44030   -0.315728E-04    0.407653E-04   -0.401935E-05
 6.45833   -0.313330E-04    0.404914E-04   -0.381216E-05
 6.47635   -0.310948E-04    0.402194E-04   -0.360749E-05
 6.49438   -0.308581E-04    0.399494E-04   -0.340533E-05
 6.51240   -0.306231E-04    0.396813E-04   -0.320567E-05
 6.53043   -0.303896E-04    0.394151E-04   -0.300849E-05
 6.54846   -0.301578E-04    0.391509E-04   -0.281375E-05
 6.56648   -0.299276E-04    0.388885E-04   -0.262145E-05
 6.58451   -0.296991E-04    0.386281E-04   -0.243156E-05
 6.60254   -0.294722E-04    0.383697E-04   -0.224406E-05
 6.62056   -0.292470E-04    0.381131E-04   -0.205895E-05
 6.63859   -0.290235E-04    0.378584E-04   -0.187620E-05
 6.65661   -0.288016E-04    0.376057E-04   -0.169578E-05
 6.67464   -0.285815E-04    0.373548E-04   -0.151769E-05
 6.69267   -0.283630E-04    0.371058E-04   -0.134190E-05
 6.71069   -0.281462E-04    0.368587E-04   -0.116840E-05
 6.72872   -0.279311E-04    0.366135E-04   -0.997133E-06
 6.74674   -0.277177E-04    0.363701E-04   -0.828116E-06
 6.76477   -0.275061E-04    0.361286E-04   -0.661329E-06
 6.78280   -0.272961E-04    0.358889E-04   -0.496739E-06
 6.80082   -0.270878E-04    0.356511E-04   -0.334322E-06
 6.81885   -0.268812E-04    0.354151E-04   -0.174057E-06
 6.83687   -0.266763E-04    0.351809E-04   -0.159462E-07
 6.85490   -0.264732E-04    0.349486E-04    0.140048E-06
 6.87293   -0.262717E-04    0.347180E-04    0.293942E-06
 6.89095   -0.260719E-04    0.344892E-04    0.445745E-06
 6.90898   -0.258738E-04    0.342622E-04    0.595500E-06
 6.92700   -0.256774E-04    0.340370E-04    0.743217E-06
 6.94503   -0.254827E-04    0.338136E-04    0.888901E-06
 6.96306   -0.252897E-04    0.335919E-04    0.103259E-05
 6.98108   -0.250983E-04    0.333720E-04    0.117428E-05
 6.99911   -0.249086E-04    0.331538E-04    0.131403E-05
 7.01713   -0.247206E-04    0.329373E-04    0.145182E-05
 7.03516   -0.245343E-04    0.327225E-04    0.158768E-05
 7.05319   -0.243496E-04    0.325095E-04    0.172162E-05
 7.07121   -0.241666E-04    0.322981E-04    0.185368E-05
 7.08924   -0.239853E-04    0.320884E-04    0.198386E-05
 7.10726   -0.238055E-04    0.318804E-04    0.211220E-05
 7.12529   -0.236274E-04    0.316741E-04    0.223871E-05
 7.14332   -0.234510E-04    0.314694E-04    0.236339E-05
 7.16134   -0.232762E-04    0.312664E-04    0.248629E-05
 7.17937   -0.231029E-04    0.310650E-04    0.260742E-05
 7.19739   -0.229313E-04    0.308652E-04    0.272678E-05
 7.21542   -0.227613E-04    0.306670E-04    0.284441E-05
 7.23345   -0.225928E-04    0.304704E-04    0.296030E-05
 7.25147   -0.224260E-04    0.302754E-04    0.307451E-05
 7.26950   -0.222607E-04    0.300820E-04    0.318706E-05
 7.28753   -0.220969E-04    0.298901E-04    0.329791E-05
 7.30555   -0.219347E-04    0.296998E-04    0.340711E-05
 7.32358   -0.217740E-04    0.295110E-04    0.351470E-05
 7.34160   -0.216148E-04    0.293237E-04    0.362068E-05
 7.35963   -0.214572E-04    0.291379E-04    0.372506E-05
 7.37766   -0.213010E-04    0.289537E-04    0.382788E-05
 7.39568   -0.211463E-04    0.287709E-04    0.392912E-05
 7.41371   -0.209930E-04    0.285895E-04    0.402886E-05
 7.43173   -0.208412E-04    0.284097E-04    0.412707E-05
 7.44976   -0.206908E-04    0.282312E-04    0.422378E-05
 7.46779   -0.205418E-04    0.280542E-04    0.431902E-05
 7.48581   -0.203943E-04    0.278787E-04    0.441277E-05
 7.50384   -0.202481E-04    0.277045E-04    0.450510E-05
 7.52186   -0.201033E-04    0.275317E-04    0.459599E-05
 7.53989   -0.199598E-04    0.273603E-04    0.468550E-05
 7.55792   -0.198177E-04    0.271902E-04    0.477362E-05
 7.57594   -0.196769E-04    0.270215E-04    0.486035E-05
 7.59397   -0.195374E-04    0.268541E-04    0.494572E-05
 7.61199   -0.193992E-04    0.266881E-04    0.502975E-05
 7.63002   -0.192623E-04    0.265233E-04    0.511247E-05
 7.64805   -0.191267E-04    0.263599E-04    0.519388E-05
 7.66607   -0.189923E-04    0.261977E-04    0.527400E-05
 7.68410   -0.188591E-04    0.260368E-04    0.535287E-05
 7.70212   -0.187272E-04    0.258772E-04    0.543047E-05
 7.72015   -0.185965E-04    0.257188E-04    0.550681E-05
 7.73818   -0.184670E-04    0.255617E-04    0.558194E-05
 7.75620   -0.183387E-04    0.254058E-04    0.565586E-05
 7.77423   -0.182115E-04    0.252511E-04    0.572858E-05
 7.79225   -0.180856E-04    0.250976E-04    0.580012E-05
 7.81028   -0.179607E-04    0.249452E-04    0.587050E-05
 7.82831   -0.178370E-04    0.247941E-04    0.593972E-05
 7.84633   -0.177144E-04    0.246441E-04    0.600782E-05
 7.86436   -0.175929E-04    0.244953E-04    0.607479E-05
 7.88238   -0.174726E-04    0.243476E-04    0.614066E-05
 7.90041   -0.173533E-04    0.242011E-04    0.620541E-05
 7.91844   -0.172351E-04    0.240557E-04    0.626911E-05
 7.93646   -0.171179E-04    0.239114E-04    0.633173E-05
 7.95449   -0.170018E-04    0.237682E-04    0.639330E-05
 7.97252   -0.168867E-04    0.236261E-04    0.645384E-05
 7.99054   -0.167727E-04    0.234851E-04    0.651335E-05
 8.00857   -0.166597E-04    0.233452E-04    0.657184E-05
 8.02659   -0.165477E-04    0.232063E-04    0.662933E-05
 8.04462   -0.164367E-04    0.230685E-04    0.668583E-05
 8.06265   -0.163267E-04    0.229317E-04    0.674135E-05
 8.08067   -0.162176E-04    0.227959E-04    0.679592E-05
 8.09870   -0.161095E-04    0.226612E-04    0.684953E-05
 8.11672   -0.160024E-04    0.225275E-04    0.690220E-05
 8.13475   -0.158963E-04    0.223948E-04    0.695393E-05
 8.15278   -0.157911E-04    0.222631E-04    0.700474E-05
 8.17080   -0.156868E-04    0.221324E-04    0.705464E-05
 8.18883   -0.155834E-04    0.220027E-04    0.710364E-05
 8.20685   -0.154810E-04    0.218740E-04    0.715175E-05
 8.22488   -0.153794E-04    0.217462E-04    0.719899E-05
 8.24291   -0.152788E-04    0.216194E-04    0.724536E-05
 8.26093   -0.151791E-04    0.214935E-04    0.729088E-05
 8.27896   -0.150802E-04    0.213686E-04    0.733555E-05
 8.29698   -0.149822E-04    0.212447E-04    0.737938E-05
 8.31501   -0.148852E-04    0.211216E-04    0.742237E-05
 8.33304   -0.147889E-04    0.209995E-04    0.746455E-05
 8.35106   -0.146936E-04    0.208783E-04    0.750593E-05
 8.36909   -0.145990E-04    0.207580E-04    0.754650E-05
 8.38711   -0.145054E-04    0.206386E-04    0.758631E-05
 8.40514   -0.144125E-04    0.205201E-04    0.762530E-05
 8.42317   -0.143205E-04    0.204025E-04    0.766353E-05
 8.44119   -0.142293E-04    0.202857E-04    0.770101E-05
 8.45922   -0.141389E-04    0.201699E-04    0.773773E-05
 8.47724   -0.140494E-04    0.200548E-04    0.777373E-05
 8.49527   -0.139606E-04    0.199407E-04    0.780897E-05
 8.51330   -0.138726E-04    0.198274E-04    0.784349E-05
 8.53132   -0.137854E-04    0.197149E-04    0.787729E-05
 8.54935   -0.136990E-04    0.196033E-04    0.791040E-05
 8.56737   -0.136133E-04    0.194925E-04    0.794281E-05
 8.58540   -0.135284E-04    0.193825E-04    0.797453E-05
 8.60343   -0.134442E-04    0.192733E-04    0.800557E-05
 8.62145   -0.133608E-04    0.191649E-04    0.803595E-05
 8.63948   -0.132780E-04    0.190573E-04    0.806567E-05
 8.65751   -0.131960E-04    0.189505E-04    0.809473E-05
 8.67553   -0.131147E-04    0.188445E-04    0.812317E-05
 8.69356   -0.130340E-04    0.187392E-04    0.815098E-05
 8.71158   -0.129541E-04    0.186346E-04    0.817816E-05
 8.72961   -0.128748E-04    0.185309E-04    0.820474E-05
 8.74764   -0.127961E-04    0.184278E-04    0.823072E-05
 8.76566   -0.127181E-04    0.183255E-04    0.825611E-05
 8.78369   -0.126407E-04    0.182239E-04    0.828092E-05
 8.80171   -0.125639E-04    0.181230E-04    0.830516E-05
 8.81974   -0.124877E-04    0.180228E-04    0.832885E-05
 8.83777   -0.124121E-04    0.179233E-04    0.835198E-05
 8.85579   -0.123371E-04    0.178244E-04    0.837457E-05
 8.87382   -0.122627E-04    0.177263E-04    0.839664E-05
 8.89184   -0.121888E-04    0.176288E-04    0.841817E-05
 8.90987   -0.121154E-04    0.175319E-04    0.843920E-05
 8.92790   -0.120426E-04    0.174357E-04    0.845970E-05
 8.94592   -0.119703E-04    0.173402E-04    0.847972E-05
 8.96395   -0.118985E-04    0.172453E-04    0.849925E-05
 8.98197   -0.118272E-04    0.171510E-04    0.851831E-05
 9.00000   -0.117563E-04    0.170573E-04    0.853689E-05
