 0.00500    0.154905E-01   -0.812198E-02    0.637702E-02
 0.02303    0.127525E-01   -0.675284E-02    0.534966E-02
 0.04105    0.111412E-01   -0.594662E-02    0.474414E-02
 0.05908    0.996477E-02   -0.535767E-02    0.430117E-02
 0.07710    0.903598E-02   -0.489236E-02    0.395063E-02
 0.09513    0.827085E-02   -0.450870E-02    0.366105E-02
 0.11316    0.762295E-02   -0.418354E-02    0.341512E-02
 0.13118    0.706369E-02   -0.390257E-02    0.320213E-02
 0.14921    0.657398E-02   -0.365625E-02    0.301495E-02
 0.16723    0.614038E-02   -0.343789E-02    0.284857E-02
 0.18526    0.575303E-02   -0.324257E-02    0.269933E-02
 0.20329    0.540442E-02   -0.306653E-02    0.256444E-02
 0.22131    0.508874E-02   -0.290689E-02    0.244173E-02
 0.23934    0.480138E-02   -0.276135E-02    0.232949E-02
 0.25736    0.453862E-02   -0.262804E-02    0.222634E-02
 0.27539    0.429738E-02   -0.250545E-02    0.213114E-02
 0.29342    0.407514E-02   -0.239230E-02    0.204297E-02
 0.31144    0.386974E-02   -0.228754E-02    0.196101E-02
 0.32947    0.367938E-02   -0.219025E-02    0.188462E-02
 0.34749    0.350250E-02   -0.209967E-02    0.181321E-02
 0.36552    0.333777E-02   -0.201514E-02    0.174629E-02
 0.38355    0.318403E-02   -0.193608E-02    0.168343E-02
 0.40157    0.304027E-02   -0.186197E-02    0.162427E-02
 0.41960    0.290558E-02   -0.179239E-02    0.156847E-02
 0.43763    0.277918E-02   -0.172693E-02    0.151575E-02
 0.45565    0.266038E-02   -0.166525E-02    0.146585E-02
 0.47368    0.254855E-02   -0.160705E-02    0.141854E-02
 0.49170    0.244314E-02   -0.155204E-02    0.137362E-02
 0.50973    0.234365E-02   -0.149999E-02    0.133090E-02
 0.52776    0.224964E-02   -0.145066E-02    0.129023E-02
 0.54578    0.216069E-02   -0.140386E-02    0.125145E-02
 0.56381    0.207644E-02   -0.135940E-02    0.121443E-02
 0.58183    0.199656E-02   -0.131712E-02    0.117906E-02
 0.59986    0.192075E-02   -0.127687E-02    0.114521E-02
 0.61789    0.184872E-02   -0.123852E-02    0.111279E-02
 0.63591    0.178023E-02   -0.120193E-02    0.108171E-02
 0.65394    0.171506E-02   -0.116700E-02    0.105188E-02
 0.67196    0.165298E-02   -0.113362E-02    0.102322E-02
 0.68999    0.159379E-02   -0.110169E-02    0.995673E-03
 0.70802    0.153734E-02   -0.107113E-02    0.969163E-03
 0.72604    0.148344E-02   -0.104185E-02    0.943634E-03
 0.74407    0.143195E-02   -0.101378E-02    0.919029E-03
 0.76209    0.138272E-02   -0.986842E-03    0.895298E-03
 0.78012    0.133563E-02   -0.960982E-03    0.872393E-03
 0.79815    0.129055E-02   -0.936135E-03    0.850271E-03
 0.81617    0.124738E-02   -0.912246E-03    0.828890E-03
 0.83420    0.120600E-02   -0.889264E-03    0.808242E-03
 0.85222    0.116632E-02   -0.867139E-03    0.788233E-03
 0.87025    0.112825E-02   -0.845829E-03    0.768859E-03
 0.88828    0.109171E-02   -0.825291E-03    0.750062E-03
 0.90630    0.105662E-02   -0.805485E-03    0.731869E-03
 0.92433    0.102289E-02   -0.786376E-03    0.714226E-03
 0.94235    0.990476E-03   -0.767930E-03    0.697107E-03
 0.96038    0.959300E-03   -0.750114E-03    0.680489E-03
 0.97841    0.929302E-03   -0.732899E-03    0.664350E-03
 0.99643    0.900428E-03   -0.716259E-03    0.648669E-03
 1.01446    0.872622E-03   -0.700162E-03    0.633426E-03
 1.03248    0.845837E-03   -0.684586E-03    0.618604E-03
 1.05051    0.820023E-03   -0.669508E-03    0.604184E-03
 1.06854    0.795137E-03   -0.654905E-03    0.590152E-03
 1.08656    0.771136E-03   -0.640757E-03    0.576490E-03
 1.10459    0.747982E-03   -0.627044E-03    0.563186E-03
 1.12262    0.725636E-03   -0.613748E-03    0.550224E-03
 1.14064    0.704064E-03   -0.600852E-03    0.537593E-03
 1.15867    0.683232E-03   -0.588338E-03    0.525280E-03
 1.17669    0.663108E-03   -0.576192E-03    0.513273E-03
 1.19472    0.643664E-03   -0.564398E-03    0.501562E-03
 1.21275    0.624870E-03   -0.552942E-03    0.490135E-03
 1.23077    0.606700E-03   -0.541811E-03    0.478983E-03
 1.24880    0.589127E-03   -0.530993E-03    0.468097E-03
 1.26682    0.572129E-03   -0.520474E-03    0.457467E-03
 1.28485    0.555682E-03   -0.510245E-03    0.447085E-03
 1.30288    0.539764E-03   -0.500293E-03    0.436943E-03
 1.32090    0.524355E-03   -0.490610E-03    0.427032E-03
 1.33893    0.509435E-03   -0.481184E-03    0.417347E-03
 1.35695    0.494985E-03   -0.472007E-03    0.407879E-03
 1.37498    0.480987E-03   -0.463069E-03    0.398621E-03
 1.39301    0.467423E-03   -0.454363E-03    0.389568E-03
 1.41103    0.454279E-03   -0.445879E-03    0.380714E-03
 1.42906    0.441539E-03   -0.437611E-03    0.372052E-03
 1.44708    0.429187E-03   -0.429550E-03    0.363576E-03
 1.46511    0.417208E-03   -0.421690E-03    0.355281E-03
 1.48314    0.405592E-03   -0.414025E-03    0.347163E-03
 1.50116    0.394322E-03   -0.406546E-03    0.339216E-03
 1.51919    0.383388E-03   -0.399249E-03    0.331435E-03
 1.53721    0.372778E-03   -0.392127E-03    0.323815E-03
 1.55524    0.362480E-03   -0.385174E-03    0.316353E-03
 1.57327    0.352484E-03   -0.378387E-03    0.309044E-03
 1.59129    0.342780E-03   -0.371758E-03    0.301884E-03
 1.60932    0.333356E-03   -0.365283E-03    0.294869E-03
 1.62734    0.324205E-03   -0.358957E-03    0.287996E-03
 1.64537    0.315316E-03   -0.352789E-03    0.281260E-03
 1.66340    0.306681E-03   -0.346748E-03    0.274659E-03
 1.68142    0.298291E-03   -0.340843E-03    0.268188E-03
 1.69945    0.290140E-03   -0.335070E-03    0.261846E-03
 1.71747    0.282218E-03   -0.329413E-03    0.255627E-03
 1.73550    0.274519E-03   -0.323893E-03    0.249531E-03
 1.75353    0.267035E-03   -0.318493E-03    0.243553E-03
 1.77155    0.259760E-03   -0.313210E-03    0.237691E-03
 1.78958    0.252686E-03   -0.308041E-03    0.231942E-03
 1.80761    0.245809E-03   -0.302983E-03    0.226304E-03
 1.82563    0.239121E-03   -0.298033E-03    0.220774E-03
 1.84366    0.232617E-03   -0.293188E-03    0.215349E-03
 1.86168    0.226292E-03   -0.288444E-03    0.210028E-03
 1.87971    0.220140E-03   -0.283800E-03    0.204808E-03
 1.89774    0.214157E-03   -0.279252E-03    0.199687E-03
 1.91576    0.208336E-03   -0.274798E-03    0.194662E-03
 1.93379    0.202674E-03   -0.270436E-03    0.189732E-03
 1.95181    0.197166E-03   -0.266163E-03    0.184895E-03
 1.96984    0.191808E-03   -0.261977E-03    0.180149E-03
 1.98787    0.186595E-03   -0.257875E-03    0.175492E-03
 2.00589    0.181524E-03   -0.253857E-03    0.170922E-03
 2.02392    0.176590E-03   -0.249920E-03    0.166437E-03
 2.04194    0.171791E-03   -0.246061E-03    0.162037E-03
 2.05997    0.167122E-03   -0.242280E-03    0.157718E-03
 2.07800    0.162581E-03   -0.238574E-03    0.153481E-03
 2.09602    0.158163E-03   -0.234941E-03    0.149323E-03
 2.11405    0.153867E-03   -0.231381E-03    0.145242E-03
 2.13207    0.149690E-03   -0.227892E-03    0.141238E-03
 2.15010    0.145628E-03   -0.224472E-03    0.137310E-03
 2.16813    0.141678E-03   -0.221119E-03    0.133455E-03
 2.18615    0.137840E-03   -0.217833E-03    0.129672E-03
 2.20418    0.134109E-03   -0.214612E-03    0.125961E-03
 2.22220    0.130484E-03   -0.211456E-03    0.122321E-03
 2.24023    0.126963E-03   -0.208361E-03    0.118749E-03
 2.25826    0.123543E-03   -0.205329E-03    0.115245E-03
 2.27628    0.120223E-03   -0.202357E-03    0.111809E-03
 2.29431    0.117002E-03   -0.199445E-03    0.108439E-03
 2.31233    0.113876E-03   -0.196591E-03    0.105133E-03
 2.33036    0.110845E-03   -0.193796E-03    0.101892E-03
 2.34839    0.107906E-03   -0.191057E-03    0.987143E-04
 2.36641    0.105059E-03   -0.188374E-03    0.955988E-04
 2.38444    0.102302E-03   -0.185747E-03    0.925446E-04
 2.40246    0.996327E-04   -0.183174E-03    0.895510E-04
 2.42049    0.970506E-04   -0.180654E-03    0.866170E-04
 2.43852    0.945540E-04   -0.178187E-03    0.837423E-04
 2.45654    0.921415E-04   -0.175772E-03    0.809253E-04
 2.47457    0.898113E-04   -0.173407E-03    0.781654E-04
 2.49260    0.875626E-04   -0.171094E-03    0.754620E-04
 2.51062    0.853936E-04   -0.168829E-03    0.728139E-04
 2.52865    0.833027E-04   -0.166614E-03    0.702204E-04
 2.54667    0.812884E-04   -0.164446E-03    0.676804E-04
 2.56470    0.793496E-04   -0.162324E-03    0.651931E-04
 2.58273    0.774841E-04   -0.160249E-03    0.627576E-04
 2.60075    0.756900E-04   -0.158218E-03    0.603728E-04
 2.61878    0.739657E-04   -0.156232E-03    0.580376E-04
 2.63680    0.723087E-04   -0.154288E-03    0.557510E-04
 2.65483    0.707171E-04   -0.152385E-03    0.535118E-04
 2.67286    0.691887E-04   -0.150523E-03    0.513187E-04
 2.69088    0.677212E-04   -0.148700E-03    0.491707E-04
 2.70891    0.663121E-04   -0.146914E-03    0.470664E-04
 2.72693    0.649584E-04   -0.145165E-03    0.450044E-04
 2.74496    0.636571E-04   -0.143450E-03    0.429833E-04
 2.76299    0.624057E-04   -0.141767E-03    0.410017E-04
 2.78101    0.612005E-04   -0.140117E-03    0.390583E-04
 2.79904    0.600386E-04   -0.138496E-03    0.371507E-04
 2.81706    0.589163E-04   -0.136902E-03    0.352780E-04
 2.83509    0.578301E-04   -0.135334E-03    0.334384E-04
 2.85312    0.567763E-04   -0.133790E-03    0.316301E-04
 2.87114    0.557510E-04   -0.132268E-03    0.298513E-04
 2.88917    0.547504E-04   -0.130765E-03    0.281004E-04
 2.90719    0.537703E-04   -0.129280E-03    0.263756E-04
 2.92522    0.528067E-04   -0.127811E-03    0.246746E-04
 2.94325    0.518558E-04   -0.126355E-03    0.229961E-04
 2.96127    0.509131E-04   -0.124910E-03    0.213378E-04
 2.97930    0.499748E-04   -0.123474E-03    0.196982E-04
 2.99732    0.490369E-04   -0.122045E-03    0.180755E-04
 3.01535    0.480951E-04   -0.120622E-03    0.164676E-04
 3.03338    0.471457E-04   -0.119201E-03    0.148730E-04
 3.05140    0.461846E-04   -0.117780E-03    0.132899E-04
 3.06943    0.452085E-04   -0.116359E-03    0.117166E-04
 3.08745    0.442136E-04   -0.114935E-03    0.101516E-04
 3.10548    0.431966E-04   -0.113506E-03    0.859338E-05
 3.12351    0.421545E-04   -0.112070E-03    0.704050E-05
 3.14153    0.410843E-04   -0.110627E-03    0.549163E-05
 3.15956    0.399833E-04   -0.109175E-03    0.394586E-05
 3.17759    0.388492E-04   -0.107712E-03    0.240160E-05
 3.19561    0.376798E-04   -0.106237E-03    0.858086E-06
 3.21364    0.364737E-04   -0.104750E-03   -0.685587E-06
 3.23166    0.352287E-04   -0.103249E-03   -0.223012E-05
 3.24969    0.339439E-04   -0.101735E-03   -0.377624E-05
 3.26772    0.326186E-04   -0.100206E-03   -0.532441E-05
 3.28574    0.312522E-04   -0.986623E-04   -0.687479E-05
 3.30377    0.298444E-04   -0.971036E-04   -0.842765E-05
 3.32179    0.283954E-04   -0.955299E-04   -0.998318E-05
 3.33982    0.269056E-04   -0.939416E-04   -0.115413E-04
 3.35785    0.253758E-04   -0.923389E-04   -0.131018E-04
 3.37587    0.238070E-04   -0.907225E-04   -0.146643E-04
 3.39390    0.222006E-04   -0.890929E-04   -0.162285E-04
 3.41192    0.205582E-04   -0.874509E-04   -0.177938E-04
 3.42995    0.188816E-04   -0.857974E-04   -0.193596E-04
 3.44798    0.171730E-04   -0.841335E-04   -0.209253E-04
 3.46600    0.154347E-04   -0.824603E-04   -0.224898E-04
 3.48403    0.136692E-04   -0.807793E-04   -0.240524E-04
 3.50205    0.118793E-04   -0.790916E-04   -0.256120E-04
 3.52008    0.100679E-04   -0.773987E-04   -0.271677E-04
 3.53811    0.823807E-05   -0.757023E-04   -0.287182E-04
 3.55613    0.639289E-05   -0.740040E-04   -0.302624E-04
 3.57416    0.453558E-05   -0.723050E-04   -0.317991E-04
 3.59218    0.266933E-05   -0.706074E-04   -0.333272E-04
 3.61021    0.797524E-06   -0.689127E-04   -0.348454E-04
 3.62824   -0.107654E-05   -0.672225E-04   -0.363530E-04
 3.64626   -0.294960E-05   -0.655385E-04   -0.378476E-04
 3.66429   -0.481833E-05   -0.638624E-04   -0.393281E-04
 3.68231   -0.667948E-05   -0.621957E-04   -0.407944E-04
 3.70034   -0.852986E-05   -0.605403E-04   -0.422445E-04
 3.71837   -0.103663E-04   -0.588975E-04   -0.436777E-04
 3.73639   -0.121858E-04   -0.572690E-04   -0.450930E-04
 3.75442   -0.139855E-04   -0.556561E-04   -0.464884E-04
 3.77244   -0.157626E-04   -0.540603E-04   -0.478632E-04
 3.79047   -0.175147E-04   -0.524829E-04   -0.492166E-04
 3.80850   -0.192390E-04   -0.509252E-04   -0.505478E-04
 3.82652   -0.209333E-04   -0.493882E-04   -0.518557E-04
 3.84455   -0.225964E-04   -0.478734E-04   -0.531397E-04
 3.86258   -0.242235E-04   -0.463812E-04   -0.543991E-04
 3.88060   -0.258156E-04   -0.449129E-04   -0.556331E-04
 3.89863   -0.273700E-04   -0.434692E-04   -0.568412E-04
 3.91665   -0.288851E-04   -0.420510E-04   -0.580226E-04
 3.93468   -0.303601E-04   -0.406588E-04   -0.591772E-04
 3.95271   -0.317932E-04   -0.392932E-04   -0.603043E-04
 3.97073   -0.331838E-04   -0.379548E-04   -0.614033E-04
 3.98876   -0.345309E-04   -0.366440E-04   -0.624754E-04
 4.00678   -0.358340E-04   -0.353610E-04   -0.635187E-04
 4.02481   -0.370924E-04   -0.341060E-04   -0.645338E-04
 4.04284   -0.383060E-04   -0.328794E-04   -0.655199E-04
 4.06086   -0.394743E-04   -0.316811E-04   -0.664786E-04
 4.07889   -0.405975E-04   -0.305111E-04   -0.674082E-04
 4.09691   -0.416754E-04   -0.293696E-04   -0.683098E-04
 4.11494   -0.427084E-04   -0.282563E-04   -0.691840E-04
 4.13297   -0.436966E-04   -0.271710E-04   -0.700297E-04
 4.15099   -0.446404E-04   -0.261135E-04   -0.708476E-04
 4.16902   -0.455403E-04   -0.250838E-04   -0.716379E-04
 4.18704   -0.463968E-04   -0.240813E-04   -0.724011E-04
 4.20507   -0.472106E-04   -0.231058E-04   -0.731372E-04
 4.22310   -0.479824E-04   -0.221569E-04   -0.738469E-04
 4.24112   -0.487129E-04   -0.212342E-04   -0.745304E-04
 4.25915   -0.494032E-04   -0.203372E-04   -0.751883E-04
 4.27717   -0.500540E-04   -0.194654E-04   -0.758208E-04
 4.29520   -0.506662E-04   -0.186183E-04   -0.764286E-04
 4.31323   -0.512408E-04   -0.177955E-04   -0.770120E-04
 4.33125   -0.517788E-04   -0.169963E-04   -0.775714E-04
 4.34928   -0.522812E-04   -0.162203E-04   -0.781068E-04
 4.36730   -0.527491E-04   -0.154669E-04   -0.786203E-04
 4.38533   -0.531835E-04   -0.147355E-04   -0.791108E-04
 4.40336   -0.535855E-04   -0.140256E-04   -0.795794E-04
 4.42138   -0.539561E-04   -0.133366E-04   -0.800266E-04
 4.43941   -0.542964E-04   -0.126679E-04   -0.804531E-04
 4.45743   -0.546075E-04   -0.120189E-04   -0.808591E-04
 4.47546   -0.548904E-04   -0.113891E-04   -0.812450E-04
 4.49349   -0.551462E-04   -0.107780E-04   -0.816115E-04
 4.51151   -0.553759E-04   -0.101849E-04   -0.819592E-04
 4.52954   -0.555805E-04   -0.960924E-05   -0.822885E-04
 4.54757   -0.557609E-04   -0.905064E-05   -0.825999E-04
 4.56559   -0.559185E-04   -0.850847E-05   -0.828937E-04
 4.58362   -0.560539E-04   -0.798220E-05   -0.831708E-04
 4.60164   -0.561680E-04   -0.747134E-05   -0.834313E-04
 4.61967   -0.562619E-04   -0.697537E-05   -0.836758E-04
 4.63770   -0.563364E-04   -0.649384E-05   -0.839046E-04
 4.65572   -0.563924E-04   -0.602631E-05   -0.841184E-04
 4.67375   -0.564308E-04   -0.557219E-05   -0.843175E-04
 4.69177   -0.564523E-04   -0.513110E-05   -0.845022E-04
 4.70980   -0.564577E-04   -0.470259E-05   -0.846731E-04
 4.72783   -0.564478E-04   -0.428623E-05   -0.848304E-04
 4.74585   -0.564234E-04   -0.388166E-05   -0.849746E-04
 4.76388   -0.563852E-04   -0.348842E-05   -0.851061E-04
 4.78190   -0.563338E-04   -0.310616E-05   -0.852253E-04
 4.79993   -0.562699E-04   -0.273450E-05   -0.853324E-04
 4.81796   -0.561941E-04   -0.237307E-05   -0.854279E-04
 4.83598   -0.561071E-04   -0.202154E-05   -0.855120E-04
 4.85401   -0.560094E-04   -0.167957E-05   -0.855849E-04
 4.87203   -0.559016E-04   -0.134684E-05   -0.856477E-04
 4.89006   -0.557843E-04   -0.102306E-05   -0.856998E-04
 4.90809   -0.556579E-04   -0.707894E-06   -0.857418E-04
 4.92611   -0.555229E-04   -0.401103E-06   -0.857741E-04
 4.94414   -0.553798E-04   -0.102374E-06   -0.857968E-04
 4.96216   -0.552291E-04    0.188537E-06   -0.858103E-04
 4.98019   -0.550712E-04    0.471952E-06   -0.858147E-04
 4.99822   -0.549065E-04    0.748027E-06   -0.858106E-04
 5.01624   -0.547355E-04    0.101703E-05   -0.857979E-04
 5.03427   -0.545583E-04    0.127921E-05   -0.857769E-04
 5.05229   -0.543756E-04    0.153476E-05   -0.857480E-04
 5.07032   -0.541875E-04    0.178394E-05   -0.857113E-04
 5.08835   -0.539944E-04    0.202679E-05   -0.856670E-04
 5.10637   -0.537966E-04    0.226375E-05   -0.856154E-04
 5.12440   -0.535944E-04    0.249479E-05   -0.855566E-04
 5.14242   -0.533881E-04    0.272014E-05   -0.854909E-04
 5.16045   -0.531780E-04    0.294004E-05   -0.854182E-04
 5.17848   -0.529643E-04    0.315472E-05   -0.853394E-04
 5.19650   -0.527472E-04    0.336415E-05   -0.852540E-04
 5.21453   -0.525271E-04    0.356857E-05   -0.851623E-04
 5.23256   -0.523040E-04    0.376812E-05   -0.850647E-04
 5.25058   -0.520783E-04    0.396295E-05   -0.849613E-04
 5.26861   -0.518501E-04    0.415321E-05   -0.848521E-04
 5.28663   -0.516196E-04    0.433897E-05   -0.847374E-04
 5.30466   -0.513871E-04    0.452042E-05   -0.846173E-04
 5.32269   -0.511525E-04    0.469764E-05   -0.844921E-04
 5.34071   -0.509163E-04    0.487078E-05   -0.843617E-04
 5.35874   -0.506784E-04    0.503992E-05   -0.842264E-04
 5.37676   -0.504390E-04    0.520520E-05   -0.840863E-04
 5.39479   -0.501983E-04    0.536669E-05   -0.839415E-04
 5.41282   -0.499565E-04    0.552450E-05   -0.837955E-04
 5.43084   -0.497136E-04    0.567875E-05   -0.836418E-04
 5.44887   -0.494697E-04    0.582950E-05   -0.834837E-04
 5.46689   -0.492251E-04    0.597687E-05   -0.833216E-04
 5.48492   -0.489797E-04    0.612093E-05   -0.831553E-04
 5.50295   -0.487338E-04    0.626177E-05   -0.829852E-04
 5.52097   -0.484873E-04    0.639947E-05   -0.828113E-04
 5.53900   -0.482404E-04    0.653411E-05   -0.826335E-04
 5.55702   -0.479933E-04    0.666574E-05   -0.824489E-04
 5.57505   -0.477459E-04    0.679448E-05   -0.822641E-04
 5.59308   -0.474983E-04    0.692038E-05   -0.820759E-04
 5.61110   -0.472507E-04    0.704350E-05   -0.818842E-04
 5.62913   -0.470031E-04    0.716391E-05   -0.816894E-04
 5.64715   -0.467557E-04    0.728168E-05   -0.814914E-04
 5.66518   -0.465083E-04    0.739687E-05   -0.812904E-04
 5.68321   -0.462612E-04    0.750955E-05   -0.810865E-04
 5.70123   -0.460144E-04    0.761977E-05   -0.808796E-04
 5.71926   -0.457679E-04    0.772760E-05   -0.806701E-04
 5.73728   -0.455218E-04    0.783308E-05   -0.804579E-04
 5.75531   -0.452762E-04    0.793627E-05   -0.802431E-04
 5.77334   -0.450311E-04    0.803723E-05   -0.800257E-04
 5.79136   -0.447865E-04    0.813599E-05   -0.798059E-04
 5.80939   -0.445426E-04    0.823262E-05   -0.795837E-04
 5.82741   -0.442993E-04    0.832717E-05   -0.793593E-04
 5.84544   -0.440567E-04    0.841967E-05   -0.791326E-04
 5.86347   -0.438149E-04    0.851019E-05   -0.789037E-04
 5.88149   -0.435738E-04    0.859876E-05   -0.786728E-04
 5.89952   -0.433335E-04    0.868542E-05   -0.784398E-04
 5.91755   -0.430941E-04    0.877023E-05   -0.782048E-04
 5.93557   -0.428556E-04    0.885320E-05   -0.779679E-04
 5.95360   -0.426180E-04    0.893441E-05   -0.777292E-04
 5.97162   -0.423813E-04    0.901387E-05   -0.774887E-04
 5.98965   -0.421456E-04    0.909162E-05   -0.772465E-04
 6.00768   -0.419109E-04    0.916771E-05   -0.770026E-04
 6.02570   -0.416772E-04    0.924216E-05   -0.767570E-04
 6.04373   -0.414446E-04    0.931503E-05   -0.765099E-04
 6.06175   -0.412131E-04    0.938633E-05   -0.762613E-04
 6.07978   -0.409827E-04    0.945610E-05   -0.760112E-04
 6.09781   -0.407533E-04    0.952437E-05   -0.757597E-04
 6.11583   -0.405251E-04    0.959118E-05   -0.755069E-04
 6.13386   -0.402981E-04    0.965655E-05   -0.752527E-04
 6.15188   -0.400722E-04    0.972052E-05   -0.749973E-04
 6.16991   -0.398475E-04    0.978310E-05   -0.747406E-04
 6.18794   -0.396240E-04    0.984433E-05   -0.744829E-04
 6.20596   -0.394017E-04    0.990424E-05   -0.742239E-04
 6.22399   -0.391806E-04    0.996284E-05   -0.739640E-04
 6.24201   -0.389607E-04    0.100202E-04   -0.737030E-04
 6.26004   -0.387421E-04    0.100763E-04   -0.734410E-04
 6.27807   -0.385247E-04    0.101311E-04   -0.731780E-04
 6.29609   -0.383086E-04    0.101847E-04   -0.729142E-04
 6.31412   -0.380937E-04    0.102372E-04   -0.726495E-04
 6.33214   -0.378800E-04    0.102885E-04   -0.723840E-04
 6.35017   -0.376676E-04    0.103386E-04   -0.721177E-04
 6.36820   -0.374564E-04    0.103877E-04   -0.718506E-04
 6.38622   -0.372465E-04    0.104356E-04   -0.715828E-04
 6.40425   -0.370379E-04    0.104824E-04   -0.713143E-04
 6.42227   -0.368304E-04    0.105281E-04   -0.710452E-04
 6.44030   -0.366243E-04    0.105728E-04   -0.707755E-04
 6.45833   -0.364193E-04    0.106165E-04   -0.705052E-04
 6.47635   -0.362157E-04    0.106591E-04   -0.702343E-04
 6.49438   -0.360132E-04    0.107007E-04   -0.699629E-04
 6.51240   -0.358119E-04    0.107413E-04   -0.696911E-04
 6.53043   -0.356119E-04    0.107809E-04   -0.694187E-04
 6.54846   -0.354131E-04    0.108195E-04   -0.691460E-04
 6.56648   -0.352155E-04    0.108572E-04   -0.688728E-04
 6.58451   -0.350191E-04    0.108940E-04   -0.685992E-04
 6.60254   -0.348239E-04    0.109298E-04   -0.683253E-04
 6.62056   -0.346298E-04    0.109646E-04   -0.680510E-04
 6.63859   -0.344369E-04    0.109986E-04   -0.677765E-04
 6.65661   -0.342451E-04    0.110316E-04   -0.675016E-04
 6.67464   -0.340545E-04    0.110638E-04   -0.672265E-04
 6.69267   -0.338650E-04    0.110950E-04   -0.669512E-04
 6.71069   -0.336767E-04    0.111254E-04   -0.666756E-04
 6.72872   -0.334894E-04    0.111549E-04   -0.663999E-04
 6.74674   -0.333032E-04    0.111836E-04   -0.661240E-04
 6.76477   -0.331181E-04    0.112114E-04   -0.658479E-04
 6.78280   -0.329341E-04    0.112383E-04   -0.655717E-04
 6.80082   -0.327511E-04    0.112644E-04   -0.652954E-04
 6.81885   -0.325691E-04    0.112897E-04   -0.650190E-04
 6.83687   -0.323882E-04    0.113142E-04   -0.647425E-04
 6.85490   -0.322083E-04    0.113378E-04   -0.644660E-04
 6.87293   -0.320294E-04    0.113606E-04   -0.641894E-04
 6.89095   -0.318515E-04    0.113827E-04   -0.639219E-04
 6.90898   -0.316745E-04    0.114039E-04   -0.636362E-04
 6.92700   -0.314986E-04    0.114243E-04   -0.633596E-04
 6.94503   -0.313235E-04    0.114440E-04   -0.630831E-04
 6.96306   -0.311495E-04    0.114629E-04   -0.628065E-04
 6.98108   -0.309764E-04    0.114811E-04   -0.625301E-04
 6.99911   -0.308042E-04    0.114984E-04   -0.622537E-04
 7.01713   -0.306329E-04    0.115151E-04   -0.619775E-04
 7.03516   -0.304625E-04    0.115310E-04   -0.617013E-04
 7.05319   -0.302930E-04    0.115461E-04   -0.614253E-04
 7.07121   -0.301244E-04    0.115606E-04   -0.611494E-04
 7.08924   -0.299567E-04    0.115743E-04   -0.608736E-04
 7.10726   -0.297898E-04    0.115873E-04   -0.605981E-04
 7.12529   -0.296238E-04    0.115997E-04   -0.603227E-04
 7.14332   -0.294587E-04    0.116113E-04   -0.600475E-04
 7.16134   -0.292944E-04    0.116222E-04   -0.597726E-04
 7.17937   -0.291310E-04    0.116325E-04   -0.594978E-04
 7.19739   -0.289683E-04    0.116421E-04   -0.592234E-04
 7.21542   -0.288066E-04    0.116510E-04   -0.589491E-04
 7.23345   -0.286456E-04    0.116593E-04   -0.586752E-04
 7.25147   -0.284854E-04    0.116669E-04   -0.584015E-04
 7.26950   -0.283261E-04    0.116739E-04   -0.581282E-04
 7.28753   -0.281676E-04    0.116803E-04   -0.578551E-04
 7.30555   -0.280098E-04    0.116860E-04   -0.575824E-04
 7.32358   -0.278529E-04    0.116912E-04   -0.573100E-04
 7.34160   -0.276968E-04    0.116957E-04   -0.570380E-04
 7.35963   -0.275414E-04    0.116997E-04   -0.567664E-04
 7.37766   -0.273869E-04    0.117031E-04   -0.564951E-04
 7.39568   -0.272332E-04    0.117059E-04   -0.562243E-04
 7.41371   -0.270802E-04    0.117081E-04   -0.559538E-04
 7.43173   -0.269281E-04    0.117098E-04   -0.556838E-04
 7.44976   -0.267767E-04    0.117110E-04   -0.554142E-04
 7.46779   -0.266261E-04    0.117116E-04   -0.551450E-04
 7.48581   -0.264763E-04    0.117117E-04   -0.548763E-04
 7.50384   -0.263273E-04    0.117113E-04   -0.546082E-04
 7.52186   -0.261791E-04    0.117104E-04   -0.543404E-04
 7.53989   -0.260316E-04    0.117090E-04   -0.540732E-04
 7.55792   -0.258850E-04    0.117071E-04   -0.538065E-04
 7.57594   -0.257391E-04    0.117047E-04   -0.535404E-04
 7.59397   -0.255940E-04    0.117018E-04   -0.532747E-04
 7.61199   -0.254497E-04    0.116986E-04   -0.530096E-04
 7.63002   -0.253062E-04    0.116948E-04   -0.527451E-04
 7.64805   -0.251635E-04    0.116906E-04   -0.524811E-04
 7.66607   -0.250216E-04    0.116860E-04   -0.522177E-04
 7.68410   -0.248804E-04    0.116810E-04   -0.519549E-04
 7.70212   -0.247401E-04    0.116755E-04   -0.516927E-04
 7.72015   -0.246005E-04    0.116697E-04   -0.514311E-04
 7.73818   -0.244617E-04    0.116634E-04   -0.511701E-04
 7.75620   -0.243238E-04    0.116568E-04   -0.509098E-04
 7.77423   -0.241866E-04    0.116498E-04   -0.506501E-04
 7.79225   -0.240502E-04    0.116424E-04   -0.503911E-04
 7.81028   -0.239145E-04    0.116347E-04   -0.501327E-04
 7.82831   -0.237797E-04    0.116266E-04   -0.498750E-04
 7.84633   -0.236457E-04    0.116182E-04   -0.496179E-04
 7.86436   -0.235125E-04    0.116095E-04   -0.493618E-04
 7.88238   -0.233800E-04    0.116004E-04   -0.491060E-04
 7.90041   -0.232484E-04    0.115910E-04   -0.488510E-04
 7.91844   -0.231175E-04    0.115813E-04   -0.485968E-04
 7.93646   -0.229874E-04    0.115712E-04   -0.483433E-04
 7.95449   -0.228582E-04    0.115609E-04   -0.480905E-04
 7.97252   -0.227297E-04    0.115503E-04   -0.478385E-04
 7.99054   -0.226020E-04    0.115394E-04   -0.475872E-04
 8.00857   -0.224751E-04    0.115282E-04   -0.473366E-04
 8.02659   -0.223490E-04    0.115169E-04   -0.470868E-04
 8.04462   -0.222237E-04    0.115052E-04   -0.468378E-04
 8.06265   -0.220992E-04    0.114932E-04   -0.465895E-04
 8.08067   -0.219755E-04    0.114811E-04   -0.463420E-04
 8.09870   -0.218525E-04    0.114686E-04   -0.460953E-04
 8.11672   -0.217303E-04    0.114560E-04   -0.458494E-04
 8.13475   -0.216090E-04    0.114431E-04   -0.456043E-04
 8.15278   -0.214884E-04    0.114300E-04   -0.453600E-04
 8.17080   -0.213686E-04    0.114166E-04   -0.451165E-04
 8.18883   -0.212496E-04    0.114031E-04   -0.448738E-04
 8.20685   -0.211312E-04    0.113893E-04   -0.446319E-04
 8.22488   -0.210137E-04    0.113754E-04   -0.443909E-04
 8.24291   -0.208970E-04    0.113612E-04   -0.441506E-04
 8.26093   -0.207810E-04    0.113469E-04   -0.439112E-04
 8.27896   -0.206658E-04    0.113323E-04   -0.436726E-04
 8.29698   -0.205514E-04    0.113176E-04   -0.434348E-04
 8.31501   -0.204377E-04    0.113027E-04   -0.431979E-04
 8.33304   -0.203248E-04    0.112877E-04   -0.429619E-04
 8.35106   -0.202126E-04    0.112725E-04   -0.427267E-04
 8.36909   -0.201012E-04    0.112571E-04   -0.424923E-04
 8.38711   -0.199905E-04    0.112415E-04   -0.422588E-04
 8.40514   -0.198807E-04    0.112258E-04   -0.420261E-04
 8.42317   -0.197715E-04    0.112100E-04   -0.417943E-04
 8.44119   -0.196630E-04    0.111939E-04   -0.415634E-04
 8.45922   -0.195552E-04    0.111778E-04   -0.413333E-04
 8.47724   -0.194482E-04    0.111615E-04   -0.411041E-04
 8.49527   -0.193420E-04    0.111451E-04   -0.408758E-04
 8.51330   -0.192365E-04    0.111285E-04   -0.406483E-04
 8.53132   -0.191317E-04    0.111119E-04   -0.404217E-04
 8.54935   -0.190275E-04    0.110950E-04   -0.401960E-04
 8.56737   -0.189241E-04    0.110781E-04   -0.399711E-04
 8.58540   -0.188214E-04    0.110611E-04   -0.397472E-04
 8.60343   -0.187194E-04    0.110439E-04   -0.395241E-04
 8.62145   -0.186181E-04    0.110266E-04   -0.393019E-04
 8.63948   -0.185175E-04    0.110092E-04   -0.390806E-04
 8.65751   -0.184176E-04    0.109917E-04   -0.388601E-04
 8.67553   -0.183183E-04    0.109741E-04   -0.386406E-04
 8.69356   -0.182198E-04    0.109564E-04   -0.384219E-04
 8.71158   -0.181219E-04    0.109386E-04   -0.382041E-04
 8.72961   -0.180248E-04    0.109207E-04   -0.379872E-04
 8.74764   -0.179282E-04    0.109028E-04   -0.377713E-04
 8.76566   -0.178324E-04    0.108847E-04   -0.375561E-04
 8.78369   -0.177371E-04    0.108665E-04   -0.373419E-04
 8.80171   -0.176426E-04    0.108483E-04   -0.371286E-04
 8.81974   -0.175487E-04    0.108299E-04   -0.369161E-04
 8.83777   -0.174554E-04    0.108115E-04   -0.367045E-04
 8.85579   -0.173627E-04    0.107930E-04   -0.364938E-04
 8.87382   -0.172708E-04    0.107744E-04   -0.362840E-04
 8.89184   -0.171794E-04    0.107558E-04   -0.360751E-04
 8.90987   -0.170887E-04    0.107370E-04   -0.358671E-04
 8.92790   -0.169986E-04    0.107182E-04   -0.356600E-04
 8.94592   -0.169092E-04    0.106994E-04   -0.354537E-04
 8.96395   -0.168203E-04    0.106804E-04   -0.352484E-04
 8.98197   -0.167320E-04    0.106614E-04   -0.350439E-04
 9.00000   -0.166443E-04    0.106424E-04   -0.348403E-04
