 0.00500    0.607156E-02   -0.318696E-02    0.254601E-02
 0.01501    0.533300E-02   -0.281765E-02    0.226890E-02
 0.02501    0.483867E-02   -0.257045E-02    0.208341E-02
 0.03502    0.445705E-02   -0.237953E-02    0.194005E-02
 0.04502    0.414415E-02   -0.222297E-02    0.182241E-02
 0.05503    0.387861E-02   -0.209003E-02    0.172245E-02
 0.06503    0.364802E-02   -0.197456E-02    0.163555E-02
 0.07504    0.344450E-02   -0.187261E-02    0.155876E-02
 0.08504    0.326268E-02   -0.178150E-02    0.149006E-02
 0.09505    0.309866E-02   -0.169926E-02    0.142800E-02
 0.10506    0.294954E-02   -0.162446E-02    0.137149E-02
 0.11506    0.281309E-02   -0.155599E-02    0.131969E-02
 0.12507    0.268758E-02   -0.149296E-02    0.127196E-02
 0.13507    0.257158E-02   -0.143469E-02    0.122777E-02
 0.14508    0.246396E-02   -0.138058E-02    0.118669E-02
 0.15508    0.236376E-02   -0.133018E-02    0.114837E-02
 0.16509    0.227018E-02   -0.128308E-02    0.111250E-02
 0.17509    0.218255E-02   -0.123894E-02    0.107884E-02
 0.18510    0.210027E-02   -0.119747E-02    0.104716E-02
 0.19511    0.202286E-02   -0.115842E-02    0.101729E-02
 0.20511    0.194988E-02   -0.112158E-02    0.989066E-03
 0.21512    0.188095E-02   -0.108676E-02    0.962339E-03
 0.22512    0.181573E-02   -0.105379E-02    0.936987E-03
 0.23513    0.175394E-02   -0.102252E-02    0.912901E-03
 0.24513    0.169530E-02   -0.992826E-03    0.889984E-03
 0.25514    0.163959E-02   -0.964585E-03    0.868148E-03
 0.26514    0.158658E-02   -0.937693E-03    0.847314E-03
 0.27515    0.153609E-02   -0.912056E-03    0.827413E-03
 0.28516    0.148795E-02   -0.887587E-03    0.808379E-03
 0.29516    0.144200E-02   -0.864209E-03    0.790157E-03
 0.30517    0.139810E-02   -0.841852E-03    0.772692E-03
 0.31517    0.135613E-02   -0.820450E-03    0.755938E-03
 0.32518    0.131595E-02   -0.799946E-03    0.739850E-03
 0.33518    0.127747E-02   -0.780285E-03    0.724388E-03
 0.34519    0.124058E-02   -0.761416E-03    0.709516E-03
 0.35519    0.120519E-02   -0.743295E-03    0.695199E-03
 0.36520    0.117121E-02   -0.725879E-03    0.681407E-03
 0.37521    0.113858E-02   -0.709129E-03    0.668109E-03
 0.38521    0.110721E-02   -0.693009E-03    0.655280E-03
 0.39522    0.107703E-02   -0.677486E-03    0.642893E-03
 0.40522    0.104799E-02   -0.662524E-03    0.630927E-03
 0.41523    0.102003E-02   -0.648100E-03    0.619360E-03
 0.42523    0.993087E-03   -0.634185E-03    0.608171E-03
 0.43524    0.967115E-03   -0.620753E-03    0.597342E-03
 0.44524    0.942066E-03   -0.607781E-03    0.586855E-03
 0.45525    0.917895E-03   -0.595247E-03    0.576694E-03
 0.46526    0.894561E-03   -0.583129E-03    0.566844E-03
 0.47526    0.872024E-03   -0.571408E-03    0.557290E-03
 0.48527    0.850247E-03   -0.560067E-03    0.548018E-03
 0.49527    0.829196E-03   -0.549087E-03    0.539017E-03
 0.50528    0.808839E-03   -0.538452E-03    0.530273E-03
 0.51528    0.789143E-03   -0.528148E-03    0.521776E-03
 0.52529    0.770082E-03   -0.518160E-03    0.513515E-03
 0.53529    0.751626E-03   -0.508474E-03    0.505480E-03
 0.54530    0.733751E-03   -0.499078E-03    0.497661E-03
 0.55531    0.716432E-03   -0.489959E-03    0.490051E-03
 0.56531    0.699646E-03   -0.481107E-03    0.482639E-03
 0.57532    0.683371E-03   -0.472509E-03    0.475419E-03
 0.58532    0.667587E-03   -0.464156E-03    0.468382E-03
 0.59533    0.652273E-03   -0.456039E-03    0.461521E-03
 0.60533    0.637412E-03   -0.448147E-03    0.454831E-03
 0.61534    0.622984E-03   -0.440472E-03    0.448303E-03
 0.62534    0.608975E-03   -0.433006E-03    0.441932E-03
 0.63535    0.595367E-03   -0.425740E-03    0.435712E-03
 0.64536    0.582145E-03   -0.418668E-03    0.429638E-03
 0.65536    0.569296E-03   -0.411782E-03    0.423705E-03
 0.66537    0.556805E-03   -0.405076E-03    0.417906E-03
 0.67537    0.544658E-03   -0.398541E-03    0.412238E-03
 0.68538    0.532845E-03   -0.392174E-03    0.406696E-03
 0.69538    0.521352E-03   -0.385967E-03    0.401276E-03
 0.70539    0.510168E-03   -0.379915E-03    0.395973E-03
 0.71539    0.499283E-03   -0.374012E-03    0.390783E-03
 0.72540    0.488685E-03   -0.368254E-03    0.385703E-03
 0.73541    0.478366E-03   -0.362636E-03    0.380729E-03
 0.74541    0.468315E-03   -0.357152E-03    0.375857E-03
 0.75542    0.458524E-03   -0.351798E-03    0.371085E-03
 0.76542    0.448983E-03   -0.346571E-03    0.366408E-03
 0.77543    0.439685E-03   -0.341465E-03    0.361825E-03
 0.78543    0.430621E-03   -0.336477E-03    0.357332E-03
 0.79544    0.421784E-03   -0.331604E-03    0.352926E-03
 0.80544    0.413167E-03   -0.326840E-03    0.348605E-03
 0.81545    0.404762E-03   -0.322184E-03    0.344366E-03
 0.82546    0.396563E-03   -0.317631E-03    0.340206E-03
 0.83546    0.388563E-03   -0.313179E-03    0.336124E-03
 0.84547    0.380756E-03   -0.308824E-03    0.332117E-03
 0.85547    0.373137E-03   -0.304563E-03    0.328183E-03
 0.86548    0.365698E-03   -0.300394E-03    0.324319E-03
 0.87548    0.358436E-03   -0.296314E-03    0.320524E-03
 0.88549    0.351344E-03   -0.292320E-03    0.316796E-03
 0.89549    0.344418E-03   -0.288410E-03    0.313133E-03
 0.90550    0.337653E-03   -0.284581E-03    0.309533E-03
 0.91551    0.331043E-03   -0.280831E-03    0.305995E-03
 0.92551    0.324584E-03   -0.277157E-03    0.302516E-03
 0.93552    0.318273E-03   -0.273558E-03    0.299096E-03
 0.94552    0.312104E-03   -0.270031E-03    0.295732E-03
 0.95553    0.306074E-03   -0.266575E-03    0.292423E-03
 0.96553    0.300178E-03   -0.263187E-03    0.289169E-03
 0.97554    0.294414E-03   -0.259865E-03    0.285966E-03
 0.98555    0.288777E-03   -0.256609E-03    0.282814E-03
 0.99555    0.283263E-03   -0.253415E-03    0.279713E-03
 1.00556    0.277871E-03   -0.250283E-03    0.276659E-03
 1.01556    0.272595E-03   -0.247210E-03    0.273653E-03
 1.02557    0.267433E-03   -0.244195E-03    0.270693E-03
 1.03557    0.262382E-03   -0.241237E-03    0.267778E-03
 1.04558    0.257439E-03   -0.238334E-03    0.264907E-03
 1.05558    0.252601E-03   -0.235485E-03    0.262079E-03
 1.06559    0.247865E-03   -0.232688E-03    0.259293E-03
 1.07560    0.243229E-03   -0.229943E-03    0.256547E-03
 1.08560    0.238690E-03   -0.227246E-03    0.253842E-03
 1.09561    0.234245E-03   -0.224599E-03    0.251176E-03
 1.10561    0.229893E-03   -0.221998E-03    0.248547E-03
 1.11562    0.225630E-03   -0.219444E-03    0.245956E-03
 1.12562    0.221455E-03   -0.216935E-03    0.243402E-03
 1.13563    0.217365E-03   -0.214469E-03    0.240883E-03
 1.14563    0.213358E-03   -0.212047E-03    0.238398E-03
 1.15564    0.209433E-03   -0.209666E-03    0.235948E-03
 1.16565    0.205587E-03   -0.207326E-03    0.233532E-03
 1.17565    0.201817E-03   -0.205026E-03    0.231148E-03
 1.18566    0.198123E-03   -0.202764E-03    0.228796E-03
 1.19566    0.194503E-03   -0.200541E-03    0.226475E-03
 1.20567    0.190954E-03   -0.198355E-03    0.224185E-03
 1.21567    0.187475E-03   -0.196205E-03    0.221925E-03
 1.22568    0.184065E-03   -0.194091E-03    0.219694E-03
 1.23568    0.180721E-03   -0.192011E-03    0.217492E-03
 1.24569    0.177442E-03   -0.189965E-03    0.215318E-03
 1.25570    0.174227E-03   -0.187952E-03    0.213172E-03
 1.26570    0.171074E-03   -0.185972E-03    0.211053E-03
 1.27571    0.167982E-03   -0.184023E-03    0.208960E-03
 1.28571    0.164949E-03   -0.182105E-03    0.206894E-03
 1.29572    0.161974E-03   -0.180218E-03    0.204853E-03
 1.30572    0.159056E-03   -0.178360E-03    0.202837E-03
 1.31573    0.156193E-03   -0.176531E-03    0.200845E-03
 1.32573    0.153384E-03   -0.174730E-03    0.198878E-03
 1.33574    0.150628E-03   -0.172957E-03    0.196934E-03
 1.34575    0.147924E-03   -0.171212E-03    0.195014E-03
 1.35575    0.145270E-03   -0.169493E-03    0.193116E-03
 1.36576    0.142666E-03   -0.167800E-03    0.191241E-03
 1.37576    0.140110E-03   -0.166132E-03    0.189388E-03
 1.38577    0.137601E-03   -0.164489E-03    0.187556E-03
 1.39577    0.135139E-03   -0.162871E-03    0.185745E-03
 1.40578    0.132722E-03   -0.161277E-03    0.183955E-03
 1.41578    0.130349E-03   -0.159706E-03    0.182186E-03
 1.42579    0.128020E-03   -0.158159E-03    0.180436E-03
 1.43580    0.125733E-03   -0.156634E-03    0.178707E-03
 1.44580    0.123487E-03   -0.155131E-03    0.176997E-03
 1.45581    0.121282E-03   -0.153649E-03    0.175305E-03
 1.46581    0.119117E-03   -0.152189E-03    0.173633E-03
 1.47582    0.116991E-03   -0.150750E-03    0.171979E-03
 1.48582    0.114904E-03   -0.149331E-03    0.170343E-03
 1.49583    0.112853E-03   -0.147932E-03    0.168725E-03
 1.50583    0.110840E-03   -0.146552E-03    0.167124E-03
 1.51584    0.108862E-03   -0.145192E-03    0.165541E-03
 1.52585    0.106919E-03   -0.143851E-03    0.163974E-03
 1.53585    0.105011E-03   -0.142529E-03    0.162424E-03
 1.54586    0.103136E-03   -0.141224E-03    0.160891E-03
 1.55586    0.101295E-03   -0.139938E-03    0.159374E-03
 1.56587    0.994858E-04   -0.138669E-03    0.157873E-03
 1.57587    0.977086E-04   -0.137417E-03    0.156387E-03
 1.58588    0.959626E-04   -0.136182E-03    0.154917E-03
 1.59588    0.942472E-04   -0.134963E-03    0.153462E-03
 1.60589    0.925618E-04   -0.133761E-03    0.152022E-03
 1.61590    0.909057E-04   -0.132575E-03    0.150597E-03
 1.62590    0.892785E-04   -0.131405E-03    0.149186E-03
 1.63591    0.876796E-04   -0.130250E-03    0.147789E-03
 1.64591    0.861084E-04   -0.129110E-03    0.146407E-03
 1.65592    0.845645E-04   -0.127985E-03    0.145039E-03
 1.66592    0.830473E-04   -0.126875E-03    0.143684E-03
 1.67593    0.815564E-04   -0.125779E-03    0.142342E-03
 1.68593    0.800912E-04   -0.124697E-03    0.141014E-03
 1.69594    0.786513E-04   -0.123630E-03    0.139700E-03
 1.70595    0.772362E-04   -0.122576E-03    0.138398E-03
 1.71595    0.758455E-04   -0.121535E-03    0.137109E-03
 1.72596    0.744789E-04   -0.120508E-03    0.135832E-03
 1.73596    0.731357E-04   -0.119493E-03    0.134568E-03
 1.74597    0.718157E-04   -0.118492E-03    0.133316E-03
 1.75597    0.705184E-04   -0.117503E-03    0.132076E-03
 1.76598    0.692434E-04   -0.116527E-03    0.130849E-03
 1.77598    0.679904E-04   -0.115563E-03    0.129633E-03
 1.78599    0.667590E-04   -0.114611E-03    0.128428E-03
 1.79600    0.655489E-04   -0.113670E-03    0.127236E-03
 1.80600    0.643596E-04   -0.112742E-03    0.126054E-03
 1.81601    0.631909E-04   -0.111825E-03    0.124884E-03
 1.82601    0.620424E-04   -0.110919E-03    0.123725E-03
 1.83602    0.609138E-04   -0.110024E-03    0.122577E-03
 1.84602    0.598048E-04   -0.109141E-03    0.121439E-03
 1.85603    0.587150E-04   -0.108268E-03    0.120313E-03
 1.86603    0.576443E-04   -0.107406E-03    0.119197E-03
 1.87604    0.565923E-04   -0.106555E-03    0.118091E-03
 1.88605    0.555588E-04   -0.105714E-03    0.116996E-03
 1.89605    0.545434E-04   -0.104883E-03    0.115911E-03
 1.90606    0.535459E-04   -0.104063E-03    0.114836E-03
 1.91606    0.525660E-04   -0.103252E-03    0.113771E-03
 1.92607    0.516036E-04   -0.102451E-03    0.112716E-03
 1.93607    0.506583E-04   -0.101661E-03    0.111671E-03
 1.94608    0.497300E-04   -0.100879E-03    0.110636E-03
 1.95608    0.488184E-04   -0.100108E-03    0.109610E-03
 1.96609    0.479232E-04   -0.993456E-04    0.108594E-03
 1.97610    0.470444E-04   -0.985927E-04    0.107587E-03
 1.98610    0.461816E-04   -0.978489E-04    0.106589E-03
 1.99611    0.453347E-04   -0.971144E-04    0.105601E-03
 2.00611    0.445034E-04   -0.963888E-04    0.104622E-03
 2.01612    0.436877E-04   -0.956721E-04    0.103652E-03
 2.02612    0.428872E-04   -0.949641E-04    0.102691E-03
 2.03613    0.421019E-04   -0.942649E-04    0.101739E-03
 2.04613    0.413314E-04   -0.935743E-04    0.100795E-03
 2.05614    0.405758E-04   -0.928922E-04    0.998608E-04
 2.06615    0.398347E-04   -0.922186E-04    0.989349E-04
 2.07615    0.391080E-04   -0.915532E-04    0.980176E-04
 2.08616    0.383956E-04   -0.908961E-04    0.971088E-04
 2.09616    0.376973E-04   -0.902472E-04    0.962085E-04
 2.10617    0.370130E-04   -0.896064E-04    0.953165E-04
 2.11617    0.363424E-04   -0.889735E-04    0.944327E-04
 2.12618    0.356854E-04   -0.883486E-04    0.935572E-04
 2.13618    0.350418E-04   -0.877315E-04    0.926899E-04
 2.14619    0.344116E-04   -0.871221E-04    0.918306E-04
 2.15620    0.337945E-04   -0.865204E-04    0.909793E-04
 2.16620    0.331904E-04   -0.859259E-04    0.901359E-04
 2.17621    0.325991E-04   -0.853392E-04    0.893004E-04
 2.18621    0.320205E-04   -0.847600E-04    0.884727E-04
 2.19622    0.314545E-04   -0.841881E-04    0.876526E-04
 2.20622    0.309007E-04   -0.836234E-04    0.868402E-04
 2.21623    0.303591E-04   -0.830659E-04    0.860353E-04
 2.22623    0.298296E-04   -0.825154E-04    0.852378E-04
 2.23624    0.293119E-04   -0.819719E-04    0.844478E-04
 2.24625    0.288058E-04   -0.814353E-04    0.836650E-04
 2.25625    0.283113E-04   -0.809054E-04    0.828895E-04
 2.26626    0.278281E-04   -0.803823E-04    0.821210E-04
 2.27626    0.273560E-04   -0.798657E-04    0.813596E-04
 2.28627    0.268948E-04   -0.793556E-04    0.806052E-04
 2.29627    0.264444E-04   -0.788518E-04    0.798576E-04
 2.30628    0.260045E-04   -0.783544E-04    0.791169E-04
 2.31628    0.255749E-04   -0.778631E-04    0.783828E-04
 2.32629    0.251555E-04   -0.773778E-04    0.776553E-04
 2.33630    0.247459E-04   -0.768985E-04    0.769342E-04
 2.34630    0.243460E-04   -0.764250E-04    0.762196E-04
 2.35631    0.239555E-04   -0.759572E-04    0.755112E-04
 2.36631    0.235742E-04   -0.754950E-04    0.748090E-04
 2.37632    0.232018E-04   -0.750382E-04    0.741129E-04
 2.38632    0.228382E-04   -0.745867E-04    0.734226E-04
 2.39633    0.224830E-04   -0.741404E-04    0.727382E-04
 2.40633    0.221360E-04   -0.736991E-04    0.720596E-04
 2.41634    0.217968E-04   -0.732627E-04    0.713865E-04
 2.42635    0.214653E-04   -0.728311E-04    0.707189E-04
 2.43635    0.211411E-04   -0.724040E-04    0.700567E-04
 2.44636    0.208240E-04   -0.719814E-04    0.693997E-04
 2.45636    0.205136E-04   -0.715631E-04    0.687478E-04
 2.46637    0.202096E-04   -0.711489E-04    0.681009E-04
 2.47637    0.199118E-04   -0.707387E-04    0.674587E-04
 2.48638    0.196199E-04   -0.703323E-04    0.668213E-04
 2.49638    0.193333E-04   -0.699295E-04    0.661884E-04
 2.50639    0.190520E-04   -0.695302E-04    0.655599E-04
 2.51640    0.187755E-04   -0.691343E-04    0.649358E-04
 2.52640    0.185036E-04   -0.687414E-04    0.643158E-04
 2.53641    0.182358E-04   -0.683516E-04    0.636998E-04
 2.54641    0.179719E-04   -0.679645E-04    0.630876E-04
 2.55642    0.177115E-04   -0.675801E-04    0.624792E-04
 2.56642    0.174543E-04   -0.671981E-04    0.618743E-04
 2.57643    0.172000E-04   -0.668183E-04    0.612728E-04
 2.58643    0.169481E-04   -0.664407E-04    0.606747E-04
 2.59644    0.166984E-04   -0.660650E-04    0.600797E-04
 2.60645    0.164505E-04   -0.656910E-04    0.594877E-04
 2.61645    0.162041E-04   -0.653186E-04    0.588985E-04
 2.62646    0.159588E-04   -0.649476E-04    0.583121E-04
 2.63646    0.157144E-04   -0.645778E-04    0.577283E-04
 2.64647    0.154705E-04   -0.642091E-04    0.571469E-04
 2.65647    0.152267E-04   -0.638413E-04    0.565678E-04
 2.66648    0.149829E-04   -0.634742E-04    0.559909E-04
 2.67648    0.147385E-04   -0.631077E-04    0.554161E-04
 2.68649    0.144935E-04   -0.627417E-04    0.548431E-04
 2.69650    0.142474E-04   -0.623758E-04    0.542720E-04
 2.70650    0.139999E-04   -0.620102E-04    0.537026E-04
 2.71651    0.137508E-04   -0.616561E-04    0.531347E-04
 2.72651    0.134999E-04   -0.612786E-04    0.525682E-04
 2.73652    0.132468E-04   -0.609125E-04    0.520031E-04
 2.74652    0.129913E-04   -0.605459E-04    0.514393E-04
 2.75653    0.127332E-04   -0.601788E-04    0.508765E-04
 2.76654    0.124723E-04   -0.598110E-04    0.503148E-04
 2.77654    0.122082E-04   -0.594425E-04    0.497541E-04
 2.78655    0.119409E-04   -0.590730E-04    0.491943E-04
 2.79655    0.116701E-04   -0.587026E-04    0.486352E-04
 2.80656    0.113957E-04   -0.583312E-04    0.480768E-04
 2.81656    0.111175E-04   -0.579585E-04    0.475190E-04
 2.82657    0.108354E-04   -0.575847E-04    0.469619E-04
 2.83657    0.105491E-04   -0.572096E-04    0.464052E-04
 2.84658    0.102587E-04   -0.568331E-04    0.458490E-04
 2.85659    0.996391E-05   -0.564552E-04    0.452932E-04
 2.86659    0.966475E-05   -0.560759E-04    0.447379E-04
 2.87660    0.936110E-05   -0.556950E-04    0.441828E-04
 2.88660    0.905289E-05   -0.553126E-04    0.436281E-04
 2.89661    0.874011E-05   -0.549287E-04    0.430736E-04
 2.90661    0.842269E-05   -0.545432E-04    0.425195E-04
 2.91662    0.810061E-05   -0.541561E-04    0.419655E-04
 2.92662    0.777388E-05   -0.537675E-04    0.414119E-04
 2.93663    0.744253E-05   -0.533772E-04    0.408584E-04
 2.94664    0.710655E-05   -0.529853E-04    0.403053E-04
 2.95664    0.676599E-05   -0.525920E-04    0.397524E-04
 2.96665    0.642090E-05   -0.521971E-04    0.391998E-04
 2.97665    0.607138E-05   -0.518007E-04    0.386475E-04
 2.98666    0.571745E-05   -0.514028E-04    0.380956E-04
 2.99666    0.535924E-05   -0.510035E-04    0.375440E-04
 3.00667    0.499682E-05   -0.506029E-04    0.369928E-04
 3.01667    0.463034E-05   -0.502009E-04    0.364421E-04
 3.02668    0.425988E-05   -0.497978E-04    0.358918E-04
 3.03669    0.388561E-05   -0.493934E-04    0.353421E-04
 3.04669    0.350765E-05   -0.489879E-04    0.347931E-04
 3.05670    0.312616E-05   -0.485815E-04    0.342446E-04
 3.06670    0.274133E-05   -0.481740E-04    0.336969E-04
 3.07671    0.235330E-05   -0.477658E-04    0.331500E-04
 3.08671    0.196228E-05   -0.473568E-04    0.326038E-04
 3.09672    0.156844E-05   -0.469471E-04    0.320587E-04
 3.10672    0.117199E-05   -0.465368E-04    0.315145E-04
 3.11673    0.773113E-06   -0.461261E-04    0.309714E-04
 3.12674    0.372030E-06   -0.457151E-04    0.304294E-04
 3.13674   -0.310485E-07   -0.453037E-04    0.298886E-04
 3.14675   -0.435909E-06   -0.448923E-04    0.293492E-04
 3.15675   -0.842330E-06   -0.444808E-04    0.288112E-04
 3.16676   -0.125008E-05   -0.440694E-04    0.282746E-04
 3.17676   -0.165894E-05   -0.436582E-04    0.277396E-04
 3.18677   -0.206868E-05   -0.432473E-04    0.272063E-04
 3.19677   -0.247906E-05   -0.428368E-04    0.266748E-04
 3.20678   -0.288985E-05   -0.424269E-04    0.261450E-04
 3.21679   -0.330085E-05   -0.420177E-04    0.256172E-04
 3.22679   -0.371177E-05   -0.416092E-04    0.250914E-04
 3.23680   -0.412242E-05   -0.412017E-04    0.245677E-04
 3.24680   -0.453255E-05   -0.407952E-04    0.240462E-04
 3.25681   -0.494195E-05   -0.403898E-04    0.235270E-04
 3.26681   -0.535039E-05   -0.399857E-04    0.230101E-04
 3.27682   -0.575761E-05   -0.395829E-04    0.224957E-04
 3.28682   -0.616341E-05   -0.391816E-04    0.219838E-04
 3.29683   -0.656756E-05   -0.387819E-04    0.214745E-04
 3.30684   -0.696987E-05   -0.383839E-04    0.209679E-04
 3.31684   -0.737010E-05   -0.379877E-04    0.204641E-04
 3.32685   -0.776806E-05   -0.375935E-04    0.199631E-04
 3.33685   -0.816352E-05   -0.372012E-04    0.194651E-04
 3.34686   -0.855630E-05   -0.368111E-04    0.189701E-04
 3.35686   -0.894621E-05   -0.364231E-04    0.184782E-04
 3.36687   -0.933503E-05   -0.360375E-04    0.179895E-04
 3.37687   -0.971665E-05   -0.356543E-04    0.175039E-04
 3.38688   -0.100968E-04   -0.352736E-04    0.170217E-04
 3.39689   -0.104734E-04   -0.348954E-04    0.165428E-04
 3.40689   -0.108463E-04   -0.345199E-04    0.160673E-04
 3.41690   -0.112152E-04   -0.341471E-04    0.155953E-04
 3.42690   -0.115801E-04   -0.337772E-04    0.151269E-04
 3.43691   -0.119407E-04   -0.334101E-04    0.146620E-04
 3.44691   -0.122970E-04   -0.330460E-04    0.142007E-04
 3.45692   -0.126489E-04   -0.326849E-04    0.137431E-04
 3.46692   -0.129961E-04   -0.323269E-04    0.132892E-04
 3.47693   -0.133387E-04   -0.319720E-04    0.128391E-04
 3.48694   -0.136763E-04   -0.316203E-04    0.123928E-04
 3.49694   -0.140091E-04   -0.312719E-04    0.119504E-04
 3.50695   -0.143368E-04   -0.309267E-04    0.115118E-04
 3.51695   -0.146594E-04   -0.305849E-04    0.110772E-04
 3.52696   -0.149769E-04   -0.302465E-04    0.106465E-04
 3.53696   -0.152890E-04   -0.299115E-04    0.102197E-04
 3.54697   -0.155958E-04   -0.295800E-04    0.979693E-05
 3.55697   -0.158972E-04   -0.292519E-04    0.937816E-05
 3.56698   -0.161931E-04   -0.289273E-04    0.896341E-05
 3.57699   -0.164835E-04   -0.286063E-04    0.855271E-05
 3.58699   -0.167684E-04   -0.282889E-04    0.814604E-05
 3.59700   -0.170477E-04   -0.279750E-04    0.774345E-05
 3.60700   -0.173213E-04   -0.276647E-04    0.734493E-05
 3.61701   -0.175893E-04   -0.273580E-04    0.695047E-05
 3.62701   -0.178516E-04   -0.270548E-04    0.656010E-05
 3.63702   -0.181082E-04   -0.267554E-04    0.617380E-05
 3.64702   -0.183592E-04   -0.264595E-04    0.579158E-05
 3.65703   -0.186044E-04   -0.261672E-04    0.541344E-05
 3.66704   -0.188440E-04   -0.258786E-04    0.503936E-05
 3.67704   -0.190779E-04   -0.255936E-04    0.466932E-05
 3.68705   -0.193061E-04   -0.253121E-04    0.430338E-05
 3.69705   -0.195286E-04   -0.250343E-04    0.394142E-05
 3.70706   -0.197455E-04   -0.247601E-04    0.358354E-05
 3.71706   -0.199568E-04   -0.244894E-04    0.322964E-05
 3.72707   -0.201625E-04   -0.242222E-04    0.287971E-05
 3.73707   -0.203626E-04   -0.239586E-04    0.253378E-05
 3.74708   -0.205572E-04   -0.236985E-04    0.219182E-05
 3.75709   -0.207463E-04   -0.234419E-04    0.185406E-05
 3.76709   -0.209300E-04   -0.231888E-04    0.151995E-05
 3.77710   -0.211083E-04   -0.229392E-04    0.118944E-05
 3.78710   -0.212812E-04   -0.226929E-04    0.863071E-06
 3.79711   -0.214489E-04   -0.224501E-04    0.540562E-06
 3.80711   -0.216113E-04   -0.222106E-04    0.221852E-06
 3.81712   -0.217685E-04   -0.219744E-04   -0.930668E-07
 3.82712   -0.219206E-04   -0.217416E-04   -0.404238E-06
 3.83713   -0.220677E-04   -0.215120E-04   -0.711683E-06
 3.84714   -0.222097E-04   -0.212856E-04   -0.101544E-05
 3.85714   -0.223468E-04   -0.210624E-04   -0.131552E-05
 3.86715   -0.224790E-04   -0.208425E-04   -0.161197E-05
 3.87715   -0.226064E-04   -0.206256E-04   -0.190483E-05
 3.88716   -0.227291E-04   -0.204118E-04   -0.219411E-05
 3.89716   -0.228471E-04   -0.202011E-04   -0.247986E-05
 3.90717   -0.229605E-04   -0.199934E-04   -0.276211E-05
 3.91717   -0.230694E-04   -0.197887E-04   -0.304090E-05
 3.92718   -0.231739E-04   -0.195869E-04   -0.331626E-05
 3.93719   -0.232739E-04   -0.193880E-04   -0.358821E-05
 3.94719   -0.233697E-04   -0.191920E-04   -0.385683E-05
 3.95720   -0.234612E-04   -0.189988E-04   -0.412207E-05
 3.96720   -0.235486E-04   -0.188084E-04   -0.438411E-05
 3.97721   -0.236318E-04   -0.186208E-04   -0.464286E-05
 3.98721   -0.237111E-04   -0.184358E-04   -0.489839E-05
 3.99722   -0.237864E-04   -0.182535E-04   -0.515075E-05
 4.00722   -0.238579E-04   -0.180738E-04   -0.539998E-05
 4.01723   -0.239257E-04   -0.178967E-04   -0.564608E-05
 4.02724   -0.239897E-04   -0.177221E-04   -0.588913E-05
 4.03724   -0.240500E-04   -0.175501E-04   -0.612914E-05
 4.04725   -0.241069E-04   -0.173805E-04   -0.636616E-05
 4.05725   -0.241602E-04   -0.172133E-04   -0.660022E-05
 4.06726   -0.242101E-04   -0.170485E-04   -0.683136E-05
 4.07726   -0.242567E-04   -0.168860E-04   -0.705960E-05
 4.08727   -0.243001E-04   -0.167259E-04   -0.728498E-05
 4.09727   -0.243402E-04   -0.165680E-04   -0.750757E-05
 4.10728   -0.243772E-04   -0.164123E-04   -0.772737E-05
 4.11729   -0.244112E-04   -0.162588E-04   -0.794442E-05
 4.12729   -0.244422E-04   -0.161075E-04   -0.815875E-05
 4.13730   -0.244703E-04   -0.159582E-04   -0.837041E-05
 4.14730   -0.244956E-04   -0.158111E-04   -0.857943E-05
 4.15731   -0.245181E-04   -0.156660E-04   -0.878583E-05
 4.16731   -0.245378E-04   -0.155228E-04   -0.898967E-05
 4.17732   -0.245550E-04   -0.153817E-04   -0.919095E-05
 4.18732   -0.245696E-04   -0.152425E-04   -0.938977E-05
 4.19733   -0.245816E-04   -0.151051E-04   -0.958606E-05
 4.20734   -0.245912E-04   -0.149697E-04   -0.977992E-05
 4.21734   -0.245985E-04   -0.148360E-04   -0.997136E-05
 4.22735   -0.246034E-04   -0.147042E-04   -0.101604E-04
 4.23735   -0.246060E-04   -0.145741E-04   -0.103471E-04
 4.24736   -0.246065E-04   -0.144457E-04   -0.105315E-04
 4.25736   -0.246048E-04   -0.143190E-04   -0.107136E-04
 4.26737   -0.246010E-04   -0.141940E-04   -0.108935E-04
 4.27737   -0.245952E-04   -0.140707E-04   -0.110711E-04
 4.28738   -0.245874E-04   -0.139488E-04   -0.112465E-04
 4.29739   -0.245777E-04   -0.138287E-04   -0.114197E-04
 4.30739   -0.245661E-04   -0.137100E-04   -0.115908E-04
 4.31740   -0.245527E-04   -0.135929E-04   -0.117598E-04
 4.32740   -0.245375E-04   -0.134772E-04   -0.119267E-04
 4.33741   -0.245206E-04   -0.133630E-04   -0.120915E-04
 4.34741   -0.245021E-04   -0.132502E-04   -0.122543E-04
 4.35742   -0.244819E-04   -0.131388E-04   -0.124151E-04
 4.36742   -0.244602E-04   -0.130288E-04   -0.125739E-04
 4.37743   -0.244369E-04   -0.129202E-04   -0.127308E-04
 4.38744   -0.244122E-04   -0.128128E-04   -0.128857E-04
 4.39744   -0.243860E-04   -0.127068E-04   -0.130387E-04
 4.40745   -0.243585E-04   -0.126020E-04   -0.131898E-04
 4.41745   -0.243296E-04   -0.124985E-04   -0.133391E-04
 4.42746   -0.242994E-04   -0.123963E-04   -0.134865E-04
 4.43746   -0.242679E-04   -0.122952E-04   -0.136321E-04
 4.44747   -0.242352E-04   -0.121953E-04   -0.137759E-04
 4.45747   -0.242013E-04   -0.120966E-04   -0.139180E-04
 4.46748   -0.241663E-04   -0.119990E-04   -0.140583E-04
 4.47749   -0.241301E-04   -0.119025E-04   -0.141969E-04
 4.48749   -0.240929E-04   -0.118071E-04   -0.143338E-04
 4.49750   -0.240545E-04   -0.117128E-04   -0.144690E-04
 4.50750   -0.240153E-04   -0.116195E-04   -0.146025E-04
 4.51751   -0.239750E-04   -0.115273E-04   -0.147344E-04
 4.52751   -0.239338E-04   -0.114361E-04   -0.148647E-04
 4.53752   -0.238917E-04   -0.113459E-04   -0.149934E-04
 4.54753   -0.238487E-04   -0.112567E-04   -0.151205E-04
 4.55753   -0.238048E-04   -0.111684E-04   -0.152461E-04
 4.56754   -0.237602E-04   -0.110811E-04   -0.153701E-04
 4.57754   -0.237147E-04   -0.109947E-04   -0.154926E-04
 4.58755   -0.236685E-04   -0.109093E-04   -0.156135E-04
 4.59755   -0.236216E-04   -0.108247E-04   -0.157330E-04
 4.60756   -0.235739E-04   -0.107410E-04   -0.158511E-04
 4.61756   -0.235256E-04   -0.106582E-04   -0.159677E-04
 4.62757   -0.234766E-04   -0.105762E-04   -0.160828E-04
 4.63758   -0.234269E-04   -0.104950E-04   -0.161965E-04
 4.64758   -0.233767E-04   -0.104147E-04   -0.163089E-04
 4.65759   -0.233259E-04   -0.103352E-04   -0.164198E-04
 4.66759   -0.232745E-04   -0.102564E-04   -0.165294E-04
 4.67760   -0.232225E-04   -0.101785E-04   -0.166377E-04
 4.68760   -0.231701E-04   -0.101013E-04   -0.167446E-04
 4.69761   -0.231171E-04   -0.100248E-04   -0.168502E-04
 4.70761   -0.230636E-04   -0.994912E-05   -0.169545E-04
 4.71762   -0.230098E-04   -0.987413E-05   -0.170575E-04
 4.72763   -0.229554E-04   -0.979987E-05   -0.171592E-04
 4.73763   -0.229007E-04   -0.972631E-05   -0.172596E-04
 4.74764   -0.228455E-04   -0.965343E-05   -0.173589E-04
 4.75764   -0.227900E-04   -0.958121E-05   -0.174568E-04
 4.76765   -0.227341E-04   -0.950970E-05   -0.175536E-04
 4.77765   -0.226778E-04   -0.943882E-05   -0.176492E-04
 4.78766   -0.226212E-04   -0.936859E-05   -0.177435E-04
 4.79766   -0.225643E-04   -0.929899E-05   -0.178367E-04
 4.80767   -0.225071E-04   -0.923003E-05   -0.179287E-04
 4.81768   -0.224496E-04   -0.916167E-05   -0.180196E-04
 4.82768   -0.223918E-04   -0.909392E-05   -0.181093E-04
 4.83769   -0.223338E-04   -0.902677E-05   -0.181979E-04
 4.84769   -0.222755E-04   -0.896020E-05   -0.182854E-04
 4.85770   -0.222170E-04   -0.889422E-05   -0.183717E-04
 4.86770   -0.221583E-04   -0.882880E-05   -0.184570E-04
 4.87771   -0.220993E-04   -0.876394E-05   -0.185411E-04
 4.88771   -0.220403E-04   -0.869963E-05   -0.186242E-04
 4.89772   -0.219809E-04   -0.863586E-05   -0.187063E-04
 4.90773   -0.219215E-04   -0.857263E-05   -0.187873E-04
 4.91773   -0.218619E-04   -0.850993E-05   -0.188672E-04
 4.92774   -0.218021E-04   -0.844774E-05   -0.189461E-04
 4.93774   -0.217422E-04   -0.838607E-05   -0.190240E-04
 4.94775   -0.216822E-04   -0.832490E-05   -0.191009E-04
 4.95775   -0.216220E-04   -0.826422E-05   -0.191767E-04
 4.96776   -0.215617E-04   -0.820404E-05   -0.192516E-04
 4.97776   -0.215014E-04   -0.814433E-05   -0.193255E-04
 4.98777   -0.214410E-04   -0.808510E-05   -0.193984E-04
 4.99778   -0.213803E-04   -0.802635E-05   -0.194704E-04
 5.00778   -0.213199E-04   -0.796805E-05   -0.195414E-04
 5.01779   -0.212592E-04   -0.791021E-05   -0.196115E-04
 5.02779   -0.211985E-04   -0.785281E-05   -0.196806E-04
 5.03780   -0.211378E-04   -0.779586E-05   -0.197488E-04
 5.04780   -0.210770E-04   -0.773935E-05   -0.198161E-04
 5.05781   -0.210162E-04   -0.768327E-05   -0.198825E-04
 5.06781   -0.209554E-04   -0.762761E-05   -0.199480E-04
 5.07782   -0.208946E-04   -0.757237E-05   -0.200126E-04
 5.08783   -0.208338E-04   -0.751754E-05   -0.200763E-04
 5.09783   -0.207729E-04   -0.746313E-05   -0.201392E-04
 5.10784   -0.207121E-04   -0.740911E-05   -0.202012E-04
 5.11784   -0.206513E-04   -0.735549E-05   -0.202623E-04
 5.12785   -0.205905E-04   -0.730226E-05   -0.203226E-04
 5.13785   -0.205297E-04   -0.724942E-05   -0.203821E-04
 5.14786   -0.204690E-04   -0.719697E-05   -0.204407E-04
 5.15786   -0.204083E-04   -0.714489E-05   -0.204985E-04
 5.16787   -0.203477E-04   -0.709318E-05   -0.205555E-04
 5.17788   -0.202871E-04   -0.704184E-05   -0.206117E-04
 5.18788   -0.202265E-04   -0.699086E-05   -0.206671E-04
 5.19789   -0.201660E-04   -0.694024E-05   -0.207217E-04
 5.20789   -0.201056E-04   -0.688998E-05   -0.207756E-04
 5.21790   -0.200452E-04   -0.684006E-05   -0.208286E-04
 5.22790   -0.199850E-04   -0.679049E-05   -0.208809E-04
 5.23791   -0.199248E-04   -0.674126E-05   -0.209324E-04
 5.24791   -0.198646E-04   -0.669237E-05   -0.209832E-04
 5.25792   -0.198046E-04   -0.664381E-05   -0.210332E-04
 5.26793   -0.197446E-04   -0.659558E-05   -0.210824E-04
 5.27793   -0.196848E-04   -0.654768E-05   -0.211310E-04
 5.28794   -0.196250E-04   -0.650010E-05   -0.211788E-04
 5.29794   -0.195654E-04   -0.645284E-05   -0.212259E-04
 5.30795   -0.195058E-04   -0.640589E-05   -0.212722E-04
 5.31795   -0.194464E-04   -0.635925E-05   -0.213179E-04
 5.32796   -0.193871E-04   -0.631292E-05   -0.213628E-04
 5.33796   -0.193278E-04   -0.626690E-05   -0.214071E-04
 5.34797   -0.192687E-04   -0.622117E-05   -0.214507E-04
 5.35798   -0.192097E-04   -0.617574E-05   -0.214935E-04
 5.36798   -0.191509E-04   -0.613060E-05   -0.215357E-04
 5.37799   -0.190922E-04   -0.608576E-05   -0.215773E-04
 5.38799   -0.190336E-04   -0.604121E-05   -0.216181E-04
 5.39800   -0.189751E-04   -0.599694E-05   -0.216583E-04
 5.40800   -0.189168E-04   -0.595296E-05   -0.216979E-04
 5.41801   -0.188586E-04   -0.590925E-05   -0.217367E-04
 5.42801   -0.188005E-04   -0.586582E-05   -0.217750E-04
 5.43802   -0.187426E-04   -0.582266E-05   -0.218126E-04
 5.44803   -0.186848E-04   -0.577977E-05   -0.218495E-04
 5.45803   -0.186272E-04   -0.573713E-05   -0.218859E-04
 5.46804   -0.185697E-04   -0.569480E-05   -0.219216E-04
 5.47804   -0.185123E-04   -0.565271E-05   -0.219567E-04
 5.48805   -0.184551E-04   -0.561088E-05   -0.219912E-04
 5.49805   -0.183981E-04   -0.556931E-05   -0.220251E-04
 5.50806   -0.183412E-04   -0.552799E-05   -0.220583E-04
 5.51806   -0.182844E-04   -0.548693E-05   -0.220910E-04
 5.52807   -0.182278E-04   -0.544611E-05   -0.221231E-04
 5.53808   -0.181714E-04   -0.540555E-05   -0.221546E-04
 5.54808   -0.181151E-04   -0.536523E-05   -0.221855E-04
 5.55809   -0.180590E-04   -0.532517E-05   -0.222158E-04
 5.56809   -0.180030E-04   -0.528534E-05   -0.222456E-04
 5.57810   -0.179472E-04   -0.524575E-05   -0.222748E-04
 5.58810   -0.178916E-04   -0.520640E-05   -0.223034E-04
 5.59811   -0.178361E-04   -0.516729E-05   -0.223315E-04
 5.60811   -0.177807E-04   -0.512841E-05   -0.223590E-04
 5.61812   -0.177256E-04   -0.508976E-05   -0.223860E-04
 5.62813   -0.176706E-04   -0.505135E-05   -0.224124E-04
 5.63813   -0.176157E-04   -0.501316E-05   -0.224382E-04
 5.64814   -0.175611E-04   -0.497520E-05   -0.224635E-04
 5.65814   -0.175066E-04   -0.493747E-05   -0.224883E-04
 5.66815   -0.174522E-04   -0.489996E-05   -0.225126E-04
 5.67815   -0.173980E-04   -0.486266E-05   -0.225363E-04
 5.68816   -0.173440E-04   -0.482560E-05   -0.225595E-04
 5.69816   -0.172902E-04   -0.478875E-05   -0.225822E-04
 5.70817   -0.172365E-04   -0.475212E-05   -0.226044E-04
 5.71818   -0.171830E-04   -0.471570E-05   -0.226260E-04
 5.72818   -0.171296E-04   -0.467950E-05   -0.226472E-04
 5.73819   -0.170765E-04   -0.464351E-05   -0.226679E-04
 5.74819   -0.170234E-04   -0.460773E-05   -0.226880E-04
 5.75820   -0.169706E-04   -0.457216E-05   -0.227077E-04
 5.76820   -0.169179E-04   -0.453680E-05   -0.227269E-04
 5.77821   -0.168654E-04   -0.450165E-05   -0.227456E-04
 5.78821   -0.168130E-04   -0.446670E-05   -0.227638E-04
 5.79822   -0.167608E-04   -0.443195E-05   -0.227815E-04
 5.80823   -0.167088E-04   -0.439741E-05   -0.227987E-04
 5.81823   -0.166570E-04   -0.436307E-05   -0.228155E-04
 5.82824   -0.166053E-04   -0.432893E-05   -0.228319E-04
 5.83824   -0.165538E-04   -0.429499E-05   -0.228477E-04
 5.84825   -0.165024E-04   -0.426124E-05   -0.228631E-04
 5.85825   -0.164512E-04   -0.422769E-05   -0.228781E-04
 5.86826   -0.164002E-04   -0.419434E-05   -0.228926E-04
 5.87826   -0.163493E-04   -0.416118E-05   -0.229066E-04
 5.88827   -0.162986E-04   -0.412821E-05   -0.229202E-04
 5.89828   -0.162481E-04   -0.409543E-05   -0.229334E-04
 5.90828   -0.161977E-04   -0.406285E-05   -0.229461E-04
 5.91829   -0.161475E-04   -0.403045E-05   -0.229583E-04
 5.92829   -0.160974E-04   -0.399825E-05   -0.229702E-04
 5.93830   -0.160475E-04   -0.396622E-05   -0.229816E-04
 5.94830   -0.159978E-04   -0.393439E-05   -0.229926E-04
 5.95831   -0.159482E-04   -0.390274E-05   -0.230032E-04
 5.96831   -0.158988E-04   -0.387127E-05   -0.230134E-04
 5.97832   -0.158496E-04   -0.383999E-05   -0.230231E-04
 5.98833   -0.158005E-04   -0.380889E-05   -0.230325E-04
 5.99833   -0.157515E-04   -0.377797E-05   -0.230414E-04
 6.00834   -0.157028E-04   -0.374723E-05   -0.230499E-04
 6.01834   -0.156542E-04   -0.371667E-05   -0.230580E-04
 6.02835   -0.156057E-04   -0.368629E-05   -0.230658E-04
 6.03835   -0.155574E-04   -0.365608E-05   -0.230731E-04
 6.04836   -0.155092E-04   -0.362605E-05   -0.230800E-04
 6.05836   -0.154612E-04   -0.359620E-05   -0.230866E-04
 6.06837   -0.154134E-04   -0.356652E-05   -0.230927E-04
 6.07838   -0.153657E-04   -0.353701E-05   -0.230985E-04
 6.08838   -0.153182E-04   -0.350768E-05   -0.231039E-04
 6.09839   -0.152708E-04   -0.347851E-05   -0.231089E-04
 6.10839   -0.152236E-04   -0.344952E-05   -0.231136E-04
 6.11840   -0.151765E-04   -0.342070E-05   -0.231178E-04
 6.12840   -0.151296E-04   -0.339204E-05   -0.231217E-04
 6.13841   -0.150828E-04   -0.336355E-05   -0.231253E-04
 6.14841   -0.150362E-04   -0.333523E-05   -0.231284E-04
 6.15842   -0.149897E-04   -0.330708E-05   -0.231312E-04
 6.16843   -0.149434E-04   -0.327909E-05   -0.231337E-04
 6.17843   -0.148972E-04   -0.325126E-05   -0.231358E-04
 6.18844   -0.148512E-04   -0.322360E-05   -0.231375E-04
 6.19844   -0.148053E-04   -0.319610E-05   -0.231389E-04
 6.20845   -0.147596E-04   -0.316877E-05   -0.231400E-04
 6.21845   -0.147140E-04   -0.314158E-05   -0.231407E-04
 6.22846   -0.146685E-04   -0.311457E-05   -0.231411E-04
 6.23846   -0.146232E-04   -0.308771E-05   -0.231411E-04
 6.24847   -0.145781E-04   -0.306101E-05   -0.231408E-04
 6.25848   -0.145331E-04   -0.303446E-05   -0.231401E-04
 6.26848   -0.144882E-04   -0.300808E-05   -0.231391E-04
 6.27849   -0.144435E-04   -0.298185E-05   -0.231378E-04
 6.28849   -0.143989E-04   -0.295577E-05   -0.231362E-04
 6.29850   -0.143544E-04   -0.292985E-05   -0.231343E-04
 6.30850   -0.143101E-04   -0.290408E-05   -0.231320E-04
 6.31851   -0.142660E-04   -0.287847E-05   -0.231294E-04
 6.32852   -0.142219E-04   -0.285300E-05   -0.231265E-04
 6.33852   -0.141781E-04   -0.282769E-05   -0.231233E-04
 6.34853   -0.141343E-04   -0.280252E-05   -0.231197E-04
 6.35853   -0.140907E-04   -0.277751E-05   -0.231159E-04
 6.36854   -0.140472E-04   -0.275265E-05   -0.231118E-04
 6.37854   -0.140039E-04   -0.272793E-05   -0.231073E-04
 6.38855   -0.139607E-04   -0.270336E-05   -0.231026E-04
 6.39855   -0.139176E-04   -0.267893E-05   -0.230975E-04
 6.40856   -0.138747E-04   -0.265465E-05   -0.230922E-04
 6.41857   -0.138319E-04   -0.263052E-05   -0.230866E-04
 6.42857   -0.137893E-04   -0.260653E-05   -0.230806E-04
 6.43858   -0.137467E-04   -0.258268E-05   -0.230744E-04
 6.44858   -0.137044E-04   -0.255897E-05   -0.230679E-04
 6.45859   -0.136621E-04   -0.253541E-05   -0.230612E-04
 6.46859   -0.136200E-04   -0.251198E-05   -0.230541E-04
 6.47860   -0.135780E-04   -0.248870E-05   -0.230468E-04
 6.48860   -0.135361E-04   -0.246555E-05   -0.230392E-04
 6.49861   -0.134944E-04   -0.244254E-05   -0.230313E-04
 6.50862   -0.134528E-04   -0.241967E-05   -0.230231E-04
 6.51862   -0.134113E-04   -0.239693E-05   -0.230147E-04
 6.52863   -0.133700E-04   -0.237433E-05   -0.230060E-04
 6.53863   -0.133288E-04   -0.235187E-05   -0.229971E-04
 6.54864   -0.132877E-04   -0.232954E-05   -0.229879E-04
 6.55864   -0.132468E-04   -0.230734E-05   -0.229784E-04
 6.56865   -0.132060E-04   -0.228527E-05   -0.229687E-04
 6.57865   -0.131653E-04   -0.226334E-05   -0.229587E-04
 6.58866   -0.131247E-04   -0.224154E-05   -0.229484E-04
 6.59867   -0.130843E-04   -0.221986E-05   -0.229380E-04
 6.60867   -0.130440E-04   -0.219832E-05   -0.229272E-04
 6.61868   -0.130038E-04   -0.217690E-05   -0.229162E-04
 6.62868   -0.129638E-04   -0.215561E-05   -0.229050E-04
 6.63869   -0.129238E-04   -0.213445E-05   -0.228936E-04
 6.64869   -0.128841E-04   -0.211342E-05   -0.228819E-04
 6.65870   -0.128444E-04   -0.209251E-05   -0.228699E-04
 6.66870   -0.128048E-04   -0.207172E-05   -0.228577E-04
 6.67871   -0.127654E-04   -0.205106E-05   -0.228453E-04
 6.68872   -0.127261E-04   -0.203052E-05   -0.228327E-04
 6.69872   -0.126870E-04   -0.201010E-05   -0.228198E-04
 6.70873   -0.126480E-04   -0.198980E-05   -0.228068E-04
 6.71873   -0.126091E-04   -0.196962E-05   -0.227934E-04
 6.72874   -0.125703E-04   -0.194956E-05   -0.227799E-04
 6.73874   -0.125316E-04   -0.192962E-05   -0.227662E-04
 6.74875   -0.124931E-04   -0.190980E-05   -0.227522E-04
 6.75875   -0.124547E-04   -0.189010E-05   -0.227380E-04
 6.76876   -0.124164E-04   -0.187051E-05   -0.227236E-04
 6.77877   -0.123782E-04   -0.185103E-05   -0.227090E-04
 6.78877   -0.123402E-04   -0.183168E-05   -0.226942E-04
 6.79878   -0.123023E-04   -0.181243E-05   -0.226791E-04
 6.80878   -0.122645E-04   -0.179330E-05   -0.226639E-04
 6.81879   -0.122268E-04   -0.177428E-05   -0.226485E-04
 6.82879   -0.121893E-04   -0.175537E-05   -0.226329E-04
 6.83880   -0.121519E-04   -0.173658E-05   -0.226170E-04
 6.84880   -0.121146E-04   -0.171789E-05   -0.226010E-04
 6.85881   -0.120774E-04   -0.169932E-05   -0.225848E-04
 6.86882   -0.120403E-04   -0.168085E-05   -0.225683E-04
 6.87882   -0.120034E-04   -0.166249E-05   -0.225517E-04
 6.88883   -0.119666E-04   -0.164423E-05   -0.225349E-04
 6.89883   -0.119299E-04   -0.162609E-05   -0.225179E-04
 6.90884   -0.118934E-04   -0.160805E-05   -0.225008E-04
 6.91884   -0.118569E-04   -0.159011E-05   -0.224834E-04
 6.92885   -0.118206E-04   -0.157228E-05   -0.224659E-04
 6.93885   -0.117844E-04   -0.155454E-05   -0.224481E-04
 6.94886   -0.117484E-04   -0.153691E-05   -0.224302E-04
 6.95887   -0.117124E-04   -0.151939E-05   -0.224122E-04
 6.96887   -0.116766E-04   -0.150197E-05   -0.223939E-04
 6.97888   -0.116409E-04   -0.148464E-05   -0.223755E-04
 6.98888   -0.116053E-04   -0.146742E-05   -0.223569E-04
 6.99889   -0.115698E-04   -0.145029E-05   -0.223382E-04
 7.00889   -0.115345E-04   -0.143326E-05   -0.223193E-04
 7.01890   -0.114993E-04   -0.141633E-05   -0.223002E-04
 7.02890   -0.114642E-04   -0.139950E-05   -0.222809E-04
 7.03891   -0.114292E-04   -0.138276E-05   -0.222614E-04
 7.04892   -0.113943E-04   -0.136612E-05   -0.222419E-04
 7.05892   -0.113596E-04   -0.134957E-05   -0.222221E-04
 7.06893   -0.113250E-04   -0.133312E-05   -0.222022E-04
 7.07893   -0.112905E-04   -0.131676E-05   -0.221822E-04
 7.08894   -0.112561E-04   -0.130049E-05   -0.221620E-04
 7.09894   -0.112219E-04   -0.128431E-05   -0.221416E-04
 7.10895   -0.111877E-04   -0.126823E-05   -0.221211E-04
 7.11895   -0.111537E-04   -0.125224E-05   -0.221005E-04
 7.12896   -0.111198E-04   -0.123633E-05   -0.220797E-04
 7.13897   -0.110861E-04   -0.122052E-05   -0.220588E-04
 7.14897   -0.110524E-04   -0.120479E-05   -0.220377E-04
 7.15898   -0.110188E-04   -0.118916E-05   -0.220164E-04
 7.16898   -0.109854E-04   -0.117361E-05   -0.219951E-04
 7.17899   -0.109521E-04   -0.115815E-05   -0.219736E-04
 7.18899   -0.109190E-04   -0.114277E-05   -0.219519E-04
 7.19900   -0.108859E-04   -0.112748E-05   -0.219302E-04
 7.20900   -0.108529E-04   -0.111228E-05   -0.219082E-04
 7.21901   -0.108201E-04   -0.109716E-05   -0.218862E-04
 7.22902   -0.107874E-04   -0.108212E-05   -0.218640E-04
 7.23902   -0.107548E-04   -0.106717E-05   -0.218417E-04
 7.24903   -0.107223E-04   -0.105230E-05   -0.218193E-04
 7.25903   -0.106900E-04   -0.103751E-05   -0.217967E-04
 7.26904   -0.106577E-04   -0.102280E-05   -0.217740E-04
 7.27904   -0.106256E-04   -0.100818E-05   -0.217512E-04
 7.28905   -0.105936E-04   -0.993632E-06   -0.217283E-04
 7.29905   -0.105617E-04   -0.979168E-06   -0.217052E-04
 7.30906   -0.105299E-04   -0.964784E-06   -0.216821E-04
 7.31907   -0.104982E-04   -0.950479E-06   -0.216588E-04
 7.32907   -0.104667E-04   -0.936250E-06   -0.216354E-04
 7.33908   -0.104353E-04   -0.922101E-06   -0.216119E-04
 7.34908   -0.104039E-04   -0.908029E-06   -0.215882E-04
 7.35909   -0.103727E-04   -0.894035E-06   -0.215645E-04
 7.36909   -0.103416E-04   -0.880118E-06   -0.215406E-04
 7.37910   -0.103107E-04   -0.866276E-06   -0.215167E-04
 7.38910   -0.102798E-04   -0.852510E-06   -0.214926E-04
 7.39911   -0.102490E-04   -0.838818E-06   -0.214684E-04
 7.40912   -0.102184E-04   -0.825201E-06   -0.214441E-04
 7.41912   -0.101879E-04   -0.811659E-06   -0.214197E-04
 7.42913   -0.101574E-04   -0.798190E-06   -0.213952E-04
 7.43913   -0.101271E-04   -0.784794E-06   -0.213706E-04
 7.44914   -0.100969E-04   -0.771472E-06   -0.213459E-04
 7.45914   -0.100669E-04   -0.758219E-06   -0.213211E-04
 7.46915   -0.100369E-04   -0.745041E-06   -0.212962E-04
 7.47915   -0.100070E-04   -0.731933E-06   -0.212712E-04
 7.48916   -0.997728E-05   -0.718896E-06   -0.212461E-04
 7.49917   -0.994764E-05   -0.705930E-06   -0.212209E-04
 7.50917   -0.991811E-05   -0.693033E-06   -0.211956E-04
 7.51918   -0.988868E-05   -0.680206E-06   -0.211702E-04
 7.52918   -0.985937E-05   -0.667448E-06   -0.211448E-04
 7.53919   -0.983016E-05   -0.654758E-06   -0.211192E-04
 7.54919   -0.980107E-05   -0.642137E-06   -0.210936E-04
 7.55920   -0.977208E-05   -0.629584E-06   -0.210678E-04
 7.56920   -0.974321E-05   -0.617098E-06   -0.210420E-04
 7.57921   -0.971443E-05   -0.604679E-06   -0.210161E-04
 7.58922   -0.968577E-05   -0.592327E-06   -0.209901E-04
 7.59922   -0.965721E-05   -0.580040E-06   -0.209640E-04
 7.60923   -0.962876E-05   -0.567820E-06   -0.209379E-04
 7.61923   -0.960041E-05   -0.555665E-06   -0.209116E-04
 7.62924   -0.957217E-05   -0.543576E-06   -0.208853E-04
 7.63924   -0.954404E-05   -0.531551E-06   -0.208589E-04
 7.64925   -0.951601E-05   -0.519590E-06   -0.208324E-04
 7.65925   -0.948808E-05   -0.507697E-06   -0.208059E-04
 7.66926   -0.946027E-05   -0.495859E-06   -0.207793E-04
 7.67927   -0.943255E-05   -0.484088E-06   -0.207526E-04
 7.68927   -0.940494E-05   -0.472380E-06   -0.207258E-04
 7.69928   -0.937743E-05   -0.460734E-06   -0.206989E-04
 7.70928   -0.935002E-05   -0.449150E-06   -0.206720E-04
 7.71929   -0.932272E-05   -0.437628E-06   -0.206450E-04
 7.72929   -0.929552E-05   -0.426167E-06   -0.206180E-04
 7.73930   -0.926842E-05   -0.414767E-06   -0.205908E-04
 7.74930   -0.924143E-05   -0.403427E-06   -0.205636E-04
 7.75931   -0.921452E-05   -0.392145E-06   -0.205364E-04
 7.76932   -0.918774E-05   -0.380923E-06   -0.205090E-04
 7.77932   -0.916104E-05   -0.369763E-06   -0.204816E-04
 7.78933   -0.913445E-05   -0.358662E-06   -0.204542E-04
 7.79933   -0.910796E-05   -0.347621E-06   -0.204266E-04
 7.80934   -0.908156E-05   -0.336637E-06   -0.203991E-04
 7.81934   -0.905527E-05   -0.325711E-06   -0.203714E-04
 7.82935   -0.902908E-05   -0.314844E-06   -0.203437E-04
 7.83935   -0.900298E-05   -0.304034E-06   -0.203159E-04
 7.84936   -0.897698E-05   -0.293284E-06   -0.202881E-04
 7.85937   -0.895107E-05   -0.282586E-06   -0.202602E-04
 7.86937   -0.892527E-05   -0.271946E-06   -0.202323E-04
 7.87938   -0.889957E-05   -0.261363E-06   -0.202043E-04
 7.88938   -0.887396E-05   -0.250837E-06   -0.201762E-04
 7.89939   -0.884844E-05   -0.240366E-06   -0.201481E-04
 7.90939   -0.882303E-05   -0.229950E-06   -0.201200E-04
 7.91940   -0.879770E-05   -0.219589E-06   -0.200918E-04
 7.92940   -0.877248E-05   -0.209283E-06   -0.200635E-04
 7.93941   -0.874734E-05   -0.199033E-06   -0.200352E-04
 7.94942   -0.872231E-05   -0.188834E-06   -0.200068E-04
 7.95942   -0.869736E-05   -0.178692E-06   -0.199784E-04
 7.96943   -0.867251E-05   -0.168602E-06   -0.199500E-04
 7.97943   -0.864776E-05   -0.158566E-06   -0.199215E-04
 7.98944   -0.862309E-05   -0.148583E-06   -0.198929E-04
 7.99944   -0.859852E-05   -0.138652E-06   -0.198643E-04
 8.00945   -0.857404E-05   -0.128775E-06   -0.198357E-04
 8.01945   -0.854966E-05   -0.118949E-06   -0.198070E-04
 8.02946   -0.852536E-05   -0.109175E-06   -0.197782E-04
 8.03947   -0.850115E-05   -0.994531E-07   -0.197495E-04
 8.04947   -0.847704E-05   -0.897837E-07   -0.197206E-04
 8.05948   -0.845302E-05   -0.801646E-07   -0.196918E-04
 8.06948   -0.842909E-05   -0.705960E-07   -0.196629E-04
 8.07949   -0.840524E-05   -0.610781E-07   -0.196339E-04
 8.08949   -0.838149E-05   -0.516107E-07   -0.196050E-04
 8.09950   -0.835783E-05   -0.421934E-07   -0.195759E-04
 8.10951   -0.833425E-05   -0.328258E-07   -0.195469E-04
 8.11951   -0.831076E-05   -0.235079E-07   -0.195178E-04
 8.12952   -0.828736E-05   -0.142394E-07   -0.194887E-04
 8.13952   -0.826405E-05   -0.501982E-08   -0.194595E-04
 8.14953   -0.824082E-05    0.415064E-08   -0.194303E-04
 8.15953   -0.821769E-05    0.132728E-07   -0.194011E-04
 8.16954   -0.819464E-05    0.223468E-07   -0.193718E-04
 8.17954   -0.817167E-05    0.313723E-07   -0.193425E-04
 8.18955   -0.814879E-05    0.403501E-07   -0.193132E-04
 8.19956   -0.812599E-05    0.492797E-07   -0.192838E-04
 8.20956   -0.810328E-05    0.581627E-07   -0.192544E-04
 8.21957   -0.808066E-05    0.669980E-07   -0.192250E-04
 8.22957   -0.805812E-05    0.757864E-07   -0.191955E-04
 8.23958   -0.803566E-05    0.845281E-07   -0.191661E-04
 8.24958   -0.801329E-05    0.932231E-07   -0.191366E-04
 8.25959   -0.799099E-05    0.101872E-06   -0.191070E-04
 8.26959   -0.796879E-05    0.110475E-06   -0.190775E-04
 8.27960   -0.794666E-05    0.119032E-06   -0.190479E-04
 8.28961   -0.792462E-05    0.127543E-06   -0.190183E-04
 8.29961   -0.790266E-05    0.136009E-06   -0.189886E-04
 8.30962   -0.788078E-05    0.144430E-06   -0.189590E-04
 8.31962   -0.785898E-05    0.152805E-06   -0.189293E-04
 8.32963   -0.783726E-05    0.161137E-06   -0.188996E-04
 8.33963   -0.781563E-05    0.169423E-06   -0.188736E-04
 8.34964   -0.779406E-05    0.177665E-06   -0.188439E-04
 8.35964   -0.777259E-05    0.185863E-06   -0.188141E-04
 8.36965   -0.775119E-05    0.194017E-06   -0.187843E-04
 8.37966   -0.772987E-05    0.202128E-06   -0.187544E-04
 8.38966   -0.770863E-05    0.210194E-06   -0.187246E-04
 8.39967   -0.768746E-05    0.218218E-06   -0.186947E-04
 8.40967   -0.766639E-05    0.226199E-06   -0.186611E-04
 8.41968   -0.764538E-05    0.234136E-06   -0.186312E-04
 8.42968   -0.762445E-05    0.242031E-06   -0.186013E-04
 8.43969   -0.760360E-05    0.249883E-06   -0.185714E-04
 8.44969   -0.758282E-05    0.257693E-06   -0.185414E-04
 8.45970   -0.756212E-05    0.265461E-06   -0.185115E-04
 8.46971   -0.754149E-05    0.273187E-06   -0.184815E-04
 8.47971   -0.752095E-05    0.280854E-06   -0.184515E-04
 8.48972   -0.750047E-05    0.288496E-06   -0.184215E-04
 8.49972   -0.748007E-05    0.296097E-06   -0.183915E-04
 8.50973   -0.745975E-05    0.303657E-06   -0.183614E-04
 8.51973   -0.743950E-05    0.311176E-06   -0.183314E-04
 8.52974   -0.741932E-05    0.318654E-06   -0.183013E-04
 8.53974   -0.739921E-05    0.326091E-06   -0.182713E-04
 8.54975   -0.737918E-05    0.333488E-06   -0.182412E-04
 8.55976   -0.735923E-05    0.340844E-06   -0.182111E-04
 8.56976   -0.733934E-05    0.348161E-06   -0.181810E-04
 8.57977   -0.731953E-05    0.355437E-06   -0.181509E-04
 8.58977   -0.729979E-05    0.362673E-06   -0.181208E-04
 8.59978   -0.728012E-05    0.369870E-06   -0.180906E-04
 8.60978   -0.726052E-05    0.377028E-06   -0.180605E-04
 8.61979   -0.724099E-05    0.384146E-06   -0.180304E-04
 8.62979   -0.722153E-05    0.391222E-06   -0.180002E-04
 8.63980   -0.720214E-05    0.398266E-06   -0.179701E-04
 8.64981   -0.718282E-05    0.405267E-06   -0.179399E-04
 8.65981   -0.716357E-05    0.412246E-06   -0.179097E-04
 8.66982   -0.714438E-05    0.419170E-06   -0.178795E-04
 8.67982   -0.712527E-05    0.426055E-06   -0.178494E-04
 8.68983   -0.710623E-05    0.432902E-06   -0.178192E-04
 8.69983   -0.708725E-05    0.439711E-06   -0.177890E-04
 8.70984   -0.706834E-05    0.446483E-06   -0.177588E-04
 8.71984   -0.704949E-05    0.453216E-06   -0.177286E-04
 8.72985   -0.703072E-05    0.459911E-06   -0.176984E-04
 8.73986   -0.701201E-05    0.466569E-06   -0.176682E-04
 8.74986   -0.699336E-05    0.473190E-06   -0.176380E-04
 8.75987   -0.697478E-05    0.479774E-06   -0.176077E-04
 8.76987   -0.695627E-05    0.486320E-06   -0.175775E-04
 8.77988   -0.693782E-05    0.492830E-06   -0.175473E-04
 8.78988   -0.691944E-05    0.499303E-06   -0.175171E-04
 8.79989   -0.690112E-05    0.505739E-06   -0.174869E-04
 8.80989   -0.688286E-05    0.512138E-06   -0.174567E-04
 8.81990   -0.686467E-05    0.518502E-06   -0.174265E-04
 8.82991   -0.684654E-05    0.524829E-06   -0.173963E-04
 8.83991   -0.682848E-05    0.531120E-06   -0.173660E-04
 8.84992   -0.681048E-05    0.537375E-06   -0.173358E-04
 8.85992   -0.679254E-05    0.543594E-06   -0.173056E-04
 8.86993   -0.677466E-05    0.549778E-06   -0.172754E-04
 8.87993   -0.675684E-05    0.555927E-06   -0.172452E-04
 8.88994   -0.673909E-05    0.562039E-06   -0.172150E-04
 8.89994   -0.672139E-05    0.568117E-06   -0.171848E-04
 8.90995   -0.670376E-05    0.574159E-06   -0.171546E-04
 8.91996   -0.668619E-05    0.580167E-06   -0.171244E-04
 8.92996   -0.666868E-05    0.586140E-06   -0.170943E-04
 8.93997   -0.665123E-05    0.592078E-06   -0.170641E-04
 8.94997   -0.663383E-05    0.597983E-06   -0.170339E-04
 8.95998   -0.661650E-05    0.603852E-06   -0.170037E-04
 8.96998   -0.659923E-05    0.609687E-06   -0.169736E-04
 8.97999   -0.658201E-05    0.615486E-06   -0.169434E-04
 8.98999   -0.656486E-05    0.621253E-06   -0.169133E-04
 9.00000   -0.654776E-05    0.626986E-06   -0.168831E-04
