 0.00500    0.384312E-01   -0.187875E-01    0.136799E-01
 0.01250    0.344459E-01   -0.167950E-01    0.121854E-01
 0.02000    0.316343E-01   -0.153897E-01    0.111320E-01
 0.02751    0.294123E-01   -0.142790E-01    0.102996E-01
 0.03501    0.275621E-01   -0.133543E-01    0.960663E-02
 0.04251    0.259737E-01   -0.125605E-01    0.901212E-02
 0.05001    0.245812E-01   -0.118649E-01    0.849127E-02
 0.05751    0.233424E-01   -0.112461E-01    0.802819E-02
 0.06502    0.222277E-01   -0.106894E-01    0.761173E-02
 0.07252    0.212158E-01   -0.101842E-01    0.723396E-02
 0.08002    0.202905E-01   -0.972229E-02    0.688878E-02
 0.08752    0.194391E-01   -0.929744E-02    0.657147E-02
 0.09503    0.186520E-01   -0.890473E-02    0.627830E-02
 0.10253    0.179210E-01   -0.854015E-02    0.600630E-02
 0.11003    0.172396E-01   -0.820041E-02    0.575298E-02
 0.11753    0.166025E-01   -0.788279E-02    0.551630E-02
 0.12503    0.160049E-01   -0.758499E-02    0.529453E-02
 0.13254    0.154430E-01   -0.730506E-02    0.508619E-02
 0.14004    0.149134E-01   -0.704133E-02    0.489004E-02
 0.14754    0.144132E-01   -0.679233E-02    0.470498E-02
 0.15504    0.139399E-01   -0.655678E-02    0.453004E-02
 0.16254    0.134912E-01   -0.633357E-02    0.436439E-02
 0.17005    0.130653E-01   -0.612174E-02    0.420729E-02
 0.17755    0.126603E-01   -0.592040E-02    0.405810E-02
 0.18505    0.122747E-01   -0.572878E-02    0.391621E-02
 0.19255    0.119071E-01   -0.554619E-02    0.378112E-02
 0.20005    0.115562E-01   -0.537199E-02    0.365233E-02
 0.20756    0.112210E-01   -0.520563E-02    0.352944E-02
 0.21506    0.109004E-01   -0.504658E-02    0.341205E-02
 0.22256    0.105935E-01   -0.489438E-02    0.329981E-02
 0.23006    0.102995E-01   -0.474861E-02    0.319241E-02
 0.23756    0.100174E-01   -0.460887E-02    0.308955E-02
 0.24507    0.974677E-02   -0.447482E-02    0.299096E-02
 0.25257    0.948677E-02   -0.434610E-02    0.289639E-02
 0.26007    0.923685E-02   -0.422244E-02    0.280562E-02
 0.26757    0.899646E-02   -0.410356E-02    0.271843E-02
 0.27508    0.876509E-02   -0.398920E-02    0.263464E-02
 0.28258    0.854228E-02   -0.387911E-02    0.255406E-02
 0.29008    0.832756E-02   -0.377308E-02    0.247653E-02
 0.29758    0.812053E-02   -0.367090E-02    0.240188E-02
 0.30508    0.792080E-02   -0.357238E-02    0.232998E-02
 0.31259    0.772801E-02   -0.347733E-02    0.226069E-02
 0.32009    0.754183E-02   -0.338558E-02    0.219388E-02
 0.32759    0.736194E-02   -0.329699E-02    0.212944E-02
 0.33509    0.718805E-02   -0.321140E-02    0.206725E-02
 0.34259    0.701988E-02   -0.312868E-02    0.200720E-02
 0.35010    0.685719E-02   -0.304869E-02    0.194921E-02
 0.35760    0.669972E-02   -0.297131E-02    0.189318E-02
 0.36510    0.654724E-02   -0.289644E-02    0.183902E-02
 0.37260    0.639954E-02   -0.282395E-02    0.178665E-02
 0.38010    0.625642E-02   -0.275375E-02    0.173599E-02
 0.38761    0.611768E-02   -0.268575E-02    0.168697E-02
 0.39511    0.598314E-02   -0.261984E-02    0.163953E-02
 0.40261    0.585263E-02   -0.255595E-02    0.159359E-02
 0.41011    0.572599E-02   -0.249400E-02    0.154910E-02
 0.41761    0.560306E-02   -0.243389E-02    0.150600E-02
 0.42512    0.548370E-02   -0.237558E-02    0.146422E-02
 0.43262    0.536776E-02   -0.231897E-02    0.142373E-02
 0.44012    0.525512E-02   -0.226401E-02    0.138447E-02
 0.44762    0.514564E-02   -0.221063E-02    0.134639E-02
 0.45513    0.503922E-02   -0.215878E-02    0.130945E-02
 0.46263    0.493573E-02   -0.210839E-02    0.127359E-02
 0.47013    0.483507E-02   -0.205942E-02    0.123880E-02
 0.47763    0.473714E-02   -0.201180E-02    0.120501E-02
 0.48513    0.464183E-02   -0.196550E-02    0.117221E-02
 0.49264    0.454906E-02   -0.192046E-02    0.114034E-02
 0.50014    0.445874E-02   -0.187664E-02    0.110939E-02
 0.50764    0.437077E-02   -0.183400E-02    0.107931E-02
 0.51514    0.428509E-02   -0.179250E-02    0.105007E-02
 0.52264    0.420160E-02   -0.175209E-02    0.102165E-02
 0.53015    0.412024E-02   -0.171274E-02    0.994018E-03
 0.53765    0.404093E-02   -0.167442E-02    0.967146E-03
 0.54515    0.396361E-02   -0.163708E-02    0.941008E-03
 0.55265    0.388821E-02   -0.160070E-02    0.915579E-03
 0.56015    0.381466E-02   -0.156525E-02    0.890837E-03
 0.56766    0.374292E-02   -0.153070E-02    0.866759E-03
 0.57516    0.367291E-02   -0.149701E-02    0.843324E-03
 0.58266    0.360459E-02   -0.146416E-02    0.820509E-03
 0.59016    0.353791E-02   -0.143212E-02    0.798297E-03
 0.59766    0.347280E-02   -0.140087E-02    0.776666E-03
 0.60517    0.340923E-02   -0.137038E-02    0.755599E-03
 0.61267    0.334715E-02   -0.134063E-02    0.735077E-03
 0.62017    0.328650E-02   -0.131160E-02    0.715085E-03
 0.62767    0.322725E-02   -0.128326E-02    0.695605E-03
 0.63518    0.316936E-02   -0.125559E-02    0.676622E-03
 0.64268    0.311278E-02   -0.122858E-02    0.658120E-03
 0.65018    0.305748E-02   -0.120220E-02    0.640085E-03
 0.65768    0.300341E-02   -0.117644E-02    0.622504E-03
 0.66518    0.295055E-02   -0.115127E-02    0.605362E-03
 0.67269    0.289886E-02   -0.112669E-02    0.588647E-03
 0.68019    0.284831E-02   -0.110266E-02    0.572346E-03
 0.68769    0.279885E-02   -0.107919E-02    0.556448E-03
 0.69519    0.275048E-02   -0.105625E-02    0.540940E-03
 0.70269    0.270314E-02   -0.103382E-02    0.525811E-03
 0.71020    0.265682E-02   -0.101190E-02    0.511051E-03
 0.71770    0.261148E-02   -0.990463E-03    0.496648E-03
 0.72520    0.256710E-02   -0.969503E-03    0.482593E-03
 0.73270    0.252366E-02   -0.949006E-03    0.468877E-03
 0.74020    0.248112E-02   -0.928959E-03    0.455489E-03
 0.74771    0.243947E-02   -0.909349E-03    0.442422E-03
 0.75521    0.239868E-02   -0.890165E-03    0.429665E-03
 0.76271    0.235873E-02   -0.871396E-03    0.417210E-03
 0.77021    0.231960E-02   -0.853031E-03    0.405050E-03
 0.77771    0.228126E-02   -0.835059E-03    0.393177E-03
 0.78522    0.224370E-02   -0.817470E-03    0.381582E-03
 0.79272    0.220689E-02   -0.800254E-03    0.370259E-03
 0.80022    0.217082E-02   -0.783402E-03    0.359200E-03
 0.80772    0.213547E-02   -0.766903E-03    0.348399E-03
 0.81523    0.210081E-02   -0.750750E-03    0.337847E-03
 0.82273    0.206684E-02   -0.734933E-03    0.327541E-03
 0.83023    0.203353E-02   -0.719444E-03    0.317471E-03
 0.83773    0.200088E-02   -0.704276E-03    0.307634E-03
 0.84523    0.196885E-02   -0.689419E-03    0.298022E-03
 0.85274    0.193745E-02   -0.674866E-03    0.288630E-03
 0.86024    0.190665E-02   -0.660610E-03    0.279453E-03
 0.86774    0.187643E-02   -0.646644E-03    0.270484E-03
 0.87524    0.184679E-02   -0.632960E-03    0.261720E-03
 0.88274    0.181771E-02   -0.619553E-03    0.253154E-03
 0.89025    0.178918E-02   -0.606415E-03    0.244782E-03
 0.89775    0.176119E-02   -0.593539E-03    0.236600E-03
 0.90525    0.173372E-02   -0.580921E-03    0.228601E-03
 0.91275    0.170675E-02   -0.568554E-03    0.220783E-03
 0.92025    0.168029E-02   -0.556431E-03    0.213141E-03
 0.92776    0.165432E-02   -0.544548E-03    0.205670E-03
 0.93526    0.162882E-02   -0.532899E-03    0.198367E-03
 0.94276    0.160379E-02   -0.521477E-03    0.191227E-03
 0.95026    0.157921E-02   -0.510280E-03    0.184246E-03
 0.95776    0.155508E-02   -0.499300E-03    0.177422E-03
 0.96527    0.153139E-02   -0.488534E-03    0.170749E-03
 0.97277    0.150812E-02   -0.477975E-03    0.164225E-03
 0.98027    0.148527E-02   -0.467621E-03    0.157845E-03
 0.98777    0.146282E-02   -0.457465E-03    0.151608E-03
 0.99528    0.144077E-02   -0.447504E-03    0.145508E-03
 1.00278    0.141912E-02   -0.437734E-03    0.139544E-03
 1.01028    0.139784E-02   -0.428150E-03    0.133712E-03
 1.01778    0.137694E-02   -0.418748E-03    0.128009E-03
 1.02528    0.135640E-02   -0.409524E-03    0.122432E-03
 1.03279    0.133622E-02   -0.400475E-03    0.116978E-03
 1.04029    0.131639E-02   -0.391596E-03    0.111645E-03
 1.04779    0.129691E-02   -0.382885E-03    0.106430E-03
 1.05529    0.127776E-02   -0.374337E-03    0.101330E-03
 1.06279    0.125894E-02   -0.365949E-03    0.963425E-04
 1.07030    0.124044E-02   -0.357718E-03    0.914652E-04
 1.07780    0.122225E-02   -0.349640E-03    0.866957E-04
 1.08530    0.120438E-02   -0.341712E-03    0.820316E-04
 1.09280    0.118681E-02   -0.333932E-03    0.774705E-04
 1.10030    0.116954E-02   -0.326295E-03    0.730103E-04
 1.10781    0.115255E-02   -0.318800E-03    0.686485E-04
 1.11531    0.113585E-02   -0.311442E-03    0.643832E-04
 1.12281    0.111943E-02   -0.304220E-03    0.602123E-04
 1.13031    0.110329E-02   -0.297131E-03    0.561337E-04
 1.13781    0.108741E-02   -0.290171E-03    0.521455E-04
 1.14532    0.107180E-02   -0.283338E-03    0.482457E-04
 1.15282    0.105644E-02   -0.276631E-03    0.444324E-04
 1.16032    0.104133E-02   -0.270045E-03    0.407039E-04
 1.16782    0.102648E-02   -0.263579E-03    0.370581E-04
 1.17533    0.101187E-02   -0.257231E-03    0.334936E-04
 1.18283    0.997490E-03   -0.250997E-03    0.300085E-04
 1.19033    0.983349E-03   -0.244876E-03    0.266011E-04
 1.19783    0.969438E-03   -0.238866E-03    0.232698E-04
 1.20533    0.955751E-03   -0.232964E-03    0.200132E-04
 1.21284    0.942285E-03   -0.227168E-03    0.168295E-04
 1.22034    0.929036E-03   -0.221477E-03    0.137172E-04
 1.22784    0.915998E-03   -0.215887E-03    0.106750E-04
 1.23534    0.903170E-03   -0.210398E-03    0.770133E-05
 1.24284    0.890546E-03   -0.205007E-03    0.479471E-05
 1.25035    0.878123E-03   -0.199713E-03    0.195391E-05
 1.25785    0.865897E-03   -0.194513E-03   -0.822520E-06
 1.26535    0.853864E-03   -0.189405E-03   -0.353588E-05
 1.27285    0.842021E-03   -0.184389E-03   -0.618740E-05
 1.28035    0.830365E-03   -0.179462E-03   -0.877840E-05
 1.28786    0.818892E-03   -0.174623E-03   -0.113101E-04
 1.29536    0.807599E-03   -0.169870E-03   -0.137836E-04
 1.30286    0.796482E-03   -0.165201E-03   -0.162001E-04
 1.31036    0.785539E-03   -0.160615E-03   -0.185608E-04
 1.31786    0.774766E-03   -0.156110E-03   -0.208667E-04
 1.32537    0.764161E-03   -0.151685E-03   -0.231190E-04
 1.33287    0.753720E-03   -0.147338E-03   -0.253186E-04
 1.34037    0.743440E-03   -0.143069E-03   -0.274668E-04
 1.34787    0.733320E-03   -0.138875E-03   -0.295644E-04
 1.35538    0.723354E-03   -0.134754E-03   -0.316125E-04
 1.36288    0.713542E-03   -0.130708E-03   -0.336120E-04
 1.37038    0.703881E-03   -0.126732E-03   -0.355640E-04
 1.37788    0.694367E-03   -0.122826E-03   -0.374693E-04
 1.38538    0.684999E-03   -0.118990E-03   -0.393288E-04
 1.39289    0.675773E-03   -0.115221E-03   -0.411436E-04
 1.40039    0.666688E-03   -0.111519E-03   -0.429143E-04
 1.40789    0.657740E-03   -0.107882E-03   -0.446419E-04
 1.41539    0.648929E-03   -0.104309E-03   -0.463272E-04
 1.42289    0.640250E-03   -0.100799E-03   -0.479709E-04
 1.43040    0.631704E-03   -0.973512E-04   -0.495740E-04
 1.43790    0.623286E-03   -0.939645E-04   -0.511372E-04
 1.44540    0.614995E-03   -0.906375E-04   -0.526610E-04
 1.45290    0.606828E-03   -0.873694E-04   -0.541465E-04
 1.46040    0.598785E-03   -0.841589E-04   -0.555944E-04
 1.46791    0.590862E-03   -0.810054E-04   -0.570051E-04
 1.47541    0.583058E-03   -0.779079E-04   -0.583795E-04
 1.48291    0.575371E-03   -0.748652E-04   -0.597183E-04
 1.49041    0.567799E-03   -0.718767E-04   -0.610221E-04
 1.49791    0.560340E-03   -0.689412E-04   -0.622914E-04
 1.50542    0.552993E-03   -0.660582E-04   -0.635271E-04
 1.51292    0.545755E-03   -0.632263E-04   -0.647297E-04
 1.52042    0.538625E-03   -0.604453E-04   -0.658997E-04
 1.52792    0.531601E-03   -0.577136E-04   -0.670378E-04
 1.53543    0.524682E-03   -0.550310E-04   -0.681446E-04
 1.54293    0.517866E-03   -0.523966E-04   -0.692206E-04
 1.55043    0.511151E-03   -0.498095E-04   -0.702664E-04
 1.55793    0.504536E-03   -0.472690E-04   -0.712825E-04
 1.56543    0.498019E-03   -0.447744E-04   -0.722694E-04
 1.57294    0.491600E-03   -0.423249E-04   -0.732278E-04
 1.58044    0.485276E-03   -0.399199E-04   -0.741579E-04
 1.58794    0.479045E-03   -0.375586E-04   -0.750604E-04
 1.59544    0.472908E-03   -0.352404E-04   -0.759356E-04
 1.60294    0.466861E-03   -0.329646E-04   -0.767842E-04
 1.61045    0.460905E-03   -0.307306E-04   -0.776064E-04
 1.61795    0.455037E-03   -0.285377E-04   -0.784028E-04
 1.62545    0.449257E-03   -0.263854E-04   -0.791738E-04
 1.63295    0.443563E-03   -0.242731E-04   -0.799199E-04
 1.64045    0.437954E-03   -0.222001E-04   -0.806413E-04
 1.64796    0.432429E-03   -0.201659E-04   -0.813386E-04
 1.65546    0.426986E-03   -0.181701E-04   -0.820120E-04
 1.66296    0.421626E-03   -0.162118E-04   -0.826621E-04
 1.67046    0.416345E-03   -0.142909E-04   -0.832890E-04
 1.67796    0.411145E-03   -0.124065E-04   -0.838933E-04
 1.68547    0.406023E-03   -0.105584E-04   -0.844753E-04
 1.69297    0.400978E-03   -0.874595E-05   -0.850352E-04
 1.70047    0.396010E-03   -0.696877E-05   -0.855734E-04
 1.70797    0.391117E-03   -0.522624E-05   -0.860902E-04
 1.71548    0.386299E-03   -0.351825E-05   -0.865860E-04
 1.72298    0.381554E-03   -0.184381E-05   -0.870611E-04
 1.73048    0.376883E-03   -0.203020E-06   -0.875157E-04
 1.73798    0.372283E-03    0.140477E-05   -0.879500E-04
 1.74548    0.367755E-03    0.297988E-05   -0.883645E-04
 1.75299    0.363297E-03    0.452273E-05   -0.887593E-04
 1.76049    0.358908E-03    0.603365E-05   -0.891347E-04
 1.76799    0.354589E-03    0.751308E-05   -0.894910E-04
 1.77549    0.350337E-03    0.896129E-05   -0.898283E-04
 1.78299    0.346153E-03    0.103787E-04   -0.901469E-04
 1.79050    0.342036E-03    0.117655E-04   -0.904471E-04
 1.79800    0.337985E-03    0.131221E-04   -0.907290E-04
 1.80550    0.333999E-03    0.144488E-04   -0.909929E-04
 1.81300    0.330078E-03    0.157458E-04   -0.912388E-04
 1.82050    0.326221E-03    0.170138E-04   -0.914672E-04
 1.82801    0.322428E-03    0.182525E-04   -0.916780E-04
 1.83551    0.318698E-03    0.194625E-04   -0.918715E-04
 1.84301    0.315031E-03    0.206439E-04   -0.920479E-04
 1.85051    0.311425E-03    0.217972E-04   -0.922073E-04
 1.85802    0.307881E-03    0.229225E-04   -0.923499E-04
 1.86552    0.304398E-03    0.240200E-04   -0.924758E-04
 1.87302    0.300975E-03    0.250899E-04   -0.925852E-04
 1.88052    0.297612E-03    0.261325E-04   -0.926783E-04
 1.88802    0.294309E-03    0.271482E-04   -0.927551E-04
 1.89553    0.291064E-03    0.281368E-04   -0.928159E-04
 1.90303    0.287879E-03    0.290988E-04   -0.928607E-04
 1.91053    0.284751E-03    0.300344E-04   -0.928896E-04
 1.91803    0.281681E-03    0.309438E-04   -0.929028E-04
 1.92553    0.278669E-03    0.318270E-04   -0.929005E-04
 1.93304    0.275713E-03    0.326844E-04   -0.928828E-04
 1.94054    0.272814E-03    0.335161E-04   -0.928497E-04
 1.94804    0.269971E-03    0.343224E-04   -0.928014E-04
 1.95554    0.267184E-03    0.351033E-04   -0.927380E-04
 1.96304    0.264452E-03    0.358591E-04   -0.926595E-04
 1.97055    0.261775E-03    0.365899E-04   -0.925662E-04
 1.97805    0.259152E-03    0.372959E-04   -0.924581E-04
 1.98555    0.256584E-03    0.379774E-04   -0.923353E-04
 1.99305    0.254069E-03    0.386344E-04   -0.921979E-04
 2.00055    0.251607E-03    0.392673E-04   -0.920461E-04
 2.00806    0.249199E-03    0.398761E-04   -0.918800E-04
 2.01556    0.246843E-03    0.404609E-04   -0.916995E-04
 2.02306    0.244539E-03    0.410224E-04   -0.915052E-04
 2.03056    0.242287E-03    0.415603E-04   -0.912970E-04
 2.03807    0.240087E-03    0.420748E-04   -0.910748E-04
 2.04557    0.237937E-03    0.425665E-04   -0.908390E-04
 2.05307    0.235837E-03    0.430354E-04   -0.905896E-04
 2.06057    0.233787E-03    0.434816E-04   -0.903269E-04
 2.06807    0.231787E-03    0.439054E-04   -0.900509E-04
 2.07558    0.229835E-03    0.443074E-04   -0.897617E-04
 2.08308    0.227931E-03    0.446874E-04   -0.894598E-04
 2.09058    0.226076E-03    0.450458E-04   -0.891450E-04
 2.09808    0.224267E-03    0.453829E-04   -0.888182E-04
 2.10558    0.222505E-03    0.456988E-04   -0.884780E-04
 2.11309    0.220789E-03    0.459943E-04   -0.881260E-04
 2.12059    0.219119E-03    0.462693E-04   -0.877622E-04
 2.12809    0.217492E-03    0.465242E-04   -0.873867E-04
 2.13559    0.215910E-03    0.467594E-04   -0.869995E-04
 2.14309    0.214371E-03    0.469752E-04   -0.866013E-04
 2.15060    0.212874E-03    0.471720E-04   -0.861920E-04
 2.15810    0.211419E-03    0.473503E-04   -0.857719E-04
 2.16560    0.210005E-03    0.475103E-04   -0.853414E-04
 2.17310    0.208630E-03    0.476525E-04   -0.849005E-04
 2.18060    0.207294E-03    0.477774E-04   -0.844500E-04
 2.18811    0.205997E-03    0.478853E-04   -0.839900E-04
 2.19561    0.204736E-03    0.479767E-04   -0.835207E-04
 2.20311    0.203512E-03    0.480525E-04   -0.830426E-04
 2.21061    0.202322E-03    0.481127E-04   -0.825559E-04
 2.21812    0.201166E-03    0.481581E-04   -0.820611E-04
 2.22562    0.200043E-03    0.481891E-04   -0.815585E-04
 2.23312    0.198952E-03    0.482062E-04   -0.810486E-04
 2.24062    0.197891E-03    0.482104E-04   -0.805318E-04
 2.24812    0.196859E-03    0.482019E-04   -0.800084E-04
 2.25563    0.195855E-03    0.481814E-04   -0.794790E-04
 2.26313    0.194878E-03    0.481496E-04   -0.789440E-04
 2.27063    0.193926E-03    0.481072E-04   -0.784038E-04
 2.27813    0.192997E-03    0.480548E-04   -0.778590E-04
 2.28563    0.192092E-03    0.479932E-04   -0.773100E-04
 2.29314    0.191207E-03    0.479229E-04   -0.767573E-04
 2.30064    0.190342E-03    0.478447E-04   -0.762014E-04
 2.30814    0.189494E-03    0.477594E-04   -0.756430E-04
 2.31564    0.188664E-03    0.476676E-04   -0.750824E-04
 2.32314    0.187848E-03    0.475702E-04   -0.745203E-04
 2.33065    0.187046E-03    0.474681E-04   -0.739573E-04
 2.33815    0.186256E-03    0.473617E-04   -0.733937E-04
 2.34565    0.185476E-03    0.472521E-04   -0.728304E-04
 2.35315    0.184704E-03    0.471401E-04   -0.722677E-04
 2.36065    0.183940E-03    0.470263E-04   -0.717063E-04
 2.36816    0.183181E-03    0.469117E-04   -0.711468E-04
 2.37566    0.182425E-03    0.467969E-04   -0.705898E-04
 2.38316    0.181671E-03    0.466829E-04   -0.700357E-04
 2.39066    0.180918E-03    0.465705E-04   -0.694854E-04
 2.39817    0.180164E-03    0.464604E-04   -0.689393E-04
 2.40567    0.179406E-03    0.463536E-04   -0.683980E-04
 2.41317    0.178644E-03    0.462508E-04   -0.678619E-04
 2.42067    0.177876E-03    0.461528E-04   -0.673320E-04
 2.42817    0.177100E-03    0.460605E-04   -0.668087E-04
 2.43568    0.176314E-03    0.459745E-04   -0.662925E-04
 2.44318    0.175517E-03    0.458958E-04   -0.657839E-04
 2.45068    0.174707E-03    0.458250E-04   -0.652837E-04
 2.45818    0.173883E-03    0.457630E-04   -0.647922E-04
 2.46568    0.173043E-03    0.457106E-04   -0.643102E-04
 2.47319    0.172187E-03    0.456683E-04   -0.638380E-04
 2.48069    0.171311E-03    0.456371E-04   -0.633762E-04
 2.48819    0.170415E-03    0.456174E-04   -0.629253E-04
 2.49569    0.169497E-03    0.456102E-04   -0.624859E-04
 2.50319    0.168556E-03    0.456159E-04   -0.620583E-04
 2.51070    0.167592E-03    0.456352E-04   -0.616430E-04
 2.51820    0.166602E-03    0.456688E-04   -0.612405E-04
 2.52570    0.165585E-03    0.457171E-04   -0.608511E-04
 2.53320    0.164541E-03    0.457809E-04   -0.604754E-04
 2.54070    0.163468E-03    0.458605E-04   -0.601135E-04
 2.54821    0.162364E-03    0.459565E-04   -0.597661E-04
 2.55571    0.161230E-03    0.460694E-04   -0.594332E-04
 2.56321    0.160065E-03    0.461995E-04   -0.591152E-04
 2.57071    0.158867E-03    0.463474E-04   -0.588125E-04
 2.57822    0.157636E-03    0.465133E-04   -0.585251E-04
 2.58572    0.156370E-03    0.466975E-04   -0.582537E-04
 2.59322    0.155071E-03    0.469005E-04   -0.579980E-04
 2.60072    0.153736E-03    0.471225E-04   -0.577586E-04
 2.60822    0.152365E-03    0.473637E-04   -0.575353E-04
 2.61573    0.150959E-03    0.476242E-04   -0.573284E-04
 2.62323    0.149516E-03    0.479042E-04   -0.571380E-04
 2.63073    0.148036E-03    0.482039E-04   -0.569642E-04
 2.63823    0.146520E-03    0.485234E-04   -0.568072E-04
 2.64573    0.144967E-03    0.488625E-04   -0.566664E-04
 2.65324    0.143377E-03    0.492216E-04   -0.565425E-04
 2.66074    0.141750E-03    0.496003E-04   -0.564352E-04
 2.66824    0.140087E-03    0.499987E-04   -0.563444E-04
 2.67574    0.138387E-03    0.504169E-04   -0.562699E-04
 2.68324    0.136651E-03    0.508543E-04   -0.562119E-04
 2.69075    0.134878E-03    0.513110E-04   -0.561701E-04
 2.69825    0.133070E-03    0.517868E-04   -0.561442E-04
 2.70575    0.131227E-03    0.522815E-04   -0.561341E-04
 2.71325    0.129351E-03    0.527946E-04   -0.561396E-04
 2.72075    0.127439E-03    0.533259E-04   -0.561605E-04
 2.72826    0.125495E-03    0.538751E-04   -0.561965E-04
 2.73576    0.123518E-03    0.544418E-04   -0.562473E-04
 2.74326    0.121510E-03    0.550256E-04   -0.563125E-04
 2.75076    0.119470E-03    0.556262E-04   -0.563920E-04
 2.75827    0.117401E-03    0.562429E-04   -0.564853E-04
 2.76577    0.115303E-03    0.568755E-04   -0.565920E-04
 2.77327    0.113177E-03    0.575232E-04   -0.567118E-04
 2.78077    0.111023E-03    0.581856E-04   -0.568443E-04
 2.78827    0.108844E-03    0.588622E-04   -0.569891E-04
 2.79578    0.106640E-03    0.595526E-04   -0.571457E-04
 2.80328    0.104413E-03    0.602559E-04   -0.573136E-04
 2.81078    0.102164E-03    0.609715E-04   -0.574924E-04
 2.81828    0.998930E-04    0.616986E-04   -0.576816E-04
 2.82578    0.976028E-04    0.624373E-04   -0.578808E-04
 2.83329    0.952941E-04    0.631861E-04   -0.580895E-04
 2.84079    0.929683E-04    0.639448E-04   -0.583070E-04
 2.84829    0.906268E-04    0.647125E-04   -0.585329E-04
 2.85579    0.882709E-04    0.654886E-04   -0.587669E-04
 2.86329    0.859020E-04    0.662725E-04   -0.590082E-04
 2.87080    0.835215E-04    0.670634E-04   -0.592564E-04
 2.87830    0.811308E-04    0.678606E-04   -0.595109E-04
 2.88580    0.787313E-04    0.686635E-04   -0.597714E-04
 2.89330    0.763244E-04    0.694714E-04   -0.600370E-04
 2.90080    0.739115E-04    0.702833E-04   -0.603073E-04
 2.90831    0.714939E-04    0.710988E-04   -0.605820E-04
 2.91581    0.690733E-04    0.719171E-04   -0.608602E-04
 2.92331    0.666509E-04    0.727374E-04   -0.611417E-04
 2.93081    0.642281E-04    0.735592E-04   -0.614259E-04
 2.93832    0.618064E-04    0.743817E-04   -0.617122E-04
 2.94582    0.593871E-04    0.752043E-04   -0.620002E-04
 2.95332    0.569715E-04    0.760262E-04   -0.622893E-04
 2.96082    0.545608E-04    0.768469E-04   -0.625790E-04
 2.96832    0.521566E-04    0.776656E-04   -0.628689E-04
 2.97583    0.497599E-04    0.784817E-04   -0.631584E-04
 2.98333    0.473722E-04    0.792946E-04   -0.634474E-04
 2.99083    0.449945E-04    0.801038E-04   -0.637348E-04
 2.99833    0.426281E-04    0.809084E-04   -0.640206E-04
 3.00583    0.402742E-04    0.817080E-04   -0.643044E-04
 3.01334    0.379339E-04    0.825021E-04   -0.645856E-04
 3.02084    0.356083E-04    0.832901E-04   -0.648638E-04
 3.02834    0.332984E-04    0.840713E-04   -0.651387E-04
 3.03584    0.310055E-04    0.848457E-04   -0.654100E-04
 3.04334    0.287303E-04    0.856122E-04   -0.656769E-04
 3.05085    0.264739E-04    0.863706E-04   -0.659394E-04
 3.05835    0.242371E-04    0.871204E-04   -0.661972E-04
 3.06585    0.220210E-04    0.878611E-04   -0.664496E-04
 3.07335    0.198263E-04    0.885924E-04   -0.666968E-04
 3.08085    0.176538E-04    0.893138E-04   -0.669381E-04
 3.08836    0.155043E-04    0.900249E-04   -0.671736E-04
 3.09586    0.133785E-04    0.907255E-04   -0.674026E-04
 3.10336    0.112771E-04    0.914150E-04   -0.676251E-04
 3.11086    0.920080E-05    0.920935E-04   -0.678408E-04
 3.11837    0.715020E-05    0.927601E-04   -0.680494E-04
 3.12587    0.512582E-05    0.934148E-04   -0.682508E-04
 3.13337    0.312827E-05    0.940575E-04   -0.684448E-04
 3.14087    0.115801E-05    0.946880E-04   -0.686312E-04
 3.14837   -0.784486E-06    0.953057E-04   -0.688098E-04
 3.15588   -0.269879E-05    0.959106E-04   -0.689803E-04
 3.16338   -0.458452E-05    0.965024E-04   -0.691428E-04
 3.17088   -0.644129E-05    0.970812E-04   -0.692972E-04
 3.17838   -0.826880E-05    0.976464E-04   -0.694431E-04
 3.18588   -0.100667E-04    0.981982E-04   -0.695805E-04
 3.19339   -0.118350E-04    0.987362E-04   -0.697091E-04
 3.20089   -0.135732E-04    0.992606E-04   -0.698297E-04
 3.20839   -0.152812E-04    0.997712E-04   -0.699414E-04
 3.21589   -0.169590E-04    0.100268E-03   -0.700443E-04
 3.22339   -0.186063E-04    0.100751E-03   -0.701384E-04
 3.23090   -0.202232E-04    0.101223E-03   -0.702239E-04
 3.23840   -0.218095E-04    0.101674E-03   -0.703003E-04
 3.24590   -0.233652E-04    0.102115E-03   -0.703680E-04
 3.25340   -0.248904E-04    0.102542E-03   -0.704269E-04
 3.26090   -0.263851E-04    0.102955E-03   -0.704768E-04
 3.26841   -0.278494E-04    0.103354E-03   -0.705182E-04
 3.27591   -0.292832E-04    0.103738E-03   -0.705506E-04
 3.28341   -0.306865E-04    0.104109E-03   -0.705742E-04
 3.29091   -0.320598E-04    0.104466E-03   -0.705894E-04
 3.29842   -0.334031E-04    0.104810E-03   -0.705957E-04
 3.30592   -0.347164E-04    0.105140E-03   -0.705937E-04
 3.31342   -0.360001E-04    0.105456E-03   -0.705830E-04
 3.32092   -0.372541E-04    0.105758E-03   -0.705638E-04
 3.32842   -0.384789E-04    0.106048E-03   -0.705362E-04
 3.33593   -0.396747E-04    0.106324E-03   -0.705003E-04
 3.34343   -0.408417E-04    0.106586E-03   -0.704564E-04
 3.35093   -0.419801E-04    0.106836E-03   -0.704043E-04
 3.35843   -0.430902E-04    0.107073E-03   -0.703442E-04
 3.36593   -0.441723E-04    0.107297E-03   -0.702763E-04
 3.37344   -0.452268E-04    0.107509E-03   -0.702005E-04
 3.38094   -0.462539E-04    0.107708E-03   -0.701171E-04
 3.38844   -0.472541E-04    0.107895E-03   -0.700261E-04
 3.39594   -0.482276E-04    0.108070E-03   -0.699277E-04
 3.40344   -0.491747E-04    0.108233E-03   -0.698221E-04
 3.41095   -0.500958E-04    0.108384E-03   -0.697092E-04
 3.41845   -0.509914E-04    0.108524E-03   -0.695893E-04
 3.42595   -0.518616E-04    0.108652E-03   -0.694625E-04
 3.43345   -0.527070E-04    0.108769E-03   -0.693287E-04
 3.44095   -0.535279E-04    0.108876E-03   -0.691884E-04
 3.44846   -0.543246E-04    0.108971E-03   -0.690419E-04
 3.45596   -0.550976E-04    0.109055E-03   -0.688887E-04
 3.46346   -0.558472E-04    0.109129E-03   -0.687294E-04
 3.47096   -0.565739E-04    0.109193E-03   -0.685640E-04
 3.47847   -0.572779E-04    0.109247E-03   -0.683925E-04
 3.48597   -0.579598E-04    0.109291E-03   -0.682154E-04
 3.49347   -0.586198E-04    0.109325E-03   -0.680325E-04
 3.50097   -0.592584E-04    0.109350E-03   -0.678441E-04
 3.50847   -0.598760E-04    0.109365E-03   -0.676501E-04
 3.51598   -0.604729E-04    0.109372E-03   -0.674513E-04
 3.52348   -0.610496E-04    0.109369E-03   -0.672471E-04
 3.53098   -0.616065E-04    0.109358E-03   -0.670379E-04
 3.53848   -0.621440E-04    0.109338E-03   -0.668240E-04
 3.54598   -0.626623E-04    0.109310E-03   -0.666052E-04
 3.55349   -0.631619E-04    0.109273E-03   -0.663820E-04
 3.56099   -0.636434E-04    0.109229E-03   -0.661543E-04
 3.56849   -0.641068E-04    0.109177E-03   -0.659223E-04
 3.57599   -0.645527E-04    0.109118E-03   -0.656862E-04
 3.58349   -0.649815E-04    0.109051E-03   -0.654460E-04
 3.59100   -0.653934E-04    0.108976E-03   -0.652019E-04
 3.59850   -0.657889E-04    0.108895E-03   -0.649540E-04
 3.60600   -0.661683E-04    0.108807E-03   -0.647025E-04
 3.61350   -0.665321E-04    0.108712E-03   -0.644474E-04
 3.62101   -0.668804E-04    0.108611E-03   -0.641890E-04
 3.62851   -0.672138E-04    0.108503E-03   -0.639273E-04
 3.63601   -0.675324E-04    0.108389E-03   -0.636625E-04
 3.64351   -0.678367E-04    0.108269E-03   -0.633944E-04
 3.65101   -0.681271E-04    0.108143E-03   -0.631236E-04
 3.65852   -0.684037E-04    0.108012E-03   -0.628499E-04
 3.66602   -0.686671E-04    0.107875E-03   -0.625736E-04
 3.67352   -0.689175E-04    0.107733E-03   -0.622946E-04
 3.68102   -0.691551E-04    0.107585E-03   -0.620131E-04
 3.68852   -0.693803E-04    0.107433E-03   -0.617294E-04
 3.69603   -0.695934E-04    0.107275E-03   -0.614433E-04
 3.70353   -0.697947E-04    0.107113E-03   -0.611550E-04
 3.71103   -0.699845E-04    0.106946E-03   -0.608647E-04
 3.71853   -0.701630E-04    0.106774E-03   -0.605723E-04
 3.72603   -0.703306E-04    0.106598E-03   -0.602781E-04
 3.73354   -0.704876E-04    0.106418E-03   -0.599821E-04
 3.74104   -0.706342E-04    0.106234E-03   -0.596844E-04
 3.74854   -0.707706E-04    0.106046E-03   -0.593851E-04
 3.75604   -0.708972E-04    0.105854E-03   -0.590843E-04
 3.76354   -0.710142E-04    0.105659E-03   -0.587821E-04
 3.77105   -0.711218E-04    0.105459E-03   -0.584784E-04
 3.77855   -0.712202E-04    0.105256E-03   -0.581736E-04
 3.78605   -0.713098E-04    0.105050E-03   -0.578675E-04
 3.79355   -0.713908E-04    0.104841E-03   -0.575603E-04
 3.80106   -0.714634E-04    0.104628E-03   -0.572520E-04
 3.80856   -0.715277E-04    0.104413E-03   -0.569428E-04
 3.81606   -0.715842E-04    0.104194E-03   -0.566328E-04
 3.82356   -0.716328E-04    0.103973E-03   -0.563218E-04
 3.83106   -0.716740E-04    0.103749E-03   -0.560102E-04
 3.83857   -0.717078E-04    0.103522E-03   -0.556978E-04
 3.84607   -0.717344E-04    0.103293E-03   -0.553848E-04
 3.85357   -0.717542E-04    0.103061E-03   -0.550713E-04
 3.86107   -0.717671E-04    0.102828E-03   -0.547573E-04
 3.86857   -0.717736E-04    0.102591E-03   -0.544427E-04
 3.87608   -0.717736E-04    0.102353E-03   -0.541278E-04
 3.88358   -0.717674E-04    0.102113E-03   -0.538126E-04
 3.89108   -0.717553E-04    0.101870E-03   -0.534973E-04
 3.89858   -0.717372E-04    0.101626E-03   -0.531816E-04
 3.90608   -0.717135E-04    0.101380E-03   -0.528657E-04
 3.91359   -0.716842E-04    0.101132E-03   -0.525496E-04
 3.92109   -0.716496E-04    0.100882E-03   -0.522336E-04
 3.92859   -0.716097E-04    0.100631E-03   -0.519174E-04
 3.93609   -0.715647E-04    0.100378E-03   -0.516014E-04
 3.94359   -0.715149E-04    0.100124E-03   -0.512854E-04
 3.95110   -0.714602E-04    0.998678E-04   -0.509694E-04
 3.95860   -0.714009E-04    0.996107E-04   -0.506536E-04
 3.96610   -0.713371E-04    0.993524E-04   -0.503380E-04
 3.97360   -0.712689E-04    0.990928E-04   -0.500226E-04
 3.98111   -0.711965E-04    0.988321E-04   -0.497075E-04
 3.98861   -0.711199E-04    0.985702E-04   -0.493926E-04
 3.99611   -0.710394E-04    0.983074E-04   -0.490782E-04
 4.00361   -0.709550E-04    0.980435E-04   -0.487641E-04
 4.01111   -0.708668E-04    0.977787E-04   -0.484504E-04
 4.01862   -0.707749E-04    0.975130E-04   -0.481371E-04
 4.02612   -0.706796E-04    0.972465E-04   -0.478243E-04
 4.03362   -0.705808E-04    0.969792E-04   -0.475120E-04
 4.04112   -0.704786E-04    0.967111E-04   -0.472001E-04
 4.04862   -0.703733E-04    0.964424E-04   -0.468889E-04
 4.05613   -0.702648E-04    0.961730E-04   -0.465782E-04
 4.06363   -0.701533E-04    0.959030E-04   -0.462681E-04
 4.07113   -0.700389E-04    0.956325E-04   -0.459586E-04
 4.07863   -0.699216E-04    0.953614E-04   -0.456498E-04
 4.08613   -0.698015E-04    0.950904E-04   -0.453416E-04
 4.09364   -0.696788E-04    0.948180E-04   -0.450342E-04
 4.10114   -0.695535E-04    0.945456E-04   -0.447275E-04
 4.10864   -0.694257E-04    0.942729E-04   -0.444215E-04
 4.11614   -0.692955E-04    0.939998E-04   -0.441162E-04
 4.12364   -0.691629E-04    0.937265E-04   -0.438118E-04
 4.13115   -0.690281E-04    0.934529E-04   -0.435081E-04
 4.13865   -0.688911E-04    0.931791E-04   -0.432053E-04
 4.14615   -0.687519E-04    0.929051E-04   -0.429034E-04
 4.15365   -0.686107E-04    0.926309E-04   -0.426022E-04
 4.16116   -0.684675E-04    0.923566E-04   -0.423020E-04
 4.16866   -0.683224E-04    0.920822E-04   -0.420026E-04
 4.17616   -0.681755E-04    0.918078E-04   -0.417041E-04
 4.18366   -0.680268E-04    0.915333E-04   -0.414065E-04
 4.19116   -0.678764E-04    0.912588E-04   -0.411099E-04
 4.19867   -0.677243E-04    0.909842E-04   -0.408142E-04
 4.20617   -0.675706E-04    0.907098E-04   -0.405195E-04
 4.21367   -0.674154E-04    0.904354E-04   -0.402257E-04
 4.22117   -0.672586E-04    0.901611E-04   -0.399329E-04
 4.22867   -0.671005E-04    0.898868E-04   -0.396411E-04
 4.23618   -0.669410E-04    0.896128E-04   -0.393504E-04
 4.24368   -0.667801E-04    0.893388E-04   -0.390606E-04
 4.25118   -0.666180E-04    0.890651E-04   -0.387719E-04
 4.25868   -0.664546E-04    0.887915E-04   -0.384842E-04
 4.26618   -0.662901E-04    0.885182E-04   -0.381975E-04
 4.27369   -0.661244E-04    0.882451E-04   -0.379119E-04
 4.28119   -0.659576E-04    0.879723E-04   -0.376274E-04
 4.28869   -0.657898E-04    0.876997E-04   -0.373439E-04
 4.29619   -0.656210E-04    0.874274E-04   -0.370614E-04
 4.30369   -0.654512E-04    0.871554E-04   -0.367801E-04
 4.31120   -0.652805E-04    0.868838E-04   -0.364999E-04
 4.31870   -0.651089E-04    0.866125E-04   -0.362207E-04
 4.32620   -0.649365E-04    0.863415E-04   -0.359427E-04
 4.33370   -0.647633E-04    0.860709E-04   -0.356658E-04
 4.34121   -0.645893E-04    0.858007E-04   -0.353900E-04
 4.34871   -0.644145E-04    0.855309E-04   -0.351153E-04
 4.35621   -0.642391E-04    0.852615E-04   -0.348419E-04
 4.36371   -0.640630E-04    0.849925E-04   -0.345694E-04
 4.37121   -0.638863E-04    0.847240E-04   -0.342982E-04
 4.37872   -0.637090E-04    0.844559E-04   -0.340281E-04
 4.38622   -0.635312E-04    0.841883E-04   -0.337592E-04
 4.39372   -0.633528E-04    0.839212E-04   -0.334914E-04
 4.40122   -0.631739E-04    0.836546E-04   -0.332247E-04
 4.40872   -0.629945E-04    0.833884E-04   -0.329593E-04
 4.41623   -0.628146E-04    0.831228E-04   -0.326950E-04
 4.42373   -0.626344E-04    0.828577E-04   -0.324319E-04
 4.43123   -0.624538E-04    0.825931E-04   -0.321700E-04
 4.43873   -0.622728E-04    0.823291E-04   -0.319093E-04
 4.44623   -0.620915E-04    0.820656E-04   -0.316498E-04
 4.45374   -0.619098E-04    0.818027E-04   -0.313915E-04
 4.46124   -0.617279E-04    0.815403E-04   -0.311344E-04
 4.46874   -0.615457E-04    0.812785E-04   -0.308785E-04
 4.47624   -0.613633E-04    0.810173E-04   -0.306238E-04
 4.48374   -0.611807E-04    0.807567E-04   -0.303704E-04
 4.49125   -0.609978E-04    0.804967E-04   -0.301182E-04
 4.49875   -0.608148E-04    0.802373E-04   -0.298672E-04
 4.50625   -0.606316E-04    0.799786E-04   -0.296174E-04
 4.51375   -0.604483E-04    0.797204E-04   -0.293689E-04
 4.52126   -0.602649E-04    0.794629E-04   -0.291216E-04
 4.52876   -0.600814E-04    0.792060E-04   -0.288755E-04
 4.53626   -0.598978E-04    0.789497E-04   -0.286307E-04
 4.54376   -0.597142E-04    0.786941E-04   -0.283871E-04
 4.55126   -0.595305E-04    0.784392E-04   -0.281447E-04
 4.55877   -0.593468E-04    0.781849E-04   -0.279036E-04
 4.56627   -0.591631E-04    0.779313E-04   -0.276637E-04
 4.57377   -0.589794E-04    0.776783E-04   -0.274251E-04
 4.58127   -0.587958E-04    0.774261E-04   -0.271877E-04
 4.58877   -0.586122E-04    0.771745E-04   -0.269516E-04
 4.59628   -0.584287E-04    0.769236E-04   -0.267167E-04
 4.60378   -0.582453E-04    0.766734E-04   -0.264830E-04
 4.61128   -0.580619E-04    0.764239E-04   -0.262505E-04
 4.61878   -0.578787E-04    0.761750E-04   -0.260193E-04
 4.62628   -0.576956E-04    0.759269E-04   -0.257893E-04
 4.63379   -0.575127E-04    0.756795E-04   -0.255605E-04
 4.64129   -0.573299E-04    0.754329E-04   -0.253329E-04
 4.64879   -0.571473E-04    0.751869E-04   -0.251065E-04
 4.65629   -0.569649E-04    0.749417E-04   -0.248814E-04
 4.66379   -0.567827E-04    0.746971E-04   -0.246574E-04
 4.67130   -0.566007E-04    0.744534E-04   -0.244347E-04
 4.67880   -0.564189E-04    0.742103E-04   -0.242131E-04
 4.68630   -0.562373E-04    0.739680E-04   -0.239927E-04
 4.69380   -0.560561E-04    0.737264E-04   -0.237735E-04
 4.70131   -0.558750E-04    0.734856E-04   -0.235555E-04
 4.70881   -0.556943E-04    0.732455E-04   -0.233386E-04
 4.71631   -0.555138E-04    0.730062E-04   -0.231228E-04
 4.72381   -0.553337E-04    0.727676E-04   -0.229082E-04
 4.73131   -0.551538E-04    0.725298E-04   -0.226948E-04
 4.73882   -0.549743E-04    0.722927E-04   -0.224825E-04
 4.74632   -0.547951E-04    0.720564E-04   -0.222714E-04
 4.75382   -0.546163E-04    0.718209E-04   -0.220614E-04
 4.76132   -0.544378E-04    0.715861E-04   -0.218525E-04
 4.76882   -0.542597E-04    0.713521E-04   -0.216447E-04
 4.77633   -0.540819E-04    0.711188E-04   -0.214380E-04
 4.78383   -0.539046E-04    0.708864E-04   -0.212324E-04
 4.79133   -0.537276E-04    0.706547E-04   -0.210280E-04
 4.79883   -0.535511E-04    0.704238E-04   -0.208246E-04
 4.80633   -0.533750E-04    0.701937E-04   -0.206224E-04
 4.81384   -0.531993E-04    0.699643E-04   -0.204212E-04
 4.82134   -0.530240E-04    0.697358E-04   -0.202210E-04
 4.82884   -0.528492E-04    0.695080E-04   -0.200220E-04
 4.83634   -0.526748E-04    0.692810E-04   -0.198240E-04
 4.84384   -0.525009E-04    0.690548E-04   -0.196271E-04
 4.85135   -0.523275E-04    0.688294E-04   -0.194313E-04
 4.85885   -0.521545E-04    0.686048E-04   -0.192365E-04
 4.86635   -0.519820E-04    0.683810E-04   -0.190429E-04
 4.87385   -0.518101E-04    0.681580E-04   -0.188502E-04
 4.88136   -0.516386E-04    0.679357E-04   -0.186586E-04
 4.88886   -0.514676E-04    0.677143E-04   -0.184680E-04
 4.89636   -0.512972E-04    0.674936E-04   -0.182785E-04
 4.90386   -0.511273E-04    0.672738E-04   -0.180901E-04
 4.91136   -0.509579E-04    0.670548E-04   -0.179027E-04
 4.91887   -0.507891E-04    0.668365E-04   -0.177164E-04
 4.92637   -0.506208E-04    0.666191E-04   -0.175311E-04
 4.93387   -0.504530E-04    0.664025E-04   -0.173468E-04
 4.94137   -0.502858E-04    0.661867E-04   -0.171636E-04
 4.94887   -0.501192E-04    0.659716E-04   -0.169815E-04
 4.95638   -0.499531E-04    0.657575E-04   -0.168003E-04
 4.96388   -0.497876E-04    0.655440E-04   -0.166202E-04
 4.97138   -0.496227E-04    0.653314E-04   -0.164411E-04
 4.97888   -0.494584E-04    0.651196E-04   -0.162631E-04
 4.98638   -0.492947E-04    0.649086E-04   -0.160861E-04
 4.99389   -0.491315E-04    0.646985E-04   -0.159101E-04
 5.00139   -0.489690E-04    0.644891E-04   -0.157352E-04
 5.00889   -0.488071E-04    0.642805E-04   -0.155613E-04
 5.01639   -0.486457E-04    0.640727E-04   -0.153884E-04
 5.02389   -0.484850E-04    0.638657E-04   -0.152165E-04
 5.03140   -0.483249E-04    0.636596E-04   -0.150457E-04
 5.03890   -0.481654E-04    0.634542E-04   -0.148759E-04
 5.04640   -0.480065E-04    0.632496E-04   -0.147070E-04
 5.05390   -0.478483E-04    0.630459E-04   -0.145392E-04
 5.06141   -0.476906E-04    0.628429E-04   -0.143724E-04
 5.06891   -0.475336E-04    0.626407E-04   -0.142066E-04
 5.07641   -0.473772E-04    0.624394E-04   -0.140419E-04
 5.08391   -0.472215E-04    0.622388E-04   -0.138781E-04
 5.09141   -0.470664E-04    0.620390E-04   -0.137153E-04
 5.09892   -0.469119E-04    0.618400E-04   -0.135534E-04
 5.10642   -0.467580E-04    0.616418E-04   -0.133927E-04
 5.11392   -0.466048E-04    0.614444E-04   -0.132328E-04
 5.12142   -0.464522E-04    0.612477E-04   -0.130740E-04
 5.12892   -0.463002E-04    0.610519E-04   -0.129161E-04
 5.13643   -0.461489E-04    0.608568E-04   -0.127592E-04
 5.14393   -0.459982E-04    0.606625E-04   -0.126032E-04
 5.15143   -0.458481E-04    0.604690E-04   -0.124483E-04
 5.15893   -0.456986E-04    0.602763E-04   -0.122943E-04
 5.16643   -0.455498E-04    0.600843E-04   -0.121412E-04
 5.17394   -0.454016E-04    0.598931E-04   -0.119891E-04
 5.18144   -0.452541E-04    0.597026E-04   -0.118379E-04
 5.18894   -0.451071E-04    0.595130E-04   -0.116877E-04
 5.19644   -0.449608E-04    0.593241E-04   -0.115385E-04
 5.20394   -0.448151E-04    0.591359E-04   -0.113901E-04
 5.21145   -0.446701E-04    0.589485E-04   -0.112426E-04
 5.21895   -0.445256E-04    0.587618E-04   -0.110961E-04
 5.22645   -0.443818E-04    0.585759E-04   -0.109505E-04
 5.23395   -0.442385E-04    0.583908E-04   -0.108058E-04
 5.24146   -0.440959E-04    0.582063E-04   -0.106620E-04
 5.24896   -0.439538E-04    0.580226E-04   -0.105191E-04
 5.25646   -0.438124E-04    0.578397E-04   -0.103770E-04
 5.26396   -0.436716E-04    0.576574E-04   -0.102359E-04
 5.27146   -0.435313E-04    0.574759E-04   -0.100956E-04
 5.27897   -0.433916E-04    0.572951E-04   -0.995622E-05
 5.28647   -0.432525E-04    0.571150E-04   -0.981771E-05
 5.29397   -0.431140E-04    0.569357E-04   -0.968004E-05
 5.30147   -0.429761E-04    0.567570E-04   -0.954326E-05
 5.30897   -0.428387E-04    0.565791E-04   -0.940726E-05
 5.31648   -0.427019E-04    0.564018E-04   -0.927214E-05
 5.32398   -0.425656E-04    0.562252E-04   -0.913787E-05
 5.33148   -0.424299E-04    0.560493E-04   -0.900440E-05
 5.33898   -0.422948E-04    0.558741E-04   -0.887177E-05
 5.34648   -0.421602E-04    0.556996E-04   -0.873995E-05
 5.35399   -0.420261E-04    0.555258E-04   -0.860894E-05
 5.36149   -0.418925E-04    0.553526E-04   -0.847864E-05
 5.36899   -0.417594E-04    0.551801E-04   -0.834924E-05
 5.37649   -0.416269E-04    0.550082E-04   -0.822062E-05
 5.38399   -0.414949E-04    0.548370E-04   -0.809280E-05
 5.39150   -0.413634E-04    0.546665E-04   -0.796577E-05
 5.39900   -0.412324E-04    0.544966E-04   -0.783948E-05
 5.40650   -0.411018E-04    0.543273E-04   -0.771398E-05
 5.41400   -0.409718E-04    0.541587E-04   -0.758930E-05
 5.42151   -0.408422E-04    0.539907E-04   -0.746527E-05
 5.42901   -0.407131E-04    0.538233E-04   -0.734205E-05
 5.43651   -0.405844E-04    0.536565E-04   -0.721957E-05
 5.44401   -0.404563E-04    0.534904E-04   -0.709783E-05
 5.45151   -0.403285E-04    0.533249E-04   -0.697683E-05
 5.45902   -0.402012E-04    0.531600E-04   -0.685655E-05
 5.46652   -0.400744E-04    0.529956E-04   -0.673700E-05
 5.47402   -0.399480E-04    0.528319E-04   -0.661816E-05
 5.48152   -0.398220E-04    0.526688E-04   -0.650004E-05
 5.48902   -0.396964E-04    0.525062E-04   -0.638262E-05
 5.49653   -0.395713E-04    0.523443E-04   -0.626591E-05
 5.50403   -0.394465E-04    0.521829E-04   -0.614990E-05
 5.51153   -0.393222E-04    0.520221E-04   -0.603456E-05
 5.51903   -0.391982E-04    0.518618E-04   -0.591991E-05
 5.52653   -0.390747E-04    0.517021E-04   -0.580595E-05
 5.53404   -0.389515E-04    0.515430E-04   -0.569266E-05
 5.54154   -0.388287E-04    0.513844E-04   -0.558003E-05
 5.54904   -0.387062E-04    0.512264E-04   -0.546807E-05
 5.55654   -0.385842E-04    0.510689E-04   -0.535676E-05
 5.56405   -0.384625E-04    0.509120E-04   -0.524611E-05
 5.57155   -0.383411E-04    0.507556E-04   -0.513610E-05
 5.57905   -0.382201E-04    0.505997E-04   -0.502674E-05
 5.58655   -0.380995E-04    0.504444E-04   -0.491802E-05
 5.59405   -0.379792E-04    0.502896E-04   -0.480992E-05
 5.60156   -0.378592E-04    0.501353E-04   -0.470246E-05
 5.60906   -0.377396E-04    0.499815E-04   -0.459561E-05
 5.61656   -0.376202E-04    0.498282E-04   -0.448939E-05
 5.62406   -0.375012E-04    0.496754E-04   -0.438379E-05
 5.63156   -0.373825E-04    0.495232E-04   -0.427878E-05
 5.63907   -0.372642E-04    0.493714E-04   -0.417438E-05
 5.64657   -0.371461E-04    0.492202E-04   -0.407059E-05
 5.65407   -0.370283E-04    0.490694E-04   -0.396738E-05
 5.66157   -0.369109E-04    0.489191E-04   -0.386477E-05
 5.66907   -0.367937E-04    0.487693E-04   -0.376274E-05
 5.67658   -0.366768E-04    0.486200E-04   -0.366130E-05
 5.68408   -0.365602E-04    0.484712E-04   -0.356043E-05
 5.69158   -0.364439E-04    0.483229E-04   -0.346015E-05
 5.69908   -0.363279E-04    0.481750E-04   -0.336043E-05
 5.70658   -0.362122E-04    0.480276E-04   -0.326127E-05
 5.71409   -0.360967E-04    0.478807E-04   -0.316268E-05
 5.72159   -0.359815E-04    0.477342E-04   -0.306465E-05
 5.72909   -0.358666E-04    0.475882E-04   -0.296717E-05
 5.73659   -0.357519E-04    0.474427E-04   -0.287024E-05
 5.74410   -0.356375E-04    0.472976E-04   -0.277386E-05
 5.75160   -0.355234E-04    0.471529E-04   -0.267802E-05
 5.75910   -0.354095E-04    0.470088E-04   -0.258272E-05
 5.76660   -0.352959E-04    0.468650E-04   -0.248796E-05
 5.77410   -0.351825E-04    0.467218E-04   -0.239373E-05
 5.78161   -0.350694E-04    0.465789E-04   -0.230004E-05
 5.78911   -0.349566E-04    0.464365E-04   -0.220687E-05
 5.79661   -0.348440E-04    0.462946E-04   -0.211423E-05
 5.80411   -0.347316E-04    0.461531E-04   -0.202210E-05
 5.81161   -0.346196E-04    0.460120E-04   -0.193050E-05
 5.81912   -0.345077E-04    0.458714E-04   -0.183941E-05
 5.82662   -0.343961E-04    0.457312E-04   -0.174883E-05
 5.83412   -0.342848E-04    0.455914E-04   -0.165876E-05
 5.84162   -0.341737E-04    0.454521E-04   -0.156920E-05
 5.84912   -0.340628E-04    0.453132E-04   -0.148015E-05
 5.85663   -0.339522E-04    0.451747E-04   -0.139159E-05
 5.86413   -0.338419E-04    0.450367E-04   -0.130354E-05
 5.87163   -0.337318E-04    0.448990E-04   -0.121598E-05
 5.87913   -0.336219E-04    0.447618E-04   -0.112892E-05
 5.88663   -0.335123E-04    0.446251E-04   -0.104233E-05
 5.89414   -0.334030E-04    0.444887E-04   -0.956251E-06
 5.90164   -0.332939E-04    0.443528E-04   -0.870655E-06
 5.90914   -0.331850E-04    0.442173E-04   -0.785545E-06
 5.91664   -0.330764E-04    0.440822E-04   -0.700927E-06
 5.92415   -0.329681E-04    0.439475E-04   -0.616781E-06
 5.93165   -0.328600E-04    0.438133E-04   -0.533113E-06
 5.93915   -0.327521E-04    0.436795E-04   -0.449922E-06
 5.94665   -0.326445E-04    0.435460E-04   -0.367215E-06
 5.95415   -0.325372E-04    0.434131E-04   -0.284976E-06
 5.96166   -0.324301E-04    0.432805E-04   -0.203210E-06
 5.96916   -0.323233E-04    0.431483E-04   -0.121910E-06
 5.97666   -0.322167E-04    0.430165E-04   -0.410778E-07
 5.98416   -0.321104E-04    0.428852E-04    0.392881E-07
 5.99166   -0.320044E-04    0.427543E-04    0.119190E-06
 5.99917   -0.318986E-04    0.426238E-04    0.198631E-06
 6.00667   -0.317931E-04    0.424937E-04    0.277612E-06
 6.01417   -0.316878E-04    0.423640E-04    0.356133E-06
 6.02167   -0.315828E-04    0.422347E-04    0.434198E-06
 6.02917   -0.314781E-04    0.421058E-04    0.511806E-06
 6.03668   -0.313736E-04    0.419773E-04    0.588971E-06
 6.04418   -0.312694E-04    0.418493E-04    0.665668E-06
 6.05168   -0.311655E-04    0.417216E-04    0.741932E-06
 6.05918   -0.310618E-04    0.415944E-04    0.817735E-06
 6.06668   -0.309585E-04    0.414676E-04    0.893095E-06
 6.07419   -0.308554E-04    0.413411E-04    0.968011E-06
 6.08169   -0.307525E-04    0.412151E-04    0.104247E-05
 6.08919   -0.306500E-04    0.410895E-04    0.111650E-05
 6.09669   -0.305477E-04    0.409643E-04    0.119009E-05
 6.10420   -0.304457E-04    0.408395E-04    0.126324E-05
 6.11170   -0.303440E-04    0.407151E-04    0.133595E-05
 6.11920   -0.302426E-04    0.405911E-04    0.140823E-05
 6.12670   -0.301414E-04    0.404675E-04    0.148007E-05
 6.13420   -0.300406E-04    0.403443E-04    0.155148E-05
 6.14171   -0.299400E-04    0.402215E-04    0.162246E-05
 6.14921   -0.298397E-04    0.400991E-04    0.169300E-05
 6.15671   -0.297397E-04    0.399771E-04    0.176313E-05
 6.16421   -0.296400E-04    0.398555E-04    0.183282E-05
 6.17171   -0.295406E-04    0.397343E-04    0.190209E-05
 6.17922   -0.294414E-04    0.396136E-04    0.197094E-05
 6.18672   -0.293426E-04    0.394932E-04    0.203937E-05
 6.19422   -0.292441E-04    0.393732E-04    0.210738E-05
 6.20172   -0.291458E-04    0.392536E-04    0.217497E-05
 6.20922   -0.290479E-04    0.391344E-04    0.224214E-05
 6.21673   -0.289502E-04    0.390156E-04    0.230890E-05
 6.22423   -0.288529E-04    0.388972E-04    0.237522E-05
 6.23173   -0.287558E-04    0.387792E-04    0.244115E-05
 6.23923   -0.286591E-04    0.386616E-04    0.250667E-05
 6.24673   -0.285626E-04    0.385444E-04    0.257178E-05
 6.25424   -0.284665E-04    0.384276E-04    0.263648E-05
 6.26174   -0.283706E-04    0.383112E-04    0.270078E-05
 6.26924   -0.282751E-04    0.381951E-04    0.276467E-05
 6.27674   -0.281799E-04    0.380796E-04    0.282815E-05
 6.28425   -0.280849E-04    0.379643E-04    0.289124E-05
 6.29175   -0.279903E-04    0.378494E-04    0.295393E-05
 6.29925   -0.278960E-04    0.377350E-04    0.301621E-05
 6.30675   -0.278020E-04    0.376209E-04    0.307810E-05
 6.31425   -0.277083E-04    0.375072E-04    0.313960E-05
 6.32176   -0.276149E-04    0.373939E-04    0.320071E-05
 6.32926   -0.275219E-04    0.372810E-04    0.326142E-05
 6.33676   -0.274291E-04    0.371685E-04    0.332174E-05
 6.34426   -0.273366E-04    0.370564E-04    0.338167E-05
 6.35176   -0.272445E-04    0.369447E-04    0.344120E-05
 6.35927   -0.271527E-04    0.368333E-04    0.350035E-05
 6.36677   -0.270611E-04    0.367223E-04    0.355913E-05
 6.37427   -0.269699E-04    0.366118E-04    0.361751E-05
 6.38177   -0.268791E-04    0.365016E-04    0.367552E-05
 6.38927   -0.267885E-04    0.363917E-04    0.373314E-05
 6.39678   -0.266982E-04    0.362823E-04    0.379039E-05
 6.40428   -0.266083E-04    0.361733E-04    0.384726E-05
 6.41178   -0.265186E-04    0.360646E-04    0.390376E-05
 6.41928   -0.264293E-04    0.359563E-04    0.395988E-05
 6.42678   -0.263403E-04    0.358483E-04    0.401564E-05
 6.43429   -0.262516E-04    0.357408E-04    0.407102E-05
 6.44179   -0.261632E-04    0.356336E-04    0.412603E-05
 6.44929   -0.260752E-04    0.355268E-04    0.418068E-05
 6.45679   -0.259874E-04    0.354205E-04    0.423495E-05
 6.46430   -0.259000E-04    0.353144E-04    0.428887E-05
 6.47180   -0.258128E-04    0.352087E-04    0.434242E-05
 6.47930   -0.257260E-04    0.351034E-04    0.439561E-05
 6.48680   -0.256396E-04    0.349985E-04    0.444845E-05
 6.49430   -0.255534E-04    0.348939E-04    0.450092E-05
 6.50181   -0.254675E-04    0.347897E-04    0.455304E-05
 6.50931   -0.253820E-04    0.346859E-04    0.460481E-05
 6.51681   -0.252967E-04    0.345824E-04    0.465645E-05
 6.52431   -0.252118E-04    0.344794E-04    0.470728E-05
 6.53181   -0.251272E-04    0.343767E-04    0.475800E-05
 6.53932   -0.250429E-04    0.342743E-04    0.480836E-05
 6.54682   -0.249589E-04    0.341723E-04    0.485838E-05
 6.55432   -0.248752E-04    0.340707E-04    0.490805E-05
 6.56182   -0.247919E-04    0.339694E-04    0.495738E-05
 6.56932   -0.247088E-04    0.338685E-04    0.500636E-05
 6.57683   -0.246261E-04    0.337679E-04    0.505501E-05
 6.58433   -0.245437E-04    0.336677E-04    0.510331E-05
 6.59183   -0.244616E-04    0.335679E-04    0.515129E-05
 6.59933   -0.243798E-04    0.334684E-04    0.519893E-05
 6.60683   -0.242983E-04    0.333693E-04    0.524624E-05
 6.61434   -0.242171E-04    0.332705E-04    0.529321E-05
 6.62184   -0.241362E-04    0.331721E-04    0.533984E-05
 6.62934   -0.240557E-04    0.330740E-04    0.538615E-05
 6.63684   -0.239754E-04    0.329763E-04    0.543214E-05
 6.64435   -0.238955E-04    0.328789E-04    0.547779E-05
 6.65185   -0.238158E-04    0.327819E-04    0.552312E-05
 6.65935   -0.237365E-04    0.326853E-04    0.556813E-05
 6.66685   -0.236575E-04    0.325889E-04    0.561282E-05
 6.67435   -0.235788E-04    0.324930E-04    0.565718E-05
 6.68186   -0.235004E-04    0.323973E-04    0.570123E-05
 6.68936   -0.234223E-04    0.323021E-04    0.574496E-05
 6.69686   -0.233445E-04    0.322071E-04    0.578838E-05
 6.70436   -0.232670E-04    0.321125E-04    0.583148E-05
 6.71186   -0.231898E-04    0.320182E-04    0.587427E-05
 6.71937   -0.231129E-04    0.319243E-04    0.591674E-05
 6.72687   -0.230363E-04    0.318307E-04    0.595891E-05
 6.73437   -0.229600E-04    0.317375E-04    0.600077E-05
 6.74187   -0.228841E-04    0.316446E-04    0.604233E-05
 6.74937   -0.228084E-04    0.315520E-04    0.608358E-05
 6.75688   -0.227330E-04    0.314598E-04    0.612452E-05
 6.76438   -0.226579E-04    0.313679E-04    0.616516E-05
 6.77188   -0.225832E-04    0.312763E-04    0.620551E-05
 6.77938   -0.225087E-04    0.311851E-04    0.624555E-05
 6.78688   -0.224345E-04    0.310942E-04    0.628530E-05
 6.79439   -0.223606E-04    0.310036E-04    0.632475E-05
 6.80189   -0.222870E-04    0.309133E-04    0.636390E-05
 6.80939   -0.222138E-04    0.308234E-04    0.640276E-05
 6.81689   -0.221408E-04    0.307338E-04    0.644134E-05
 6.82440   -0.220681E-04    0.306445E-04    0.647962E-05
 6.83190   -0.219957E-04    0.305556E-04    0.651761E-05
 6.83940   -0.219236E-04    0.304670E-04    0.655531E-05
 6.84690   -0.218517E-04    0.303787E-04    0.659273E-05
 6.85440   -0.217802E-04    0.302907E-04    0.662987E-05
 6.86191   -0.217090E-04    0.302030E-04    0.666672E-05
 6.86941   -0.216380E-04    0.301157E-04    0.670329E-05
 6.87691   -0.215674E-04    0.300286E-04    0.673958E-05
 6.88441   -0.214970E-04    0.299419E-04    0.677544E-05
 6.89191   -0.214270E-04    0.298555E-04    0.681118E-05
 6.89942   -0.213572E-04    0.297695E-04    0.684664E-05
 6.90692   -0.212877E-04    0.296837E-04    0.688182E-05
 6.91442   -0.212185E-04    0.295982E-04    0.691674E-05
 6.92192   -0.211495E-04    0.295131E-04    0.695138E-05
 6.92942   -0.210809E-04    0.294282E-04    0.698575E-05
 6.93693   -0.210125E-04    0.293437E-04    0.701985E-05
 6.94443   -0.209444E-04    0.292595E-04    0.705369E-05
 6.95193   -0.208766E-04    0.291756E-04    0.708726E-05
 6.95943   -0.208091E-04    0.290920E-04    0.712057E-05
 6.96693   -0.207419E-04    0.290087E-04    0.715361E-05
 6.97444   -0.206749E-04    0.289257E-04    0.718640E-05
 6.98194   -0.206082E-04    0.288430E-04    0.721892E-05
 6.98944   -0.205418E-04    0.287606E-04    0.725118E-05
 6.99694   -0.204757E-04    0.286785E-04    0.728319E-05
 7.00445   -0.204098E-04    0.285967E-04    0.731494E-05
 7.01195   -0.203442E-04    0.285152E-04    0.734644E-05
 7.01945   -0.202789E-04    0.284339E-04    0.737768E-05
 7.02695   -0.202139E-04    0.283530E-04    0.740867E-05
 7.03445   -0.201491E-04    0.282724E-04    0.743956E-05
 7.04196   -0.200846E-04    0.281921E-04    0.747006E-05
 7.04946   -0.200203E-04    0.281120E-04    0.750030E-05
 7.05696   -0.199564E-04    0.280323E-04    0.753030E-05
 7.06446   -0.198927E-04    0.279528E-04    0.756006E-05
 7.07196   -0.198292E-04    0.278737E-04    0.758957E-05
 7.07947   -0.197661E-04    0.277948E-04    0.761884E-05
 7.08697   -0.197031E-04    0.277162E-04    0.764788E-05
 7.09447   -0.196405E-04    0.276379E-04    0.767667E-05
 7.10197   -0.195781E-04    0.275598E-04    0.770522E-05
 7.10947   -0.195159E-04    0.274821E-04    0.773354E-05
 7.11698   -0.194541E-04    0.274046E-04    0.776163E-05
 7.12448   -0.193924E-04    0.273274E-04    0.778948E-05
 7.13198   -0.193311E-04    0.272505E-04    0.781710E-05
 7.13948   -0.192700E-04    0.271739E-04    0.784449E-05
 7.14698   -0.192091E-04    0.270975E-04    0.787165E-05
 7.15449   -0.191485E-04    0.270214E-04    0.789858E-05
 7.16199   -0.190881E-04    0.269456E-04    0.792528E-05
 7.16949   -0.190280E-04    0.268701E-04    0.795176E-05
 7.17699   -0.189682E-04    0.267948E-04    0.797802E-05
 7.18450   -0.189085E-04    0.267198E-04    0.800405E-05
 7.19200   -0.188492E-04    0.266451E-04    0.802986E-05
 7.19950   -0.187900E-04    0.265706E-04    0.805545E-05
 7.20700   -0.187312E-04    0.264964E-04    0.808083E-05
 7.21450   -0.186725E-04    0.264225E-04    0.810598E-05
 7.22201   -0.186141E-04    0.263488E-04    0.813093E-05
 7.22951   -0.185560E-04    0.262754E-04    0.815566E-05
 7.23701   -0.184980E-04    0.262023E-04    0.818017E-05
 7.24451   -0.184404E-04    0.261294E-04    0.820447E-05
 7.25201   -0.183829E-04    0.260568E-04    0.822856E-05
 7.25952   -0.183257E-04    0.259844E-04    0.825244E-05
 7.26702   -0.182687E-04    0.259123E-04    0.827611E-05
 7.27452   -0.182120E-04    0.258405E-04    0.829957E-05
 7.28202   -0.181555E-04    0.257689E-04    0.832283E-05
 7.28952   -0.180992E-04    0.256975E-04    0.834588E-05
 7.29703   -0.180431E-04    0.256264E-04    0.836873E-05
 7.30453   -0.179873E-04    0.255556E-04    0.839138E-05
 7.31203   -0.179317E-04    0.254850E-04    0.841382E-05
 7.31953   -0.178763E-04    0.254147E-04    0.843607E-05
 7.32704   -0.178212E-04    0.253446E-04    0.845812E-05
 7.33454   -0.177663E-04    0.252748E-04    0.847997E-05
 7.34204   -0.177116E-04    0.252052E-04    0.850163E-05
 7.34954   -0.176571E-04    0.251358E-04    0.852308E-05
 7.35704   -0.176028E-04    0.250667E-04    0.854435E-05
 7.36455   -0.175488E-04    0.249979E-04    0.856540E-05
 7.37205   -0.174950E-04    0.249293E-04    0.858628E-05
 7.37955   -0.174414E-04    0.248609E-04    0.860700E-05
 7.38705   -0.173880E-04    0.247928E-04    0.862750E-05
 7.39455   -0.173348E-04    0.247249E-04    0.864781E-05
 7.40206   -0.172819E-04    0.246572E-04    0.866792E-05
 7.40956   -0.172291E-04    0.245898E-04    0.868787E-05
 7.41706   -0.171766E-04    0.245226E-04    0.870762E-05
 7.42456   -0.171243E-04    0.244557E-04    0.872719E-05
 7.43206   -0.170722E-04    0.243890E-04    0.874658E-05
 7.43957   -0.170203E-04    0.243225E-04    0.876579E-05
 7.44707   -0.169686E-04    0.242562E-04    0.878482E-05
 7.45457   -0.169171E-04    0.241902E-04    0.880366E-05
 7.46207   -0.168659E-04    0.241244E-04    0.882234E-05
 7.46957   -0.168148E-04    0.240589E-04    0.884084E-05
 7.47708   -0.167639E-04    0.239936E-04    0.885916E-05
 7.48458   -0.167133E-04    0.239285E-04    0.887730E-05
 7.49208   -0.166628E-04    0.238636E-04    0.889525E-05
 7.49958   -0.166126E-04    0.237989E-04    0.891307E-05
 7.50709   -0.165625E-04    0.237345E-04    0.893069E-05
 7.51459   -0.165127E-04    0.236703E-04    0.894814E-05
 7.52209   -0.164630E-04    0.236063E-04    0.896543E-05
 7.52959   -0.164136E-04    0.235426E-04    0.898254E-05
 7.53709   -0.163643E-04    0.234791E-04    0.899949E-05
 7.54460   -0.163153E-04    0.234158E-04    0.901627E-05
 7.55210   -0.162664E-04    0.233527E-04    0.903289E-05
 7.55960   -0.162177E-04    0.232898E-04    0.904934E-05
 7.56710   -0.161692E-04    0.232271E-04    0.906562E-05
 7.57460   -0.161210E-04    0.231647E-04    0.908175E-05
 7.58211   -0.160729E-04    0.231025E-04    0.909771E-05
 7.58961   -0.160250E-04    0.230405E-04    0.911351E-05
 7.59711   -0.159773E-04    0.229787E-04    0.912915E-05
 7.60461   -0.159298E-04    0.229171E-04    0.914463E-05
 7.61211   -0.158824E-04    0.228557E-04    0.915996E-05
 7.61962   -0.158353E-04    0.227945E-04    0.917512E-05
 7.62712   -0.157883E-04    0.227336E-04    0.919013E-05
 7.63462   -0.157416E-04    0.226729E-04    0.920499E-05
 7.64212   -0.156950E-04    0.226123E-04    0.921969E-05
 7.64962   -0.156486E-04    0.225520E-04    0.923423E-05
 7.65713   -0.156024E-04    0.224919E-04    0.924863E-05
 7.66463   -0.155564E-04    0.224320E-04    0.926287E-05
 7.67213   -0.155105E-04    0.223723E-04    0.927696E-05
 7.67963   -0.154649E-04    0.223128E-04    0.929090E-05
 7.68714   -0.154194E-04    0.222535E-04    0.930470E-05
 7.69464   -0.153741E-04    0.221944E-04    0.931834E-05
 7.70214   -0.153290E-04    0.221355E-04    0.933184E-05
 7.70964   -0.152840E-04    0.220768E-04    0.934519E-05
 7.71714   -0.152392E-04    0.220183E-04    0.935840E-05
 7.72465   -0.151946E-04    0.219600E-04    0.937146E-05
 7.73215   -0.151502E-04    0.219019E-04    0.938438E-05
 7.73965   -0.151060E-04    0.218440E-04    0.939715E-05
 7.74715   -0.150619E-04    0.217864E-04    0.940980E-05
 7.75465   -0.150180E-04    0.217289E-04    0.942229E-05
 7.76216   -0.149743E-04    0.216715E-04    0.943464E-05
 7.76966   -0.149308E-04    0.216144E-04    0.944685E-05
 7.77716   -0.148874E-04    0.215575E-04    0.945893E-05
 7.78466   -0.148442E-04    0.215008E-04    0.947086E-05
 7.79216   -0.148011E-04    0.214443E-04    0.948266E-05
 7.79967   -0.147583E-04    0.213879E-04    0.949432E-05
 7.80717   -0.147156E-04    0.213318E-04    0.950585E-05
 7.81467   -0.146730E-04    0.212758E-04    0.951724E-05
 7.82217   -0.146307E-04    0.212201E-04    0.952849E-05
 7.82967   -0.145885E-04    0.211645E-04    0.953962E-05
 7.83718   -0.145464E-04    0.211091E-04    0.955064E-05
 7.84468   -0.145046E-04    0.210539E-04    0.956150E-05
 7.85218   -0.144629E-04    0.209989E-04    0.957223E-05
 7.85968   -0.144213E-04    0.209440E-04    0.958284E-05
 7.86719   -0.143799E-04    0.208894E-04    0.959331E-05
 7.87469   -0.143387E-04    0.208349E-04    0.960366E-05
 7.88219   -0.142976E-04    0.207807E-04    0.961388E-05
 7.88969   -0.142567E-04    0.207266E-04    0.962397E-05
 7.89719   -0.142160E-04    0.206726E-04    0.963393E-05
 7.90470   -0.141754E-04    0.206189E-04    0.964377E-05
 7.91220   -0.141350E-04    0.205653E-04    0.965349E-05
 7.91970   -0.140947E-04    0.205120E-04    0.966308E-05
 7.92720   -0.140546E-04    0.204588E-04    0.967256E-05
 7.93470   -0.140146E-04    0.204058E-04    0.968190E-05
 7.94221   -0.139748E-04    0.203529E-04    0.969113E-05
 7.94971   -0.139351E-04    0.203002E-04    0.970024E-05
 7.95721   -0.138956E-04    0.202478E-04    0.970922E-05
 7.96471   -0.138563E-04    0.201954E-04    0.971809E-05
 7.97221   -0.138171E-04    0.201433E-04    0.972684E-05
 7.97972   -0.137780E-04    0.200913E-04    0.973547E-05
 7.98722   -0.137391E-04    0.200395E-04    0.974399E-05
 7.99472   -0.137004E-04    0.199879E-04    0.975239E-05
 8.00222   -0.136618E-04    0.199365E-04    0.976066E-05
 8.00972   -0.136233E-04    0.198852E-04    0.976883E-05
 8.01723   -0.135850E-04    0.198341E-04    0.977690E-05
 8.02473   -0.135469E-04    0.197831E-04    0.978484E-05
 8.03223   -0.135089E-04    0.197324E-04    0.979267E-05
 8.03973   -0.134710E-04    0.196818E-04    0.980039E-05
 8.04724   -0.134333E-04    0.196313E-04    0.980800E-05
 8.05474   -0.133957E-04    0.195811E-04    0.981549E-05
 8.06224   -0.133583E-04    0.195310E-04    0.982288E-05
 8.06974   -0.133210E-04    0.194810E-04    0.983016E-05
 8.07724   -0.132838E-04    0.194312E-04    0.983733E-05
 8.08475   -0.132468E-04    0.193816E-04    0.984439E-05
 8.09225   -0.132099E-04    0.193322E-04    0.985135E-05
 8.09975   -0.131732E-04    0.192829E-04    0.985819E-05
 8.10725   -0.131366E-04    0.192338E-04    0.986494E-05
 8.11475   -0.131001E-04    0.191848E-04    0.987158E-05
 8.12226   -0.130638E-04    0.191360E-04    0.987811E-05
 8.12976   -0.130276E-04    0.190874E-04    0.988454E-05
 8.13726   -0.129916E-04    0.190389E-04    0.989087E-05
 8.14476   -0.129557E-04    0.189906E-04    0.989710E-05
 8.15226   -0.129199E-04    0.189424E-04    0.990322E-05
 8.15977   -0.128843E-04    0.188944E-04    0.990924E-05
 8.16727   -0.128488E-04    0.188465E-04    0.991517E-05
 8.17477   -0.128134E-04    0.187988E-04    0.992099E-05
 8.18227   -0.127781E-04    0.187513E-04    0.992671E-05
 8.18977   -0.127430E-04    0.187039E-04    0.993234E-05
 8.19728   -0.127080E-04    0.186567E-04    0.993787E-05
 8.20478   -0.126732E-04    0.186096E-04    0.994330E-05
 8.21228   -0.126385E-04    0.185627E-04    0.994863E-05
 8.21978   -0.126039E-04    0.185159E-04    0.995387E-05
 8.22729   -0.125694E-04    0.184693E-04    0.995902E-05
 8.23479   -0.125351E-04    0.184228E-04    0.996407E-05
 8.24229   -0.125009E-04    0.183765E-04    0.996903E-05
 8.24979   -0.124668E-04    0.183303E-04    0.997389E-05
 8.25729   -0.124328E-04    0.182843E-04    0.997866E-05
 8.26480   -0.123990E-04    0.182384E-04    0.998334E-05
 8.27230   -0.123653E-04    0.181927E-04    0.998791E-05
 8.27980   -0.123317E-04    0.181471E-04    0.999238E-05
 8.28730   -0.122982E-04    0.181016E-04    0.999679E-05
 8.29480   -0.122649E-04    0.180563E-04    0.100011E-04
 8.30231   -0.122317E-04    0.180112E-04    0.100054E-04
 8.30981   -0.121986E-04    0.179662E-04    0.100095E-04
 8.31731   -0.121656E-04    0.179213E-04    0.100136E-04
 8.32481   -0.121327E-04    0.178766E-04    0.100175E-04
 8.33231   -0.121000E-04    0.178320E-04    0.100214E-04
 8.33982   -0.120674E-04    0.177876E-04    0.100252E-04
 8.34732   -0.120349E-04    0.177433E-04    0.100289E-04
 8.35482   -0.120025E-04    0.176992E-04    0.100325E-04
 8.36232   -0.119702E-04    0.176552E-04    0.100361E-04
 8.36982   -0.119380E-04    0.176113E-04    0.100395E-04
 8.37733   -0.119060E-04    0.175676E-04    0.100429E-04
 8.38483   -0.118741E-04    0.175240E-04    0.100462E-04
 8.39233   -0.118422E-04    0.174805E-04    0.100494E-04
 8.39983   -0.118105E-04    0.174372E-04    0.100525E-04
 8.40734   -0.117789E-04    0.173940E-04    0.100556E-04
 8.41484   -0.117474E-04    0.173509E-04    0.100585E-04
 8.42234   -0.117161E-04    0.173080E-04    0.100614E-04
 8.42984   -0.116848E-04    0.172652E-04    0.100642E-04
 8.43734   -0.116536E-04    0.172226E-04    0.100670E-04
 8.44485   -0.116226E-04    0.171801E-04    0.100696E-04
 8.45235   -0.115916E-04    0.171377E-04    0.100722E-04
 8.45985   -0.115608E-04    0.170954E-04    0.100747E-04
 8.46735   -0.115300E-04    0.170533E-04    0.100771E-04
 8.47485   -0.114994E-04    0.170113E-04    0.100795E-04
 8.48236   -0.114689E-04    0.169694E-04    0.100818E-04
 8.48986   -0.114384E-04    0.169277E-04    0.100840E-04
 8.49736   -0.114081E-04    0.168861E-04    0.100861E-04
 8.50486   -0.113779E-04    0.168446E-04    0.100882E-04
 8.51236   -0.113478E-04    0.168032E-04    0.100902E-04
 8.51987   -0.113177E-04    0.167620E-04    0.100921E-04
 8.52737   -0.112878E-04    0.167209E-04    0.100939E-04
 8.53487   -0.112580E-04    0.166799E-04    0.100957E-04
 8.54237   -0.112282E-04    0.166390E-04    0.100974E-04
 8.54987   -0.111986E-04    0.165983E-04    0.100990E-04
 8.55738   -0.111691E-04    0.165577E-04    0.101006E-04
 8.56488   -0.111396E-04    0.165172E-04    0.101021E-04
 8.57238   -0.111103E-04    0.164768E-04    0.101035E-04
 8.57988   -0.110810E-04    0.164366E-04    0.101049E-04
 8.58739   -0.110518E-04    0.163964E-04    0.101062E-04
 8.59489   -0.110228E-04    0.163564E-04    0.101074E-04
 8.60239   -0.109938E-04    0.163165E-04    0.101086E-04
 8.60989   -0.109649E-04    0.162768E-04    0.101097E-04
 8.61739   -0.109361E-04    0.162371E-04    0.101108E-04
 8.62490   -0.109074E-04    0.161976E-04    0.101117E-04
 8.63240   -0.108787E-04    0.161582E-04    0.101126E-04
 8.63990   -0.108502E-04    0.161189E-04    0.101135E-04
 8.64740   -0.108218E-04    0.160797E-04    0.101143E-04
 8.65490   -0.107934E-04    0.160406E-04    0.101150E-04
 8.66241   -0.107651E-04    0.160017E-04    0.101157E-04
 8.66991   -0.107370E-04    0.159628E-04    0.101163E-04
 8.67741   -0.107089E-04    0.159241E-04    0.101168E-04
 8.68491   -0.106808E-04    0.158855E-04    0.101173E-04
 8.69241   -0.106529E-04    0.158470E-04    0.101177E-04
 8.69992   -0.106251E-04    0.158086E-04    0.101181E-04
 8.70742   -0.105973E-04    0.157703E-04    0.101184E-04
 8.71492   -0.105696E-04    0.157321E-04    0.101186E-04
 8.72242   -0.105420E-04    0.156941E-04    0.101188E-04
 8.72992   -0.105145E-04    0.156561E-04    0.101189E-04
 8.73743   -0.104871E-04    0.156183E-04    0.101190E-04
 8.74493   -0.104597E-04    0.155806E-04    0.101190E-04
 8.75243   -0.104325E-04    0.155430E-04    0.101190E-04
 8.75993   -0.104053E-04    0.155055E-04    0.101189E-04
 8.76744   -0.103782E-04    0.154681E-04    0.101187E-04
 8.77494   -0.103512E-04    0.154308E-04    0.101185E-04
 8.78244   -0.103242E-04    0.153936E-04    0.101182E-04
 8.78994   -0.102973E-04    0.153565E-04    0.101179E-04
 8.79744   -0.102706E-04    0.153195E-04    0.101176E-04
 8.80495   -0.102439E-04    0.152827E-04    0.101171E-04
 8.81245   -0.102172E-04    0.152459E-04    0.101166E-04
 8.81995   -0.101907E-04    0.152093E-04    0.101161E-04
 8.82745   -0.101642E-04    0.151727E-04    0.101155E-04
 8.83495   -0.101378E-04    0.151363E-04    0.101149E-04
 8.84246   -0.101115E-04    0.151000E-04    0.101142E-04
 8.84996   -0.100853E-04    0.150637E-04    0.101134E-04
 8.85746   -0.100591E-04    0.150276E-04    0.101126E-04
 8.86496   -0.100331E-04    0.149916E-04    0.101118E-04
 8.87246   -0.100071E-04    0.149557E-04    0.101109E-04
 8.87997   -0.998114E-05    0.149199E-04    0.101099E-04
 8.88747   -0.995530E-05    0.148842E-04    0.101089E-04
 8.89497   -0.992954E-05    0.148485E-04    0.101079E-04
 8.90247   -0.990385E-05    0.148130E-04    0.101068E-04
 8.90997   -0.987825E-05    0.147776E-04    0.101056E-04
 8.91748   -0.985272E-05    0.147424E-04    0.101044E-04
 8.92498   -0.982727E-05    0.147072E-04    0.101032E-04
 8.93248   -0.980190E-05    0.146721E-04    0.101019E-04
 8.93998   -0.977661E-05    0.146371E-04    0.101005E-04
 8.94749   -0.975139E-05    0.146022E-04    0.100991E-04
 8.95499   -0.972626E-05    0.145674E-04    0.100976E-04
 8.96249   -0.970120E-05    0.145327E-04    0.100961E-04
 8.96999   -0.967622E-05    0.144981E-04    0.100946E-04
 8.97749   -0.965132E-05    0.144637E-04    0.100930E-04
 8.98500   -0.962649E-05    0.144293E-04    0.100913E-04
 8.99250   -0.960175E-05    0.143950E-04    0.100896E-04
 9.00000   -0.957708E-05    0.143608E-04    0.100879E-04
