 0.00500    0.173098E-02   -0.904008E-03    0.733032E-03
 0.02303    0.142189E-02   -0.749456E-03    0.617070E-03
 0.04105    0.124050E-02   -0.658717E-03    0.548948E-03
 0.05908    0.110827E-02   -0.592541E-03    0.499216E-03
 0.07710    0.100402E-02   -0.540339E-03    0.459938E-03
 0.09513    0.918220E-03   -0.497350E-03    0.427550E-03
 0.11316    0.845640E-03   -0.460961E-03    0.400095E-03
 0.13118    0.783041E-03   -0.429552E-03    0.376359E-03
 0.14921    0.728270E-03   -0.402048E-03    0.355537E-03
 0.16723    0.679810E-03   -0.377691E-03    0.337063E-03
 0.18526    0.636545E-03   -0.355925E-03    0.320523E-03
 0.20329    0.597637E-03   -0.336330E-03    0.305601E-03
 0.22131    0.562422E-03   -0.318578E-03    0.292053E-03
 0.23934    0.530384E-03   -0.302409E-03    0.279686E-03
 0.25736    0.501103E-03   -0.287614E-03    0.268344E-03
 0.27539    0.474227E-03   -0.274022E-03    0.257898E-03
 0.29342    0.449492E-03   -0.261489E-03    0.248242E-03
 0.31144    0.426636E-03   -0.249897E-03    0.239287E-03
 0.32947    0.405461E-03   -0.239143E-03    0.230959E-03
 0.34749    0.385794E-03   -0.229140E-03    0.223191E-03
 0.36552    0.367485E-03   -0.219814E-03    0.215928E-03
 0.38355    0.350402E-03   -0.211100E-03    0.209122E-03
 0.40157    0.334433E-03   -0.202941E-03    0.202731E-03
 0.41960    0.319476E-03   -0.195288E-03    0.196717E-03
 0.43763    0.305445E-03   -0.188095E-03    0.191049E-03
 0.45565    0.292260E-03   -0.181326E-03    0.185698E-03
 0.47368    0.279853E-03   -0.174944E-03    0.180637E-03
 0.49170    0.268160E-03   -0.168919E-03    0.175844E-03
 0.50973    0.257126E-03   -0.163223E-03    0.171298E-03
 0.52776    0.246702E-03   -0.157832E-03    0.166980E-03
 0.54578    0.236842E-03   -0.152722E-03    0.162874E-03
 0.56381    0.227504E-03   -0.147874E-03    0.158966E-03
 0.58183    0.218653E-03   -0.143270E-03    0.155240E-03
 0.59986    0.210253E-03   -0.138891E-03    0.151685E-03
 0.61789    0.202275E-03   -0.134723E-03    0.148289E-03
 0.63591    0.194690E-03   -0.130753E-03    0.145043E-03
 0.65394    0.187473E-03   -0.126967E-03    0.141935E-03
 0.67196    0.180600E-03   -0.123353E-03    0.138959E-03
 0.68999    0.174049E-03   -0.119901E-03    0.136105E-03
 0.70802    0.167801E-03   -0.116601E-03    0.133367E-03
 0.72604    0.161837E-03   -0.113444E-03    0.130737E-03
 0.74407    0.156140E-03   -0.110421E-03    0.128209E-03
 0.76209    0.150695E-03   -0.107525E-03    0.125778E-03
 0.78012    0.145486E-03   -0.104748E-03    0.123438E-03
 0.79815    0.140502E-03   -0.102083E-03    0.121185E-03
 0.81617    0.135728E-03   -0.995254E-04    0.119013E-03
 0.83420    0.131154E-03   -0.970683E-04    0.116918E-03
 0.85222    0.126769E-03   -0.947065E-04    0.114896E-03
 0.87025    0.122563E-03   -0.924350E-04    0.112944E-03
 0.88828    0.118526E-03   -0.902492E-04    0.111058E-03
 0.90630    0.114649E-03   -0.881447E-04    0.109234E-03
 0.92433    0.110925E-03   -0.861174E-04    0.107471E-03
 0.94235    0.107345E-03   -0.841636E-04    0.105764E-03
 0.96038    0.103903E-03   -0.822795E-04    0.104111E-03
 0.97841    0.100592E-03   -0.804620E-04    0.102510E-03
 0.99643    0.974056E-04   -0.787078E-04    0.100958E-03
 1.01446    0.943376E-04   -0.770140E-04    0.994530E-04
 1.03248    0.913826E-04   -0.753778E-04    0.979931E-04
 1.05051    0.885355E-04   -0.737966E-04    0.965761E-04
 1.06854    0.857911E-04   -0.722680E-04    0.952003E-04
 1.08656    0.831450E-04   -0.707895E-04    0.938639E-04
 1.10459    0.805926E-04   -0.693591E-04    0.925651E-04
 1.12262    0.781299E-04   -0.679745E-04    0.913025E-04
 1.14064    0.757529E-04   -0.666340E-04    0.900745E-04
 1.15867    0.734579E-04   -0.653356E-04    0.888798E-04
 1.17669    0.712414E-04   -0.640775E-04    0.877170E-04
 1.19472    0.691001E-04   -0.628582E-04    0.865848E-04
 1.21275    0.670309E-04   -0.616760E-04    0.854821E-04
 1.23077    0.650308E-04   -0.605295E-04    0.844077E-04
 1.24880    0.630969E-04   -0.594171E-04    0.833605E-04
 1.26682    0.612266E-04   -0.583378E-04    0.823395E-04
 1.28485    0.594174E-04   -0.572900E-04    0.813437E-04
 1.30288    0.576667E-04   -0.562725E-04    0.803722E-04
 1.32090    0.559723E-04   -0.552844E-04    0.794241E-04
 1.33893    0.543320E-04   -0.543243E-04    0.784986E-04
 1.35695    0.527437E-04   -0.533913E-04    0.775948E-04
 1.37498    0.512054E-04   -0.524845E-04    0.767120E-04
 1.39301    0.497153E-04   -0.516027E-04    0.758494E-04
 1.41103    0.482716E-04   -0.507452E-04    0.750064E-04
 1.42906    0.468724E-04   -0.499111E-04    0.741822E-04
 1.44708    0.455163E-04   -0.490995E-04    0.733763E-04
 1.46511    0.442016E-04   -0.483097E-04    0.725880E-04
 1.48314    0.429268E-04   -0.475408E-04    0.718167E-04
 1.50116    0.416905E-04   -0.467922E-04    0.710619E-04
 1.51919    0.404913E-04   -0.460632E-04    0.703230E-04
 1.53721    0.393280E-04   -0.453531E-04    0.695995E-04
 1.55524    0.381993E-04   -0.446613E-04    0.688910E-04
 1.57327    0.371040E-04   -0.439872E-04    0.681969E-04
 1.59129    0.360410E-04   -0.433302E-04    0.675169E-04
 1.60932    0.350090E-04   -0.426898E-04    0.668504E-04
 1.62734    0.340074E-04   -0.420654E-04    0.661970E-04
 1.64537    0.330347E-04   -0.414565E-04    0.655565E-04
 1.66340    0.320903E-04   -0.408626E-04    0.649282E-04
 1.68142    0.311731E-04   -0.402833E-04    0.643120E-04
 1.69945    0.302823E-04   -0.397182E-04    0.637074E-04
 1.71747    0.294170E-04   -0.391667E-04    0.631142E-04
 1.73550    0.285766E-04   -0.386285E-04    0.625319E-04
 1.75353    0.277600E-04   -0.381032E-04    0.619603E-04
 1.77155    0.269668E-04   -0.375904E-04    0.613991E-04
 1.78958    0.261960E-04   -0.370898E-04    0.608479E-04
 1.80761    0.254472E-04   -0.366010E-04    0.603066E-04
 1.82563    0.247196E-04   -0.361236E-04    0.597749E-04
 1.84366    0.240126E-04   -0.356575E-04    0.592524E-04
 1.86168    0.233257E-04   -0.352022E-04    0.587391E-04
 1.87971    0.226582E-04   -0.347575E-04    0.582345E-04
 1.89774    0.220097E-04   -0.343230E-04    0.577386E-04
 1.91576    0.213796E-04   -0.338987E-04    0.572510E-04
 1.93379    0.207674E-04   -0.334841E-04    0.567717E-04
 1.95181    0.201727E-04   -0.330791E-04    0.563003E-04
 1.96984    0.195951E-04   -0.326834E-04    0.558367E-04
 1.98787    0.190340E-04   -0.322967E-04    0.553808E-04
 2.00589    0.184892E-04   -0.319190E-04    0.549323E-04
 2.02392    0.179601E-04   -0.315499E-04    0.544912E-04
 2.04194    0.174464E-04   -0.311893E-04    0.540571E-04
 2.05997    0.169477E-04   -0.308369E-04    0.536300E-04
 2.07800    0.164637E-04   -0.304926E-04    0.532097E-04
 2.09602    0.159940E-04   -0.301563E-04    0.527961E-04
 2.11405    0.155384E-04   -0.298276E-04    0.523890E-04
 2.13207    0.150963E-04   -0.295066E-04    0.519882E-04
 2.15010    0.146676E-04   -0.291929E-04    0.515937E-04
 2.16813    0.142519E-04   -0.288864E-04    0.512053E-04
 2.18615    0.138489E-04   -0.285869E-04    0.508229E-04
 2.20418    0.134582E-04   -0.282944E-04    0.504463E-04
 2.22220    0.130796E-04   -0.280085E-04    0.500754E-04
 2.24023    0.127127E-04   -0.277292E-04    0.497101E-04
 2.25826    0.123571E-04   -0.274562E-04    0.493501E-04
 2.27628    0.120126E-04   -0.271895E-04    0.489955E-04
 2.29431    0.116788E-04   -0.269287E-04    0.486459E-04
 2.31233    0.113554E-04   -0.266738E-04    0.483014E-04
 2.33036    0.110420E-04   -0.264245E-04    0.479617E-04
 2.34839    0.107382E-04   -0.261807E-04    0.476267E-04
 2.36641    0.104437E-04   -0.259421E-04    0.472961E-04
 2.38444    0.101580E-04   -0.257087E-04    0.469700E-04
 2.40246    0.988087E-05   -0.254800E-04    0.466481E-04
 2.42049    0.961184E-05   -0.252561E-04    0.463303E-04
 2.43852    0.935052E-05   -0.250366E-04    0.460163E-04
 2.45654    0.909649E-05   -0.248213E-04    0.457061E-04
 2.47457    0.884935E-05   -0.246101E-04    0.453994E-04
 2.49260    0.860868E-05   -0.244027E-04    0.450961E-04
 2.51062    0.837407E-05   -0.241989E-04    0.447961E-04
 2.52865    0.814512E-05   -0.239985E-04    0.444991E-04
 2.54667    0.792143E-05   -0.238012E-04    0.442050E-04
 2.56470    0.770258E-05   -0.236070E-04    0.439136E-04
 2.58273    0.748820E-05   -0.234155E-04    0.436248E-04
 2.60075    0.727791E-05   -0.232266E-04    0.433384E-04
 2.61878    0.707135E-05   -0.230402E-04    0.430543E-04
 2.63680    0.686821E-05   -0.228558E-04    0.427723E-04
 2.65483    0.666814E-05   -0.226737E-04    0.424923E-04
 2.67286    0.647084E-05   -0.224935E-04    0.422142E-04
 2.69088    0.627606E-05   -0.223150E-04    0.419379E-04
 2.70891    0.608352E-05   -0.221381E-04    0.416633E-04
 2.72693    0.589301E-05   -0.219627E-04    0.413902E-04
 2.74496    0.570434E-05   -0.217887E-04    0.411186E-04
 2.76299    0.551734E-05   -0.216160E-04    0.408483E-04
 2.78101    0.533188E-05   -0.214446E-04    0.405795E-04
 2.79904    0.514785E-05   -0.212744E-04    0.403119E-04
 2.81706    0.496515E-05   -0.211053E-04    0.400456E-04
 2.83509    0.478376E-05   -0.209372E-04    0.397805E-04
 2.85312    0.460362E-05   -0.207703E-04    0.395166E-04
 2.87114    0.442475E-05   -0.206045E-04    0.392539E-04
 2.88917    0.424713E-05   -0.204397E-04    0.389924E-04
 2.90719    0.407082E-05   -0.202760E-04    0.387321E-04
 2.92522    0.389587E-05   -0.201134E-04    0.384729E-04
 2.94325    0.372233E-05   -0.199519E-04    0.382150E-04
 2.96127    0.355030E-05   -0.197917E-04    0.379583E-04
 2.97930    0.337985E-05   -0.196326E-04    0.377029E-04
 2.99732    0.321108E-05   -0.194747E-04    0.374488E-04
 3.01535    0.304406E-05   -0.193182E-04    0.371959E-04
 3.03338    0.287889E-05   -0.191629E-04    0.369444E-04
 3.05140    0.271565E-05   -0.190090E-04    0.366943E-04
 3.06943    0.255444E-05   -0.188565E-04    0.364455E-04
 3.08745    0.239531E-05   -0.187054E-04    0.361981E-04
 3.10548    0.223835E-05   -0.185558E-04    0.359521E-04
 3.12351    0.208359E-05   -0.184076E-04    0.357076E-04
 3.14153    0.193108E-05   -0.182610E-04    0.354645E-04
 3.15956    0.178085E-05   -0.181158E-04    0.352228E-04
 3.17759    0.163289E-05   -0.179720E-04    0.349826E-04
 3.19561    0.148721E-05   -0.178299E-04    0.347437E-04
 3.21364    0.134377E-05   -0.176892E-04    0.345063E-04
 3.23166    0.120253E-05   -0.175499E-04    0.342703E-04
 3.24969    0.106345E-05   -0.174120E-04    0.340356E-04
 3.26772    0.926431E-06   -0.172755E-04    0.338022E-04
 3.28574    0.791417E-06   -0.171403E-04    0.335702E-04
 3.30377    0.658295E-06   -0.170064E-04    0.333393E-04
 3.32179    0.526961E-06   -0.168736E-04    0.331097E-04
 3.33982    0.397290E-06   -0.167421E-04    0.328812E-04
 3.35785    0.269149E-06   -0.166116E-04    0.326538E-04
 3.37587    0.142402E-06   -0.164821E-04    0.324274E-04
 3.39390    0.169002E-07   -0.163535E-04    0.322020E-04
 3.41192   -0.107499E-06   -0.162258E-04    0.319775E-04
 3.42995   -0.230944E-06   -0.160988E-04    0.317539E-04
 3.44798   -0.353581E-06   -0.159725E-04    0.315310E-04
 3.46600   -0.475555E-06   -0.158469E-04    0.313089E-04
 3.48403   -0.597014E-06   -0.157218E-04    0.310874E-04
 3.50205   -0.718087E-06   -0.155971E-04    0.308666E-04
 3.52008   -0.838911E-06   -0.154729E-04    0.306464E-04
 3.53811   -0.959606E-06   -0.153490E-04    0.304266E-04
 3.55613   -0.108029E-05   -0.152253E-04    0.302072E-04
 3.57416   -0.120107E-05   -0.151019E-04    0.299886E-04
 3.59218   -0.132203E-05   -0.149787E-04    0.297701E-04
 3.61021   -0.144324E-05   -0.148555E-04    0.295521E-04
 3.62824   -0.156477E-05   -0.147325E-04    0.293343E-04
 3.64626   -0.168667E-05   -0.146096E-04    0.291169E-04
 3.66429   -0.180898E-05   -0.144867E-04    0.288998E-04
 3.68231   -0.193172E-05   -0.143638E-04    0.286830E-04
 3.70034   -0.205489E-05   -0.142410E-04    0.284665E-04
 3.71837   -0.217849E-05   -0.141182E-04    0.282503E-04
 3.73639   -0.230250E-05   -0.139954E-04    0.280343E-04
 3.75442   -0.242688E-05   -0.138727E-04    0.278187E-04
 3.77244   -0.255159E-05   -0.137501E-04    0.276034E-04
 3.79047   -0.267657E-05   -0.136276E-04    0.273885E-04
 3.80850   -0.280173E-05   -0.135052E-04    0.271754E-04
 3.82652   -0.292701E-05   -0.133830E-04    0.269598E-04
 3.84455   -0.305229E-05   -0.132610E-04    0.267461E-04
 3.86258   -0.317750E-05   -0.131393E-04    0.265329E-04
 3.88060   -0.330251E-05   -0.130180E-04    0.263203E-04
 3.89863   -0.342720E-05   -0.128970E-04    0.261082E-04
 3.91665   -0.355145E-05   -0.127765E-04    0.258968E-04
 3.93468   -0.367515E-05   -0.126565E-04    0.256860E-04
 3.95271   -0.379816E-05   -0.125371E-04    0.254760E-04
 3.97073   -0.392035E-05   -0.124183E-04    0.252667E-04
 3.98876   -0.404159E-05   -0.123002E-04    0.250582E-04
 4.00678   -0.416172E-05   -0.121829E-04    0.248507E-04
 4.02481   -0.428064E-05   -0.120665E-04    0.246442E-04
 4.04284   -0.439820E-05   -0.119509E-04    0.244387E-04
 4.06086   -0.451426E-05   -0.118364E-04    0.242341E-04
 4.07889   -0.462871E-05   -0.117228E-04    0.240307E-04
 4.09691   -0.474142E-05   -0.116104E-04    0.238284E-04
 4.11494   -0.485227E-05   -0.114992E-04    0.236273E-04
 4.13297   -0.496115E-05   -0.113891E-04    0.234274E-04
 4.15099   -0.506795E-05   -0.112803E-04    0.232287E-04
 4.16902   -0.517257E-05   -0.111729E-04    0.230317E-04
 4.18704   -0.527493E-05   -0.110668E-04    0.228358E-04
 4.20507   -0.537493E-05   -0.109621E-04    0.226413E-04
 4.22310   -0.547249E-05   -0.108589E-04    0.224483E-04
 4.24112   -0.556754E-05   -0.107572E-04    0.222567E-04
 4.25915   -0.566000E-05   -0.106569E-04    0.220666E-04
 4.27717   -0.574983E-05   -0.105583E-04    0.218781E-04
 4.29520   -0.583697E-05   -0.104612E-04    0.216911E-04
 4.31323   -0.592138E-05   -0.103657E-04    0.215056E-04
 4.33125   -0.600301E-05   -0.102718E-04    0.213217E-04
 4.34928   -0.608186E-05   -0.101796E-04    0.211394E-04
 4.36730   -0.615791E-05   -0.100890E-04    0.209587E-04
 4.38533   -0.623110E-05   -0.100000E-04    0.207796E-04
 4.40336   -0.630145E-05   -0.991272E-05    0.206022E-04
 4.42138   -0.636898E-05   -0.982707E-05    0.204263E-04
 4.43941   -0.643370E-05   -0.974306E-05    0.202520E-04
 4.45743   -0.649556E-05   -0.966069E-05    0.200794E-04
 4.47546   -0.655464E-05   -0.957996E-05    0.199084E-04
 4.49349   -0.661092E-05   -0.950085E-05    0.197389E-04
 4.51151   -0.666448E-05   -0.942334E-05    0.195711E-04
 4.52954   -0.671531E-05   -0.934742E-05    0.194048E-04
 4.54757   -0.676343E-05   -0.927309E-05    0.192400E-04
 4.56559   -0.680891E-05   -0.920030E-05    0.190769E-04
 4.58362   -0.685178E-05   -0.912906E-05    0.189152E-04
 4.60164   -0.689209E-05   -0.905931E-05    0.187551E-04
 4.61967   -0.692989E-05   -0.899105E-05    0.185965E-04
 4.63770   -0.696524E-05   -0.892425E-05    0.184394E-04
 4.65572   -0.699818E-05   -0.885887E-05    0.182838E-04
 4.67375   -0.702877E-05   -0.879489E-05    0.181296E-04
 4.69177   -0.705707E-05   -0.873228E-05    0.179768E-04
 4.70980   -0.708314E-05   -0.867102E-05    0.178254E-04
 4.72783   -0.710703E-05   -0.861106E-05    0.176753E-04
 4.74585   -0.712881E-05   -0.855238E-05    0.175267E-04
 4.76388   -0.714854E-05   -0.849495E-05    0.173793E-04
 4.78190   -0.716628E-05   -0.843874E-05    0.172332E-04
 4.79993   -0.718208E-05   -0.838371E-05    0.170885E-04
 4.81796   -0.719602E-05   -0.832983E-05    0.169449E-04
 4.83598   -0.720815E-05   -0.827708E-05    0.168027E-04
 4.85401   -0.721854E-05   -0.822541E-05    0.166616E-04
 4.87203   -0.722724E-05   -0.817481E-05    0.165217E-04
 4.89006   -0.723433E-05   -0.812523E-05    0.163830E-04
 4.90809   -0.723985E-05   -0.807664E-05    0.162454E-04
 4.92611   -0.724386E-05   -0.802902E-05    0.161089E-04
 4.94414   -0.724643E-05   -0.798232E-05    0.159736E-04
 4.96216   -0.724760E-05   -0.793654E-05    0.158393E-04
 4.98019   -0.724745E-05   -0.789163E-05    0.157061E-04
 4.99822   -0.724601E-05   -0.784757E-05    0.155738E-04
 5.01624   -0.724334E-05   -0.780433E-05    0.154426E-04
 5.03427   -0.723950E-05   -0.776189E-05    0.153125E-04
 5.05229   -0.723454E-05   -0.772021E-05    0.151833E-04
 5.07032   -0.722849E-05   -0.767927E-05    0.150550E-04
 5.08835   -0.722143E-05   -0.763905E-05    0.149276E-04
 5.10637   -0.721338E-05   -0.759952E-05    0.148012E-04
 5.12440   -0.720439E-05   -0.756065E-05    0.146756E-04
 5.14242   -0.719452E-05   -0.752243E-05    0.145509E-04
 5.16045   -0.718380E-05   -0.748483E-05    0.144271E-04
 5.17848   -0.717226E-05   -0.744783E-05    0.143042E-04
 5.19650   -0.715996E-05   -0.741141E-05    0.141820E-04
 5.21453   -0.714693E-05   -0.737555E-05    0.140607E-04
 5.23256   -0.713321E-05   -0.734022E-05    0.139401E-04
 5.25058   -0.711883E-05   -0.730542E-05    0.138203E-04
 5.26861   -0.710383E-05   -0.727111E-05    0.137013E-04
 5.28663   -0.708823E-05   -0.723730E-05    0.135831E-04
 5.30466   -0.707208E-05   -0.720395E-05    0.134655E-04
 5.32269   -0.705540E-05   -0.717104E-05    0.133486E-04
 5.34071   -0.703822E-05   -0.713858E-05    0.132326E-04
 5.35874   -0.702056E-05   -0.710653E-05    0.131172E-04
 5.37676   -0.700246E-05   -0.707489E-05    0.130025E-04
 5.39479   -0.698394E-05   -0.704364E-05    0.128884E-04
 5.41282   -0.696502E-05   -0.701277E-05    0.127751E-04
 5.43084   -0.694573E-05   -0.698227E-05    0.126624E-04
 5.44887   -0.692609E-05   -0.695212E-05    0.125503E-04
 5.46689   -0.690612E-05   -0.692230E-05    0.124389E-04
 5.48492   -0.688584E-05   -0.689282E-05    0.123281E-04
 5.50295   -0.686527E-05   -0.686366E-05    0.122179E-04
 5.52097   -0.684443E-05   -0.683482E-05    0.121083E-04
 5.53900   -0.682334E-05   -0.680627E-05    0.119993E-04
 5.55702   -0.680200E-05   -0.677800E-05    0.118909E-04
 5.57505   -0.678044E-05   -0.675002E-05    0.117831E-04
 5.59308   -0.675868E-05   -0.672232E-05    0.116758E-04
 5.61110   -0.673672E-05   -0.669487E-05    0.115692E-04
 5.62913   -0.671459E-05   -0.666768E-05    0.114631E-04
 5.64715   -0.669228E-05   -0.664075E-05    0.113575E-04
 5.66518   -0.666982E-05   -0.661405E-05    0.112526E-04
 5.68321   -0.664722E-05   -0.658758E-05    0.111481E-04
 5.70123   -0.662448E-05   -0.656135E-05    0.110442E-04
 5.71926   -0.660163E-05   -0.653534E-05    0.109408E-04
 5.73728   -0.657866E-05   -0.650954E-05    0.108380E-04
 5.75531   -0.655559E-05   -0.648396E-05    0.107357E-04
 5.77334   -0.653243E-05   -0.645857E-05    0.106339E-04
 5.79136   -0.650918E-05   -0.643339E-05    0.105326E-04
 5.80939   -0.648586E-05   -0.640840E-05    0.104319E-04
 5.82741   -0.646247E-05   -0.638361E-05    0.103316E-04
 5.84544   -0.643902E-05   -0.635899E-05    0.102319E-04
 5.86347   -0.641551E-05   -0.633456E-05    0.101326E-04
 5.88149   -0.639196E-05   -0.631030E-05    0.100338E-04
 5.89952   -0.636836E-05   -0.628621E-05    0.993557E-05
 5.91755   -0.634473E-05   -0.626229E-05    0.983777E-05
 5.93557   -0.632108E-05   -0.623853E-05    0.974045E-05
 5.95360   -0.629740E-05   -0.621493E-05    0.964361E-05
 5.97162   -0.627370E-05   -0.619149E-05    0.954718E-05
 5.98965   -0.624999E-05   -0.616820E-05    0.945127E-05
 6.00768   -0.622628E-05   -0.614506E-05    0.935583E-05
 6.02570   -0.620256E-05   -0.612206E-05    0.926084E-05
 6.04373   -0.617884E-05   -0.609921E-05    0.916631E-05
 6.06175   -0.615513E-05   -0.607650E-05    0.907223E-05
 6.07978   -0.613144E-05   -0.605392E-05    0.897859E-05
 6.09781   -0.610776E-05   -0.603147E-05    0.888541E-05
 6.11583   -0.608410E-05   -0.600916E-05    0.879266E-05
 6.13386   -0.606046E-05   -0.598697E-05    0.870035E-05
 6.15188   -0.603685E-05   -0.596491E-05    0.860848E-05
 6.16991   -0.601327E-05   -0.594297E-05    0.851704E-05
 6.18794   -0.598973E-05   -0.592115E-05    0.842603E-05
 6.20596   -0.596623E-05   -0.589944E-05    0.833545E-05
 6.22399   -0.594276E-05   -0.587785E-05    0.824530E-05
 6.24201   -0.591935E-05   -0.585637E-05    0.815557E-05
 6.26004   -0.589597E-05   -0.583500E-05    0.806627E-05
 6.27807   -0.587266E-05   -0.581374E-05    0.797739E-05
 6.29609   -0.584939E-05   -0.579259E-05    0.788893E-05
 6.31412   -0.582618E-05   -0.577153E-05    0.780089E-05
 6.33214   -0.580303E-05   -0.575058E-05    0.771326E-05
 6.35017   -0.577994E-05   -0.572973E-05    0.762604E-05
 6.36820   -0.575692E-05   -0.570897E-05    0.753925E-05
 6.38622   -0.573396E-05   -0.568830E-05    0.745285E-05
 6.40425   -0.571107E-05   -0.566773E-05    0.736688E-05
 6.42227   -0.568826E-05   -0.564725E-05    0.728130E-05
 6.44030   -0.566551E-05   -0.562686E-05    0.719614E-05
 6.45833   -0.564285E-05   -0.560655E-05    0.711137E-05
 6.47635   -0.562026E-05   -0.558633E-05    0.702701E-05
 6.49438   -0.559775E-05   -0.556620E-05    0.694304E-05
 6.51240   -0.557533E-05   -0.554615E-05    0.685948E-05
 6.53043   -0.555299E-05   -0.552618E-05    0.677631E-05
 6.54846   -0.553073E-05   -0.550628E-05    0.669353E-05
 6.56648   -0.550856E-05   -0.548646E-05    0.661114E-05
 6.58451   -0.548648E-05   -0.546672E-05    0.652914E-05
 6.60254   -0.546450E-05   -0.544706E-05    0.644752E-05
 6.62056   -0.544260E-05   -0.542746E-05    0.636629E-05
 6.63859   -0.542080E-05   -0.540794E-05    0.628545E-05
 6.65661   -0.539909E-05   -0.538849E-05    0.620498E-05
 6.67464   -0.537748E-05   -0.536910E-05    0.612489E-05
 6.69267   -0.535597E-05   -0.534979E-05    0.604518E-05
 6.71069   -0.533456E-05   -0.533054E-05    0.596584E-05
 6.72872   -0.531324E-05   -0.531135E-05    0.588688E-05
 6.74674   -0.529203E-05   -0.529223E-05    0.580829E-05
 6.76477   -0.527092E-05   -0.527317E-05    0.573006E-05
 6.78280   -0.524991E-05   -0.525418E-05    0.565221E-05
 6.80082   -0.522900E-05   -0.523525E-05    0.557472E-05
 6.81885   -0.520820E-05   -0.521637E-05    0.549760E-05
 6.83687   -0.518750E-05   -0.519755E-05    0.542085E-05
 6.85490   -0.516692E-05   -0.517880E-05    0.534446E-05
 6.87293   -0.514643E-05   -0.516010E-05    0.526844E-05
 6.89095   -0.512605E-05   -0.514146E-05    0.519277E-05
 6.90898   -0.510577E-05   -0.512287E-05    0.511747E-05
 6.92700   -0.508561E-05   -0.510433E-05    0.504252E-05
 6.94503   -0.506555E-05   -0.508586E-05    0.496793E-05
 6.96306   -0.504560E-05   -0.506743E-05    0.489371E-05
 6.98108   -0.502575E-05   -0.504906E-05    0.481981E-05
 6.99911   -0.500602E-05   -0.503074E-05    0.474630E-05
 7.01713   -0.498639E-05   -0.501247E-05    0.467314E-05
 7.03516   -0.496686E-05   -0.499426E-05    0.460032E-05
 7.05319   -0.494745E-05   -0.497610E-05    0.452786E-05
 7.07121   -0.492814E-05   -0.495798E-05    0.445582E-05
 7.08924   -0.490893E-05   -0.493992E-05    0.438405E-05
 7.10726   -0.488983E-05   -0.492191E-05    0.431264E-05
 7.12529   -0.487084E-05   -0.490395E-05    0.424159E-05
 7.14332   -0.485195E-05   -0.488604E-05    0.417083E-05
 7.16134   -0.483315E-05   -0.486818E-05    0.410046E-05
 7.17937   -0.481447E-05   -0.485037E-05    0.403042E-05
 7.19739   -0.479589E-05   -0.483261E-05    0.396068E-05
 7.21542   -0.477741E-05   -0.481490E-05    0.389133E-05
 7.23345   -0.475903E-05   -0.479723E-05    0.382232E-05
 7.25147   -0.474075E-05   -0.477962E-05    0.375366E-05
 7.26950   -0.472256E-05   -0.476206E-05    0.368535E-05
 7.28753   -0.470448E-05   -0.474454E-05    0.361741E-05
 7.30555   -0.468649E-05   -0.472707E-05    0.354977E-05
 7.32358   -0.466860E-05   -0.470966E-05    0.348253E-05
 7.34160   -0.465081E-05   -0.469229E-05    0.341561E-05
 7.35963   -0.463310E-05   -0.467498E-05    0.334898E-05
 7.37766   -0.461549E-05   -0.465771E-05    0.328267E-05
 7.39568   -0.459797E-05   -0.464049E-05    0.321670E-05
 7.41371   -0.458054E-05   -0.462332E-05    0.315109E-05
 7.43173   -0.456320E-05   -0.460621E-05    0.308575E-05
 7.44976   -0.454594E-05   -0.458914E-05    0.302079E-05
 7.46779   -0.452877E-05   -0.457212E-05    0.295617E-05
 7.48581   -0.451170E-05   -0.455558E-05    0.289187E-05
 7.50384   -0.449470E-05   -0.453866E-05    0.282791E-05
 7.52186   -0.447779E-05   -0.452180E-05    0.276428E-05
 7.53989   -0.446096E-05   -0.450498E-05    0.270098E-05
 7.55792   -0.444421E-05   -0.448780E-05    0.263801E-05
 7.57594   -0.442754E-05   -0.447108E-05    0.257537E-05
 7.59397   -0.441096E-05   -0.445442E-05    0.251304E-05
 7.61199   -0.439445E-05   -0.443781E-05    0.245106E-05
 7.63002   -0.437802E-05   -0.442125E-05    0.238940E-05
 7.64805   -0.436166E-05   -0.440474E-05    0.232806E-05
 7.66607   -0.434538E-05   -0.438828E-05    0.226705E-05
 7.68410   -0.432918E-05   -0.437187E-05    0.220637E-05
 7.70212   -0.431305E-05   -0.435552E-05    0.214600E-05
 7.72015   -0.429700E-05   -0.433922E-05    0.208597E-05
 7.73818   -0.428101E-05   -0.432296E-05    0.202624E-05
 7.75620   -0.426509E-05   -0.430676E-05    0.196684E-05
 7.77423   -0.424925E-05   -0.429061E-05    0.190777E-05
 7.79225   -0.423348E-05   -0.427451E-05    0.184901E-05
 7.81028   -0.421778E-05   -0.425846E-05    0.179057E-05
 7.82831   -0.420215E-05   -0.424247E-05    0.173245E-05
 7.84633   -0.418659E-05   -0.422652E-05    0.167465E-05
 7.86436   -0.417110E-05   -0.421063E-05    0.161716E-05
 7.88238   -0.415568E-05   -0.419478E-05    0.155999E-05
 7.90041   -0.414032E-05   -0.417899E-05    0.150313E-05
 7.91844   -0.412503E-05   -0.416325E-05    0.144658E-05
 7.93646   -0.410981E-05   -0.414755E-05    0.139035E-05
 7.95449   -0.409465E-05   -0.413191E-05    0.133443E-05
 7.97252   -0.407956E-05   -0.411632E-05    0.127882E-05
 7.99054   -0.406454E-05   -0.410078E-05    0.122352E-05
 8.00857   -0.404958E-05   -0.408529E-05    0.116853E-05
 8.02659   -0.403468E-05   -0.406984E-05    0.111385E-05
 8.04462   -0.401986E-05   -0.405445E-05    0.105948E-05
 8.06265   -0.400509E-05   -0.403911E-05    0.100540E-05
 8.08067   -0.399039E-05   -0.402381E-05    0.951642E-06
 8.09870   -0.397576E-05   -0.400856E-05    0.898183E-06
 8.11672   -0.396119E-05   -0.399336E-05    0.845026E-06
 8.13475   -0.394668E-05   -0.397821E-05    0.792172E-06
 8.15278   -0.393224E-05   -0.396311E-05    0.739614E-06
 8.17080   -0.391786E-05   -0.394805E-05    0.687365E-06
 8.18883   -0.390355E-05   -0.393304E-05    0.635410E-06
 8.20685   -0.388929E-05   -0.391808E-05    0.583755E-06
 8.22488   -0.387510E-05   -0.390316E-05    0.532399E-06
 8.24291   -0.386097E-05   -0.388830E-05    0.481335E-06
 8.26093   -0.384691E-05   -0.387348E-05    0.430566E-06
 8.27896   -0.383291E-05   -0.385870E-05    0.380093E-06
 8.29698   -0.381897E-05   -0.384397E-05    0.329915E-06
 8.31501   -0.380509E-05   -0.382929E-05    0.280030E-06
 8.33304   -0.379128E-05   -0.381465E-05    0.230435E-06
 8.35106   -0.377752E-05   -0.380006E-05    0.181131E-06
 8.36909   -0.376383E-05   -0.378551E-05    0.132119E-06
 8.38711   -0.375021E-05   -0.377101E-05    0.833942E-07
 8.40514   -0.373664E-05   -0.375655E-05    0.349558E-07
 8.42317   -0.372313E-05   -0.374213E-05   -0.131986E-07
 8.44119   -0.370969E-05   -0.372776E-05   -0.610680E-07
 8.45922   -0.369631E-05   -0.371344E-05   -0.108651E-06
 8.47724   -0.368299E-05   -0.369915E-05   -0.155951E-06
 8.49527   -0.366971E-05   -0.368492E-05   -0.202968E-06
 8.51330   -0.365651E-05   -0.367072E-05   -0.249703E-06
 8.53132   -0.364338E-05   -0.365657E-05   -0.296158E-06
 8.54935   -0.363030E-05   -0.364246E-05   -0.342333E-06
 8.56737   -0.361729E-05   -0.362839E-05   -0.388229E-06
 8.58540   -0.360433E-05   -0.361436E-05   -0.433847E-06
 8.60343   -0.359143E-05   -0.360038E-05   -0.479190E-06
 8.62145   -0.357860E-05   -0.358644E-05   -0.524254E-06
 8.63948   -0.356583E-05   -0.357253E-05   -0.569046E-06
 8.65751   -0.355311E-05   -0.355868E-05   -0.613565E-06
 8.67553   -0.354045E-05   -0.354486E-05   -0.657816E-06
 8.69356   -0.352786E-05   -0.353109E-05   -0.701788E-06
 8.71158   -0.351532E-05   -0.351735E-05   -0.745493E-06
 8.72961   -0.350285E-05   -0.350366E-05   -0.788929E-06
 8.74764   -0.349045E-05   -0.349001E-05   -0.832086E-06
 8.76566   -0.347809E-05   -0.347639E-05   -0.874978E-06
 8.78369   -0.346578E-05   -0.346282E-05   -0.917607E-06
 8.80171   -0.345354E-05   -0.344929E-05   -0.959965E-06
 8.81974   -0.344135E-05   -0.343580E-05   -0.100206E-05
 8.83777   -0.342922E-05   -0.342235E-05   -0.104389E-05
 8.85579   -0.341715E-05   -0.340894E-05   -0.108546E-05
 8.87382   -0.340514E-05   -0.339557E-05   -0.112677E-05
 8.89184   -0.339318E-05   -0.338224E-05   -0.116781E-05
 8.90987   -0.338128E-05   -0.336894E-05   -0.120860E-05
 8.92790   -0.336944E-05   -0.335569E-05   -0.124913E-05
 8.94592   -0.335765E-05   -0.334248E-05   -0.128939E-05
 8.96395   -0.334592E-05   -0.332930E-05   -0.132940E-05
 8.98197   -0.333424E-05   -0.331617E-05   -0.136915E-05
 9.00000   -0.332262E-05   -0.330307E-05   -0.140865E-05
