 0.00500    0.364615E-02   -0.190261E-02    0.152797E-02
 0.02303    0.296267E-02   -0.156085E-02    0.127154E-02
 0.04105    0.256596E-02   -0.136237E-02    0.112250E-02
 0.05908    0.227870E-02   -0.121858E-02    0.101441E-02
 0.07710    0.205341E-02   -0.110575E-02    0.929471E-03
 0.09513    0.186887E-02   -0.101326E-02    0.859751E-03
 0.11316    0.171341E-02   -0.935287E-03    0.800877E-03
 0.13118    0.157985E-02   -0.868243E-03    0.750169E-03
 0.14921    0.146342E-02   -0.809747E-03    0.705844E-03
 0.16723    0.136077E-02   -0.758125E-03    0.666650E-03
 0.18526    0.126943E-02   -0.712146E-03    0.631670E-03
 0.20329    0.118755E-02   -0.670884E-03    0.600211E-03
 0.22131    0.111368E-02   -0.633619E-03    0.571736E-03
 0.23934    0.104668E-02   -0.599781E-03    0.545820E-03
 0.25736    0.985636E-03   -0.568911E-03    0.522119E-03
 0.27539    0.929783E-03   -0.540632E-03    0.500353E-03
 0.29342    0.878496E-03   -0.514631E-03    0.480289E-03
 0.31144    0.831250E-03   -0.490647E-03    0.461731E-03
 0.32947    0.787602E-03   -0.468460E-03    0.444515E-03
 0.34749    0.747171E-03   -0.447877E-03    0.428498E-03
 0.36552    0.709630E-03   -0.428737E-03    0.413561E-03
 0.38355    0.674696E-03   -0.410899E-03    0.399597E-03
 0.40157    0.642120E-03   -0.394239E-03    0.386514E-03
 0.41960    0.611687E-03   -0.378649E-03    0.374233E-03
 0.43763    0.583205E-03   -0.364034E-03    0.362681E-03
 0.45565    0.556506E-03   -0.350311E-03    0.351797E-03
 0.47368    0.531440E-03   -0.337404E-03    0.341525E-03
 0.49170    0.507873E-03   -0.325247E-03    0.331814E-03
 0.50973    0.485686E-03   -0.313780E-03    0.322621E-03
 0.52776    0.464770E-03   -0.302949E-03    0.313905E-03
 0.54578    0.445028E-03   -0.292707E-03    0.305630E-03
 0.56381    0.426374E-03   -0.283009E-03    0.297763E-03
 0.58183    0.408728E-03   -0.273816E-03    0.290276E-03
 0.59986    0.392018E-03   -0.265092E-03    0.283141E-03
 0.61789    0.376179E-03   -0.256805E-03    0.276335E-03
 0.63591    0.361151E-03   -0.248925E-03    0.269833E-03
 0.65394    0.346880E-03   -0.241425E-03    0.263618E-03
 0.67196    0.333316E-03   -0.234279E-03    0.257669E-03
 0.68999    0.320413E-03   -0.227466E-03    0.251970E-03
 0.70802    0.308130E-03   -0.220964E-03    0.246505E-03
 0.72604    0.296428E-03   -0.214755E-03    0.241260E-03
 0.74407    0.285267E-03   -0.208819E-03    0.236222E-03
 0.76209    0.274623E-03   -0.203141E-03    0.231378E-03
 0.78012    0.264460E-03   -0.197706E-03    0.226717E-03
 0.79815    0.254751E-03   -0.192500E-03    0.222228E-03
 0.81617    0.245471E-03   -0.187509E-03    0.217902E-03
 0.83420    0.236594E-03   -0.182722E-03    0.213729E-03
 0.85222    0.228099E-03   -0.178127E-03    0.209702E-03
 0.87025    0.219965E-03   -0.173715E-03    0.205813E-03
 0.88828    0.212172E-03   -0.169474E-03    0.202053E-03
 0.90630    0.204704E-03   -0.165397E-03    0.198417E-03
 0.92433    0.197540E-03   -0.161475E-03    0.194898E-03
 0.94235    0.190667E-03   -0.157700E-03    0.191491E-03
 0.96038    0.184069E-03   -0.154064E-03    0.188189E-03
 0.97841    0.177733E-03   -0.150561E-03    0.184988E-03
 0.99643    0.171646E-03   -0.147184E-03    0.181882E-03
 1.01446    0.165796E-03   -0.143927E-03    0.178867E-03
 1.03248    0.160171E-03   -0.140785E-03    0.175940E-03
 1.05051    0.154760E-03   -0.137751E-03    0.173095E-03
 1.06854    0.149555E-03   -0.134821E-03    0.170329E-03
 1.08656    0.144544E-03   -0.131990E-03    0.167638E-03
 1.10459    0.139719E-03   -0.129254E-03    0.165020E-03
 1.12262    0.135071E-03   -0.126608E-03    0.162471E-03
 1.14064    0.130594E-03   -0.124049E-03    0.159987E-03
 1.15867    0.126278E-03   -0.121572E-03    0.157567E-03
 1.17669    0.122117E-03   -0.119174E-03    0.155208E-03
 1.19472    0.118105E-03   -0.116852E-03    0.152906E-03
 1.21275    0.114234E-03   -0.114602E-03    0.150660E-03
 1.23077    0.110499E-03   -0.112422E-03    0.148468E-03
 1.24880    0.106894E-03   -0.110308E-03    0.146326E-03
 1.26682    0.103414E-03   -0.108258E-03    0.144234E-03
 1.28485    0.100053E-03   -0.106270E-03    0.142190E-03
 1.30288    0.968076E-04   -0.104340E-03    0.140190E-03
 1.32090    0.936717E-04   -0.102466E-03    0.138235E-03
 1.33893    0.906414E-04   -0.100647E-03    0.136321E-03
 1.35695    0.877126E-04   -0.988803E-04    0.134449E-03
 1.37498    0.848812E-04   -0.971634E-04    0.132615E-03
 1.39301    0.821434E-04   -0.954948E-04    0.130819E-03
 1.41103    0.794957E-04   -0.938725E-04    0.129060E-03
 1.42906    0.769346E-04   -0.922948E-04    0.127335E-03
 1.44708    0.744567E-04   -0.907604E-04    0.125644E-03
 1.46511    0.720591E-04   -0.892673E-04    0.123986E-03
 1.48314    0.697386E-04   -0.878142E-04    0.122360E-03
 1.50116    0.674926E-04   -0.863996E-04    0.120764E-03
 1.51919    0.653182E-04   -0.850222E-04    0.119197E-03
 1.53721    0.632128E-04   -0.836806E-04    0.117659E-03
 1.55524    0.611742E-04   -0.823736E-04    0.116149E-03
 1.57327    0.591998E-04   -0.810999E-04    0.114666E-03
 1.59129    0.572874E-04   -0.798587E-04    0.113208E-03
 1.60932    0.554348E-04   -0.786485E-04    0.111776E-03
 1.62734    0.536401E-04   -0.774687E-04    0.110368E-03
 1.64537    0.519012E-04   -0.763179E-04    0.108984E-03
 1.66340    0.502164E-04   -0.751954E-04    0.107621E-03
 1.68142    0.485837E-04   -0.741002E-04    0.106282E-03
 1.69945    0.470016E-04   -0.730316E-04    0.104965E-03
 1.71747    0.454684E-04   -0.719885E-04    0.103669E-03
 1.73550    0.439825E-04   -0.709704E-04    0.102393E-03
 1.75353    0.425426E-04   -0.699765E-04    0.101138E-03
 1.77155    0.411471E-04   -0.690060E-04    0.999018E-04
 1.78958    0.397948E-04   -0.680582E-04    0.986848E-04
 1.80761    0.384844E-04   -0.671325E-04    0.974863E-04
 1.82563    0.372146E-04   -0.662283E-04    0.963058E-04
 1.84366    0.359843E-04   -0.653452E-04    0.951431E-04
 1.86168    0.347924E-04   -0.644822E-04    0.939975E-04
 1.87971    0.336378E-04   -0.636391E-04    0.928688E-04
 1.89774    0.325196E-04   -0.628155E-04    0.917566E-04
 1.91576    0.314369E-04   -0.620105E-04    0.906605E-04
 1.93379    0.303885E-04   -0.612239E-04    0.895802E-04
 1.95181    0.293738E-04   -0.604552E-04    0.885154E-04
 1.96984    0.283919E-04   -0.597040E-04    0.874657E-04
 1.98787    0.274419E-04   -0.589699E-04    0.864310E-04
 2.00589    0.265231E-04   -0.582525E-04    0.854108E-04
 2.02392    0.256347E-04   -0.575513E-04    0.844048E-04
 2.04194    0.247761E-04   -0.568662E-04    0.834130E-04
 2.05997    0.239465E-04   -0.561967E-04    0.824348E-04
 2.07800    0.231452E-04   -0.555424E-04    0.814701E-04
 2.09602    0.223716E-04   -0.549030E-04    0.805188E-04
 2.11405    0.216250E-04   -0.542782E-04    0.795804E-04
 2.13207    0.209049E-04   -0.536676E-04    0.786550E-04
 2.15010    0.202104E-04   -0.530710E-04    0.777433E-04
 2.16813    0.195410E-04   -0.524879E-04    0.768426E-04
 2.18615    0.188960E-04   -0.519180E-04    0.759540E-04
 2.20418    0.182748E-04   -0.513611E-04    0.750773E-04
 2.22220    0.176767E-04   -0.508168E-04    0.742122E-04
 2.24023    0.171010E-04   -0.502847E-04    0.733583E-04
 2.25826    0.165471E-04   -0.497646E-04    0.725156E-04
 2.27628    0.160142E-04   -0.492559E-04    0.716836E-04
 2.29431    0.155016E-04   -0.487585E-04    0.708621E-04
 2.31233    0.150087E-04   -0.482719E-04    0.700509E-04
 2.33036    0.145346E-04   -0.477957E-04    0.692498E-04
 2.34839    0.140787E-04   -0.473296E-04    0.684583E-04
 2.36641    0.136401E-04   -0.468732E-04    0.676763E-04
 2.38444    0.132181E-04   -0.464261E-04    0.669033E-04
 2.40246    0.128120E-04   -0.459878E-04    0.661393E-04
 2.42049    0.124208E-04   -0.455581E-04    0.653837E-04
 2.43852    0.120438E-04   -0.451364E-04    0.646364E-04
 2.45654    0.116802E-04   -0.447225E-04    0.638970E-04
 2.47457    0.113292E-04   -0.443158E-04    0.631652E-04
 2.49260    0.109900E-04   -0.439160E-04    0.624407E-04
 2.51062    0.106617E-04   -0.435226E-04    0.617231E-04
 2.52865    0.103435E-04   -0.431352E-04    0.610123E-04
 2.54667    0.100346E-04   -0.427535E-04    0.603079E-04
 2.56470    0.973411E-05   -0.423769E-04    0.596094E-04
 2.58273    0.944128E-05   -0.420051E-04    0.589168E-04
 2.60075    0.915525E-05   -0.416377E-04    0.582295E-04
 2.61878    0.887524E-05   -0.412742E-04    0.575474E-04
 2.63680    0.860045E-05   -0.409143E-04    0.568701E-04
 2.65483    0.833007E-05   -0.405576E-04    0.561974E-04
 2.67286    0.806329E-05   -0.402036E-04    0.555289E-04
 2.69088    0.779935E-05   -0.398520E-04    0.548643E-04
 2.70891    0.753748E-05   -0.395024E-04    0.542033E-04
 2.72693    0.727696E-05   -0.391544E-04    0.535458E-04
 2.74496    0.701704E-05   -0.388076E-04    0.528914E-04
 2.76299    0.675705E-05   -0.384618E-04    0.522398E-04
 2.78101    0.649626E-05   -0.381165E-04    0.515908E-04
 2.79904    0.623398E-05   -0.377714E-04    0.509441E-04
 2.81706    0.596962E-05   -0.374262E-04    0.502996E-04
 2.83509    0.570251E-05   -0.370806E-04    0.496569E-04
 2.85312    0.543211E-05   -0.367343E-04    0.490159E-04
 2.87114    0.515787E-05   -0.363870E-04    0.483764E-04
 2.88917    0.487927E-05   -0.360386E-04    0.477381E-04
 2.90719    0.459585E-05   -0.356886E-04    0.471010E-04
 2.92522    0.430719E-05   -0.353370E-04    0.464649E-04
 2.94325    0.401289E-05   -0.349835E-04    0.458296E-04
 2.96127    0.371267E-05   -0.346281E-04    0.451950E-04
 2.97930    0.340621E-05   -0.342704E-04    0.445611E-04
 2.99732    0.309326E-05   -0.339105E-04    0.439277E-04
 3.01535    0.277379E-05   -0.335483E-04    0.432949E-04
 3.03338    0.244758E-05   -0.331836E-04    0.426626E-04
 3.05140    0.211463E-05   -0.328166E-04    0.420307E-04
 3.06943    0.177497E-05   -0.324473E-04    0.413993E-04
 3.08745    0.142871E-05   -0.320756E-04    0.407685E-04
 3.10548    0.107596E-05   -0.317016E-04    0.401384E-04
 3.12351    0.716932E-06   -0.313255E-04    0.395089E-04
 3.14153    0.351869E-06   -0.309474E-04    0.388803E-04
 3.15956   -0.189045E-07   -0.305674E-04    0.382527E-04
 3.17759   -0.395009E-06   -0.301858E-04    0.376261E-04
 3.19561   -0.776001E-06   -0.298027E-04    0.370008E-04
 3.21364   -0.116139E-05   -0.294184E-04    0.363770E-04
 3.23166   -0.155065E-05   -0.290332E-04    0.357549E-04
 3.24969   -0.194324E-05   -0.286474E-04    0.351347E-04
 3.26772   -0.233854E-05   -0.282612E-04    0.345166E-04
 3.28574   -0.273598E-05   -0.278749E-04    0.339009E-04
 3.30377   -0.313488E-05   -0.274890E-04    0.332879E-04
 3.32179   -0.353458E-05   -0.271037E-04    0.326777E-04
 3.33982   -0.393439E-05   -0.267193E-04    0.320707E-04
 3.35785   -0.433360E-05   -0.263363E-04    0.314671E-04
 3.37587   -0.473152E-05   -0.259551E-04    0.308672E-04
 3.39390   -0.512746E-05   -0.255758E-04    0.302713E-04
 3.41192   -0.552074E-05   -0.251988E-04    0.296795E-04
 3.42995   -0.591065E-05   -0.248246E-04    0.290923E-04
 3.44798   -0.629658E-05   -0.244534E-04    0.285097E-04
 3.46600   -0.667788E-05   -0.240855E-04    0.279322E-04
 3.48403   -0.705392E-05   -0.237213E-04    0.273598E-04
 3.50205   -0.742415E-05   -0.233611E-04    0.267929E-04
 3.52008   -0.778801E-05   -0.230051E-04    0.262315E-04
 3.53811   -0.814497E-05   -0.226535E-04    0.256760E-04
 3.55613   -0.849455E-05   -0.223067E-04    0.251265E-04
 3.57416   -0.883633E-05   -0.219648E-04    0.245831E-04
 3.59218   -0.916986E-05   -0.216280E-04    0.240460E-04
 3.61021   -0.949479E-05   -0.212966E-04    0.235154E-04
 3.62824   -0.981078E-05   -0.209707E-04    0.229914E-04
 3.64626   -0.101176E-04   -0.206504E-04    0.224739E-04
 3.66429   -0.104149E-04   -0.203359E-04    0.219633E-04
 3.68231   -0.107025E-04   -0.200273E-04    0.214595E-04
 3.70034   -0.109804E-04   -0.197245E-04    0.209625E-04
 3.71837   -0.112483E-04   -0.194278E-04    0.204724E-04
 3.73639   -0.115061E-04   -0.191370E-04    0.199893E-04
 3.75442   -0.117538E-04   -0.188523E-04    0.195131E-04
 3.77244   -0.119914E-04   -0.185737E-04    0.190439E-04
 3.79047   -0.122188E-04   -0.183013E-04    0.185815E-04
 3.80850   -0.124361E-04   -0.180349E-04    0.181263E-04
 3.82652   -0.126433E-04   -0.177745E-04    0.176777E-04
 3.84455   -0.128406E-04   -0.175200E-04    0.172361E-04
 3.86258   -0.130280E-04   -0.172715E-04    0.168013E-04
 3.88060   -0.132057E-04   -0.170289E-04    0.163732E-04
 3.89863   -0.133736E-04   -0.167920E-04    0.159518E-04
 3.91665   -0.135323E-04   -0.165609E-04    0.155370E-04
 3.93468   -0.136817E-04   -0.163352E-04    0.151286E-04
 3.95271   -0.138221E-04   -0.161151E-04    0.147267E-04
 3.97073   -0.139537E-04   -0.159004E-04    0.143312E-04
 3.98876   -0.140766E-04   -0.156909E-04    0.139418E-04
 4.00678   -0.141911E-04   -0.154867E-04    0.135586E-04
 4.02481   -0.142975E-04   -0.152874E-04    0.131815E-04
 4.04284   -0.143959E-04   -0.150931E-04    0.128103E-04
 4.06086   -0.144867E-04   -0.149035E-04    0.124448E-04
 4.07889   -0.145700E-04   -0.147186E-04    0.120851E-04
 4.09691   -0.146460E-04   -0.145382E-04    0.117310E-04
 4.11494   -0.147152E-04   -0.143623E-04    0.113824E-04
 4.13297   -0.147776E-04   -0.141905E-04    0.110393E-04
 4.15099   -0.148335E-04   -0.140230E-04    0.107014E-04
 4.16902   -0.148833E-04   -0.138595E-04    0.103687E-04
 4.18704   -0.149271E-04   -0.136998E-04    0.100411E-04
 4.20507   -0.149651E-04   -0.135440E-04    0.971839E-05
 4.22310   -0.149976E-04   -0.133918E-04    0.940060E-05
 4.24112   -0.150247E-04   -0.132431E-04    0.908756E-05
 4.25915   -0.150468E-04   -0.130979E-04    0.877918E-05
 4.27717   -0.150641E-04   -0.129560E-04    0.847538E-05
 4.29520   -0.150767E-04   -0.128172E-04    0.817603E-05
 4.31323   -0.150849E-04   -0.126815E-04    0.788105E-05
 4.33125   -0.150888E-04   -0.125488E-04    0.759034E-05
 4.34928   -0.150887E-04   -0.124190E-04    0.730382E-05
 4.36730   -0.150848E-04   -0.122920E-04    0.702141E-05
 4.38533   -0.150773E-04   -0.121676E-04    0.674298E-05
 4.40336   -0.150662E-04   -0.120458E-04    0.646847E-05
 4.42138   -0.150519E-04   -0.119265E-04    0.619782E-05
 4.43941   -0.150344E-04   -0.118096E-04    0.593094E-05
 4.45743   -0.150140E-04   -0.116950E-04    0.566773E-05
 4.47546   -0.149907E-04   -0.115826E-04    0.540815E-05
 4.49349   -0.149647E-04   -0.114723E-04    0.515210E-05
 4.51151   -0.149362E-04   -0.113642E-04    0.489951E-05
 4.52954   -0.149053E-04   -0.112581E-04    0.465031E-05
 4.54757   -0.148722E-04   -0.111538E-04    0.440447E-05
 4.56559   -0.148369E-04   -0.110515E-04    0.416189E-05
 4.58362   -0.147996E-04   -0.109509E-04    0.392253E-05
 4.60164   -0.147604E-04   -0.108521E-04    0.368631E-05
 4.61967   -0.147194E-04   -0.107550E-04    0.345318E-05
 4.63770   -0.146767E-04   -0.106594E-04    0.322309E-05
 4.65572   -0.146324E-04   -0.105654E-04    0.299597E-05
 4.67375   -0.145867E-04   -0.104729E-04    0.277177E-05
 4.69177   -0.145395E-04   -0.103819E-04    0.255045E-05
 4.70980   -0.144910E-04   -0.102923E-04    0.233196E-05
 4.72783   -0.144413E-04   -0.102041E-04    0.211624E-05
 4.74585   -0.143905E-04   -0.101171E-04    0.190324E-05
 4.76388   -0.143386E-04   -0.100314E-04    0.169292E-05
 4.78190   -0.142857E-04   -0.994699E-05    0.148523E-05
 4.79993   -0.142319E-04   -0.986373E-05    0.128015E-05
 4.81796   -0.141772E-04   -0.978160E-05    0.107761E-05
 4.83598   -0.141217E-04   -0.970063E-05    0.877590E-06
 4.85401   -0.140655E-04   -0.962071E-05    0.680045E-06
 4.87203   -0.140087E-04   -0.954184E-05    0.484935E-06
 4.89006   -0.139511E-04   -0.946401E-05    0.292240E-06
 4.90809   -0.138930E-04   -0.938712E-05    0.101910E-06
 4.92611   -0.138344E-04   -0.931118E-05   -0.861023E-07
 4.94414   -0.137753E-04   -0.923619E-05   -0.271811E-06
 4.96216   -0.137158E-04   -0.916209E-05   -0.455254E-06
 4.98019   -0.136559E-04   -0.908885E-05   -0.636438E-06
 4.99822   -0.135956E-04   -0.901648E-05   -0.815409E-06
 5.01624   -0.135350E-04   -0.894494E-05   -0.992201E-06
 5.03427   -0.134742E-04   -0.887420E-05   -0.116684E-05
 5.05229   -0.134131E-04   -0.880424E-05   -0.133935E-05
 5.07032   -0.133518E-04   -0.873505E-05   -0.150977E-05
 5.08835   -0.132902E-04   -0.866661E-05   -0.167813E-05
 5.10637   -0.132286E-04   -0.859887E-05   -0.184444E-05
 5.12440   -0.131668E-04   -0.853185E-05   -0.200875E-05
 5.14242   -0.131049E-04   -0.846551E-05   -0.217109E-05
 5.16045   -0.130429E-04   -0.839985E-05   -0.233146E-05
 5.17848   -0.129808E-04   -0.833484E-05   -0.248989E-05
 5.19650   -0.129188E-04   -0.827048E-05   -0.264642E-05
 5.21453   -0.128567E-04   -0.820674E-05   -0.280107E-05
 5.23256   -0.127946E-04   -0.814361E-05   -0.295386E-05
 5.25058   -0.127326E-04   -0.808108E-05   -0.310481E-05
 5.26861   -0.126705E-04   -0.801914E-05   -0.325395E-05
 5.28663   -0.126086E-04   -0.795777E-05   -0.340129E-05
 5.30466   -0.125467E-04   -0.789698E-05   -0.354687E-05
 5.32269   -0.124849E-04   -0.783673E-05   -0.369069E-05
 5.34071   -0.124231E-04   -0.777702E-05   -0.383277E-05
 5.35874   -0.123615E-04   -0.771785E-05   -0.397315E-05
 5.37676   -0.123001E-04   -0.765919E-05   -0.411183E-05
 5.39479   -0.122387E-04   -0.760105E-05   -0.424884E-05
 5.41282   -0.121775E-04   -0.754342E-05   -0.438418E-05
 5.43084   -0.121165E-04   -0.748627E-05   -0.451787E-05
 5.44887   -0.120556E-04   -0.742961E-05   -0.464995E-05
 5.46689   -0.119949E-04   -0.737342E-05   -0.478038E-05
 5.48492   -0.119343E-04   -0.731771E-05   -0.490923E-05
 5.50295   -0.118740E-04   -0.726245E-05   -0.503649E-05
 5.52097   -0.118139E-04   -0.720764E-05   -0.516216E-05
 5.53900   -0.117539E-04   -0.715328E-05   -0.528627E-05
 5.55702   -0.116942E-04   -0.709936E-05   -0.540884E-05
 5.57505   -0.116347E-04   -0.704586E-05   -0.552987E-05
 5.59308   -0.115754E-04   -0.699279E-05   -0.564938E-05
 5.61110   -0.115164E-04   -0.694014E-05   -0.576738E-05
 5.62913   -0.114576E-04   -0.688790E-05   -0.588389E-05
 5.64715   -0.113991E-04   -0.683606E-05   -0.599893E-05
 5.66518   -0.113408E-04   -0.678462E-05   -0.611249E-05
 5.68321   -0.112827E-04   -0.673356E-05   -0.622462E-05
 5.70123   -0.112250E-04   -0.668290E-05   -0.633530E-05
 5.71926   -0.111674E-04   -0.663261E-05   -0.644455E-05
 5.73728   -0.111102E-04   -0.658269E-05   -0.655241E-05
 5.75531   -0.110532E-04   -0.653314E-05   -0.665889E-05
 5.77334   -0.109966E-04   -0.648397E-05   -0.676397E-05
 5.79136   -0.109402E-04   -0.643514E-05   -0.686768E-05
 5.80939   -0.108840E-04   -0.638667E-05   -0.697005E-05
 5.82741   -0.108282E-04   -0.633854E-05   -0.707110E-05
 5.84544   -0.107727E-04   -0.629076E-05   -0.717077E-05
 5.86347   -0.107174E-04   -0.624331E-05   -0.726919E-05
 5.88149   -0.106625E-04   -0.619620E-05   -0.736631E-05
 5.89952   -0.106079E-04   -0.614942E-05   -0.746214E-05
 5.91755   -0.105535E-04   -0.610297E-05   -0.755671E-05
 5.93557   -0.104995E-04   -0.605683E-05   -0.765001E-05
 5.95360   -0.104458E-04   -0.601101E-05   -0.774207E-05
 5.97162   -0.103924E-04   -0.596551E-05   -0.783289E-05
 5.98965   -0.103393E-04   -0.592032E-05   -0.792248E-05
 6.00768   -0.102865E-04   -0.587543E-05   -0.801086E-05
 6.02570   -0.102340E-04   -0.583084E-05   -0.809805E-05
 6.04373   -0.101818E-04   -0.578656E-05   -0.818404E-05
 6.06175   -0.101299E-04   -0.574257E-05   -0.826885E-05
 6.07978   -0.100784E-04   -0.569888E-05   -0.835250E-05
 6.09781   -0.100271E-04   -0.565548E-05   -0.843502E-05
 6.11583   -0.997616E-05   -0.561237E-05   -0.851636E-05
 6.13386   -0.992551E-05   -0.556955E-05   -0.859658E-05
 6.15188   -0.987517E-05   -0.552702E-05   -0.867566E-05
 6.16991   -0.982513E-05   -0.548476E-05   -0.875364E-05
 6.18794   -0.977540E-05   -0.544279E-05   -0.883052E-05
 6.20596   -0.972596E-05   -0.540110E-05   -0.890630E-05
 6.22399   -0.967681E-05   -0.535969E-05   -0.898101E-05
 6.24201   -0.962797E-05   -0.531855E-05   -0.905462E-05
 6.26004   -0.957942E-05   -0.527768E-05   -0.912714E-05
 6.27807   -0.953115E-05   -0.523709E-05   -0.919860E-05
 6.29609   -0.948317E-05   -0.519678E-05   -0.926905E-05
 6.31412   -0.943546E-05   -0.515673E-05   -0.933840E-05
 6.33214   -0.938805E-05   -0.511695E-05   -0.940671E-05
 6.35017   -0.934090E-05   -0.507744E-05   -0.947403E-05
 6.36820   -0.929403E-05   -0.503820E-05   -0.954031E-05
 6.38622   -0.924743E-05   -0.499922E-05   -0.960558E-05
 6.40425   -0.920110E-05   -0.496050E-05   -0.966983E-05
 6.42227   -0.915504E-05   -0.492205E-05   -0.973311E-05
 6.44030   -0.910924E-05   -0.488387E-05   -0.979543E-05
 6.45833   -0.906368E-05   -0.484592E-05   -0.985677E-05
 6.47635   -0.901839E-05   -0.480827E-05   -0.991712E-05
 6.49438   -0.897334E-05   -0.477087E-05   -0.997650E-05
 6.51240   -0.892854E-05   -0.473372E-05   -0.100349E-04
 6.53043   -0.888399E-05   -0.469683E-05   -0.100924E-04
 6.54846   -0.883967E-05   -0.466020E-05   -0.101489E-04
 6.56648   -0.879560E-05   -0.462382E-05   -0.102045E-04
 6.58451   -0.875177E-05   -0.458769E-05   -0.102592E-04
 6.60254   -0.870816E-05   -0.455182E-05   -0.103130E-04
 6.62056   -0.866478E-05   -0.451620E-05   -0.103659E-04
 6.63859   -0.862164E-05   -0.448084E-05   -0.104179E-04
 6.65661   -0.857872E-05   -0.444572E-05   -0.104690E-04
 6.67464   -0.853602E-05   -0.441084E-05   -0.105192E-04
 6.69267   -0.849355E-05   -0.437622E-05   -0.105685E-04
 6.71069   -0.845130E-05   -0.434184E-05   -0.106170E-04
 6.72872   -0.840928E-05   -0.430770E-05   -0.106646E-04
 6.74674   -0.836746E-05   -0.427381E-05   -0.107114E-04
 6.76477   -0.832586E-05   -0.424015E-05   -0.107574E-04
 6.78280   -0.828448E-05   -0.420673E-05   -0.108025E-04
 6.80082   -0.824331E-05   -0.417355E-05   -0.108468E-04
 6.81885   -0.820236E-05   -0.414060E-05   -0.108902E-04
 6.83687   -0.816161E-05   -0.410789E-05   -0.109329E-04
 6.85490   -0.812109E-05   -0.407540E-05   -0.109748E-04
 6.87293   -0.808077E-05   -0.404315E-05   -0.110158E-04
 6.89095   -0.804066E-05   -0.401112E-05   -0.110561E-04
 6.90898   -0.800076E-05   -0.397932E-05   -0.110957E-04
 6.92700   -0.796106E-05   -0.394774E-05   -0.111344E-04
 6.94503   -0.792159E-05   -0.391638E-05   -0.111724E-04
 6.96306   -0.788231E-05   -0.388524E-05   -0.112096E-04
 6.98108   -0.784325E-05   -0.385431E-05   -0.112460E-04
 6.99911   -0.780438E-05   -0.382360E-05   -0.112817E-04
 7.01713   -0.776574E-05   -0.379311E-05   -0.113167E-04
 7.03516   -0.772730E-05   -0.376282E-05   -0.113510E-04
 7.05319   -0.768906E-05   -0.373274E-05   -0.113846E-04
 7.07121   -0.765104E-05   -0.370287E-05   -0.114174E-04
 7.08924   -0.761322E-05   -0.367321E-05   -0.114495E-04
 7.10726   -0.757560E-05   -0.364374E-05   -0.114810E-04
 7.12529   -0.753820E-05   -0.361448E-05   -0.115117E-04
 7.14332   -0.750100E-05   -0.358542E-05   -0.115418E-04
 7.16134   -0.746401E-05   -0.355655E-05   -0.115712E-04
 7.17937   -0.742723E-05   -0.352788E-05   -0.115999E-04
 7.19739   -0.739065E-05   -0.349940E-05   -0.116280E-04
 7.21542   -0.735428E-05   -0.347111E-05   -0.116554E-04
 7.23345   -0.731811E-05   -0.344301E-05   -0.116822E-04
 7.25147   -0.728215E-05   -0.341510E-05   -0.117083E-04
 7.26950   -0.724640E-05   -0.338738E-05   -0.117338E-04
 7.28753   -0.721086E-05   -0.335984E-05   -0.117587E-04
 7.30555   -0.717551E-05   -0.333248E-05   -0.117829E-04
 7.32358   -0.714037E-05   -0.330531E-05   -0.118066E-04
 7.34160   -0.710543E-05   -0.327831E-05   -0.118296E-04
 7.35963   -0.707070E-05   -0.325149E-05   -0.118520E-04
 7.37766   -0.703616E-05   -0.322485E-05   -0.118739E-04
 7.39568   -0.700183E-05   -0.319838E-05   -0.118951E-04
 7.41371   -0.696771E-05   -0.317208E-05   -0.119158E-04
 7.43173   -0.693379E-05   -0.314596E-05   -0.119359E-04
 7.44976   -0.690005E-05   -0.312001E-05   -0.119554E-04
 7.46779   -0.686652E-05   -0.309422E-05   -0.119743E-04
 7.48581   -0.683319E-05   -0.306860E-05   -0.119927E-04
 7.50384   -0.680006E-05   -0.304315E-05   -0.120105E-04
 7.52186   -0.676713E-05   -0.301787E-05   -0.120278E-04
 7.53989   -0.673439E-05   -0.299274E-05   -0.120446E-04
 7.55792   -0.670185E-05   -0.296778E-05   -0.120607E-04
 7.57594   -0.666950E-05   -0.294298E-05   -0.120764E-04
 7.59397   -0.663735E-05   -0.291834E-05   -0.120916E-04
 7.61199   -0.660539E-05   -0.289385E-05   -0.121062E-04
 7.63002   -0.657362E-05   -0.286953E-05   -0.121203E-04
 7.64805   -0.654205E-05   -0.284535E-05   -0.121339E-04
 7.66607   -0.651067E-05   -0.282134E-05   -0.121471E-04
 7.68410   -0.647947E-05   -0.279747E-05   -0.121597E-04
 7.70212   -0.644846E-05   -0.277376E-05   -0.121718E-04
 7.72015   -0.641765E-05   -0.275020E-05   -0.121835E-04
 7.73818   -0.638702E-05   -0.272678E-05   -0.121946E-04
 7.75620   -0.635659E-05   -0.270352E-05   -0.122053E-04
 7.77423   -0.632633E-05   -0.268040E-05   -0.122155E-04
 7.79225   -0.629627E-05   -0.265743E-05   -0.122252E-04
 7.81028   -0.626637E-05   -0.263460E-05   -0.122345E-04
 7.82831   -0.623668E-05   -0.261192E-05   -0.122434E-04
 7.84633   -0.620716E-05   -0.258938E-05   -0.122517E-04
 7.86436   -0.617783E-05   -0.256698E-05   -0.122597E-04
 7.88238   -0.614867E-05   -0.254472E-05   -0.122671E-04
 7.90041   -0.611969E-05   -0.252261E-05   -0.122742E-04
 7.91844   -0.609090E-05   -0.250063E-05   -0.122808E-04
 7.93646   -0.606227E-05   -0.247879E-05   -0.122870E-04
 7.95449   -0.603383E-05   -0.245708E-05   -0.122928E-04
 7.97252   -0.600557E-05   -0.243551E-05   -0.122981E-04
 7.99054   -0.597748E-05   -0.241408E-05   -0.123030E-04
 8.00857   -0.594956E-05   -0.239278E-05   -0.123076E-04
 8.02659   -0.592182E-05   -0.237162E-05   -0.123117E-04
 8.04462   -0.589424E-05   -0.235058E-05   -0.123154E-04
 8.06265   -0.586684E-05   -0.232968E-05   -0.123187E-04
 8.08067   -0.583961E-05   -0.230891E-05   -0.123216E-04
 8.09870   -0.581255E-05   -0.228826E-05   -0.123242E-04
 8.11672   -0.578566E-05   -0.226775E-05   -0.123263E-04
 8.13475   -0.575893E-05   -0.224736E-05   -0.123281E-04
 8.15278   -0.573236E-05   -0.222710E-05   -0.123295E-04
 8.17080   -0.570597E-05   -0.220697E-05   -0.123305E-04
 8.18883   -0.567973E-05   -0.218696E-05   -0.123312E-04
 8.20685   -0.565366E-05   -0.216708E-05   -0.123315E-04
 8.22488   -0.562775E-05   -0.214731E-05   -0.123315E-04
 8.24291   -0.560200E-05   -0.212768E-05   -0.123310E-04
 8.26093   -0.557640E-05   -0.210816E-05   -0.123303E-04
 8.27896   -0.555097E-05   -0.208877E-05   -0.123292E-04
 8.29698   -0.552569E-05   -0.206950E-05   -0.123277E-04
 8.31501   -0.550057E-05   -0.205035E-05   -0.123259E-04
 8.33304   -0.547560E-05   -0.203132E-05   -0.123238E-04
 8.35106   -0.545078E-05   -0.201241E-05   -0.123214E-04
 8.36909   -0.542612E-05   -0.199362E-05   -0.123186E-04
 8.38711   -0.540160E-05   -0.197494E-05   -0.123155E-04
 8.40514   -0.537724E-05   -0.195639E-05   -0.123120E-04
 8.42317   -0.535302E-05   -0.193794E-05   -0.123083E-04
 8.44119   -0.532895E-05   -0.191962E-05   -0.123042E-04
 8.45922   -0.530503E-05   -0.190141E-05   -0.122996E-04
 8.47724   -0.528125E-05   -0.188332E-05   -0.122952E-04
 8.49527   -0.525762E-05   -0.186533E-05   -0.122902E-04
 8.51330   -0.523413E-05   -0.184747E-05   -0.122847E-04
 8.53132   -0.521078E-05   -0.182971E-05   -0.122792E-04
 8.54935   -0.518757E-05   -0.181207E-05   -0.122733E-04
 8.56737   -0.516450E-05   -0.179453E-05   -0.122671E-04
 8.58540   -0.514157E-05   -0.177711E-05   -0.122607E-04
 8.60343   -0.511878E-05   -0.175980E-05   -0.122539E-04
 8.62145   -0.509612E-05   -0.174260E-05   -0.122469E-04
 8.63948   -0.507360E-05   -0.172551E-05   -0.122396E-04
 8.65751   -0.505121E-05   -0.170853E-05   -0.122321E-04
 8.67553   -0.502896E-05   -0.169165E-05   -0.122242E-04
 8.69356   -0.500684E-05   -0.167488E-05   -0.122161E-04
 8.71158   -0.498485E-05   -0.165822E-05   -0.122078E-04
 8.72961   -0.496299E-05   -0.164167E-05   -0.121991E-04
 8.74764   -0.494126E-05   -0.162522E-05   -0.121902E-04
 8.76566   -0.491966E-05   -0.160887E-05   -0.121811E-04
 8.78369   -0.489819E-05   -0.159263E-05   -0.121717E-04
 8.80171   -0.487684E-05   -0.157649E-05   -0.121621E-04
 8.81974   -0.485562E-05   -0.156046E-05   -0.121522E-04
 8.83777   -0.483452E-05   -0.154452E-05   -0.121421E-04
 8.85579   -0.481355E-05   -0.152869E-05   -0.121317E-04
 8.87382   -0.479270E-05   -0.151296E-05   -0.121211E-04
 8.89184   -0.477197E-05   -0.149734E-05   -0.121103E-04
 8.90987   -0.475136E-05   -0.148181E-05   -0.120992E-04
 8.92790   -0.473088E-05   -0.146638E-05   -0.120879E-04
 8.94592   -0.471051E-05   -0.145104E-05   -0.120764E-04
 8.96395   -0.469026E-05   -0.143582E-05   -0.120647E-04
 8.98197   -0.467012E-05   -0.142068E-05   -0.120527E-04
 9.00000   -0.465010E-05   -0.140565E-05   -0.120405E-04
