 0.00500    0.265457E-01   -0.134480E-01    0.101374E-01
 0.02303    0.215528E-01   -0.109515E-01    0.826452E-02
 0.04105    0.186576E-01   -0.950328E-02    0.717755E-02
 0.05908    0.165625E-01   -0.845501E-02    0.639020E-02
 0.07710    0.149203E-01   -0.763305E-02    0.577224E-02
 0.09513    0.135759E-01   -0.695981E-02    0.526561E-02
 0.11316    0.124438E-01   -0.639260E-02    0.483833E-02
 0.13118    0.114716E-01   -0.590526E-02    0.447079E-02
 0.14921    0.106246E-01   -0.548037E-02    0.414992E-02
 0.16723    0.987812E-02   -0.510569E-02    0.386661E-02
 0.18526    0.921418E-02   -0.477220E-02    0.361408E-02
 0.20329    0.861926E-02   -0.447314E-02    0.338729E-02
 0.22131    0.808280E-02   -0.420327E-02    0.318230E-02
 0.23934    0.759644E-02   -0.395839E-02    0.299600E-02
 0.25736    0.715348E-02   -0.373516E-02    0.282589E-02
 0.27539    0.674837E-02   -0.353083E-02    0.266991E-02
 0.29342    0.637654E-02   -0.334310E-02    0.252634E-02
 0.31144    0.603415E-02   -0.317006E-02    0.239377E-02
 0.32947    0.571798E-02   -0.301011E-02    0.227099E-02
 0.34749    0.542524E-02   -0.286185E-02    0.215698E-02
 0.36552    0.515354E-02   -0.272409E-02    0.205083E-02
 0.38355    0.490079E-02   -0.259581E-02    0.195179E-02
 0.40157    0.466521E-02   -0.247609E-02    0.185918E-02
 0.41960    0.444522E-02   -0.236415E-02    0.177242E-02
 0.43763    0.423941E-02   -0.225931E-02    0.169098E-02
 0.45565    0.404657E-02   -0.216094E-02    0.161442E-02
 0.47368    0.386559E-02   -0.206851E-02    0.154233E-02
 0.49170    0.369550E-02   -0.198152E-02    0.147434E-02
 0.50973    0.353543E-02   -0.189953E-02    0.141013E-02
 0.52776    0.338458E-02   -0.182217E-02    0.134941E-02
 0.54578    0.324225E-02   -0.174907E-02    0.129193E-02
 0.56381    0.310781E-02   -0.167993E-02    0.123743E-02
 0.58183    0.298069E-02   -0.161444E-02    0.118572E-02
 0.59986    0.286035E-02   -0.155236E-02    0.113659E-02
 0.61789    0.274631E-02   -0.149344E-02    0.108986E-02
 0.63591    0.263816E-02   -0.143747E-02    0.104539E-02
 0.65394    0.253548E-02   -0.138425E-02    0.100301E-02
 0.67196    0.243793E-02   -0.133360E-02    0.962609E-03
 0.68999    0.234516E-02   -0.128536E-02    0.924046E-03
 0.70802    0.225687E-02   -0.123937E-02    0.887213E-03
 0.72604    0.217278E-02   -0.119549E-02    0.852006E-03
 0.74407    0.209263E-02   -0.115360E-02    0.818329E-03
 0.76209    0.201619E-02   -0.111357E-02    0.786094E-03
 0.78012    0.194322E-02   -0.107531E-02    0.755218E-03
 0.79815    0.187354E-02   -0.103869E-02    0.725627E-03
 0.81617    0.180695E-02   -0.100364E-02    0.697250E-03
 0.83420    0.174327E-02   -0.970063E-03    0.670021E-03
 0.85222    0.168235E-02   -0.937879E-03    0.643880E-03
 0.87025    0.162402E-02   -0.907014E-03    0.618770E-03
 0.88828    0.156816E-02   -0.877396E-03    0.594640E-03
 0.90630    0.151463E-02   -0.848960E-03    0.571440E-03
 0.92433    0.146331E-02   -0.821646E-03    0.549124E-03
 0.94235    0.141408E-02   -0.795396E-03    0.527648E-03
 0.96038    0.136684E-02   -0.770157E-03    0.506974E-03
 0.97841    0.132148E-02   -0.745878E-03    0.487062E-03
 0.99643    0.127791E-02   -0.722513E-03    0.467879E-03
 1.01446    0.123605E-02   -0.700018E-03    0.449390E-03
 1.03248    0.119581E-02   -0.678352E-03    0.431565E-03
 1.05051    0.115712E-02   -0.657478E-03    0.414375E-03
 1.06854    0.111989E-02   -0.637357E-03    0.397791E-03
 1.08656    0.108407E-02   -0.617955E-03    0.381788E-03
 1.10459    0.104958E-02   -0.599240E-03    0.366340E-03
 1.12262    0.101637E-02   -0.581181E-03    0.351425E-03
 1.14064    0.984382E-03   -0.563750E-03    0.337020E-03
 1.15867    0.953781E-03   -0.546919E-03    0.323105E-03
 1.17669    0.923841E-03   -0.530662E-03    0.309660E-03
 1.19472    0.895192E-03   -0.514956E-03    0.296666E-03
 1.21275    0.867562E-03   -0.499777E-03    0.284107E-03
 1.23077    0.840907E-03   -0.485104E-03    0.271964E-03
 1.24880    0.815185E-03   -0.470915E-03    0.260221E-03
 1.26682    0.790358E-03   -0.457192E-03    0.248866E-03
 1.28485    0.766389E-03   -0.443915E-03    0.237880E-03
 1.30288    0.743242E-03   -0.431067E-03    0.227253E-03
 1.32090    0.720884E-03   -0.418629E-03    0.216970E-03
 1.33893    0.699282E-03   -0.406590E-03    0.207019E-03
 1.35695    0.678407E-03   -0.394929E-03    0.197388E-03
 1.37498    0.658230E-03   -0.383635E-03    0.188066E-03
 1.39301    0.638723E-03   -0.372693E-03    0.179041E-03
 1.41103    0.619861E-03   -0.362090E-03    0.170306E-03
 1.42906    0.601618E-03   -0.351814E-03    0.161846E-03
 1.44708    0.583970E-03   -0.341852E-03    0.153655E-03
 1.46511    0.566896E-03   -0.332193E-03    0.145723E-03
 1.48314    0.550374E-03   -0.322827E-03    0.138041E-03
 1.50116    0.534383E-03   -0.313742E-03    0.130601E-03
 1.51919    0.518905E-03   -0.304929E-03    0.123395E-03
 1.53721    0.503919E-03   -0.296379E-03    0.116416E-03
 1.55524    0.489408E-03   -0.288083E-03    0.109657E-03
 1.57327    0.475355E-03   -0.280030E-03    0.103109E-03
 1.59129    0.461744E-03   -0.272215E-03    0.967676E-04
 1.60932    0.448560E-03   -0.264627E-03    0.906248E-04
 1.62734    0.435787E-03   -0.257261E-03    0.846752E-04
 1.64537    0.423411E-03   -0.250108E-03    0.789128E-04
 1.66340    0.411418E-03   -0.243162E-03    0.733319E-04
 1.68142    0.399797E-03   -0.236417E-03    0.679274E-04
 1.69945    0.388535E-03   -0.229865E-03    0.626929E-04
 1.71747    0.377620E-03   -0.223500E-03    0.576247E-04
 1.73550    0.367039E-03   -0.217318E-03    0.527177E-04
 1.75353    0.356784E-03   -0.211313E-03    0.479670E-04
 1.77155    0.346842E-03   -0.205478E-03    0.433684E-04
 1.78958    0.337205E-03   -0.199809E-03    0.389174E-04
 1.80761    0.327864E-03   -0.194301E-03    0.346101E-04
 1.82563    0.318809E-03   -0.188950E-03    0.304430E-04
 1.84366    0.310031E-03   -0.183752E-03    0.264113E-04
 1.86168    0.301524E-03   -0.178701E-03    0.225125E-04
 1.87971    0.293278E-03   -0.173795E-03    0.187426E-04
 1.89774    0.285288E-03   -0.169028E-03    0.150985E-04
 1.91576    0.277545E-03   -0.164398E-03    0.115772E-04
 1.93379    0.270044E-03   -0.159902E-03    0.817557E-05
 1.95181    0.262779E-03   -0.155535E-03    0.489071E-05
 1.96984    0.255743E-03   -0.151296E-03    0.172014E-05
 1.98787    0.248931E-03   -0.147180E-03   -0.133890E-05
 2.00589    0.242338E-03   -0.143186E-03   -0.428880E-05
 2.02392    0.235960E-03   -0.139311E-03   -0.713182E-05
 2.04194    0.229791E-03   -0.135552E-03   -0.987015E-05
 2.05997    0.223828E-03   -0.131907E-03   -0.125060E-04
 2.07800    0.218066E-03   -0.128374E-03   -0.150413E-04
 2.09602    0.212503E-03   -0.124951E-03   -0.174780E-04
 2.11405    0.207133E-03   -0.121636E-03   -0.198179E-04
 2.13207    0.201955E-03   -0.118428E-03   -0.220627E-04
 2.15010    0.196964E-03   -0.115323E-03   -0.242142E-04
 2.16813    0.192158E-03   -0.112321E-03   -0.262740E-04
 2.18615    0.187534E-03   -0.109421E-03   -0.282437E-04
 2.20418    0.183088E-03   -0.106620E-03   -0.301249E-04
 2.22220    0.178818E-03   -0.103916E-03   -0.319192E-04
 2.24023    0.174722E-03   -0.101310E-03   -0.336279E-04
 2.25826    0.170796E-03   -0.987975E-04   -0.352527E-04
 2.27628    0.167038E-03   -0.963785E-04   -0.367953E-04
 2.29431    0.163444E-03   -0.940508E-04   -0.382573E-04
 2.31233    0.160011E-03   -0.918127E-04   -0.396403E-04
 2.33036    0.156735E-03   -0.896623E-04   -0.409461E-04
 2.34839    0.153613E-03   -0.875975E-04   -0.421767E-04
 2.36641    0.150642E-03   -0.856162E-04   -0.433340E-04
 2.38444    0.147815E-03   -0.837162E-04   -0.444200E-04
 2.40246    0.145129E-03   -0.818948E-04   -0.454373E-04
 2.42049    0.142579E-03   -0.801493E-04   -0.463880E-04
 2.43852    0.140159E-03   -0.784765E-04   -0.472747E-04
 2.45654    0.137863E-03   -0.768736E-04   -0.481003E-04
 2.47457    0.135684E-03   -0.753366E-04   -0.488677E-04
 2.49260    0.133615E-03   -0.738621E-04   -0.495800E-04
 2.51062    0.131648E-03   -0.724460E-04   -0.502407E-04
 2.52865    0.129775E-03   -0.710842E-04   -0.508531E-04
 2.54667    0.127988E-03   -0.697718E-04   -0.514212E-04
 2.56470    0.126278E-03   -0.685046E-04   -0.519486E-04
 2.58273    0.124634E-03   -0.672771E-04   -0.524397E-04
 2.60075    0.123046E-03   -0.660842E-04   -0.528985E-04
 2.61878    0.121505E-03   -0.649207E-04   -0.533296E-04
 2.63680    0.119998E-03   -0.637810E-04   -0.537370E-04
 2.65483    0.118517E-03   -0.626593E-04   -0.541257E-04
 2.67286    0.117048E-03   -0.615501E-04   -0.545001E-04
 2.69088    0.115582E-03   -0.604476E-04   -0.548648E-04
 2.70891    0.114107E-03   -0.593460E-04   -0.552245E-04
 2.72693    0.112611E-03   -0.582396E-04   -0.555838E-04
 2.74496    0.111085E-03   -0.571228E-04   -0.559471E-04
 2.76299    0.109516E-03   -0.559902E-04   -0.563188E-04
 2.78101    0.107897E-03   -0.548367E-04   -0.567029E-04
 2.79904    0.106215E-03   -0.536572E-04   -0.571035E-04
 2.81706    0.104464E-03   -0.524472E-04   -0.575243E-04
 2.83509    0.102634E-03   -0.512023E-04   -0.579688E-04
 2.85312    0.100717E-03   -0.499188E-04   -0.584402E-04
 2.87114    0.987074E-04   -0.485929E-04   -0.589410E-04
 2.88917    0.965993E-04   -0.472220E-04   -0.594741E-04
 2.90719    0.943876E-04   -0.458034E-04   -0.600413E-04
 2.92522    0.920687E-04   -0.443351E-04   -0.606443E-04
 2.94325    0.896401E-04   -0.428158E-04   -0.612842E-04
 2.96127    0.870999E-04   -0.412446E-04   -0.619621E-04
 2.97930    0.844478E-04   -0.396211E-04   -0.626782E-04
 2.99732    0.816844E-04   -0.379458E-04   -0.634325E-04
 3.01535    0.788114E-04   -0.362190E-04   -0.642245E-04
 3.03338    0.758311E-04   -0.344423E-04   -0.650535E-04
 3.05140    0.727474E-04   -0.326174E-04   -0.659183E-04
 3.06943    0.695648E-04   -0.307470E-04   -0.668171E-04
 3.08745    0.662890E-04   -0.288328E-04   -0.677481E-04
 3.10548    0.629262E-04   -0.268786E-04   -0.687090E-04
 3.12351    0.594836E-04   -0.248878E-04   -0.696972E-04
 3.14153    0.559688E-04   -0.228643E-04   -0.707099E-04
 3.15956    0.523901E-04   -0.208120E-04   -0.717435E-04
 3.17759    0.487561E-04   -0.187355E-04   -0.727959E-04
 3.19561    0.450759E-04   -0.166391E-04   -0.738631E-04
 3.21364    0.413588E-04   -0.145276E-04   -0.749419E-04
 3.23166    0.376144E-04   -0.124057E-04   -0.760283E-04
 3.24969    0.338523E-04   -0.102782E-04   -0.771193E-04
 3.26772    0.300821E-04   -0.814997E-05   -0.782108E-04
 3.28574    0.263135E-04   -0.602579E-05   -0.792994E-04
 3.30377    0.225558E-04   -0.391033E-05   -0.803816E-04
 3.32179    0.188180E-04   -0.180816E-05   -0.814539E-04
 3.33982    0.151091E-04    0.276293E-06   -0.825130E-04
 3.35785    0.114374E-04    0.233881E-05   -0.835563E-04
 3.37587    0.781096E-05    0.437538E-05   -0.845796E-04
 3.39390    0.423740E-05    0.638217E-05   -0.855807E-04
 3.41192    0.723794E-06    0.835559E-05   -0.865568E-04
 3.42995   -0.272332E-05    0.102925E-04   -0.875056E-04
 3.44798   -0.609790E-05    0.121898E-04   -0.884247E-04
 3.46600   -0.939438E-05    0.140447E-04   -0.893121E-04
 3.48403   -0.126080E-04    0.158549E-04   -0.901654E-04
 3.50205   -0.157345E-04    0.176180E-04   -0.909839E-04
 3.52008   -0.187700E-04    0.193323E-04   -0.917659E-04
 3.53811   -0.217114E-04    0.209962E-04   -0.925099E-04
 3.55613   -0.245562E-04    0.226084E-04   -0.932152E-04
 3.57416   -0.273021E-04    0.241678E-04   -0.938810E-04
 3.59218   -0.299477E-04    0.256737E-04   -0.945067E-04
 3.61021   -0.324919E-04    0.271255E-04   -0.950918E-04
 3.62824   -0.349339E-04    0.285229E-04   -0.956361E-04
 3.64626   -0.372735E-04    0.298658E-04   -0.961396E-04
 3.66429   -0.395108E-04    0.311542E-04   -0.966022E-04
 3.68231   -0.416465E-04    0.323884E-04   -0.970244E-04
 3.70034   -0.436814E-04    0.335689E-04   -0.974063E-04
 3.71837   -0.456167E-04    0.346964E-04   -0.977486E-04
 3.73639   -0.474539E-04    0.357715E-04   -0.980518E-04
 3.75442   -0.491948E-04    0.367953E-04   -0.983165E-04
 3.77244   -0.508412E-04    0.377686E-04   -0.985436E-04
 3.79047   -0.523953E-04    0.386925E-04   -0.987338E-04
 3.80850   -0.538594E-04    0.395682E-04   -0.988881E-04
 3.82652   -0.552359E-04    0.403970E-04   -0.990075E-04
 3.84455   -0.565272E-04    0.411800E-04   -0.990929E-04
 3.86258   -0.577360E-04    0.419187E-04   -0.991454E-04
 3.88060   -0.588650E-04    0.426144E-04   -0.991661E-04
 3.89863   -0.599169E-04    0.432685E-04   -0.991559E-04
 3.91665   -0.608945E-04    0.438825E-04   -0.991161E-04
 3.93468   -0.618006E-04    0.444577E-04   -0.990477E-04
 3.95271   -0.626380E-04    0.449956E-04   -0.989517E-04
 3.97073   -0.634094E-04    0.454976E-04   -0.988294E-04
 3.98876   -0.641176E-04    0.459650E-04   -0.986819E-04
 4.00678   -0.647653E-04    0.463994E-04   -0.985102E-04
 4.02481   -0.653551E-04    0.468019E-04   -0.983153E-04
 4.04284   -0.658896E-04    0.471741E-04   -0.980983E-04
 4.06086   -0.663715E-04    0.475172E-04   -0.978602E-04
 4.07889   -0.668031E-04    0.478324E-04   -0.976021E-04
 4.09691   -0.671869E-04    0.481210E-04   -0.973248E-04
 4.11494   -0.675252E-04    0.483842E-04   -0.970295E-04
 4.13297   -0.678203E-04    0.486232E-04   -0.967168E-04
 4.15099   -0.680743E-04    0.488391E-04   -0.963879E-04
 4.16902   -0.682896E-04    0.490330E-04   -0.960435E-04
 4.18704   -0.684679E-04    0.492060E-04   -0.956843E-04
 4.20507   -0.686114E-04    0.493591E-04   -0.953114E-04
 4.22310   -0.687218E-04    0.494932E-04   -0.949253E-04
 4.24112   -0.688010E-04    0.496093E-04   -0.945269E-04
 4.25915   -0.688507E-04    0.497083E-04   -0.941169E-04
 4.27717   -0.688725E-04    0.497910E-04   -0.936960E-04
 4.29520   -0.688680E-04    0.498582E-04   -0.932647E-04
 4.31323   -0.688387E-04    0.499108E-04   -0.928238E-04
 4.33125   -0.687861E-04    0.499495E-04   -0.923737E-04
 4.34928   -0.687114E-04    0.499749E-04   -0.919152E-04
 4.36730   -0.686159E-04    0.499879E-04   -0.914487E-04
 4.38533   -0.685010E-04    0.499889E-04   -0.909747E-04
 4.40336   -0.683678E-04    0.499787E-04   -0.904938E-04
 4.42138   -0.682173E-04    0.499579E-04   -0.900064E-04
 4.43941   -0.680507E-04    0.499269E-04   -0.895130E-04
 4.45743   -0.678689E-04    0.498864E-04   -0.890140E-04
 4.47546   -0.676729E-04    0.498368E-04   -0.885098E-04
 4.49349   -0.674635E-04    0.497786E-04   -0.880008E-04
 4.51151   -0.672417E-04    0.497123E-04   -0.874874E-04
 4.52954   -0.670082E-04    0.496383E-04   -0.869698E-04
 4.54757   -0.667638E-04    0.495569E-04   -0.864485E-04
 4.56559   -0.665091E-04    0.494687E-04   -0.859237E-04
 4.58362   -0.662450E-04    0.493740E-04   -0.853958E-04
 4.60164   -0.659720E-04    0.492731E-04   -0.848650E-04
 4.61967   -0.656908E-04    0.491664E-04   -0.843316E-04
 4.63770   -0.654019E-04    0.490541E-04   -0.837959E-04
 4.65572   -0.651060E-04    0.489367E-04   -0.832581E-04
 4.67375   -0.648034E-04    0.488144E-04   -0.827185E-04
 4.69177   -0.644947E-04    0.486874E-04   -0.821773E-04
 4.70980   -0.641804E-04    0.485560E-04   -0.816347E-04
 4.72783   -0.638609E-04    0.484205E-04   -0.810910E-04
 4.74585   -0.635366E-04    0.482811E-04   -0.805463E-04
 4.76388   -0.632079E-04    0.481380E-04   -0.800007E-04
 4.78190   -0.628752E-04    0.479915E-04   -0.794547E-04
 4.79993   -0.625388E-04    0.478417E-04   -0.789083E-04
 4.81796   -0.621991E-04    0.476888E-04   -0.783617E-04
 4.83598   -0.618564E-04    0.475331E-04   -0.778150E-04
 4.85401   -0.615110E-04    0.473747E-04   -0.772685E-04
 4.87203   -0.611631E-04    0.472137E-04   -0.767223E-04
 4.89006   -0.608131E-04    0.470504E-04   -0.761765E-04
 4.90809   -0.604612E-04    0.468848E-04   -0.756313E-04
 4.92611   -0.601076E-04    0.467171E-04   -0.750868E-04
 4.94414   -0.597525E-04    0.465475E-04   -0.745432E-04
 4.96216   -0.593963E-04    0.463761E-04   -0.740005E-04
 4.98019   -0.590390E-04    0.462029E-04   -0.734590E-04
 4.99822   -0.586808E-04    0.460282E-04   -0.729186E-04
 5.01624   -0.583220E-04    0.458521E-04   -0.723795E-04
 5.03427   -0.579627E-04    0.456746E-04   -0.718419E-04
 5.05229   -0.576031E-04    0.454958E-04   -0.713057E-04
 5.07032   -0.572434E-04    0.453159E-04   -0.707712E-04
 5.08835   -0.568836E-04    0.451349E-04   -0.702382E-04
 5.10637   -0.565240E-04    0.449530E-04   -0.697071E-04
 5.12440   -0.561646E-04    0.447702E-04   -0.691777E-04
 5.14242   -0.558056E-04    0.445866E-04   -0.686501E-04
 5.16045   -0.554472E-04    0.444023E-04   -0.681245E-04
 5.17848   -0.550894E-04    0.442174E-04   -0.676008E-04
 5.19650   -0.547323E-04    0.440319E-04   -0.670792E-04
 5.21453   -0.543761E-04    0.438460E-04   -0.665596E-04
 5.23256   -0.540208E-04    0.436596E-04   -0.660421E-04
 5.25058   -0.536666E-04    0.434729E-04   -0.655267E-04
 5.26861   -0.533136E-04    0.432859E-04   -0.650135E-04
 5.28663   -0.529618E-04    0.430988E-04   -0.645025E-04
 5.30466   -0.526114E-04    0.429114E-04   -0.639937E-04
 5.32269   -0.522623E-04    0.427240E-04   -0.634872E-04
 5.34071   -0.519148E-04    0.425365E-04   -0.629830E-04
 5.35874   -0.515688E-04    0.423491E-04   -0.624811E-04
 5.37676   -0.512246E-04    0.421618E-04   -0.619815E-04
 5.39479   -0.508820E-04    0.419745E-04   -0.614843E-04
 5.41282   -0.505412E-04    0.417875E-04   -0.609895E-04
 5.43084   -0.502023E-04    0.416007E-04   -0.604971E-04
 5.44887   -0.498653E-04    0.414142E-04   -0.600072E-04
 5.46689   -0.495303E-04    0.412279E-04   -0.595198E-04
 5.48492   -0.491973E-04    0.410421E-04   -0.590349E-04
 5.50295   -0.488664E-04    0.408566E-04   -0.585527E-04
 5.52097   -0.485377E-04    0.406716E-04   -0.580729E-04
 5.53900   -0.482111E-04    0.404871E-04   -0.575958E-04
 5.55702   -0.478868E-04    0.403031E-04   -0.571213E-04
 5.57505   -0.475647E-04    0.401196E-04   -0.566494E-04
 5.59308   -0.472449E-04    0.399367E-04   -0.561803E-04
 5.61110   -0.469274E-04    0.397544E-04   -0.557138E-04
 5.62913   -0.466122E-04    0.395727E-04   -0.552501E-04
 5.64715   -0.462995E-04    0.393917E-04   -0.547892E-04
 5.66518   -0.459891E-04    0.392113E-04   -0.543310E-04
 5.68321   -0.456811E-04    0.390316E-04   -0.538757E-04
 5.70123   -0.453755E-04    0.388527E-04   -0.534231E-04
 5.71926   -0.450723E-04    0.386744E-04   -0.529734E-04
 5.73728   -0.447715E-04    0.384969E-04   -0.525265E-04
 5.75531   -0.444731E-04    0.383202E-04   -0.520824E-04
 5.77334   -0.441772E-04    0.381441E-04   -0.516411E-04
 5.79136   -0.438836E-04    0.379689E-04   -0.512027E-04
 5.80939   -0.435924E-04    0.377944E-04   -0.507671E-04
 5.82741   -0.433035E-04    0.376206E-04   -0.503344E-04
 5.84544   -0.430170E-04    0.374476E-04   -0.499044E-04
 5.86347   -0.427328E-04    0.372754E-04   -0.494773E-04
 5.88149   -0.424509E-04    0.371039E-04   -0.490529E-04
 5.89952   -0.421712E-04    0.369332E-04   -0.486314E-04
 5.91755   -0.418938E-04    0.367632E-04   -0.482126E-04
 5.93557   -0.416185E-04    0.365939E-04   -0.477965E-04
 5.95360   -0.413454E-04    0.364254E-04   -0.473832E-04
 5.97162   -0.410744E-04    0.362576E-04   -0.469726E-04
 5.98965   -0.408054E-04    0.360904E-04   -0.465647E-04
 6.00768   -0.405385E-04    0.359240E-04   -0.461595E-04
 6.02570   -0.402735E-04    0.357582E-04   -0.457569E-04
 6.04373   -0.400105E-04    0.355931E-04   -0.453570E-04
 6.06175   -0.397494E-04    0.354287E-04   -0.449597E-04
 6.07978   -0.394901E-04    0.352649E-04   -0.445650E-04
 6.09781   -0.392326E-04    0.351017E-04   -0.441729E-04
 6.11583   -0.389769E-04    0.349391E-04   -0.437834E-04
 6.13386   -0.387229E-04    0.347770E-04   -0.433964E-04
 6.15188   -0.384705E-04    0.346156E-04   -0.430119E-04
 6.16991   -0.382198E-04    0.344547E-04   -0.426299E-04
 6.18794   -0.379706E-04    0.342943E-04   -0.422504E-04
 6.20596   -0.377230E-04    0.341345E-04   -0.418733E-04
 6.22399   -0.374769E-04    0.339751E-04   -0.414987E-04
 6.24201   -0.372323E-04    0.338163E-04   -0.411264E-04
 6.26004   -0.369890E-04    0.336580E-04   -0.407566E-04
 6.27807   -0.367472E-04    0.335001E-04   -0.403892E-04
 6.29609   -0.365067E-04    0.333427E-04   -0.400241E-04
 6.31412   -0.362676E-04    0.331858E-04   -0.396614E-04
 6.33214   -0.360298E-04    0.330294E-04   -0.393010E-04
 6.35017   -0.357933E-04    0.328734E-04   -0.389429E-04
 6.36820   -0.355580E-04    0.327178E-04   -0.385872E-04
 6.38622   -0.353239E-04    0.325627E-04   -0.382337E-04
 6.40425   -0.350911E-04    0.324080E-04   -0.378825E-04
 6.42227   -0.348595E-04    0.322538E-04   -0.375335E-04
 6.44030   -0.346290E-04    0.321000E-04   -0.371868E-04
 6.45833   -0.343998E-04    0.319466E-04   -0.368423E-04
 6.47635   -0.341717E-04    0.317936E-04   -0.365001E-04
 6.49438   -0.339448E-04    0.316411E-04   -0.361601E-04
 6.51240   -0.337190E-04    0.314890E-04   -0.358223E-04
 6.53043   -0.334944E-04    0.313373E-04   -0.354867E-04
 6.54846   -0.332709E-04    0.311861E-04   -0.351533E-04
 6.56648   -0.330485E-04    0.310354E-04   -0.348220E-04
 6.58451   -0.328274E-04    0.308849E-04   -0.344929E-04
 6.60254   -0.326073E-04    0.307351E-04   -0.341660E-04
 6.62056   -0.323884E-04    0.305857E-04   -0.338413E-04
 6.63859   -0.321706E-04    0.304368E-04   -0.335187E-04
 6.65661   -0.319540E-04    0.302883E-04   -0.331983E-04
 6.67464   -0.317386E-04    0.301404E-04   -0.328800E-04
 6.69267   -0.315243E-04    0.299929E-04   -0.325639E-04
 6.71069   -0.313112E-04    0.298459E-04   -0.322499E-04
 6.72872   -0.310993E-04    0.296994E-04   -0.319380E-04
 6.74674   -0.308886E-04    0.295535E-04   -0.316283E-04
 6.76477   -0.306791E-04    0.294080E-04   -0.313207E-04
 6.78280   -0.304708E-04    0.292631E-04   -0.310151E-04
 6.80082   -0.302636E-04    0.291188E-04   -0.307117E-04
 6.81885   -0.300578E-04    0.289749E-04   -0.304105E-04
 6.83687   -0.298531E-04    0.288317E-04   -0.301113E-04
 6.85490   -0.296497E-04    0.286889E-04   -0.298142E-04
 6.87293   -0.294475E-04    0.285468E-04   -0.295192E-04
 6.89095   -0.292466E-04    0.284052E-04   -0.292263E-04
 6.90898   -0.290469E-04    0.282643E-04   -0.289358E-04
 6.92700   -0.288485E-04    0.281239E-04   -0.286468E-04
 6.94503   -0.286514E-04    0.279841E-04   -0.283602E-04
 6.96306   -0.284555E-04    0.278449E-04   -0.280756E-04
 6.98108   -0.282610E-04    0.277063E-04   -0.277931E-04
 6.99911   -0.280677E-04    0.275683E-04   -0.275126E-04
 7.01713   -0.278757E-04    0.274310E-04   -0.272342E-04
 7.03516   -0.276851E-04    0.272943E-04   -0.269578E-04
 7.05319   -0.274957E-04    0.271582E-04   -0.266835E-04
 7.07121   -0.273076E-04    0.270227E-04   -0.264112E-04
 7.08924   -0.271208E-04    0.268879E-04   -0.261409E-04
 7.10726   -0.269354E-04    0.267614E-04   -0.258726E-04
 7.12529   -0.267513E-04    0.266203E-04   -0.256064E-04
 7.14332   -0.265684E-04    0.264874E-04   -0.253421E-04
 7.16134   -0.263869E-04    0.263552E-04   -0.250799E-04
 7.17937   -0.262067E-04    0.262237E-04   -0.248196E-04
 7.19739   -0.260279E-04    0.260928E-04   -0.245613E-04
 7.21542   -0.258503E-04    0.259626E-04   -0.243050E-04
 7.23345   -0.256741E-04    0.258330E-04   -0.240506E-04
 7.25147   -0.254992E-04    0.257042E-04   -0.237982E-04
 7.26950   -0.253256E-04    0.255760E-04   -0.235478E-04
 7.28753   -0.251533E-04    0.254484E-04   -0.232992E-04
 7.30555   -0.249823E-04    0.253216E-04   -0.230527E-04
 7.32358   -0.248127E-04    0.251954E-04   -0.228080E-04
 7.34160   -0.246443E-04    0.250699E-04   -0.225652E-04
 7.35963   -0.244773E-04    0.249451E-04   -0.223244E-04
 7.37766   -0.243115E-04    0.248209E-04   -0.220854E-04
 7.39568   -0.241471E-04    0.246975E-04   -0.218483E-04
 7.41371   -0.239839E-04    0.245747E-04   -0.216131E-04
 7.43173   -0.238221E-04    0.244526E-04   -0.213797E-04
 7.44976   -0.236615E-04    0.243312E-04   -0.211485E-04
 7.46779   -0.235022E-04    0.242104E-04   -0.209186E-04
 7.48581   -0.233442E-04    0.240904E-04   -0.206908E-04
 7.50384   -0.231875E-04    0.239710E-04   -0.204649E-04
 7.52186   -0.230320E-04    0.238523E-04   -0.202406E-04
 7.53989   -0.228778E-04    0.237343E-04   -0.200182E-04
 7.55792   -0.227248E-04    0.236169E-04   -0.197977E-04
 7.57594   -0.225731E-04    0.235002E-04   -0.195789E-04
 7.59397   -0.224227E-04    0.233842E-04   -0.193618E-04
 7.61199   -0.222734E-04    0.232689E-04   -0.191466E-04
 7.63002   -0.221254E-04    0.231543E-04   -0.189331E-04
 7.64805   -0.219787E-04    0.230403E-04   -0.187213E-04
 7.66607   -0.218331E-04    0.229269E-04   -0.185113E-04
 7.68410   -0.216887E-04    0.228143E-04   -0.183029E-04
 7.70212   -0.215456E-04    0.227023E-04   -0.180963E-04
 7.72015   -0.214036E-04    0.225909E-04   -0.178914E-04
 7.73818   -0.212628E-04    0.224802E-04   -0.176882E-04
 7.75620   -0.211232E-04    0.223702E-04   -0.174866E-04
 7.77423   -0.209848E-04    0.222608E-04   -0.172867E-04
 7.79225   -0.208475E-04    0.221521E-04   -0.170885E-04
 7.81028   -0.207114E-04    0.220440E-04   -0.168919E-04
 7.82831   -0.205764E-04    0.219365E-04   -0.166970E-04
 7.84633   -0.204425E-04    0.218297E-04   -0.165036E-04
 7.86436   -0.203098E-04    0.217235E-04   -0.163119E-04
 7.88238   -0.201782E-04    0.216180E-04   -0.161218E-04
 7.90041   -0.200477E-04    0.215130E-04   -0.159333E-04
 7.91844   -0.199182E-04    0.214088E-04   -0.157463E-04
 7.93646   -0.197899E-04    0.213051E-04   -0.155611E-04
 7.95449   -0.196626E-04    0.212020E-04   -0.153772E-04
 7.97252   -0.195364E-04    0.210996E-04   -0.151949E-04
 7.99054   -0.194113E-04    0.209977E-04   -0.150141E-04
 8.00857   -0.192872E-04    0.208965E-04   -0.148349E-04
 8.02659   -0.191641E-04    0.207959E-04   -0.146571E-04
 8.04462   -0.190421E-04    0.206959E-04   -0.144809E-04
 8.06265   -0.189210E-04    0.205964E-04   -0.143061E-04
 8.08067   -0.188010E-04    0.204976E-04   -0.141329E-04
 8.09870   -0.186820E-04    0.203993E-04   -0.139610E-04
 8.11672   -0.185640E-04    0.203016E-04   -0.137907E-04
 8.13475   -0.184469E-04    0.202045E-04   -0.136217E-04
 8.15278   -0.183309E-04    0.201080E-04   -0.134542E-04
 8.17080   -0.182157E-04    0.200121E-04   -0.132882E-04
 8.18883   -0.181016E-04    0.199167E-04   -0.131235E-04
 8.20685   -0.179883E-04    0.198218E-04   -0.129602E-04
 8.22488   -0.178760E-04    0.197276E-04   -0.127983E-04
 8.24291   -0.177647E-04    0.196339E-04   -0.126378E-04
 8.26093   -0.176542E-04    0.195407E-04   -0.124787E-04
 8.27896   -0.175446E-04    0.194481E-04   -0.123209E-04
 8.29698   -0.174360E-04    0.193560E-04   -0.121645E-04
 8.31501   -0.173282E-04    0.192645E-04   -0.120094E-04
 8.33304   -0.172213E-04    0.191735E-04   -0.118556E-04
 8.35106   -0.171152E-04    0.190830E-04   -0.117032E-04
 8.36909   -0.170101E-04    0.189931E-04   -0.115520E-04
 8.38711   -0.169058E-04    0.189037E-04   -0.114021E-04
 8.40514   -0.168023E-04    0.188148E-04   -0.112536E-04
 8.42317   -0.166996E-04    0.187264E-04   -0.111063E-04
 8.44119   -0.165978E-04    0.186385E-04   -0.109602E-04
 8.45922   -0.164968E-04    0.185512E-04   -0.108155E-04
 8.47724   -0.163967E-04    0.184643E-04   -0.106719E-04
 8.49527   -0.162973E-04    0.183780E-04   -0.105296E-04
 8.51330   -0.161987E-04    0.182922E-04   -0.103885E-04
 8.53132   -0.161010E-04    0.182068E-04   -0.102487E-04
 8.54935   -0.160040E-04    0.181220E-04   -0.101100E-04
 8.56737   -0.159077E-04    0.180376E-04   -0.997259E-05
 8.58540   -0.158123E-04    0.179537E-04   -0.983634E-05
 8.60343   -0.157176E-04    0.178704E-04   -0.970127E-05
 8.62145   -0.156237E-04    0.177875E-04   -0.956737E-05
 8.63948   -0.155305E-04    0.177051E-04   -0.943463E-05
 8.65751   -0.154381E-04    0.176231E-04   -0.930304E-05
 8.67553   -0.153464E-04    0.175416E-04   -0.917260E-05
 8.69356   -0.152555E-04    0.174607E-04   -0.904331E-05
 8.71158   -0.151653E-04    0.173801E-04   -0.891513E-05
 8.72961   -0.150758E-04    0.173001E-04   -0.878808E-05
 8.74764   -0.149870E-04    0.172205E-04   -0.866214E-05
 8.76566   -0.148989E-04    0.171413E-04   -0.853730E-05
 8.78369   -0.148115E-04    0.170627E-04   -0.841356E-05
 8.80171   -0.147248E-04    0.169844E-04   -0.829090E-05
 8.81974   -0.146388E-04    0.169067E-04   -0.816931E-05
 8.83777   -0.145535E-04    0.168293E-04   -0.804880E-05
 8.85579   -0.144688E-04    0.167525E-04   -0.792935E-05
 8.87382   -0.143849E-04    0.166760E-04   -0.781095E-05
 8.89184   -0.143016E-04    0.166000E-04   -0.769359E-05
 8.90987   -0.142189E-04    0.165245E-04   -0.757727E-05
 8.92790   -0.141369E-04    0.164493E-04   -0.746198E-05
 8.94592   -0.140555E-04    0.163746E-04   -0.734770E-05
 8.96395   -0.139748E-04    0.163004E-04   -0.723443E-05
 8.98197   -0.138947E-04    0.162265E-04   -0.712217E-05
 9.00000   -0.138153E-04    0.161531E-04   -0.701090E-05
