 0.00500    0.251024E-01   -0.128291E-01    0.975502E-02
 0.02303    0.205248E-01   -0.105401E-01    0.803766E-02
 0.04105    0.178508E-01   -0.920237E-02    0.703328E-02
 0.05908    0.159072E-01   -0.822962E-02    0.630217E-02
 0.07710    0.143782E-01   -0.746395E-02    0.572599E-02
 0.09513    0.131225E-01   -0.683475E-02    0.525186E-02
 0.11316    0.120621E-01   -0.630305E-02    0.485060E-02
 0.13118    0.111492E-01   -0.584491E-02    0.450428E-02
 0.14921    0.103518E-01   -0.544437E-02    0.420097E-02
 0.16723    0.964740E-02   -0.509024E-02    0.393229E-02
 0.18526    0.901950E-02   -0.477426E-02    0.369208E-02
 0.20329    0.845560E-02   -0.449019E-02    0.347569E-02
 0.22131    0.794605E-02   -0.423321E-02    0.327952E-02
 0.23934    0.748315E-02   -0.399949E-02    0.310069E-02
 0.25736    0.706068E-02   -0.378593E-02    0.293692E-02
 0.27539    0.667359E-02   -0.359000E-02    0.278630E-02
 0.29342    0.631763E-02   -0.340959E-02    0.264728E-02
 0.31144    0.598924E-02   -0.324292E-02    0.251853E-02
 0.32947    0.568544E-02   -0.308852E-02    0.239894E-02
 0.34749    0.540366E-02   -0.294509E-02    0.228756E-02
 0.36552    0.514169E-02   -0.281155E-02    0.218358E-02
 0.38355    0.489759E-02   -0.268692E-02    0.208629E-02
 0.40157    0.466969E-02   -0.257038E-02    0.199506E-02
 0.41960    0.445653E-02   -0.246119E-02    0.190935E-02
 0.43763    0.425680E-02   -0.235871E-02    0.182868E-02
 0.45565    0.406937E-02   -0.226237E-02    0.175263E-02
 0.47368    0.389320E-02   -0.217166E-02    0.168082E-02
 0.49170    0.372739E-02   -0.208612E-02    0.161292E-02
 0.50973    0.357112E-02   -0.200536E-02    0.154862E-02
 0.52776    0.342366E-02   -0.192900E-02    0.148766E-02
 0.54578    0.328433E-02   -0.185671E-02    0.142978E-02
 0.56381    0.315254E-02   -0.178820E-02    0.137478E-02
 0.58183    0.302776E-02   -0.172320E-02    0.132243E-02
 0.59986    0.290949E-02   -0.166146E-02    0.127258E-02
 0.61789    0.279727E-02   -0.160277E-02    0.122505E-02
 0.63591    0.269070E-02   -0.154690E-02    0.117968E-02
 0.65394    0.258941E-02   -0.149369E-02    0.113635E-02
 0.67196    0.249305E-02   -0.144296E-02    0.109492E-02
 0.68999    0.240130E-02   -0.139455E-02    0.105528E-02
 0.70802    0.231389E-02   -0.134832E-02    0.101733E-02
 0.72604    0.223053E-02   -0.130413E-02    0.980951E-03
 0.74407    0.215099E-02   -0.126188E-02    0.946069E-03
 0.76209    0.207504E-02   -0.122143E-02    0.912596E-03
 0.78012    0.200246E-02   -0.118269E-02    0.880453E-03
 0.79815    0.193307E-02   -0.114556E-02    0.849569E-03
 0.81617    0.186668E-02   -0.110995E-02    0.819878E-03
 0.83420    0.180313E-02   -0.107579E-02    0.791315E-03
 0.85222    0.174226E-02   -0.104298E-02    0.763825E-03
 0.87025    0.168392E-02   -0.101146E-02    0.737352E-03
 0.88828    0.162798E-02   -0.981157E-03    0.711847E-03
 0.90630    0.157433E-02   -0.952016E-03    0.687263E-03
 0.92433    0.152282E-02   -0.923976E-03    0.663555E-03
 0.94235    0.147336E-02   -0.896981E-03    0.640683E-03
 0.96038    0.142585E-02   -0.870981E-03    0.618608E-03
 0.97841    0.138019E-02   -0.845926E-03    0.597294E-03
 0.99643    0.133628E-02   -0.821771E-03    0.576707E-03
 1.01446    0.129405E-02   -0.798475E-03    0.556814E-03
 1.03248    0.125341E-02   -0.775998E-03    0.537585E-03
 1.05051    0.121428E-02   -0.754302E-03    0.518993E-03
 1.06854    0.117660E-02   -0.733352E-03    0.501010E-03
 1.08656    0.114031E-02   -0.713116E-03    0.483611E-03
 1.10459    0.110533E-02   -0.693561E-03    0.466773E-03
 1.12262    0.107161E-02   -0.674658E-03    0.450474E-03
 1.14064    0.103909E-02   -0.656379E-03    0.434690E-03
 1.15867    0.100772E-02   -0.638698E-03    0.419402E-03
 1.17669    0.977457E-03   -0.621590E-03    0.404591E-03
 1.19472    0.948243E-03   -0.605030E-03    0.390239E-03
 1.21275    0.920037E-03   -0.588997E-03    0.376328E-03
 1.23077    0.892798E-03   -0.573470E-03    0.362842E-03
 1.24880    0.866484E-03   -0.558427E-03    0.349765E-03
 1.26682    0.841059E-03   -0.543852E-03    0.337083E-03
 1.28485    0.816485E-03   -0.529724E-03    0.324782E-03
 1.30288    0.792729E-03   -0.516027E-03    0.312848E-03
 1.32090    0.769758E-03   -0.502744E-03    0.301268E-03
 1.33893    0.747541E-03   -0.489859E-03    0.290029E-03
 1.35695    0.726047E-03   -0.477359E-03    0.279121E-03
 1.37498    0.705250E-03   -0.465228E-03    0.268532E-03
 1.39301    0.685122E-03   -0.453454E-03    0.258251E-03
 1.41103    0.665638E-03   -0.442022E-03    0.248268E-03
 1.42906    0.646773E-03   -0.430921E-03    0.238574E-03
 1.44708    0.628503E-03   -0.420139E-03    0.229157E-03
 1.46511    0.610809E-03   -0.409664E-03    0.220011E-03
 1.48314    0.593666E-03   -0.399487E-03    0.211127E-03
 1.50116    0.577056E-03   -0.389596E-03    0.202495E-03
 1.51919    0.560959E-03   -0.379982E-03    0.194108E-03
 1.53721    0.545357E-03   -0.370636E-03    0.185965E-03
 1.55524    0.530233E-03   -0.361549E-03    0.178046E-03
 1.57327    0.515570E-03   -0.352711E-03    0.170346E-03
 1.59129    0.501350E-03   -0.344116E-03    0.162867E-03
 1.60932    0.487559E-03   -0.335754E-03    0.155598E-03
 1.62734    0.474182E-03   -0.327619E-03    0.148533E-03
 1.64537    0.461206E-03   -0.319702E-03    0.141666E-03
 1.66340    0.448615E-03   -0.311998E-03    0.134991E-03
 1.68142    0.436399E-03   -0.304499E-03    0.128503E-03
 1.69945    0.424543E-03   -0.297199E-03    0.122196E-03
 1.71747    0.413036E-03   -0.290092E-03    0.116066E-03
 1.73550    0.401868E-03   -0.283174E-03    0.110107E-03
 1.75353    0.391026E-03   -0.276436E-03    0.104314E-03
 1.77155    0.380501E-03   -0.269874E-03    0.986832E-04
 1.78958    0.370283E-03   -0.263483E-03    0.932104E-04
 1.80761    0.360362E-03   -0.257258E-03    0.878910E-04
 1.82563    0.350728E-03   -0.251194E-03    0.827208E-04
 1.84366    0.341374E-03   -0.245287E-03    0.776965E-04
 1.86168    0.332290E-03   -0.239532E-03    0.728137E-04
 1.87971    0.323469E-03   -0.233925E-03    0.680690E-04
 1.89774    0.314904E-03   -0.228462E-03    0.634589E-04
 1.91576    0.306585E-03   -0.223139E-03    0.589798E-04
 1.93379    0.298508E-03   -0.217953E-03    0.546286E-04
 1.95181    0.290664E-03   -0.212900E-03    0.504027E-04
 1.96984    0.283049E-03   -0.207976E-03    0.462987E-04
 1.98787    0.275654E-03   -0.203179E-03    0.423138E-04
 2.00589    0.268476E-03   -0.198505E-03    0.384451E-04
 2.02392    0.261508E-03   -0.193952E-03    0.346905E-04
 2.04194    0.254745E-03   -0.189516E-03    0.310466E-04
 2.05997    0.248182E-03   -0.185195E-03    0.275116E-04
 2.07800    0.241815E-03   -0.180987E-03    0.240830E-04
 2.09602    0.235639E-03   -0.176889E-03    0.207587E-04
 2.11405    0.229650E-03   -0.172899E-03    0.175364E-04
 2.13207    0.223845E-03   -0.169014E-03    0.144145E-04
 2.15010    0.218218E-03   -0.165233E-03    0.113904E-04
 2.16813    0.212768E-03   -0.161555E-03    0.846282E-05
 2.18615    0.207490E-03   -0.157975E-03    0.562969E-05
 2.20418    0.202382E-03   -0.154494E-03    0.288935E-05
 2.22220    0.197441E-03   -0.151109E-03    0.240282E-06
 2.24023    0.192663E-03   -0.147819E-03   -0.231920E-05
 2.25826    0.188046E-03   -0.144623E-03   -0.479071E-05
 2.27628    0.183588E-03   -0.141519E-03   -0.717549E-05
 2.29431    0.179285E-03   -0.138506E-03   -0.947561E-05
 2.31233    0.175136E-03   -0.135581E-03   -0.116916E-04
 2.33036    0.171138E-03   -0.132744E-03   -0.138255E-04
 2.34839    0.167289E-03   -0.129993E-03   -0.158786E-04
 2.36641    0.163587E-03   -0.127328E-03   -0.178525E-04
 2.38444    0.160028E-03   -0.124746E-03   -0.197481E-04
 2.40246    0.156610E-03   -0.122246E-03   -0.215672E-04
 2.42049    0.153332E-03   -0.119827E-03   -0.233113E-04
 2.43852    0.150189E-03   -0.117486E-03   -0.249818E-04
 2.45654    0.147179E-03   -0.115224E-03   -0.265805E-04
 2.47457    0.144299E-03   -0.113036E-03   -0.281091E-04
 2.49260    0.141546E-03   -0.110923E-03   -0.295691E-04
 2.51062    0.138916E-03   -0.108882E-03   -0.309626E-04
 2.52865    0.136405E-03   -0.106910E-03   -0.322914E-04
 2.54667    0.134010E-03   -0.105005E-03   -0.335577E-04
 2.56470    0.131724E-03   -0.103166E-03   -0.347635E-04
 2.58273    0.129544E-03   -0.101389E-03   -0.359115E-04
 2.60075    0.127465E-03   -0.996714E-04   -0.370038E-04
 2.61878    0.125480E-03   -0.980104E-04   -0.380432E-04
 2.63680    0.123584E-03   -0.964028E-04   -0.390328E-04
 2.65483    0.121770E-03   -0.948451E-04   -0.399749E-04
 2.67286    0.120032E-03   -0.933334E-04   -0.408727E-04
 2.69088    0.118362E-03   -0.918649E-04   -0.417297E-04
 2.70891    0.116754E-03   -0.904348E-04   -0.425486E-04
 2.72693    0.115198E-03   -0.890395E-04   -0.433334E-04
 2.74496    0.113687E-03   -0.876743E-04   -0.440873E-04
 2.76299    0.112213E-03   -0.863354E-04   -0.448142E-04
 2.78101    0.110768E-03   -0.850178E-04   -0.455173E-04
 2.79904    0.109342E-03   -0.837176E-04   -0.462006E-04
 2.81706    0.107927E-03   -0.824299E-04   -0.468679E-04
 2.83509    0.106514E-03   -0.811498E-04   -0.475230E-04
 2.85312    0.105094E-03   -0.798735E-04   -0.481694E-04
 2.87114    0.103659E-03   -0.785960E-04   -0.488110E-04
 2.88917    0.102200E-03   -0.773127E-04   -0.494514E-04
 2.90719    0.100709E-03   -0.760197E-04   -0.500942E-04
 2.92522    0.991774E-04   -0.747127E-04   -0.507425E-04
 2.94325    0.975979E-04   -0.733876E-04   -0.514000E-04
 2.96127    0.959634E-04   -0.720408E-04   -0.520694E-04
 2.97930    0.942674E-04   -0.706687E-04   -0.527537E-04
 2.99732    0.925036E-04   -0.692683E-04   -0.534556E-04
 3.01535    0.906663E-04   -0.678366E-04   -0.541774E-04
 3.03338    0.887510E-04   -0.663713E-04   -0.549212E-04
 3.05140    0.867536E-04   -0.648699E-04   -0.556892E-04
 3.06943    0.846701E-04   -0.633305E-04   -0.564825E-04
 3.08745    0.824985E-04   -0.617519E-04   -0.573027E-04
 3.10548    0.802369E-04   -0.601332E-04   -0.581505E-04
 3.12351    0.778838E-04   -0.584736E-04   -0.590267E-04
 3.14153    0.754401E-04   -0.567730E-04   -0.599314E-04
 3.15956    0.729054E-04   -0.550317E-04   -0.608646E-04
 3.17759    0.702816E-04   -0.532503E-04   -0.618262E-04
 3.19561    0.675705E-04   -0.514297E-04   -0.628153E-04
 3.21364    0.647749E-04   -0.495732E-04   -0.638310E-04
 3.23166    0.618988E-04   -0.476787E-04   -0.648723E-04
 3.24969    0.589458E-04   -0.457501E-04   -0.659375E-04
 3.26772    0.559211E-04   -0.437881E-04   -0.670251E-04
 3.28574    0.528302E-04   -0.417989E-04   -0.681331E-04
 3.30377    0.496788E-04   -0.397838E-04   -0.692593E-04
 3.32179    0.464735E-04   -0.377458E-04   -0.704013E-04
 3.33982    0.432208E-04   -0.356883E-04   -0.715569E-04
 3.35785    0.399275E-04   -0.336147E-04   -0.727233E-04
 3.37587    0.366010E-04   -0.315286E-04   -0.738978E-04
 3.39390    0.332487E-04   -0.294337E-04   -0.750778E-04
 3.41192    0.298780E-04   -0.273337E-04   -0.762605E-04
 3.42995    0.264963E-04   -0.252324E-04   -0.774431E-04
 3.44798    0.231111E-04   -0.231336E-04   -0.786226E-04
 3.46600    0.197301E-04   -0.210407E-04   -0.797964E-04
 3.48403    0.163604E-04   -0.189580E-04   -0.809615E-04
 3.50205    0.130092E-04   -0.168885E-04   -0.821154E-04
 3.52008    0.968356E-05   -0.148358E-04   -0.832554E-04
 3.53811    0.638995E-05   -0.128034E-04   -0.843791E-04
 3.55613    0.313469E-05   -0.107945E-04   -0.854839E-04
 3.57416   -0.762843E-07   -0.881195E-05   -0.865677E-04
 3.59218   -0.323731E-05   -0.685865E-05   -0.876284E-04
 3.61021   -0.634324E-05   -0.493721E-05   -0.886639E-04
 3.62824   -0.938941E-05   -0.304976E-05   -0.896722E-04
 3.64626   -0.123707E-04   -0.119898E-05   -0.906513E-04
 3.66429   -0.152839E-04    0.613396E-06   -0.916015E-04
 3.68231   -0.181249E-04    0.238551E-05   -0.925193E-04
 3.70034   -0.208907E-04    0.411575E-05   -0.934044E-04
 3.71837   -0.235784E-04    0.580266E-05   -0.942556E-04
 3.73639   -0.261857E-04    0.744497E-05   -0.950720E-04
 3.75442   -0.287108E-04    0.904196E-05   -0.958529E-04
 3.77244   -0.311519E-04    0.105927E-04   -0.965977E-04
 3.79047   -0.335080E-04    0.120966E-04   -0.973059E-04
 3.80850   -0.357784E-04    0.135533E-04   -0.979773E-04
 3.82652   -0.379624E-04    0.149625E-04   -0.986116E-04
 3.84455   -0.400598E-04    0.163241E-04   -0.992089E-04
 3.86258   -0.420708E-04    0.176383E-04   -0.997692E-04
 3.88060   -0.439958E-04    0.189050E-04   -0.100293E-03
 3.89863   -0.458352E-04    0.201250E-04   -0.100779E-03
 3.91665   -0.475901E-04    0.212983E-04   -0.101230E-03
 3.93468   -0.492614E-04    0.224256E-04   -0.101645E-03
 3.95271   -0.508505E-04    0.235076E-04   -0.102024E-03
 3.97073   -0.523589E-04    0.245451E-04   -0.102369E-03
 3.98876   -0.537881E-04    0.255388E-04   -0.102679E-03
 4.00678   -0.551399E-04    0.264897E-04   -0.102957E-03
 4.02481   -0.564160E-04    0.273986E-04   -0.103201E-03
 4.04284   -0.576185E-04    0.282666E-04   -0.103414E-03
 4.06086   -0.587494E-04    0.290947E-04   -0.103596E-03
 4.07889   -0.598107E-04    0.298840E-04   -0.103747E-03
 4.09691   -0.608046E-04    0.306356E-04   -0.103869E-03
 4.11494   -0.617332E-04    0.313505E-04   -0.103963E-03
 4.13297   -0.625986E-04    0.320300E-04   -0.104029E-03
 4.15099   -0.634031E-04    0.326751E-04   -0.104068E-03
 4.16902   -0.641489E-04    0.332869E-04   -0.104082E-03
 4.18704   -0.648382E-04    0.338667E-04   -0.104070E-03
 4.20507   -0.654732E-04    0.344155E-04   -0.104035E-03
 4.22310   -0.660560E-04    0.349344E-04   -0.103976E-03
 4.24112   -0.665888E-04    0.354245E-04   -0.103896E-03
 4.25915   -0.670736E-04    0.358870E-04   -0.103793E-03
 4.27717   -0.675126E-04    0.363229E-04   -0.103671E-03
 4.29520   -0.679077E-04    0.367332E-04   -0.103528E-03
 4.31323   -0.682608E-04    0.371190E-04   -0.103367E-03
 4.33125   -0.685739E-04    0.374812E-04   -0.103187E-03
 4.34928   -0.688488E-04    0.378208E-04   -0.102990E-03
 4.36730   -0.690873E-04    0.381388E-04   -0.102777E-03
 4.38533   -0.692912E-04    0.384359E-04   -0.102547E-03
 4.40336   -0.694622E-04    0.387133E-04   -0.102303E-03
 4.42138   -0.696017E-04    0.389716E-04   -0.102044E-03
 4.43941   -0.697116E-04    0.392117E-04   -0.101771E-03
 4.45743   -0.697932E-04    0.394344E-04   -0.101485E-03
 4.47546   -0.698479E-04    0.396405E-04   -0.101186E-03
 4.49349   -0.698773E-04    0.398307E-04   -0.100876E-03
 4.51151   -0.698826E-04    0.400056E-04   -0.100554E-03
 4.52954   -0.698652E-04    0.401662E-04   -0.100222E-03
 4.54757   -0.698260E-04    0.403128E-04   -0.998787E-04
 4.56559   -0.697665E-04    0.404462E-04   -0.995261E-04
 4.58362   -0.696877E-04    0.405669E-04   -0.991642E-04
 4.60164   -0.695908E-04    0.406755E-04   -0.987935E-04
 4.61967   -0.694765E-04    0.407727E-04   -0.984145E-04
 4.63770   -0.693461E-04    0.408589E-04   -0.980275E-04
 4.65572   -0.692002E-04    0.409346E-04   -0.976331E-04
 4.67375   -0.690401E-04    0.410002E-04   -0.972317E-04
 4.69177   -0.688664E-04    0.410563E-04   -0.968235E-04
 4.70980   -0.686798E-04    0.411033E-04   -0.964090E-04
 4.72783   -0.684813E-04    0.411416E-04   -0.959885E-04
 4.74585   -0.682714E-04    0.411716E-04   -0.955624E-04
 4.76388   -0.680510E-04    0.411937E-04   -0.951310E-04
 4.78190   -0.678206E-04    0.412082E-04   -0.946946E-04
 4.79993   -0.675809E-04    0.412155E-04   -0.942534E-04
 4.81796   -0.673324E-04    0.412159E-04   -0.938078E-04
 4.83598   -0.670758E-04    0.412098E-04   -0.933581E-04
 4.85401   -0.668115E-04    0.411974E-04   -0.929044E-04
 4.87203   -0.665401E-04    0.411790E-04   -0.924471E-04
 4.89006   -0.662620E-04    0.411549E-04   -0.919864E-04
 4.90809   -0.659777E-04    0.411254E-04   -0.915225E-04
 4.92611   -0.656877E-04    0.410907E-04   -0.910556E-04
 4.94414   -0.653923E-04    0.410511E-04   -0.905860E-04
 4.96216   -0.650920E-04    0.410067E-04   -0.901138E-04
 4.98019   -0.647871E-04    0.409579E-04   -0.896393E-04
 4.99822   -0.644778E-04    0.409047E-04   -0.891626E-04
 5.01624   -0.641648E-04    0.408475E-04   -0.886839E-04
 5.03427   -0.638482E-04    0.407863E-04   -0.882035E-04
 5.05229   -0.635282E-04    0.407215E-04   -0.877214E-04
 5.07032   -0.632052E-04    0.406530E-04   -0.872378E-04
 5.08835   -0.628795E-04    0.405812E-04   -0.867529E-04
 5.10637   -0.625514E-04    0.405062E-04   -0.862669E-04
 5.12440   -0.622209E-04    0.404281E-04   -0.857799E-04
 5.14242   -0.618885E-04    0.403470E-04   -0.852921E-04
 5.16045   -0.615543E-04    0.402632E-04   -0.848036E-04
 5.17848   -0.612185E-04    0.401767E-04   -0.843146E-04
 5.19650   -0.608813E-04    0.400876E-04   -0.838251E-04
 5.21453   -0.605430E-04    0.399962E-04   -0.833353E-04
 5.23256   -0.602037E-04    0.399024E-04   -0.828454E-04
 5.25058   -0.598635E-04    0.398065E-04   -0.823555E-04
 5.26861   -0.595225E-04    0.397085E-04   -0.818656E-04
 5.28663   -0.591811E-04    0.396085E-04   -0.813759E-04
 5.30466   -0.588392E-04    0.395066E-04   -0.808864E-04
 5.32269   -0.584971E-04    0.394029E-04   -0.803974E-04
 5.34071   -0.581550E-04    0.392976E-04   -0.799088E-04
 5.35874   -0.578127E-04    0.391906E-04   -0.794207E-04
 5.37676   -0.574706E-04    0.390821E-04   -0.789332E-04
 5.39479   -0.571288E-04    0.389722E-04   -0.784464E-04
 5.41282   -0.567873E-04    0.388610E-04   -0.779604E-04
 5.43084   -0.564463E-04    0.387484E-04   -0.774753E-04
 5.44887   -0.561058E-04    0.386346E-04   -0.769911E-04
 5.46689   -0.557659E-04    0.385197E-04   -0.765076E-04
 5.48492   -0.554268E-04    0.384038E-04   -0.760250E-04
 5.50295   -0.550885E-04    0.382868E-04   -0.755435E-04
 5.52097   -0.547512E-04    0.381688E-04   -0.750629E-04
 5.53900   -0.544146E-04    0.380500E-04   -0.745834E-04
 5.55702   -0.540794E-04    0.379304E-04   -0.741051E-04
 5.57505   -0.537453E-04    0.378101E-04   -0.736278E-04
 5.59308   -0.534123E-04    0.376890E-04   -0.731518E-04
 5.61110   -0.530806E-04    0.375672E-04   -0.726770E-04
 5.62913   -0.527503E-04    0.374449E-04   -0.722035E-04
 5.64715   -0.524214E-04    0.373221E-04   -0.717313E-04
 5.66518   -0.520940E-04    0.371987E-04   -0.712605E-04
 5.68321   -0.517680E-04    0.370749E-04   -0.707910E-04
 5.70123   -0.514437E-04    0.369507E-04   -0.703230E-04
 5.71926   -0.511211E-04    0.368262E-04   -0.698565E-04
 5.73728   -0.508001E-04    0.367014E-04   -0.693915E-04
 5.75531   -0.504808E-04    0.365763E-04   -0.689281E-04
 5.77334   -0.501633E-04    0.364510E-04   -0.684664E-04
 5.79136   -0.498477E-04    0.363255E-04   -0.680062E-04
 5.80939   -0.495340E-04    0.361998E-04   -0.675478E-04
 5.82741   -0.492221E-04    0.360741E-04   -0.670911E-04
 5.84544   -0.489122E-04    0.359482E-04   -0.666362E-04
 5.86347   -0.486042E-04    0.358224E-04   -0.661831E-04
 5.88149   -0.482983E-04    0.356965E-04   -0.657318E-04
 5.89952   -0.479943E-04    0.355706E-04   -0.652823E-04
 5.91755   -0.476924E-04    0.354448E-04   -0.648348E-04
 5.93557   -0.473926E-04    0.353190E-04   -0.643892E-04
 5.95360   -0.470948E-04    0.351933E-04   -0.639454E-04
 5.97162   -0.467991E-04    0.350678E-04   -0.635037E-04
 5.98965   -0.465055E-04    0.349424E-04   -0.630639E-04
 6.00768   -0.462140E-04    0.348171E-04   -0.626260E-04
 6.02570   -0.459246E-04    0.346920E-04   -0.621902E-04
 6.04373   -0.456374E-04    0.345671E-04   -0.617564E-04
 6.06175   -0.453522E-04    0.344424E-04   -0.613246E-04
 6.07978   -0.450691E-04    0.343180E-04   -0.608949E-04
 6.09781   -0.447881E-04    0.341937E-04   -0.604672E-04
 6.11583   -0.445093E-04    0.340696E-04   -0.600415E-04
 6.13386   -0.442324E-04    0.339458E-04   -0.596179E-04
 6.15188   -0.439577E-04    0.338222E-04   -0.591964E-04
 6.16991   -0.436849E-04    0.336989E-04   -0.587769E-04
 6.18794   -0.434142E-04    0.335758E-04   -0.583594E-04
 6.20596   -0.431455E-04    0.334529E-04   -0.579441E-04
 6.22399   -0.428787E-04    0.333303E-04   -0.575308E-04
 6.24201   -0.426138E-04    0.332080E-04   -0.571195E-04
 6.26004   -0.423509E-04    0.330859E-04   -0.567103E-04
 6.27807   -0.420898E-04    0.329640E-04   -0.563032E-04
 6.29609   -0.418306E-04    0.328423E-04   -0.558981E-04
 6.31412   -0.415732E-04    0.327209E-04   -0.554950E-04
 6.33214   -0.413175E-04    0.325997E-04   -0.550940E-04
 6.35017   -0.410638E-04    0.324787E-04   -0.546950E-04
 6.36820   -0.408116E-04    0.323580E-04   -0.542980E-04
 6.38622   -0.405610E-04    0.322374E-04   -0.539030E-04
 6.40425   -0.403122E-04    0.321170E-04   -0.535100E-04
 6.42227   -0.400650E-04    0.319968E-04   -0.531190E-04
 6.44030   -0.398192E-04    0.318768E-04   -0.527300E-04
 6.45833   -0.395751E-04    0.317569E-04   -0.523430E-04
 6.47635   -0.393324E-04    0.316372E-04   -0.519579E-04
 6.49438   -0.390912E-04    0.315177E-04   -0.515747E-04
 6.51240   -0.388515E-04    0.313983E-04   -0.511935E-04
 6.53043   -0.386130E-04    0.312791E-04   -0.508142E-04
 6.54846   -0.383761E-04    0.311600E-04   -0.504369E-04
 6.56648   -0.381405E-04    0.310411E-04   -0.500614E-04
 6.58451   -0.379062E-04    0.309222E-04   -0.496879E-04
 6.60254   -0.376732E-04    0.308035E-04   -0.493162E-04
 6.62056   -0.374415E-04    0.306849E-04   -0.489465E-04
 6.63859   -0.372109E-04    0.305664E-04   -0.485786E-04
 6.65661   -0.369817E-04    0.304481E-04   -0.482126E-04
 6.67464   -0.367535E-04    0.303298E-04   -0.478484E-04
 6.69267   -0.365266E-04    0.302117E-04   -0.474861E-04
 6.71069   -0.363008E-04    0.300936E-04   -0.471257E-04
 6.72872   -0.360762E-04    0.299757E-04   -0.467670E-04
 6.74674   -0.358527E-04    0.298579E-04   -0.464102E-04
 6.76477   -0.356303E-04    0.297402E-04   -0.460553E-04
 6.78280   -0.354089E-04    0.296226E-04   -0.457021E-04
 6.80082   -0.351888E-04    0.295051E-04   -0.453508E-04
 6.81885   -0.349697E-04    0.293877E-04   -0.450014E-04
 6.83687   -0.347516E-04    0.292704E-04   -0.446537E-04
 6.85490   -0.345346E-04    0.291533E-04   -0.443078E-04
 6.87293   -0.343187E-04    0.290363E-04   -0.439637E-04
 6.89095   -0.341039E-04    0.289194E-04   -0.436215E-04
 6.90898   -0.338902E-04    0.288027E-04   -0.432811E-04
 6.92700   -0.336774E-04    0.286862E-04   -0.429424E-04
 6.94503   -0.334658E-04    0.285698E-04   -0.426056E-04
 6.96306   -0.332553E-04    0.284535E-04   -0.422705E-04
 6.98108   -0.330457E-04    0.283374E-04   -0.419373E-04
 6.99911   -0.328373E-04    0.282215E-04   -0.416059E-04
 7.01713   -0.326300E-04    0.281058E-04   -0.412762E-04
 7.03516   -0.324237E-04    0.279903E-04   -0.409484E-04
 7.05319   -0.322186E-04    0.278750E-04   -0.406223E-04
 7.07121   -0.320145E-04    0.277599E-04   -0.402981E-04
 7.08924   -0.318114E-04    0.276451E-04   -0.399756E-04
 7.10726   -0.316096E-04    0.275304E-04   -0.396550E-04
 7.12529   -0.314088E-04    0.274160E-04   -0.393361E-04
 7.14332   -0.312091E-04    0.273018E-04   -0.390191E-04
 7.16134   -0.310105E-04    0.271879E-04   -0.387038E-04
 7.17937   -0.308130E-04    0.270742E-04   -0.383903E-04
 7.19739   -0.306167E-04    0.269609E-04   -0.380787E-04
 7.21542   -0.304214E-04    0.268477E-04   -0.377688E-04
 7.23345   -0.302273E-04    0.267349E-04   -0.374605E-04
 7.25147   -0.300344E-04    0.266224E-04   -0.371542E-04
 7.26950   -0.298425E-04    0.265102E-04   -0.368497E-04
 7.28753   -0.296519E-04    0.263983E-04   -0.365470E-04
 7.30555   -0.294623E-04    0.262867E-04   -0.362460E-04
 7.32358   -0.292739E-04    0.261754E-04   -0.359469E-04
 7.34160   -0.290867E-04    0.260645E-04   -0.356495E-04
 7.35963   -0.289007E-04    0.259539E-04   -0.353538E-04
 7.37766   -0.287157E-04    0.258436E-04   -0.350600E-04
 7.39568   -0.285320E-04    0.257337E-04   -0.347680E-04
 7.41371   -0.283495E-04    0.256242E-04   -0.344777E-04
 7.43173   -0.281681E-04    0.255150E-04   -0.341892E-04
 7.44976   -0.279879E-04    0.254062E-04   -0.339024E-04
 7.46779   -0.278088E-04    0.252977E-04   -0.336175E-04
 7.48581   -0.276310E-04    0.251896E-04   -0.333342E-04
 7.50384   -0.274543E-04    0.250820E-04   -0.330528E-04
 7.52186   -0.272788E-04    0.249747E-04   -0.327731E-04
 7.53989   -0.271045E-04    0.248678E-04   -0.324951E-04
 7.55792   -0.269314E-04    0.247613E-04   -0.322189E-04
 7.57594   -0.267594E-04    0.246552E-04   -0.319444E-04
 7.59397   -0.265887E-04    0.245495E-04   -0.316717E-04
 7.61199   -0.264191E-04    0.244442E-04   -0.314007E-04
 7.63002   -0.262506E-04    0.243394E-04   -0.311314E-04
 7.64805   -0.260834E-04    0.242349E-04   -0.308639E-04
 7.66607   -0.259173E-04    0.241309E-04   -0.305980E-04
 7.68410   -0.257525E-04    0.240273E-04   -0.303339E-04
 7.70212   -0.255888E-04    0.239242E-04   -0.300715E-04
 7.72015   -0.254263E-04    0.238214E-04   -0.298108E-04
 7.73818   -0.252649E-04    0.237191E-04   -0.295518E-04
 7.75620   -0.251047E-04    0.236173E-04   -0.292945E-04
 7.77423   -0.249457E-04    0.235158E-04   -0.290389E-04
 7.79225   -0.247878E-04    0.234148E-04   -0.287849E-04
 7.81028   -0.246311E-04    0.233143E-04   -0.285327E-04
 7.82831   -0.244756E-04    0.232142E-04   -0.282821E-04
 7.84633   -0.243212E-04    0.231145E-04   -0.280331E-04
 7.86436   -0.241679E-04    0.230153E-04   -0.277859E-04
 7.88238   -0.240159E-04    0.229166E-04   -0.275402E-04
 7.90041   -0.238648E-04    0.228182E-04   -0.272971E-04
 7.91844   -0.237151E-04    0.227204E-04   -0.270548E-04
 7.93646   -0.235664E-04    0.226230E-04   -0.268141E-04
 7.95449   -0.234188E-04    0.225260E-04   -0.265750E-04
 7.97252   -0.232724E-04    0.224295E-04   -0.263375E-04
 7.99054   -0.231271E-04    0.223335E-04   -0.261017E-04
 8.00857   -0.229829E-04    0.222379E-04   -0.258674E-04
 8.02659   -0.228398E-04    0.221427E-04   -0.256348E-04
 8.04462   -0.226978E-04    0.220480E-04   -0.254038E-04
 8.06265   -0.225569E-04    0.219538E-04   -0.251743E-04
 8.08067   -0.224171E-04    0.218600E-04   -0.249456E-04
 8.09870   -0.222784E-04    0.217667E-04   -0.247193E-04
 8.11672   -0.221407E-04    0.216739E-04   -0.244946E-04
 8.13475   -0.220042E-04    0.215814E-04   -0.242714E-04
 8.15278   -0.218687E-04    0.214895E-04   -0.240497E-04
 8.17080   -0.217342E-04    0.213980E-04   -0.238296E-04
 8.18883   -0.216008E-04    0.213069E-04   -0.236110E-04
 8.20685   -0.214684E-04    0.212163E-04   -0.233940E-04
 8.22488   -0.213371E-04    0.211261E-04   -0.231784E-04
 8.24291   -0.212068E-04    0.210364E-04   -0.229644E-04
 8.26093   -0.210775E-04    0.209471E-04   -0.227519E-04
 8.27896   -0.209492E-04    0.208583E-04   -0.225408E-04
 8.29698   -0.208220E-04    0.207699E-04   -0.223313E-04
 8.31501   -0.206957E-04    0.206819E-04   -0.221232E-04
 8.33304   -0.205704E-04    0.205944E-04   -0.219166E-04
 8.35106   -0.204461E-04    0.205073E-04   -0.217114E-04
 8.36909   -0.203228E-04    0.204207E-04   -0.215077E-04
 8.38711   -0.202004E-04    0.203345E-04   -0.213054E-04
 8.40514   -0.200790E-04    0.202487E-04   -0.211046E-04
 8.42317   -0.199586E-04    0.201633E-04   -0.209052E-04
 8.44119   -0.198390E-04    0.200784E-04   -0.207072E-04
 8.45922   -0.197204E-04    0.199939E-04   -0.205106E-04
 8.47724   -0.196028E-04    0.199098E-04   -0.203155E-04
 8.49527   -0.194860E-04    0.198261E-04   -0.201217E-04
 8.51330   -0.193701E-04    0.197429E-04   -0.199293E-04
 8.53132   -0.192552E-04    0.196601E-04   -0.197382E-04
 8.54935   -0.191411E-04    0.195776E-04   -0.195486E-04
 8.56737   -0.190279E-04    0.194956E-04   -0.193603E-04
 8.58540   -0.189156E-04    0.194140E-04   -0.191733E-04
 8.60343   -0.188042E-04    0.193328E-04   -0.189877E-04
 8.62145   -0.186937E-04    0.192521E-04   -0.188034E-04
 8.63948   -0.185839E-04    0.191717E-04   -0.186205E-04
 8.65751   -0.184750E-04    0.190917E-04   -0.184388E-04
 8.67553   -0.183670E-04    0.190121E-04   -0.182585E-04
 8.69356   -0.182598E-04    0.189329E-04   -0.180795E-04
 8.71158   -0.181534E-04    0.188542E-04   -0.179017E-04
 8.72961   -0.180478E-04    0.187758E-04   -0.177253E-04
 8.74764   -0.179431E-04    0.186978E-04   -0.175501E-04
 8.76566   -0.178391E-04    0.186202E-04   -0.173762E-04
 8.78369   -0.177360E-04    0.185429E-04   -0.172036E-04
 8.80171   -0.176336E-04    0.184661E-04   -0.170322E-04
 8.81974   -0.175320E-04    0.183896E-04   -0.168621E-04
 8.83777   -0.174312E-04    0.183135E-04   -0.166932E-04
 8.85579   -0.173311E-04    0.182378E-04   -0.165255E-04
 8.87382   -0.172318E-04    0.181625E-04   -0.163590E-04
 8.89184   -0.171332E-04    0.180875E-04   -0.161938E-04
 8.90987   -0.170354E-04    0.180129E-04   -0.160298E-04
 8.92790   -0.169383E-04    0.179387E-04   -0.158669E-04
 8.94592   -0.168420E-04    0.178649E-04   -0.157053E-04
 8.96395   -0.167464E-04    0.177913E-04   -0.155448E-04
 8.98197   -0.166515E-04    0.177183E-04   -0.153856E-04
 9.00000   -0.165573E-04    0.176455E-04   -0.152275E-04
