 0.00500    0.494822E-01   -0.240062E-01    0.173396E-01
 0.02303    0.398349E-01   -0.191837E-01    0.137238E-01
 0.04105    0.342826E-01   -0.164090E-01    0.116454E-01
 0.05908    0.302843E-01   -0.144120E-01    0.101512E-01
 0.07710    0.271628E-01   -0.128540E-01    0.898710E-02
 0.09513    0.246162E-01   -0.115838E-01    0.803960E-02
 0.11316    0.224789E-01   -0.105187E-01    0.724641E-02
 0.13118    0.206492E-01   -0.960769E-02    0.656928E-02
 0.14921    0.190596E-01   -0.881701E-02    0.598278E-02
 0.16723    0.176627E-01   -0.812290E-02    0.546906E-02
 0.18526    0.164237E-01   -0.750794E-02    0.501498E-02
 0.20329    0.153165E-01   -0.695903E-02    0.461067E-02
 0.22131    0.143206E-01   -0.646598E-02    0.424844E-02
 0.23934    0.134202E-01   -0.602073E-02    0.392222E-02
 0.25736    0.126021E-01   -0.561679E-02    0.362712E-02
 0.27539    0.118558E-01   -0.524881E-02    0.335908E-02
 0.29342    0.111725E-01   -0.491242E-02    0.311481E-02
 0.31144    0.105448E-01   -0.460391E-02    0.289151E-02
 0.32947    0.996658E-02   -0.432017E-02    0.268682E-02
 0.34749    0.943243E-02   -0.405851E-02    0.249873E-02
 0.36552    0.893779E-02   -0.381665E-02    0.232549E-02
 0.38355    0.847873E-02   -0.359260E-02    0.216561E-02
 0.40157    0.805181E-02   -0.338463E-02    0.201779E-02
 0.41960    0.765401E-02   -0.319124E-02    0.188087E-02
 0.43763    0.728267E-02   -0.301108E-02    0.175385E-02
 0.45565    0.693549E-02   -0.284300E-02    0.163585E-02
 0.47368    0.661035E-02   -0.268594E-02    0.152607E-02
 0.49170    0.630540E-02   -0.253896E-02    0.142380E-02
 0.50973    0.601900E-02   -0.240125E-02    0.132842E-02
 0.52776    0.574967E-02   -0.227205E-02    0.123938E-02
 0.54578    0.549609E-02   -0.215071E-02    0.115616E-02
 0.56381    0.525703E-02   -0.203660E-02    0.107830E-02
 0.58183    0.503142E-02   -0.192919E-02    0.100539E-02
 0.59986    0.481826E-02   -0.182799E-02    0.937063E-03
 0.61789    0.461669E-02   -0.173254E-02    0.872980E-03
 0.63591    0.442589E-02   -0.164245E-02    0.812833E-03
 0.65394    0.424510E-02   -0.155733E-02    0.756338E-03
 0.67196    0.407364E-02   -0.147684E-02    0.703240E-03
 0.68999    0.391091E-02   -0.140068E-02    0.653303E-03
 0.70802    0.375633E-02   -0.132856E-02    0.606313E-03
 0.72604    0.360938E-02   -0.126021E-02    0.562075E-03
 0.74407    0.346958E-02   -0.119541E-02    0.520406E-03
 0.76209    0.333649E-02   -0.113391E-02    0.481139E-03
 0.78012    0.320971E-02   -0.107553E-02    0.444113E-03
 0.79815    0.308884E-02   -0.102007E-02    0.409206E-03
 0.81617    0.297356E-02   -0.967354E-03    0.376268E-03
 0.83420    0.286352E-02   -0.917225E-03    0.345185E-03
 0.85222    0.275845E-02   -0.869531E-03    0.315843E-03
 0.87025    0.265804E-02   -0.824131E-03    0.288138E-03
 0.88828    0.256205E-02   -0.780895E-03    0.261973E-03
 0.90630    0.247024E-02   -0.739702E-03    0.237257E-03
 0.92433    0.238237E-02   -0.700440E-03    0.213906E-03
 0.94235    0.229824E-02   -0.663006E-03    0.191841E-03
 0.96038    0.221766E-02   -0.627300E-03    0.170990E-03
 0.97841    0.214044E-02   -0.593233E-03    0.151286E-03
 0.99643    0.206641E-02   -0.560717E-03    0.132665E-03
 1.01446    0.199541E-02   -0.529674E-03    0.115067E-03
 1.03248    0.192729E-02   -0.500025E-03    0.984356E-04
 1.05051    0.186190E-02   -0.471701E-03    0.827179E-04
 1.06854    0.179911E-02   -0.444636E-03    0.678648E-04
 1.08656    0.173880E-02   -0.418766E-03    0.538305E-04
 1.10459    0.168085E-02   -0.394035E-03    0.405724E-04
 1.12262    0.162515E-02   -0.370387E-03    0.280500E-04
 1.14064    0.157160E-02   -0.347761E-03    0.162248E-04
 1.15867    0.152010E-02   -0.326135E-03    0.506102E-05
 1.17669    0.147055E-02   -0.305435E-03   -0.547534E-05
 1.19472    0.142287E-02   -0.285627E-03   -0.154165E-04
 1.21275    0.137697E-02   -0.266670E-03   -0.247923E-04
 1.23077    0.133277E-02   -0.248525E-03   -0.336316E-04
 1.24880    0.129021E-02   -0.231154E-03   -0.419607E-04
 1.26682    0.124920E-02   -0.214523E-03   -0.498054E-04
 1.28485    0.120969E-02   -0.198599E-03   -0.571894E-04
 1.30288    0.117161E-02   -0.183350E-03   -0.641360E-04
 1.32090    0.113489E-02   -0.168746E-03   -0.706665E-04
 1.33893    0.109949E-02   -0.154759E-03   -0.768014E-04
 1.35695    0.106535E-02   -0.141363E-03   -0.825603E-04
 1.37498    0.103241E-02   -0.128533E-03   -0.879595E-04
 1.39301    0.100063E-02   -0.116243E-03   -0.930180E-04
 1.41103    0.969963E-03   -0.104472E-03   -0.977514E-04
 1.42906    0.940364E-03   -0.931983E-04   -0.102175E-03
 1.44708    0.911791E-03   -0.824003E-04   -0.106305E-03
 1.46511    0.884202E-03   -0.720585E-04   -0.110154E-03
 1.48314    0.857561E-03   -0.621542E-04   -0.113735E-03
 1.50116    0.831830E-03   -0.526693E-04   -0.117062E-03
 1.51919    0.806976E-03   -0.435874E-04   -0.120146E-03
 1.53721    0.782966E-03   -0.348925E-04   -0.122998E-03
 1.55524    0.759768E-03   -0.265692E-04   -0.125629E-03
 1.57327    0.737353E-03   -0.186030E-04   -0.128049E-03
 1.59129    0.715693E-03   -0.109803E-04   -0.130268E-03
 1.60932    0.694760E-03   -0.368779E-05   -0.132294E-03
 1.62734    0.674529E-03    0.328708E-05   -0.134136E-03
 1.64537    0.654975E-03    0.995624E-05   -0.135804E-03
 1.66340    0.636075E-03    0.163310E-04   -0.137303E-03
 1.68142    0.617807E-03    0.224221E-04   -0.138643E-03
 1.69945    0.600149E-03    0.282395E-04   -0.139828E-03
 1.71747    0.583082E-03    0.337932E-04   -0.140867E-03
 1.73550    0.566586E-03    0.390921E-04   -0.141764E-03
 1.75353    0.550644E-03    0.441449E-04   -0.142527E-03
 1.77155    0.535239E-03    0.489599E-04   -0.143160E-03
 1.78958    0.520354E-03    0.535448E-04   -0.143669E-03
 1.80761    0.505975E-03    0.579066E-04   -0.144058E-03
 1.82563    0.492086E-03    0.620527E-04   -0.144332E-03
 1.84366    0.478674E-03    0.659891E-04   -0.144494E-03
 1.86168    0.465727E-03    0.697217E-04   -0.144550E-03
 1.87971    0.453234E-03    0.732563E-04   -0.144501E-03
 1.89774    0.441182E-03    0.765978E-04   -0.144352E-03
 1.91576    0.429563E-03    0.797510E-04   -0.144105E-03
 1.93379    0.418366E-03    0.827204E-04   -0.143763E-03
 1.95181    0.407583E-03    0.855100E-04   -0.143328E-03
 1.96984    0.397205E-03    0.881238E-04   -0.142803E-03
 1.98787    0.387225E-03    0.905651E-04   -0.142189E-03
 2.00589    0.377636E-03    0.928370E-04   -0.141488E-03
 2.02392    0.368431E-03    0.949428E-04   -0.140703E-03
 2.04194    0.359603E-03    0.968850E-04   -0.139834E-03
 2.05997    0.351148E-03    0.986664E-04   -0.138883E-03
 2.07800    0.343059E-03    0.100290E-03   -0.137851E-03
 2.09602    0.335331E-03    0.101757E-03   -0.136739E-03
 2.11405    0.327960E-03    0.103070E-03   -0.135548E-03
 2.13207    0.320938E-03    0.104232E-03   -0.134279E-03
 2.15010    0.314263E-03    0.105244E-03   -0.132934E-03
 2.16813    0.307927E-03    0.106110E-03   -0.131513E-03
 2.18615    0.301926E-03    0.106832E-03   -0.130018E-03
 2.20418    0.296253E-03    0.107412E-03   -0.128451E-03
 2.22220    0.290902E-03    0.107853E-03   -0.126813E-03
 2.24023    0.285865E-03    0.108159E-03   -0.125105E-03
 2.25826    0.281135E-03    0.108334E-03   -0.123330E-03
 2.27628    0.276702E-03    0.108381E-03   -0.121491E-03
 2.29431    0.272557E-03    0.108306E-03   -0.119591E-03
 2.31233    0.268688E-03    0.108112E-03   -0.117631E-03
 2.33036    0.265084E-03    0.107807E-03   -0.115617E-03
 2.34839    0.261732E-03    0.107396E-03   -0.113552E-03
 2.36641    0.258615E-03    0.106886E-03   -0.111442E-03
 2.38444    0.255719E-03    0.106286E-03   -0.109290E-03
 2.40246    0.253025E-03    0.105603E-03   -0.107104E-03
 2.42049    0.250516E-03    0.104847E-03   -0.104888E-03
 2.43852    0.248170E-03    0.104027E-03   -0.102651E-03
 2.45654    0.245966E-03    0.103154E-03   -0.100398E-03
 2.47457    0.243882E-03    0.102239E-03   -0.981378E-04
 2.49260    0.241893E-03    0.101294E-03   -0.958784E-04
 2.51062    0.239976E-03    0.100329E-03   -0.936280E-04
 2.52865    0.238105E-03    0.993584E-04   -0.913951E-04
 2.54667    0.236253E-03    0.983939E-04   -0.891889E-04
 2.56470    0.234396E-03    0.974481E-04   -0.870180E-04
 2.58273    0.232506E-03    0.965342E-04   -0.848914E-04
 2.60075    0.230558E-03    0.956649E-04   -0.828189E-04
 2.61878    0.228525E-03    0.948527E-04   -0.808083E-04
 2.63680    0.226383E-03    0.941096E-04   -0.788688E-04
 2.65483    0.224109E-03    0.934473E-04   -0.770083E-04
 2.67286    0.221679E-03    0.928768E-04   -0.752348E-04
 2.69088    0.219073E-03    0.924083E-04   -0.735552E-04
 2.70891    0.216271E-03    0.920510E-04   -0.719761E-04
 2.72693    0.213256E-03    0.918134E-04   -0.705034E-04
 2.74496    0.210014E-03    0.917029E-04   -0.691422E-04
 2.76299    0.206532E-03    0.917251E-04   -0.678965E-04
 2.78101    0.202798E-03    0.918856E-04   -0.667675E-04
 2.79904    0.198807E-03    0.921872E-04   -0.657618E-04
 2.81706    0.194554E-03    0.926320E-04   -0.648806E-04
 2.83509    0.190037E-03    0.932209E-04   -0.641198E-04
 2.85312    0.185256E-03    0.939534E-04   -0.634808E-04
 2.87114    0.180217E-03    0.948273E-04   -0.629619E-04
 2.88917    0.174923E-03    0.958395E-04   -0.625606E-04
 2.90719    0.169385E-03    0.969858E-04   -0.622734E-04
 2.92522    0.163614E-03    0.982603E-04   -0.620958E-04
 2.94325    0.157623E-03    0.996562E-04   -0.620225E-04
 2.96127    0.151427E-03    0.101166E-03   -0.620477E-04
 2.97930    0.145044E-03    0.102780E-03   -0.621646E-04
 2.99732    0.138494E-03    0.104489E-03   -0.623660E-04
 3.01535    0.131796E-03    0.106283E-03   -0.626443E-04
 3.03338    0.124970E-03    0.108153E-03   -0.629917E-04
 3.05140    0.118040E-03    0.110085E-03   -0.633998E-04
 3.06943    0.111027E-03    0.112071E-03   -0.638602E-04
 3.08745    0.103955E-03    0.114097E-03   -0.643645E-04
 3.10548    0.968452E-04    0.116154E-03   -0.649042E-04
 3.12351    0.897212E-04    0.118228E-03   -0.654710E-04
 3.14153    0.826050E-04    0.120311E-03   -0.660565E-04
 3.15956    0.755182E-04    0.122389E-03   -0.666526E-04
 3.17759    0.684814E-04    0.124455E-03   -0.672518E-04
 3.19561    0.615142E-04    0.126496E-03   -0.678468E-04
 3.21364    0.546351E-04    0.128506E-03   -0.684306E-04
 3.23166    0.478614E-04    0.130474E-03   -0.689970E-04
 3.24969    0.412090E-04    0.132393E-03   -0.695401E-04
 3.26772    0.346924E-04    0.134255E-03   -0.700544E-04
 3.28574    0.283251E-04    0.136055E-03   -0.705353E-04
 3.30377    0.221188E-04    0.137786E-03   -0.709782E-04
 3.32179    0.160840E-04    0.139442E-03   -0.713793E-04
 3.33982    0.102297E-04    0.141020E-03   -0.717352E-04
 3.35785    0.456348E-05    0.142516E-03   -0.720433E-04
 3.37587   -0.908747E-06    0.143927E-03   -0.723012E-04
 3.39390   -0.618222E-05    0.145250E-03   -0.725074E-04
 3.41192   -0.112525E-04    0.146484E-03   -0.726604E-04
 3.42995   -0.161203E-04    0.147627E-03   -0.727594E-04
 3.44798   -0.207814E-04    0.148679E-03   -0.728040E-04
 3.46600   -0.252364E-04    0.149640E-03   -0.727941E-04
 3.48403   -0.294860E-04    0.150510E-03   -0.727298E-04
 3.50205   -0.335318E-04    0.151290E-03   -0.726118E-04
 3.52008   -0.373760E-04    0.151981E-03   -0.724408E-04
 3.53811   -0.410218E-04    0.152584E-03   -0.722179E-04
 3.55613   -0.444729E-04    0.153102E-03   -0.719444E-04
 3.57416   -0.477337E-04    0.153536E-03   -0.716218E-04
 3.59218   -0.508088E-04    0.153889E-03   -0.712520E-04
 3.61021   -0.537032E-04    0.154163E-03   -0.708364E-04
 3.62824   -0.564222E-04    0.154361E-03   -0.703769E-04
 3.64626   -0.589717E-04    0.154486E-03   -0.698759E-04
 3.66429   -0.613574E-04    0.154540E-03   -0.693351E-04
 3.68231   -0.635849E-04    0.154527E-03   -0.687567E-04
 3.70034   -0.656608E-04    0.154449E-03   -0.681428E-04
 3.71837   -0.675907E-04    0.154309E-03   -0.674954E-04
 3.73639   -0.693808E-04    0.154110E-03   -0.668168E-04
 3.75442   -0.710373E-04    0.153856E-03   -0.661088E-04
 3.77244   -0.725662E-04    0.153549E-03   -0.653736E-04
 3.79047   -0.739734E-04    0.153192E-03   -0.646134E-04
 3.80850   -0.752647E-04    0.152788E-03   -0.638300E-04
 3.82652   -0.764458E-04    0.152339E-03   -0.630254E-04
 3.84455   -0.775223E-04    0.151849E-03   -0.622014E-04
 3.86258   -0.784994E-04    0.151320E-03   -0.613600E-04
 3.88060   -0.793825E-04    0.150754E-03   -0.605026E-04
 3.89863   -0.801764E-04    0.150154E-03   -0.596313E-04
 3.91665   -0.808861E-04    0.149522E-03   -0.587473E-04
 3.93468   -0.815162E-04    0.148861E-03   -0.578523E-04
 3.95271   -0.820711E-04    0.148172E-03   -0.569477E-04
 3.97073   -0.825551E-04    0.147458E-03   -0.560348E-04
 3.98876   -0.829724E-04    0.146720E-03   -0.551151E-04
 4.00678   -0.833267E-04    0.145961E-03   -0.541897E-04
 4.02481   -0.836220E-04    0.145182E-03   -0.532597E-04
 4.04284   -0.838616E-04    0.144384E-03   -0.523264E-04
 4.06086   -0.840489E-04    0.143570E-03   -0.513907E-04
 4.07889   -0.841871E-04    0.142741E-03   -0.504536E-04
 4.09691   -0.842792E-04    0.141899E-03   -0.495159E-04
 4.11494   -0.843279E-04    0.141044E-03   -0.485785E-04
 4.13297   -0.843360E-04    0.140177E-03   -0.476422E-04
 4.15099   -0.843061E-04    0.139301E-03   -0.467077E-04
 4.16902   -0.842406E-04    0.138416E-03   -0.457757E-04
 4.18704   -0.841417E-04    0.137523E-03   -0.448468E-04
 4.20507   -0.840116E-04    0.136624E-03   -0.439216E-04
 4.22310   -0.838524E-04    0.135718E-03   -0.430007E-04
 4.24112   -0.836658E-04    0.134808E-03   -0.420846E-04
 4.25915   -0.834539E-04    0.133893E-03   -0.411736E-04
 4.27717   -0.832181E-04    0.132974E-03   -0.402683E-04
 4.29520   -0.829601E-04    0.132053E-03   -0.393690E-04
 4.31323   -0.826814E-04    0.131130E-03   -0.384760E-04
 4.33125   -0.823834E-04    0.130205E-03   -0.375897E-04
 4.34928   -0.820674E-04    0.129280E-03   -0.367103E-04
 4.36730   -0.817348E-04    0.128353E-03   -0.358381E-04
 4.38533   -0.813866E-04    0.127427E-03   -0.349733E-04
 4.40336   -0.810241E-04    0.126502E-03   -0.341161E-04
 4.42138   -0.806482E-04    0.125578E-03   -0.332666E-04
 4.43941   -0.802601E-04    0.124655E-03   -0.324251E-04
 4.45743   -0.798605E-04    0.123733E-03   -0.315915E-04
 4.47546   -0.794504E-04    0.122814E-03   -0.307662E-04
 4.49349   -0.790306E-04    0.121898E-03   -0.299491E-04
 4.51151   -0.786018E-04    0.120984E-03   -0.291403E-04
 4.52954   -0.781649E-04    0.120074E-03   -0.283399E-04
 4.54757   -0.777206E-04    0.119166E-03   -0.275481E-04
 4.56559   -0.772693E-04    0.118263E-03   -0.267649E-04
 4.58362   -0.768119E-04    0.117363E-03   -0.259903E-04
 4.60164   -0.763489E-04    0.116467E-03   -0.252245E-04
 4.61967   -0.758807E-04    0.115575E-03   -0.244676E-04
 4.63770   -0.754080E-04    0.114688E-03   -0.237197E-04
 4.65572   -0.749313E-04    0.113805E-03   -0.229809E-04
 4.67375   -0.744509E-04    0.112927E-03   -0.222513E-04
 4.69177   -0.739672E-04    0.112054E-03   -0.215308E-04
 4.70980   -0.734808E-04    0.111186E-03   -0.208199E-04
 4.72783   -0.729919E-04    0.110323E-03   -0.201183E-04
 4.74585   -0.725010E-04    0.109465E-03   -0.194262E-04
 4.76388   -0.720083E-04    0.108613E-03   -0.187437E-04
 4.78190   -0.715142E-04    0.107766E-03   -0.180708E-04
 4.79993   -0.710190E-04    0.106924E-03   -0.174075E-04
 4.81796   -0.705229E-04    0.106088E-03   -0.167537E-04
 4.83598   -0.700263E-04    0.105258E-03   -0.161095E-04
 4.85401   -0.695294E-04    0.104433E-03   -0.154747E-04
 4.87203   -0.690324E-04    0.103614E-03   -0.148493E-04
 4.89006   -0.685357E-04    0.102801E-03   -0.142332E-04
 4.90809   -0.680393E-04    0.101993E-03   -0.136261E-04
 4.92611   -0.675436E-04    0.101192E-03   -0.130280E-04
 4.94414   -0.670486E-04    0.100396E-03   -0.124388E-04
 4.96216   -0.665547E-04    0.996061E-04   -0.118581E-04
 4.98019   -0.660620E-04    0.988223E-04   -0.112860E-04
 4.99822   -0.655707E-04    0.980445E-04   -0.107222E-04
 5.01624   -0.650810E-04    0.972728E-04   -0.101666E-04
 5.03427   -0.645930E-04    0.965071E-04   -0.961896E-05
 5.05229   -0.641070E-04    0.957476E-04   -0.907928E-05
 5.07032   -0.636231E-04    0.949941E-04   -0.854739E-05
 5.08835   -0.631414E-04    0.942467E-04   -0.802320E-05
 5.10637   -0.626621E-04    0.935055E-04   -0.750664E-05
 5.12440   -0.621854E-04    0.927705E-04   -0.699763E-05
 5.14242   -0.617114E-04    0.920417E-04   -0.649615E-05
 5.16045   -0.612403E-04    0.913191E-04   -0.600213E-05
 5.17848   -0.607721E-04    0.906027E-04   -0.551555E-05
 5.19650   -0.603071E-04    0.898926E-04   -0.503640E-05
 5.21453   -0.598454E-04    0.891887E-04   -0.456461E-05
 5.23256   -0.593870E-04    0.884911E-04   -0.410023E-05
 5.25058   -0.589322E-04    0.877997E-04   -0.364316E-05
 5.26861   -0.584810E-04    0.871146E-04   -0.319346E-05
 5.28663   -0.580334E-04    0.864358E-04   -0.275105E-05
 5.30466   -0.575897E-04    0.857633E-04   -0.231593E-05
 5.32269   -0.571499E-04    0.850970E-04   -0.188804E-05
 5.34071   -0.567141E-04    0.844369E-04   -0.146734E-05
 5.35874   -0.562822E-04    0.837831E-04   -0.105379E-05
 5.37676   -0.558545E-04    0.831356E-04   -0.647322E-06
 5.39479   -0.554309E-04    0.824942E-04   -0.247883E-06
 5.41282   -0.550116E-04    0.818589E-04    0.144606E-06
 5.43084   -0.545964E-04    0.812298E-04    0.530225E-06
 5.44887   -0.541854E-04    0.806069E-04    0.909042E-06
 5.46689   -0.537787E-04    0.799900E-04    0.128115E-05
 5.48492   -0.533763E-04    0.793791E-04    0.164663E-05
 5.50295   -0.529780E-04    0.787741E-04    0.200558E-05
 5.52097   -0.525840E-04    0.781751E-04    0.235807E-05
 5.53900   -0.521942E-04    0.775820E-04    0.270428E-05
 5.55702   -0.518085E-04    0.769947E-04    0.304419E-05
 5.57505   -0.514269E-04    0.764131E-04    0.337798E-05
 5.59308   -0.510493E-04    0.758371E-04    0.370573E-05
 5.61110   -0.506757E-04    0.752667E-04    0.402755E-05
 5.62913   -0.503059E-04    0.747019E-04    0.434355E-05
 5.64715   -0.499399E-04    0.741424E-04    0.465382E-05
 5.66518   -0.495776E-04    0.735883E-04    0.495847E-05
 5.68321   -0.492188E-04    0.730394E-04    0.525760E-05
 5.70123   -0.488635E-04    0.724957E-04    0.555132E-05
 5.71926   -0.485116E-04    0.719571E-04    0.583975E-05
 5.73728   -0.481629E-04    0.714234E-04    0.612297E-05
 5.75531   -0.478174E-04    0.708946E-04    0.640111E-05
 5.77334   -0.474749E-04    0.703706E-04    0.667425E-05
 5.79136   -0.471353E-04    0.698513E-04    0.694252E-05
 5.80939   -0.467984E-04    0.693366E-04    0.720601E-05
 5.82741   -0.464643E-04    0.688264E-04    0.746481E-05
 5.84544   -0.461327E-04    0.683206E-04    0.771903E-05
 5.86347   -0.458036E-04    0.678192E-04    0.796877E-05
 5.88149   -0.454768E-04    0.673220E-04    0.821412E-05
 5.89952   -0.451522E-04    0.668289E-04    0.845518E-05
 5.91755   -0.448298E-04    0.663400E-04    0.869204E-05
 5.93557   -0.445094E-04    0.658550E-04    0.892478E-05
 5.95360   -0.441909E-04    0.653740E-04    0.915355E-05
 5.97162   -0.438743E-04    0.648968E-04    0.937832E-05
 5.98965   -0.435595E-04    0.644234E-04    0.959926E-05
 6.00768   -0.432464E-04    0.639537E-04    0.981642E-05
 6.02570   -0.429349E-04    0.634877E-04    0.100299E-04
 6.04373   -0.426250E-04    0.630252E-04    0.102397E-04
 6.06175   -0.423166E-04    0.625663E-04    0.104460E-04
 6.07978   -0.420096E-04    0.621108E-04    0.106488E-04
 6.09781   -0.417041E-04    0.616588E-04    0.108482E-04
 6.11583   -0.414000E-04    0.612102E-04    0.110442E-04
 6.13386   -0.410973E-04    0.607649E-04    0.112369E-04
 6.15188   -0.407959E-04    0.603229E-04    0.114263E-04
 6.16991   -0.404958E-04    0.598842E-04    0.116125E-04
 6.18794   -0.401971E-04    0.594487E-04    0.117956E-04
 6.20596   -0.398998E-04    0.590165E-04    0.119755E-04
 6.22399   -0.396037E-04    0.585875E-04    0.121524E-04
 6.24201   -0.393091E-04    0.581616E-04    0.123262E-04
 6.26004   -0.390158E-04    0.577389E-04    0.124970E-04
 6.27807   -0.387238E-04    0.573194E-04    0.126648E-04
 6.29609   -0.384333E-04    0.569029E-04    0.128297E-04
 6.31412   -0.381442E-04    0.564896E-04    0.129918E-04
 6.33214   -0.378565E-04    0.560794E-04    0.131509E-04
 6.35017   -0.375702E-04    0.556722E-04    0.133072E-04
 6.36820   -0.372855E-04    0.552681E-04    0.134607E-04
 6.38622   -0.370023E-04    0.548671E-04    0.136114E-04
 6.40425   -0.367206E-04    0.544691E-04    0.137594E-04
 6.42227   -0.364404E-04    0.540741E-04    0.139046E-04
 6.44030   -0.361619E-04    0.536822E-04    0.140472E-04
 6.45833   -0.358849E-04    0.532933E-04    0.141870E-04
 6.47635   -0.356096E-04    0.529074E-04    0.143243E-04
 6.49438   -0.353360E-04    0.525245E-04    0.144589E-04
 6.51240   -0.350640E-04    0.521445E-04    0.145909E-04
 6.53043   -0.347937E-04    0.517676E-04    0.147203E-04
 6.54846   -0.345252E-04    0.513936E-04    0.148472E-04
 6.56648   -0.342585E-04    0.510225E-04    0.149716E-04
 6.58451   -0.339935E-04    0.506545E-04    0.150935E-04
 6.60254   -0.337303E-04    0.502893E-04    0.152129E-04
 6.62056   -0.334689E-04    0.499271E-04    0.153299E-04
 6.63859   -0.332093E-04    0.495677E-04    0.154444E-04
 6.65661   -0.329516E-04    0.492113E-04    0.155566E-04
 6.67464   -0.326957E-04    0.488577E-04    0.156664E-04
 6.69267   -0.324417E-04    0.485070E-04    0.157739E-04
 6.71069   -0.321896E-04    0.481592E-04    0.158791E-04
 6.72872   -0.319393E-04    0.478142E-04    0.159819E-04
 6.74674   -0.316910E-04    0.474720E-04    0.160825E-04
 6.76477   -0.314445E-04    0.471326E-04    0.161809E-04
 6.78280   -0.312000E-04    0.467960E-04    0.162770E-04
 6.80082   -0.309573E-04    0.464621E-04    0.163710E-04
 6.81885   -0.307166E-04    0.461311E-04    0.164628E-04
 6.83687   -0.304777E-04    0.458027E-04    0.165525E-04
 6.85490   -0.302408E-04    0.454771E-04    0.166400E-04
 6.87293   -0.300058E-04    0.451542E-04    0.167255E-04
 6.89095   -0.297728E-04    0.448340E-04    0.168090E-04
 6.90898   -0.295416E-04    0.445164E-04    0.168904E-04
 6.92700   -0.293123E-04    0.442015E-04    0.169697E-04
 6.94503   -0.290850E-04    0.438893E-04    0.170471E-04
 6.96306   -0.288596E-04    0.435796E-04    0.171226E-04
 6.98108   -0.286360E-04    0.432726E-04    0.171961E-04
 6.99911   -0.284144E-04    0.429681E-04    0.172677E-04
 7.01713   -0.281947E-04    0.426662E-04    0.173374E-04
 7.03516   -0.279769E-04    0.423668E-04    0.174052E-04
 7.05319   -0.277610E-04    0.420700E-04    0.174713E-04
 7.07121   -0.275470E-04    0.417757E-04    0.175354E-04
 7.08924   -0.273349E-04    0.414838E-04    0.175978E-04
 7.10726   -0.271247E-04    0.411945E-04    0.176585E-04
 7.12529   -0.269164E-04    0.409076E-04    0.177173E-04
 7.14332   -0.267099E-04    0.406231E-04    0.177745E-04
 7.16134   -0.265054E-04    0.403411E-04    0.178299E-04
 7.17937   -0.263027E-04    0.400615E-04    0.178837E-04
 7.19739   -0.261019E-04    0.397843E-04    0.179358E-04
 7.21542   -0.259029E-04    0.395094E-04    0.179862E-04
 7.23345   -0.257058E-04    0.392370E-04    0.180351E-04
 7.25147   -0.255105E-04    0.389668E-04    0.180823E-04
 7.26950   -0.253171E-04    0.386990E-04    0.181280E-04
 7.28753   -0.251255E-04    0.384334E-04    0.181721E-04
 7.30555   -0.249357E-04    0.381702E-04    0.182147E-04
 7.32358   -0.247477E-04    0.379092E-04    0.182558E-04
 7.34160   -0.245615E-04    0.376504E-04    0.182954E-04
 7.35963   -0.243771E-04    0.373939E-04    0.183335E-04
 7.37766   -0.241945E-04    0.371396E-04    0.183702E-04
 7.39568   -0.240136E-04    0.368874E-04    0.184055E-04
 7.41371   -0.238344E-04    0.366374E-04    0.184394E-04
 7.43173   -0.236570E-04    0.363896E-04    0.184718E-04
 7.44976   -0.234813E-04    0.361439E-04    0.185030E-04
 7.46779   -0.233072E-04    0.359003E-04    0.185328E-04
 7.48581   -0.231349E-04    0.356588E-04    0.185612E-04
 7.50384   -0.229641E-04    0.354193E-04    0.185884E-04
 7.52186   -0.227951E-04    0.351819E-04    0.186143E-04
 7.53989   -0.226276E-04    0.349465E-04    0.186390E-04
 7.55792   -0.224618E-04    0.347131E-04    0.186624E-04
 7.57594   -0.222975E-04    0.344817E-04    0.186846E-04
 7.59397   -0.221348E-04    0.342522E-04    0.187056E-04
 7.61199   -0.219736E-04    0.340247E-04    0.187254E-04
 7.63002   -0.218140E-04    0.337991E-04    0.187441E-04
 7.64805   -0.216559E-04    0.335754E-04    0.187617E-04
 7.66607   -0.214993E-04    0.333536E-04    0.187781E-04
 7.68410   -0.213442E-04    0.331336E-04    0.187935E-04
 7.70212   -0.211905E-04    0.329155E-04    0.188077E-04
 7.72015   -0.210383E-04    0.326992E-04    0.188209E-04
 7.73818   -0.208875E-04    0.324847E-04    0.188331E-04
 7.75620   -0.207381E-04    0.322720E-04    0.188443E-04
 7.77423   -0.205902E-04    0.320611E-04    0.188544E-04
 7.79225   -0.204436E-04    0.318519E-04    0.188636E-04
 7.81028   -0.202984E-04    0.316445E-04    0.188717E-04
 7.82831   -0.201545E-04    0.314387E-04    0.188790E-04
 7.84633   -0.200119E-04    0.312347E-04    0.188853E-04
 7.86436   -0.198707E-04    0.310324E-04    0.188906E-04
 7.88238   -0.197308E-04    0.308317E-04    0.188951E-04
 7.90041   -0.195922E-04    0.306326E-04    0.188987E-04
 7.91844   -0.194549E-04    0.304352E-04    0.189014E-04
 7.93646   -0.193188E-04    0.302394E-04    0.189033E-04
 7.95449   -0.191840E-04    0.300453E-04    0.189043E-04
 7.97252   -0.190504E-04    0.298526E-04    0.189045E-04
 7.99054   -0.189180E-04    0.296616E-04    0.189038E-04
 8.00857   -0.187868E-04    0.294721E-04    0.189024E-04
 8.02659   -0.186569E-04    0.292842E-04    0.189002E-04
 8.04462   -0.185281E-04    0.290977E-04    0.188972E-04
 8.06265   -0.184005E-04    0.289128E-04    0.188934E-04
 8.08067   -0.182740E-04    0.287294E-04    0.188889E-04
 8.09870   -0.181487E-04    0.285474E-04    0.188837E-04
 8.11672   -0.180245E-04    0.283669E-04    0.188778E-04
 8.13475   -0.179015E-04    0.281879E-04    0.188711E-04
 8.15278   -0.177795E-04    0.280103E-04    0.188638E-04
 8.17080   -0.176587E-04    0.278341E-04    0.188558E-04
 8.18883   -0.175389E-04    0.276594E-04    0.188471E-04
 8.20685   -0.174203E-04    0.274860E-04    0.188377E-04
 8.22488   -0.173027E-04    0.273140E-04    0.188277E-04
 8.24291   -0.171861E-04    0.271434E-04    0.188171E-04
 8.26093   -0.170706E-04    0.269741E-04    0.188058E-04
 8.27896   -0.169562E-04    0.268062E-04    0.187939E-04
 8.29698   -0.168428E-04    0.266397E-04    0.187814E-04
 8.31501   -0.167304E-04    0.264744E-04    0.187683E-04
 8.33304   -0.166190E-04    0.263105E-04    0.187546E-04
 8.35106   -0.165086E-04    0.261479E-04    0.187404E-04
 8.36909   -0.163993E-04    0.259865E-04    0.187255E-04
 8.38711   -0.162909E-04    0.258265E-04    0.187102E-04
 8.40514   -0.161835E-04    0.256677E-04    0.186942E-04
 8.42317   -0.160771E-04    0.255102E-04    0.186777E-04
 8.44119   -0.159716E-04    0.253539E-04    0.186607E-04
 8.45922   -0.158672E-04    0.251989E-04    0.186432E-04
 8.47724   -0.157636E-04    0.250451E-04    0.186252E-04
 8.49527   -0.156610E-04    0.248925E-04    0.186066E-04
 8.51330   -0.155594E-04    0.247411E-04    0.185876E-04
 8.53132   -0.154587E-04    0.245909E-04    0.185680E-04
 8.54935   -0.153589E-04    0.244419E-04    0.185480E-04
 8.56737   -0.152601E-04    0.242941E-04    0.185276E-04
 8.58540   -0.151621E-04    0.241474E-04    0.185066E-04
 8.60343   -0.150651E-04    0.240019E-04    0.184852E-04
 8.62145   -0.149689E-04    0.238576E-04    0.184633E-04
 8.63948   -0.148736E-04    0.237144E-04    0.184411E-04
 8.65751   -0.147792E-04    0.235723E-04    0.184183E-04
 8.67553   -0.146857E-04    0.234313E-04    0.183952E-04
 8.69356   -0.145930E-04    0.232914E-04    0.183717E-04
 8.71158   -0.145012E-04    0.231526E-04    0.183477E-04
 8.72961   -0.144102E-04    0.230149E-04    0.183234E-04
 8.74764   -0.143200E-04    0.228783E-04    0.182986E-04
 8.76566   -0.142306E-04    0.227427E-04    0.182735E-04
 8.78369   -0.141420E-04    0.226082E-04    0.182481E-04
 8.80171   -0.140542E-04    0.224747E-04    0.182222E-04
 8.81974   -0.139672E-04    0.223422E-04    0.181961E-04
 8.83777   -0.138809E-04    0.222107E-04    0.181695E-04
 8.85579   -0.137953E-04    0.220802E-04    0.181427E-04
 8.87382   -0.137104E-04    0.219507E-04    0.181155E-04
 8.89184   -0.136263E-04    0.218221E-04    0.180881E-04
 8.90987   -0.135428E-04    0.216945E-04    0.180603E-04
 8.92790   -0.134600E-04    0.215679E-04    0.180323E-04
 8.94592   -0.133779E-04    0.214421E-04    0.180039E-04
 8.96395   -0.132963E-04    0.213173E-04    0.179753E-04
 8.98197   -0.132154E-04    0.211934E-04    0.179465E-04
 9.00000   -0.131351E-04    0.210704E-04    0.179174E-04
