 0.00500    0.300169E-02   -0.155992E-02    0.126110E-02
 0.02303    0.245204E-02   -0.128511E-02    0.105494E-02
 0.04105    0.213103E-02   -0.112457E-02    0.934487E-03
 0.05908    0.189776E-02   -0.100789E-02    0.846895E-03
 0.07710    0.171429E-02   -0.916102E-03    0.777946E-03
 0.09513    0.156363E-02   -0.840710E-03    0.721273E-03
 0.11316    0.143644E-02   -0.777040E-03    0.673375E-03
 0.13118    0.132694E-02   -0.722212E-03    0.632090E-03
 0.14921    0.123132E-02   -0.674307E-03    0.595977E-03
 0.16723    0.114685E-02   -0.631978E-03    0.564032E-03
 0.18526    0.107158E-02   -0.594234E-03    0.535514E-03
 0.20329    0.100398E-02   -0.560326E-03    0.509855E-03
 0.22131    0.942905E-03   -0.529671E-03    0.486626E-03
 0.23934    0.887428E-03   -0.501811E-03    0.465480E-03
 0.25736    0.836804E-03   -0.476371E-03    0.446139E-03
 0.27539    0.790422E-03   -0.453047E-03    0.428374E-03
 0.29342    0.747775E-03   -0.431586E-03    0.411996E-03
 0.31144    0.708437E-03   -0.411776E-03    0.396846E-03
 0.32947    0.672047E-03   -0.393434E-03    0.382791E-03
 0.34749    0.638297E-03   -0.376410E-03    0.369714E-03
 0.36552    0.606921E-03   -0.360569E-03    0.357517E-03
 0.38355    0.577689E-03   -0.345797E-03    0.346115E-03
 0.40157    0.550401E-03   -0.331993E-03    0.335432E-03
 0.41960    0.524878E-03   -0.319070E-03    0.325403E-03
 0.43763    0.500966E-03   -0.306949E-03    0.315970E-03
 0.45565    0.478527E-03   -0.295562E-03    0.307082E-03
 0.47368    0.457439E-03   -0.284849E-03    0.298693E-03
 0.49170    0.437592E-03   -0.274754E-03    0.290764E-03
 0.50973    0.418888E-03   -0.265228E-03    0.283256E-03
 0.52776    0.401239E-03   -0.256228E-03    0.276139E-03
 0.54578    0.384566E-03   -0.247714E-03    0.269382E-03
 0.56381    0.368797E-03   -0.239649E-03    0.262959E-03
 0.58183    0.353867E-03   -0.232003E-03    0.256846E-03
 0.59986    0.339717E-03   -0.224745E-03    0.251020E-03
 0.61789    0.326293E-03   -0.217849E-03    0.245463E-03
 0.63591    0.313546E-03   -0.211290E-03    0.240155E-03
 0.65394    0.301430E-03   -0.205047E-03    0.235081E-03
 0.67196    0.289906E-03   -0.199098E-03    0.230225E-03
 0.68999    0.278936E-03   -0.193424E-03    0.225573E-03
 0.70802    0.268483E-03   -0.188009E-03    0.221113E-03
 0.72604    0.258518E-03   -0.182836E-03    0.216832E-03
 0.74407    0.249009E-03   -0.177891E-03    0.212721E-03
 0.76209    0.239931E-03   -0.173161E-03    0.208768E-03
 0.78012    0.231258E-03   -0.168632E-03    0.204964E-03
 0.79815    0.222966E-03   -0.164294E-03    0.201302E-03
 0.81617    0.215034E-03   -0.160135E-03    0.197772E-03
 0.83420    0.207442E-03   -0.156145E-03    0.194368E-03
 0.85222    0.200171E-03   -0.152316E-03    0.191083E-03
 0.87025    0.193204E-03   -0.148638E-03    0.187911E-03
 0.88828    0.186524E-03   -0.145103E-03    0.184844E-03
 0.90630    0.180117E-03   -0.141705E-03    0.181879E-03
 0.92433    0.173992E-03   -0.138435E-03    0.179009E-03
 0.94235    0.168065E-03   -0.135288E-03    0.176231E-03
 0.96038    0.162394E-03   -0.132257E-03    0.173538E-03
 0.97841    0.156945E-03   -0.129337E-03    0.170928E-03
 0.99643    0.151707E-03   -0.126522E-03    0.168396E-03
 1.01446    0.146669E-03   -0.123807E-03    0.165939E-03
 1.03248    0.141821E-03   -0.121187E-03    0.163552E-03
 1.05051    0.137155E-03   -0.118658E-03    0.161233E-03
 1.06854    0.132663E-03   -0.116216E-03    0.158978E-03
 1.08656    0.128336E-03   -0.113857E-03    0.156786E-03
 1.10459    0.124166E-03   -0.111576E-03    0.154652E-03
 1.12262    0.120147E-03   -0.109371E-03    0.152574E-03
 1.14064    0.116273E-03   -0.107238E-03    0.150550E-03
 1.15867    0.112536E-03   -0.105174E-03    0.148577E-03
 1.17669    0.108930E-03   -0.103176E-03    0.146654E-03
 1.19472    0.105451E-03   -0.101241E-03    0.144778E-03
 1.21275    0.102092E-03   -0.993665E-04    0.142948E-03
 1.23077    0.988493E-04   -0.975502E-04    0.141161E-03
 1.24880    0.957170E-04   -0.957895E-04    0.139416E-03
 1.26682    0.926910E-04   -0.940821E-04    0.137710E-03
 1.28485    0.897668E-04   -0.924260E-04    0.136043E-03
 1.30288    0.869404E-04   -0.908189E-04    0.134413E-03
 1.32090    0.842078E-04   -0.892591E-04    0.132819E-03
 1.33893    0.815654E-04   -0.877446E-04    0.131259E-03
 1.35695    0.790096E-04   -0.862737E-04    0.129731E-03
 1.37498    0.765370E-04   -0.848448E-04    0.128236E-03
 1.39301    0.741446E-04   -0.834562E-04    0.126770E-03
 1.41103    0.718291E-04   -0.821065E-04    0.125335E-03
 1.42906    0.695877E-04   -0.807941E-04    0.123927E-03
 1.44708    0.674175E-04   -0.795177E-04    0.122547E-03
 1.46511    0.653160E-04   -0.782761E-04    0.121193E-03
 1.48314    0.632807E-04   -0.770678E-04    0.119865E-03
 1.50116    0.613090E-04   -0.758918E-04    0.118561E-03
 1.51919    0.593987E-04   -0.747469E-04    0.117281E-03
 1.53721    0.575477E-04   -0.736319E-04    0.116024E-03
 1.55524    0.557538E-04   -0.725460E-04    0.114790E-03
 1.57327    0.540149E-04   -0.714880E-04    0.113576E-03
 1.59129    0.523293E-04   -0.704570E-04    0.112383E-03
 1.60932    0.506950E-04   -0.694521E-04    0.111211E-03
 1.62734    0.491104E-04   -0.684724E-04    0.110058E-03
 1.64537    0.475736E-04   -0.675172E-04    0.108924E-03
 1.66340    0.460832E-04   -0.665855E-04    0.107808E-03
 1.68142    0.446376E-04   -0.656766E-04    0.106710E-03
 1.69945    0.432353E-04   -0.647899E-04    0.105629E-03
 1.71747    0.418750E-04   -0.639245E-04    0.104564E-03
 1.73550    0.405553E-04   -0.630800E-04    0.103516E-03
 1.75353    0.392749E-04   -0.622556E-04    0.102484E-03
 1.77155    0.380325E-04   -0.614507E-04    0.101467E-03
 1.78958    0.368272E-04   -0.606647E-04    0.100465E-03
 1.80761    0.356576E-04   -0.598971E-04    0.994775E-04
 1.82563    0.345228E-04   -0.591474E-04    0.985040E-04
 1.84366    0.334217E-04   -0.584149E-04    0.975443E-04
 1.86168    0.323534E-04   -0.576994E-04    0.965980E-04
 1.87971    0.313170E-04   -0.570002E-04    0.956653E-04
 1.89774    0.303115E-04   -0.563170E-04    0.947449E-04
 1.91576    0.293362E-04   -0.556493E-04    0.938369E-04
 1.93379    0.283901E-04   -0.549968E-04    0.929410E-04
 1.95181    0.274726E-04   -0.543590E-04    0.920571E-04
 1.96984    0.265829E-04   -0.537356E-04    0.911847E-04
 1.98787    0.257203E-04   -0.531263E-04    0.903238E-04
 2.00589    0.248841E-04   -0.525306E-04    0.894740E-04
 2.02392    0.240736E-04   -0.519482E-04    0.886351E-04
 2.04194    0.232883E-04   -0.513790E-04    0.878069E-04
 2.05997    0.225275E-04   -0.508224E-04    0.869891E-04
 2.07800    0.217905E-04   -0.502783E-04    0.861816E-04
 2.09602    0.210769E-04   -0.497463E-04    0.853840E-04
 2.11405    0.203860E-04   -0.492263E-04    0.845964E-04
 2.13207    0.197174E-04   -0.487178E-04    0.838178E-04
 2.15010    0.190704E-04   -0.482206E-04    0.830492E-04
 2.16813    0.184445E-04   -0.477344E-04    0.822898E-04
 2.18615    0.178392E-04   -0.472591E-04    0.815395E-04
 2.20418    0.172539E-04   -0.467942E-04    0.807980E-04
 2.22220    0.166882E-04   -0.463396E-04    0.800652E-04
 2.24023    0.161414E-04   -0.458949E-04    0.793409E-04
 2.25826    0.156131E-04   -0.454599E-04    0.786248E-04
 2.27628    0.151026E-04   -0.450346E-04    0.779168E-04
 2.29431    0.146095E-04   -0.446180E-04    0.772166E-04
 2.31233    0.141332E-04   -0.442104E-04    0.765242E-04
 2.33036    0.136729E-04   -0.438114E-04    0.758391E-04
 2.34839    0.132283E-04   -0.434206E-04    0.751618E-04
 2.36641    0.127987E-04   -0.430378E-04    0.744910E-04
 2.38444    0.123835E-04   -0.426627E-04    0.738269E-04
 2.40246    0.119820E-04   -0.422949E-04    0.731696E-04
 2.42049    0.115937E-04   -0.419343E-04    0.725184E-04
 2.43852    0.112180E-04   -0.415803E-04    0.718734E-04
 2.45654    0.108543E-04   -0.412328E-04    0.712343E-04
 2.47457    0.105019E-04   -0.408914E-04    0.706009E-04
 2.49260    0.101602E-04   -0.405558E-04    0.699729E-04
 2.51062    0.982867E-05   -0.402257E-04    0.693501E-04
 2.52865    0.950665E-05   -0.399009E-04    0.687324E-04
 2.54667    0.919357E-05   -0.395810E-04    0.681194E-04
 2.56470    0.888892E-05   -0.392657E-04    0.675110E-04
 2.58273    0.859208E-05   -0.389548E-04    0.669069E-04
 2.60075    0.830251E-05   -0.386479E-04    0.663070E-04
 2.61878    0.801972E-05   -0.383449E-04    0.657110E-04
 2.63680    0.774317E-05   -0.380455E-04    0.651189E-04
 2.65483    0.747246E-05   -0.377494E-04    0.645304E-04
 2.67286    0.720710E-05   -0.374564E-04    0.639453E-04
 2.69088    0.694667E-05   -0.371663E-04    0.633635E-04
 2.70891    0.669083E-05   -0.368789E-04    0.627848E-04
 2.72693    0.643912E-05   -0.365940E-04    0.622092E-04
 2.74496    0.619120E-05   -0.363115E-04    0.616364E-04
 2.76299    0.594679E-05   -0.360311E-04    0.610664E-04
 2.78101    0.570551E-05   -0.357527E-04    0.604990E-04
 2.79904    0.546708E-05   -0.354761E-04    0.599342E-04
 2.81706    0.523128E-05   -0.352013E-04    0.593717E-04
 2.83509    0.499781E-05   -0.349281E-04    0.588116E-04
 2.85312    0.476640E-05   -0.346563E-04    0.582538E-04
 2.87114    0.453702E-05   -0.343859E-04    0.576982E-04
 2.88917    0.430909E-05   -0.341168E-04    0.571447E-04
 2.90719    0.408259E-05   -0.338487E-04    0.565932E-04
 2.92522    0.385725E-05   -0.335817E-04    0.560436E-04
 2.94325    0.363276E-05   -0.333156E-04    0.554959E-04
 2.96127    0.340916E-05   -0.330503E-04    0.549500E-04
 2.97930    0.318610E-05   -0.327856E-04    0.544058E-04
 2.99732    0.296338E-05   -0.325216E-04    0.538633E-04
 3.01535    0.274077E-05   -0.322581E-04    0.533224E-04
 3.03338    0.251809E-05   -0.319950E-04    0.527830E-04
 3.05140    0.229511E-05   -0.317321E-04    0.522451E-04
 3.06943    0.207161E-05   -0.314695E-04    0.517086E-04
 3.08745    0.184744E-05   -0.312069E-04    0.511735E-04
 3.10548    0.162232E-05   -0.309444E-04    0.506396E-04
 3.12351    0.139607E-05   -0.306817E-04    0.501069E-04
 3.14153    0.116849E-05   -0.304188E-04    0.495754E-04
 3.15956    0.939405E-06   -0.301556E-04    0.490450E-04
 3.17759    0.708628E-06   -0.298921E-04    0.485156E-04
 3.19561    0.476004E-06   -0.296281E-04    0.479873E-04
 3.21364    0.241382E-06   -0.293636E-04    0.474599E-04
 3.23166    0.462935E-08   -0.290985E-04    0.469335E-04
 3.24969   -0.234365E-06   -0.288328E-04    0.464079E-04
 3.26772   -0.475694E-06   -0.285664E-04    0.458833E-04
 3.28574   -0.719424E-06   -0.282993E-04    0.453593E-04
 3.30377   -0.965604E-06   -0.280315E-04    0.448367E-04
 3.32179   -0.121425E-05   -0.277630E-04    0.443148E-04
 3.33982   -0.146535E-05   -0.274937E-04    0.437938E-04
 3.35785   -0.171886E-05   -0.272238E-04    0.432738E-04
 3.37587   -0.197472E-05   -0.269533E-04    0.427548E-04
 3.39390   -0.223283E-05   -0.266821E-04    0.422369E-04
 3.41192   -0.249306E-05   -0.264105E-04    0.417200E-04
 3.42995   -0.275525E-05   -0.261384E-04    0.412044E-04
 3.44798   -0.301922E-05   -0.258659E-04    0.406900E-04
 3.46600   -0.328476E-05   -0.255933E-04    0.401771E-04
 3.48403   -0.355165E-05   -0.253206E-04    0.396656E-04
 3.50205   -0.381962E-05   -0.250478E-04    0.391557E-04
 3.52008   -0.408840E-05   -0.247753E-04    0.386476E-04
 3.53811   -0.435768E-05   -0.245030E-04    0.381413E-04
 3.55613   -0.462718E-05   -0.242313E-04    0.376370E-04
 3.57416   -0.489653E-05   -0.239602E-04    0.371348E-04
 3.59218   -0.516540E-05   -0.236899E-04    0.366349E-04
 3.61021   -0.543345E-05   -0.234207E-04    0.361373E-04
 3.62824   -0.570030E-05   -0.231526E-04    0.356423E-04
 3.64626   -0.596559E-05   -0.228859E-04    0.351500E-04
 3.66429   -0.622896E-05   -0.226208E-04    0.346606E-04
 3.68231   -0.649006E-05   -0.223575E-04    0.341741E-04
 3.70034   -0.674850E-05   -0.220960E-04    0.336907E-04
 3.71837   -0.700397E-05   -0.218367E-04    0.332107E-04
 3.73639   -0.725610E-05   -0.215797E-04    0.327340E-04
 3.75442   -0.750456E-05   -0.213251E-04    0.322608E-04
 3.77244   -0.774902E-05   -0.210731E-04    0.317913E-04
 3.79047   -0.798918E-05   -0.208239E-04    0.313256E-04
 3.80850   -0.822474E-05   -0.205776E-04    0.308638E-04
 3.82652   -0.845541E-05   -0.203344E-04    0.304059E-04
 3.84455   -0.868096E-05   -0.200943E-04    0.299522E-04
 3.86258   -0.890112E-05   -0.198576E-04    0.295027E-04
 3.88060   -0.911568E-05   -0.196242E-04    0.290575E-04
 3.89863   -0.932446E-05   -0.193944E-04    0.286165E-04
 3.91665   -0.952727E-05   -0.191683E-04    0.281800E-04
 3.93468   -0.972397E-05   -0.189457E-04    0.277480E-04
 3.95271   -0.991440E-05   -0.187269E-04    0.273205E-04
 3.97073   -0.100985E-04   -0.185119E-04    0.268975E-04
 3.98876   -0.102761E-04   -0.183008E-04    0.264791E-04
 4.00678   -0.104471E-04   -0.180935E-04    0.260654E-04
 4.02481   -0.106116E-04   -0.178901E-04    0.256563E-04
 4.04284   -0.107695E-04   -0.176906E-04    0.252518E-04
 4.06086   -0.109208E-04   -0.174950E-04    0.248520E-04
 4.07889   -0.110654E-04   -0.173034E-04    0.244567E-04
 4.09691   -0.112034E-04   -0.171157E-04    0.240662E-04
 4.11494   -0.113348E-04   -0.169318E-04    0.236802E-04
 4.13297   -0.114598E-04   -0.167518E-04    0.232988E-04
 4.15099   -0.115782E-04   -0.165756E-04    0.229219E-04
 4.16902   -0.116904E-04   -0.164032E-04    0.225496E-04
 4.18704   -0.117962E-04   -0.162346E-04    0.221817E-04
 4.20507   -0.118959E-04   -0.160695E-04    0.218182E-04
 4.22310   -0.119895E-04   -0.159081E-04    0.214591E-04
 4.24112   -0.120772E-04   -0.157503E-04    0.211044E-04
 4.25915   -0.121590E-04   -0.155959E-04    0.207539E-04
 4.27717   -0.122352E-04   -0.154450E-04    0.204076E-04
 4.29520   -0.123058E-04   -0.152974E-04    0.200654E-04
 4.31323   -0.123710E-04   -0.151531E-04    0.197274E-04
 4.33125   -0.124310E-04   -0.150120E-04    0.193934E-04
 4.34928   -0.124859E-04   -0.148739E-04    0.190633E-04
 4.36730   -0.125359E-04   -0.147389E-04    0.187371E-04
 4.38533   -0.125811E-04   -0.146068E-04    0.184148E-04
 4.40336   -0.126217E-04   -0.144776E-04    0.180963E-04
 4.42138   -0.126578E-04   -0.143512E-04    0.177814E-04
 4.43941   -0.126896E-04   -0.142275E-04    0.174702E-04
 4.45743   -0.127172E-04   -0.141064E-04    0.171625E-04
 4.47546   -0.127409E-04   -0.139878E-04    0.168583E-04
 4.49349   -0.127607E-04   -0.138717E-04    0.165576E-04
 4.51151   -0.127769E-04   -0.137579E-04    0.162602E-04
 4.52954   -0.127895E-04   -0.136465E-04    0.159661E-04
 4.54757   -0.127987E-04   -0.135373E-04    0.156752E-04
 4.56559   -0.128047E-04   -0.134303E-04    0.153875E-04
 4.58362   -0.128075E-04   -0.133253E-04    0.151029E-04
 4.60164   -0.128074E-04   -0.132223E-04    0.148214E-04
 4.61967   -0.128045E-04   -0.131213E-04    0.145429E-04
 4.63770   -0.127988E-04   -0.130221E-04    0.142672E-04
 4.65572   -0.127906E-04   -0.129248E-04    0.139945E-04
 4.67375   -0.127799E-04   -0.128292E-04    0.137246E-04
 4.69177   -0.127669E-04   -0.127352E-04    0.134574E-04
 4.70980   -0.127517E-04   -0.126429E-04    0.131930E-04
 4.72783   -0.127343E-04   -0.125521E-04    0.129312E-04
 4.74585   -0.127150E-04   -0.124629E-04    0.126721E-04
 4.76388   -0.126937E-04   -0.123751E-04    0.124155E-04
 4.78190   -0.126707E-04   -0.122886E-04    0.121615E-04
 4.79993   -0.126459E-04   -0.122036E-04    0.119099E-04
 4.81796   -0.126195E-04   -0.121198E-04    0.116608E-04
 4.83598   -0.125916E-04   -0.120373E-04    0.114141E-04
 4.85401   -0.125623E-04   -0.119559E-04    0.111698E-04
 4.87203   -0.125316E-04   -0.118758E-04    0.109278E-04
 4.89006   -0.124996E-04   -0.117967E-04    0.106881E-04
 4.90809   -0.124664E-04   -0.117188E-04    0.104507E-04
 4.92611   -0.124321E-04   -0.116419E-04    0.102154E-04
 4.94414   -0.123967E-04   -0.115660E-04    0.998241E-05
 4.96216   -0.123603E-04   -0.114910E-04    0.975153E-05
 4.98019   -0.123230E-04   -0.114171E-04    0.952277E-05
 4.99822   -0.122848E-04   -0.113440E-04    0.929611E-05
 5.01624   -0.122457E-04   -0.112718E-04    0.907217E-05
 5.03427   -0.122059E-04   -0.112004E-04    0.884960E-05
 5.05229   -0.121654E-04   -0.111298E-04    0.862904E-05
 5.07032   -0.121242E-04   -0.110601E-04    0.840983E-05
 5.08835   -0.120824E-04   -0.109911E-04    0.819322E-05
 5.10637   -0.120399E-04   -0.109228E-04    0.797856E-05
 5.12440   -0.119970E-04   -0.108553E-04    0.776579E-05
 5.14242   -0.119536E-04   -0.107885E-04    0.755492E-05
 5.16045   -0.119097E-04   -0.107223E-04    0.734591E-05
 5.17848   -0.118653E-04   -0.106568E-04    0.713874E-05
 5.19650   -0.118206E-04   -0.105919E-04    0.693340E-05
 5.21453   -0.117756E-04   -0.105277E-04    0.672988E-05
 5.23256   -0.117302E-04   -0.104640E-04    0.652812E-05
 5.25058   -0.116845E-04   -0.104009E-04    0.632814E-05
 5.26861   -0.116385E-04   -0.103384E-04    0.612990E-05
 5.28663   -0.115923E-04   -0.102765E-04    0.593339E-05
 5.30466   -0.115459E-04   -0.102150E-04    0.573859E-05
 5.32269   -0.114993E-04   -0.101541E-04    0.554548E-05
 5.34071   -0.114525E-04   -0.100937E-04    0.535404E-05
 5.35874   -0.114056E-04   -0.100338E-04    0.516426E-05
 5.37676   -0.113585E-04   -0.997441E-05    0.497612E-05
 5.39479   -0.113114E-04   -0.991546E-05    0.478960E-05
 5.41282   -0.112641E-04   -0.985697E-05    0.460470E-05
 5.43084   -0.112168E-04   -0.979894E-05    0.442140E-05
 5.44887   -0.111694E-04   -0.974134E-05    0.423966E-05
 5.46689   -0.111219E-04   -0.968418E-05    0.405950E-05
 5.48492   -0.110744E-04   -0.962743E-05    0.388089E-05
 5.50295   -0.110269E-04   -0.957110E-05    0.370382E-05
 5.52097   -0.109794E-04   -0.951518E-05    0.352828E-05
 5.53900   -0.109319E-04   -0.945966E-05    0.335425E-05
 5.55702   -0.108844E-04   -0.940452E-05    0.318172E-05
 5.57505   -0.108370E-04   -0.934977E-05    0.301069E-05
 5.59308   -0.107895E-04   -0.929540E-05    0.284114E-05
 5.61110   -0.107422E-04   -0.924139E-05    0.267306E-05
 5.62913   -0.106948E-04   -0.918775E-05    0.250645E-05
 5.64715   -0.106476E-04   -0.913446E-05    0.234129E-05
 5.66518   -0.106004E-04   -0.908153E-05    0.217758E-05
 5.68321   -0.105533E-04   -0.902894E-05    0.201527E-05
 5.70123   -0.105062E-04   -0.897670E-05    0.185441E-05
 5.71926   -0.104593E-04   -0.892478E-05    0.169496E-05
 5.73728   -0.104124E-04   -0.887321E-05    0.153692E-05
 5.75531   -0.103657E-04   -0.882195E-05    0.138025E-05
 5.77334   -0.103191E-04   -0.877102E-05    0.122497E-05
 5.79136   -0.102726E-04   -0.872040E-05    0.107107E-05
 5.80939   -0.102262E-04   -0.867009E-05    0.918517E-06
 5.82741   -0.101799E-04   -0.862008E-05    0.767316E-06
 5.84544   -0.101338E-04   -0.857037E-05    0.617461E-06
 5.86347   -0.100878E-04   -0.852098E-05    0.468936E-06
 5.88149   -0.100419E-04   -0.847187E-05    0.321732E-06
 5.89952   -0.999617E-05   -0.842305E-05    0.175844E-06
 5.91755   -0.995060E-05   -0.837452E-05    0.312474E-07
 5.93557   -0.990518E-05   -0.832627E-05   -0.112047E-06
 5.95360   -0.985993E-05   -0.827830E-05   -0.254059E-06
 5.97162   -0.981483E-05   -0.823061E-05   -0.394797E-06
 5.98965   -0.976989E-05   -0.818319E-05   -0.534268E-06
 6.00768   -0.972513E-05   -0.813603E-05   -0.672478E-06
 6.02570   -0.968054E-05   -0.808914E-05   -0.809440E-06
 6.04373   -0.963613E-05   -0.804251E-05   -0.945159E-06
 6.06175   -0.959190E-05   -0.799614E-05   -0.107964E-05
 6.07978   -0.954785E-05   -0.795002E-05   -0.121289E-05
 6.09781   -0.950399E-05   -0.790416E-05   -0.134491E-05
 6.11583   -0.946036E-05   -0.785854E-05   -0.147574E-05
 6.13386   -0.941687E-05   -0.781316E-05   -0.160536E-05
 6.15188   -0.937354E-05   -0.776803E-05   -0.173378E-05
 6.16991   -0.933044E-05   -0.772314E-05   -0.186100E-05
 6.18794   -0.928754E-05   -0.767848E-05   -0.198704E-05
 6.20596   -0.924485E-05   -0.763406E-05   -0.211189E-05
 6.22399   -0.920236E-05   -0.758987E-05   -0.223559E-05
 6.24201   -0.916008E-05   -0.754590E-05   -0.235812E-05
 6.26004   -0.911800E-05   -0.750216E-05   -0.247950E-05
 6.27807   -0.907613E-05   -0.745864E-05   -0.259972E-05
 6.29609   -0.903447E-05   -0.741534E-05   -0.271880E-05
 6.31412   -0.899303E-05   -0.737226E-05   -0.283676E-05
 6.33214   -0.895181E-05   -0.732940E-05   -0.295359E-05
 6.35017   -0.891080E-05   -0.728674E-05   -0.306931E-05
 6.36820   -0.887002E-05   -0.724431E-05   -0.318392E-05
 6.38622   -0.882944E-05   -0.720208E-05   -0.329742E-05
 6.40425   -0.878908E-05   -0.716006E-05   -0.340983E-05
 6.42227   -0.874895E-05   -0.711824E-05   -0.352116E-05
 6.44030   -0.870903E-05   -0.707663E-05   -0.363141E-05
 6.45833   -0.866932E-05   -0.703523E-05   -0.374058E-05
 6.47635   -0.862984E-05   -0.699402E-05   -0.384870E-05
 6.49438   -0.859057E-05   -0.695301E-05   -0.395575E-05
 6.51240   -0.855153E-05   -0.691221E-05   -0.406176E-05
 6.53043   -0.851274E-05   -0.687160E-05   -0.416672E-05
 6.54846   -0.847414E-05   -0.683119E-05   -0.427065E-05
 6.56648   -0.843570E-05   -0.679097E-05   -0.437355E-05
 6.58451   -0.839752E-05   -0.675094E-05   -0.447543E-05
 6.60254   -0.835956E-05   -0.671111E-05   -0.457631E-05
 6.62056   -0.832181E-05   -0.667147E-05   -0.467616E-05
 6.63859   -0.828427E-05   -0.663202E-05   -0.477501E-05
 6.65661   -0.824695E-05   -0.659276E-05   -0.487286E-05
 6.67464   -0.820983E-05   -0.655369E-05   -0.496972E-05
 6.69267   -0.817293E-05   -0.651481E-05   -0.506557E-05
 6.71069   -0.813623E-05   -0.647612E-05   -0.516045E-05
 6.72872   -0.809974E-05   -0.643762E-05   -0.525440E-05
 6.74674   -0.806345E-05   -0.639930E-05   -0.534737E-05
 6.76477   -0.802737E-05   -0.636117E-05   -0.543936E-05
 6.78280   -0.799148E-05   -0.632323E-05   -0.553039E-05
 6.80082   -0.795580E-05   -0.628547E-05   -0.562047E-05
 6.81885   -0.792031E-05   -0.624789E-05   -0.570960E-05
 6.83687   -0.788501E-05   -0.621051E-05   -0.579780E-05
 6.85490   -0.784991E-05   -0.617330E-05   -0.588507E-05
 6.87293   -0.781500E-05   -0.613628E-05   -0.597142E-05
 6.89095   -0.778032E-05   -0.609944E-05   -0.605684E-05
 6.90898   -0.774578E-05   -0.606279E-05   -0.614136E-05
 6.92700   -0.771143E-05   -0.602632E-05   -0.622496E-05
 6.94503   -0.767726E-05   -0.599003E-05   -0.630764E-05
 6.96306   -0.764327E-05   -0.595392E-05   -0.638943E-05
 6.98108   -0.760942E-05   -0.591799E-05   -0.647031E-05
 6.99911   -0.757579E-05   -0.588225E-05   -0.655032E-05
 7.01713   -0.754237E-05   -0.584669E-05   -0.662944E-05
 7.03516   -0.750909E-05   -0.581131E-05   -0.670768E-05
 7.05319   -0.747594E-05   -0.577611E-05   -0.678505E-05
 7.07121   -0.744299E-05   -0.574109E-05   -0.686155E-05
 7.08924   -0.741026E-05   -0.570624E-05   -0.693719E-05
 7.10726   -0.737764E-05   -0.567158E-05   -0.701198E-05
 7.12529   -0.734520E-05   -0.563710E-05   -0.708591E-05
 7.14332   -0.731291E-05   -0.560279E-05   -0.715900E-05
 7.16134   -0.728079E-05   -0.556866E-05   -0.723126E-05
 7.17937   -0.724883E-05   -0.553471E-05   -0.730266E-05
 7.19739   -0.721702E-05   -0.550093E-05   -0.737325E-05
 7.21542   -0.718537E-05   -0.546733E-05   -0.744300E-05
 7.23345   -0.715388E-05   -0.543391E-05   -0.751195E-05
 7.25147   -0.712254E-05   -0.540066E-05   -0.758007E-05
 7.26950   -0.709135E-05   -0.536758E-05   -0.764739E-05
 7.28753   -0.706031E-05   -0.533468E-05   -0.771391E-05
 7.30555   -0.702943E-05   -0.530195E-05   -0.777963E-05
 7.32358   -0.699869E-05   -0.526940E-05   -0.784458E-05
 7.34160   -0.696810E-05   -0.523701E-05   -0.790873E-05
 7.35963   -0.693766E-05   -0.520479E-05   -0.797211E-05
 7.37766   -0.690737E-05   -0.517275E-05   -0.803471E-05
 7.39568   -0.687721E-05   -0.514087E-05   -0.809653E-05
 7.41371   -0.684717E-05   -0.510916E-05   -0.815759E-05
 7.43173   -0.681731E-05   -0.507762E-05   -0.821790E-05
 7.44976   -0.678759E-05   -0.504625E-05   -0.827745E-05
 7.46779   -0.675805E-05   -0.501504E-05   -0.833625E-05
 7.48581   -0.672861E-05   -0.498400E-05   -0.839431E-05
 7.50384   -0.669932E-05   -0.495312E-05   -0.845163E-05
 7.52186   -0.667016E-05   -0.492240E-05   -0.850822E-05
 7.53989   -0.664115E-05   -0.489185E-05   -0.856408E-05
 7.55792   -0.661227E-05   -0.486146E-05   -0.861922E-05
 7.57594   -0.658354E-05   -0.483123E-05   -0.867364E-05
 7.59397   -0.655494E-05   -0.480115E-05   -0.872736E-05
 7.61199   -0.652649E-05   -0.477124E-05   -0.878037E-05
 7.63002   -0.649817E-05   -0.474148E-05   -0.883268E-05
 7.64805   -0.646999E-05   -0.471188E-05   -0.888430E-05
 7.66607   -0.644195E-05   -0.468243E-05   -0.893522E-05
 7.68410   -0.641405E-05   -0.465314E-05   -0.898547E-05
 7.70212   -0.638628E-05   -0.462400E-05   -0.903500E-05
 7.72015   -0.635866E-05   -0.459501E-05   -0.908390E-05
 7.73818   -0.633117E-05   -0.456618E-05   -0.913212E-05
 7.75620   -0.630382E-05   -0.453749E-05   -0.917968E-05
 7.77423   -0.627660E-05   -0.450896E-05   -0.922658E-05
 7.79225   -0.624952E-05   -0.448057E-05   -0.927282E-05
 7.81028   -0.622258E-05   -0.445232E-05   -0.931841E-05
 7.82831   -0.619578E-05   -0.442423E-05   -0.936336E-05
 7.84633   -0.616911E-05   -0.439628E-05   -0.940768E-05
 7.86436   -0.614258E-05   -0.436847E-05   -0.945136E-05
 7.88238   -0.611618E-05   -0.434081E-05   -0.949441E-05
 7.90041   -0.608992E-05   -0.431328E-05   -0.953683E-05
 7.91844   -0.606380E-05   -0.428590E-05   -0.957864E-05
 7.93646   -0.603781E-05   -0.425866E-05   -0.961983E-05
 7.95449   -0.601195E-05   -0.423156E-05   -0.966041E-05
 7.97252   -0.598624E-05   -0.420460E-05   -0.970039E-05
 7.99054   -0.596065E-05   -0.417777E-05   -0.973977E-05
 8.00857   -0.593520E-05   -0.415108E-05   -0.977855E-05
 8.02659   -0.590988E-05   -0.412453E-05   -0.981674E-05
 8.04462   -0.588470E-05   -0.409811E-05   -0.985435E-05
 8.06265   -0.585965E-05   -0.407183E-05   -0.989137E-05
 8.08067   -0.583474E-05   -0.404568E-05   -0.992782E-05
 8.09870   -0.580996E-05   -0.401966E-05   -0.996370E-05
 8.11672   -0.578531E-05   -0.399378E-05   -0.999901E-05
 8.13475   -0.576079E-05   -0.396802E-05   -0.100338E-04
 8.15278   -0.573640E-05   -0.394240E-05   -0.100679E-04
 8.17080   -0.571215E-05   -0.391690E-05   -0.101016E-04
 8.18883   -0.568803E-05   -0.389153E-05   -0.101347E-04
 8.20685   -0.566404E-05   -0.386630E-05   -0.101672E-04
 8.22488   -0.564018E-05   -0.384118E-05   -0.101992E-04
 8.24291   -0.561644E-05   -0.381619E-05   -0.102307E-04
 8.26093   -0.559284E-05   -0.379133E-05   -0.102616E-04
 8.27896   -0.556937E-05   -0.376660E-05   -0.102920E-04
 8.29698   -0.554602E-05   -0.374198E-05   -0.103219E-04
 8.31501   -0.552281E-05   -0.371750E-05   -0.103512E-04
 8.33304   -0.549972E-05   -0.369313E-05   -0.103800E-04
 8.35106   -0.547676E-05   -0.366888E-05   -0.104084E-04
 8.36909   -0.545392E-05   -0.364476E-05   -0.104362E-04
 8.38711   -0.543121E-05   -0.362076E-05   -0.104635E-04
 8.40514   -0.540862E-05   -0.359688E-05   -0.104903E-04
 8.42317   -0.538616E-05   -0.357311E-05   -0.105167E-04
 8.44119   -0.536383E-05   -0.354947E-05   -0.105425E-04
 8.45922   -0.534161E-05   -0.352594E-05   -0.105678E-04
 8.47724   -0.531952E-05   -0.350254E-05   -0.105927E-04
 8.49527   -0.529755E-05   -0.347925E-05   -0.106171E-04
 8.51330   -0.527570E-05   -0.345607E-05   -0.106410E-04
 8.53132   -0.525397E-05   -0.343302E-05   -0.106644E-04
 8.54935   -0.523236E-05   -0.341008E-05   -0.106874E-04
 8.56737   -0.521088E-05   -0.338725E-05   -0.107099E-04
 8.58540   -0.518950E-05   -0.336454E-05   -0.107319E-04
 8.60343   -0.516825E-05   -0.334195E-05   -0.107535E-04
 8.62145   -0.514711E-05   -0.331947E-05   -0.107746E-04
 8.63948   -0.512609E-05   -0.329710E-05   -0.107953E-04
 8.65751   -0.510518E-05   -0.327484E-05   -0.108155E-04
 8.67553   -0.508439E-05   -0.325270E-05   -0.108353E-04
 8.69356   -0.506371E-05   -0.323066E-05   -0.108547E-04
 8.71158   -0.504315E-05   -0.320874E-05   -0.108736E-04
 8.72961   -0.502269E-05   -0.318693E-05   -0.108921E-04
 8.74764   -0.500235E-05   -0.316524E-05   -0.109101E-04
 8.76566   -0.498212E-05   -0.314365E-05   -0.109277E-04
 8.78369   -0.496200E-05   -0.312217E-05   -0.109450E-04
 8.80171   -0.494198E-05   -0.310080E-05   -0.109617E-04
 8.81974   -0.492208E-05   -0.307954E-05   -0.109781E-04
 8.83777   -0.490228E-05   -0.305838E-05   -0.109941E-04
 8.85579   -0.488259E-05   -0.303734E-05   -0.110097E-04
 8.87382   -0.486301E-05   -0.301640E-05   -0.110248E-04
 8.89184   -0.484353E-05   -0.299557E-05   -0.110396E-04
 8.90987   -0.482415E-05   -0.297484E-05   -0.110539E-04
 8.92790   -0.480489E-05   -0.295422E-05   -0.110679E-04
 8.94592   -0.478572E-05   -0.293372E-05   -0.110815E-04
 8.96395   -0.476666E-05   -0.291331E-05   -0.110946E-04
 8.98197   -0.474770E-05   -0.289300E-05   -0.111074E-04
 9.00000   -0.472884E-05   -0.287281E-05   -0.111199E-04
