 0.00500    0.602624E-02   -0.321019E-02    0.262524E-02
 0.02303    0.494733E-02   -0.267071E-02    0.222045E-02
 0.04105    0.431398E-02   -0.235387E-02    0.198255E-02
 0.05908    0.385230E-02   -0.212279E-02    0.180884E-02
 0.07710    0.348824E-02   -0.194048E-02    0.167159E-02
 0.09513    0.318864E-02   -0.179034E-02    0.155838E-02
 0.11316    0.293520E-02   -0.166324E-02    0.146236E-02
 0.13118    0.271662E-02   -0.155353E-02    0.137932E-02
 0.14921    0.252539E-02   -0.145745E-02    0.130642E-02
 0.16723    0.235621E-02   -0.137236E-02    0.124171E-02
 0.18526    0.220518E-02   -0.129632E-02    0.118373E-02
 0.20329    0.206936E-02   -0.122785E-02    0.113137E-02
 0.22131    0.194645E-02   -0.116582E-02    0.108380E-02
 0.23934    0.183465E-02   -0.110931E-02    0.104032E-02
 0.25736    0.173249E-02   -0.105760E-02    0.100041E-02
 0.27539    0.163876E-02   -0.101009E-02    0.963597E-03
 0.29342    0.155245E-02   -0.966268E-03    0.929527E-03
 0.31144    0.147275E-02   -0.925730E-03    0.897885E-03
 0.32947    0.139892E-02   -0.888114E-03    0.868406E-03
 0.34749    0.133036E-02   -0.853120E-03    0.840865E-03
 0.36552    0.126654E-02   -0.820485E-03    0.815069E-03
 0.38355    0.120702E-02   -0.789982E-03    0.790850E-03
 0.40157    0.115138E-02   -0.761413E-03    0.768060E-03
 0.41960    0.109929E-02   -0.734605E-03    0.746571E-03
 0.43763    0.105043E-02   -0.709402E-03    0.726269E-03
 0.45565    0.100453E-02   -0.685671E-03    0.707054E-03
 0.47368    0.961344E-03   -0.663289E-03    0.688835E-03
 0.49170    0.920657E-03   -0.642148E-03    0.671534E-03
 0.50973    0.882273E-03   -0.622153E-03    0.655079E-03
 0.52776    0.846017E-03   -0.603215E-03    0.639406E-03
 0.54578    0.811731E-03   -0.585256E-03    0.624456E-03
 0.56381    0.779272E-03   -0.568205E-03    0.610178E-03
 0.58183    0.748509E-03   -0.551997E-03    0.596523E-03
 0.59986    0.719324E-03   -0.536575E-03    0.583450E-03
 0.61789    0.691609E-03   -0.521883E-03    0.570917E-03
 0.63591    0.665268E-03   -0.507874E-03    0.558891E-03
 0.65394    0.640209E-03   -0.494504E-03    0.547337E-03
 0.67196    0.616351E-03   -0.481730E-03    0.536227E-03
 0.68999    0.593617E-03   -0.469517E-03    0.525532E-03
 0.70802    0.571937E-03   -0.457828E-03    0.515228E-03
 0.72604    0.551249E-03   -0.446633E-03    0.505290E-03
 0.74407    0.531491E-03   -0.435901E-03    0.495698E-03
 0.76209    0.512610E-03   -0.425607E-03    0.486431E-03
 0.78012    0.494555E-03   -0.415725E-03    0.477472E-03
 0.79815    0.477279E-03   -0.406231E-03    0.468804E-03
 0.81617    0.460738E-03   -0.397104E-03    0.460410E-03
 0.83420    0.444892E-03   -0.388324E-03    0.452276E-03
 0.85222    0.429703E-03   -0.379872E-03    0.444389E-03
 0.87025    0.415136E-03   -0.371731E-03    0.436735E-03
 0.88828    0.401158E-03   -0.363885E-03    0.429303E-03
 0.90630    0.387738E-03   -0.356318E-03    0.422083E-03
 0.92433    0.374849E-03   -0.349017E-03    0.415063E-03
 0.94235    0.362463E-03   -0.341968E-03    0.408234E-03
 0.96038    0.350555E-03   -0.335159E-03    0.401588E-03
 0.97841    0.339102E-03   -0.328578E-03    0.395115E-03
 0.99643    0.328082E-03   -0.322215E-03    0.388808E-03
 1.01446    0.317474E-03   -0.316059E-03    0.382660E-03
 1.03248    0.307259E-03   -0.310100E-03    0.376663E-03
 1.05051    0.297418E-03   -0.304330E-03    0.370810E-03
 1.06854    0.287935E-03   -0.298740E-03    0.365098E-03
 1.08656    0.278792E-03   -0.293322E-03    0.359518E-03
 1.10459    0.269975E-03   -0.288068E-03    0.354067E-03
 1.12262    0.261469E-03   -0.282972E-03    0.348737E-03
 1.14064    0.253261E-03   -0.278026E-03    0.343524E-03
 1.15867    0.245337E-03   -0.273225E-03    0.338424E-03
 1.17669    0.237686E-03   -0.268562E-03    0.333433E-03
 1.19472    0.230296E-03   -0.264031E-03    0.328546E-03
 1.21275    0.223156E-03   -0.259628E-03    0.323760E-03
 1.23077    0.216256E-03   -0.255347E-03    0.319071E-03
 1.24880    0.209586E-03   -0.251182E-03    0.314475E-03
 1.26682    0.203136E-03   -0.247131E-03    0.309969E-03
 1.28485    0.196897E-03   -0.243187E-03    0.305550E-03
 1.30288    0.190862E-03   -0.239348E-03    0.301214E-03
 1.32090    0.185022E-03   -0.235609E-03    0.296960E-03
 1.33893    0.179369E-03   -0.231966E-03    0.292784E-03
 1.35695    0.173897E-03   -0.228415E-03    0.288685E-03
 1.37498    0.168598E-03   -0.224954E-03    0.284658E-03
 1.39301    0.163466E-03   -0.221579E-03    0.280702E-03
 1.41103    0.158494E-03   -0.218287E-03    0.276815E-03
 1.42906    0.153678E-03   -0.215076E-03    0.272994E-03
 1.44708    0.149010E-03   -0.211941E-03    0.269238E-03
 1.46511    0.144486E-03   -0.208881E-03    0.265544E-03
 1.48314    0.140099E-03   -0.205893E-03    0.261911E-03
 1.50116    0.135846E-03   -0.202974E-03    0.258337E-03
 1.51919    0.131722E-03   -0.200122E-03    0.254821E-03
 1.53721    0.127721E-03   -0.197335E-03    0.251359E-03
 1.55524    0.123840E-03   -0.194611E-03    0.247952E-03
 1.57327    0.120075E-03   -0.191948E-03    0.244598E-03
 1.59129    0.116421E-03   -0.189344E-03    0.241294E-03
 1.60932    0.112874E-03   -0.186796E-03    0.238041E-03
 1.62734    0.109432E-03   -0.184303E-03    0.234836E-03
 1.64537    0.106090E-03   -0.181864E-03    0.231678E-03
 1.66340    0.102845E-03   -0.179476E-03    0.228566E-03
 1.68142    0.996945E-04   -0.177138E-03    0.225499E-03
 1.69945    0.966347E-04   -0.174849E-03    0.222475E-03
 1.71747    0.936628E-04   -0.172607E-03    0.219495E-03
 1.73550    0.907762E-04   -0.170410E-03    0.216556E-03
 1.75353    0.879720E-04   -0.168258E-03    0.213657E-03
 1.77155    0.852476E-04   -0.166149E-03    0.210799E-03
 1.78958    0.826005E-04   -0.164082E-03    0.207979E-03
 1.80761    0.800285E-04   -0.162055E-03    0.205197E-03
 1.82563    0.775292E-04   -0.160068E-03    0.202453E-03
 1.84366    0.751003E-04   -0.158119E-03    0.199744E-03
 1.86168    0.727399E-04   -0.156208E-03    0.197072E-03
 1.87971    0.704459E-04   -0.154333E-03    0.194434E-03
 1.89774    0.682165E-04   -0.152493E-03    0.191830E-03
 1.91576    0.660496E-04   -0.150688E-03    0.189260E-03
 1.93379    0.639437E-04   -0.148917E-03    0.186722E-03
 1.95181    0.618970E-04   -0.147178E-03    0.184217E-03
 1.96984    0.599079E-04   -0.145471E-03    0.181744E-03
 1.98787    0.579749E-04   -0.143796E-03    0.179301E-03
 2.00589    0.560965E-04   -0.142151E-03    0.176895E-03
 2.02392    0.542713E-04   -0.140536E-03    0.174513E-03
 2.04194    0.524981E-04   -0.138950E-03    0.172160E-03
 2.05997    0.507754E-04   -0.137392E-03    0.169836E-03
 2.07800    0.491021E-04   -0.135862E-03    0.167535E-03
 2.09602    0.474770E-04   -0.134360E-03    0.165267E-03
 2.11405    0.458990E-04   -0.132884E-03    0.163028E-03
 2.13207    0.443671E-04   -0.131435E-03    0.160815E-03
 2.15010    0.428801E-04   -0.130011E-03    0.158630E-03
 2.16813    0.414373E-04   -0.128612E-03    0.156471E-03
 2.18615    0.400376E-04   -0.127238E-03    0.154338E-03
 2.20418    0.386801E-04   -0.125888E-03    0.152231E-03
 2.22220    0.373640E-04   -0.124562E-03    0.150149E-03
 2.24023    0.360885E-04   -0.123260E-03    0.148092E-03
 2.25826    0.348527E-04   -0.121980E-03    0.146060E-03
 2.27628    0.336559E-04   -0.120723E-03    0.144052E-03
 2.29431    0.324974E-04   -0.119489E-03    0.142069E-03
 2.31233    0.313763E-04   -0.118276E-03    0.140109E-03
 2.33036    0.302919E-04   -0.117084E-03    0.138173E-03
 2.34839    0.292435E-04   -0.115914E-03    0.136260E-03
 2.36641    0.282304E-04   -0.114764E-03    0.134370E-03
 2.38444    0.272518E-04   -0.113635E-03    0.132503E-03
 2.40246    0.263070E-04   -0.112525E-03    0.130658E-03
 2.42049    0.253951E-04   -0.111435E-03    0.128835E-03
 2.43852    0.245154E-04   -0.110364E-03    0.127033E-03
 2.45654    0.236672E-04   -0.109312E-03    0.125253E-03
 2.47457    0.228495E-04   -0.108278E-03    0.123494E-03
 2.49260    0.220615E-04   -0.107262E-03    0.121755E-03
 2.51062    0.213022E-04   -0.106264E-03    0.120036E-03
 2.52865    0.205707E-04   -0.105282E-03    0.118337E-03
 2.54667    0.198662E-04   -0.104316E-03    0.116658E-03
 2.56470    0.191874E-04   -0.103367E-03    0.114997E-03
 2.58273    0.185334E-04   -0.102432E-03    0.113355E-03
 2.60075    0.179031E-04   -0.101512E-03    0.111731E-03
 2.61878    0.172954E-04   -0.100607E-03    0.110125E-03
 2.63680    0.167090E-04   -0.997147E-04    0.108536E-03
 2.65483    0.161428E-04   -0.988356E-04    0.106963E-03
 2.67286    0.155955E-04   -0.979690E-04    0.105406E-03
 2.69088    0.150659E-04   -0.971135E-04    0.103865E-03
 2.70891    0.145527E-04   -0.962692E-04    0.102339E-03
 2.72693    0.140546E-04   -0.954353E-04    0.100827E-03
 2.74496    0.135702E-04   -0.946108E-04    0.993288E-04
 2.76299    0.130982E-04   -0.937954E-04    0.978442E-04
 2.78101    0.126373E-04   -0.929882E-04    0.963724E-04
 2.79904    0.121862E-04   -0.921885E-04    0.949127E-04
 2.81706    0.117435E-04   -0.913962E-04    0.934648E-04
 2.83509    0.113080E-04   -0.906096E-04    0.920280E-04
 2.85312    0.108783E-04   -0.898285E-04    0.906017E-04
 2.87114    0.104532E-04   -0.890524E-04    0.891855E-04
 2.88917    0.100315E-04   -0.882805E-04    0.877789E-04
 2.90719    0.961196E-05   -0.875124E-04    0.863814E-04
 2.92522    0.919349E-05   -0.867473E-04    0.849924E-04
 2.94325    0.877501E-05   -0.859846E-04    0.836116E-04
 2.96127    0.835545E-05   -0.852240E-04    0.822381E-04
 2.97930    0.793385E-05   -0.844650E-04    0.808723E-04
 2.99732    0.750930E-05   -0.837067E-04    0.795133E-04
 3.01535    0.708094E-05   -0.829492E-04    0.781607E-04
 3.03338    0.664798E-05   -0.821919E-04    0.768142E-04
 3.05140    0.620974E-05   -0.814343E-04    0.754737E-04
 3.06943    0.576556E-05   -0.806762E-04    0.741388E-04
 3.08745    0.531487E-05   -0.799173E-04    0.728093E-04
 3.10548    0.485717E-05   -0.791574E-04    0.714849E-04
 3.12351    0.439204E-05   -0.783961E-04    0.701655E-04
 3.14153    0.391909E-05   -0.776334E-04    0.688509E-04
 3.15956    0.343806E-05   -0.768690E-04    0.675410E-04
 3.17759    0.294872E-05   -0.761030E-04    0.662356E-04
 3.19561    0.245093E-05   -0.753349E-04    0.649346E-04
 3.21364    0.194459E-05   -0.745653E-04    0.636382E-04
 3.23166    0.142973E-05   -0.737937E-04    0.623462E-04
 3.24969    0.906351E-06   -0.730203E-04    0.610587E-04
 3.26772    0.374586E-06   -0.722450E-04    0.597756E-04
 3.28574   -0.165430E-06   -0.714682E-04    0.584971E-04
 3.30377   -0.713454E-06   -0.706897E-04    0.572233E-04
 3.32179   -0.126921E-05   -0.699096E-04    0.559542E-04
 3.33982   -0.183238E-05   -0.691286E-04    0.546899E-04
 3.35785   -0.240261E-05   -0.683464E-04    0.534307E-04
 3.37587   -0.297943E-05   -0.675630E-04    0.521768E-04
 3.39390   -0.356245E-05   -0.667796E-04    0.509281E-04
 3.41192   -0.415109E-05   -0.659956E-04    0.496849E-04
 3.42995   -0.474485E-05   -0.652115E-04    0.484477E-04
 3.44798   -0.534316E-05   -0.644277E-04    0.472164E-04
 3.46600   -0.594531E-05   -0.636445E-04    0.459914E-04
 3.48403   -0.655081E-05   -0.628622E-04    0.447729E-04
 3.50205   -0.715894E-05   -0.620811E-04    0.435613E-04
 3.52008   -0.776902E-05   -0.613013E-04    0.423567E-04
 3.53811   -0.838034E-05   -0.605237E-04    0.411595E-04
 3.55613   -0.899218E-05   -0.597484E-04    0.399698E-04
 3.57416   -0.960381E-05   -0.589758E-04    0.387882E-04
 3.59218   -0.102145E-04   -0.582063E-04    0.376147E-04
 3.61021   -0.108235E-04   -0.574402E-04    0.364498E-04
 3.62824   -0.114300E-04   -0.566780E-04    0.352936E-04
 3.64626   -0.120333E-04   -0.559201E-04    0.341466E-04
 3.66429   -0.126326E-04   -0.551667E-04    0.330091E-04
 3.68231   -0.132273E-04   -0.544184E-04    0.318812E-04
 3.70034   -0.138165E-04   -0.536755E-04    0.307632E-04
 3.71837   -0.143997E-04   -0.529382E-04    0.296556E-04
 3.73639   -0.149760E-04   -0.522071E-04    0.285585E-04
 3.75442   -0.155448E-04   -0.514824E-04    0.274720E-04
 3.77244   -0.161055E-04   -0.507646E-04    0.263967E-04
 3.79047   -0.166574E-04   -0.500539E-04    0.253326E-04
 3.80850   -0.171999E-04   -0.493504E-04    0.242801E-04
 3.82652   -0.177324E-04   -0.486547E-04    0.232391E-04
 3.84455   -0.182545E-04   -0.479669E-04    0.222102E-04
 3.86258   -0.187655E-04   -0.472874E-04    0.211933E-04
 3.88060   -0.192651E-04   -0.466162E-04    0.201886E-04
 3.89863   -0.197528E-04   -0.459540E-04    0.191964E-04
 3.91665   -0.202281E-04   -0.453004E-04    0.182167E-04
 3.93468   -0.206908E-04   -0.446560E-04    0.172497E-04
 3.95271   -0.211406E-04   -0.440207E-04    0.162953E-04
 3.97073   -0.215770E-04   -0.433947E-04    0.153539E-04
 3.98876   -0.220000E-04   -0.427801E-04    0.144255E-04
 4.00678   -0.224092E-04   -0.421733E-04    0.135100E-04
 4.02481   -0.228046E-04   -0.415759E-04    0.126075E-04
 4.04284   -0.231860E-04   -0.409884E-04    0.117180E-04
 4.06086   -0.235530E-04   -0.404105E-04    0.108416E-04
 4.07889   -0.239061E-04   -0.398427E-04    0.997824E-05
 4.09691   -0.242448E-04   -0.392843E-04    0.912792E-05
 4.11494   -0.245694E-04   -0.387359E-04    0.829058E-05
 4.13297   -0.248798E-04   -0.381956E-04    0.746621E-05
 4.15099   -0.251761E-04   -0.376667E-04    0.665478E-05
 4.16902   -0.254585E-04   -0.371474E-04    0.585605E-05
 4.18704   -0.257269E-04   -0.366377E-04    0.507009E-05
 4.20507   -0.259816E-04   -0.361375E-04    0.429672E-05
 4.22310   -0.262228E-04   -0.356467E-04    0.353597E-05
 4.24112   -0.264506E-04   -0.351652E-04    0.278770E-05
 4.25915   -0.266652E-04   -0.346929E-04    0.205159E-05
 4.27717   -0.268669E-04   -0.342296E-04    0.132772E-05
 4.29520   -0.270559E-04   -0.337752E-04    0.615929E-06
 4.31323   -0.272325E-04   -0.333297E-04   -0.839965E-07
 4.33125   -0.273969E-04   -0.328927E-04   -0.772148E-06
 4.34928   -0.275494E-04   -0.324642E-04   -0.144879E-05
 4.36730   -0.276904E-04   -0.320441E-04   -0.211392E-05
 4.38533   -0.278201E-04   -0.316321E-04   -0.276776E-05
 4.40336   -0.279388E-04   -0.312280E-04   -0.341049E-05
 4.42138   -0.280469E-04   -0.308318E-04   -0.404226E-05
 4.43941   -0.281446E-04   -0.304433E-04   -0.466322E-05
 4.45743   -0.282323E-04   -0.300622E-04   -0.527356E-05
 4.47546   -0.283103E-04   -0.296884E-04   -0.587345E-05
 4.49349   -0.283789E-04   -0.293217E-04   -0.646297E-05
 4.51151   -0.284385E-04   -0.289619E-04   -0.704246E-05
 4.52954   -0.284893E-04   -0.286090E-04   -0.761203E-05
 4.54757   -0.285317E-04   -0.282626E-04   -0.817173E-05
 4.56559   -0.285659E-04   -0.279227E-04   -0.872191E-05
 4.58362   -0.285924E-04   -0.275890E-04   -0.926259E-05
 4.60164   -0.286113E-04   -0.272614E-04   -0.979398E-05
 4.61967   -0.286231E-04   -0.269398E-04   -0.103162E-04
 4.63770   -0.286279E-04   -0.266239E-04   -0.108295E-04
 4.65572   -0.286261E-04   -0.263136E-04   -0.113340E-04
 4.67375   -0.286180E-04   -0.260088E-04   -0.118298E-04
 4.69177   -0.286038E-04   -0.257093E-04   -0.123172E-04
 4.70980   -0.285838E-04   -0.254149E-04   -0.127962E-04
 4.72783   -0.285582E-04   -0.251256E-04   -0.132670E-04
 4.74585   -0.285274E-04   -0.248411E-04   -0.137297E-04
 4.76388   -0.284915E-04   -0.245613E-04   -0.141845E-04
 4.78190   -0.284508E-04   -0.242861E-04   -0.146315E-04
 4.79993   -0.284056E-04   -0.240154E-04   -0.150709E-04
 4.81796   -0.283559E-04   -0.237491E-04   -0.155028E-04
 4.83598   -0.283022E-04   -0.234869E-04   -0.159274E-04
 4.85401   -0.282445E-04   -0.232288E-04   -0.163446E-04
 4.87203   -0.281831E-04   -0.229748E-04   -0.167548E-04
 4.89006   -0.281182E-04   -0.227246E-04   -0.171580E-04
 4.90809   -0.280499E-04   -0.224781E-04   -0.175543E-04
 4.92611   -0.279784E-04   -0.222354E-04   -0.179439E-04
 4.94414   -0.279039E-04   -0.219961E-04   -0.183268E-04
 4.96216   -0.278266E-04   -0.217604E-04   -0.187032E-04
 4.98019   -0.277467E-04   -0.215280E-04   -0.190732E-04
 4.99822   -0.276641E-04   -0.212989E-04   -0.194369E-04
 5.01624   -0.275793E-04   -0.210730E-04   -0.197943E-04
 5.03427   -0.274921E-04   -0.208501E-04   -0.201457E-04
 5.05229   -0.274029E-04   -0.206304E-04   -0.204911E-04
 5.07032   -0.273117E-04   -0.204135E-04   -0.208305E-04
 5.08835   -0.272186E-04   -0.201996E-04   -0.211641E-04
 5.10637   -0.271238E-04   -0.199884E-04   -0.214920E-04
 5.12440   -0.270273E-04   -0.197800E-04   -0.218142E-04
 5.14242   -0.269293E-04   -0.195742E-04   -0.221309E-04
 5.16045   -0.268299E-04   -0.193711E-04   -0.224421E-04
 5.17848   -0.267292E-04   -0.191704E-04   -0.227479E-04
 5.19650   -0.266272E-04   -0.189723E-04   -0.230484E-04
 5.21453   -0.265241E-04   -0.187766E-04   -0.233436E-04
 5.23256   -0.264200E-04   -0.185832E-04   -0.236337E-04
 5.25058   -0.263148E-04   -0.183921E-04   -0.239187E-04
 5.26861   -0.262088E-04   -0.182033E-04   -0.241986E-04
 5.28663   -0.261019E-04   -0.180167E-04   -0.244736E-04
 5.30466   -0.259943E-04   -0.178323E-04   -0.247438E-04
 5.32269   -0.258860E-04   -0.176500E-04   -0.250091E-04
 5.34071   -0.257770E-04   -0.174697E-04   -0.252696E-04
 5.35874   -0.256675E-04   -0.172915E-04   -0.255256E-04
 5.37676   -0.255575E-04   -0.171153E-04   -0.257768E-04
 5.39479   -0.254471E-04   -0.169410E-04   -0.260236E-04
 5.41282   -0.253362E-04   -0.167686E-04   -0.262658E-04
 5.43084   -0.252250E-04   -0.165980E-04   -0.265036E-04
 5.44887   -0.251135E-04   -0.164293E-04   -0.267371E-04
 5.46689   -0.250017E-04   -0.162624E-04   -0.269662E-04
 5.48492   -0.248898E-04   -0.160973E-04   -0.271911E-04
 5.50295   -0.247777E-04   -0.159338E-04   -0.274117E-04
 5.52097   -0.246654E-04   -0.157721E-04   -0.276283E-04
 5.53900   -0.245531E-04   -0.156120E-04   -0.278407E-04
 5.55702   -0.244407E-04   -0.154536E-04   -0.280491E-04
 5.57505   -0.243283E-04   -0.152967E-04   -0.282536E-04
 5.59308   -0.242159E-04   -0.151415E-04   -0.284541E-04
 5.61110   -0.241035E-04   -0.149877E-04   -0.286507E-04
 5.62913   -0.239912E-04   -0.148355E-04   -0.288435E-04
 5.64715   -0.238790E-04   -0.146848E-04   -0.290325E-04
 5.66518   -0.237670E-04   -0.145356E-04   -0.292178E-04
 5.68321   -0.236551E-04   -0.143878E-04   -0.293993E-04
 5.70123   -0.235434E-04   -0.142415E-04   -0.295773E-04
 5.71926   -0.234318E-04   -0.140965E-04   -0.297517E-04
 5.73728   -0.233205E-04   -0.139530E-04   -0.299225E-04
 5.75531   -0.232094E-04   -0.138108E-04   -0.300898E-04
 5.77334   -0.230986E-04   -0.136699E-04   -0.302536E-04
 5.79136   -0.229880E-04   -0.135304E-04   -0.304141E-04
 5.80939   -0.228778E-04   -0.133921E-04   -0.305712E-04
 5.82741   -0.227678E-04   -0.132552E-04   -0.307249E-04
 5.84544   -0.226581E-04   -0.131195E-04   -0.308754E-04
 5.86347   -0.225488E-04   -0.129851E-04   -0.310226E-04
 5.88149   -0.224398E-04   -0.128519E-04   -0.311667E-04
 5.89952   -0.223312E-04   -0.127199E-04   -0.313076E-04
 5.91755   -0.222229E-04   -0.125891E-04   -0.314453E-04
 5.93557   -0.221150E-04   -0.124595E-04   -0.315799E-04
 5.95360   -0.220074E-04   -0.123311E-04   -0.317115E-04
 5.97162   -0.219003E-04   -0.122039E-04   -0.318401E-04
 5.98965   -0.217936E-04   -0.120777E-04   -0.319657E-04
 6.00768   -0.216872E-04   -0.119528E-04   -0.320884E-04
 6.02570   -0.215813E-04   -0.118289E-04   -0.322081E-04
 6.04373   -0.214757E-04   -0.117061E-04   -0.323249E-04
 6.06175   -0.213706E-04   -0.115845E-04   -0.324389E-04
 6.07978   -0.212659E-04   -0.114639E-04   -0.325501E-04
 6.09781   -0.211617E-04   -0.113444E-04   -0.326585E-04
 6.11583   -0.210578E-04   -0.112260E-04   -0.327641E-04
 6.13386   -0.209544E-04   -0.111085E-04   -0.328670E-04
 6.15188   -0.208515E-04   -0.109922E-04   -0.329672E-04
 6.16991   -0.207489E-04   -0.108768E-04   -0.330647E-04
 6.18794   -0.206469E-04   -0.107623E-04   -0.331596E-04
 6.20596   -0.205452E-04   -0.106492E-04   -0.332519E-04
 6.22399   -0.204440E-04   -0.105369E-04   -0.333416E-04
 6.24201   -0.203433E-04   -0.104255E-04   -0.334287E-04
 6.26004   -0.202430E-04   -0.103152E-04   -0.335134E-04
 6.27807   -0.201432E-04   -0.102058E-04   -0.335955E-04
 6.29609   -0.200438E-04   -0.100973E-04   -0.336752E-04
 6.31412   -0.199449E-04   -0.998980E-05   -0.337525E-04
 6.33214   -0.198465E-04   -0.988323E-05   -0.338274E-04
 6.35017   -0.197485E-04   -0.977760E-05   -0.338999E-04
 6.36820   -0.196510E-04   -0.967287E-05   -0.339700E-04
 6.38622   -0.195539E-04   -0.956905E-05   -0.340379E-04
 6.40425   -0.194573E-04   -0.946614E-05   -0.341034E-04
 6.42227   -0.193611E-04   -0.936411E-05   -0.341667E-04
 6.44030   -0.192655E-04   -0.926298E-05   -0.342278E-04
 6.45833   -0.191703E-04   -0.916271E-05   -0.342867E-04
 6.47635   -0.190755E-04   -0.906309E-05   -0.343433E-04
 6.49438   -0.189812E-04   -0.896475E-05   -0.343979E-04
 6.51240   -0.188874E-04   -0.886706E-05   -0.344502E-04
 6.53043   -0.187941E-04   -0.877021E-05   -0.345006E-04
 6.54846   -0.187012E-04   -0.867418E-05   -0.345488E-04
 6.56648   -0.186088E-04   -0.857898E-05   -0.345949E-04
 6.58451   -0.185169E-04   -0.848460E-05   -0.346391E-04
 6.60254   -0.184254E-04   -0.839102E-05   -0.346812E-04
 6.62056   -0.183345E-04   -0.829825E-05   -0.347214E-04
 6.63859   -0.182439E-04   -0.820627E-05   -0.347596E-04
 6.65661   -0.181539E-04   -0.811508E-05   -0.347958E-04
 6.67464   -0.180643E-04   -0.802466E-05   -0.348302E-04
 6.69267   -0.179752E-04   -0.793502E-05   -0.348627E-04
 6.71069   -0.178866E-04   -0.784614E-05   -0.348933E-04
 6.72872   -0.177984E-04   -0.775802E-05   -0.349221E-04
 6.74674   -0.177107E-04   -0.767065E-05   -0.349490E-04
 6.76477   -0.176234E-04   -0.758402E-05   -0.349741E-04
 6.78280   -0.175366E-04   -0.749800E-05   -0.349975E-04
 6.80082   -0.174503E-04   -0.741298E-05   -0.350192E-04
 6.81885   -0.173644E-04   -0.732855E-05   -0.350391E-04
 6.83687   -0.172790E-04   -0.724484E-05   -0.350573E-04
 6.85490   -0.171941E-04   -0.716184E-05   -0.350740E-04
 6.87293   -0.171096E-04   -0.707955E-05   -0.350889E-04
 6.89095   -0.170256E-04   -0.699796E-05   -0.351021E-04
 6.90898   -0.169420E-04   -0.691706E-05   -0.351137E-04
 6.92700   -0.168588E-04   -0.683686E-05   -0.351237E-04
 6.94503   -0.167761E-04   -0.675734E-05   -0.351321E-04
 6.96306   -0.166939E-04   -0.667850E-05   -0.351389E-04
 6.98108   -0.166120E-04   -0.660033E-05   -0.351442E-04
 6.99911   -0.165307E-04   -0.652283E-05   -0.351480E-04
 7.01713   -0.164497E-04   -0.644596E-05   -0.351503E-04
 7.03516   -0.163692E-04   -0.636978E-05   -0.351511E-04
 7.05319   -0.162891E-04   -0.629426E-05   -0.351504E-04
 7.07121   -0.162095E-04   -0.621942E-05   -0.351483E-04
 7.08924   -0.161302E-04   -0.614518E-05   -0.351448E-04
 7.10726   -0.160514E-04   -0.607158E-05   -0.351398E-04
 7.12529   -0.159730E-04   -0.599859E-05   -0.351335E-04
 7.14332   -0.158950E-04   -0.592628E-05   -0.351257E-04
 7.16134   -0.158175E-04   -0.585457E-05   -0.351167E-04
 7.17937   -0.157403E-04   -0.578347E-05   -0.351063E-04
 7.19739   -0.156636E-04   -0.571299E-05   -0.350945E-04
 7.21542   -0.155872E-04   -0.564310E-05   -0.350815E-04
 7.23345   -0.155113E-04   -0.557385E-05   -0.350671E-04
 7.25147   -0.154357E-04   -0.550518E-05   -0.350515E-04
 7.26950   -0.153605E-04   -0.543710E-05   -0.350347E-04
 7.28753   -0.152858E-04   -0.536960E-05   -0.350166E-04
 7.30555   -0.152114E-04   -0.530272E-05   -0.349973E-04
 7.32358   -0.151374E-04   -0.523640E-05   -0.349768E-04
 7.34160   -0.150638E-04   -0.517066E-05   -0.349551E-04
 7.35963   -0.149906E-04   -0.510549E-05   -0.349322E-04
 7.37766   -0.149178E-04   -0.504089E-05   -0.349082E-04
 7.39568   -0.148453E-04   -0.497687E-05   -0.348830E-04
 7.41371   -0.147732E-04   -0.491337E-05   -0.348567E-04
 7.43173   -0.147015E-04   -0.485045E-05   -0.348293E-04
 7.44976   -0.146301E-04   -0.478807E-05   -0.348008E-04
 7.46779   -0.145592E-04   -0.472624E-05   -0.347712E-04
 7.48581   -0.144886E-04   -0.466495E-05   -0.347406E-04
 7.50384   -0.144183E-04   -0.460419E-05   -0.347089E-04
 7.52186   -0.143484E-04   -0.454397E-05   -0.346762E-04
 7.53989   -0.142789E-04   -0.448427E-05   -0.346425E-04
 7.55792   -0.142098E-04   -0.442509E-05   -0.346078E-04
 7.57594   -0.141410E-04   -0.436642E-05   -0.345721E-04
 7.59397   -0.140726E-04   -0.430827E-05   -0.345354E-04
 7.61199   -0.140045E-04   -0.425063E-05   -0.344978E-04
 7.63002   -0.139368E-04   -0.419349E-05   -0.344592E-04
 7.64805   -0.138694E-04   -0.413685E-05   -0.344197E-04
 7.66607   -0.138024E-04   -0.408070E-05   -0.343793E-04
 7.68410   -0.137358E-04   -0.402504E-05   -0.343379E-04
 7.70212   -0.136695E-04   -0.396986E-05   -0.342957E-04
 7.72015   -0.136035E-04   -0.391517E-05   -0.342527E-04
 7.73818   -0.135379E-04   -0.386095E-05   -0.342087E-04
 7.75620   -0.134727E-04   -0.380721E-05   -0.341640E-04
 7.77423   -0.134078E-04   -0.375393E-05   -0.341183E-04
 7.79225   -0.133432E-04   -0.370111E-05   -0.340719E-04
 7.81028   -0.132790E-04   -0.364875E-05   -0.340247E-04
 7.82831   -0.132152E-04   -0.359685E-05   -0.339767E-04
 7.84633   -0.131516E-04   -0.354540E-05   -0.339279E-04
 7.86436   -0.130885E-04   -0.349439E-05   -0.338783E-04
 7.88238   -0.130256E-04   -0.344382E-05   -0.338280E-04
 7.90041   -0.129631E-04   -0.339369E-05   -0.337769E-04
 7.91844   -0.129010E-04   -0.334400E-05   -0.337251E-04
 7.93646   -0.128392E-04   -0.329473E-05   -0.336726E-04
 7.95449   -0.127777E-04   -0.324589E-05   -0.336193E-04
 7.97252   -0.127166E-04   -0.319747E-05   -0.335654E-04
 7.99054   -0.126558E-04   -0.314946E-05   -0.335108E-04
 8.00857   -0.125953E-04   -0.310187E-05   -0.334556E-04
 8.02659   -0.125352E-04   -0.305469E-05   -0.333997E-04
 8.04462   -0.124754E-04   -0.300792E-05   -0.333431E-04
 8.06265   -0.124160E-04   -0.296154E-05   -0.332859E-04
 8.08067   -0.123568E-04   -0.291557E-05   -0.332280E-04
 8.09870   -0.122980E-04   -0.286998E-05   -0.331696E-04
 8.11672   -0.122396E-04   -0.282479E-05   -0.331104E-04
 8.13475   -0.121814E-04   -0.277998E-05   -0.330509E-04
 8.15278   -0.121236E-04   -0.273556E-05   -0.329907E-04
 8.17080   -0.120662E-04   -0.269152E-05   -0.329299E-04
 8.18883   -0.120090E-04   -0.264785E-05   -0.328686E-04
 8.20685   -0.119522E-04   -0.260455E-05   -0.328067E-04
 8.22488   -0.118957E-04   -0.256163E-05   -0.327442E-04
 8.24291   -0.118395E-04   -0.251907E-05   -0.326813E-04
 8.26093   -0.117837E-04   -0.247687E-05   -0.326178E-04
 8.27896   -0.117281E-04   -0.243503E-05   -0.325538E-04
 8.29698   -0.116729E-04   -0.239354E-05   -0.324893E-04
 8.31501   -0.116180E-04   -0.235241E-05   -0.324243E-04
 8.33304   -0.115634E-04   -0.231163E-05   -0.323589E-04
 8.35106   -0.115091E-04   -0.227119E-05   -0.322929E-04
 8.36909   -0.114552E-04   -0.223110E-05   -0.322265E-04
 8.38711   -0.114015E-04   -0.219135E-05   -0.321597E-04
 8.40514   -0.113482E-04   -0.215193E-05   -0.320924E-04
 8.42317   -0.112952E-04   -0.211285E-05   -0.320247E-04
 8.44119   -0.112425E-04   -0.207410E-05   -0.319565E-04
 8.45922   -0.111900E-04   -0.203568E-05   -0.318879E-04
 8.47724   -0.111379E-04   -0.199759E-05   -0.318189E-04
 8.49527   -0.110861E-04   -0.195981E-05   -0.317496E-04
 8.51330   -0.110346E-04   -0.192236E-05   -0.316798E-04
 8.53132   -0.109834E-04   -0.188523E-05   -0.316096E-04
 8.54935   -0.109325E-04   -0.184840E-05   -0.315391E-04
 8.56737   -0.108819E-04   -0.181189E-05   -0.314682E-04
 8.58540   -0.108316E-04   -0.177569E-05   -0.313969E-04
 8.60343   -0.107816E-04   -0.173980E-05   -0.313253E-04
 8.62145   -0.107319E-04   -0.170421E-05   -0.312533E-04
 8.63948   -0.106824E-04   -0.166893E-05   -0.311810E-04
 8.65751   -0.106333E-04   -0.163393E-05   -0.311084E-04
 8.67553   -0.105844E-04   -0.159923E-05   -0.310355E-04
 8.69356   -0.105359E-04   -0.156483E-05   -0.309622E-04
 8.71158   -0.104876E-04   -0.153072E-05   -0.308886E-04
 8.72961   -0.104396E-04   -0.149691E-05   -0.308148E-04
 8.74764   -0.103919E-04   -0.146337E-05   -0.307406E-04
 8.76566   -0.103444E-04   -0.143012E-05   -0.306662E-04
 8.78369   -0.102973E-04   -0.139715E-05   -0.305914E-04
 8.80171   -0.102504E-04   -0.136446E-05   -0.305165E-04
 8.81974   -0.102038E-04   -0.133205E-05   -0.304412E-04
 8.83777   -0.101574E-04   -0.129991E-05   -0.303657E-04
 8.85579   -0.101114E-04   -0.126804E-05   -0.302899E-04
 8.87382   -0.100656E-04   -0.123645E-05   -0.302139E-04
 8.89184   -0.100201E-04   -0.120512E-05   -0.301376E-04
 8.90987   -0.997483E-05   -0.117406E-05   -0.300611E-04
 8.92790   -0.992985E-05   -0.114326E-05   -0.299844E-04
 8.94592   -0.988513E-05   -0.111272E-05   -0.299075E-04
 8.96395   -0.984067E-05   -0.108245E-05   -0.298304E-04
 8.98197   -0.979648E-05   -0.105243E-05   -0.297530E-04
 9.00000   -0.975254E-05   -0.102266E-05   -0.296755E-04
