 0.00500    0.551514E-02   -0.295035E-02    0.243455E-02
 0.02303    0.454041E-02   -0.246296E-02    0.206885E-02
 0.04105    0.396638E-02   -0.217581E-02    0.185325E-02
 0.05908    0.354714E-02   -0.196597E-02    0.169552E-02
 0.07710    0.321603E-02   -0.180017E-02    0.157071E-02
 0.09513    0.294318E-02   -0.166345E-02    0.146764E-02
 0.11316    0.271209E-02   -0.154757E-02    0.138013E-02
 0.13118    0.251257E-02   -0.144744E-02    0.130436E-02
 0.14921    0.233783E-02   -0.135966E-02    0.123780E-02
 0.16723    0.218308E-02   -0.128186E-02    0.117867E-02
 0.18526    0.204481E-02   -0.121226E-02    0.112564E-02
 0.20329    0.192036E-02   -0.114955E-02    0.107773E-02
 0.22131    0.180764E-02   -0.109268E-02    0.103416E-02
 0.23934    0.170502E-02   -0.104085E-02    0.994332E-03
 0.25736    0.161117E-02   -0.993377E-03    0.957738E-03
 0.27539    0.152499E-02   -0.949727E-03    0.923978E-03
 0.29342    0.144559E-02   -0.909447E-03    0.892715E-03
 0.31144    0.137220E-02   -0.872159E-03    0.863667E-03
 0.32947    0.130417E-02   -0.837539E-03    0.836594E-03
 0.34749    0.124096E-02   -0.805312E-03    0.811292E-03
 0.36552    0.118208E-02   -0.775242E-03    0.787583E-03
 0.38355    0.112712E-02   -0.747121E-03    0.765317E-03
 0.40157    0.107572E-02   -0.720770E-03    0.744357E-03
 0.41960    0.102756E-02   -0.696031E-03    0.724589E-03
 0.43763    0.982366E-03   -0.672763E-03    0.705907E-03
 0.45565    0.939881E-03   -0.650844E-03    0.688220E-03
 0.47368    0.899886E-03   -0.630162E-03    0.671446E-03
 0.49170    0.862183E-03   -0.610620E-03    0.655514E-03
 0.50973    0.826596E-03   -0.592130E-03    0.640356E-03
 0.52776    0.792963E-03   -0.574610E-03    0.625916E-03
 0.54578    0.761141E-03   -0.557991E-03    0.612138E-03
 0.56381    0.730998E-03   -0.542207E-03    0.598977E-03
 0.58183    0.702417E-03   -0.527198E-03    0.586387E-03
 0.59986    0.675290E-03   -0.512913E-03    0.574331E-03
 0.61789    0.649517E-03   -0.499300E-03    0.562770E-03
 0.63591    0.625008E-03   -0.486317E-03    0.551674E-03
 0.65394    0.601683E-03   -0.473922E-03    0.541012E-03
 0.67196    0.579465E-03   -0.462077E-03    0.530755E-03
 0.68999    0.558286E-03   -0.450749E-03    0.520880E-03
 0.70802    0.538080E-03   -0.439905E-03    0.511362E-03
 0.72604    0.518789E-03   -0.429516E-03    0.502180E-03
 0.74407    0.500359E-03   -0.419556E-03    0.493314E-03
 0.76209    0.482740E-03   -0.409999E-03    0.484747E-03
 0.78012    0.465884E-03   -0.400823E-03    0.476461E-03
 0.79815    0.449750E-03   -0.392005E-03    0.468441E-03
 0.81617    0.434296E-03   -0.383527E-03    0.460672E-03
 0.83420    0.419486E-03   -0.375369E-03    0.453140E-03
 0.85222    0.405284E-03   -0.367515E-03    0.445833E-03
 0.87025    0.391659E-03   -0.359948E-03    0.438740E-03
 0.88828    0.378580E-03   -0.352654E-03    0.431850E-03
 0.90630    0.366019E-03   -0.345618E-03    0.425151E-03
 0.92433    0.353950E-03   -0.338827E-03    0.418636E-03
 0.94235    0.342348E-03   -0.332270E-03    0.412295E-03
 0.96038    0.331191E-03   -0.325935E-03    0.406119E-03
 0.97841    0.320455E-03   -0.319811E-03    0.400101E-03
 0.99643    0.310121E-03   -0.313888E-03    0.394234E-03
 1.01446    0.300171E-03   -0.308156E-03    0.388511E-03
 1.03248    0.290585E-03   -0.302608E-03    0.382925E-03
 1.05051    0.281348E-03   -0.297234E-03    0.377471E-03
 1.06854    0.272443E-03   -0.292026E-03    0.372142E-03
 1.08656    0.263856E-03   -0.286978E-03    0.366934E-03
 1.10459    0.255571E-03   -0.282082E-03    0.361841E-03
 1.12262    0.247575E-03   -0.277331E-03    0.356859E-03
 1.14064    0.239858E-03   -0.272720E-03    0.351983E-03
 1.15867    0.232405E-03   -0.268242E-03    0.347208E-03
 1.17669    0.225206E-03   -0.263892E-03    0.342532E-03
 1.19472    0.218250E-03   -0.259664E-03    0.337949E-03
 1.21275    0.211528E-03   -0.255554E-03    0.333457E-03
 1.23077    0.205028E-03   -0.251557E-03    0.329052E-03
 1.24880    0.198743E-03   -0.247668E-03    0.324731E-03
 1.26682    0.192664E-03   -0.243883E-03    0.320491E-03
 1.28485    0.186782E-03   -0.240199E-03    0.316328E-03
 1.30288    0.181090E-03   -0.236610E-03    0.312241E-03
 1.32090    0.175580E-03   -0.233114E-03    0.308227E-03
 1.33893    0.170245E-03   -0.229707E-03    0.304283E-03
 1.35695    0.165079E-03   -0.226386E-03    0.300406E-03
 1.37498    0.160074E-03   -0.223147E-03    0.296595E-03
 1.39301    0.155226E-03   -0.219987E-03    0.292847E-03
 1.41103    0.150527E-03   -0.216904E-03    0.289160E-03
 1.42906    0.145973E-03   -0.213895E-03    0.285533E-03
 1.44708    0.141559E-03   -0.210958E-03    0.281963E-03
 1.46511    0.137278E-03   -0.208089E-03    0.278449E-03
 1.48314    0.133127E-03   -0.205287E-03    0.274990E-03
 1.50116    0.129100E-03   -0.202548E-03    0.271582E-03
 1.51919    0.125194E-03   -0.199872E-03    0.268226E-03
 1.53721    0.121404E-03   -0.197255E-03    0.264919E-03
 1.55524    0.117726E-03   -0.194697E-03    0.261660E-03
 1.57327    0.114155E-03   -0.192194E-03    0.258448E-03
 1.59129    0.110690E-03   -0.189745E-03    0.255281E-03
 1.60932    0.107325E-03   -0.187349E-03    0.252159E-03
 1.62734    0.104058E-03   -0.185004E-03    0.249079E-03
 1.64537    0.100885E-03   -0.182707E-03    0.246042E-03
 1.66340    0.978028E-04   -0.180458E-03    0.243045E-03
 1.68142    0.948089E-04   -0.178255E-03    0.240088E-03
 1.69945    0.919003E-04   -0.176097E-03    0.237170E-03
 1.71747    0.890741E-04   -0.173982E-03    0.234290E-03
 1.73550    0.863278E-04   -0.171910E-03    0.231446E-03
 1.75353    0.836589E-04   -0.169878E-03    0.228639E-03
 1.77155    0.810649E-04   -0.167885E-03    0.225867E-03
 1.78958    0.785434E-04   -0.165931E-03    0.223129E-03
 1.80761    0.760923E-04   -0.164015E-03    0.220425E-03
 1.82563    0.737094E-04   -0.162135E-03    0.217754E-03
 1.84366    0.713927E-04   -0.160289E-03    0.215115E-03
 1.86168    0.691401E-04   -0.158478E-03    0.212508E-03
 1.87971    0.669498E-04   -0.156701E-03    0.209931E-03
 1.89774    0.648200E-04   -0.154956E-03    0.207385E-03
 1.91576    0.627490E-04   -0.153243E-03    0.204868E-03
 1.93379    0.607349E-04   -0.151560E-03    0.202381E-03
 1.95181    0.587764E-04   -0.149907E-03    0.199921E-03
 1.96984    0.568717E-04   -0.148284E-03    0.197490E-03
 1.98787    0.550196E-04   -0.146689E-03    0.195086E-03
 2.00589    0.532184E-04   -0.145122E-03    0.192710E-03
 2.02392    0.514672E-04   -0.143582E-03    0.190360E-03
 2.04194    0.497643E-04   -0.142069E-03    0.188035E-03
 2.05997    0.481089E-04   -0.140582E-03    0.185737E-03
 2.07800    0.464994E-04   -0.139120E-03    0.183464E-03
 2.09602    0.449348E-04   -0.137683E-03    0.181215E-03
 2.11405    0.434141E-04   -0.136270E-03    0.178991E-03
 2.13207    0.419363E-04   -0.134880E-03    0.176791E-03
 2.15010    0.405003E-04   -0.133515E-03    0.174615E-03
 2.16813    0.391052E-04   -0.132172E-03    0.172463E-03
 2.18615    0.377501E-04   -0.130851E-03    0.170333E-03
 2.20418    0.364341E-04   -0.129552E-03    0.168227E-03
 2.22220    0.351566E-04   -0.128275E-03    0.166142E-03
 2.24023    0.339165E-04   -0.127019E-03    0.164080E-03
 2.25826    0.327133E-04   -0.125783E-03    0.162040E-03
 2.27628    0.315461E-04   -0.124568E-03    0.160022E-03
 2.29431    0.304143E-04   -0.123373E-03    0.158025E-03
 2.31233    0.293171E-04   -0.122198E-03    0.156050E-03
 2.33036    0.282538E-04   -0.121042E-03    0.154095E-03
 2.34839    0.272237E-04   -0.119906E-03    0.152161E-03
 2.36641    0.262263E-04   -0.118787E-03    0.150248E-03
 2.38444    0.252608E-04   -0.117687E-03    0.148354E-03
 2.40246    0.243267E-04   -0.116606E-03    0.146481E-03
 2.42049    0.234232E-04   -0.115541E-03    0.144627E-03
 2.43852    0.225496E-04   -0.114495E-03    0.142793E-03
 2.45654    0.217054E-04   -0.113465E-03    0.140978E-03
 2.47457    0.208897E-04   -0.112452E-03    0.139182E-03
 2.49260    0.201021E-04   -0.111455E-03    0.137404E-03
 2.51062    0.193415E-04   -0.110474E-03    0.135645E-03
 2.52865    0.186074E-04   -0.109509E-03    0.133904E-03
 2.54667    0.178991E-04   -0.108559E-03    0.132181E-03
 2.56470    0.172156E-04   -0.107623E-03    0.130476E-03
 2.58273    0.165562E-04   -0.106703E-03    0.128787E-03
 2.60075    0.159201E-04   -0.105796E-03    0.127116E-03
 2.61878    0.153063E-04   -0.104902E-03    0.125460E-03
 2.63680    0.147140E-04   -0.104022E-03    0.123821E-03
 2.65483    0.141422E-04   -0.103154E-03    0.122198E-03
 2.67286    0.135900E-04   -0.102298E-03    0.120590E-03
 2.69088    0.130563E-04   -0.101454E-03    0.118997E-03
 2.70891    0.125403E-04   -0.100621E-03    0.117418E-03
 2.72693    0.120408E-04   -0.997984E-04    0.115854E-03
 2.74496    0.115569E-04   -0.989860E-04    0.114304E-03
 2.76299    0.110875E-04   -0.981831E-04    0.112766E-03
 2.78101    0.106314E-04   -0.973890E-04    0.111242E-03
 2.79904    0.101877E-04   -0.966034E-04    0.109730E-03
 2.81706    0.975531E-05   -0.958257E-04    0.108230E-03
 2.83509    0.933305E-05   -0.950553E-04    0.106742E-03
 2.85312    0.891992E-05   -0.942916E-04    0.105265E-03
 2.87114    0.851487E-05   -0.935342E-04    0.103799E-03
 2.88917    0.811693E-05   -0.927824E-04    0.102343E-03
 2.90719    0.772482E-05   -0.920361E-04    0.100897E-03
 2.92522    0.733781E-05   -0.912941E-04    0.994601E-04
 2.94325    0.695484E-05   -0.905565E-04    0.980326E-04
 2.96127    0.657495E-05   -0.898225E-04    0.966138E-04
 2.97930    0.619723E-05   -0.890919E-04    0.952033E-04
 2.99732    0.582083E-05   -0.883640E-04    0.938008E-04
 3.01535    0.544492E-05   -0.876384E-04    0.924060E-04
 3.03338    0.506872E-05   -0.869148E-04    0.910185E-04
 3.05140    0.469149E-05   -0.861929E-04    0.896378E-04
 3.06943    0.431251E-05   -0.854722E-04    0.882641E-04
 3.08745    0.393115E-05   -0.847524E-04    0.868969E-04
 3.10548    0.354675E-05   -0.840331E-04    0.855356E-04
 3.12351    0.315887E-05   -0.833143E-04    0.841805E-04
 3.14153    0.276692E-05   -0.825954E-04    0.828311E-04
 3.15956    0.237050E-05   -0.818764E-04    0.814873E-04
 3.17759    0.196912E-05   -0.811570E-04    0.801489E-04
 3.19561    0.156252E-05   -0.804372E-04    0.788164E-04
 3.21364    0.115040E-05   -0.797166E-04    0.774879E-04
 3.23166    0.732480E-06   -0.789952E-04    0.761650E-04
 3.24969    0.308555E-06   -0.782729E-04    0.748471E-04
 3.26772   -0.121542E-06   -0.775497E-04    0.735342E-04
 3.28574   -0.557945E-06   -0.768254E-04    0.722260E-04
 3.30377   -0.100069E-05   -0.760999E-04    0.709227E-04
 3.32179   -0.144979E-05   -0.753735E-04    0.696242E-04
 3.33982   -0.190526E-05   -0.746460E-04    0.683306E-04
 3.35785   -0.236704E-05   -0.739175E-04    0.670417E-04
 3.37587   -0.283496E-05   -0.731881E-04    0.657579E-04
 3.39390   -0.330897E-05   -0.724576E-04    0.644790E-04
 3.41192   -0.378882E-05   -0.717264E-04    0.632052E-04
 3.42995   -0.427439E-05   -0.709945E-04    0.619365E-04
 3.44798   -0.476536E-05   -0.702622E-04    0.606730E-04
 3.46600   -0.526146E-05   -0.695294E-04    0.594151E-04
 3.48403   -0.576240E-05   -0.687964E-04    0.581625E-04
 3.50205   -0.626781E-05   -0.680633E-04    0.569156E-04
 3.52008   -0.677733E-05   -0.673306E-04    0.556746E-04
 3.53811   -0.729050E-05   -0.665981E-04    0.544397E-04
 3.55613   -0.780691E-05   -0.658663E-04    0.532109E-04
 3.57416   -0.832610E-05   -0.651354E-04    0.519885E-04
 3.59218   -0.884757E-05   -0.644055E-04    0.507727E-04
 3.61021   -0.937086E-05   -0.636771E-04    0.495637E-04
 3.62824   -0.989540E-05   -0.629504E-04    0.483617E-04
 3.64626   -0.104207E-04   -0.622258E-04    0.471670E-04
 3.66429   -0.109461E-04   -0.615033E-04    0.459798E-04
 3.68231   -0.114711E-04   -0.607834E-04    0.448004E-04
 3.70034   -0.119951E-04   -0.600662E-04    0.436288E-04
 3.71837   -0.125175E-04   -0.593522E-04    0.424655E-04
 3.73639   -0.130378E-04   -0.586418E-04    0.413091E-04
 3.75442   -0.135552E-04   -0.579352E-04    0.401630E-04
 3.77244   -0.140693E-04   -0.572327E-04    0.390259E-04
 3.79047   -0.145793E-04   -0.565346E-04    0.378979E-04
 3.80850   -0.150848E-04   -0.558412E-04    0.367793E-04
 3.82652   -0.155851E-04   -0.551529E-04    0.356705E-04
 3.84455   -0.160797E-04   -0.544700E-04    0.345729E-04
 3.86258   -0.165680E-04   -0.537926E-04    0.334840E-04
 3.88060   -0.170495E-04   -0.531210E-04    0.324054E-04
 3.89863   -0.175235E-04   -0.524557E-04    0.313373E-04
 3.91665   -0.179897E-04   -0.517968E-04    0.302799E-04
 3.93468   -0.184476E-04   -0.511446E-04    0.292334E-04
 3.95271   -0.188966E-04   -0.504993E-04    0.281979E-04
 3.97073   -0.193363E-04   -0.498612E-04    0.271736E-04
 3.98876   -0.197664E-04   -0.492304E-04    0.261606E-04
 4.00678   -0.201865E-04   -0.486071E-04    0.251592E-04
 4.02481   -0.205961E-04   -0.479916E-04    0.241694E-04
 4.04284   -0.209951E-04   -0.473838E-04    0.231914E-04
 4.06086   -0.213830E-04   -0.467842E-04    0.222252E-04
 4.07889   -0.217596E-04   -0.461926E-04    0.212708E-04
 4.09691   -0.221248E-04   -0.456094E-04    0.203285E-04
 4.11494   -0.224783E-04   -0.450344E-04    0.193982E-04
 4.13297   -0.228200E-04   -0.444680E-04    0.184799E-04
 4.15099   -0.231496E-04   -0.439100E-04    0.175738E-04
 4.16902   -0.234672E-04   -0.433605E-04    0.166798E-04
 4.18704   -0.237726E-04   -0.428196E-04    0.157979E-04
 4.20507   -0.240659E-04   -0.422873E-04    0.149279E-04
 4.22310   -0.243469E-04   -0.417636E-04    0.140701E-04
 4.24112   -0.246158E-04   -0.412485E-04    0.132246E-04
 4.25915   -0.248726E-04   -0.407419E-04    0.123909E-04
 4.27717   -0.251170E-04   -0.402438E-04    0.115692E-04
 4.29520   -0.253497E-04   -0.397541E-04    0.107593E-04
 4.31323   -0.255704E-04   -0.392729E-04    0.996118E-05
 4.33125   -0.257794E-04   -0.388000E-04    0.917479E-05
 4.34928   -0.259768E-04   -0.383353E-04    0.840003E-05
 4.36730   -0.261627E-04   -0.378788E-04    0.763679E-05
 4.38533   -0.263374E-04   -0.374302E-04    0.688495E-05
 4.40336   -0.265010E-04   -0.369896E-04    0.614442E-05
 4.42138   -0.266539E-04   -0.365569E-04    0.541505E-05
 4.43941   -0.267961E-04   -0.361317E-04    0.469676E-05
 4.45743   -0.269279E-04   -0.357142E-04    0.398937E-05
 4.47546   -0.270496E-04   -0.353040E-04    0.329277E-05
 4.49349   -0.271614E-04   -0.349012E-04    0.260682E-05
 4.51151   -0.272636E-04   -0.345055E-04    0.193140E-05
 4.52954   -0.273564E-04   -0.341168E-04    0.126638E-05
 4.54757   -0.274401E-04   -0.337349E-04    0.611455E-06
 4.56559   -0.275151E-04   -0.333598E-04   -0.333267E-07
 4.58362   -0.275814E-04   -0.329912E-04   -0.668126E-06
 4.60164   -0.276397E-04   -0.326290E-04   -0.129318E-05
 4.61967   -0.276895E-04   -0.322731E-04   -0.190862E-05
 4.63770   -0.277319E-04   -0.319233E-04   -0.251456E-05
 4.65572   -0.277669E-04   -0.315795E-04   -0.311114E-05
 4.67375   -0.277947E-04   -0.312415E-04   -0.369853E-05
 4.69177   -0.278155E-04   -0.309091E-04   -0.427687E-05
 4.70980   -0.278296E-04   -0.305823E-04   -0.484630E-05
 4.72783   -0.278374E-04   -0.302608E-04   -0.540698E-05
 4.74585   -0.278390E-04   -0.299446E-04   -0.595903E-05
 4.76388   -0.278347E-04   -0.296335E-04   -0.650260E-05
 4.78190   -0.278247E-04   -0.293273E-04   -0.703785E-05
 4.79993   -0.278094E-04   -0.290260E-04   -0.756487E-05
 4.81796   -0.277889E-04   -0.287294E-04   -0.808384E-05
 4.83598   -0.277635E-04   -0.284374E-04   -0.859484E-05
 4.85401   -0.277333E-04   -0.281498E-04   -0.909804E-05
 4.87203   -0.276986E-04   -0.278666E-04   -0.959356E-05
 4.89006   -0.276596E-04   -0.275875E-04   -0.100815E-04
 4.90809   -0.276165E-04   -0.273126E-04   -0.105621E-04
 4.92611   -0.275695E-04   -0.270417E-04   -0.110353E-04
 4.94414   -0.275188E-04   -0.267747E-04   -0.115013E-04
 4.96216   -0.274645E-04   -0.265114E-04   -0.119602E-04
 4.98019   -0.274069E-04   -0.262518E-04   -0.124123E-04
 4.99822   -0.273461E-04   -0.259958E-04   -0.128572E-04
 5.01624   -0.272823E-04   -0.257432E-04   -0.132957E-04
 5.03427   -0.272158E-04   -0.254941E-04   -0.137272E-04
 5.05229   -0.271462E-04   -0.252483E-04   -0.141524E-04
 5.07032   -0.270743E-04   -0.250057E-04   -0.145711E-04
 5.08835   -0.269999E-04   -0.247662E-04   -0.149834E-04
 5.10637   -0.269232E-04   -0.245298E-04   -0.153895E-04
 5.12440   -0.268444E-04   -0.242964E-04   -0.157894E-04
 5.14242   -0.267635E-04   -0.240659E-04   -0.161832E-04
 5.16045   -0.266806E-04   -0.238382E-04   -0.165711E-04
 5.17848   -0.265960E-04   -0.236132E-04   -0.169530E-04
 5.19650   -0.265097E-04   -0.233910E-04   -0.173292E-04
 5.21453   -0.264218E-04   -0.231714E-04   -0.176995E-04
 5.23256   -0.263324E-04   -0.229544E-04   -0.180643E-04
 5.25058   -0.262415E-04   -0.227399E-04   -0.184235E-04
 5.26861   -0.261495E-04   -0.225279E-04   -0.187773E-04
 5.28663   -0.260562E-04   -0.223182E-04   -0.191256E-04
 5.30466   -0.259617E-04   -0.221109E-04   -0.194685E-04
 5.32269   -0.258661E-04   -0.219059E-04   -0.198061E-04
 5.34071   -0.257696E-04   -0.217031E-04   -0.201386E-04
 5.35874   -0.256722E-04   -0.215026E-04   -0.204659E-04
 5.37676   -0.255739E-04   -0.213042E-04   -0.207881E-04
 5.39479   -0.254749E-04   -0.211078E-04   -0.211053E-04
 5.41282   -0.253752E-04   -0.209136E-04   -0.214176E-04
 5.43084   -0.252747E-04   -0.207213E-04   -0.217249E-04
 5.44887   -0.251738E-04   -0.205311E-04   -0.220275E-04
 5.46689   -0.250722E-04   -0.203428E-04   -0.223253E-04
 5.48492   -0.249701E-04   -0.201564E-04   -0.226184E-04
 5.50295   -0.248677E-04   -0.199719E-04   -0.229068E-04
 5.52097   -0.247648E-04   -0.197892E-04   -0.231906E-04
 5.53900   -0.246617E-04   -0.196082E-04   -0.234699E-04
 5.55702   -0.245581E-04   -0.194291E-04   -0.237447E-04
 5.57505   -0.244544E-04   -0.192517E-04   -0.240151E-04
 5.59308   -0.243504E-04   -0.190760E-04   -0.242811E-04
 5.61110   -0.242463E-04   -0.189020E-04   -0.245428E-04
 5.62913   -0.241420E-04   -0.187296E-04   -0.248002E-04
 5.64715   -0.240376E-04   -0.185588E-04   -0.250535E-04
 5.66518   -0.239330E-04   -0.183896E-04   -0.253025E-04
 5.68321   -0.238285E-04   -0.182220E-04   -0.255474E-04
 5.70123   -0.237240E-04   -0.180560E-04   -0.257883E-04
 5.71926   -0.236194E-04   -0.178914E-04   -0.260251E-04
 5.73728   -0.235148E-04   -0.177283E-04   -0.262580E-04
 5.75531   -0.234103E-04   -0.175668E-04   -0.264870E-04
 5.77334   -0.233060E-04   -0.174066E-04   -0.267120E-04
 5.79136   -0.232017E-04   -0.172479E-04   -0.269333E-04
 5.80939   -0.230976E-04   -0.170906E-04   -0.271507E-04
 5.82741   -0.229935E-04   -0.169347E-04   -0.273644E-04
 5.84544   -0.228897E-04   -0.167801E-04   -0.275744E-04
 5.86347   -0.227861E-04   -0.166269E-04   -0.277807E-04
 5.88149   -0.226826E-04   -0.164750E-04   -0.279834E-04
 5.89952   -0.225793E-04   -0.163244E-04   -0.281825E-04
 5.91755   -0.224763E-04   -0.161752E-04   -0.283781E-04
 5.93557   -0.223735E-04   -0.160272E-04   -0.285701E-04
 5.95360   -0.222710E-04   -0.158804E-04   -0.287588E-04
 5.97162   -0.221687E-04   -0.157350E-04   -0.289440E-04
 5.98965   -0.220668E-04   -0.155907E-04   -0.291257E-04
 6.00768   -0.219651E-04   -0.154477E-04   -0.293042E-04
 6.02570   -0.218637E-04   -0.153058E-04   -0.294793E-04
 6.04373   -0.217626E-04   -0.151652E-04   -0.296511E-04
 6.06175   -0.216618E-04   -0.150257E-04   -0.298197E-04
 6.07978   -0.215614E-04   -0.148874E-04   -0.299851E-04
 6.09781   -0.214613E-04   -0.147502E-04   -0.301473E-04
 6.11583   -0.213615E-04   -0.146142E-04   -0.303062E-04
 6.13386   -0.212621E-04   -0.144793E-04   -0.304623E-04
 6.15188   -0.211630E-04   -0.143455E-04   -0.306151E-04
 6.16991   -0.210642E-04   -0.142128E-04   -0.307650E-04
 6.18794   -0.209660E-04   -0.140812E-04   -0.309118E-04
 6.20596   -0.208680E-04   -0.139507E-04   -0.310557E-04
 6.22399   -0.207704E-04   -0.138212E-04   -0.311966E-04
 6.24201   -0.206731E-04   -0.136928E-04   -0.313346E-04
 6.26004   -0.205763E-04   -0.135655E-04   -0.314698E-04
 6.27807   -0.204798E-04   -0.134391E-04   -0.316021E-04
 6.29609   -0.203837E-04   -0.133139E-04   -0.317315E-04
 6.31412   -0.202880E-04   -0.131896E-04   -0.318582E-04
 6.33214   -0.201927E-04   -0.130663E-04   -0.319821E-04
 6.35017   -0.200978E-04   -0.129440E-04   -0.321033E-04
 6.36820   -0.200032E-04   -0.128228E-04   -0.322218E-04
 6.38622   -0.199092E-04   -0.127024E-04   -0.323376E-04
 6.40425   -0.198154E-04   -0.125831E-04   -0.324508E-04
 6.42227   -0.197221E-04   -0.124647E-04   -0.325613E-04
 6.44030   -0.196292E-04   -0.123473E-04   -0.326693E-04
 6.45833   -0.195368E-04   -0.122308E-04   -0.327746E-04
 6.47635   -0.194446E-04   -0.121153E-04   -0.328775E-04
 6.49438   -0.193530E-04   -0.120007E-04   -0.329778E-04
 6.51240   -0.192617E-04   -0.118870E-04   -0.330756E-04
 6.53043   -0.191708E-04   -0.117742E-04   -0.331710E-04
 6.54846   -0.190804E-04   -0.116623E-04   -0.332639E-04
 6.56648   -0.189903E-04   -0.115513E-04   -0.333545E-04
 6.58451   -0.189007E-04   -0.114412E-04   -0.334426E-04
 6.60254   -0.188115E-04   -0.113319E-04   -0.335284E-04
 6.62056   -0.187227E-04   -0.112235E-04   -0.336118E-04
 6.63859   -0.186343E-04   -0.111160E-04   -0.336930E-04
 6.65661   -0.185464E-04   -0.110094E-04   -0.337718E-04
 6.67464   -0.184588E-04   -0.109036E-04   -0.338484E-04
 6.69267   -0.183717E-04   -0.107986E-04   -0.339228E-04
 6.71069   -0.182851E-04   -0.106944E-04   -0.339950E-04
 6.72872   -0.181988E-04   -0.105911E-04   -0.340649E-04
 6.74674   -0.181129E-04   -0.104886E-04   -0.341328E-04
 6.76477   -0.180275E-04   -0.103869E-04   -0.341984E-04
 6.78280   -0.179425E-04   -0.102860E-04   -0.342620E-04
 6.80082   -0.178580E-04   -0.101859E-04   -0.343235E-04
 6.81885   -0.177737E-04   -0.100866E-04   -0.343830E-04
 6.83687   -0.176899E-04   -0.998804E-05   -0.344404E-04
 6.85490   -0.176067E-04   -0.989028E-05   -0.344958E-04
 6.87293   -0.175238E-04   -0.979330E-05   -0.345492E-04
 6.89095   -0.174413E-04   -0.969708E-05   -0.346006E-04
 6.90898   -0.173593E-04   -0.960161E-05   -0.346501E-04
 6.92700   -0.172777E-04   -0.950688E-05   -0.346977E-04
 6.94503   -0.171964E-04   -0.941289E-05   -0.347433E-04
 6.96306   -0.171156E-04   -0.931964E-05   -0.347872E-04
 6.98108   -0.170352E-04   -0.922713E-05   -0.348291E-04
 6.99911   -0.169552E-04   -0.913534E-05   -0.348692E-04
 7.01713   -0.168756E-04   -0.904427E-05   -0.349074E-04
 7.03516   -0.167965E-04   -0.895391E-05   -0.349440E-04
 7.05319   -0.167178E-04   -0.886427E-05   -0.349787E-04
 7.07121   -0.166394E-04   -0.877533E-05   -0.350116E-04
 7.08924   -0.165615E-04   -0.868708E-05   -0.350428E-04
 7.10726   -0.164840E-04   -0.859954E-05   -0.350724E-04
 7.12529   -0.164068E-04   -0.851269E-05   -0.351002E-04
 7.14332   -0.163301E-04   -0.842651E-05   -0.351263E-04
 7.16134   -0.162538E-04   -0.834101E-05   -0.351508E-04
 7.17937   -0.161778E-04   -0.825619E-05   -0.351737E-04
 7.19739   -0.161023E-04   -0.817204E-05   -0.351949E-04
 7.21542   -0.160271E-04   -0.808855E-05   -0.352145E-04
 7.23345   -0.159523E-04   -0.800568E-05   -0.352325E-04
 7.25147   -0.158780E-04   -0.792350E-05   -0.352490E-04
 7.26950   -0.158040E-04   -0.784196E-05   -0.352640E-04
 7.28753   -0.157303E-04   -0.776108E-05   -0.352774E-04
 7.30555   -0.156570E-04   -0.768083E-05   -0.352893E-04
 7.32358   -0.155842E-04   -0.760122E-05   -0.352997E-04
 7.34160   -0.155117E-04   -0.752223E-05   -0.353086E-04
 7.35963   -0.154396E-04   -0.744387E-05   -0.353161E-04
 7.37766   -0.153678E-04   -0.736614E-05   -0.353221E-04
 7.39568   -0.152964E-04   -0.728901E-05   -0.353267E-04
 7.41371   -0.152254E-04   -0.721251E-05   -0.353299E-04
 7.43173   -0.151546E-04   -0.713661E-05   -0.353318E-04
 7.44976   -0.150844E-04   -0.706132E-05   -0.353322E-04
 7.46779   -0.150144E-04   -0.698663E-05   -0.353313E-04
 7.48581   -0.149448E-04   -0.691254E-05   -0.353290E-04
 7.50384   -0.148755E-04   -0.683904E-05   -0.353254E-04
 7.52186   -0.148066E-04   -0.676613E-05   -0.353206E-04
 7.53989   -0.147380E-04   -0.669380E-05   -0.353144E-04
 7.55792   -0.146698E-04   -0.662206E-05   -0.353069E-04
 7.57594   -0.146019E-04   -0.655026E-05   -0.352982E-04
 7.59397   -0.145343E-04   -0.648043E-05   -0.352883E-04
 7.61199   -0.144671E-04   -0.641024E-05   -0.352771E-04
 7.63002   -0.144002E-04   -0.634077E-05   -0.352648E-04
 7.64805   -0.143337E-04   -0.627186E-05   -0.352512E-04
 7.66607   -0.142674E-04   -0.620350E-05   -0.352364E-04
 7.68410   -0.142015E-04   -0.613569E-05   -0.352205E-04
 7.70212   -0.141360E-04   -0.606842E-05   -0.352034E-04
 7.72015   -0.140707E-04   -0.600172E-05   -0.351852E-04
 7.73818   -0.140058E-04   -0.593554E-05   -0.351659E-04
 7.75620   -0.139412E-04   -0.586986E-05   -0.351454E-04
 7.77423   -0.138769E-04   -0.580474E-05   -0.351239E-04
 7.79225   -0.138129E-04   -0.574013E-05   -0.351013E-04
 7.81028   -0.137494E-04   -0.567605E-05   -0.350776E-04
 7.82831   -0.136860E-04   -0.561248E-05   -0.350529E-04
 7.84633   -0.136230E-04   -0.554944E-05   -0.350272E-04
 7.86436   -0.135603E-04   -0.548670E-05   -0.350004E-04
 7.88238   -0.134980E-04   -0.542466E-05   -0.349727E-04
 7.90041   -0.134359E-04   -0.536312E-05   -0.349439E-04
 7.91844   -0.133742E-04   -0.530208E-05   -0.349142E-04
 7.93646   -0.133127E-04   -0.524171E-05   -0.348835E-04
 7.95449   -0.132516E-04   -0.518163E-05   -0.348518E-04
 7.97252   -0.131908E-04   -0.512205E-05   -0.348193E-04
 7.99054   -0.131303E-04   -0.506274E-05   -0.347857E-04
 8.00857   -0.130701E-04   -0.500411E-05   -0.347513E-04
 8.02659   -0.130101E-04   -0.494595E-05   -0.347161E-04
 8.04462   -0.129506E-04   -0.488825E-05   -0.346799E-04
 8.06265   -0.128913E-04   -0.483102E-05   -0.346428E-04
 8.08067   -0.128323E-04   -0.477424E-05   -0.346049E-04
 8.09870   -0.127736E-04   -0.471792E-05   -0.345661E-04
 8.11672   -0.127153E-04   -0.466205E-05   -0.345265E-04
 8.13475   -0.126573E-04   -0.460662E-05   -0.344861E-04
 8.15278   -0.125995E-04   -0.455164E-05   -0.344448E-04
 8.17080   -0.125420E-04   -0.449709E-05   -0.344028E-04
 8.18883   -0.124849E-04   -0.444318E-05   -0.343600E-04
 8.20685   -0.124280E-04   -0.438950E-05   -0.343164E-04
 8.22488   -0.123715E-04   -0.433624E-05   -0.342720E-04
 8.24291   -0.123152E-04   -0.428341E-05   -0.342269E-04
 8.26093   -0.122593E-04   -0.423100E-05   -0.341811E-04
 8.27896   -0.122036E-04   -0.417900E-05   -0.341346E-04
 8.29698   -0.121483E-04   -0.412741E-05   -0.340873E-04
 8.31501   -0.120932E-04   -0.407625E-05   -0.340393E-04
 8.33304   -0.120384E-04   -0.402547E-05   -0.339906E-04
 8.35106   -0.119839E-04   -0.397510E-05   -0.339413E-04
 8.36909   -0.119298E-04   -0.392511E-05   -0.338913E-04
 8.38711   -0.118759E-04   -0.387553E-05   -0.338406E-04
 8.40514   -0.118223E-04   -0.382635E-05   -0.337893E-04
 8.42317   -0.117690E-04   -0.377755E-05   -0.337373E-04
 8.44119   -0.117160E-04   -0.372914E-05   -0.336847E-04
 8.45922   -0.116632E-04   -0.368110E-05   -0.336315E-04
 8.47724   -0.116108E-04   -0.363344E-05   -0.335776E-04
 8.49527   -0.115586E-04   -0.358615E-05   -0.335232E-04
 8.51330   -0.115068E-04   -0.353924E-05   -0.334682E-04
 8.53132   -0.114552E-04   -0.349270E-05   -0.334126E-04
 8.54935   -0.114039E-04   -0.344653E-05   -0.333565E-04
 8.56737   -0.113529E-04   -0.340072E-05   -0.332998E-04
 8.58540   -0.113021E-04   -0.335527E-05   -0.332425E-04
 8.60343   -0.112517E-04   -0.331018E-05   -0.331847E-04
 8.62145   -0.112015E-04   -0.326543E-05   -0.331264E-04
 8.63948   -0.111516E-04   -0.322104E-05   -0.330675E-04
 8.65751   -0.111020E-04   -0.317699E-05   -0.330081E-04
 8.67553   -0.110526E-04   -0.313330E-05   -0.329483E-04
 8.69356   -0.110036E-04   -0.308995E-05   -0.328879E-04
 8.71158   -0.109547E-04   -0.304693E-05   -0.328271E-04
 8.72961   -0.109063E-04   -0.300425E-05   -0.327657E-04
 8.74764   -0.108580E-04   -0.296190E-05   -0.327039E-04
 8.76566   -0.108100E-04   -0.291988E-05   -0.326417E-04
 8.78369   -0.107623E-04   -0.287820E-05   -0.325790E-04
 8.80171   -0.107149E-04   -0.283684E-05   -0.325158E-04
 8.81974   -0.106677E-04   -0.279580E-05   -0.324522E-04
 8.83777   -0.106208E-04   -0.275509E-05   -0.323882E-04
 8.85579   -0.105741E-04   -0.271469E-05   -0.323237E-04
 8.87382   -0.105277E-04   -0.267461E-05   -0.322589E-04
 8.89184   -0.104816E-04   -0.263484E-05   -0.321936E-04
 8.90987   -0.104357E-04   -0.259538E-05   -0.321280E-04
 8.92790   -0.103901E-04   -0.255625E-05   -0.320619E-04
 8.94592   -0.103447E-04   -0.251740E-05   -0.319955E-04
 8.96395   -0.102996E-04   -0.247884E-05   -0.319287E-04
 8.98197   -0.102547E-04   -0.244063E-05   -0.318615E-04
 9.00000   -0.102101E-04   -0.240270E-05   -0.317940E-04
