 0.00500    0.527651E-02   -0.276850E-02    0.223232E-02
 0.02303    0.429967E-02   -0.228007E-02    0.186590E-02
 0.04105    0.373075E-02   -0.199551E-02    0.165232E-02
 0.05908    0.331799E-02   -0.178901E-02    0.149720E-02
 0.07710    0.299379E-02   -0.162674E-02    0.137520E-02
 0.09513    0.272787E-02   -0.149360E-02    0.127497E-02
 0.11316    0.250359E-02   -0.138124E-02    0.119028E-02
 0.13118    0.231071E-02   -0.128455E-02    0.111730E-02
 0.14921    0.214240E-02   -0.120013E-02    0.105347E-02
 0.16723    0.199387E-02   -0.112557E-02    0.996994E-03
 0.18526    0.186159E-02   -0.105913E-02    0.946563E-03
 0.20329    0.174291E-02   -0.999461E-03    0.901180E-03
 0.22131    0.163576E-02   -0.945541E-03    0.860073E-03
 0.23934    0.153850E-02   -0.896552E-03    0.822632E-03
 0.25736    0.144981E-02   -0.851832E-03    0.788364E-03
 0.27539    0.136861E-02   -0.810843E-03    0.756867E-03
 0.29342    0.129400E-02   -0.773135E-03    0.727804E-03
 0.31144    0.122522E-02   -0.738332E-03    0.700896E-03
 0.32947    0.116163E-02   -0.706115E-03    0.675905E-03
 0.34749    0.110270E-02   -0.676213E-03    0.652629E-03
 0.36552    0.104794E-02   -0.648391E-03    0.630893E-03
 0.38355    0.996957E-03   -0.622446E-03    0.610547E-03
 0.40157    0.949389E-03   -0.598199E-03    0.591458E-03
 0.41960    0.904923E-03   -0.575497E-03    0.573509E-03
 0.43763    0.863287E-03   -0.554201E-03    0.556604E-03
 0.45565    0.824236E-03   -0.534192E-03    0.540647E-03
 0.47368    0.787554E-03   -0.515360E-03    0.525562E-03
 0.49170    0.753048E-03   -0.497610E-03    0.511275E-03
 0.50973    0.720546E-03   -0.480857E-03    0.497725E-03
 0.52776    0.689892E-03   -0.465022E-03    0.484854E-03
 0.54578    0.660946E-03   -0.450037E-03    0.472609E-03
 0.56381    0.633580E-03   -0.435837E-03    0.460946E-03
 0.58183    0.607682E-03   -0.422366E-03    0.449821E-03
 0.59986    0.583147E-03   -0.409573E-03    0.439197E-03
 0.61789    0.559881E-03   -0.397411E-03    0.429038E-03
 0.63591    0.537796E-03   -0.385837E-03    0.419315E-03
 0.65394    0.516815E-03   -0.374810E-03    0.409996E-03
 0.67196    0.496864E-03   -0.364297E-03    0.401057E-03
 0.68999    0.477879E-03   -0.354263E-03    0.392473E-03
 0.70802    0.459797E-03   -0.344679E-03    0.384222E-03
 0.72604    0.442563E-03   -0.335516E-03    0.376284E-03
 0.74407    0.426125E-03   -0.326750E-03    0.368639E-03
 0.76209    0.410436E-03   -0.318356E-03    0.361271E-03
 0.78012    0.395451E-03   -0.310313E-03    0.354163E-03
 0.79815    0.381130E-03   -0.302600E-03    0.347301E-03
 0.81617    0.367435E-03   -0.295198E-03    0.340671E-03
 0.83420    0.354330E-03   -0.288091E-03    0.334261E-03
 0.85222    0.341783E-03   -0.281263E-03    0.328058E-03
 0.87025    0.329765E-03   -0.274697E-03    0.322051E-03
 0.88828    0.318245E-03   -0.268380E-03    0.316231E-03
 0.90630    0.307199E-03   -0.262299E-03    0.310588E-03
 0.92433    0.296601E-03   -0.256443E-03    0.305112E-03
 0.94235    0.286429E-03   -0.250798E-03    0.299797E-03
 0.96038    0.276661E-03   -0.245356E-03    0.294633E-03
 0.97841    0.267277E-03   -0.240105E-03    0.289614E-03
 0.99643    0.258257E-03   -0.235037E-03    0.284733E-03
 1.01446    0.249585E-03   -0.230142E-03    0.279983E-03
 1.03248    0.241243E-03   -0.225413E-03    0.275360E-03
 1.05051    0.233216E-03   -0.220842E-03    0.270856E-03
 1.06854    0.225489E-03   -0.216421E-03    0.266467E-03
 1.08656    0.218048E-03   -0.212144E-03    0.262188E-03
 1.10459    0.210880E-03   -0.208004E-03    0.258014E-03
 1.12262    0.203973E-03   -0.203995E-03    0.253940E-03
 1.14064    0.197315E-03   -0.200111E-03    0.249964E-03
 1.15867    0.190896E-03   -0.196348E-03    0.246080E-03
 1.17669    0.184704E-03   -0.192699E-03    0.242284E-03
 1.19472    0.178730E-03   -0.189159E-03    0.238575E-03
 1.21275    0.172964E-03   -0.185726E-03    0.234947E-03
 1.23077    0.167398E-03   -0.182393E-03    0.231399E-03
 1.24880    0.162024E-03   -0.179156E-03    0.227926E-03
 1.26682    0.156833E-03   -0.176013E-03    0.224527E-03
 1.28485    0.151819E-03   -0.172959E-03    0.221198E-03
 1.30288    0.146973E-03   -0.169991E-03    0.217937E-03
 1.32090    0.142289E-03   -0.167105E-03    0.214742E-03
 1.33893    0.137760E-03   -0.164299E-03    0.211610E-03
 1.35695    0.133381E-03   -0.161568E-03    0.208539E-03
 1.37498    0.129146E-03   -0.158911E-03    0.205527E-03
 1.39301    0.125049E-03   -0.156324E-03    0.202573E-03
 1.41103    0.121084E-03   -0.153805E-03    0.199673E-03
 1.42906    0.117247E-03   -0.151351E-03    0.196827E-03
 1.44708    0.113533E-03   -0.148961E-03    0.194033E-03
 1.46511    0.109938E-03   -0.146630E-03    0.191289E-03
 1.48314    0.106456E-03   -0.144359E-03    0.188593E-03
 1.50116    0.103084E-03   -0.142144E-03    0.185944E-03
 1.51919    0.998175E-04   -0.139984E-03    0.183341E-03
 1.53721    0.966531E-04   -0.137877E-03    0.180782E-03
 1.55524    0.935871E-04   -0.135820E-03    0.178266E-03
 1.57327    0.906159E-04   -0.133813E-03    0.175792E-03
 1.59129    0.877362E-04   -0.131853E-03    0.173358E-03
 1.60932    0.849449E-04   -0.129939E-03    0.170963E-03
 1.62734    0.822388E-04   -0.128070E-03    0.168607E-03
 1.64537    0.796152E-04   -0.126244E-03    0.166289E-03
 1.66340    0.770712E-04   -0.124459E-03    0.164006E-03
 1.68142    0.746042E-04   -0.122715E-03    0.161759E-03
 1.69945    0.722116E-04   -0.121010E-03    0.159546E-03
 1.71747    0.698911E-04   -0.119343E-03    0.157367E-03
 1.73550    0.676403E-04   -0.117713E-03    0.155221E-03
 1.75353    0.654570E-04   -0.116118E-03    0.153106E-03
 1.77155    0.633391E-04   -0.114558E-03    0.151023E-03
 1.78958    0.612845E-04   -0.113032E-03    0.148970E-03
 1.80761    0.592914E-04   -0.111538E-03    0.146947E-03
 1.82563    0.573580E-04   -0.110076E-03    0.144954E-03
 1.84366    0.554824E-04   -0.108645E-03    0.142988E-03
 1.86168    0.536630E-04   -0.107244E-03    0.141050E-03
 1.87971    0.518982E-04   -0.105873E-03    0.139140E-03
 1.89774    0.501865E-04   -0.104530E-03    0.137257E-03
 1.91576    0.485265E-04   -0.103215E-03    0.135399E-03
 1.93379    0.469167E-04   -0.101927E-03    0.133568E-03
 1.95181    0.453559E-04   -0.100665E-03    0.131761E-03
 1.96984    0.438428E-04   -0.994296E-04    0.129979E-03
 1.98787    0.423763E-04   -0.982193E-04    0.128222E-03
 2.00589    0.409551E-04   -0.970338E-04    0.126488E-03
 2.02392    0.395783E-04   -0.958724E-04    0.124778E-03
 2.04194    0.382448E-04   -0.947347E-04    0.123091E-03
 2.05997    0.369535E-04   -0.936202E-04    0.121427E-03
 2.07800    0.357037E-04   -0.925284E-04    0.119785E-03
 2.09602    0.344943E-04   -0.914588E-04    0.118166E-03
 2.11405    0.333245E-04   -0.904111E-04    0.116567E-03
 2.13207    0.321935E-04   -0.893848E-04    0.114991E-03
 2.15010    0.311005E-04   -0.883795E-04    0.113435E-03
 2.16813    0.300446E-04   -0.873948E-04    0.111900E-03
 2.18615    0.290251E-04   -0.864300E-04    0.110385E-03
 2.20418    0.280412E-04   -0.854855E-04    0.108891E-03
 2.22220    0.270922E-04   -0.845602E-04    0.107417E-03
 2.24023    0.261773E-04   -0.836540E-04    0.105961E-03
 2.25826    0.252957E-04   -0.827664E-04    0.104526E-03
 2.27628    0.244466E-04   -0.818970E-04    0.103109E-03
 2.29431    0.236292E-04   -0.810454E-04    0.101710E-03
 2.31233    0.228427E-04   -0.802113E-04    0.100330E-03
 2.33036    0.220863E-04   -0.793942E-04    0.989679E-04
 2.34839    0.213591E-04   -0.785935E-04    0.976232E-04
 2.36641    0.206602E-04   -0.778090E-04    0.962956E-04
 2.38444    0.199885E-04   -0.770401E-04    0.949849E-04
 2.40246    0.193432E-04   -0.762862E-04    0.936905E-04
 2.42049    0.187233E-04   -0.755469E-04    0.924121E-04
 2.43852    0.181277E-04   -0.748217E-04    0.911492E-04
 2.45654    0.175553E-04   -0.741099E-04    0.899015E-04
 2.47457    0.170049E-04   -0.734111E-04    0.886684E-04
 2.49260    0.164754E-04   -0.727246E-04    0.874495E-04
 2.51062    0.159656E-04   -0.720498E-04    0.862443E-04
 2.52865    0.154743E-04   -0.713860E-04    0.850523E-04
 2.54667    0.150002E-04   -0.707327E-04    0.838731E-04
 2.56470    0.145419E-04   -0.700893E-04    0.827060E-04
 2.58273    0.140983E-04   -0.694549E-04    0.815505E-04
 2.60075    0.136680E-04   -0.688290E-04    0.804063E-04
 2.61878    0.132497E-04   -0.682109E-04    0.792726E-04
 2.63680    0.128420E-04   -0.675999E-04    0.781490E-04
 2.65483    0.124437E-04   -0.669953E-04    0.770350E-04
 2.67286    0.120534E-04   -0.663966E-04    0.759300E-04
 2.69088    0.116698E-04   -0.658029E-04    0.748335E-04
 2.70891    0.112916E-04   -0.652137E-04    0.737450E-04
 2.72693    0.109175E-04   -0.646284E-04    0.726640E-04
 2.74496    0.105465E-04   -0.640463E-04    0.715900E-04
 2.76299    0.101772E-04   -0.634668E-04    0.705226E-04
 2.78101    0.980851E-05   -0.628894E-04    0.694613E-04
 2.79904    0.943936E-05   -0.623134E-04    0.684057E-04
 2.81706    0.906868E-05   -0.617385E-04    0.673552E-04
 2.83509    0.869552E-05   -0.611642E-04    0.663096E-04
 2.85312    0.831896E-05   -0.605895E-04    0.652686E-04
 2.87114    0.793812E-05   -0.600147E-04    0.642318E-04
 2.88917    0.755226E-05   -0.594390E-04    0.631988E-04
 2.90719    0.716051E-05   -0.588621E-04    0.621694E-04
 2.92522    0.676229E-05   -0.582837E-04    0.611433E-04
 2.94325    0.635694E-05   -0.577035E-04    0.601202E-04
 2.96127    0.594409E-05   -0.571213E-04    0.591001E-04
 2.97930    0.552325E-05   -0.565368E-04    0.580827E-04
 2.99732    0.509402E-05   -0.559498E-04    0.570679E-04
 3.01535    0.465614E-05   -0.553603E-04    0.560556E-04
 3.03338    0.420936E-05   -0.547680E-04    0.550456E-04
 3.05140    0.375355E-05   -0.541730E-04    0.540381E-04
 3.06943    0.328865E-05   -0.535752E-04    0.530328E-04
 3.08745    0.281464E-05   -0.529746E-04    0.520299E-04
 3.10548    0.233164E-05   -0.523714E-04    0.510294E-04
 3.12351    0.183978E-05   -0.517654E-04    0.500314E-04
 3.14153    0.133928E-05   -0.511569E-04    0.490359E-04
 3.15956    0.830406E-06   -0.505461E-04    0.480430E-04
 3.17759    0.313535E-06   -0.499331E-04    0.470530E-04
 3.19561   -0.210946E-06   -0.493180E-04    0.460660E-04
 3.21364   -0.742565E-06   -0.487013E-04    0.450821E-04
 3.23166   -0.128080E-05   -0.480831E-04    0.441016E-04
 3.24969   -0.182508E-05   -0.474638E-04    0.431247E-04
 3.26772   -0.237478E-05   -0.468435E-04    0.421517E-04
 3.28574   -0.292921E-05   -0.462228E-04    0.411827E-04
 3.30377   -0.348767E-05   -0.456020E-04    0.402182E-04
 3.32179   -0.404941E-05   -0.449814E-04    0.392586E-04
 3.33982   -0.461364E-05   -0.443615E-04    0.383038E-04
 3.35785   -0.517956E-05   -0.437426E-04    0.373544E-04
 3.37587   -0.574633E-05   -0.431252E-04    0.364106E-04
 3.39390   -0.631321E-05   -0.425098E-04    0.354727E-04
 3.41192   -0.687924E-05   -0.418966E-04    0.345412E-04
 3.42995   -0.744361E-05   -0.412863E-04    0.336163E-04
 3.44798   -0.800546E-05   -0.406792E-04    0.326983E-04
 3.46600   -0.856394E-05   -0.400757E-04    0.317877E-04
 3.48403   -0.911820E-05   -0.394763E-04    0.308846E-04
 3.50205   -0.966739E-05   -0.388814E-04    0.299895E-04
 3.52008   -0.102107E-04   -0.382914E-04    0.291026E-04
 3.53811   -0.107474E-04   -0.377067E-04    0.282243E-04
 3.55613   -0.112767E-04   -0.371276E-04    0.273547E-04
 3.57416   -0.117979E-04   -0.365547E-04    0.264942E-04
 3.59218   -0.123103E-04   -0.359881E-04    0.256431E-04
 3.61021   -0.128132E-04   -0.354282E-04    0.248015E-04
 3.62824   -0.133061E-04   -0.348754E-04    0.239697E-04
 3.64626   -0.137883E-04   -0.343299E-04    0.231479E-04
 3.66429   -0.142593E-04   -0.337920E-04    0.223364E-04
 3.68231   -0.147186E-04   -0.332619E-04    0.215352E-04
 3.70034   -0.151659E-04   -0.327398E-04    0.207445E-04
 3.71837   -0.156007E-04   -0.322260E-04    0.199645E-04
 3.73639   -0.160226E-04   -0.317205E-04    0.191951E-04
 3.75442   -0.164314E-04   -0.312237E-04    0.184367E-04
 3.77244   -0.168267E-04   -0.307355E-04    0.176892E-04
 3.79047   -0.172086E-04   -0.302560E-04    0.169527E-04
 3.80850   -0.175766E-04   -0.297855E-04    0.162273E-04
 3.82652   -0.179308E-04   -0.293238E-04    0.155129E-04
 3.84455   -0.182711E-04   -0.288710E-04    0.148095E-04
 3.86258   -0.185973E-04   -0.284273E-04    0.141173E-04
 3.88060   -0.189096E-04   -0.279924E-04    0.134360E-04
 3.89863   -0.192079E-04   -0.275665E-04    0.127657E-04
 3.91665   -0.194924E-04   -0.271494E-04    0.121064E-04
 3.93468   -0.197631E-04   -0.267411E-04    0.114587E-04
 3.95271   -0.200201E-04   -0.263416E-04    0.108210E-04
 3.97073   -0.202637E-04   -0.259508E-04    0.101932E-04
 3.98876   -0.204940E-04   -0.255685E-04    0.957683E-05
 4.00678   -0.207112E-04   -0.251946E-04    0.897092E-05
 4.02481   -0.209156E-04   -0.248290E-04    0.837538E-05
 4.04284   -0.211074E-04   -0.244716E-04    0.779006E-05
 4.06086   -0.212869E-04   -0.241222E-04    0.721486E-05
 4.07889   -0.214544E-04   -0.237807E-04    0.664964E-05
 4.09691   -0.216101E-04   -0.234469E-04    0.609423E-05
 4.11494   -0.217543E-04   -0.231207E-04    0.554849E-05
 4.13297   -0.218875E-04   -0.228019E-04    0.501226E-05
 4.15099   -0.220098E-04   -0.224903E-04    0.448540E-05
 4.16902   -0.221217E-04   -0.221857E-04    0.396778E-05
 4.18704   -0.222234E-04   -0.218881E-04    0.345919E-05
 4.20507   -0.223153E-04   -0.215971E-04    0.295948E-05
 4.22310   -0.223978E-04   -0.213126E-04    0.246850E-05
 4.24112   -0.224711E-04   -0.210345E-04    0.198610E-05
 4.25915   -0.225355E-04   -0.207625E-04    0.151208E-05
 4.27717   -0.225915E-04   -0.204965E-04    0.104633E-05
 4.29520   -0.226394E-04   -0.202364E-04    0.588642E-06
 4.31323   -0.226794E-04   -0.199819E-04    0.138881E-06
 4.33125   -0.227119E-04   -0.197328E-04   -0.303106E-06
 4.34928   -0.227371E-04   -0.194891E-04   -0.737477E-06
 4.36730   -0.227555E-04   -0.192504E-04   -0.116441E-05
 4.38533   -0.227673E-04   -0.190168E-04   -0.158398E-05
 4.40336   -0.227728E-04   -0.187880E-04   -0.199641E-05
 4.42138   -0.227723E-04   -0.185639E-04   -0.240182E-05
 4.43941   -0.227660E-04   -0.183442E-04   -0.280034E-05
 4.45743   -0.227543E-04   -0.181290E-04   -0.319210E-05
 4.47546   -0.227373E-04   -0.179179E-04   -0.357727E-05
 4.49349   -0.227154E-04   -0.177110E-04   -0.395595E-05
 4.51151   -0.226888E-04   -0.175080E-04   -0.432830E-05
 4.52954   -0.226577E-04   -0.173089E-04   -0.469444E-05
 4.54757   -0.226223E-04   -0.171134E-04   -0.505449E-05
 4.56559   -0.225829E-04   -0.169216E-04   -0.540857E-05
 4.58362   -0.225397E-04   -0.167332E-04   -0.575679E-05
 4.60164   -0.224929E-04   -0.165481E-04   -0.609927E-05
 4.61967   -0.224427E-04   -0.163663E-04   -0.643613E-05
 4.63770   -0.223893E-04   -0.161876E-04   -0.676747E-05
 4.65572   -0.223328E-04   -0.160120E-04   -0.709340E-05
 4.67375   -0.222734E-04   -0.158393E-04   -0.741401E-05
 4.69177   -0.222113E-04   -0.156695E-04   -0.772944E-05
 4.70980   -0.221466E-04   -0.155024E-04   -0.803974E-05
 4.72783   -0.220796E-04   -0.153380E-04   -0.834501E-05
 4.74585   -0.220103E-04   -0.151762E-04   -0.864537E-05
 4.76388   -0.219389E-04   -0.150169E-04   -0.894086E-05
 4.78190   -0.218654E-04   -0.148600E-04   -0.923159E-05
 4.79993   -0.217902E-04   -0.147055E-04   -0.951765E-05
 4.81796   -0.217131E-04   -0.145532E-04   -0.979911E-05
 4.83598   -0.216345E-04   -0.144032E-04   -0.100760E-04
 4.85401   -0.215543E-04   -0.142554E-04   -0.103485E-04
 4.87203   -0.214727E-04   -0.141096E-04   -0.106166E-04
 4.89006   -0.213899E-04   -0.139659E-04   -0.108804E-04
 4.90809   -0.213057E-04   -0.138241E-04   -0.111400E-04
 4.92611   -0.212205E-04   -0.136843E-04   -0.113954E-04
 4.94414   -0.211342E-04   -0.135463E-04   -0.116467E-04
 4.96216   -0.210469E-04   -0.134102E-04   -0.118939E-04
 4.98019   -0.209588E-04   -0.132758E-04   -0.121372E-04
 4.99822   -0.208698E-04   -0.131431E-04   -0.123765E-04
 5.01624   -0.207802E-04   -0.130121E-04   -0.126120E-04
 5.03427   -0.206898E-04   -0.128828E-04   -0.128437E-04
 5.05229   -0.205988E-04   -0.127550E-04   -0.130716E-04
 5.07032   -0.205073E-04   -0.126288E-04   -0.132958E-04
 5.08835   -0.204153E-04   -0.125041E-04   -0.135164E-04
 5.10637   -0.203228E-04   -0.123809E-04   -0.137334E-04
 5.12440   -0.202300E-04   -0.122592E-04   -0.139469E-04
 5.14242   -0.201368E-04   -0.121388E-04   -0.141568E-04
 5.16045   -0.200434E-04   -0.120198E-04   -0.143633E-04
 5.17848   -0.199497E-04   -0.119021E-04   -0.145665E-04
 5.19650   -0.198558E-04   -0.117858E-04   -0.147663E-04
 5.21453   -0.197617E-04   -0.116707E-04   -0.149628E-04
 5.23256   -0.196675E-04   -0.115569E-04   -0.151560E-04
 5.25058   -0.195732E-04   -0.114443E-04   -0.153461E-04
 5.26861   -0.194789E-04   -0.113330E-04   -0.155329E-04
 5.28663   -0.193846E-04   -0.112228E-04   -0.157167E-04
 5.30466   -0.192902E-04   -0.111137E-04   -0.158974E-04
 5.32269   -0.191959E-04   -0.110058E-04   -0.160751E-04
 5.34071   -0.191017E-04   -0.108990E-04   -0.162497E-04
 5.35874   -0.190076E-04   -0.107933E-04   -0.164215E-04
 5.37676   -0.189136E-04   -0.106886E-04   -0.165903E-04
 5.39479   -0.188197E-04   -0.105850E-04   -0.167562E-04
 5.41282   -0.187259E-04   -0.104824E-04   -0.169194E-04
 5.43084   -0.186324E-04   -0.103808E-04   -0.170797E-04
 5.44887   -0.185390E-04   -0.102803E-04   -0.172372E-04
 5.46689   -0.184459E-04   -0.101807E-04   -0.173921E-04
 5.48492   -0.183530E-04   -0.100820E-04   -0.175443E-04
 5.50295   -0.182603E-04   -0.998431E-05   -0.176937E-04
 5.52097   -0.181679E-04   -0.988754E-05   -0.178406E-04
 5.53900   -0.180758E-04   -0.979168E-05   -0.179849E-04
 5.55702   -0.179839E-04   -0.969672E-05   -0.181265E-04
 5.57505   -0.178923E-04   -0.960265E-05   -0.182657E-04
 5.59308   -0.178011E-04   -0.950944E-05   -0.184023E-04
 5.61110   -0.177101E-04   -0.941711E-05   -0.185365E-04
 5.62913   -0.176195E-04   -0.932562E-05   -0.186681E-04
 5.64715   -0.175292E-04   -0.923496E-05   -0.187974E-04
 5.66518   -0.174393E-04   -0.914513E-05   -0.189242E-04
 5.68321   -0.173497E-04   -0.905612E-05   -0.190487E-04
 5.70123   -0.172605E-04   -0.896791E-05   -0.191708E-04
 5.71926   -0.171716E-04   -0.888049E-05   -0.192906E-04
 5.73728   -0.170831E-04   -0.879386E-05   -0.194080E-04
 5.75531   -0.169950E-04   -0.870799E-05   -0.195232E-04
 5.77334   -0.169072E-04   -0.862289E-05   -0.196361E-04
 5.79136   -0.168198E-04   -0.853854E-05   -0.197469E-04
 5.80939   -0.167328E-04   -0.845494E-05   -0.198554E-04
 5.82741   -0.166463E-04   -0.837207E-05   -0.199617E-04
 5.84544   -0.165601E-04   -0.828992E-05   -0.200659E-04
 5.86347   -0.164743E-04   -0.820849E-05   -0.201679E-04
 5.88149   -0.163889E-04   -0.812777E-05   -0.202679E-04
 5.89952   -0.163039E-04   -0.804775E-05   -0.203658E-04
 5.91755   -0.162193E-04   -0.796843E-05   -0.204616E-04
 5.93557   -0.161352E-04   -0.788978E-05   -0.205554E-04
 5.95360   -0.160515E-04   -0.781181E-05   -0.206472E-04
 5.97162   -0.159681E-04   -0.773451E-05   -0.207370E-04
 5.98965   -0.158852E-04   -0.765787E-05   -0.208249E-04
 6.00768   -0.158028E-04   -0.758188E-05   -0.209108E-04
 6.02570   -0.157207E-04   -0.750654E-05   -0.209948E-04
 6.04373   -0.156391E-04   -0.743183E-05   -0.210769E-04
 6.06175   -0.155579E-04   -0.735776E-05   -0.211572E-04
 6.07978   -0.154772E-04   -0.728431E-05   -0.212356E-04
 6.09781   -0.153968E-04   -0.721147E-05   -0.213122E-04
 6.11583   -0.153170E-04   -0.713924E-05   -0.213869E-04
 6.13386   -0.152375E-04   -0.706762E-05   -0.214599E-04
 6.15188   -0.151585E-04   -0.699659E-05   -0.215311E-04
 6.16991   -0.150799E-04   -0.692615E-05   -0.216006E-04
 6.18794   -0.150018E-04   -0.685631E-05   -0.216683E-04
 6.20596   -0.149241E-04   -0.678704E-05   -0.217344E-04
 6.22399   -0.148468E-04   -0.671834E-05   -0.217987E-04
 6.24201   -0.147700E-04   -0.665020E-05   -0.218614E-04
 6.26004   -0.146936E-04   -0.658263E-05   -0.219224E-04
 6.27807   -0.146177E-04   -0.651561E-05   -0.219818E-04
 6.29609   -0.145421E-04   -0.644915E-05   -0.220396E-04
 6.31412   -0.144670E-04   -0.638323E-05   -0.220958E-04
 6.33214   -0.143924E-04   -0.631785E-05   -0.221504E-04
 6.35017   -0.143182E-04   -0.625302E-05   -0.222035E-04
 6.36820   -0.142444E-04   -0.618871E-05   -0.222550E-04
 6.38622   -0.141710E-04   -0.612493E-05   -0.223050E-04
 6.40425   -0.140980E-04   -0.606168E-05   -0.223534E-04
 6.42227   -0.140255E-04   -0.599894E-05   -0.224004E-04
 6.44030   -0.139534E-04   -0.593672E-05   -0.224460E-04
 6.45833   -0.138817E-04   -0.587501E-05   -0.224900E-04
 6.47635   -0.138104E-04   -0.581381E-05   -0.225326E-04
 6.49438   -0.137395E-04   -0.575311E-05   -0.225738E-04
 6.51240   -0.136690E-04   -0.569291E-05   -0.226136E-04
 6.53043   -0.135989E-04   -0.563320E-05   -0.226520E-04
 6.54846   -0.135293E-04   -0.557398E-05   -0.226891E-04
 6.56648   -0.134600E-04   -0.551525E-05   -0.227247E-04
 6.58451   -0.133911E-04   -0.545701E-05   -0.227590E-04
 6.60254   -0.133226E-04   -0.539926E-05   -0.227920E-04
 6.62056   -0.132545E-04   -0.534199E-05   -0.228237E-04
 6.63859   -0.131868E-04   -0.528520E-05   -0.228541E-04
 6.65661   -0.131194E-04   -0.522888E-05   -0.228832E-04
 6.67464   -0.130524E-04   -0.517302E-05   -0.229110E-04
 6.69267   -0.129858E-04   -0.511764E-05   -0.229376E-04
 6.71069   -0.129196E-04   -0.506271E-05   -0.229629E-04
 6.72872   -0.128537E-04   -0.500825E-05   -0.229870E-04
 6.74674   -0.127882E-04   -0.495424E-05   -0.230099E-04
 6.76477   -0.127230E-04   -0.490069E-05   -0.230316E-04
 6.78280   -0.126582E-04   -0.484759E-05   -0.230521E-04
 6.80082   -0.125938E-04   -0.479493E-05   -0.230715E-04
 6.81885   -0.125297E-04   -0.474272E-05   -0.230896E-04
 6.83687   -0.124659E-04   -0.469095E-05   -0.231067E-04
 6.85490   -0.124025E-04   -0.463963E-05   -0.231226E-04
 6.87293   -0.123394E-04   -0.458872E-05   -0.231374E-04
 6.89095   -0.122767E-04   -0.453825E-05   -0.231511E-04
 6.90898   -0.122143E-04   -0.448821E-05   -0.231637E-04
 6.92700   -0.121522E-04   -0.443860E-05   -0.231752E-04
 6.94503   -0.120905E-04   -0.438940E-05   -0.231857E-04
 6.96306   -0.120291E-04   -0.434062E-05   -0.231951E-04
 6.98108   -0.119680E-04   -0.429225E-05   -0.232035E-04
 6.99911   -0.119073E-04   -0.424429E-05   -0.232109E-04
 7.01713   -0.118469E-04   -0.419674E-05   -0.232172E-04
 7.03516   -0.117868E-04   -0.414959E-05   -0.232226E-04
 7.05319   -0.117270E-04   -0.410284E-05   -0.232270E-04
 7.07121   -0.116675E-04   -0.405650E-05   -0.232304E-04
 7.08924   -0.116084E-04   -0.401054E-05   -0.232328E-04
 7.10726   -0.115496E-04   -0.396497E-05   -0.232343E-04
 7.12529   -0.114911E-04   -0.391976E-05   -0.232348E-04
 7.14332   -0.114329E-04   -0.387497E-05   -0.232345E-04
 7.16134   -0.113751E-04   -0.383054E-05   -0.232332E-04
 7.17937   -0.113176E-04   -0.378649E-05   -0.232310E-04
 7.19739   -0.112603E-04   -0.374280E-05   -0.232280E-04
 7.21542   -0.112034E-04   -0.369948E-05   -0.232241E-04
 7.23345   -0.111468E-04   -0.365653E-05   -0.232193E-04
 7.25147   -0.110905E-04   -0.361393E-05   -0.232137E-04
 7.26950   -0.110345E-04   -0.357169E-05   -0.232072E-04
 7.28753   -0.109789E-04   -0.352980E-05   -0.231999E-04
 7.30555   -0.109235E-04   -0.348827E-05   -0.231918E-04
 7.32358   -0.108685E-04   -0.344708E-05   -0.231828E-04
 7.34160   -0.108137E-04   -0.340624E-05   -0.231731E-04
 7.35963   -0.107593E-04   -0.336573E-05   -0.231626E-04
 7.37766   -0.107052E-04   -0.332556E-05   -0.231513E-04
 7.39568   -0.106514E-04   -0.328573E-05   -0.231393E-04
 7.41371   -0.105978E-04   -0.324622E-05   -0.231265E-04
 7.43173   -0.105446E-04   -0.320704E-05   -0.231130E-04
 7.44976   -0.104917E-04   -0.316818E-05   -0.230988E-04
 7.46779   -0.104391E-04   -0.312964E-05   -0.230838E-04
 7.48581   -0.103868E-04   -0.309142E-05   -0.230681E-04
 7.50384   -0.103348E-04   -0.305351E-05   -0.230518E-04
 7.52186   -0.102831E-04   -0.301592E-05   -0.230347E-04
 7.53989   -0.102317E-04   -0.297864E-05   -0.230170E-04
 7.55792   -0.101806E-04   -0.294165E-05   -0.229986E-04
 7.57594   -0.101298E-04   -0.290497E-05   -0.229795E-04
 7.59397   -0.100793E-04   -0.286859E-05   -0.229598E-04
 7.61199   -0.100291E-04   -0.283250E-05   -0.229395E-04
 7.63002   -0.997921E-05   -0.279671E-05   -0.229185E-04
 7.64805   -0.992960E-05   -0.276121E-05   -0.228969E-04
 7.66607   -0.988027E-05   -0.272599E-05   -0.228747E-04
 7.68410   -0.983124E-05   -0.269106E-05   -0.228519E-04
 7.70212   -0.978250E-05   -0.265642E-05   -0.228285E-04
 7.72015   -0.973405E-05   -0.262205E-05   -0.228045E-04
 7.73818   -0.968589E-05   -0.258796E-05   -0.227799E-04
 7.75620   -0.963801E-05   -0.255414E-05   -0.227548E-04
 7.77423   -0.959043E-05   -0.252060E-05   -0.227291E-04
 7.79225   -0.954312E-05   -0.248733E-05   -0.227029E-04
 7.81028   -0.949611E-05   -0.245432E-05   -0.226761E-04
 7.82831   -0.944938E-05   -0.242158E-05   -0.226488E-04
 7.84633   -0.940293E-05   -0.238909E-05   -0.226209E-04
 7.86436   -0.935676E-05   -0.235687E-05   -0.225926E-04
 7.88238   -0.931087E-05   -0.232491E-05   -0.225637E-04
 7.90041   -0.926526E-05   -0.229320E-05   -0.225344E-04
 7.91844   -0.921993E-05   -0.226175E-05   -0.225045E-04
 7.93646   -0.917487E-05   -0.223054E-05   -0.224742E-04
 7.95449   -0.913010E-05   -0.219958E-05   -0.224434E-04
 7.97252   -0.908559E-05   -0.216887E-05   -0.224121E-04
 7.99054   -0.904136E-05   -0.213840E-05   -0.223804E-04
 8.00857   -0.899740E-05   -0.210817E-05   -0.223482E-04
 8.02659   -0.895371E-05   -0.207818E-05   -0.223155E-04
 8.04462   -0.891029E-05   -0.204843E-05   -0.222824E-04
 8.06265   -0.886714E-05   -0.201891E-05   -0.222489E-04
 8.08067   -0.882425E-05   -0.198963E-05   -0.222150E-04
 8.09870   -0.878163E-05   -0.196058E-05   -0.221806E-04
 8.11672   -0.873927E-05   -0.193176E-05   -0.221458E-04
 8.13475   -0.869718E-05   -0.190317E-05   -0.221107E-04
 8.15278   -0.865535E-05   -0.187480E-05   -0.220751E-04
 8.17080   -0.861378E-05   -0.184665E-05   -0.220391E-04
 8.18883   -0.857247E-05   -0.181873E-05   -0.220028E-04
 8.20685   -0.853141E-05   -0.179103E-05   -0.219661E-04
 8.22488   -0.849061E-05   -0.176354E-05   -0.219290E-04
 8.24291   -0.845007E-05   -0.173627E-05   -0.218915E-04
 8.26093   -0.840978E-05   -0.170921E-05   -0.218537E-04
 8.27896   -0.836974E-05   -0.168237E-05   -0.218155E-04
 8.29698   -0.832995E-05   -0.165574E-05   -0.217770E-04
 8.31501   -0.829040E-05   -0.162931E-05   -0.217381E-04
 8.33304   -0.825111E-05   -0.160310E-05   -0.216989E-04
 8.35106   -0.821206E-05   -0.157708E-05   -0.216594E-04
 8.36909   -0.817326E-05   -0.155127E-05   -0.216195E-04
 8.38711   -0.813469E-05   -0.152567E-05   -0.215794E-04
 8.40514   -0.809637E-05   -0.150026E-05   -0.215389E-04
 8.42317   -0.805829E-05   -0.147506E-05   -0.214981E-04
 8.44119   -0.802045E-05   -0.145005E-05   -0.214570E-04
 8.45922   -0.798284E-05   -0.142524E-05   -0.214157E-04
 8.47724   -0.794546E-05   -0.140063E-05   -0.213740E-04
 8.49527   -0.790832E-05   -0.137621E-05   -0.213320E-04
 8.51330   -0.787141E-05   -0.135198E-05   -0.212898E-04
 8.53132   -0.783472E-05   -0.132794E-05   -0.212473E-04
 8.54935   -0.779827E-05   -0.130410E-05   -0.212045E-04
 8.56737   -0.776204E-05   -0.128044E-05   -0.211615E-04
 8.58540   -0.772604E-05   -0.125696E-05   -0.211182E-04
 8.60343   -0.769025E-05   -0.123367E-05   -0.210746E-04
 8.62145   -0.765469E-05   -0.121057E-05   -0.210309E-04
 8.63948   -0.761934E-05   -0.118765E-05   -0.209868E-04
 8.65751   -0.758422E-05   -0.116491E-05   -0.209425E-04
 8.67553   -0.754930E-05   -0.114236E-05   -0.208980E-04
 8.69356   -0.751461E-05   -0.111998E-05   -0.208533E-04
 8.71158   -0.748012E-05   -0.109778E-05   -0.208083E-04
 8.72961   -0.744584E-05   -0.107576E-05   -0.207631E-04
 8.74764   -0.741177E-05   -0.105391E-05   -0.207177E-04
 8.76566   -0.737790E-05   -0.103224E-05   -0.206721E-04
 8.78369   -0.734424E-05   -0.101074E-05   -0.206263E-04
 8.80171   -0.731078E-05   -0.989418E-06   -0.205802E-04
 8.81974   -0.727753E-05   -0.968269E-06   -0.205340E-04
 8.83777   -0.724447E-05   -0.947364E-06   -0.204876E-04
 8.85579   -0.721161E-05   -0.926551E-06   -0.204410E-04
 8.87382   -0.717894E-05   -0.905906E-06   -0.203942E-04
 8.89184   -0.714647E-05   -0.885353E-06   -0.203472E-04
 8.90987   -0.711419E-05   -0.865042E-06   -0.203000E-04
 8.92790   -0.708210E-05   -0.844897E-06   -0.202527E-04
 8.94592   -0.705020E-05   -0.824916E-06   -0.202052E-04
 8.96395   -0.701849E-05   -0.805098E-06   -0.201575E-04
 8.98197   -0.698697E-05   -0.785442E-06   -0.201097E-04
 9.00000   -0.695563E-05   -0.765944E-06   -0.200617E-04
