 0.00500    0.371306E-01   -0.181496E-01    0.132112E-01
 0.02303    0.294860E-01   -0.143281E-01    0.103458E-01
 0.04105    0.251497E-01   -0.121609E-01    0.872212E-02
 0.05908    0.220548E-01   -0.106149E-01    0.756503E-02
 0.07710    0.196561E-01   -0.941738E-02    0.666972E-02
 0.09513    0.177111E-01   -0.844695E-02    0.594521E-02
 0.11316    0.160878E-01   -0.763762E-02    0.534187E-02
 0.13118    0.147055E-01   -0.694894E-02    0.482927E-02
 0.14921    0.135105E-01   -0.635408E-02    0.438726E-02
 0.16723    0.124651E-01   -0.583418E-02    0.400167E-02
 0.18526    0.115421E-01   -0.537556E-02    0.366218E-02
 0.20329    0.107208E-01   -0.496787E-02    0.336101E-02
 0.22131    0.998514E-02   -0.460312E-02    0.309213E-02
 0.23934    0.932259E-02   -0.427497E-02    0.285079E-02
 0.25736    0.872295E-02   -0.397833E-02    0.263312E-02
 0.27539    0.817799E-02   -0.370907E-02    0.243603E-02
 0.29342    0.768083E-02   -0.346375E-02    0.225691E-02
 0.31144    0.722575E-02   -0.323949E-02    0.209362E-02
 0.32947    0.680791E-02   -0.303387E-02    0.194430E-02
 0.34749    0.642319E-02   -0.284483E-02    0.180741E-02
 0.36552    0.606807E-02   -0.267060E-02    0.168162E-02
 0.38355    0.573952E-02   -0.250965E-02    0.156577E-02
 0.40157    0.543488E-02   -0.236065E-02    0.145887E-02
 0.41960    0.515185E-02   -0.222246E-02    0.136003E-02
 0.43763    0.488840E-02   -0.209405E-02    0.126850E-02
 0.45565    0.464273E-02   -0.197453E-02    0.118360E-02
 0.47368    0.441329E-02   -0.186310E-02    0.110473E-02
 0.49170    0.419866E-02   -0.175906E-02    0.103136E-02
 0.50973    0.399760E-02   -0.166179E-02    0.963025E-03
 0.52776    0.380898E-02   -0.157072E-02    0.899292E-03
 0.54578    0.363181E-02   -0.148535E-02    0.839787E-03
 0.56381    0.346518E-02   -0.140524E-02    0.784173E-03
 0.58183    0.330830E-02   -0.132997E-02    0.732142E-03
 0.59986    0.316041E-02   -0.125918E-02    0.683418E-03
 0.61789    0.302087E-02   -0.119254E-02    0.637749E-03
 0.63591    0.288905E-02   -0.112973E-02    0.594910E-03
 0.65394    0.276442E-02   -0.107049E-02    0.554693E-03
 0.67196    0.264648E-02   -0.101457E-02    0.516912E-03
 0.68999    0.253478E-02   -0.961737E-03    0.481393E-03
 0.70802    0.242888E-02   -0.911783E-03    0.447982E-03
 0.72604    0.232842E-02   -0.864518E-03    0.416533E-03
 0.74407    0.223304E-02   -0.819766E-03    0.386916E-03
 0.76209    0.214242E-02   -0.777365E-03    0.359018E-03
 0.78012    0.205626E-02   -0.737167E-03    0.332710E-03
 0.79815    0.197429E-02   -0.699033E-03    0.307892E-03
 0.81617    0.189625E-02   -0.662837E-03    0.284484E-03
 0.83420    0.182191E-02   -0.628462E-03    0.262389E-03
 0.85222    0.175106E-02   -0.595800E-03    0.241529E-03
 0.87025    0.168348E-02   -0.564751E-03    0.221827E-03
 0.88828    0.161901E-02   -0.535222E-03    0.203214E-03
 0.90630    0.155746E-02   -0.507126E-03    0.185627E-03
 0.92433    0.149866E-02   -0.480381E-03    0.169004E-03
 0.94235    0.144248E-02   -0.454914E-03    0.153291E-03
 0.96038    0.138876E-02   -0.430651E-03    0.138433E-03
 0.97841    0.133739E-02   -0.407531E-03    0.124383E-03
 0.99643    0.128822E-02   -0.385425E-03    0.111097E-03
 1.01446    0.124116E-02   -0.364473E-03    0.985316E-04
 1.03248    0.119610E-02   -0.344425E-03    0.866473E-04
 1.05051    0.115292E-02   -0.325296E-03    0.754073E-04
 1.06854    0.111155E-02   -0.307040E-03    0.647767E-04
 1.08656    0.107188E-02   -0.289612E-03    0.547231E-04
 1.10459    0.103384E-02   -0.272971E-03    0.452158E-04
 1.12262    0.997350E-03   -0.257077E-03    0.362268E-04
 1.14064    0.962330E-03   -0.241894E-03    0.277277E-04
 1.15867    0.928714E-03   -0.227386E-03    0.196938E-04
 1.17669    0.896436E-03   -0.213523E-03    0.121013E-04
 1.19472    0.865433E-03   -0.200272E-03    0.492754E-05
 1.21275    0.835648E-03   -0.187605E-03   -0.184870E-05
 1.23077    0.807026E-03   -0.175494E-03   -0.824722E-05
 1.24880    0.779513E-03   -0.163914E-03   -0.142869E-04
 1.26682    0.753061E-03   -0.152841E-03   -0.199854E-04
 1.28485    0.727623E-03   -0.142251E-03   -0.253593E-04
 1.30288    0.703156E-03   -0.132123E-03   -0.304247E-04
 1.32090    0.679616E-03   -0.122435E-03   -0.351966E-04
 1.33893    0.656965E-03   -0.113168E-03   -0.396890E-04
 1.35695    0.635166E-03   -0.104305E-03   -0.439154E-04
 1.37498    0.614181E-03   -0.958264E-04   -0.478881E-04
 1.39301    0.593979E-03   -0.877169E-04   -0.516193E-04
 1.41103    0.574527E-03   -0.799606E-04   -0.551199E-04
 1.42906    0.555795E-03   -0.725429E-04   -0.584007E-04
 1.44708    0.537755E-03   -0.654496E-04   -0.614717E-04
 1.46511    0.520380E-03   -0.586674E-04   -0.643423E-04
 1.48314    0.503643E-03   -0.521838E-04   -0.670216E-04
 1.50116    0.487521E-03   -0.459868E-04   -0.695178E-04
 1.51919    0.471990E-03   -0.400655E-04   -0.718390E-04
 1.53721    0.457030E-03   -0.344088E-04   -0.739927E-04
 1.55524    0.442619E-03   -0.290076E-04   -0.759858E-04
 1.57327    0.428738E-03   -0.238507E-04   -0.778252E-04
 1.59129    0.415368E-03   -0.189310E-04   -0.795169E-04
 1.60932    0.402494E-03   -0.142394E-04   -0.810667E-04
 1.62734    0.390098E-03   -0.976840E-05   -0.824802E-04
 1.64537    0.378166E-03   -0.551029E-05   -0.837622E-04
 1.66340    0.366683E-03   -0.145859E-05   -0.849176E-04
 1.68142    0.355636E-03    0.239311E-05   -0.859506E-04
 1.69945    0.345014E-03    0.605062E-05   -0.868653E-04
 1.71747    0.334804E-03    0.951916E-05   -0.876647E-04
 1.73550    0.324997E-03    0.128041E-04   -0.883537E-04
 1.75353    0.315583E-03    0.159098E-04   -0.889339E-04
 1.77155    0.306553E-03    0.188406E-04   -0.894088E-04
 1.78958    0.297899E-03    0.216003E-04   -0.897801E-04
 1.80761    0.289613E-03    0.241911E-04   -0.900510E-04
 1.82563    0.281688E-03    0.266192E-04   -0.902233E-04
 1.84366    0.274117E-03    0.288864E-04   -0.902990E-04
 1.86168    0.266894E-03    0.309967E-04   -0.902797E-04
 1.87971    0.260013E-03    0.329507E-04   -0.901674E-04
 1.89774    0.253469E-03    0.347517E-04   -0.899635E-04
 1.91576    0.247255E-03    0.364026E-04   -0.896696E-04
 1.93379    0.241366E-03    0.379065E-04   -0.892874E-04
 1.95181    0.235796E-03    0.392653E-04   -0.888187E-04
 1.96984    0.230539E-03    0.404828E-04   -0.882652E-04
 1.98787    0.225588E-03    0.415616E-04   -0.876289E-04
 2.00589    0.220935E-03    0.425052E-04   -0.869122E-04
 2.02392    0.216572E-03    0.433178E-04   -0.861172E-04
 2.04194    0.212491E-03    0.440032E-04   -0.852470E-04
 2.05997    0.208681E-03    0.445665E-04   -0.843048E-04
 2.07800    0.205131E-03    0.450129E-04   -0.832940E-04
 2.09602    0.201830E-03    0.453488E-04   -0.822192E-04
 2.11405    0.198762E-03    0.455802E-04   -0.810847E-04
 2.13207    0.195913E-03    0.457150E-04   -0.798956E-04
 2.15010    0.193265E-03    0.457611E-04   -0.786578E-04
 2.16813    0.190802E-03    0.457276E-04   -0.773774E-04
 2.18615    0.188503E-03    0.456240E-04   -0.760614E-04
 2.20418    0.186346E-03    0.454605E-04   -0.747168E-04
 2.22220    0.184311E-03    0.452479E-04   -0.733518E-04
 2.24023    0.182373E-03    0.449977E-04   -0.719743E-04
 2.25826    0.180508E-03    0.447222E-04   -0.705930E-04
 2.27628    0.178691E-03    0.444332E-04   -0.692172E-04
 2.29431    0.176897E-03    0.441439E-04   -0.678548E-04
 2.31233    0.175098E-03    0.438665E-04   -0.665161E-04
 2.33036    0.173271E-03    0.436141E-04   -0.652099E-04
 2.34839    0.171388E-03    0.433990E-04   -0.639456E-04
 2.36641    0.169425E-03    0.432334E-04   -0.627314E-04
 2.38444    0.167359E-03    0.431290E-04   -0.615762E-04
 2.40246    0.165167E-03    0.430973E-04   -0.604877E-04
 2.42049    0.162827E-03    0.431481E-04   -0.594735E-04
 2.43852    0.160322E-03    0.432909E-04   -0.585405E-04
 2.45654    0.157633E-03    0.435338E-04   -0.576944E-04
 2.47457    0.154747E-03    0.438841E-04   -0.569403E-04
 2.49260    0.151652E-03    0.443475E-04   -0.562822E-04
 2.51062    0.148339E-03    0.449282E-04   -0.557232E-04
 2.52865    0.144802E-03    0.456294E-04   -0.552655E-04
 2.54667    0.141036E-03    0.464527E-04   -0.549101E-04
 2.56470    0.137042E-03    0.473982E-04   -0.546568E-04
 2.58273    0.132822E-03    0.484647E-04   -0.545046E-04
 2.60075    0.128381E-03    0.496492E-04   -0.544513E-04
 2.61878    0.123729E-03    0.509476E-04   -0.544936E-04
 2.63680    0.118874E-03    0.523547E-04   -0.546274E-04
 2.65483    0.113830E-03    0.538637E-04   -0.548480E-04
 2.67286    0.108612E-03    0.554676E-04   -0.551498E-04
 2.69088    0.103237E-03    0.571580E-04   -0.555259E-04
 2.70891    0.977220E-04    0.589254E-04   -0.559699E-04
 2.72693    0.920876E-04    0.607600E-04   -0.564743E-04
 2.74496    0.863551E-04    0.626517E-04   -0.570314E-04
 2.76299    0.805448E-04    0.645897E-04   -0.576330E-04
 2.78101    0.746788E-04    0.665630E-04   -0.582712E-04
 2.79904    0.687785E-04    0.685608E-04   -0.589377E-04
 2.81706    0.628663E-04    0.705547E-04   -0.596247E-04
 2.83509    0.569621E-04    0.725873E-04   -0.603241E-04
 2.85312    0.510871E-04    0.745954E-04   -0.610285E-04
 2.87114    0.452609E-04    0.765864E-04   -0.617300E-04
 2.88917    0.395023E-04    0.785518E-04   -0.624090E-04
 2.90719    0.338289E-04    0.804817E-04   -0.630986E-04
 2.92522    0.282573E-04    0.823689E-04   -0.637529E-04
 2.94325    0.228020E-04    0.842054E-04   -0.643796E-04
 2.96127    0.174765E-04    0.859850E-04   -0.649736E-04
 2.97930    0.122927E-04    0.877011E-04   -0.655307E-04
 2.99732    0.726087E-05    0.893493E-04   -0.660468E-04
 3.01535    0.239007E-05    0.909245E-04   -0.665191E-04
 3.03338   -0.231280E-05    0.924237E-04   -0.669444E-04
 3.05140   -0.684077E-05    0.938432E-04   -0.673205E-04
 3.06943   -0.111894E-04    0.951808E-04   -0.676458E-04
 3.08745   -0.153553E-04    0.964349E-04   -0.679188E-04
 3.10548   -0.193363E-04    0.976042E-04   -0.681388E-04
 3.12351   -0.231314E-04    0.986885E-04   -0.683053E-04
 3.14153   -0.267411E-04    0.996878E-04   -0.684186E-04
 3.15956   -0.301661E-04    0.100603E-03   -0.684789E-04
 3.17759   -0.334085E-04    0.101434E-03   -0.684869E-04
 3.19561   -0.364708E-04    0.102183E-03   -0.684435E-04
 3.21364   -0.393564E-04    0.102851E-03   -0.683500E-04
 3.23166   -0.420692E-04    0.103441E-03   -0.682077E-04
 3.24969   -0.446136E-04    0.103954E-03   -0.680182E-04
 3.26772   -0.469944E-04    0.104393E-03   -0.677833E-04
 3.28574   -0.492168E-04    0.104760E-03   -0.675046E-04
 3.30377   -0.512865E-04    0.105059E-03   -0.671844E-04
 3.32179   -0.532089E-04    0.105291E-03   -0.668245E-04
 3.33982   -0.549901E-04    0.105460E-03   -0.664272E-04
 3.35785   -0.566358E-04    0.105569E-03   -0.659943E-04
 3.37587   -0.581522E-04    0.105621E-03   -0.655281E-04
 3.39390   -0.595450E-04    0.105618E-03   -0.650308E-04
 3.41192   -0.608202E-04    0.105564E-03   -0.645043E-04
 3.42995   -0.619834E-04    0.105461E-03   -0.639506E-04
 3.44798   -0.630407E-04    0.105312E-03   -0.633719E-04
 3.46600   -0.639972E-04    0.105120E-03   -0.627700E-04
 3.48403   -0.648586E-04    0.104887E-03   -0.621467E-04
 3.50205   -0.656302E-04    0.104617E-03   -0.615040E-04
 3.52008   -0.663171E-04    0.104311E-03   -0.608435E-04
 3.53811   -0.669242E-04    0.103972E-03   -0.601671E-04
 3.55613   -0.674556E-04    0.103602E-03   -0.594763E-04
 3.57416   -0.679176E-04    0.103204E-03   -0.587726E-04
 3.59218   -0.683125E-04    0.102779E-03   -0.580574E-04
 3.61021   -0.686454E-04    0.102329E-03   -0.573322E-04
 3.62824   -0.689199E-04    0.101857E-03   -0.565984E-04
 3.64626   -0.691398E-04    0.101364E-03   -0.558570E-04
 3.66429   -0.693087E-04    0.100852E-03   -0.551090E-04
 3.68231   -0.694295E-04    0.100322E-03   -0.543559E-04
 3.70034   -0.695061E-04    0.997769E-04   -0.535985E-04
 3.71837   -0.695408E-04    0.992167E-04   -0.528379E-04
 3.73639   -0.695373E-04    0.986433E-04   -0.520748E-04
 3.75442   -0.694973E-04    0.980578E-04   -0.513102E-04
 3.77244   -0.694235E-04    0.974615E-04   -0.505447E-04
 3.79047   -0.693185E-04    0.968554E-04   -0.497791E-04
 3.80850   -0.691843E-04    0.962405E-04   -0.490142E-04
 3.82652   -0.690230E-04    0.956180E-04   -0.482503E-04
 3.84455   -0.688365E-04    0.949887E-04   -0.474881E-04
 3.86258   -0.686267E-04    0.943533E-04   -0.467283E-04
 3.88060   -0.683953E-04    0.937127E-04   -0.459710E-04
 3.89863   -0.681439E-04    0.930676E-04   -0.452168E-04
 3.91665   -0.678739E-04    0.924188E-04   -0.444661E-04
 3.93468   -0.675869E-04    0.917668E-04   -0.437194E-04
 3.95271   -0.672839E-04    0.911120E-04   -0.429767E-04
 3.97073   -0.669664E-04    0.904557E-04   -0.422386E-04
 3.98876   -0.666355E-04    0.897977E-04   -0.415053E-04
 4.00678   -0.662922E-04    0.891386E-04   -0.407770E-04
 4.02481   -0.659376E-04    0.884790E-04   -0.400539E-04
 4.04284   -0.655727E-04    0.878192E-04   -0.393362E-04
 4.06086   -0.651982E-04    0.871597E-04   -0.386244E-04
 4.07889   -0.648150E-04    0.865008E-04   -0.379186E-04
 4.09691   -0.644239E-04    0.858427E-04   -0.372187E-04
 4.11494   -0.640258E-04    0.851860E-04   -0.365253E-04
 4.13297   -0.636212E-04    0.845307E-04   -0.358383E-04
 4.15099   -0.632107E-04    0.838772E-04   -0.351579E-04
 4.16902   -0.627949E-04    0.832258E-04   -0.344843E-04
 4.18704   -0.623745E-04    0.825766E-04   -0.338177E-04
 4.20507   -0.619500E-04    0.819299E-04   -0.331580E-04
 4.22310   -0.615218E-04    0.812858E-04   -0.325054E-04
 4.24112   -0.610902E-04    0.806446E-04   -0.318599E-04
 4.25915   -0.606562E-04    0.800061E-04   -0.312217E-04
 4.27717   -0.602197E-04    0.793710E-04   -0.305908E-04
 4.29520   -0.597812E-04    0.787390E-04   -0.299673E-04
 4.31323   -0.593411E-04    0.781110E-04   -0.293511E-04
 4.33125   -0.588998E-04    0.774861E-04   -0.287422E-04
 4.34928   -0.584575E-04    0.768649E-04   -0.281407E-04
 4.36730   -0.580146E-04    0.762475E-04   -0.275465E-04
 4.38533   -0.575713E-04    0.756338E-04   -0.269598E-04
 4.40336   -0.571279E-04    0.750242E-04   -0.263803E-04
 4.42138   -0.566847E-04    0.744185E-04   -0.258082E-04
 4.43941   -0.562419E-04    0.738170E-04   -0.252434E-04
 4.45743   -0.557999E-04    0.732196E-04   -0.246858E-04
 4.47546   -0.553586E-04    0.726264E-04   -0.241353E-04
 4.49349   -0.549185E-04    0.720375E-04   -0.235920E-04
 4.51151   -0.544797E-04    0.714531E-04   -0.230558E-04
 4.52954   -0.540425E-04    0.708730E-04   -0.225266E-04
 4.54757   -0.536069E-04    0.702974E-04   -0.220044E-04
 4.56559   -0.531733E-04    0.697263E-04   -0.214891E-04
 4.58362   -0.527417E-04    0.691598E-04   -0.209806E-04
 4.60164   -0.523123E-04    0.685979E-04   -0.204758E-04
 4.61967   -0.518854E-04    0.680406E-04   -0.199838E-04
 4.63770   -0.514610E-04    0.674881E-04   -0.194954E-04
 4.65572   -0.510393E-04    0.669403E-04   -0.190136E-04
 4.67375   -0.506204E-04    0.663972E-04   -0.185383E-04
 4.69177   -0.502045E-04    0.658588E-04   -0.180695E-04
 4.70980   -0.497917E-04    0.653253E-04   -0.176072E-04
 4.72783   -0.493821E-04    0.647967E-04   -0.171512E-04
 4.74585   -0.489759E-04    0.642727E-04   -0.167017E-04
 4.76388   -0.485730E-04    0.637537E-04   -0.162585E-04
 4.78190   -0.481737E-04    0.632396E-04   -0.158216E-04
 4.79993   -0.477780E-04    0.627303E-04   -0.153910E-04
 4.81796   -0.473859E-04    0.622259E-04   -0.149668E-04
 4.83598   -0.469976E-04    0.617264E-04   -0.145488E-04
 4.85401   -0.466130E-04    0.612316E-04   -0.141369E-04
 4.87203   -0.462322E-04    0.607418E-04   -0.137313E-04
 4.89006   -0.458553E-04    0.602568E-04   -0.133317E-04
 4.90809   -0.454822E-04    0.597765E-04   -0.129383E-04
 4.92611   -0.451130E-04    0.593010E-04   -0.125508E-04
 4.94414   -0.447476E-04    0.588302E-04   -0.121693E-04
 4.96216   -0.443861E-04    0.583642E-04   -0.117936E-04
 4.98019   -0.440283E-04    0.579027E-04   -0.114237E-04
 4.99822   -0.436744E-04    0.574458E-04   -0.110596E-04
 5.01624   -0.433241E-04    0.569935E-04   -0.107011E-04
 5.03427   -0.429776E-04    0.565457E-04   -0.103481E-04
 5.05229   -0.426346E-04    0.561023E-04   -0.100006E-04
 5.07032   -0.422953E-04    0.556633E-04   -0.965846E-05
 5.08835   -0.419594E-04    0.552286E-04   -0.932160E-05
 5.10637   -0.416269E-04    0.547981E-04   -0.898994E-05
 5.12440   -0.412978E-04    0.543717E-04   -0.866336E-05
 5.14242   -0.409718E-04    0.539492E-04   -0.834180E-05
 5.16045   -0.406491E-04    0.535313E-04   -0.802515E-05
 5.17848   -0.403293E-04    0.531170E-04   -0.771332E-05
 5.19650   -0.400125E-04    0.527066E-04   -0.740622E-05
 5.21453   -0.396985E-04    0.522999E-04   -0.710376E-05
 5.23256   -0.393873E-04    0.518970E-04   -0.680583E-05
 5.25058   -0.390787E-04    0.514977E-04   -0.651236E-05
 5.26861   -0.387727E-04    0.511020E-04   -0.622326E-05
 5.28663   -0.384691E-04    0.507098E-04   -0.593845E-05
 5.30466   -0.381678E-04    0.503210E-04   -0.565782E-05
 5.32269   -0.378688E-04    0.499355E-04   -0.538131E-05
 5.34071   -0.375719E-04    0.495533E-04   -0.510884E-05
 5.35874   -0.372772E-04    0.491744E-04   -0.484032E-05
 5.37676   -0.369845E-04    0.487986E-04   -0.457567E-05
 5.39479   -0.366937E-04    0.484258E-04   -0.431484E-05
 5.41282   -0.364048E-04    0.480562E-04   -0.405776E-05
 5.43084   -0.361177E-04    0.476895E-04   -0.380435E-05
 5.44887   -0.358324E-04    0.473257E-04   -0.355455E-05
 5.46689   -0.355488E-04    0.469648E-04   -0.330830E-05
 5.48492   -0.352669E-04    0.466069E-04   -0.306553E-05
 5.50295   -0.349866E-04    0.462516E-04   -0.282619E-05
 5.52097   -0.347079E-04    0.458992E-04   -0.259023E-05
 5.53900   -0.344308E-04    0.455495E-04   -0.235760E-05
 5.55702   -0.341553E-04    0.452024E-04   -0.212823E-05
 5.57505   -0.338812E-04    0.448581E-04   -0.190209E-05
 5.59308   -0.336087E-04    0.445164E-04   -0.167913E-05
 5.61110   -0.333377E-04    0.441774E-04   -0.145931E-05
 5.62913   -0.330683E-04    0.438410E-04   -0.124257E-05
 5.64715   -0.328003E-04    0.435072E-04   -0.102891E-05
 5.66518   -0.325338E-04    0.431759E-04   -0.818258E-06
 5.68321   -0.322688E-04    0.428472E-04   -0.610600E-06
 5.70123   -0.320054E-04    0.425210E-04   -0.405891E-06
 5.71926   -0.317435E-04    0.421973E-04   -0.204103E-06
 5.73728   -0.314832E-04    0.418762E-04   -0.521489E-08
 5.75531   -0.312245E-04    0.415575E-04    0.190812E-06
 5.77334   -0.309673E-04    0.412413E-04    0.384001E-06
 5.79136   -0.307118E-04    0.409277E-04    0.574378E-06
 5.80939   -0.304579E-04    0.406162E-04    0.761973E-06
 5.82741   -0.302056E-04    0.403074E-04    0.946810E-06
 5.84544   -0.299551E-04    0.400014E-04    0.112891E-05
 5.86347   -0.297062E-04    0.396975E-04    0.130830E-05
 5.88149   -0.294590E-04    0.393962E-04    0.148501E-05
 5.89952   -0.292136E-04    0.390972E-04    0.165907E-05
 5.91755   -0.289699E-04    0.388008E-04    0.183049E-05
 5.93557   -0.287279E-04    0.385068E-04    0.199931E-05
 5.95360   -0.284878E-04    0.382152E-04    0.216553E-05
 5.97162   -0.282494E-04    0.379259E-04    0.232919E-05
 5.98965   -0.280129E-04    0.376391E-04    0.249033E-05
 6.00768   -0.277782E-04    0.373546E-04    0.264895E-05
 6.02570   -0.275453E-04    0.370726E-04    0.280508E-05
 6.04373   -0.273142E-04    0.367928E-04    0.295875E-05
 6.06175   -0.270851E-04    0.365155E-04    0.310998E-05
 6.07978   -0.268577E-04    0.362405E-04    0.325878E-05
 6.09781   -0.266323E-04    0.359678E-04    0.340521E-05
 6.11583   -0.264087E-04    0.356975E-04    0.354926E-05
 6.13386   -0.261870E-04    0.354296E-04    0.369094E-05
 6.15188   -0.259673E-04    0.351639E-04    0.383033E-05
 6.16991   -0.257494E-04    0.349005E-04    0.396744E-05
 6.18794   -0.255334E-04    0.346395E-04    0.410224E-05
 6.20596   -0.253193E-04    0.343805E-04    0.423481E-05
 6.22399   -0.251072E-04    0.341239E-04    0.436516E-05
 6.24201   -0.248969E-04    0.338697E-04    0.449329E-05
 6.26004   -0.246886E-04    0.336176E-04    0.461926E-05
 6.27807   -0.244822E-04    0.333677E-04    0.474308E-05
 6.29609   -0.242776E-04    0.331200E-04    0.486476E-05
 6.31412   -0.240750E-04    0.328745E-04    0.498428E-05
 6.33214   -0.238743E-04    0.326312E-04    0.510185E-05
 6.35017   -0.236755E-04    0.323901E-04    0.521729E-05
 6.36820   -0.234785E-04    0.321511E-04    0.533070E-05
 6.38622   -0.232835E-04    0.319143E-04    0.544192E-05
 6.40425   -0.230903E-04    0.316795E-04    0.555134E-05
 6.42227   -0.228990E-04    0.314469E-04    0.565879E-05
 6.44030   -0.227096E-04    0.312163E-04    0.576430E-05
 6.45833   -0.225220E-04    0.309877E-04    0.586790E-05
 6.47635   -0.223363E-04    0.307613E-04    0.596960E-05
 6.49438   -0.221524E-04    0.305370E-04    0.606943E-05
 6.51240   -0.219704E-04    0.303147E-04    0.616741E-05
 6.53043   -0.217901E-04    0.300942E-04    0.626357E-05
 6.54846   -0.216117E-04    0.298759E-04    0.635793E-05
 6.56648   -0.214351E-04    0.296594E-04    0.645050E-05
 6.58451   -0.212602E-04    0.294450E-04    0.654132E-05
 6.60254   -0.210871E-04    0.292324E-04    0.663040E-05
 6.62056   -0.209158E-04    0.290218E-04    0.671778E-05
 6.63859   -0.207462E-04    0.288131E-04    0.680348E-05
 6.65661   -0.205784E-04    0.286064E-04    0.688751E-05
 6.67464   -0.204122E-04    0.284013E-04    0.696989E-05
 6.69267   -0.202478E-04    0.281980E-04    0.705085E-05
 6.71069   -0.200851E-04    0.279969E-04    0.713001E-05
 6.72872   -0.199240E-04    0.277976E-04    0.720750E-05
 6.74674   -0.197646E-04    0.276002E-04    0.728352E-05
 6.76477   -0.196068E-04    0.274044E-04    0.735801E-05
 6.78280   -0.194507E-04    0.272103E-04    0.743098E-05
 6.80082   -0.192961E-04    0.270179E-04    0.750248E-05
 6.81885   -0.191432E-04    0.268273E-04    0.757248E-05
 6.83687   -0.189918E-04    0.266384E-04    0.764104E-05
 6.85490   -0.188420E-04    0.264513E-04    0.770817E-05
 6.87293   -0.186937E-04    0.262657E-04    0.777390E-05
 6.89095   -0.185470E-04    0.260819E-04    0.783823E-05
 6.90898   -0.184018E-04    0.258996E-04    0.790121E-05
 6.92700   -0.182580E-04    0.257191E-04    0.796284E-05
 6.94503   -0.181157E-04    0.255401E-04    0.802312E-05
 6.96306   -0.179749E-04    0.253627E-04    0.808211E-05
 6.98108   -0.178355E-04    0.251868E-04    0.813982E-05
 6.99911   -0.176975E-04    0.250126E-04    0.819626E-05
 7.01713   -0.175609E-04    0.248398E-04    0.825153E-05
 7.03516   -0.174257E-04    0.246686E-04    0.830549E-05
 7.05319   -0.172919E-04    0.244989E-04    0.835824E-05
 7.07121   -0.171594E-04    0.243307E-04    0.840979E-05
 7.08924   -0.170282E-04    0.241640E-04    0.846017E-05
 7.10726   -0.168984E-04    0.239987E-04    0.850939E-05
 7.12529   -0.167699E-04    0.238349E-04    0.855747E-05
 7.14332   -0.166426E-04    0.236725E-04    0.860443E-05
 7.16134   -0.165167E-04    0.235115E-04    0.865028E-05
 7.17937   -0.163919E-04    0.233519E-04    0.869507E-05
 7.19739   -0.162685E-04    0.231937E-04    0.873873E-05
 7.21542   -0.161462E-04    0.230368E-04    0.878135E-05
 7.23345   -0.160252E-04    0.228813E-04    0.882294E-05
 7.25147   -0.159054E-04    0.227272E-04    0.886351E-05
 7.26950   -0.157867E-04    0.225743E-04    0.890306E-05
 7.28753   -0.156692E-04    0.224228E-04    0.894162E-05
 7.30555   -0.155529E-04    0.222726E-04    0.897918E-05
 7.32358   -0.154378E-04    0.221237E-04    0.901577E-05
 7.34160   -0.153238E-04    0.219761E-04    0.905142E-05
 7.35963   -0.152109E-04    0.218297E-04    0.908613E-05
 7.37766   -0.150991E-04    0.216846E-04    0.911990E-05
 7.39568   -0.149884E-04    0.215407E-04    0.915278E-05
 7.41371   -0.148789E-04    0.213981E-04    0.918474E-05
 7.43173   -0.147704E-04    0.212566E-04    0.921583E-05
 7.44976   -0.146630E-04    0.211164E-04    0.924603E-05
 7.46779   -0.145566E-04    0.209773E-04    0.927538E-05
 7.48581   -0.144513E-04    0.208395E-04    0.930387E-05
 7.50384   -0.143471E-04    0.207028E-04    0.933153E-05
 7.52186   -0.142438E-04    0.205673E-04    0.935835E-05
 7.53989   -0.141416E-04    0.204329E-04    0.938431E-05
 7.55792   -0.140404E-04    0.202997E-04    0.940953E-05
 7.57594   -0.139403E-04    0.201676E-04    0.943395E-05
 7.59397   -0.138411E-04    0.200366E-04    0.945761E-05
 7.61199   -0.137428E-04    0.199067E-04    0.948045E-05
 7.63002   -0.136456E-04    0.197779E-04    0.950259E-05
 7.64805   -0.135493E-04    0.196502E-04    0.952395E-05
 7.66607   -0.134540E-04    0.195236E-04    0.954458E-05
 7.68410   -0.133595E-04    0.193981E-04    0.956450E-05
 7.70212   -0.132661E-04    0.192735E-04    0.958371E-05
 7.72015   -0.131735E-04    0.191501E-04    0.960219E-05
 7.73818   -0.130818E-04    0.190276E-04    0.962001E-05
 7.75620   -0.129910E-04    0.189062E-04    0.963715E-05
 7.77423   -0.129011E-04    0.187857E-04    0.965363E-05
 7.79225   -0.128120E-04    0.186663E-04    0.966945E-05
 7.81028   -0.127237E-04    0.185478E-04    0.968462E-05
 7.82831   -0.126363E-04    0.184303E-04    0.969917E-05
 7.84633   -0.125497E-04    0.183138E-04    0.971311E-05
 7.86436   -0.124639E-04    0.181982E-04    0.972644E-05
 7.88238   -0.123789E-04    0.180835E-04    0.973912E-05
 7.90041   -0.122947E-04    0.179698E-04    0.975131E-05
 7.91844   -0.122112E-04    0.178569E-04    0.976289E-05
 7.93646   -0.121285E-04    0.177450E-04    0.977154E-05
 7.95449   -0.120464E-04    0.176339E-04    0.978435E-05
 7.97252   -0.119652E-04    0.175238E-04    0.979424E-05
 7.99054   -0.118846E-04    0.174144E-04    0.980365E-05
 8.00857   -0.118047E-04    0.173060E-04    0.981251E-05
 8.02659   -0.117255E-04    0.171983E-04    0.982087E-05
 8.04462   -0.116469E-04    0.170915E-04    0.982872E-05
 8.06265   -0.115690E-04    0.169856E-04    0.983608E-05
 8.08067   -0.114918E-04    0.168804E-04    0.984295E-05
 8.09870   -0.114152E-04    0.167761E-04    0.984935E-05
 8.11672   -0.113392E-04    0.166725E-04    0.985528E-05
 8.13475   -0.112639E-04    0.165697E-04    0.986080E-05
 8.15278   -0.111891E-04    0.164678E-04    0.986585E-05
 8.17080   -0.111150E-04    0.163665E-04    0.987046E-05
 8.18883   -0.110414E-04    0.162661E-04    0.987456E-05
 8.20685   -0.109685E-04    0.161663E-04    0.987830E-05
 8.22488   -0.108961E-04    0.160673E-04    0.988166E-05
 8.24291   -0.108243E-04    0.159691E-04    0.988459E-05
 8.26093   -0.107530E-04    0.158716E-04    0.988710E-05
 8.27896   -0.106823E-04    0.157748E-04    0.988924E-05
 8.29698   -0.106121E-04    0.156787E-04    0.989099E-05
 8.31501   -0.105425E-04    0.155834E-04    0.989236E-05
 8.33304   -0.104735E-04    0.154887E-04    0.989332E-05
 8.35106   -0.104049E-04    0.153948E-04    0.989394E-05
 8.36909   -0.103369E-04    0.153015E-04    0.989420E-05
 8.38711   -0.102694E-04    0.152089E-04    0.989409E-05
 8.40514   -0.102025E-04    0.151170E-04    0.989362E-05
 8.42317   -0.101360E-04    0.150258E-04    0.989282E-05
 8.44119   -0.100701E-04    0.149352E-04    0.989165E-05
 8.45922   -0.100046E-04    0.148453E-04    0.989016E-05
 8.47724   -0.993970E-05    0.147560E-04    0.988834E-05
 8.49527   -0.987527E-05    0.146674E-04    0.988620E-05
 8.51330   -0.981135E-05    0.145795E-04    0.988367E-05
 8.53132   -0.974792E-05    0.144922E-04    0.988086E-05
 8.54935   -0.968499E-05    0.144055E-04    0.987774E-05
 8.56737   -0.962256E-05    0.143195E-04    0.987434E-05
 8.58540   -0.956062E-05    0.142341E-04    0.987060E-05
 8.60343   -0.949918E-05    0.141493E-04    0.986654E-05
 8.62145   -0.943822E-05    0.140652E-04    0.986217E-05
 8.63948   -0.937776E-05    0.139816E-04    0.985745E-05
 8.65751   -0.931780E-05    0.138987E-04    0.985251E-05
 8.67553   -0.925832E-05    0.138164E-04    0.984733E-05
 8.69356   -0.919933E-05    0.137348E-04    0.984185E-05
 8.71158   -0.914084E-05    0.136537E-04    0.983604E-05
 8.72961   -0.908283E-05    0.135732E-04    0.982994E-05
 8.74764   -0.902531E-05    0.134934E-04    0.982357E-05
 8.76566   -0.896829E-05    0.134141E-04    0.981692E-05
 8.78369   -0.891175E-05    0.133354E-04    0.980998E-05
 8.80171   -0.885569E-05    0.132574E-04    0.980281E-05
 8.81974   -0.880012E-05    0.131799E-04    0.979535E-05
 8.83777   -0.874504E-05    0.131030E-04    0.978763E-05
 8.85579   -0.869043E-05    0.130266E-04    0.977965E-05
 8.87382   -0.863631E-05    0.129509E-04    0.977139E-05
 8.89184   -0.858266E-05    0.128757E-04    0.976286E-05
 8.90987   -0.852949E-05    0.128011E-04    0.975413E-05
 8.92790   -0.847678E-05    0.127270E-04    0.974514E-05
 8.94592   -0.842454E-05    0.126536E-04    0.973594E-05
 8.96395   -0.837276E-05    0.125806E-04    0.972647E-05
 8.98197   -0.832144E-05    0.125082E-04    0.971678E-05
 9.00000   -0.827057E-05    0.124364E-04    0.970685E-05
