 0.00500    0.143396E-01   -0.738856E-02    0.569811E-02
 0.02303    0.115539E-01   -0.599557E-02    0.465288E-02
 0.04105    0.995175E-02   -0.519396E-02    0.405085E-02
 0.05908    0.879826E-02   -0.461651E-02    0.361660E-02
 0.07710    0.789779E-02   -0.416542E-02    0.327685E-02
 0.09513    0.716309E-02   -0.379708E-02    0.299896E-02
 0.11316    0.654637E-02   -0.348761E-02    0.276505E-02
 0.13118    0.601832E-02   -0.322237E-02    0.256416E-02
 0.14921    0.555947E-02   -0.299164E-02    0.238901E-02
 0.16723    0.515611E-02   -0.278858E-02    0.223451E-02
 0.18526    0.479822E-02   -0.260820E-02    0.209692E-02
 0.20329    0.447802E-02   -0.244673E-02    0.197344E-02
 0.22131    0.419019E-02   -0.230125E-02    0.186189E-02
 0.23934    0.393001E-02   -0.216945E-02    0.176054E-02
 0.25736    0.369332E-02   -0.204948E-02    0.166802E-02
 0.27539    0.347728E-02   -0.193981E-02    0.158318E-02
 0.29342    0.327938E-02   -0.183918E-02    0.150510E-02
 0.31144    0.309750E-02   -0.174654E-02    0.143297E-02
 0.32947    0.292985E-02   -0.166099E-02    0.136615E-02
 0.34749    0.277489E-02   -0.158177E-02    0.130407E-02
 0.36552    0.263131E-02   -0.150823E-02    0.124624E-02
 0.38355    0.249797E-02   -0.143980E-02    0.119223E-02
 0.40157    0.237389E-02   -0.137599E-02    0.114169E-02
 0.41960    0.225819E-02   -0.131637E-02    0.109429E-02
 0.43763    0.215012E-02   -0.126056E-02    0.104976E-02
 0.45565    0.204900E-02   -0.120822E-02    0.100783E-02
 0.47368    0.195424E-02   -0.115906E-02    0.968303E-03
 0.49170    0.186529E-02   -0.111281E-02    0.930970E-03
 0.50973    0.178170E-02   -0.106924E-02    0.895657E-03
 0.52776    0.170303E-02   -0.102813E-02    0.862208E-03
 0.54578    0.162889E-02   -0.989293E-03    0.830483E-03
 0.56381    0.155895E-02   -0.952560E-03    0.800352E-03
 0.58183    0.149290E-02   -0.917773E-03    0.771701E-03
 0.59986    0.143044E-02   -0.884793E-03    0.744413E-03
 0.61789    0.137132E-02   -0.853492E-03    0.718433E-03
 0.63591    0.131531E-02   -0.823753E-03    0.693635E-03
 0.65394    0.126220E-02   -0.795472E-03    0.669954E-03
 0.67196    0.121179E-02   -0.768551E-03    0.647317E-03
 0.68999    0.116391E-02   -0.742901E-03    0.625659E-03
 0.70802    0.111838E-02   -0.718441E-03    0.604920E-03
 0.72604    0.107506E-02   -0.695097E-03    0.585044E-03
 0.74407    0.103382E-02   -0.672799E-03    0.565981E-03
 0.76209    0.994518E-03   -0.651486E-03    0.547683E-03
 0.78012    0.957045E-03   -0.631098E-03    0.530107E-03
 0.79815    0.921291E-03   -0.611581E-03    0.513213E-03
 0.81617    0.887156E-03   -0.592886E-03    0.496963E-03
 0.83420    0.854547E-03   -0.574967E-03    0.481323E-03
 0.85222    0.823378E-03   -0.557780E-03    0.466262E-03
 0.87025    0.793567E-03   -0.541285E-03    0.451750E-03
 0.88828    0.765042E-03   -0.525445E-03    0.437757E-03
 0.90630    0.737731E-03   -0.510226E-03    0.424259E-03
 0.92433    0.711571E-03   -0.495595E-03    0.411232E-03
 0.94235    0.686501E-03   -0.481523E-03    0.398653E-03
 0.96038    0.662465E-03   -0.467981E-03    0.386501E-03
 0.97841    0.639409E-03   -0.454942E-03    0.374757E-03
 0.99643    0.617285E-03   -0.442383E-03    0.363401E-03
 1.01446    0.596046E-03   -0.430280E-03    0.352417E-03
 1.03248    0.575648E-03   -0.418611E-03    0.341788E-03
 1.05051    0.556050E-03   -0.407356E-03    0.331498E-03
 1.06854    0.537215E-03   -0.396495E-03    0.321533E-03
 1.08656    0.519105E-03   -0.386011E-03    0.311880E-03
 1.10459    0.501688E-03   -0.375886E-03    0.302525E-03
 1.12262    0.484930E-03   -0.366106E-03    0.293457E-03
 1.14064    0.468803E-03   -0.356653E-03    0.284664E-03
 1.15867    0.453276E-03   -0.347516E-03    0.276135E-03
 1.17669    0.438325E-03   -0.338678E-03    0.267860E-03
 1.19472    0.423922E-03   -0.330129E-03    0.259829E-03
 1.21275    0.410043E-03   -0.321855E-03    0.252032E-03
 1.23077    0.396668E-03   -0.313846E-03    0.244463E-03
 1.24880    0.383772E-03   -0.306090E-03    0.237110E-03
 1.26682    0.371336E-03   -0.298578E-03    0.229967E-03
 1.28485    0.359341E-03   -0.291299E-03    0.223027E-03
 1.30288    0.347769E-03   -0.284245E-03    0.216282E-03
 1.32090    0.336600E-03   -0.277406E-03    0.209725E-03
 1.33893    0.325821E-03   -0.270774E-03    0.203350E-03
 1.35695    0.315413E-03   -0.264341E-03    0.197150E-03
 1.37498    0.305363E-03   -0.258100E-03    0.191120E-03
 1.39301    0.295657E-03   -0.252043E-03    0.185254E-03
 1.41103    0.286281E-03   -0.246164E-03    0.179547E-03
 1.42906    0.277221E-03   -0.240457E-03    0.173993E-03
 1.44708    0.268466E-03   -0.234913E-03    0.168588E-03
 1.46511    0.260004E-03   -0.229529E-03    0.163327E-03
 1.48314    0.251824E-03   -0.224299E-03    0.158205E-03
 1.50116    0.243916E-03   -0.219216E-03    0.153218E-03
 1.51919    0.236269E-03   -0.214276E-03    0.148361E-03
 1.53721    0.228873E-03   -0.209474E-03    0.143632E-03
 1.55524    0.221721E-03   -0.204806E-03    0.139027E-03
 1.57327    0.214802E-03   -0.200265E-03    0.134540E-03
 1.59129    0.208109E-03   -0.195850E-03    0.130170E-03
 1.60932    0.201634E-03   -0.191555E-03    0.125913E-03
 1.62734    0.195369E-03   -0.187377E-03    0.121766E-03
 1.64537    0.189307E-03   -0.183312E-03    0.117725E-03
 1.66340    0.183442E-03   -0.179357E-03    0.113788E-03
 1.68142    0.177766E-03   -0.175508E-03    0.109952E-03
 1.69945    0.172274E-03   -0.171761E-03    0.106214E-03
 1.71747    0.166961E-03   -0.168115E-03    0.102572E-03
 1.73550    0.161819E-03   -0.164565E-03    0.990229E-04
 1.75353    0.156845E-03   -0.161110E-03    0.955651E-04
 1.77155    0.152033E-03   -0.157747E-03    0.921960E-04
 1.78958    0.147378E-03   -0.154473E-03    0.889136E-04
 1.80761    0.142876E-03   -0.151286E-03    0.857157E-04
 1.82563    0.138523E-03   -0.148184E-03    0.826005E-04
 1.84366    0.134315E-03   -0.145165E-03    0.795660E-04
 1.86168    0.130248E-03   -0.142226E-03    0.766106E-04
 1.87971    0.126319E-03   -0.139366E-03    0.737327E-04
 1.89774    0.122524E-03   -0.136583E-03    0.709305E-04
 1.91576    0.118861E-03   -0.133876E-03    0.682027E-04
 1.93379    0.115326E-03   -0.131243E-03    0.655477E-04
 1.95181    0.111917E-03   -0.128682E-03    0.629641E-04
 1.96984    0.108631E-03   -0.126192E-03    0.604506E-04
 1.98787    0.105466E-03   -0.123771E-03    0.580060E-04
 2.00589    0.102419E-03   -0.121420E-03    0.556290E-04
 2.02392    0.994890E-04   -0.119135E-03    0.533184E-04
 2.04194    0.966724E-04   -0.116916E-03    0.510731E-04
 2.05997    0.939677E-04   -0.114763E-03    0.488918E-04
 2.07800    0.913729E-04   -0.112672E-03    0.467736E-04
 2.09602    0.888859E-04   -0.110645E-03    0.447172E-04
 2.11405    0.865044E-04   -0.108679E-03    0.427214E-04
 2.13207    0.842264E-04   -0.106773E-03    0.407852E-04
 2.15010    0.820496E-04   -0.104925E-03    0.389072E-04
 2.16813    0.799717E-04   -0.103136E-03    0.370862E-04
 2.18615    0.779901E-04   -0.101402E-03    0.353210E-04
 2.20418    0.761023E-04   -0.997236E-04    0.336100E-04
 2.22220    0.743053E-04   -0.980982E-04    0.319522E-04
 2.24023    0.725960E-04   -0.965244E-04    0.303455E-04
 2.25826    0.709713E-04   -0.950004E-04    0.287888E-04
 2.27628    0.694274E-04   -0.935242E-04    0.272801E-04
 2.29431    0.679603E-04   -0.920939E-04    0.258176E-04
 2.31233    0.665662E-04   -0.907071E-04    0.243995E-04
 2.33036    0.652404E-04   -0.893616E-04    0.230236E-04
 2.34839    0.639782E-04   -0.880548E-04    0.216878E-04
 2.36641    0.627744E-04   -0.867840E-04    0.203899E-04
 2.38444    0.616237E-04   -0.855458E-04    0.191275E-04
 2.40246    0.605204E-04   -0.843393E-04    0.178979E-04
 2.42049    0.594588E-04   -0.831592E-04    0.166987E-04
 2.43852    0.584325E-04   -0.820032E-04    0.155272E-04
 2.45654    0.574353E-04   -0.808679E-04    0.143807E-04
 2.47457    0.564607E-04   -0.797500E-04    0.132564E-04
 2.49260    0.555019E-04   -0.786458E-04    0.121513E-04
 2.51062    0.545525E-04   -0.775523E-04    0.110628E-04
 2.52865    0.536056E-04   -0.764657E-04    0.998785E-05
 2.54667    0.526546E-04   -0.753827E-04    0.892381E-05
 2.56470    0.516932E-04   -0.742998E-04    0.786779E-05
 2.58273    0.507147E-04   -0.732138E-04    0.681710E-05
 2.60075    0.497131E-04   -0.721214E-04    0.576916E-05
 2.61878    0.486825E-04   -0.710200E-04    0.472148E-05
 2.63680    0.476176E-04   -0.699062E-04    0.367170E-05
 2.65483    0.465133E-04   -0.687778E-04    0.261772E-05
 2.67286    0.453648E-04   -0.676322E-04    0.155743E-05
 2.69088    0.441682E-04   -0.664673E-04    0.489188E-06
 2.70891    0.429199E-04   -0.652813E-04   -0.588653E-06
 2.72693    0.416171E-04   -0.640725E-04   -0.167737E-05
 2.74496    0.402571E-04   -0.628400E-04   -0.277802E-05
 2.76299    0.388385E-04   -0.615827E-04   -0.389143E-05
 2.78101    0.373601E-04   -0.602999E-04   -0.501823E-05
 2.79904    0.358216E-04   -0.589915E-04   -0.615861E-05
 2.81706    0.342233E-04   -0.576576E-04   -0.731265E-05
 2.83509    0.325662E-04   -0.562987E-04   -0.848011E-05
 2.85312    0.308517E-04   -0.549154E-04   -0.966052E-05
 2.87114    0.290820E-04   -0.535088E-04   -0.108531E-04
 2.88917    0.272600E-04   -0.520803E-04   -0.120571E-04
 2.90719    0.253887E-04   -0.506315E-04   -0.132711E-04
 2.92522    0.234720E-04   -0.491642E-04   -0.144939E-04
 2.94325    0.215139E-04   -0.476805E-04   -0.157241E-04
 2.96127    0.195191E-04   -0.461827E-04   -0.169598E-04
 2.97930    0.174925E-04   -0.446753E-04   -0.181993E-04
 2.99732    0.154394E-04   -0.431568E-04   -0.194408E-04
 3.01535    0.133645E-04   -0.416319E-04   -0.206820E-04
 3.03338    0.112739E-04   -0.401012E-04   -0.219211E-04
 3.05140    0.917302E-05   -0.385717E-04   -0.231559E-04
 3.06943    0.706742E-05   -0.370442E-04   -0.243843E-04
 3.08745    0.496268E-05   -0.355215E-04   -0.256044E-04
 3.10548    0.286439E-05   -0.340063E-04   -0.268137E-04
 3.12351    0.777817E-06   -0.325014E-04   -0.280105E-04
 3.14153   -0.129174E-05   -0.310093E-04   -0.291927E-04
 3.15956   -0.333927E-05   -0.295326E-04   -0.303585E-04
 3.17759   -0.536000E-05   -0.280738E-04   -0.315059E-04
 3.19561   -0.734941E-05   -0.266350E-04   -0.326334E-04
 3.21364   -0.930335E-05   -0.252184E-04   -0.337393E-04
 3.23166   -0.112179E-04   -0.238260E-04   -0.348221E-04
 3.24969   -0.130893E-04   -0.224595E-04   -0.358806E-04
 3.26772   -0.149147E-04   -0.211206E-04   -0.369134E-04
 3.28574   -0.166911E-04   -0.198107E-04   -0.379196E-04
 3.30377   -0.184157E-04   -0.185311E-04   -0.388980E-04
 3.32179   -0.200866E-04   -0.172829E-04   -0.398481E-04
 3.33982   -0.217017E-04   -0.160670E-04   -0.407691E-04
 3.35785   -0.232598E-04   -0.148842E-04   -0.416604E-04
 3.37587   -0.247594E-04   -0.137351E-04   -0.425215E-04
 3.39390   -0.261998E-04   -0.126201E-04   -0.433523E-04
 3.41192   -0.275804E-04   -0.115393E-04   -0.441525E-04
 3.42995   -0.289009E-04   -0.104932E-04   -0.449222E-04
 3.44798   -0.301613E-04   -0.948156E-05   -0.456611E-04
 3.46600   -0.313617E-04   -0.850438E-05   -0.463696E-04
 3.48403   -0.325025E-04   -0.756141E-05   -0.470477E-04
 3.50205   -0.335844E-04   -0.665231E-05   -0.476959E-04
 3.52008   -0.346082E-04   -0.577666E-05   -0.483144E-04
 3.53811   -0.355747E-04   -0.493395E-05   -0.489037E-04
 3.55613   -0.364853E-04   -0.412362E-05   -0.494644E-04
 3.57416   -0.373410E-04   -0.334506E-05   -0.499968E-04
 3.59218   -0.381433E-04   -0.259744E-05   -0.505016E-04
 3.61021   -0.388937E-04   -0.188009E-05   -0.509795E-04
 3.62824   -0.395935E-04   -0.119222E-05   -0.514309E-04
 3.64626   -0.402444E-04   -0.533007E-06   -0.518568E-04
 3.66429   -0.408480E-04    0.984033E-07   -0.522578E-04
 3.68231   -0.414059E-04    0.702864E-06   -0.526345E-04
 3.70034   -0.419200E-04    0.128127E-05   -0.529876E-04
 3.71837   -0.423919E-04    0.183449E-05   -0.533180E-04
 3.73639   -0.428232E-04    0.236344E-05   -0.536262E-04
 3.75442   -0.432157E-04    0.286895E-05   -0.539133E-04
 3.77244   -0.435711E-04    0.335191E-05   -0.541797E-04
 3.79047   -0.438909E-04    0.381320E-05   -0.544261E-04
 3.80850   -0.441768E-04    0.425366E-05   -0.546535E-04
 3.82652   -0.444304E-04    0.467413E-05   -0.548624E-04
 3.84455   -0.446533E-04    0.507543E-05   -0.550534E-04
 3.86258   -0.448470E-04    0.545837E-05   -0.552274E-04
 3.88060   -0.450130E-04    0.582371E-05   -0.553849E-04
 3.89863   -0.451526E-04    0.617222E-05   -0.555266E-04
 3.91665   -0.452674E-04    0.650461E-05   -0.556530E-04
 3.93468   -0.453585E-04    0.682158E-05   -0.557647E-04
 3.95271   -0.454273E-04    0.712383E-05   -0.558624E-04
 3.97073   -0.454750E-04    0.741201E-05   -0.559468E-04
 3.98876   -0.455027E-04    0.768675E-05   -0.560181E-04
 4.00678   -0.455117E-04    0.794865E-05   -0.560769E-04
 4.02481   -0.455031E-04    0.819830E-05   -0.561239E-04
 4.04284   -0.454777E-04    0.843625E-05   -0.561595E-04
 4.06086   -0.454367E-04    0.866303E-05   -0.561841E-04
 4.07889   -0.453809E-04    0.887915E-05   -0.561981E-04
 4.09691   -0.453113E-04    0.908509E-05   -0.562021E-04
 4.11494   -0.452286E-04    0.928132E-05   -0.561964E-04
 4.13297   -0.451338E-04    0.946827E-05   -0.561814E-04
 4.15099   -0.450274E-04    0.964638E-05   -0.561575E-04
 4.16902   -0.449105E-04    0.981603E-05   -0.561250E-04
 4.18704   -0.447834E-04    0.997762E-05   -0.560843E-04
 4.20507   -0.446470E-04    0.101315E-04   -0.560358E-04
 4.22310   -0.445019E-04    0.102780E-04   -0.559797E-04
 4.24112   -0.443485E-04    0.104175E-04   -0.559165E-04
 4.25915   -0.441875E-04    0.105503E-04   -0.558462E-04
 4.27717   -0.440195E-04    0.106766E-04   -0.557693E-04
 4.29520   -0.438448E-04    0.107968E-04   -0.556860E-04
 4.31323   -0.436640E-04    0.109112E-04   -0.555965E-04
 4.33125   -0.434774E-04    0.110199E-04   -0.555012E-04
 4.34928   -0.432856E-04    0.111233E-04   -0.554001E-04
 4.36730   -0.430889E-04    0.112215E-04   -0.552937E-04
 4.38533   -0.428876E-04    0.113148E-04   -0.551820E-04
 4.40336   -0.426822E-04    0.114034E-04   -0.550653E-04
 4.42138   -0.424729E-04    0.114874E-04   -0.549438E-04
 4.43941   -0.422601E-04    0.115672E-04   -0.548176E-04
 4.45743   -0.420441E-04    0.116428E-04   -0.546870E-04
 4.47546   -0.418252E-04    0.117144E-04   -0.545521E-04
 4.49349   -0.416034E-04    0.117822E-04   -0.544132E-04
 4.51151   -0.413793E-04    0.118464E-04   -0.542703E-04
 4.52954   -0.411530E-04    0.119071E-04   -0.541236E-04
 4.54757   -0.409246E-04    0.119644E-04   -0.539734E-04
 4.56559   -0.406945E-04    0.120185E-04   -0.538197E-04
 4.58362   -0.404628E-04    0.120695E-04   -0.536627E-04
 4.60164   -0.402297E-04    0.121175E-04   -0.535026E-04
 4.61967   -0.399954E-04    0.121627E-04   -0.533395E-04
 4.63770   -0.397600E-04    0.122051E-04   -0.531735E-04
 4.65572   -0.395237E-04    0.122449E-04   -0.530048E-04
 4.67375   -0.392866E-04    0.122821E-04   -0.528335E-04
 4.69177   -0.390490E-04    0.123170E-04   -0.526595E-04
 4.70980   -0.388109E-04    0.123494E-04   -0.524837E-04
 4.72783   -0.385724E-04    0.123797E-04   -0.523053E-04
 4.74585   -0.383336E-04    0.124078E-04   -0.521248E-04
 4.76388   -0.380948E-04    0.124337E-04   -0.519422E-04
 4.78190   -0.378560E-04    0.124577E-04   -0.517577E-04
 4.79993   -0.376172E-04    0.124798E-04   -0.515713E-04
 4.81796   -0.373786E-04    0.125000E-04   -0.513832E-04
 4.83598   -0.371402E-04    0.125185E-04   -0.511933E-04
 4.85401   -0.369023E-04    0.125352E-04   -0.510018E-04
 4.87203   -0.366647E-04    0.125503E-04   -0.508087E-04
 4.89006   -0.364277E-04    0.125642E-04   -0.506141E-04
 4.90809   -0.361913E-04    0.125758E-04   -0.504181E-04
 4.92611   -0.359555E-04    0.125864E-04   -0.502207E-04
 4.94414   -0.357205E-04    0.125955E-04   -0.500220E-04
 4.96216   -0.354862E-04    0.126033E-04   -0.498221E-04
 4.98019   -0.352529E-04    0.126098E-04   -0.496210E-04
 4.99822   -0.350204E-04    0.126150E-04   -0.494187E-04
 5.01624   -0.347888E-04    0.126191E-04   -0.492154E-04
 5.03427   -0.345583E-04    0.126220E-04   -0.490111E-04
 5.05229   -0.343289E-04    0.126238E-04   -0.488058E-04
 5.07032   -0.341006E-04    0.126246E-04   -0.485996E-04
 5.08835   -0.338734E-04    0.126243E-04   -0.483927E-04
 5.10637   -0.336474E-04    0.126231E-04   -0.481849E-04
 5.12440   -0.334227E-04    0.126210E-04   -0.479765E-04
 5.14242   -0.331993E-04    0.126179E-04   -0.477673E-04
 5.16045   -0.329771E-04    0.126141E-04   -0.475576E-04
 5.17848   -0.327562E-04    0.126094E-04   -0.473473E-04
 5.19650   -0.325368E-04    0.126039E-04   -0.471365E-04
 5.21453   -0.323188E-04    0.125977E-04   -0.469252E-04
 5.23256   -0.321021E-04    0.125907E-04   -0.467136E-04
 5.25058   -0.318869E-04    0.125831E-04   -0.465015E-04
 5.26861   -0.316732E-04    0.125748E-04   -0.462891E-04
 5.28663   -0.314609E-04    0.125659E-04   -0.460763E-04
 5.30466   -0.312501E-04    0.125564E-04   -0.458633E-04
 5.32269   -0.310409E-04    0.125463E-04   -0.456501E-04
 5.34071   -0.308331E-04    0.125356E-04   -0.454367E-04
 5.35874   -0.306269E-04    0.125244E-04   -0.452231E-04
 5.37676   -0.304222E-04    0.125126E-04   -0.450094E-04
 5.39479   -0.302190E-04    0.125004E-04   -0.447955E-04
 5.41282   -0.300173E-04    0.124877E-04   -0.445816E-04
 5.43084   -0.298172E-04    0.124745E-04   -0.443677E-04
 5.44887   -0.296185E-04    0.124608E-04   -0.441537E-04
 5.46689   -0.294214E-04    0.124467E-04   -0.439397E-04
 5.48492   -0.292258E-04    0.124321E-04   -0.437258E-04
 5.50295   -0.290317E-04    0.124172E-04   -0.435119E-04
 5.52097   -0.288390E-04    0.124017E-04   -0.432980E-04
 5.53900   -0.286478E-04    0.123860E-04   -0.430843E-04
 5.55702   -0.284581E-04    0.123698E-04   -0.428706E-04
 5.57505   -0.282698E-04    0.123532E-04   -0.426571E-04
 5.59308   -0.280829E-04    0.123362E-04   -0.424438E-04
 5.61110   -0.278974E-04    0.123188E-04   -0.422306E-04
 5.62913   -0.277133E-04    0.123011E-04   -0.420176E-04
 5.64715   -0.275305E-04    0.122829E-04   -0.418047E-04
 5.66518   -0.273491E-04    0.122644E-04   -0.415921E-04
 5.68321   -0.271689E-04    0.122455E-04   -0.413797E-04
 5.70123   -0.269901E-04    0.122262E-04   -0.411675E-04
 5.71926   -0.268125E-04    0.122066E-04   -0.409556E-04
 5.73728   -0.266361E-04    0.121865E-04   -0.407438E-04
 5.75531   -0.264609E-04    0.121661E-04   -0.405324E-04
 5.77334   -0.262870E-04    0.121453E-04   -0.403212E-04
 5.79136   -0.261142E-04    0.121242E-04   -0.401103E-04
 5.80939   -0.259425E-04    0.121027E-04   -0.398997E-04
 5.82741   -0.257719E-04    0.120808E-04   -0.396893E-04
 5.84544   -0.256025E-04    0.120585E-04   -0.394793E-04
 5.86347   -0.254341E-04    0.120358E-04   -0.392696E-04
 5.88149   -0.252667E-04    0.120128E-04   -0.390601E-04
 5.89952   -0.251005E-04    0.119895E-04   -0.388511E-04
 5.91755   -0.249352E-04    0.119657E-04   -0.386423E-04
 5.93557   -0.247709E-04    0.119416E-04   -0.384339E-04
 5.95360   -0.246076E-04    0.119171E-04   -0.382261E-04
 5.97162   -0.244452E-04    0.118923E-04   -0.380183E-04
 5.98965   -0.242839E-04    0.118671E-04   -0.378110E-04
 6.00768   -0.241234E-04    0.118416E-04   -0.376040E-04
 6.02570   -0.239639E-04    0.118157E-04   -0.373974E-04
 6.04373   -0.238053E-04    0.117895E-04   -0.371912E-04
 6.06175   -0.236476E-04    0.117629E-04   -0.369854E-04
 6.07978   -0.234908E-04    0.117361E-04   -0.367800E-04
 6.09781   -0.233349E-04    0.117089E-04   -0.365751E-04
 6.11583   -0.231799E-04    0.116813E-04   -0.363705E-04
 6.13386   -0.230258E-04    0.116535E-04   -0.361664E-04
 6.15188   -0.228725E-04    0.116253E-04   -0.359628E-04
 6.16991   -0.227201E-04    0.115969E-04   -0.357596E-04
 6.18794   -0.225686E-04    0.115682E-04   -0.355569E-04
 6.20596   -0.224180E-04    0.115392E-04   -0.353547E-04
 6.22399   -0.222682E-04    0.115099E-04   -0.351530E-04
 6.24201   -0.221193E-04    0.114804E-04   -0.349518E-04
 6.26004   -0.219713E-04    0.114506E-04   -0.347511E-04
 6.27807   -0.218241E-04    0.114206E-04   -0.345509E-04
 6.29609   -0.216778E-04    0.113904E-04   -0.343513E-04
 6.31412   -0.215324E-04    0.113599E-04   -0.341522E-04
 6.33214   -0.213879E-04    0.113292E-04   -0.339537E-04
 6.35017   -0.212442E-04    0.112983E-04   -0.337557E-04
 6.36820   -0.211014E-04    0.112672E-04   -0.335583E-04
 6.38622   -0.209595E-04    0.112360E-04   -0.333615E-04
 6.40425   -0.208184E-04    0.112045E-04   -0.331653E-04
 6.42227   -0.206783E-04    0.111729E-04   -0.329697E-04
 6.44030   -0.205390E-04    0.111411E-04   -0.327748E-04
 6.45833   -0.204006E-04    0.111092E-04   -0.325804E-04
 6.47635   -0.202631E-04    0.110771E-04   -0.323867E-04
 6.49438   -0.201265E-04    0.110449E-04   -0.321936E-04
 6.51240   -0.199909E-04    0.110126E-04   -0.320012E-04
 6.53043   -0.198561E-04    0.109801E-04   -0.318094E-04
 6.54846   -0.197222E-04    0.109476E-04   -0.316183E-04
 6.56648   -0.195892E-04    0.109150E-04   -0.314279E-04
 6.58451   -0.194571E-04    0.108822E-04   -0.312382E-04
 6.60254   -0.193259E-04    0.108494E-04   -0.310491E-04
 6.62056   -0.191956E-04    0.108166E-04   -0.308608E-04
 6.63859   -0.190663E-04    0.107836E-04   -0.306731E-04
 6.65661   -0.189378E-04    0.107506E-04   -0.304862E-04
 6.67464   -0.188103E-04    0.107175E-04   -0.303000E-04
 6.69267   -0.186837E-04    0.106844E-04   -0.301145E-04
 6.71069   -0.185580E-04    0.106513E-04   -0.299298E-04
 6.72872   -0.184332E-04    0.106181E-04   -0.297457E-04
 6.74674   -0.183093E-04    0.105849E-04   -0.295622E-04
 6.76477   -0.181863E-04    0.105517E-04   -0.293797E-04
 6.78280   -0.180643E-04    0.105185E-04   -0.291979E-04
 6.80082   -0.179431E-04    0.104853E-04   -0.290169E-04
 6.81885   -0.178229E-04    0.104520E-04   -0.288368E-04
 6.83687   -0.177036E-04    0.104188E-04   -0.286574E-04
 6.85490   -0.175852E-04    0.103856E-04   -0.284784E-04
 6.87293   -0.174676E-04    0.103524E-04   -0.283004E-04
 6.89095   -0.173510E-04    0.103192E-04   -0.281233E-04
 6.90898   -0.172353E-04    0.102861E-04   -0.279469E-04
 6.92700   -0.171205E-04    0.102529E-04   -0.277713E-04
 6.94503   -0.170066E-04    0.102199E-04   -0.275964E-04
 6.96306   -0.168936E-04    0.101868E-04   -0.274224E-04
 6.98108   -0.167815E-04    0.101538E-04   -0.272492E-04
 6.99911   -0.166703E-04    0.101208E-04   -0.270767E-04
 7.01713   -0.165599E-04    0.100879E-04   -0.269051E-04
 7.03516   -0.164505E-04    0.100551E-04   -0.267342E-04
 7.05319   -0.163419E-04    0.100222E-04   -0.265641E-04
 7.07121   -0.162342E-04    0.998950E-05   -0.263949E-04
 7.08924   -0.161274E-04    0.995681E-05   -0.262265E-04
 7.10726   -0.160214E-04    0.992419E-05   -0.260588E-04
 7.12529   -0.159163E-04    0.989164E-05   -0.258920E-04
 7.14332   -0.158120E-04    0.985918E-05   -0.257259E-04
 7.16134   -0.157087E-04    0.982676E-05   -0.255607E-04
 7.17937   -0.156061E-04    0.979442E-05   -0.253963E-04
 7.19739   -0.155044E-04    0.976218E-05   -0.252327E-04
 7.21542   -0.154035E-04    0.972999E-05   -0.250699E-04
 7.23345   -0.153035E-04    0.969789E-05   -0.249079E-04
 7.25147   -0.152043E-04    0.966588E-05   -0.247467E-04
 7.26950   -0.151059E-04    0.963395E-05   -0.245863E-04
 7.28753   -0.150083E-04    0.960213E-05   -0.244268E-04
 7.30555   -0.149116E-04    0.957035E-05   -0.242680E-04
 7.32358   -0.148156E-04    0.953868E-05   -0.241101E-04
 7.34160   -0.147204E-04    0.950709E-05   -0.239529E-04
 7.35963   -0.146261E-04    0.947560E-05   -0.237966E-04
 7.37766   -0.145325E-04    0.944420E-05   -0.236410E-04
 7.39568   -0.144397E-04    0.941288E-05   -0.234863E-04
 7.41371   -0.143476E-04    0.938167E-05   -0.233324E-04
 7.43173   -0.142563E-04    0.935054E-05   -0.231792E-04
 7.44976   -0.141658E-04    0.931951E-05   -0.230269E-04
 7.46779   -0.140760E-04    0.928857E-05   -0.228754E-04
 7.48581   -0.139870E-04    0.925773E-05   -0.227246E-04
 7.50384   -0.138987E-04    0.922698E-05   -0.225747E-04
 7.52186   -0.138111E-04    0.919633E-05   -0.224255E-04
 7.53989   -0.137243E-04    0.916576E-05   -0.222771E-04
 7.55792   -0.136382E-04    0.913531E-05   -0.221295E-04
 7.57594   -0.135527E-04    0.910493E-05   -0.219828E-04
 7.59397   -0.134680E-04    0.907467E-05   -0.218368E-04
 7.61199   -0.133840E-04    0.904448E-05   -0.216915E-04
 7.63002   -0.133007E-04    0.901441E-05   -0.215471E-04
 7.64805   -0.132181E-04    0.898442E-05   -0.214034E-04
 7.66607   -0.131361E-04    0.895454E-05   -0.212605E-04
 7.68410   -0.130548E-04    0.892475E-05   -0.211184E-04
 7.70212   -0.129742E-04    0.889506E-05   -0.209771E-04
 7.72015   -0.128943E-04    0.886547E-05   -0.208365E-04
 7.73818   -0.128150E-04    0.883597E-05   -0.206967E-04
 7.75620   -0.127363E-04    0.880657E-05   -0.205576E-04
 7.77423   -0.126583E-04    0.877727E-05   -0.204194E-04
 7.79225   -0.125809E-04    0.874806E-05   -0.202818E-04
 7.81028   -0.125042E-04    0.871896E-05   -0.201451E-04
 7.82831   -0.124281E-04    0.868994E-05   -0.200091E-04
 7.84633   -0.123525E-04    0.866103E-05   -0.198738E-04
 7.86436   -0.122776E-04    0.863221E-05   -0.197393E-04
 7.88238   -0.122034E-04    0.860348E-05   -0.196055E-04
 7.90041   -0.121297E-04    0.857486E-05   -0.194725E-04
 7.91844   -0.120566E-04    0.854632E-05   -0.193406E-04
 7.93646   -0.119840E-04    0.851789E-05   -0.192091E-04
 7.95449   -0.119121E-04    0.848955E-05   -0.190783E-04
 7.97252   -0.118408E-04    0.846130E-05   -0.189482E-04
 7.99054   -0.117700E-04    0.843315E-05   -0.188189E-04
 8.00857   -0.116997E-04    0.840509E-05   -0.186902E-04
 8.02659   -0.116301E-04    0.837711E-05   -0.185624E-04
 8.04462   -0.115610E-04    0.834926E-05   -0.184352E-04
 8.06265   -0.114924E-04    0.832148E-05   -0.183088E-04
 8.08067   -0.114244E-04    0.829378E-05   -0.181830E-04
 8.09870   -0.113569E-04    0.826621E-05   -0.180580E-04
 8.11672   -0.112899E-04    0.823872E-05   -0.179337E-04
 8.13475   -0.112235E-04    0.821129E-05   -0.178101E-04
 8.15278   -0.111576E-04    0.818398E-05   -0.176872E-04
 8.17080   -0.110922E-04    0.815676E-05   -0.175651E-04
 8.18883   -0.110273E-04    0.812964E-05   -0.174436E-04
 8.20685   -0.109629E-04    0.810260E-05   -0.173228E-04
 8.22488   -0.108990E-04    0.807566E-05   -0.172027E-04
 8.24291   -0.108356E-04    0.804881E-05   -0.170833E-04
 8.26093   -0.107728E-04    0.802205E-05   -0.169646E-04
 8.27896   -0.107104E-04    0.799539E-05   -0.168466E-04
 8.29698   -0.106484E-04    0.796881E-05   -0.167292E-04
 8.31501   -0.105870E-04    0.794233E-05   -0.166125E-04
 8.33304   -0.105260E-04    0.791593E-05   -0.164965E-04
 8.35106   -0.104655E-04    0.788963E-05   -0.163812E-04
 8.36909   -0.104055E-04    0.786342E-05   -0.162662E-04
 8.38711   -0.103459E-04    0.783729E-05   -0.161523E-04
 8.40514   -0.102868E-04    0.781126E-05   -0.160390E-04
 8.42317   -0.102281E-04    0.778532E-05   -0.159263E-04
 8.44119   -0.101699E-04    0.775946E-05   -0.158143E-04
 8.45922   -0.101122E-04    0.773370E-05   -0.157030E-04
 8.47724   -0.100548E-04    0.770802E-05   -0.155923E-04
 8.49527   -0.999793E-05    0.768244E-05   -0.154823E-04
 8.51330   -0.994147E-05    0.765694E-05   -0.153729E-04
 8.53132   -0.988543E-05    0.763152E-05   -0.152641E-04
 8.54935   -0.982981E-05    0.760620E-05   -0.151560E-04
 8.56737   -0.977460E-05    0.758096E-05   -0.150485E-04
 8.58540   -0.971981E-05    0.755581E-05   -0.149417E-04
 8.60343   -0.966543E-05    0.753074E-05   -0.148355E-04
 8.62145   -0.961145E-05    0.750576E-05   -0.147299E-04
 8.63948   -0.955787E-05    0.748086E-05   -0.146250E-04
 8.65751   -0.950468E-05    0.745605E-05   -0.145206E-04
 8.67553   -0.945188E-05    0.743131E-05   -0.144169E-04
 8.69356   -0.939946E-05    0.740666E-05   -0.143138E-04
 8.71158   -0.934742E-05    0.738209E-05   -0.142113E-04
 8.72961   -0.929576E-05    0.735759E-05   -0.141095E-04
 8.74764   -0.924446E-05    0.733318E-05   -0.140082E-04
 8.76566   -0.919353E-05    0.730885E-05   -0.139075E-04
 8.78369   -0.914296E-05    0.728459E-05   -0.138074E-04
 8.80171   -0.909275E-05    0.726040E-05   -0.137079E-04
 8.81974   -0.904289E-05    0.723630E-05   -0.136090E-04
 8.83777   -0.899337E-05    0.721227E-05   -0.135107E-04
 8.85579   -0.894420E-05    0.718831E-05   -0.134129E-04
 8.87382   -0.889536E-05    0.716442E-05   -0.133158E-04
 8.89184   -0.884686E-05    0.714061E-05   -0.132192E-04
 8.90987   -0.879868E-05    0.711687E-05   -0.131232E-04
 8.92790   -0.875084E-05    0.709320E-05   -0.130278E-04
 8.94592   -0.870331E-05    0.706959E-05   -0.129329E-04
 8.96395   -0.865610E-05    0.704606E-05   -0.128386E-04
 8.98197   -0.860921E-05    0.702260E-05   -0.127448E-04
 9.00000   -0.856263E-05    0.699921E-05   -0.126517E-04
