 0.00500    0.445520E-01   -0.216432E-01    0.156610E-01
 0.02303    0.356512E-01   -0.171937E-01    0.123250E-01
 0.04105    0.305607E-01   -0.146499E-01    0.104197E-01
 0.05908    0.269091E-01   -0.128263E-01    0.905548E-02
 0.07710    0.240675E-01   -0.114081E-01    0.799601E-02
 0.09513    0.217552E-01   -0.102551E-01    0.713614E-02
 0.11316    0.198193E-01   -0.929054E-02    0.641819E-02
 0.13118    0.181659E-01   -0.846753E-02    0.580678E-02
 0.14921    0.167326E-01   -0.775483E-02    0.527845E-02
 0.16723    0.154755E-01   -0.713045E-02    0.481667E-02
 0.18526    0.143627E-01   -0.657842E-02    0.440938E-02
 0.20329    0.133702E-01   -0.608663E-02    0.404748E-02
 0.22131    0.124791E-01   -0.564571E-02    0.372389E-02
 0.23934    0.116748E-01   -0.524830E-02    0.343305E-02
 0.25736    0.109453E-01   -0.488839E-02    0.317042E-02
 0.27539    0.102809E-01   -0.456109E-02    0.293233E-02
 0.29342    0.967361E-02   -0.426240E-02    0.271573E-02
 0.31144    0.911663E-02   -0.398892E-02    0.251808E-02
 0.32947    0.860428E-02   -0.373780E-02    0.233720E-02
 0.34749    0.813167E-02   -0.350658E-02    0.217125E-02
 0.36552    0.769466E-02   -0.329318E-02    0.201866E-02
 0.38355    0.728965E-02   -0.309579E-02    0.187804E-02
 0.40157    0.691350E-02   -0.291284E-02    0.174823E-02
 0.41960    0.656347E-02   -0.274294E-02    0.162816E-02
 0.43763    0.623717E-02   -0.258491E-02    0.151694E-02
 0.45565    0.593244E-02   -0.243765E-02    0.141375E-02
 0.47368    0.564741E-02   -0.230022E-02    0.131787E-02
 0.49170    0.538040E-02   -0.217179E-02    0.122867E-02
 0.50973    0.512993E-02   -0.205160E-02    0.114559E-02
 0.52776    0.489466E-02   -0.193899E-02    0.106812E-02
 0.54578    0.467337E-02   -0.183334E-02    0.995789E-03
 0.56381    0.446499E-02   -0.173411E-02    0.928199E-03
 0.58183    0.426854E-02   -0.164081E-02    0.864979E-03
 0.59986    0.408314E-02   -0.155301E-02    0.805796E-03
 0.61789    0.390799E-02   -0.147029E-02    0.750346E-03
 0.63591    0.374235E-02   -0.139230E-02    0.698351E-03
 0.65394    0.358556E-02   -0.131868E-02    0.649560E-03
 0.67196    0.343701E-02   -0.124916E-02    0.603746E-03
 0.68999    0.329616E-02   -0.118343E-02    0.560701E-03
 0.70802    0.316249E-02   -0.112126E-02    0.520233E-03
 0.72604    0.303553E-02   -0.106240E-02    0.482166E-03
 0.74407    0.291487E-02   -0.100665E-02    0.446340E-03
 0.76209    0.280010E-02   -0.953800E-03    0.412607E-03
 0.78012    0.269087E-02   -0.903675E-03    0.380831E-03
 0.79815    0.258684E-02   -0.856106E-03    0.350887E-03
 0.81617    0.248769E-02   -0.810937E-03    0.322659E-03
 0.83420    0.239315E-02   -0.768025E-03    0.296041E-03
 0.85222    0.230295E-02   -0.727236E-03    0.270931E-03
 0.87025    0.221683E-02   -0.688446E-03    0.247240E-03
 0.88828    0.213457E-02   -0.651542E-03    0.224879E-03
 0.90630    0.205596E-02   -0.616416E-03    0.203771E-03
 0.92433    0.198080E-02   -0.582970E-03    0.183843E-03
 0.94235    0.190890E-02   -0.551112E-03    0.165026E-03
 0.96038    0.184009E-02   -0.520756E-03    0.147257E-03
 0.97841    0.177420E-02   -0.491820E-03    0.130475E-03
 0.99643    0.171109E-02   -0.464228E-03    0.114625E-03
 1.01446    0.165062E-02   -0.437908E-03    0.996530E-04
 1.03248    0.159265E-02   -0.412796E-03    0.855120E-04
 1.05051    0.153705E-02   -0.388830E-03    0.721560E-04
 1.06854    0.148371E-02   -0.365952E-03    0.595426E-04
 1.08656    0.143253E-02   -0.344107E-03    0.476324E-04
 1.10459    0.138339E-02   -0.323243E-03    0.363873E-04
 1.12262    0.133620E-02   -0.303313E-03    0.257723E-04
 1.14064    0.129087E-02   -0.284271E-03    0.157538E-04
 1.15867    0.124731E-02   -0.266074E-03    0.630054E-05
 1.17669    0.120544E-02   -0.248681E-03   -0.261646E-05
 1.19472    0.116518E-02   -0.232054E-03   -0.110248E-04
 1.21275    0.112646E-02   -0.216158E-03   -0.189510E-04
 1.23077    0.108922E-02   -0.200958E-03   -0.264188E-04
 1.24880    0.105337E-02   -0.186422E-03   -0.334523E-04
 1.26682    0.101887E-02   -0.172519E-03   -0.400735E-04
 1.28485    0.985662E-03   -0.159220E-03   -0.463029E-04
 1.30288    0.953679E-03   -0.146500E-03   -0.521601E-04
 1.32090    0.922875E-03   -0.134331E-03   -0.576626E-04
 1.33893    0.893199E-03   -0.122690E-03   -0.628288E-04
 1.35695    0.864605E-03   -0.111553E-03   -0.676745E-04
 1.37498    0.837048E-03   -0.100899E-03   -0.722155E-04
 1.39301    0.810485E-03   -0.907066E-04   -0.764667E-04
 1.41103    0.784876E-03   -0.809555E-04   -0.804422E-04
 1.42906    0.760181E-03   -0.716273E-04   -0.841550E-04
 1.44708    0.736366E-03   -0.627042E-04   -0.876181E-04
 1.46511    0.713395E-03   -0.541696E-04   -0.908425E-04
 1.48314    0.691235E-03   -0.460073E-04   -0.938400E-04
 1.50116    0.669857E-03   -0.382023E-04   -0.966209E-04
 1.51919    0.649230E-03   -0.307398E-04   -0.991946E-04
 1.53721    0.629326E-03   -0.236070E-04   -0.101572E-03
 1.55524    0.610118E-03   -0.167903E-04   -0.103761E-03
 1.57327    0.591582E-03   -0.102774E-04   -0.105770E-03
 1.59129    0.573691E-03   -0.405667E-05   -0.107608E-03
 1.60932    0.556425E-03    0.188281E-05   -0.109282E-03
 1.62734    0.539760E-03    0.755179E-05   -0.110798E-03
 1.64537    0.523676E-03    0.129602E-04   -0.112164E-03
 1.66340    0.508155E-03    0.181172E-04   -0.113380E-03
 1.68142    0.493177E-03    0.230311E-04   -0.114464E-03
 1.69945    0.478726E-03    0.277112E-04   -0.115422E-03
 1.71747    0.464785E-03    0.321650E-04   -0.116247E-03
 1.73550    0.451337E-03    0.363998E-04   -0.116949E-03
 1.75353    0.438370E-03    0.404224E-04   -0.117533E-03
 1.77155    0.425869E-03    0.442393E-04   -0.118004E-03
 1.78958    0.413821E-03    0.478451E-04   -0.118365E-03
 1.80761    0.402216E-03    0.512680E-04   -0.118619E-03
 1.82563    0.391042E-03    0.545131E-04   -0.118770E-03
 1.84366    0.380290E-03    0.575623E-04   -0.118821E-03
 1.86168    0.369949E-03    0.604312E-04   -0.118774E-03
 1.87971    0.360011E-03    0.631243E-04   -0.118632E-03
 1.89774    0.350469E-03    0.656449E-04   -0.118397E-03
 1.91576    0.341313E-03    0.679964E-04   -0.118070E-03
 1.93379    0.332539E-03    0.701821E-04   -0.117655E-03
 1.95181    0.324138E-03    0.722051E-04   -0.117151E-03
 1.96984    0.316105E-03    0.740679E-04   -0.116562E-03
 1.98787    0.308434E-03    0.757731E-04   -0.115888E-03
 2.00589    0.301120E-03    0.773231E-04   -0.115130E-03
 2.02392    0.294156E-03    0.787205E-04   -0.114289E-03
 2.04194    0.287539E-03    0.799674E-04   -0.113368E-03
 2.05997    0.281262E-03    0.810668E-04   -0.112367E-03
 2.07800    0.275318E-03    0.820207E-04   -0.111287E-03
 2.09602    0.269703E-03    0.828321E-04   -0.110130E-03
 2.11405    0.264409E-03    0.835040E-04   -0.108899E-03
 2.13207    0.259430E-03    0.840396E-04   -0.107594E-03
 2.15010    0.254757E-03    0.844427E-04   -0.106217E-03
 2.16813    0.250382E-03    0.847168E-04   -0.104772E-03
 2.18615    0.246295E-03    0.848673E-04   -0.103261E-03
 2.20418    0.242484E-03    0.848986E-04   -0.101687E-03
 2.22220    0.238940E-03    0.848167E-04   -0.100055E-03
 2.24023    0.235647E-03    0.846279E-04   -0.983677E-04
 2.25826    0.232590E-03    0.843393E-04   -0.966305E-04
 2.27628    0.229754E-03    0.839587E-04   -0.948488E-04
 2.29431    0.227120E-03    0.834946E-04   -0.930280E-04
 2.31233    0.224671E-03    0.829562E-04   -0.911748E-04
 2.33036    0.222385E-03    0.823531E-04   -0.892959E-04
 2.34839    0.220240E-03    0.816965E-04   -0.873986E-04
 2.36641    0.218213E-03    0.809973E-04   -0.854908E-04
 2.38444    0.216280E-03    0.802673E-04   -0.835809E-04
 2.40246    0.214416E-03    0.795185E-04   -0.816773E-04
 2.42049    0.212596E-03    0.787637E-04   -0.797888E-04
 2.43852    0.210792E-03    0.780155E-04   -0.779246E-04
 2.45654    0.208979E-03    0.772872E-04   -0.760939E-04
 2.47457    0.207129E-03    0.765918E-04   -0.743059E-04
 2.49260    0.205216E-03    0.759419E-04   -0.725698E-04
 2.51062    0.203214E-03    0.753503E-04   -0.708941E-04
 2.52865    0.201098E-03    0.748292E-04   -0.692881E-04
 2.54667    0.198845E-03    0.743899E-04   -0.677599E-04
 2.56470    0.196433E-03    0.740433E-04   -0.663166E-04
 2.58273    0.193840E-03    0.737994E-04   -0.649652E-04
 2.60075    0.191050E-03    0.736670E-04   -0.637123E-04
 2.61878    0.188045E-03    0.736541E-04   -0.625637E-04
 2.63680    0.184811E-03    0.737671E-04   -0.615233E-04
 2.65483    0.181338E-03    0.740118E-04   -0.605950E-04
 2.67286    0.177618E-03    0.743917E-04   -0.597813E-04
 2.69088    0.173645E-03    0.749092E-04   -0.590839E-04
 2.70891    0.169416E-03    0.755656E-04   -0.585032E-04
 2.72693    0.164932E-03    0.763601E-04   -0.580387E-04
 2.74496    0.160197E-03    0.772914E-04   -0.576886E-04
 2.76299    0.155216E-03    0.783561E-04   -0.574507E-04
 2.78101    0.149998E-03    0.795500E-04   -0.573212E-04
 2.79904    0.144554E-03    0.808672E-04   -0.572959E-04
 2.81706    0.138898E-03    0.823008E-04   -0.573693E-04
 2.83509    0.133046E-03    0.838426E-04   -0.575352E-04
 2.85312    0.127016E-03    0.854835E-04   -0.577870E-04
 2.87114    0.120826E-03    0.872142E-04   -0.581172E-04
 2.88917    0.114499E-03    0.890241E-04   -0.585180E-04
 2.90719    0.108054E-03    0.909026E-04   -0.589815E-04
 2.92522    0.101515E-03    0.928385E-04   -0.594992E-04
 2.94325    0.949034E-04    0.948204E-04   -0.600624E-04
 2.96127    0.882437E-04    0.968366E-04   -0.606626E-04
 2.97930    0.815587E-04    0.988756E-04   -0.612915E-04
 2.99732    0.748709E-04    0.100926E-03   -0.619402E-04
 3.01535    0.682025E-04    0.102977E-03   -0.626008E-04
 3.03338    0.615753E-04    0.105017E-03   -0.632648E-04
 3.05140    0.550091E-04    0.107038E-03   -0.639252E-04
 3.06943    0.485232E-04    0.109028E-03   -0.645746E-04
 3.08745    0.421357E-04    0.110979E-03   -0.652066E-04
 3.10548    0.358631E-04    0.112884E-03   -0.658148E-04
 3.12351    0.297207E-04    0.114733E-03   -0.663940E-04
 3.14153    0.237224E-04    0.116521E-03   -0.669388E-04
 3.15956    0.178805E-04    0.118241E-03   -0.674449E-04
 3.17759    0.122058E-04    0.119888E-03   -0.679082E-04
 3.19561    0.670762E-05    0.121457E-03   -0.683253E-04
 3.21364    0.139354E-05    0.122945E-03   -0.686930E-04
 3.23166   -0.373027E-05    0.124348E-03   -0.690100E-04
 3.24969   -0.865916E-05    0.125663E-03   -0.692738E-04
 3.26772   -0.133897E-04    0.126891E-03   -0.694833E-04
 3.28574   -0.179196E-04    0.128028E-03   -0.696380E-04
 3.30377   -0.222477E-04    0.129076E-03   -0.697373E-04
 3.32179   -0.263738E-04    0.130033E-03   -0.697812E-04
 3.33982   -0.302986E-04    0.130900E-03   -0.697700E-04
 3.35785   -0.340249E-04    0.131678E-03   -0.697043E-04
 3.37587   -0.375542E-04    0.132368E-03   -0.695852E-04
 3.39390   -0.408906E-04    0.132972E-03   -0.694138E-04
 3.41192   -0.440378E-04    0.133493E-03   -0.691917E-04
 3.42995   -0.470007E-04    0.133931E-03   -0.689204E-04
 3.44798   -0.497842E-04    0.134291E-03   -0.686017E-04
 3.46600   -0.523937E-04    0.134573E-03   -0.682376E-04
 3.48403   -0.548346E-04    0.134782E-03   -0.678301E-04
 3.50205   -0.571128E-04    0.134919E-03   -0.673813E-04
 3.52008   -0.592343E-04    0.134989E-03   -0.668932E-04
 3.53811   -0.612054E-04    0.134993E-03   -0.663682E-04
 3.55613   -0.630321E-04    0.134936E-03   -0.658082E-04
 3.57416   -0.647209E-04    0.134819E-03   -0.652156E-04
 3.59218   -0.662779E-04    0.134647E-03   -0.645925E-04
 3.61021   -0.677092E-04    0.134421E-03   -0.639410E-04
 3.62824   -0.690209E-04    0.134146E-03   -0.632632E-04
 3.64626   -0.702190E-04    0.133824E-03   -0.625614E-04
 3.66429   -0.713093E-04    0.133458E-03   -0.618373E-04
 3.68231   -0.722974E-04    0.133050E-03   -0.610930E-04
 3.70034   -0.731887E-04    0.132603E-03   -0.603303E-04
 3.71837   -0.739886E-04    0.132120E-03   -0.595509E-04
 3.73639   -0.747021E-04    0.131603E-03   -0.587567E-04
 3.75442   -0.753341E-04    0.131055E-03   -0.579491E-04
 3.77244   -0.758894E-04    0.130478E-03   -0.571300E-04
 3.79047   -0.763724E-04    0.129873E-03   -0.563006E-04
 3.80850   -0.767875E-04    0.129244E-03   -0.554623E-04
 3.82652   -0.771388E-04    0.128592E-03   -0.546166E-04
 3.84455   -0.774302E-04    0.127919E-03   -0.537648E-04
 3.86258   -0.776654E-04    0.127226E-03   -0.529078E-04
 3.88060   -0.778479E-04    0.126516E-03   -0.520470E-04
 3.89863   -0.779810E-04    0.125790E-03   -0.511831E-04
 3.91665   -0.780678E-04    0.125049E-03   -0.503176E-04
 3.93468   -0.781112E-04    0.124294E-03   -0.494508E-04
 3.95271   -0.781142E-04    0.123528E-03   -0.485838E-04
 3.97073   -0.780793E-04    0.122751E-03   -0.477173E-04
 3.98876   -0.780091E-04    0.121965E-03   -0.468521E-04
 4.00678   -0.779059E-04    0.121170E-03   -0.459891E-04
 4.02481   -0.777720E-04    0.120368E-03   -0.451285E-04
 4.04284   -0.776094E-04    0.119559E-03   -0.442713E-04
 4.06086   -0.774201E-04    0.118745E-03   -0.434176E-04
 4.07889   -0.772058E-04    0.117926E-03   -0.425682E-04
 4.09691   -0.769684E-04    0.117103E-03   -0.417234E-04
 4.11494   -0.767095E-04    0.116277E-03   -0.408836E-04
 4.13297   -0.764305E-04    0.115449E-03   -0.400493E-04
 4.15099   -0.761329E-04    0.114618E-03   -0.392208E-04
 4.16902   -0.758181E-04    0.113786E-03   -0.383983E-04
 4.18704   -0.754873E-04    0.112953E-03   -0.375822E-04
 4.20507   -0.751417E-04    0.112120E-03   -0.367727E-04
 4.22310   -0.747826E-04    0.111287E-03   -0.359700E-04
 4.24112   -0.744108E-04    0.110454E-03   -0.351743E-04
 4.25915   -0.740274E-04    0.109623E-03   -0.343858E-04
 4.27717   -0.736334E-04    0.108793E-03   -0.336045E-04
 4.29520   -0.732296E-04    0.107966E-03   -0.328306E-04
 4.31323   -0.728168E-04    0.107140E-03   -0.320643E-04
 4.33125   -0.723957E-04    0.106316E-03   -0.313057E-04
 4.34928   -0.719672E-04    0.105496E-03   -0.305548E-04
 4.36730   -0.715319E-04    0.104678E-03   -0.298118E-04
 4.38533   -0.710905E-04    0.103863E-03   -0.290766E-04
 4.40336   -0.706435E-04    0.103052E-03   -0.283494E-04
 4.42138   -0.701915E-04    0.102245E-03   -0.276304E-04
 4.43941   -0.697351E-04    0.101442E-03   -0.269196E-04
 4.45743   -0.692748E-04    0.100642E-03   -0.262172E-04
 4.47546   -0.688109E-04    0.998470E-04   -0.255231E-04
 4.49349   -0.683440E-04    0.990561E-04   -0.248376E-04
 4.51151   -0.678745E-04    0.982697E-04   -0.241607E-04
 4.52954   -0.674027E-04    0.974879E-04   -0.234926E-04
 4.54757   -0.669290E-04    0.967108E-04   -0.228334E-04
 4.56559   -0.664538E-04    0.959386E-04   -0.221830E-04
 4.58362   -0.659774E-04    0.951713E-04   -0.215416E-04
 4.60164   -0.655001E-04    0.944090E-04   -0.209092E-04
 4.61967   -0.650221E-04    0.936517E-04   -0.202857E-04
 4.63770   -0.645438E-04    0.928997E-04   -0.196711E-04
 4.65572   -0.640655E-04    0.921528E-04   -0.190654E-04
 4.67375   -0.635873E-04    0.914113E-04   -0.184685E-04
 4.69177   -0.631095E-04    0.906751E-04   -0.178801E-04
 4.70980   -0.626323E-04    0.899443E-04   -0.173003E-04
 4.72783   -0.621559E-04    0.892189E-04   -0.167289E-04
 4.74585   -0.616806E-04    0.884990E-04   -0.161657E-04
 4.76388   -0.612066E-04    0.877846E-04   -0.156106E-04
 4.78190   -0.607340E-04    0.870758E-04   -0.150634E-04
 4.79993   -0.602629E-04    0.863726E-04   -0.145240E-04
 4.81796   -0.597937E-04    0.856750E-04   -0.139923E-04
 4.83598   -0.593265E-04    0.849831E-04   -0.134680E-04
 4.85401   -0.588614E-04    0.842968E-04   -0.129512E-04
 4.87203   -0.583986E-04    0.836163E-04   -0.124417E-04
 4.89006   -0.579383E-04    0.829415E-04   -0.119394E-04
 4.90809   -0.574806E-04    0.822725E-04   -0.114444E-04
 4.92611   -0.570257E-04    0.816093E-04   -0.109564E-04
 4.94414   -0.565736E-04    0.809519E-04   -0.104756E-04
 4.96216   -0.561247E-04    0.803003E-04   -0.100018E-04
 4.98019   -0.556789E-04    0.796545E-04   -0.953515E-05
 4.99822   -0.552364E-04    0.790146E-04   -0.907550E-05
 5.01624   -0.547973E-04    0.783805E-04   -0.862286E-05
 5.03427   -0.543617E-04    0.777524E-04   -0.817723E-05
 5.05229   -0.539298E-04    0.771300E-04   -0.773857E-05
 5.07032   -0.535017E-04    0.765136E-04   -0.730688E-05
 5.08835   -0.530773E-04    0.759030E-04   -0.688219E-05
 5.10637   -0.526568E-04    0.752983E-04   -0.646427E-05
 5.12440   -0.522403E-04    0.746994E-04   -0.605330E-05
 5.14242   -0.518278E-04    0.741063E-04   -0.564908E-05
 5.16045   -0.514194E-04    0.735191E-04   -0.525156E-05
 5.17848   -0.510151E-04    0.729377E-04   -0.486077E-05
 5.19650   -0.506150E-04    0.723620E-04   -0.447659E-05
 5.21453   -0.502190E-04    0.717920E-04   -0.409894E-05
 5.23256   -0.498272E-04    0.712278E-04   -0.372777E-05
 5.25058   -0.494396E-04    0.706691E-04   -0.336290E-05
 5.26861   -0.490561E-04    0.701161E-04   -0.300436E-05
 5.28663   -0.486768E-04    0.695687E-04   -0.265203E-05
 5.30466   -0.483016E-04    0.690267E-04   -0.230579E-05
 5.32269   -0.479304E-04    0.684902E-04   -0.196556E-05
 5.34071   -0.475633E-04    0.679587E-04   -0.163127E-05
 5.35874   -0.472001E-04    0.674329E-04   -0.130275E-05
 5.37676   -0.468407E-04    0.669125E-04   -0.979915E-06
 5.39479   -0.464851E-04    0.663970E-04   -0.662678E-06
 5.41282   -0.461333E-04    0.658866E-04   -0.350953E-06
 5.43084   -0.457850E-04    0.653811E-04   -0.446239E-07
 5.44887   -0.454402E-04    0.648805E-04    0.256417E-06
 5.46689   -0.450988E-04    0.643848E-04    0.552255E-06
 5.48492   -0.447606E-04    0.638937E-04    0.843016E-06
 5.50295   -0.444256E-04    0.634073E-04    0.112879E-05
 5.52097   -0.440937E-04    0.629254E-04    0.140968E-05
 5.53900   -0.437647E-04    0.624480E-04    0.168585E-05
 5.55702   -0.434385E-04    0.619746E-04    0.195728E-05
 5.57505   -0.431151E-04    0.615058E-04    0.222408E-05
 5.59308   -0.427942E-04    0.610412E-04    0.248643E-05
 5.61110   -0.424759E-04    0.605807E-04    0.274439E-05
 5.62913   -0.421599E-04    0.601241E-04    0.299801E-05
 5.64715   -0.418461E-04    0.596715E-04    0.324747E-05
 5.66518   -0.415346E-04    0.592227E-04    0.349282E-05
 5.68321   -0.412251E-04    0.587777E-04    0.373416E-05
 5.70123   -0.409175E-04    0.583364E-04    0.397154E-05
 5.71926   -0.406119E-04    0.578990E-04    0.420506E-05
 5.73728   -0.403081E-04    0.574646E-04    0.443481E-05
 5.75531   -0.400059E-04    0.570341E-04    0.466086E-05
 5.77334   -0.397055E-04    0.566067E-04    0.488329E-05
 5.79136   -0.394066E-04    0.561828E-04    0.510216E-05
 5.80939   -0.391093E-04    0.557622E-04    0.531756E-05
 5.82741   -0.388135E-04    0.553449E-04    0.552953E-05
 5.84544   -0.385192E-04    0.549307E-04    0.573814E-05
 5.86347   -0.382263E-04    0.545198E-04    0.594343E-05
 5.88149   -0.379348E-04    0.541120E-04    0.614551E-05
 5.89952   -0.376447E-04    0.537073E-04    0.634436E-05
 5.91755   -0.373560E-04    0.533057E-04    0.654005E-05
 5.93557   -0.370687E-04    0.529071E-04    0.673264E-05
 5.95360   -0.367828E-04    0.525115E-04    0.692219E-05
 5.97162   -0.364983E-04    0.521190E-04    0.710867E-05
 5.98965   -0.362152E-04    0.517294E-04    0.729215E-05
 6.00768   -0.359335E-04    0.513428E-04    0.747267E-05
 6.02570   -0.356532E-04    0.509591E-04    0.765027E-05
 6.04373   -0.353744E-04    0.505783E-04    0.782497E-05
 6.06175   -0.350971E-04    0.502006E-04    0.799681E-05
 6.07978   -0.348212E-04    0.498256E-04    0.816582E-05
 6.09781   -0.345469E-04    0.494536E-04    0.833202E-05
 6.11583   -0.342741E-04    0.490845E-04    0.849544E-05
 6.13386   -0.340028E-04    0.487182E-04    0.865612E-05
 6.15188   -0.337332E-04    0.483548E-04    0.881406E-05
 6.16991   -0.334652E-04    0.479943E-04    0.896931E-05
 6.18794   -0.331988E-04    0.476366E-04    0.912189E-05
 6.20596   -0.329341E-04    0.472818E-04    0.927181E-05
 6.22399   -0.326711E-04    0.469298E-04    0.941912E-05
 6.24201   -0.324098E-04    0.465806E-04    0.956383E-05
 6.26004   -0.321503E-04    0.462343E-04    0.970596E-05
 6.27807   -0.318925E-04    0.458907E-04    0.984555E-05
 6.29609   -0.316365E-04    0.455499E-04    0.998090E-05
 6.31412   -0.313823E-04    0.452120E-04    0.101155E-04
 6.33214   -0.311300E-04    0.448768E-04    0.102476E-04
 6.35017   -0.308794E-04    0.445443E-04    0.103772E-04
 6.36820   -0.306308E-04    0.442146E-04    0.105045E-04
 6.38622   -0.303840E-04    0.438877E-04    0.106293E-04
 6.40425   -0.301391E-04    0.435635E-04    0.107534E-04
 6.42227   -0.298961E-04    0.432420E-04    0.108735E-04
 6.44030   -0.296550E-04    0.429232E-04    0.109912E-04
 6.45833   -0.294158E-04    0.426070E-04    0.111067E-04
 6.47635   -0.291785E-04    0.422936E-04    0.112199E-04
 6.49438   -0.289431E-04    0.419828E-04    0.113309E-04
 6.51240   -0.287097E-04    0.416746E-04    0.114396E-04
 6.53043   -0.284781E-04    0.413691E-04    0.115461E-04
 6.54846   -0.282486E-04    0.410662E-04    0.116505E-04
 6.56648   -0.280209E-04    0.407659E-04    0.117527E-04
 6.58451   -0.277952E-04    0.404681E-04    0.118528E-04
 6.60254   -0.275714E-04    0.401729E-04    0.119508E-04
 6.62056   -0.273495E-04    0.398802E-04    0.120467E-04
 6.63859   -0.271295E-04    0.395901E-04    0.121406E-04
 6.65661   -0.269115E-04    0.393024E-04    0.122324E-04
 6.67464   -0.266954E-04    0.390173E-04    0.123223E-04
 6.69267   -0.264812E-04    0.387346E-04    0.124102E-04
 6.71069   -0.262689E-04    0.384543E-04    0.124961E-04
 6.72872   -0.260585E-04    0.381766E-04    0.125801E-04
 6.74674   -0.258500E-04    0.379012E-04    0.126623E-04
 6.76477   -0.256435E-04    0.376282E-04    0.127425E-04
 6.78280   -0.254388E-04    0.373576E-04    0.128209E-04
 6.80082   -0.252360E-04    0.370894E-04    0.128974E-04
 6.81885   -0.250352E-04    0.368235E-04    0.129722E-04
 6.83687   -0.248362E-04    0.365600E-04    0.130451E-04
 6.85490   -0.246391E-04    0.362988E-04    0.131163E-04
 6.87293   -0.244438E-04    0.360398E-04    0.131858E-04
 6.89095   -0.242504E-04    0.357832E-04    0.132535E-04
 6.90898   -0.240589E-04    0.355289E-04    0.133196E-04
 6.92700   -0.238693E-04    0.352767E-04    0.133839E-04
 6.94503   -0.236815E-04    0.350269E-04    0.134467E-04
 6.96306   -0.234955E-04    0.347792E-04    0.135077E-04
 6.98108   -0.233113E-04    0.345337E-04    0.135672E-04
 6.99911   -0.231290E-04    0.342904E-04    0.136251E-04
 7.01713   -0.229484E-04    0.340493E-04    0.136814E-04
 7.03516   -0.227697E-04    0.338102E-04    0.137362E-04
 7.05319   -0.225927E-04    0.335734E-04    0.137895E-04
 7.07121   -0.224175E-04    0.333386E-04    0.138413E-04
 7.08924   -0.222440E-04    0.331059E-04    0.138916E-04
 7.10726   -0.220723E-04    0.328752E-04    0.139404E-04
 7.12529   -0.219022E-04    0.326466E-04    0.139878E-04
 7.14332   -0.217339E-04    0.324200E-04    0.140338E-04
 7.16134   -0.215672E-04    0.321954E-04    0.140784E-04
 7.17937   -0.214022E-04    0.319728E-04    0.141216E-04
 7.19739   -0.212389E-04    0.317522E-04    0.141635E-04
 7.21542   -0.210771E-04    0.315335E-04    0.142041E-04
 7.23345   -0.209170E-04    0.313167E-04    0.142434E-04
 7.25147   -0.207584E-04    0.311018E-04    0.142813E-04
 7.26950   -0.206015E-04    0.308888E-04    0.143181E-04
 7.28753   -0.204460E-04    0.306776E-04    0.143535E-04
 7.30555   -0.202921E-04    0.304683E-04    0.143878E-04
 7.32358   -0.201398E-04    0.302608E-04    0.144208E-04
 7.34160   -0.199889E-04    0.300551E-04    0.144527E-04
 7.35963   -0.198395E-04    0.298512E-04    0.144834E-04
 7.37766   -0.196915E-04    0.296491E-04    0.145129E-04
 7.39568   -0.195450E-04    0.294487E-04    0.145414E-04
 7.41371   -0.194000E-04    0.292500E-04    0.145687E-04
 7.43173   -0.192563E-04    0.290530E-04    0.145949E-04
 7.44976   -0.191140E-04    0.288577E-04    0.146201E-04
 7.46779   -0.189731E-04    0.286641E-04    0.146442E-04
 7.48581   -0.188336E-04    0.284722E-04    0.146673E-04
 7.50384   -0.186954E-04    0.282819E-04    0.146893E-04
 7.52186   -0.185586E-04    0.280932E-04    0.147104E-04
 7.53989   -0.184230E-04    0.279061E-04    0.147304E-04
 7.55792   -0.182888E-04    0.277206E-04    0.147496E-04
 7.57594   -0.181559E-04    0.275366E-04    0.147677E-04
 7.59397   -0.180242E-04    0.273543E-04    0.147849E-04
 7.61199   -0.178938E-04    0.271734E-04    0.148012E-04
 7.63002   -0.177646E-04    0.269941E-04    0.148166E-04
 7.64805   -0.176367E-04    0.268163E-04    0.148311E-04
 7.66607   -0.175099E-04    0.266400E-04    0.148447E-04
 7.68410   -0.173844E-04    0.264652E-04    0.148575E-04
 7.70212   -0.172601E-04    0.262918E-04    0.148694E-04
 7.72015   -0.171369E-04    0.261199E-04    0.148805E-04
 7.73818   -0.170149E-04    0.259494E-04    0.148908E-04
 7.75620   -0.168941E-04    0.257803E-04    0.149003E-04
 7.77423   -0.167744E-04    0.256127E-04    0.149089E-04
 7.79225   -0.166558E-04    0.254464E-04    0.149168E-04
 7.81028   -0.165383E-04    0.252815E-04    0.149240E-04
 7.82831   -0.164219E-04    0.251180E-04    0.149303E-04
 7.84633   -0.163067E-04    0.249558E-04    0.149359E-04
 7.86436   -0.161925E-04    0.247949E-04    0.149408E-04
 7.88238   -0.160793E-04    0.246354E-04    0.149450E-04
 7.90041   -0.159673E-04    0.244772E-04    0.149485E-04
 7.91844   -0.158562E-04    0.243203E-04    0.149513E-04
 7.93646   -0.157463E-04    0.241647E-04    0.149534E-04
 7.95449   -0.156373E-04    0.240104E-04    0.149548E-04
 7.97252   -0.155293E-04    0.238573E-04    0.149556E-04
 7.99054   -0.154224E-04    0.237055E-04    0.149557E-04
 8.00857   -0.153164E-04    0.235549E-04    0.149552E-04
 8.02659   -0.152115E-04    0.234056E-04    0.149541E-04
 8.04462   -0.151075E-04    0.232574E-04    0.149523E-04
 8.06265   -0.150045E-04    0.231105E-04    0.149499E-04
 8.08067   -0.149024E-04    0.229648E-04    0.149469E-04
 8.09870   -0.148013E-04    0.228202E-04    0.149434E-04
 8.11672   -0.147011E-04    0.226768E-04    0.149392E-04
 8.13475   -0.146019E-04    0.225346E-04    0.149345E-04
 8.15278   -0.145036E-04    0.223936E-04    0.149292E-04
 8.17080   -0.144063E-04    0.222537E-04    0.149234E-04
 8.18883   -0.143098E-04    0.221149E-04    0.149170E-04
 8.20685   -0.142143E-04    0.219773E-04    0.149101E-04
 8.22488   -0.141196E-04    0.218407E-04    0.149027E-04
 8.24291   -0.140259E-04    0.217053E-04    0.148947E-04
 8.26093   -0.139330E-04    0.215710E-04    0.148863E-04
 8.27896   -0.138410E-04    0.214378E-04    0.148773E-04
 8.29698   -0.137499E-04    0.213056E-04    0.148679E-04
 8.31501   -0.136596E-04    0.211745E-04    0.148579E-04
 8.33304   -0.135702E-04    0.210444E-04    0.148475E-04
 8.35106   -0.134816E-04    0.209154E-04    0.148367E-04
 8.36909   -0.133938E-04    0.207875E-04    0.148253E-04
 8.38711   -0.133068E-04    0.206605E-04    0.148136E-04
 8.40514   -0.132207E-04    0.205346E-04    0.148014E-04
 8.42317   -0.131353E-04    0.204096E-04    0.147887E-04
 8.44119   -0.130508E-04    0.202856E-04    0.147757E-04
 8.45922   -0.129669E-04    0.201627E-04    0.147622E-04
 8.47724   -0.128838E-04    0.200406E-04    0.147484E-04
 8.49527   -0.128015E-04    0.199195E-04    0.147341E-04
 8.51330   -0.127198E-04    0.197994E-04    0.147195E-04
 8.53132   -0.126389E-04    0.196802E-04    0.147045E-04
 8.54935   -0.125586E-04    0.195619E-04    0.146891E-04
 8.56737   -0.124790E-04    0.194444E-04    0.146734E-04
 8.58540   -0.124001E-04    0.193279E-04    0.146574E-04
 8.60343   -0.123218E-04    0.192122E-04    0.146410E-04
 8.62145   -0.122441E-04    0.190974E-04    0.146244E-04
 8.63948   -0.121669E-04    0.189835E-04    0.146074E-04
 8.65751   -0.120904E-04    0.188703E-04    0.145901E-04
 8.67553   -0.120145E-04    0.187580E-04    0.145725E-04
 8.69356   -0.119390E-04    0.186465E-04    0.145546E-04
 8.71158   -0.118642E-04    0.185358E-04    0.145365E-04
 8.72961   -0.117898E-04    0.184259E-04    0.145181E-04
 8.74764   -0.117160E-04    0.183167E-04    0.144995E-04
 8.76566   -0.116426E-04    0.182083E-04    0.144806E-04
 8.78369   -0.115698E-04    0.181007E-04    0.144614E-04
 8.80171   -0.114974E-04    0.179938E-04    0.144420E-04
 8.81974   -0.114255E-04    0.178876E-04    0.144225E-04
 8.83777   -0.113541E-04    0.177822E-04    0.144026E-04
 8.85579   -0.112831E-04    0.176775E-04    0.143826E-04
 8.87382   -0.112126E-04    0.175735E-04    0.143623E-04
 8.89184   -0.111425E-04    0.174703E-04    0.143419E-04
 8.90987   -0.110729E-04    0.173677E-04    0.143213E-04
 8.92790   -0.110038E-04    0.172658E-04    0.143004E-04
 8.94592   -0.109351E-04    0.171647E-04    0.142793E-04
 8.96395   -0.108668E-04    0.170642E-04    0.142580E-04
 8.98197   -0.107991E-04    0.169644E-04    0.142366E-04
 9.00000   -0.107317E-04    0.168653E-04    0.142149E-04
