 0.00500    0.515925E-01   -0.249565E-01    0.179742E-01
 0.02303    0.414642E-01   -0.198937E-01    0.141784E-01
 0.04105    0.356448E-01   -0.169857E-01    0.120005E-01
 0.05908    0.314584E-01   -0.148951E-01    0.104368E-01
 0.07710    0.281929E-01   -0.132655E-01    0.921979E-02
 0.09513    0.255307E-01   -0.119382E-01    0.823030E-02
 0.11316    0.232978E-01   -0.108259E-01    0.740281E-02
 0.13118    0.213875E-01   -0.987528E-02    0.669711E-02
 0.14921    0.197289E-01   -0.905084E-02    0.608648E-02
 0.16723    0.182722E-01   -0.832759E-02    0.555218E-02
 0.18526    0.169808E-01   -0.768727E-02    0.508039E-02
 0.20329    0.158273E-01   -0.711612E-02    0.466075E-02
 0.22131    0.147905E-01   -0.660344E-02    0.428519E-02
 0.23934    0.138534E-01   -0.614078E-02    0.394734E-02
 0.25736    0.130024E-01   -0.572134E-02    0.364205E-02
 0.27539    0.122265E-01   -0.533949E-02    0.336507E-02
 0.29342    0.115164E-01   -0.499066E-02    0.311294E-02
 0.31144    0.108644E-01   -0.467097E-02    0.288273E-02
 0.32947    0.102640E-01   -0.437714E-02    0.267196E-02
 0.34749    0.970964E-02   -0.410636E-02    0.247852E-02
 0.36552    0.919650E-02   -0.385624E-02    0.230057E-02
 0.38355    0.872046E-02   -0.362470E-02    0.213656E-02
 0.40157    0.827793E-02   -0.340993E-02    0.198511E-02
 0.41960    0.786574E-02   -0.321035E-02    0.184501E-02
 0.43763    0.748114E-02   -0.302456E-02    0.171523E-02
 0.45565    0.712168E-02   -0.285134E-02    0.159482E-02
 0.47368    0.678515E-02   -0.268959E-02    0.148296E-02
 0.49170    0.646965E-02   -0.253834E-02    0.137891E-02
 0.50973    0.617345E-02   -0.239671E-02    0.128201E-02
 0.52776    0.589500E-02   -0.226395E-02    0.119168E-02
 0.54578    0.563291E-02   -0.213934E-02    0.110739E-02
 0.56381    0.538592E-02   -0.202225E-02    0.102865E-02
 0.58183    0.515290E-02   -0.191211E-02    0.955034E-03
 0.59986    0.493283E-02   -0.180841E-02    0.886160E-03
 0.61789    0.472478E-02   -0.171069E-02    0.821673E-03
 0.63591    0.452790E-02   -0.161851E-02    0.761250E-03
 0.65394    0.434142E-02   -0.153150E-02    0.704596E-03
 0.67196    0.416462E-02   -0.144928E-02    0.651442E-03
 0.68999    0.399687E-02   -0.137154E-02    0.601547E-03
 0.70802    0.383758E-02   -0.129798E-02    0.554686E-03
 0.72604    0.368619E-02   -0.122834E-02    0.510642E-03
 0.74407    0.354221E-02   -0.116235E-02    0.469259E-03
 0.76209    0.340519E-02   -0.109979E-02    0.430331E-03
 0.78012    0.327469E-02   -0.104044E-02    0.393708E-03
 0.79815    0.315033E-02   -0.984107E-03    0.359242E-03
 0.81617    0.303174E-02   -0.930613E-03    0.326800E-03
 0.83420    0.291859E-02   -0.879788E-03    0.296252E-03
 0.85222    0.281057E-02   -0.831474E-03    0.267484E-03
 0.87025    0.270738E-02   -0.785525E-03    0.240385E-03
 0.88828    0.260876E-02   -0.741807E-03    0.214856E-03
 0.90630    0.251445E-02   -0.700194E-03    0.190801E-03
 0.92433    0.242423E-02   -0.660570E-03    0.168134E-03
 0.94235    0.233787E-02   -0.622827E-03    0.146774E-03
 0.96038    0.225518E-02   -0.586863E-03    0.126646E-03
 0.97841    0.217596E-02   -0.552584E-03    0.107679E-03
 0.99643    0.210004E-02   -0.519899E-03    0.898089E-04
 1.01446    0.202724E-02   -0.488714E-03    0.729718E-04
 1.03248    0.195741E-02   -0.458985E-03    0.571099E-04
 1.05051    0.188988E-02   -0.430604E-03    0.421688E-04
 1.06854    0.182609E-02   -0.403513E-03    0.280981E-04
 1.08656    0.176433E-02   -0.377649E-03    0.148509E-04
 1.10459    0.170501E-02   -0.352951E-03    0.238287E-05
 1.12262    0.164801E-02   -0.329362E-03   -0.934788E-05
 1.14064    0.159322E-02   -0.306829E-03   -0.203807E-04
 1.15867    0.154054E-02   -0.285300E-03   -0.307528E-04
 1.17669    0.148988E-02   -0.264727E-03   -0.404990E-04
 1.19472    0.144114E-02   -0.245066E-03   -0.496523E-04
 1.21275    0.139423E-02   -0.226274E-03   -0.582433E-04
 1.23077    0.134908E-02   -0.208310E-03   -0.663017E-04
 1.24880    0.130561E-02   -0.191136E-03   -0.738546E-04
 1.26682    0.126375E-02   -0.174716E-03   -0.809281E-04
 1.28485    0.122342E-02   -0.159016E-03   -0.875469E-04
 1.30288    0.118457E-02   -0.144003E-03   -0.937345E-04
 1.32090    0.114712E-02   -0.129647E-03   -0.995128E-04
 1.33893    0.111102E-02   -0.115919E-03   -0.104902E-03
 1.35695    0.107622E-02   -0.102791E-03   -0.109923E-03
 1.37498    0.104265E-02   -0.902375E-04   -0.114592E-03
 1.39301    0.101028E-02   -0.782331E-04   -0.118929E-03
 1.41103    0.979054E-03   -0.667551E-04   -0.122948E-03
 1.42906    0.948923E-03   -0.557805E-04   -0.126667E-03
 1.44708    0.919845E-03   -0.452880E-04   -0.130100E-03
 1.46511    0.891779E-03   -0.352572E-04   -0.133261E-03
 1.48314    0.864687E-03   -0.256689E-04   -0.136164E-03
 1.50116    0.838529E-03   -0.165053E-04   -0.138822E-03
 1.51919    0.813272E-03   -0.774905E-05   -0.141245E-03
 1.53721    0.788882E-03    0.616178E-06   -0.143447E-03
 1.55524    0.765327E-03    0.860637E-05   -0.145436E-03
 1.57327    0.742575E-03    0.162360E-04   -0.147223E-03
 1.59129    0.720599E-03    0.235193E-04   -0.148819E-03
 1.60932    0.699369E-03    0.304697E-04   -0.150231E-03
 1.62734    0.678860E-03    0.371001E-04   -0.151470E-03
 1.64537    0.659047E-03    0.434226E-04   -0.152542E-03
 1.66340    0.639905E-03    0.494485E-04   -0.153455E-03
 1.68142    0.621412E-03    0.551886E-04   -0.154218E-03
 1.69945    0.603547E-03    0.606541E-04   -0.154835E-03
 1.71747    0.586288E-03    0.658537E-04   -0.155314E-03
 1.73550    0.569618E-03    0.707969E-04   -0.155662E-03
 1.75353    0.553517E-03    0.754925E-04   -0.155883E-03
 1.77155    0.537969E-03    0.799487E-04   -0.155982E-03
 1.78958    0.522956E-03    0.841733E-04   -0.155965E-03
 1.80761    0.508465E-03    0.881732E-04   -0.155837E-03
 1.82563    0.494479E-03    0.919559E-04   -0.155600E-03
 1.84366    0.480987E-03    0.955268E-04   -0.155260E-03
 1.86168    0.467975E-03    0.988923E-04   -0.154820E-03
 1.87971    0.455432E-03    0.102057E-03   -0.154282E-03
 1.89774    0.443347E-03    0.105027E-03   -0.153650E-03
 1.91576    0.431710E-03    0.107806E-03   -0.152927E-03
 1.93379    0.420512E-03    0.110399E-03   -0.152114E-03
 1.95181    0.409745E-03    0.112810E-03   -0.151215E-03
 1.96984    0.399399E-03    0.115041E-03   -0.150230E-03
 1.98787    0.389468E-03    0.117097E-03   -0.149162E-03
 2.00589    0.379944E-03    0.118981E-03   -0.148011E-03
 2.02392    0.370822E-03    0.120695E-03   -0.146781E-03
 2.04194    0.362094E-03    0.122242E-03   -0.145470E-03
 2.05997    0.353755E-03    0.123624E-03   -0.144081E-03
 2.07800    0.345800E-03    0.124845E-03   -0.142615E-03
 2.09602    0.338223E-03    0.125907E-03   -0.141073E-03
 2.11405    0.331017E-03    0.126811E-03   -0.139455E-03
 2.13207    0.324178E-03    0.127560E-03   -0.137763E-03
 2.15010    0.317700E-03    0.128157E-03   -0.135998E-03
 2.16813    0.311577E-03    0.128605E-03   -0.134161E-03
 2.18615    0.305801E-03    0.128906E-03   -0.132254E-03
 2.20418    0.300365E-03    0.129064E-03   -0.130277E-03
 2.22220    0.295261E-03    0.129082E-03   -0.128234E-03
 2.24023    0.290480E-03    0.128964E-03   -0.126127E-03
 2.25826    0.286012E-03    0.128716E-03   -0.123958E-03
 2.27628    0.281846E-03    0.128342E-03   -0.121730E-03
 2.29431    0.277970E-03    0.127848E-03   -0.119446E-03
 2.31233    0.274369E-03    0.127241E-03   -0.117112E-03
 2.33036    0.271029E-03    0.126527E-03   -0.114731E-03
 2.34839    0.267933E-03    0.125715E-03   -0.112308E-03
 2.36641    0.265062E-03    0.124813E-03   -0.109850E-03
 2.38444    0.262397E-03    0.123830E-03   -0.107362E-03
 2.40246    0.259917E-03    0.122778E-03   -0.104852E-03
 2.42049    0.257600E-03    0.121665E-03   -0.102326E-03
 2.43852    0.255421E-03    0.120505E-03   -0.997927E-04
 2.45654    0.253355E-03    0.119310E-03   -0.972603E-04
 2.47457    0.251376E-03    0.118091E-03   -0.947376E-04
 2.49260    0.249457E-03    0.116862E-03   -0.922336E-04
 2.51062    0.247570E-03    0.115637E-03   -0.897575E-04
 2.52865    0.245687E-03    0.114428E-03   -0.873190E-04
 2.54667    0.243779E-03    0.113251E-03   -0.849278E-04
 2.56470    0.241820E-03    0.112118E-03   -0.825931E-04
 2.58273    0.239779E-03    0.111044E-03   -0.803222E-04
 2.60075    0.237631E-03    0.110041E-03   -0.781317E-04
 2.61878    0.235349E-03    0.109122E-03   -0.760230E-04
 2.63680    0.232908E-03    0.108299E-03   -0.740073E-04
 2.65483    0.230285E-03    0.107584E-03   -0.720920E-04
 2.67286    0.227458E-03    0.106987E-03   -0.702845E-04
 2.69088    0.224409E-03    0.106517E-03   -0.685913E-04
 2.70891    0.221120E-03    0.106182E-03   -0.670178E-04
 2.72693    0.217578E-03    0.105990E-03   -0.655688E-04
 2.74496    0.213770E-03    0.105945E-03   -0.642478E-04
 2.76299    0.209688E-03    0.106052E-03   -0.630577E-04
 2.78101    0.205325E-03    0.106313E-03   -0.619998E-04
 2.79904    0.200680E-03    0.106731E-03   -0.610752E-04
 2.81706    0.195753E-03    0.107303E-03   -0.602824E-04
 2.83509    0.190547E-03    0.108029E-03   -0.596203E-04
 2.85312    0.185069E-03    0.108904E-03   -0.590861E-04
 2.87114    0.179327E-03    0.109926E-03   -0.586761E-04
 2.88917    0.173332E-03    0.111087E-03   -0.583855E-04
 2.90719    0.167099E-03    0.112380E-03   -0.582091E-04
 2.92522    0.160645E-03    0.113798E-03   -0.581403E-04
 2.94325    0.153986E-03    0.115331E-03   -0.581723E-04
 2.96127    0.147145E-03    0.116968E-03   -0.582972E-04
 2.97930    0.140142E-03    0.118700E-03   -0.585068E-04
 2.99732    0.133001E-03    0.120514E-03   -0.587927E-04
 3.01535    0.125744E-03    0.122399E-03   -0.591459E-04
 3.03338    0.118396E-03    0.124343E-03   -0.595574E-04
 3.05140    0.110981E-03    0.126333E-03   -0.600177E-04
 3.06943    0.103524E-03    0.128358E-03   -0.605185E-04
 3.08745    0.960487E-04    0.130405E-03   -0.610499E-04
 3.10548    0.885797E-04    0.132462E-03   -0.616035E-04
 3.12351    0.811400E-04    0.134518E-03   -0.621705E-04
 3.14153    0.737518E-04    0.136561E-03   -0.627427E-04
 3.15956    0.664365E-04    0.138582E-03   -0.633122E-04
 3.17759    0.592141E-04    0.140569E-03   -0.638717E-04
 3.19561    0.521031E-04    0.142514E-03   -0.644141E-04
 3.21364    0.451209E-04    0.144409E-03   -0.649331E-04
 3.23166    0.382832E-04    0.146244E-03   -0.654230E-04
 3.24969    0.316039E-04    0.148014E-03   -0.658786E-04
 3.26772    0.250959E-04    0.149712E-03   -0.662953E-04
 3.28574    0.187700E-04    0.151333E-03   -0.666689E-04
 3.30377    0.126361E-04    0.152871E-03   -0.669962E-04
 3.32179    0.670201E-05    0.154324E-03   -0.672740E-04
 3.33982    0.974448E-06    0.155686E-03   -0.674999E-04
 3.35785   -0.454175E-05    0.156957E-03   -0.676720E-04
 3.37587   -0.984279E-05    0.158135E-03   -0.677891E-04
 3.39390   -0.149265E-04    0.159217E-03   -0.678504E-04
 3.41192   -0.197916E-04    0.160204E-03   -0.678549E-04
 3.42995   -0.244384E-04    0.161095E-03   -0.678038E-04
 3.44798   -0.288675E-04    0.161891E-03   -0.676963E-04
 3.46600   -0.330806E-04    0.162594E-03   -0.675334E-04
 3.48403   -0.370805E-04    0.163203E-03   -0.673160E-04
 3.50205   -0.408706E-04    0.163721E-03   -0.670453E-04
 3.52008   -0.444549E-04    0.164150E-03   -0.667228E-04
 3.53811   -0.478382E-04    0.164492E-03   -0.663501E-04
 3.55613   -0.510255E-04    0.164750E-03   -0.659288E-04
 3.57416   -0.540224E-04    0.164926E-03   -0.654611E-04
 3.59218   -0.568348E-04    0.165023E-03   -0.649490E-04
 3.61021   -0.594689E-04    0.165045E-03   -0.643946E-04
 3.62824   -0.619307E-04    0.164993E-03   -0.638001E-04
 3.64626   -0.642270E-04    0.164873E-03   -0.631679E-04
 3.66429   -0.663642E-04    0.164685E-03   -0.624997E-04
 3.68231   -0.683485E-04    0.164435E-03   -0.617982E-04
 3.70034   -0.701869E-04    0.164125E-03   -0.610661E-04
 3.71837   -0.718856E-04    0.163757E-03   -0.603048E-04
 3.73639   -0.734510E-04    0.163336E-03   -0.595168E-04
 3.75442   -0.748896E-04    0.162864E-03   -0.587042E-04
 3.77244   -0.762076E-04    0.162345E-03   -0.578691E-04
 3.79047   -0.774109E-04    0.161780E-03   -0.570136E-04
 3.80850   -0.785055E-04    0.161174E-03   -0.561396E-04
 3.82652   -0.794971E-04    0.160529E-03   -0.552490E-04
 3.84455   -0.803912E-04    0.159846E-03   -0.543437E-04
 3.86258   -0.811930E-04    0.159131E-03   -0.534253E-04
 3.88060   -0.819078E-04    0.158383E-03   -0.524955E-04
 3.89863   -0.825404E-04    0.157606E-03   -0.515560E-04
 3.91665   -0.830954E-04    0.156803E-03   -0.506080E-04
 3.93468   -0.835774E-04    0.155974E-03   -0.496531E-04
 3.95271   -0.839906E-04    0.155123E-03   -0.486927E-04
 3.97073   -0.843391E-04    0.154250E-03   -0.477279E-04
 3.98876   -0.846269E-04    0.153359E-03   -0.467600E-04
 4.00678   -0.848576E-04    0.152450E-03   -0.457901E-04
 4.02481   -0.850348E-04    0.151526E-03   -0.448192E-04
 4.04284   -0.851616E-04    0.150587E-03   -0.438483E-04
 4.06086   -0.852414E-04    0.149636E-03   -0.428784E-04
 4.07889   -0.852769E-04    0.148673E-03   -0.419101E-04
 4.09691   -0.852710E-04    0.147700E-03   -0.409444E-04
 4.11494   -0.852264E-04    0.146718E-03   -0.399820E-04
 4.13297   -0.851455E-04    0.145729E-03   -0.390235E-04
 4.15099   -0.850306E-04    0.144732E-03   -0.380695E-04
 4.16902   -0.848841E-04    0.143731E-03   -0.371206E-04
 4.18704   -0.847079E-04    0.142724E-03   -0.361774E-04
 4.20507   -0.845042E-04    0.141713E-03   -0.352404E-04
 4.22310   -0.842747E-04    0.140700E-03   -0.343100E-04
 4.24112   -0.840211E-04    0.139684E-03   -0.333864E-04
 4.25915   -0.837452E-04    0.138666E-03   -0.324703E-04
 4.27717   -0.834484E-04    0.137648E-03   -0.315618E-04
 4.29520   -0.831322E-04    0.136629E-03   -0.306613E-04
 4.31323   -0.827980E-04    0.135611E-03   -0.297689E-04
 4.33125   -0.824470E-04    0.134593E-03   -0.288849E-04
 4.34928   -0.820805E-04    0.133576E-03   -0.280096E-04
 4.36730   -0.816996E-04    0.132562E-03   -0.271430E-04
 4.38533   -0.813054E-04    0.131549E-03   -0.262853E-04
 4.40336   -0.808989E-04    0.130539E-03   -0.254366E-04
 4.42138   -0.804811E-04    0.129532E-03   -0.245971E-04
 4.43941   -0.800528E-04    0.128528E-03   -0.237668E-04
 4.45743   -0.796150E-04    0.127528E-03   -0.229458E-04
 4.47546   -0.791684E-04    0.126532E-03   -0.221343E-04
 4.49349   -0.787138E-04    0.125540E-03   -0.213322E-04
 4.51151   -0.782518E-04    0.124553E-03   -0.205397E-04
 4.52954   -0.777831E-04    0.123570E-03   -0.197568E-04
 4.54757   -0.773084E-04    0.122592E-03   -0.189836E-04
 4.56559   -0.768282E-04    0.121619E-03   -0.182203E-04
 4.58362   -0.763431E-04    0.120652E-03   -0.174669E-04
 4.60164   -0.758536E-04    0.119690E-03   -0.167234E-04
 4.61967   -0.753602E-04    0.118733E-03   -0.159901E-04
 4.63770   -0.748634E-04    0.117783E-03   -0.152669E-04
 4.65572   -0.743636E-04    0.116838E-03   -0.145539E-04
 4.67375   -0.738612E-04    0.115899E-03   -0.138512E-04
 4.69177   -0.733565E-04    0.114966E-03   -0.131588E-04
 4.70980   -0.728500E-04    0.114040E-03   -0.124770E-04
 4.72783   -0.723419E-04    0.113120E-03   -0.118054E-04
 4.74585   -0.718327E-04    0.112206E-03   -0.111443E-04
 4.76388   -0.713225E-04    0.111298E-03   -0.104934E-04
 4.78190   -0.708117E-04    0.110397E-03   -0.985288E-05
 4.79993   -0.703006E-04    0.109503E-03   -0.922252E-05
 4.81796   -0.697894E-04    0.108615E-03   -0.860224E-05
 4.83598   -0.692784E-04    0.107734E-03   -0.799193E-05
 4.85401   -0.687678E-04    0.106859E-03   -0.739144E-05
 4.87203   -0.682579E-04    0.105992E-03   -0.680058E-05
 4.89006   -0.677488E-04    0.105131E-03   -0.621917E-05
 4.90809   -0.672408E-04    0.104276E-03   -0.564715E-05
 4.92611   -0.667340E-04    0.103429E-03   -0.508418E-05
 4.94414   -0.662288E-04    0.102588E-03   -0.453024E-05
 4.96216   -0.657252E-04    0.101754E-03   -0.398502E-05
 4.98019   -0.652235E-04    0.100927E-03   -0.344845E-05
 4.99822   -0.647238E-04    0.100107E-03   -0.292039E-05
 5.01624   -0.642263E-04    0.992940E-04   -0.240070E-05
 5.03427   -0.637312E-04    0.984878E-04   -0.188924E-05
 5.05229   -0.632387E-04    0.976885E-04   -0.138593E-05
 5.07032   -0.627489E-04    0.968962E-04   -0.890687E-06
 5.08835   -0.622620E-04    0.961109E-04   -0.403441E-06
 5.10637   -0.617781E-04    0.953325E-04    0.758639E-07
 5.12440   -0.612973E-04    0.945611E-04    0.547272E-06
 5.14242   -0.608199E-04    0.937967E-04    0.101082E-05
 5.16045   -0.603460E-04    0.930393E-04    0.146654E-05
 5.17848   -0.598756E-04    0.922890E-04    0.191446E-05
 5.19650   -0.594090E-04    0.915456E-04    0.235461E-05
 5.21453   -0.589461E-04    0.908092E-04    0.278703E-05
 5.23256   -0.584872E-04    0.900799E-04    0.321176E-05
 5.25058   -0.580324E-04    0.893575E-04    0.362882E-05
 5.26861   -0.575816E-04    0.886421E-04    0.403824E-05
 5.28663   -0.571351E-04    0.879336E-04    0.444011E-05
 5.30466   -0.566928E-04    0.872321E-04    0.483446E-05
 5.32269   -0.562549E-04    0.865375E-04    0.522137E-05
 5.34071   -0.558213E-04    0.858498E-04    0.560088E-05
 5.35874   -0.553922E-04    0.851689E-04    0.597314E-05
 5.37676   -0.549675E-04    0.844948E-04    0.633820E-05
 5.39479   -0.545472E-04    0.838274E-04    0.669614E-05
 5.41282   -0.541314E-04    0.831668E-04    0.704706E-05
 5.43084   -0.537201E-04    0.825128E-04    0.739107E-05
 5.44887   -0.533132E-04    0.818654E-04    0.772826E-05
 5.46689   -0.529107E-04    0.812245E-04    0.805876E-05
 5.48492   -0.525126E-04    0.805901E-04    0.838259E-05
 5.50295   -0.521188E-04    0.799621E-04    0.870004E-05
 5.52097   -0.517293E-04    0.793404E-04    0.901109E-05
 5.53900   -0.513440E-04    0.787249E-04    0.931593E-05
 5.55702   -0.509627E-04    0.781155E-04    0.961458E-05
 5.57505   -0.505855E-04    0.775122E-04    0.990721E-05
 5.59308   -0.502122E-04    0.769149E-04    0.101939E-04
 5.61110   -0.498427E-04    0.763234E-04    0.104749E-04
 5.62913   -0.494769E-04    0.757376E-04    0.107501E-04
 5.64715   -0.491147E-04    0.751575E-04    0.110198E-04
 5.66518   -0.487560E-04    0.745830E-04    0.112841E-04
 5.68321   -0.484006E-04    0.740139E-04    0.115430E-04
 5.70123   -0.480484E-04    0.734501E-04    0.117968E-04
 5.71926   -0.476993E-04    0.728916E-04    0.120454E-04
 5.73728   -0.473532E-04    0.723383E-04    0.122891E-04
 5.75531   -0.470100E-04    0.717899E-04    0.125278E-04
 5.77334   -0.466694E-04    0.712465E-04    0.127618E-04
 5.79136   -0.463314E-04    0.707080E-04    0.129912E-04
 5.80939   -0.459959E-04    0.701742E-04    0.132160E-04
 5.82741   -0.456628E-04    0.696450E-04    0.134364E-04
 5.84544   -0.453320E-04    0.691204E-04    0.136524E-04
 5.86347   -0.450032E-04    0.686002E-04    0.138642E-04
 5.88149   -0.446766E-04    0.680844E-04    0.140719E-04
 5.89952   -0.443519E-04    0.675729E-04    0.142755E-04
 5.91755   -0.440290E-04    0.670656E-04    0.144751E-04
 5.93557   -0.437079E-04    0.665624E-04    0.146708E-04
 5.95360   -0.433886E-04    0.660634E-04    0.148628E-04
 5.97162   -0.430709E-04    0.655683E-04    0.150510E-04
 5.98965   -0.427547E-04    0.650771E-04    0.152356E-04
 6.00768   -0.424402E-04    0.645898E-04    0.154166E-04
 6.02570   -0.421271E-04    0.641064E-04    0.155942E-04
 6.04373   -0.418154E-04    0.636267E-04    0.157683E-04
 6.06175   -0.415052E-04    0.631507E-04    0.159390E-04
 6.07978   -0.411963E-04    0.626784E-04    0.161065E-04
 6.09781   -0.408889E-04    0.622098E-04    0.162706E-04
 6.11583   -0.405828E-04    0.617447E-04    0.164316E-04
 6.13386   -0.402781E-04    0.612832E-04    0.165894E-04
 6.15188   -0.399747E-04    0.608253E-04    0.167441E-04
 6.16991   -0.396728E-04    0.603708E-04    0.168958E-04
 6.18794   -0.393722E-04    0.599199E-04    0.170444E-04
 6.20596   -0.390731E-04    0.594724E-04    0.171900E-04
 6.22399   -0.387753E-04    0.590284E-04    0.173327E-04
 6.24201   -0.384791E-04    0.585878E-04    0.174725E-04
 6.26004   -0.381843E-04    0.581506E-04    0.176094E-04
 6.27807   -0.378910E-04    0.577168E-04    0.177435E-04
 6.29609   -0.375992E-04    0.572864E-04    0.178747E-04
 6.31412   -0.373090E-04    0.568594E-04    0.180032E-04
 6.33214   -0.370203E-04    0.564357E-04    0.181289E-04
 6.35017   -0.367333E-04    0.560153E-04    0.182519E-04
 6.36820   -0.364479E-04    0.555983E-04    0.183721E-04
 6.38622   -0.361641E-04    0.551846E-04    0.184898E-04
 6.40425   -0.358821E-04    0.547742E-04    0.186048E-04
 6.42227   -0.356018E-04    0.543671E-04    0.187172E-04
 6.44030   -0.353232E-04    0.539633E-04    0.188270E-04
 6.45833   -0.350464E-04    0.535628E-04    0.189342E-04
 6.47635   -0.347714E-04    0.531655E-04    0.190389E-04
 6.49438   -0.344982E-04    0.527714E-04    0.191411E-04
 6.51240   -0.342268E-04    0.523805E-04    0.192409E-04
 6.53043   -0.339573E-04    0.519929E-04    0.193382E-04
 6.54846   -0.336897E-04    0.516085E-04    0.194330E-04
 6.56648   -0.334239E-04    0.512272E-04    0.195255E-04
 6.58451   -0.331601E-04    0.508491E-04    0.196157E-04
 6.60254   -0.328982E-04    0.504742E-04    0.197034E-04
 6.62056   -0.326383E-04    0.501024E-04    0.197889E-04
 6.63859   -0.323802E-04    0.497337E-04    0.198721E-04
 6.65661   -0.321242E-04    0.493681E-04    0.199531E-04
 6.67464   -0.318701E-04    0.490055E-04    0.200318E-04
 6.69267   -0.316180E-04    0.486461E-04    0.201083E-04
 6.71069   -0.313678E-04    0.482896E-04    0.201826E-04
 6.72872   -0.311196E-04    0.479362E-04    0.202548E-04
 6.74674   -0.308735E-04    0.475858E-04    0.203249E-04
 6.76477   -0.306293E-04    0.472384E-04    0.203929E-04
 6.78280   -0.303870E-04    0.468939E-04    0.204588E-04
 6.80082   -0.301468E-04    0.465524E-04    0.205227E-04
 6.81885   -0.299086E-04    0.462138E-04    0.205846E-04
 6.83687   -0.296724E-04    0.458781E-04    0.206445E-04
 6.85490   -0.294381E-04    0.455453E-04    0.207024E-04
 6.87293   -0.292059E-04    0.452154E-04    0.207584E-04
 6.89095   -0.289756E-04    0.448883E-04    0.208125E-04
 6.90898   -0.287473E-04    0.445640E-04    0.208648E-04
 6.92700   -0.285210E-04    0.442425E-04    0.209151E-04
 6.94503   -0.282967E-04    0.439238E-04    0.209637E-04
 6.96306   -0.280744E-04    0.436079E-04    0.210104E-04
 6.98108   -0.278540E-04    0.432947E-04    0.210553E-04
 6.99911   -0.276356E-04    0.429842E-04    0.210985E-04
 7.01713   -0.274192E-04    0.426765E-04    0.211400E-04
 7.03516   -0.272048E-04    0.423714E-04    0.211797E-04
 7.05319   -0.269923E-04    0.420690E-04    0.212178E-04
 7.07121   -0.267818E-04    0.417692E-04    0.212542E-04
 7.08924   -0.265732E-04    0.414721E-04    0.212890E-04
 7.10726   -0.263666E-04    0.411775E-04    0.213221E-04
 7.12529   -0.261619E-04    0.408856E-04    0.213537E-04
 7.14332   -0.259591E-04    0.405962E-04    0.213836E-04
 7.16134   -0.257583E-04    0.403093E-04    0.214121E-04
 7.17937   -0.255594E-04    0.400250E-04    0.214390E-04
 7.19739   -0.253623E-04    0.397431E-04    0.214644E-04
 7.21542   -0.251672E-04    0.394638E-04    0.214883E-04
 7.23345   -0.249740E-04    0.391869E-04    0.215108E-04
 7.25147   -0.247826E-04    0.389125E-04    0.215319E-04
 7.26950   -0.245930E-04    0.386404E-04    0.215515E-04
 7.28753   -0.244054E-04    0.383708E-04    0.215698E-04
 7.30555   -0.242195E-04    0.381035E-04    0.215866E-04
 7.32358   -0.240355E-04    0.378386E-04    0.216022E-04
 7.34160   -0.238532E-04    0.375760E-04    0.216164E-04
 7.35963   -0.236728E-04    0.373157E-04    0.216293E-04
 7.37766   -0.234940E-04    0.370577E-04    0.216409E-04
 7.39568   -0.233171E-04    0.368020E-04    0.216513E-04
 7.41371   -0.231419E-04    0.365485E-04    0.216604E-04
 7.43173   -0.229683E-04    0.362972E-04    0.216683E-04
 7.44976   -0.227965E-04    0.360481E-04    0.216751E-04
 7.46779   -0.226264E-04    0.358012E-04    0.216807E-04
 7.48581   -0.224579E-04    0.355564E-04    0.216851E-04
 7.50384   -0.222910E-04    0.353138E-04    0.216884E-04
 7.52186   -0.221258E-04    0.350732E-04    0.216905E-04
 7.53989   -0.219621E-04    0.348348E-04    0.216916E-04
 7.55792   -0.218001E-04    0.345984E-04    0.216916E-04
 7.57594   -0.216396E-04    0.343640E-04    0.216906E-04
 7.59397   -0.214806E-04    0.341316E-04    0.216886E-04
 7.61199   -0.213232E-04    0.339013E-04    0.216855E-04
 7.63002   -0.211672E-04    0.336729E-04    0.216815E-04
 7.64805   -0.210128E-04    0.334465E-04    0.216765E-04
 7.66607   -0.208599E-04    0.332220E-04    0.216705E-04
 7.68410   -0.207084E-04    0.329994E-04    0.216636E-04
 7.70212   -0.205583E-04    0.327787E-04    0.216558E-04
 7.72015   -0.204097E-04    0.325599E-04    0.216471E-04
 7.73818   -0.202624E-04    0.323430E-04    0.216375E-04
 7.75620   -0.201166E-04    0.321279E-04    0.216270E-04
 7.77423   -0.199721E-04    0.319146E-04    0.216157E-04
 7.79225   -0.198290E-04    0.317030E-04    0.216036E-04
 7.81028   -0.196873E-04    0.314933E-04    0.215907E-04
 7.82831   -0.195468E-04    0.312854E-04    0.215769E-04
 7.84633   -0.194077E-04    0.310791E-04    0.215624E-04
 7.86436   -0.192699E-04    0.308746E-04    0.215471E-04
 7.88238   -0.191333E-04    0.306718E-04    0.215310E-04
 7.90041   -0.189981E-04    0.304707E-04    0.215143E-04
 7.91844   -0.188641E-04    0.302713E-04    0.214968E-04
 7.93646   -0.187313E-04    0.300735E-04    0.214785E-04
 7.95449   -0.185997E-04    0.298774E-04    0.214596E-04
 7.97252   -0.184694E-04    0.296829E-04    0.214400E-04
 7.99054   -0.183403E-04    0.294900E-04    0.214198E-04
 8.00857   -0.182123E-04    0.292987E-04    0.213988E-04
 8.02659   -0.180856E-04    0.291090E-04    0.213773E-04
 8.04462   -0.179600E-04    0.289208E-04    0.213551E-04
 8.06265   -0.178355E-04    0.287341E-04    0.213323E-04
 8.08067   -0.177122E-04    0.285490E-04    0.213089E-04
 8.09870   -0.175900E-04    0.283655E-04    0.212849E-04
 8.11672   -0.174690E-04    0.281834E-04    0.212603E-04
 8.13475   -0.173490E-04    0.280028E-04    0.212351E-04
 8.15278   -0.172302E-04    0.278237E-04    0.212094E-04
 8.17080   -0.171124E-04    0.276460E-04    0.211832E-04
 8.18883   -0.169957E-04    0.274698E-04    0.211564E-04
 8.20685   -0.168801E-04    0.272950E-04    0.211290E-04
 8.22488   -0.167656E-04    0.271217E-04    0.211012E-04
 8.24291   -0.166521E-04    0.269498E-04    0.210728E-04
 8.26093   -0.165396E-04    0.267792E-04    0.210439E-04
 8.27896   -0.164282E-04    0.266101E-04    0.210146E-04
 8.29698   -0.163178E-04    0.264423E-04    0.209848E-04
 8.31501   -0.162085E-04    0.262759E-04    0.209544E-04
 8.33304   -0.161001E-04    0.261108E-04    0.209237E-04
 8.35106   -0.159928E-04    0.259471E-04    0.208924E-04
 8.36909   -0.158865E-04    0.257847E-04    0.208608E-04
 8.38711   -0.157811E-04    0.256236E-04    0.208286E-04
 8.40514   -0.156768E-04    0.254639E-04    0.207961E-04
 8.42317   -0.155734E-04    0.253054E-04    0.207631E-04
 8.44119   -0.154710E-04    0.251482E-04    0.207297E-04
 8.45922   -0.153696E-04    0.249923E-04    0.206960E-04
 8.47724   -0.152691E-04    0.248377E-04    0.206618E-04
 8.49527   -0.151695E-04    0.246843E-04    0.206272E-04
 8.51330   -0.150709E-04    0.245321E-04    0.205923E-04
 8.53132   -0.149733E-04    0.243812E-04    0.205569E-04
 8.54935   -0.148765E-04    0.242314E-04    0.205213E-04
 8.56737   -0.147807E-04    0.240829E-04    0.204852E-04
 8.58540   -0.146857E-04    0.239356E-04    0.204488E-04
 8.60343   -0.145916E-04    0.237895E-04    0.204121E-04
 8.62145   -0.144984E-04    0.236445E-04    0.203750E-04
 8.63948   -0.144061E-04    0.235006E-04    0.203377E-04
 8.65751   -0.143146E-04    0.233580E-04    0.203000E-04
 8.67553   -0.142239E-04    0.232164E-04    0.202620E-04
 8.69356   -0.141340E-04    0.230759E-04    0.202237E-04
 8.71158   -0.140449E-04    0.229366E-04    0.201852E-04
 8.72961   -0.139566E-04    0.227983E-04    0.201464E-04
 8.74764   -0.138691E-04    0.226611E-04    0.201073E-04
 8.76566   -0.137823E-04    0.225249E-04    0.200679E-04
 8.78369   -0.136963E-04    0.223898E-04    0.200283E-04
 8.80171   -0.136109E-04    0.222558E-04    0.199885E-04
 8.81974   -0.135263E-04    0.221227E-04    0.199485E-04
 8.83777   -0.134423E-04    0.219906E-04    0.199083E-04
 8.85579   -0.133590E-04    0.218595E-04    0.198678E-04
 8.87382   -0.132763E-04    0.217294E-04    0.198271E-04
 8.89184   -0.131942E-04    0.216002E-04    0.197863E-04
 8.90987   -0.131128E-04    0.214720E-04    0.197453E-04
 8.92790   -0.130320E-04    0.213447E-04    0.197041E-04
 8.94592   -0.129517E-04    0.212183E-04    0.196628E-04
 8.96395   -0.128720E-04    0.210928E-04    0.196213E-04
 8.98197   -0.127929E-04    0.209682E-04    0.195797E-04
 9.00000   -0.127143E-04    0.208445E-04    0.195380E-04
