 0.00500    0.762950E-02   -0.401343E-02    0.320899E-02
 0.02303    0.620000E-02   -0.329864E-02    0.267269E-02
 0.04105    0.537014E-02   -0.288347E-02    0.236096E-02
 0.05908    0.476923E-02   -0.258273E-02    0.213494E-02
 0.07710    0.429796E-02   -0.234677E-02    0.195731E-02
 0.09513    0.391194E-02   -0.215335E-02    0.181150E-02
 0.11316    0.358673E-02   -0.199028E-02    0.168835E-02
 0.13118    0.330736E-02   -0.185008E-02    0.158225E-02
 0.14921    0.306383E-02   -0.172775E-02    0.148947E-02
 0.16723    0.284913E-02   -0.161979E-02    0.140738E-02
 0.18526    0.265810E-02   -0.152363E-02    0.133409E-02
 0.20329    0.248685E-02   -0.143733E-02    0.126812E-02
 0.22131    0.233237E-02   -0.135937E-02    0.120836E-02
 0.23934    0.219226E-02   -0.128858E-02    0.115394E-02
 0.25736    0.206461E-02   -0.122398E-02    0.110409E-02
 0.27539    0.194782E-02   -0.116480E-02    0.105826E-02
 0.29342    0.184058E-02   -0.111036E-02    0.101594E-02
 0.31144    0.174180E-02   -0.106014E-02    0.976752E-03
 0.32947    0.165054E-02   -0.101366E-02    0.940332E-03
 0.34749    0.156602E-02   -0.970521E-03    0.906390E-03
 0.36552    0.148754E-02   -0.930392E-03    0.874675E-03
 0.38355    0.141451E-02   -0.892975E-03    0.844966E-03
 0.40157    0.134641E-02   -0.858010E-03    0.817073E-03
 0.41960    0.128280E-02   -0.825273E-03    0.790828E-03
 0.43763    0.122327E-02   -0.794566E-03    0.766086E-03
 0.45565    0.116746E-02   -0.765712E-03    0.742716E-03
 0.47368    0.111507E-02   -0.738555E-03    0.720603E-03
 0.49170    0.106582E-02   -0.712957E-03    0.699643E-03
 0.50973    0.101944E-02   -0.688792E-03    0.679746E-03
 0.52776    0.975727E-03   -0.665949E-03    0.660829E-03
 0.54578    0.934468E-03   -0.644326E-03    0.642818E-03
 0.56381    0.895480E-03   -0.623834E-03    0.625645E-03
 0.58183    0.858599E-03   -0.604390E-03    0.609250E-03
 0.59986    0.823675E-03   -0.585919E-03    0.593579E-03
 0.61789    0.790570E-03   -0.568354E-03    0.578582E-03
 0.63591    0.759161E-03   -0.551632E-03    0.564214E-03
 0.65394    0.729331E-03   -0.535698E-03    0.550433E-03
 0.67196    0.700980E-03   -0.520499E-03    0.537201E-03
 0.68999    0.674009E-03   -0.505988E-03    0.524484E-03
 0.70802    0.648333E-03   -0.492123E-03    0.512250E-03
 0.72604    0.623869E-03   -0.478862E-03    0.500471E-03
 0.74407    0.600544E-03   -0.466169E-03    0.489118E-03
 0.76209    0.578288E-03   -0.454011E-03    0.478167E-03
 0.78012    0.557039E-03   -0.442355E-03    0.467596E-03
 0.79815    0.536738E-03   -0.431173E-03    0.457383E-03
 0.81617    0.517331E-03   -0.420438E-03    0.447510E-03
 0.83420    0.498767E-03   -0.410124E-03    0.437956E-03
 0.85222    0.480999E-03   -0.400210E-03    0.428707E-03
 0.87025    0.463984E-03   -0.390673E-03    0.419746E-03
 0.88828    0.447681E-03   -0.381493E-03    0.411059E-03
 0.90630    0.432053E-03   -0.372652E-03    0.402632E-03
 0.92433    0.417064E-03   -0.364131E-03    0.394452E-03
 0.94235    0.402681E-03   -0.355916E-03    0.386508E-03
 0.96038    0.388874E-03   -0.347990E-03    0.378788E-03
 0.97841    0.375613E-03   -0.340340E-03    0.371283E-03
 0.99643    0.362871E-03   -0.332951E-03    0.363983E-03
 1.01446    0.350623E-03   -0.325812E-03    0.356878E-03
 1.03248    0.338846E-03   -0.318911E-03    0.349961E-03
 1.05051    0.327516E-03   -0.312236E-03    0.343222E-03
 1.06854    0.316613E-03   -0.305778E-03    0.336655E-03
 1.08656    0.306116E-03   -0.299526E-03    0.330252E-03
 1.10459    0.296008E-03   -0.293471E-03    0.324007E-03
 1.12262    0.286271E-03   -0.287605E-03    0.317914E-03
 1.14064    0.276887E-03   -0.281919E-03    0.311966E-03
 1.15867    0.267841E-03   -0.276406E-03    0.306158E-03
 1.17669    0.259119E-03   -0.271058E-03    0.300485E-03
 1.19472    0.250706E-03   -0.265869E-03    0.294941E-03
 1.21275    0.242589E-03   -0.260831E-03    0.289523E-03
 1.23077    0.234755E-03   -0.255939E-03    0.284224E-03
 1.24880    0.227193E-03   -0.251187E-03    0.279042E-03
 1.26682    0.219892E-03   -0.246569E-03    0.273972E-03
 1.28485    0.212839E-03   -0.242080E-03    0.269010E-03
 1.30288    0.206026E-03   -0.237714E-03    0.264152E-03
 1.32090    0.199443E-03   -0.233530E-03    0.259396E-03
 1.33893    0.193080E-03   -0.229336E-03    0.254737E-03
 1.35695    0.186928E-03   -0.225314E-03    0.250173E-03
 1.37498    0.180980E-03   -0.221399E-03    0.245700E-03
 1.39301    0.175228E-03   -0.217585E-03    0.241317E-03
 1.41103    0.169663E-03   -0.213870E-03    0.237019E-03
 1.42906    0.164279E-03   -0.210250E-03    0.232804E-03
 1.44708    0.159069E-03   -0.206718E-03    0.228671E-03
 1.46511    0.154026E-03   -0.203278E-03    0.224616E-03
 1.48314    0.149144E-03   -0.199923E-03    0.220637E-03
 1.50116    0.144417E-03   -0.196650E-03    0.216732E-03
 1.51919    0.139840E-03   -0.193456E-03    0.212900E-03
 1.53721    0.135407E-03   -0.190340E-03    0.209137E-03
 1.55524    0.131113E-03   -0.187297E-03    0.205442E-03
 1.57327    0.126952E-03   -0.184327E-03    0.201814E-03
 1.59129    0.122921E-03   -0.181425E-03    0.198250E-03
 1.60932    0.119015E-03   -0.178591E-03    0.194749E-03
 1.62734    0.115229E-03   -0.175822E-03    0.191309E-03
 1.64537    0.111560E-03   -0.173116E-03    0.187929E-03
 1.66340    0.108003E-03   -0.170471E-03    0.184607E-03
 1.68142    0.104555E-03   -0.167886E-03    0.181342E-03
 1.69945    0.101212E-03   -0.165357E-03    0.178132E-03
 1.71747    0.979700E-04   -0.162885E-03    0.174976E-03
 1.73550    0.948271E-04   -0.160466E-03    0.171874E-03
 1.75353    0.917794E-04   -0.158100E-03    0.168823E-03
 1.77155    0.888241E-04   -0.155785E-03    0.165822E-03
 1.78958    0.859582E-04   -0.153520E-03    0.162871E-03
 1.80761    0.831792E-04   -0.151303E-03    0.159969E-03
 1.82563    0.804844E-04   -0.149133E-03    0.157114E-03
 1.84366    0.778714E-04   -0.147008E-03    0.154305E-03
 1.86168    0.753378E-04   -0.144929E-03    0.151541E-03
 1.87971    0.728815E-04   -0.142892E-03    0.148823E-03
 1.89774    0.705004E-04   -0.140898E-03    0.146148E-03
 1.91576    0.681923E-04   -0.138946E-03    0.143516E-03
 1.93379    0.659556E-04   -0.137033E-03    0.140926E-03
 1.95181    0.637883E-04   -0.135161E-03    0.138377E-03
 1.96984    0.616887E-04   -0.133326E-03    0.135869E-03
 1.98787    0.596553E-04   -0.131530E-03    0.133402E-03
 2.00589    0.576859E-04   -0.129771E-03    0.130973E-03
 2.02392    0.557802E-04   -0.128048E-03    0.128583E-03
 2.04194    0.539363E-04   -0.126360E-03    0.126232E-03
 2.05997    0.521528E-04   -0.124708E-03    0.123918E-03
 2.07800    0.504286E-04   -0.123089E-03    0.121641E-03
 2.09602    0.487624E-04   -0.121505E-03    0.119400E-03
 2.11405    0.471531E-04   -0.119953E-03    0.117195E-03
 2.13207    0.455995E-04   -0.118434E-03    0.115026E-03
 2.15010    0.441006E-04   -0.116946E-03    0.112891E-03
 2.16813    0.426553E-04   -0.115490E-03    0.110791E-03
 2.18615    0.412626E-04   -0.114065E-03    0.108725E-03
 2.20418    0.399214E-04   -0.112672E-03    0.106692E-03
 2.22220    0.386307E-04   -0.111306E-03    0.104692E-03
 2.24023    0.373895E-04   -0.109970E-03    0.102724E-03
 2.25826    0.361965E-04   -0.108662E-03    0.100789E-03
 2.27628    0.350509E-04   -0.107382E-03    0.988842E-04
 2.29431    0.339513E-04   -0.106130E-03    0.970106E-04
 2.31233    0.328965E-04   -0.104904E-03    0.951671E-04
 2.33036    0.318854E-04   -0.103704E-03    0.933532E-04
 2.34839    0.309166E-04   -0.102530E-03    0.915683E-04
 2.36641    0.299886E-04   -0.101380E-03    0.898117E-04
 2.38444    0.290999E-04   -0.100254E-03    0.880826E-04
 2.40246    0.282491E-04   -0.991505E-04    0.863806E-04
 2.42049    0.274344E-04   -0.980694E-04    0.847046E-04
 2.43852    0.266541E-04   -0.970096E-04    0.830540E-04
 2.45654    0.259064E-04   -0.959700E-04    0.814280E-04
 2.47457    0.251895E-04   -0.949495E-04    0.798257E-04
 2.49260    0.245010E-04   -0.939474E-04    0.782460E-04
 2.51062    0.238390E-04   -0.929623E-04    0.766883E-04
 2.52865    0.232014E-04   -0.919932E-04    0.751515E-04
 2.54667    0.225859E-04   -0.910389E-04    0.736347E-04
 2.56470    0.219902E-04   -0.900983E-04    0.721367E-04
 2.58273    0.214119E-04   -0.891702E-04    0.706568E-04
 2.60075    0.208486E-04   -0.882531E-04    0.691937E-04
 2.61878    0.202979E-04   -0.873461E-04    0.677466E-04
 2.63680    0.197574E-04   -0.864477E-04    0.663143E-04
 2.65483    0.192247E-04   -0.855567E-04    0.648958E-04
 2.67286    0.186973E-04   -0.846719E-04    0.634900E-04
 2.69088    0.181728E-04   -0.837921E-04    0.620960E-04
 2.70891    0.176489E-04   -0.829160E-04    0.607129E-04
 2.72693    0.171232E-04   -0.820426E-04    0.593396E-04
 2.74496    0.165938E-04   -0.811706E-04    0.579751E-04
 2.76299    0.160583E-04   -0.802991E-04    0.566187E-04
 2.78101    0.155148E-04   -0.794269E-04    0.552696E-04
 2.79904    0.149614E-04   -0.785531E-04    0.539266E-04
 2.81706    0.143965E-04   -0.776768E-04    0.525893E-04
 2.83509    0.138184E-04   -0.767975E-04    0.512570E-04
 2.85312    0.132257E-04   -0.759139E-04    0.499291E-04
 2.87114    0.126172E-04   -0.750258E-04    0.486050E-04
 2.88917    0.119916E-04   -0.741325E-04    0.472842E-04
 2.90719    0.113482E-04   -0.732335E-04    0.459666E-04
 2.92522    0.106862E-04   -0.723285E-04    0.446515E-04
 2.94325    0.100050E-04   -0.714172E-04    0.433387E-04
 2.96127    0.930433E-05   -0.704994E-04    0.420283E-04
 2.97930    0.858407E-05   -0.695751E-04    0.407199E-04
 2.99732    0.784422E-05   -0.686443E-04    0.394138E-04
 3.01535    0.708495E-05   -0.677070E-04    0.381098E-04
 3.03338    0.630667E-05   -0.667635E-04    0.368081E-04
 3.05140    0.550988E-05   -0.658141E-04    0.355088E-04
 3.06943    0.469532E-05   -0.648590E-04    0.342123E-04
 3.08745    0.386380E-05   -0.638989E-04    0.329188E-04
 3.10548    0.301641E-05   -0.629341E-04    0.316287E-04
 3.12351    0.215426E-05   -0.619652E-04    0.303426E-04
 3.14153    0.127862E-05   -0.609930E-04    0.290608E-04
 3.15956    0.390839E-06   -0.600181E-04    0.277839E-04
 3.17759   -0.507624E-06   -0.590413E-04    0.265123E-04
 3.19561   -0.141526E-05   -0.580632E-04    0.252468E-04
 3.21364   -0.233045E-05   -0.570848E-04    0.239880E-04
 3.23166   -0.325155E-05   -0.561068E-04    0.227363E-04
 3.24969   -0.417685E-05   -0.551302E-04    0.214925E-04
 3.26772   -0.510463E-05   -0.541559E-04    0.202573E-04
 3.28574   -0.603311E-05   -0.531847E-04    0.190313E-04
 3.30377   -0.696054E-05   -0.522174E-04    0.178151E-04
 3.32179   -0.788519E-05   -0.512551E-04    0.166095E-04
 3.33982   -0.880532E-05   -0.502986E-04    0.154152E-04
 3.35785   -0.971927E-05   -0.493488E-04    0.142327E-04
 3.37587   -0.106253E-04   -0.484063E-04    0.130625E-04
 3.39390   -0.115220E-04   -0.474722E-04    0.119056E-04
 3.41192   -0.124079E-04   -0.465471E-04    0.107622E-04
 3.42995   -0.132812E-04   -0.456318E-04    0.963303E-05
 3.44798   -0.141408E-04   -0.447270E-04    0.851851E-05
 3.46600   -0.149852E-04   -0.438333E-04    0.741920E-05
 3.48403   -0.158132E-04   -0.429515E-04    0.633551E-05
 3.50205   -0.166238E-04   -0.420820E-04    0.526787E-05
 3.52008   -0.174157E-04   -0.412254E-04    0.421665E-05
 3.53811   -0.181881E-04   -0.403822E-04    0.318220E-05
 3.55613   -0.189402E-04   -0.395527E-04    0.216481E-05
 3.57416   -0.196712E-04   -0.387375E-04    0.116471E-05
 3.59218   -0.203804E-04   -0.379368E-04    0.182211E-06
 3.61021   -0.210672E-04   -0.371508E-04   -0.782581E-06
 3.62824   -0.217312E-04   -0.363798E-04   -0.172952E-05
 3.64626   -0.223719E-04   -0.356241E-04   -0.265848E-05
 3.66429   -0.229892E-04   -0.348837E-04   -0.356937E-05
 3.68231   -0.235826E-04   -0.341588E-04   -0.446219E-05
 3.70034   -0.241522E-04   -0.334494E-04   -0.533690E-05
 3.71837   -0.246978E-04   -0.327555E-04   -0.619353E-05
 3.73639   -0.252195E-04   -0.320771E-04   -0.703221E-05
 3.75442   -0.257174E-04   -0.314142E-04   -0.785290E-05
 3.77244   -0.261916E-04   -0.307666E-04   -0.865579E-05
 3.79047   -0.266424E-04   -0.301343E-04   -0.944104E-05
 3.80850   -0.270699E-04   -0.295171E-04   -0.102088E-04
 3.82652   -0.274743E-04   -0.289147E-04   -0.109591E-04
 3.84455   -0.278565E-04   -0.283271E-04   -0.116924E-04
 3.86258   -0.282165E-04   -0.277540E-04   -0.124087E-04
 3.88060   -0.285549E-04   -0.271951E-04   -0.131084E-04
 3.89863   -0.288721E-04   -0.266502E-04   -0.137916E-04
 3.91665   -0.291686E-04   -0.261191E-04   -0.144586E-04
 3.93468   -0.294449E-04   -0.256014E-04   -0.151097E-04
 3.95271   -0.297016E-04   -0.250969E-04   -0.157451E-04
 3.97073   -0.299392E-04   -0.246052E-04   -0.163651E-04
 3.98876   -0.301584E-04   -0.241261E-04   -0.169701E-04
 4.00678   -0.303596E-04   -0.236592E-04   -0.175602E-04
 4.02481   -0.305435E-04   -0.232042E-04   -0.181359E-04
 4.04284   -0.307107E-04   -0.227608E-04   -0.186973E-04
 4.06086   -0.308618E-04   -0.223287E-04   -0.192449E-04
 4.07889   -0.309973E-04   -0.219075E-04   -0.197788E-04
 4.09691   -0.311178E-04   -0.214970E-04   -0.202994E-04
 4.11494   -0.312240E-04   -0.210968E-04   -0.208070E-04
 4.13297   -0.313164E-04   -0.207067E-04   -0.213019E-04
 4.15099   -0.313955E-04   -0.203262E-04   -0.217843E-04
 4.16902   -0.314620E-04   -0.199552E-04   -0.222546E-04
 4.18704   -0.315164E-04   -0.195932E-04   -0.227129E-04
 4.20507   -0.315592E-04   -0.192401E-04   -0.231597E-04
 4.22310   -0.315909E-04   -0.188955E-04   -0.235952E-04
 4.24112   -0.316121E-04   -0.185591E-04   -0.240196E-04
 4.25915   -0.316232E-04   -0.182307E-04   -0.244332E-04
 4.27717   -0.316247E-04   -0.179101E-04   -0.248362E-04
 4.29520   -0.316172E-04   -0.175969E-04   -0.252289E-04
 4.31323   -0.316009E-04   -0.172909E-04   -0.256116E-04
 4.33125   -0.315764E-04   -0.169918E-04   -0.259845E-04
 4.34928   -0.315441E-04   -0.166996E-04   -0.263478E-04
 4.36730   -0.315045E-04   -0.164138E-04   -0.267017E-04
 4.38533   -0.314578E-04   -0.161343E-04   -0.270464E-04
 4.40336   -0.314044E-04   -0.158609E-04   -0.273823E-04
 4.42138   -0.313448E-04   -0.155933E-04   -0.277094E-04
 4.43941   -0.312792E-04   -0.153314E-04   -0.280280E-04
 4.45743   -0.312081E-04   -0.150751E-04   -0.283382E-04
 4.47546   -0.311316E-04   -0.148240E-04   -0.286403E-04
 4.49349   -0.310502E-04   -0.145780E-04   -0.289345E-04
 4.51151   -0.309641E-04   -0.143371E-04   -0.292209E-04
 4.52954   -0.308735E-04   -0.141009E-04   -0.294997E-04
 4.54757   -0.307792E-04   -0.138693E-04   -0.297711E-04
 4.56559   -0.306806E-04   -0.136423E-04   -0.300352E-04
 4.58362   -0.305784E-04   -0.134197E-04   -0.302922E-04
 4.60164   -0.304727E-04   -0.132012E-04   -0.305423E-04
 4.61967   -0.303638E-04   -0.129868E-04   -0.307856E-04
 4.63770   -0.302519E-04   -0.127764E-04   -0.310222E-04
 4.65572   -0.301372E-04   -0.125698E-04   -0.312524E-04
 4.67375   -0.300198E-04   -0.123670E-04   -0.314761E-04
 4.69177   -0.299001E-04   -0.121677E-04   -0.316936E-04
 4.70980   -0.297780E-04   -0.119720E-04   -0.319052E-04
 4.72783   -0.296539E-04   -0.117797E-04   -0.321107E-04
 4.74585   -0.295278E-04   -0.115906E-04   -0.323104E-04
 4.76388   -0.294000E-04   -0.114048E-04   -0.325043E-04
 4.78190   -0.292704E-04   -0.112221E-04   -0.326927E-04
 4.79993   -0.291393E-04   -0.110424E-04   -0.328755E-04
 4.81796   -0.290068E-04   -0.108657E-04   -0.330530E-04
 4.83598   -0.288731E-04   -0.106918E-04   -0.332252E-04
 4.85401   -0.287381E-04   -0.105207E-04   -0.333922E-04
 4.87203   -0.286021E-04   -0.103524E-04   -0.335541E-04
 4.89006   -0.284651E-04   -0.101867E-04   -0.337111E-04
 4.90809   -0.283273E-04   -0.100235E-04   -0.338631E-04
 4.92611   -0.281887E-04   -0.986291E-05   -0.340104E-04
 4.94414   -0.280494E-04   -0.970465E-05   -0.341529E-04
 4.96216   -0.279094E-04   -0.954886E-05   -0.342909E-04
 4.98019   -0.277690E-04   -0.939539E-05   -0.344242E-04
 4.99822   -0.276281E-04   -0.924418E-05   -0.345532E-04
 5.01624   -0.274869E-04   -0.909520E-05   -0.346777E-04
 5.03427   -0.273453E-04   -0.894837E-05   -0.347979E-04
 5.05229   -0.272035E-04   -0.880365E-05   -0.349139E-04
 5.07032   -0.270615E-04   -0.866100E-05   -0.350258E-04
 5.08835   -0.269194E-04   -0.852036E-05   -0.351336E-04
 5.10637   -0.267772E-04   -0.838167E-05   -0.352375E-04
 5.12440   -0.266350E-04   -0.824493E-05   -0.353374E-04
 5.14242   -0.264929E-04   -0.811006E-05   -0.354334E-04
 5.16045   -0.263508E-04   -0.797705E-05   -0.355257E-04
 5.17848   -0.262089E-04   -0.784582E-05   -0.356142E-04
 5.19650   -0.260671E-04   -0.771636E-05   -0.356991E-04
 5.21453   -0.259255E-04   -0.758862E-05   -0.357805E-04
 5.23256   -0.257842E-04   -0.746257E-05   -0.358583E-04
 5.25058   -0.256431E-04   -0.733817E-05   -0.359327E-04
 5.26861   -0.255024E-04   -0.721540E-05   -0.360038E-04
 5.28663   -0.253620E-04   -0.709421E-05   -0.360715E-04
 5.30466   -0.252220E-04   -0.697457E-05   -0.361360E-04
 5.32269   -0.250824E-04   -0.685646E-05   -0.361972E-04
 5.34071   -0.249433E-04   -0.673985E-05   -0.362554E-04
 5.35874   -0.248046E-04   -0.662471E-05   -0.363104E-04
 5.37676   -0.246664E-04   -0.651100E-05   -0.363625E-04
 5.39479   -0.245287E-04   -0.639871E-05   -0.364115E-04
 5.41282   -0.243915E-04   -0.628781E-05   -0.364576E-04
 5.43084   -0.242548E-04   -0.617827E-05   -0.365009E-04
 5.44887   -0.241187E-04   -0.607007E-05   -0.365413E-04
 5.46689   -0.239832E-04   -0.596319E-05   -0.365789E-04
 5.48492   -0.238483E-04   -0.585759E-05   -0.366138E-04
 5.50295   -0.237140E-04   -0.575328E-05   -0.366460E-04
 5.52097   -0.235803E-04   -0.565021E-05   -0.366755E-04
 5.53900   -0.234473E-04   -0.554836E-05   -0.367025E-04
 5.55702   -0.233149E-04   -0.544774E-05   -0.367268E-04
 5.57505   -0.231831E-04   -0.534831E-05   -0.367486E-04
 5.59308   -0.230520E-04   -0.525004E-05   -0.367679E-04
 5.61110   -0.229216E-04   -0.515295E-05   -0.367848E-04
 5.62913   -0.227918E-04   -0.505698E-05   -0.367992E-04
 5.64715   -0.226627E-04   -0.496214E-05   -0.368113E-04
 5.66518   -0.225343E-04   -0.486840E-05   -0.368210E-04
 5.68321   -0.224066E-04   -0.477576E-05   -0.368284E-04
 5.70123   -0.222796E-04   -0.468419E-05   -0.368336E-04
 5.71926   -0.221533E-04   -0.459368E-05   -0.368365E-04
 5.73728   -0.220276E-04   -0.450423E-05   -0.368373E-04
 5.75531   -0.219027E-04   -0.441580E-05   -0.368359E-04
 5.77334   -0.217785E-04   -0.432840E-05   -0.368323E-04
 5.79136   -0.216550E-04   -0.424200E-05   -0.368267E-04
 5.80939   -0.215321E-04   -0.415660E-05   -0.368191E-04
 5.82741   -0.214100E-04   -0.407220E-05   -0.368095E-04
 5.84544   -0.212886E-04   -0.398875E-05   -0.367978E-04
 5.86347   -0.211679E-04   -0.390626E-05   -0.367842E-04
 5.88149   -0.210479E-04   -0.382471E-05   -0.367687E-04
 5.89952   -0.209286E-04   -0.374411E-05   -0.367514E-04
 5.91755   -0.208100E-04   -0.366443E-05   -0.367322E-04
 5.93557   -0.206921E-04   -0.358566E-05   -0.367112E-04
 5.95360   -0.205748E-04   -0.350779E-05   -0.366884E-04
 5.97162   -0.204583E-04   -0.343083E-05   -0.366638E-04
 5.98965   -0.203425E-04   -0.335474E-05   -0.366375E-04
 6.00768   -0.202273E-04   -0.327953E-05   -0.366095E-04
 6.02570   -0.201128E-04   -0.320517E-05   -0.365799E-04
 6.04373   -0.199990E-04   -0.313168E-05   -0.365486E-04
 6.06175   -0.198859E-04   -0.305905E-05   -0.365157E-04
 6.07978   -0.197735E-04   -0.298725E-05   -0.364812E-04
 6.09781   -0.196617E-04   -0.291628E-05   -0.364451E-04
 6.11583   -0.195506E-04   -0.284613E-05   -0.364075E-04
 6.13386   -0.194401E-04   -0.277679E-05   -0.363685E-04
 6.15188   -0.193303E-04   -0.270826E-05   -0.363279E-04
 6.16991   -0.192212E-04   -0.264052E-05   -0.362858E-04
 6.18794   -0.191127E-04   -0.257359E-05   -0.362424E-04
 6.20596   -0.190048E-04   -0.250742E-05   -0.361975E-04
 6.22399   -0.188976E-04   -0.244203E-05   -0.361512E-04
 6.24201   -0.187910E-04   -0.237740E-05   -0.361036E-04
 6.26004   -0.186850E-04   -0.231354E-05   -0.360546E-04
 6.27807   -0.185797E-04   -0.225042E-05   -0.360043E-04
 6.29609   -0.184750E-04   -0.218805E-05   -0.359528E-04
 6.31412   -0.183709E-04   -0.212642E-05   -0.358999E-04
 6.33214   -0.182674E-04   -0.206552E-05   -0.358458E-04
 6.35017   -0.181645E-04   -0.200533E-05   -0.357905E-04
 6.36820   -0.180622E-04   -0.194588E-05   -0.357339E-04
 6.38622   -0.179605E-04   -0.188713E-05   -0.356762E-04
 6.40425   -0.178593E-04   -0.182908E-05   -0.356173E-04
 6.42227   -0.177588E-04   -0.177173E-05   -0.355573E-04
 6.44030   -0.176588E-04   -0.171507E-05   -0.354961E-04
 6.45833   -0.175594E-04   -0.165910E-05   -0.354334E-04
 6.47635   -0.174606E-04   -0.160380E-05   -0.353700E-04
 6.49438   -0.173624E-04   -0.154917E-05   -0.353056E-04
 6.51240   -0.172646E-04   -0.149521E-05   -0.352402E-04
 6.53043   -0.171675E-04   -0.144191E-05   -0.351738E-04
 6.54846   -0.170709E-04   -0.138925E-05   -0.351063E-04
 6.56648   -0.169749E-04   -0.133723E-05   -0.350378E-04
 6.58451   -0.168794E-04   -0.128586E-05   -0.349684E-04
 6.60254   -0.167844E-04   -0.123512E-05   -0.348981E-04
 6.62056   -0.166899E-04   -0.118501E-05   -0.348268E-04
 6.63859   -0.165960E-04   -0.113553E-05   -0.347546E-04
 6.65661   -0.165027E-04   -0.108665E-05   -0.346815E-04
 6.67464   -0.164098E-04   -0.103838E-05   -0.346075E-04
 6.69267   -0.163175E-04   -0.990706E-06   -0.345328E-04
 6.71069   -0.162257E-04   -0.943631E-06   -0.344571E-04
 6.72872   -0.161344E-04   -0.897139E-06   -0.343807E-04
 6.74674   -0.160436E-04   -0.851229E-06   -0.343034E-04
 6.76477   -0.159533E-04   -0.805893E-06   -0.342254E-04
 6.78280   -0.158636E-04   -0.761124E-06   -0.341466E-04
 6.80082   -0.157743E-04   -0.716916E-06   -0.340670E-04
 6.81885   -0.156856E-04   -0.673263E-06   -0.339867E-04
 6.83687   -0.155974E-04   -0.630155E-06   -0.339057E-04
 6.85490   -0.155096E-04   -0.587590E-06   -0.338240E-04
 6.87293   -0.154224E-04   -0.545550E-06   -0.337417E-04
 6.89095   -0.153357E-04   -0.504039E-06   -0.336586E-04
 6.90898   -0.152494E-04   -0.463048E-06   -0.335749E-04
 6.92700   -0.151637E-04   -0.422573E-06   -0.334906E-04
 6.94503   -0.150785E-04   -0.382601E-06   -0.334057E-04
 6.96306   -0.149938E-04   -0.343129E-06   -0.333201E-04
 6.98108   -0.149095E-04   -0.304149E-06   -0.332340E-04
 6.99911   -0.148258E-04   -0.265656E-06   -0.331478E-04
 7.01713   -0.147426E-04   -0.227642E-06   -0.330605E-04
 7.03516   -0.146598E-04   -0.190102E-06   -0.329727E-04
 7.05319   -0.145776E-04   -0.153029E-06   -0.328844E-04
 7.07121   -0.144959E-04   -0.116418E-06   -0.327956E-04
 7.08924   -0.144146E-04   -0.802594E-07   -0.327063E-04
 7.10726   -0.143339E-04   -0.445475E-07   -0.326165E-04
 7.12529   -0.142536E-04   -0.927747E-08   -0.325262E-04
 7.14332   -0.141738E-04    0.255573E-07   -0.324355E-04
 7.16134   -0.140946E-04    0.599633E-07   -0.323443E-04
 7.17937   -0.140158E-04    0.939445E-07   -0.322528E-04
 7.19739   -0.139375E-04    0.127508E-06   -0.321608E-04
 7.21542   -0.138597E-04    0.160663E-06   -0.320684E-04
 7.23345   -0.137824E-04    0.193409E-06   -0.319756E-04
 7.25147   -0.137056E-04    0.225753E-06   -0.318824E-04
 7.26950   -0.136293E-04    0.257704E-06   -0.317889E-04
 7.28753   -0.135535E-04    0.289264E-06   -0.316950E-04
 7.30555   -0.134781E-04    0.320436E-06   -0.316008E-04
 7.32358   -0.134033E-04    0.351230E-06   -0.315062E-04
 7.34160   -0.133289E-04    0.381651E-06   -0.314114E-04
 7.35963   -0.132550E-04    0.411701E-06   -0.313162E-04
 7.37766   -0.131816E-04    0.441384E-06   -0.312208E-04
 7.39568   -0.131087E-04    0.470709E-06   -0.311250E-04
 7.41371   -0.130362E-04    0.499680E-06   -0.310290E-04
 7.43173   -0.129642E-04    0.528300E-06   -0.309327E-04
 7.44976   -0.128927E-04    0.556574E-06   -0.308362E-04
 7.46779   -0.128217E-04    0.584505E-06   -0.307395E-04
 7.48581   -0.127511E-04    0.612099E-06   -0.306425E-04
 7.50384   -0.126811E-04    0.639361E-06   -0.305453E-04
 7.52186   -0.126114E-04    0.666293E-06   -0.304478E-04
 7.53989   -0.125423E-04    0.692900E-06   -0.303502E-04
 7.55792   -0.124736E-04    0.719187E-06   -0.302524E-04
 7.57594   -0.124053E-04    0.745157E-06   -0.301544E-04
 7.59397   -0.123376E-04    0.770813E-06   -0.300562E-04
 7.61199   -0.122702E-04    0.796162E-06   -0.299579E-04
 7.63002   -0.122034E-04    0.821204E-06   -0.298594E-04
 7.64805   -0.121369E-04    0.845944E-06   -0.297608E-04
 7.66607   -0.120710E-04    0.870385E-06   -0.296620E-04
 7.68410   -0.120055E-04    0.894532E-06   -0.295631E-04
 7.70212   -0.119404E-04    0.918389E-06   -0.294641E-04
 7.72015   -0.118757E-04    0.941956E-06   -0.293650E-04
 7.73818   -0.118115E-04    0.965242E-06   -0.292657E-04
 7.75620   -0.117478E-04    0.988245E-06   -0.291664E-04
 7.77423   -0.116844E-04    0.101097E-05   -0.290670E-04
 7.79225   -0.116215E-04    0.103342E-05   -0.289675E-04
 7.81028   -0.115591E-04    0.105560E-05   -0.288679E-04
 7.82831   -0.114970E-04    0.107751E-05   -0.287682E-04
 7.84633   -0.114354E-04    0.109916E-05   -0.286685E-04
 7.86436   -0.113742E-04    0.112054E-05   -0.285687E-04
 7.88238   -0.113134E-04    0.114167E-05   -0.284689E-04
 7.90041   -0.112530E-04    0.116253E-05   -0.283691E-04
 7.91844   -0.111931E-04    0.118315E-05   -0.282692E-04
 7.93646   -0.111335E-04    0.120351E-05   -0.281693E-04
 7.95449   -0.110744E-04    0.122363E-05   -0.280693E-04
 7.97252   -0.110156E-04    0.124350E-05   -0.279694E-04
 7.99054   -0.109573E-04    0.126313E-05   -0.278694E-04
 8.00857   -0.108994E-04    0.128252E-05   -0.277694E-04
 8.02659   -0.108418E-04    0.130168E-05   -0.276695E-04
 8.04462   -0.107847E-04    0.132059E-05   -0.275695E-04
 8.06265   -0.107279E-04    0.133928E-05   -0.274696E-04
 8.08067   -0.106716E-04    0.135774E-05   -0.273697E-04
 8.09870   -0.106156E-04    0.137597E-05   -0.272698E-04
 8.11672   -0.105600E-04    0.139398E-05   -0.271699E-04
 8.13475   -0.105048E-04    0.141176E-05   -0.270701E-04
 8.15278   -0.104500E-04    0.142933E-05   -0.269703E-04
 8.17080   -0.103955E-04    0.144667E-05   -0.268706E-04
 8.18883   -0.103414E-04    0.146381E-05   -0.267709E-04
 8.20685   -0.102877E-04    0.148072E-05   -0.266713E-04
 8.22488   -0.102344E-04    0.149743E-05   -0.265718E-04
 8.24291   -0.101814E-04    0.151393E-05   -0.264723E-04
 8.26093   -0.101287E-04    0.153022E-05   -0.263729E-04
 8.27896   -0.100765E-04    0.154631E-05   -0.262735E-04
 8.29698   -0.100246E-04    0.156219E-05   -0.261742E-04
 8.31501   -0.997301E-05    0.157788E-05   -0.260751E-04
 8.33304   -0.992181E-05    0.159337E-05   -0.259760E-04
 8.35106   -0.987095E-05    0.160866E-05   -0.258770E-04
 8.36909   -0.982043E-05    0.162375E-05   -0.257781E-04
 8.38711   -0.977026E-05    0.163865E-05   -0.256793E-04
 8.40514   -0.972043E-05    0.165337E-05   -0.255806E-04
 8.42317   -0.967093E-05    0.166789E-05   -0.254820E-04
 8.44119   -0.962177E-05    0.168222E-05   -0.253835E-04
 8.45922   -0.957294E-05    0.169637E-05   -0.252852E-04
 8.47724   -0.952444E-05    0.171034E-05   -0.251870E-04
 8.49527   -0.947627E-05    0.172412E-05   -0.250889E-04
 8.51330   -0.942842E-05    0.173773E-05   -0.249909E-04
 8.53132   -0.938088E-05    0.175116E-05   -0.248930E-04
 8.54935   -0.933367E-05    0.176441E-05   -0.247953E-04
 8.56737   -0.928677E-05    0.177748E-05   -0.246978E-04
 8.58540   -0.924019E-05    0.179038E-05   -0.246003E-04
 8.60343   -0.919391E-05    0.180311E-05   -0.245030E-04
 8.62145   -0.914794E-05    0.181567E-05   -0.244059E-04
 8.63948   -0.910228E-05    0.182806E-05   -0.243089E-04
 8.65751   -0.905692E-05    0.184028E-05   -0.242121E-04
 8.67553   -0.901186E-05    0.185234E-05   -0.241154E-04
 8.69356   -0.896709E-05    0.186423E-05   -0.240189E-04
 8.71158   -0.892262E-05    0.187596E-05   -0.239225E-04
 8.72961   -0.887844E-05    0.188753E-05   -0.238263E-04
 8.74764   -0.883454E-05    0.189893E-05   -0.237303E-04
 8.76566   -0.879094E-05    0.191018E-05   -0.236344E-04
 8.78369   -0.874761E-05    0.192127E-05   -0.235387E-04
 8.80171   -0.870457E-05    0.193221E-05   -0.234432E-04
 8.81974   -0.866180E-05    0.194298E-05   -0.233479E-04
 8.83777   -0.861931E-05    0.195361E-05   -0.232527E-04
 8.85579   -0.857709E-05    0.196408E-05   -0.231577E-04
 8.87382   -0.853515E-05    0.197440E-05   -0.230629E-04
 8.89184   -0.849347E-05    0.198458E-05   -0.229683E-04
 8.90987   -0.845205E-05    0.199460E-05   -0.228739E-04
 8.92790   -0.841090E-05    0.200447E-05   -0.227797E-04
 8.94592   -0.837001E-05    0.201420E-05   -0.226856E-04
 8.96395   -0.832937E-05    0.202378E-05   -0.225918E-04
 8.98197   -0.828899E-05    0.203322E-05   -0.224981E-04
 9.00000   -0.824887E-05    0.204252E-05   -0.224047E-04
