 0.00500    0.397237E-01   -0.195789E-01    0.143529E-01
 0.02303    0.320543E-01   -0.157446E-01    0.114773E-01
 0.04105    0.276323E-01   -0.135338E-01    0.981979E-02
 0.05908    0.244439E-01   -0.119401E-01    0.862530E-02
 0.07710    0.219522E-01   -0.106948E-01    0.769231E-02
 0.09513    0.199176E-01   -0.967821E-02    0.693099E-02
 0.11316    0.182084E-01   -0.882441E-02    0.629195E-02
 0.13118    0.167441E-01   -0.809307E-02    0.574486E-02
 0.14921    0.154709E-01   -0.745737E-02    0.526960E-02
 0.16723    0.143512E-01   -0.689847E-02    0.485204E-02
 0.18526    0.133573E-01   -0.640251E-02    0.448177E-02
 0.20329    0.124684E-01   -0.595911E-02    0.415100E-02
 0.22131    0.116684E-01   -0.556018E-02    0.385364E-02
 0.23934    0.109445E-01   -0.519931E-02    0.358489E-02
 0.25736    0.102863E-01   -0.487137E-02    0.334088E-02
 0.27539    0.968542E-02   -0.457210E-02    0.311843E-02
 0.29342    0.913487E-02   -0.429802E-02    0.291490E-02
 0.31144    0.862881E-02   -0.404620E-02    0.272811E-02
 0.32947    0.816228E-02   -0.381416E-02    0.255619E-02
 0.34749    0.773102E-02   -0.359979E-02    0.239755E-02
 0.36552    0.733139E-02   -0.340123E-02    0.225080E-02
 0.38355    0.696025E-02   -0.321694E-02    0.211478E-02
 0.40157    0.661485E-02   -0.304554E-02    0.198844E-02
 0.41960    0.629282E-02   -0.288582E-02    0.187089E-02
 0.43763    0.599200E-02   -0.273672E-02    0.176132E-02
 0.45565    0.571056E-02   -0.259732E-02    0.165904E-02
 0.47368    0.544682E-02   -0.246678E-02    0.156342E-02
 0.49170    0.519930E-02   -0.234435E-02    0.147390E-02
 0.50973    0.496670E-02   -0.222938E-02    0.138998E-02
 0.52776    0.474781E-02   -0.212128E-02    0.131122E-02
 0.54578    0.454158E-02   -0.201952E-02    0.123722E-02
 0.56381    0.434705E-02   -0.192360E-02    0.116762E-02
 0.58183    0.416334E-02   -0.183310E-02    0.110209E-02
 0.59986    0.398967E-02   -0.174762E-02    0.104032E-02
 0.61789    0.382534E-02   -0.166680E-02    0.982059E-03
 0.63591    0.366968E-02   -0.159033E-02    0.927056E-03
 0.65394    0.352210E-02   -0.151790E-02    0.875087E-03
 0.67196    0.338207E-02   -0.144923E-02    0.825945E-03
 0.68999    0.324907E-02   -0.138409E-02    0.779443E-03
 0.70802    0.312266E-02   -0.132224E-02    0.735410E-03
 0.72604    0.300242E-02   -0.126347E-02    0.693683E-03
 0.74407    0.288796E-02   -0.120759E-02    0.654129E-03
 0.76209    0.277893E-02   -0.115443E-02    0.616613E-03
 0.78012    0.267499E-02   -0.110381E-02    0.580999E-03
 0.79815    0.257585E-02   -0.105558E-02    0.547178E-03
 0.81617    0.248123E-02   -0.100962E-02    0.515045E-03
 0.83420    0.239086E-02   -0.965776E-03    0.484503E-03
 0.85222    0.230451E-02   -0.923942E-03    0.455460E-03
 0.87025    0.222196E-02   -0.883999E-03    0.427832E-03
 0.88828    0.214298E-02   -0.845845E-03    0.401540E-03
 0.90630    0.206740E-02   -0.809381E-03    0.376510E-03
 0.92433    0.199502E-02   -0.774517E-03    0.352673E-03
 0.94235    0.192568E-02   -0.741168E-03    0.329966E-03
 0.96038    0.185922E-02   -0.709256E-03    0.308328E-03
 0.97841    0.179549E-02   -0.678707E-03    0.287706E-03
 0.99643    0.173436E-02   -0.649453E-03    0.268045E-03
 1.01446    0.167570E-02   -0.621427E-03    0.249299E-03
 1.03248    0.161938E-02   -0.594569E-03    0.231419E-03
 1.05051    0.156529E-02   -0.568820E-03    0.214363E-03
 1.06854    0.151331E-02   -0.544128E-03    0.198090E-03
 1.08656    0.146336E-02   -0.520441E-03    0.182562E-03
 1.10459    0.141534E-02   -0.497707E-03    0.167742E-03
 1.12262    0.136915E-02   -0.475892E-03    0.153597E-03
 1.14064    0.132471E-02   -0.454952E-03    0.140096E-03
 1.15867    0.128195E-02   -0.434840E-03    0.127207E-03
 1.17669    0.124078E-02   -0.415521E-03    0.114904E-03
 1.19472    0.120114E-02   -0.396961E-03    0.103158E-03
 1.21275    0.116296E-02   -0.379124E-03    0.919443E-04
 1.23077    0.112618E-02   -0.361980E-03    0.812387E-04
 1.24880    0.109073E-02   -0.345498E-03    0.710184E-04
 1.26682    0.105655E-02   -0.329650E-03    0.612619E-04
 1.28485    0.102360E-02   -0.314409E-03    0.519483E-04
 1.30288    0.991826E-03   -0.299748E-03    0.430587E-04
 1.32090    0.961173E-03   -0.285643E-03    0.345743E-04
 1.33893    0.931594E-03   -0.272072E-03    0.264774E-04
 1.35695    0.903049E-03   -0.259011E-03    0.187515E-04
 1.37498    0.875495E-03   -0.246441E-03    0.113808E-04
 1.39301    0.848894E-03   -0.234339E-03    0.435031E-05
 1.41103    0.823207E-03   -0.222692E-03   -0.235404E-05
 1.42906    0.798397E-03   -0.211477E-03   -0.874597E-05
 1.44708    0.774432E-03   -0.200678E-03   -0.148385E-04
 1.46511    0.751277E-03   -0.190279E-03   -0.206439E-04
 1.48314    0.728903E-03   -0.180265E-03   -0.261739E-04
 1.50116    0.707278E-03   -0.170620E-03   -0.314399E-04
 1.51919    0.686376E-03   -0.161331E-03   -0.364523E-04
 1.53721    0.666169E-03   -0.152384E-03   -0.412211E-04
 1.55524    0.646632E-03   -0.143766E-03   -0.457565E-04
 1.57327    0.627742E-03   -0.135465E-03   -0.500671E-04
 1.59129    0.609473E-03   -0.127470E-03   -0.541618E-04
 1.60932    0.591806E-03   -0.119770E-03   -0.580491E-04
 1.62734    0.574717E-03   -0.112353E-03   -0.617367E-04
 1.64537    0.558188E-03   -0.105211E-03   -0.652323E-04
 1.66340    0.542198E-03   -0.983322E-04   -0.685430E-04
 1.68142    0.526730E-03   -0.917091E-04   -0.716759E-04
 1.69945    0.511767E-03   -0.853321E-04   -0.746374E-04
 1.71747    0.497291E-03   -0.791935E-04   -0.774338E-04
 1.73550    0.483287E-03   -0.732852E-04   -0.800704E-04
 1.75353    0.469740E-03   -0.675998E-04   -0.825535E-04
 1.77155    0.456635E-03   -0.621298E-04   -0.848882E-04
 1.78958    0.443960E-03   -0.568692E-04   -0.870795E-04
 1.80761    0.431702E-03   -0.518114E-04   -0.891323E-04
 1.82563    0.419847E-03   -0.469501E-04   -0.910506E-04
 1.84366    0.408386E-03   -0.422798E-04   -0.928395E-04
 1.86168    0.397308E-03   -0.377951E-04   -0.945022E-04
 1.87971    0.386602E-03   -0.334910E-04   -0.960429E-04
 1.89774    0.376258E-03   -0.293629E-04   -0.974649E-04
 1.91576    0.366269E-03   -0.254063E-04   -0.987716E-04
 1.93379    0.356626E-03   -0.216172E-04   -0.999656E-04
 1.95181    0.347322E-03   -0.179916E-04   -0.101050E-03
 1.96984    0.338348E-03   -0.145263E-04   -0.102028E-03
 1.98787    0.329699E-03   -0.112177E-04   -0.102901E-03
 2.00589    0.321368E-03   -0.806267E-05   -0.103672E-03
 2.02392    0.313349E-03   -0.505840E-05   -0.104343E-03
 2.04194    0.305637E-03   -0.220213E-05   -0.104916E-03
 2.05997    0.298227E-03    0.508598E-06   -0.105392E-03
 2.07800    0.291113E-03    0.307636E-05   -0.105774E-03
 2.09602    0.284292E-03    0.550327E-05   -0.106063E-03
 2.11405    0.277759E-03    0.779158E-05   -0.106261E-03
 2.13207    0.271509E-03    0.994367E-05   -0.106369E-03
 2.15010    0.265538E-03    0.119614E-04   -0.106389E-03
 2.16813    0.259842E-03    0.138468E-04   -0.106322E-03
 2.18615    0.254417E-03    0.156022E-04   -0.106170E-03
 2.20418    0.249257E-03    0.172300E-04   -0.105934E-03
 2.22220    0.244358E-03    0.187325E-04   -0.105617E-03
 2.24023    0.239714E-03    0.201123E-04   -0.105220E-03
 2.25826    0.235321E-03    0.213723E-04   -0.104745E-03
 2.27628    0.231171E-03    0.225154E-04   -0.104195E-03
 2.29431    0.227258E-03    0.235452E-04   -0.103571E-03
 2.31233    0.223574E-03    0.244654E-04   -0.102877E-03
 2.33036    0.220111E-03    0.252801E-04   -0.102115E-03
 2.34839    0.216860E-03    0.259939E-04   -0.101289E-03
 2.36641    0.213811E-03    0.266118E-04   -0.100402E-03
 2.38444    0.210951E-03    0.271394E-04   -0.994598E-04
 2.40246    0.208271E-03    0.275826E-04   -0.984651E-04
 2.42049    0.205755E-03    0.279479E-04   -0.974231E-04
 2.43852    0.203391E-03    0.282424E-04   -0.963393E-04
 2.45654    0.201162E-03    0.284736E-04   -0.952188E-04
 2.47457    0.199054E-03    0.286496E-04   -0.940677E-04
 2.49260    0.197048E-03    0.287786E-04   -0.928923E-04
 2.51062    0.195128E-03    0.288698E-04   -0.916990E-04
 2.52865    0.193274E-03    0.289323E-04   -0.904946E-04
 2.54667    0.191468E-03    0.289754E-04   -0.892863E-04
 2.56470    0.189690E-03    0.290090E-04   -0.880813E-04
 2.58273    0.187920E-03    0.290429E-04   -0.868863E-04
 2.60075    0.186138E-03    0.290873E-04   -0.857100E-04
 2.61878    0.184324E-03    0.291519E-04   -0.845586E-04
 2.63680    0.182459E-03    0.292467E-04   -0.834397E-04
 2.65483    0.180523E-03    0.293811E-04   -0.823604E-04
 2.67286    0.178498E-03    0.295645E-04   -0.813276E-04
 2.69088    0.176366E-03    0.298056E-04   -0.803466E-04
 2.70891    0.174110E-03    0.301127E-04   -0.794260E-04
 2.72693    0.171715E-03    0.304935E-04   -0.785703E-04
 2.74496    0.169168E-03    0.309550E-04   -0.777846E-04
 2.76299    0.166455E-03    0.315037E-04   -0.770745E-04
 2.78101    0.163565E-03    0.321446E-04   -0.764419E-04
 2.79904    0.160491E-03    0.328821E-04   -0.758913E-04
 2.81706    0.157225E-03    0.337194E-04   -0.754249E-04
 2.83509    0.153762E-03    0.346595E-04   -0.750446E-04
 2.85312    0.150099E-03    0.357035E-04   -0.747515E-04
 2.87114    0.146237E-03    0.368519E-04   -0.745457E-04
 2.88917    0.142175E-03    0.381039E-04   -0.744269E-04
 2.90719    0.137917E-03    0.394582E-04   -0.743938E-04
 2.92522    0.133468E-03    0.409120E-04   -0.744444E-04
 2.94325    0.128836E-03    0.424618E-04   -0.745759E-04
 2.96127    0.124030E-03    0.441029E-04   -0.747852E-04
 2.97930    0.119059E-03    0.458303E-04   -0.750682E-04
 2.99732    0.113937E-03    0.476377E-04   -0.754203E-04
 3.01535    0.108676E-03    0.495188E-04   -0.758366E-04
 3.03338    0.103291E-03    0.514663E-04   -0.763117E-04
 3.05140    0.977979E-04    0.534722E-04   -0.768398E-04
 3.06943    0.922119E-04    0.555286E-04   -0.774150E-04
 3.08745    0.865503E-04    0.576275E-04   -0.780308E-04
 3.10548    0.808302E-04    0.597596E-04   -0.786810E-04
 3.12351    0.750689E-04    0.619169E-04   -0.793590E-04
 3.14153    0.692838E-04    0.640908E-04   -0.800585E-04
 3.15956    0.634920E-04    0.662723E-04   -0.807728E-04
 3.17759    0.577106E-04    0.684527E-04   -0.814958E-04
 3.19561    0.519558E-04    0.706250E-04   -0.822213E-04
 3.21364    0.462434E-04    0.727802E-04   -0.829434E-04
 3.23166    0.405885E-04    0.749109E-04   -0.836566E-04
 3.24969    0.350052E-04    0.770107E-04   -0.843555E-04
 3.26772    0.295068E-04    0.790725E-04   -0.850351E-04
 3.28574    0.241057E-04    0.810904E-04   -0.856909E-04
 3.30377    0.188134E-04    0.830584E-04   -0.863187E-04
 3.32179    0.136400E-04    0.849717E-04   -0.869144E-04
 3.33982    0.859500E-05    0.868254E-04   -0.874746E-04
 3.35785    0.368636E-05    0.886155E-04   -0.879964E-04
 3.37587   -0.107892E-05    0.903386E-04   -0.884771E-04
 3.39390   -0.569485E-05    0.919917E-04   -0.889144E-04
 3.41192   -0.101565E-04    0.935723E-04   -0.893065E-04
 3.42995   -0.144601E-04    0.950786E-04   -0.896519E-04
 3.44798   -0.186025E-04    0.965090E-04   -0.899495E-04
 3.46600   -0.225817E-04    0.978625E-04   -0.901984E-04
 3.48403   -0.263965E-04    0.991384E-04   -0.903983E-04
 3.50205   -0.300464E-04    0.100337E-03   -0.905489E-04
 3.52008   -0.335317E-04    0.101457E-03   -0.906503E-04
 3.53811   -0.368535E-04    0.102500E-03   -0.907027E-04
 3.55613   -0.400134E-04    0.103468E-03   -0.907069E-04
 3.57416   -0.430136E-04    0.104360E-03   -0.906635E-04
 3.59218   -0.458568E-04    0.105178E-03   -0.905736E-04
 3.61021   -0.485460E-04    0.105923E-03   -0.904381E-04
 3.62824   -0.510848E-04    0.106598E-03   -0.902583E-04
 3.64626   -0.534771E-04    0.107205E-03   -0.900358E-04
 3.66429   -0.557267E-04    0.107745E-03   -0.897718E-04
 3.68231   -0.578380E-04    0.108220E-03   -0.894679E-04
 3.70034   -0.598156E-04    0.108632E-03   -0.891258E-04
 3.71837   -0.616637E-04    0.108985E-03   -0.887471E-04
 3.73639   -0.633873E-04    0.109280E-03   -0.883334E-04
 3.75442   -0.649910E-04    0.109519E-03   -0.878864E-04
 3.77244   -0.664797E-04    0.109705E-03   -0.874079E-04
 3.79047   -0.678580E-04    0.109841E-03   -0.868995E-04
 3.80850   -0.691308E-04    0.109928E-03   -0.863630E-04
 3.82652   -0.703026E-04    0.109969E-03   -0.857999E-04
 3.84455   -0.713782E-04    0.109966E-03   -0.852122E-04
 3.86258   -0.723620E-04    0.109922E-03   -0.846012E-04
 3.88060   -0.732584E-04    0.109839E-03   -0.839685E-04
 3.89863   -0.740719E-04    0.109718E-03   -0.833157E-04
 3.91665   -0.748064E-04    0.109562E-03   -0.826443E-04
 3.93468   -0.754662E-04    0.109372E-03   -0.819556E-04
 3.95271   -0.760550E-04    0.109152E-03   -0.812511E-04
 3.97073   -0.765768E-04    0.108902E-03   -0.805321E-04
 3.98876   -0.770351E-04    0.108624E-03   -0.797998E-04
 4.00678   -0.774335E-04    0.108321E-03   -0.790555E-04
 4.02481   -0.777753E-04    0.107994E-03   -0.783003E-04
 4.04284   -0.780636E-04    0.107643E-03   -0.775354E-04
 4.06086   -0.783016E-04    0.107272E-03   -0.767618E-04
 4.07889   -0.784922E-04    0.106881E-03   -0.759805E-04
 4.09691   -0.786381E-04    0.106471E-03   -0.751924E-04
 4.11494   -0.787420E-04    0.106045E-03   -0.743985E-04
 4.13297   -0.788063E-04    0.105602E-03   -0.735995E-04
 4.15099   -0.788335E-04    0.105145E-03   -0.727963E-04
 4.16902   -0.788259E-04    0.104674E-03   -0.719896E-04
 4.18704   -0.787855E-04    0.104191E-03   -0.711802E-04
 4.20507   -0.787144E-04    0.103696E-03   -0.703686E-04
 4.22310   -0.786145E-04    0.103190E-03   -0.695556E-04
 4.24112   -0.784877E-04    0.102675E-03   -0.687417E-04
 4.25915   -0.783356E-04    0.102151E-03   -0.679275E-04
 4.27717   -0.781599E-04    0.101618E-03   -0.671135E-04
 4.29520   -0.779621E-04    0.101078E-03   -0.663002E-04
 4.31323   -0.777436E-04    0.100532E-03   -0.654879E-04
 4.33125   -0.775058E-04    0.999788E-04   -0.646781E-04
 4.34928   -0.772500E-04    0.994205E-04   -0.638693E-04
 4.36730   -0.769773E-04    0.988574E-04   -0.630628E-04
 4.38533   -0.766890E-04    0.982898E-04   -0.622589E-04
 4.40336   -0.763862E-04    0.977185E-04   -0.614578E-04
 4.42138   -0.760697E-04    0.971438E-04   -0.606600E-04
 4.43941   -0.757407E-04    0.965661E-04   -0.598656E-04
 4.45743   -0.754000E-04    0.959860E-04   -0.590748E-04
 4.47546   -0.750485E-04    0.954038E-04   -0.582880E-04
 4.49349   -0.746869E-04    0.948199E-04   -0.575052E-04
 4.51151   -0.743161E-04    0.942345E-04   -0.567266E-04
 4.52954   -0.739367E-04    0.936482E-04   -0.559525E-04
 4.54757   -0.735495E-04    0.930612E-04   -0.551830E-04
 4.56559   -0.731550E-04    0.924737E-04   -0.544182E-04
 4.58362   -0.727539E-04    0.918860E-04   -0.536583E-04
 4.60164   -0.723467E-04    0.912985E-04   -0.529035E-04
 4.61967   -0.719341E-04    0.907113E-04   -0.521530E-04
 4.63770   -0.715164E-04    0.901246E-04   -0.514087E-04
 4.65572   -0.710942E-04    0.895388E-04   -0.506698E-04
 4.67375   -0.706679E-04    0.889538E-04   -0.499366E-04
 4.69177   -0.702379E-04    0.883701E-04   -0.492091E-04
 4.70980   -0.698047E-04    0.877877E-04   -0.484876E-04
 4.72783   -0.693685E-04    0.872068E-04   -0.477721E-04
 4.74585   -0.689299E-04    0.866276E-04   -0.470628E-04
 4.76388   -0.684890E-04    0.860501E-04   -0.463597E-04
 4.78190   -0.680462E-04    0.854745E-04   -0.456629E-04
 4.79993   -0.676018E-04    0.849010E-04   -0.449727E-04
 4.81796   -0.671561E-04    0.843296E-04   -0.442889E-04
 4.83598   -0.667093E-04    0.837605E-04   -0.436118E-04
 4.85401   -0.662618E-04    0.831938E-04   -0.429413E-04
 4.87203   -0.658137E-04    0.826295E-04   -0.422774E-04
 4.89006   -0.653652E-04    0.820678E-04   -0.416201E-04
 4.90809   -0.649166E-04    0.815087E-04   -0.409695E-04
 4.92611   -0.644681E-04    0.809523E-04   -0.403255E-04
 4.94414   -0.640199E-04    0.803987E-04   -0.396881E-04
 4.96216   -0.635722E-04    0.798479E-04   -0.390572E-04
 4.98019   -0.631251E-04    0.793001E-04   -0.384328E-04
 4.99822   -0.626788E-04    0.787552E-04   -0.378148E-04
 5.01624   -0.622335E-04    0.782134E-04   -0.372030E-04
 5.03427   -0.617893E-04    0.776747E-04   -0.365976E-04
 5.05229   -0.613465E-04    0.771391E-04   -0.359983E-04
 5.07032   -0.609050E-04    0.766068E-04   -0.354051E-04
 5.08835   -0.604652E-04    0.760777E-04   -0.348181E-04
 5.10637   -0.600271E-04    0.755519E-04   -0.342370E-04
 5.12440   -0.595908E-04    0.750295E-04   -0.336620E-04
 5.14242   -0.591565E-04    0.745104E-04   -0.330928E-04
 5.16045   -0.587244E-04    0.739948E-04   -0.325296E-04
 5.17848   -0.582945E-04    0.734827E-04   -0.319723E-04
 5.19650   -0.578669E-04    0.729741E-04   -0.314209E-04
 5.21453   -0.574419E-04    0.724690E-04   -0.308753E-04
 5.23256   -0.570194E-04    0.719675E-04   -0.303356E-04
 5.25058   -0.565996E-04    0.714697E-04   -0.298017E-04
 5.26861   -0.561826E-04    0.709755E-04   -0.292737E-04
 5.28663   -0.557684E-04    0.704849E-04   -0.287516E-04
 5.30466   -0.553573E-04    0.699981E-04   -0.282352E-04
 5.32269   -0.549492E-04    0.695150E-04   -0.277248E-04
 5.34071   -0.545443E-04    0.690357E-04   -0.272201E-04
 5.35874   -0.541426E-04    0.685601E-04   -0.267213E-04
 5.37676   -0.537441E-04    0.680882E-04   -0.262283E-04
 5.39479   -0.533490E-04    0.676202E-04   -0.257411E-04
 5.41282   -0.529573E-04    0.671560E-04   -0.252597E-04
 5.43084   -0.525690E-04    0.666956E-04   -0.247840E-04
 5.44887   -0.521842E-04    0.662390E-04   -0.243140E-04
 5.46689   -0.518029E-04    0.657861E-04   -0.238498E-04
 5.48492   -0.514251E-04    0.653371E-04   -0.233911E-04
 5.50295   -0.510509E-04    0.648919E-04   -0.229382E-04
 5.52097   -0.506803E-04    0.644504E-04   -0.224907E-04
 5.53900   -0.503132E-04    0.640127E-04   -0.220488E-04
 5.55702   -0.499496E-04    0.635787E-04   -0.216124E-04
 5.57505   -0.495896E-04    0.631484E-04   -0.211813E-04
 5.59308   -0.492330E-04    0.627219E-04   -0.207556E-04
 5.61110   -0.488800E-04    0.622989E-04   -0.203353E-04
 5.62913   -0.485303E-04    0.618796E-04   -0.199201E-04
 5.64715   -0.481841E-04    0.614638E-04   -0.195101E-04
 5.66518   -0.478412E-04    0.610515E-04   -0.191052E-04
 5.68321   -0.475015E-04    0.606428E-04   -0.187054E-04
 5.70123   -0.471651E-04    0.602374E-04   -0.183105E-04
 5.71926   -0.468318E-04    0.598355E-04   -0.179205E-04
 5.73728   -0.465016E-04    0.594369E-04   -0.175354E-04
 5.75531   -0.461743E-04    0.590415E-04   -0.171550E-04
 5.77334   -0.458500E-04    0.586494E-04   -0.167792E-04
 5.79136   -0.455284E-04    0.582605E-04   -0.164081E-04
 5.80939   -0.452096E-04    0.578746E-04   -0.160416E-04
 5.82741   -0.448935E-04    0.574918E-04   -0.156795E-04
 5.84544   -0.445799E-04    0.571120E-04   -0.153218E-04
 5.86347   -0.442688E-04    0.567352E-04   -0.149684E-04
 5.88149   -0.439601E-04    0.563612E-04   -0.146192E-04
 5.89952   -0.436537E-04    0.559900E-04   -0.142742E-04
 5.91755   -0.433495E-04    0.556216E-04   -0.139334E-04
 5.93557   -0.430474E-04    0.552559E-04   -0.135966E-04
 5.95360   -0.427474E-04    0.548928E-04   -0.132638E-04
 5.97162   -0.424494E-04    0.545324E-04   -0.129349E-04
 5.98965   -0.421532E-04    0.541745E-04   -0.126098E-04
 6.00768   -0.418589E-04    0.538190E-04   -0.122885E-04
 6.02570   -0.415663E-04    0.534661E-04   -0.119710E-04
 6.04373   -0.412754E-04    0.531155E-04   -0.116571E-04
 6.06175   -0.409862E-04    0.527673E-04   -0.113468E-04
 6.07978   -0.406985E-04    0.524214E-04   -0.110400E-04
 6.09781   -0.404123E-04    0.520778E-04   -0.107368E-04
 6.11583   -0.401277E-04    0.517365E-04   -0.104370E-04
 6.13386   -0.398444E-04    0.513973E-04   -0.101406E-04
 6.15188   -0.395626E-04    0.510604E-04   -0.984753E-05
 6.16991   -0.392822E-04    0.507256E-04   -0.955776E-05
 6.18794   -0.390031E-04    0.503929E-04   -0.927127E-05
 6.20596   -0.387253E-04    0.500623E-04   -0.898800E-05
 6.22399   -0.384489E-04    0.497339E-04   -0.870789E-05
 6.24201   -0.381738E-04    0.494075E-04   -0.843097E-05
 6.26004   -0.379000E-04    0.490832E-04   -0.815716E-05
 6.27807   -0.376275E-04    0.487609E-04   -0.788643E-05
 6.29609   -0.373563E-04    0.484407E-04   -0.761875E-05
 6.31412   -0.370864E-04    0.481225E-04   -0.735409E-05
 6.33214   -0.368178E-04    0.478063E-04   -0.709244E-05
 6.35017   -0.365506E-04    0.474921E-04   -0.683375E-05
 6.36820   -0.362847E-04    0.471800E-04   -0.657799E-05
 6.38622   -0.360201E-04    0.468697E-04   -0.632519E-05
 6.40425   -0.357569E-04    0.465616E-04   -0.607525E-05
 6.42227   -0.354950E-04    0.462554E-04   -0.582820E-05
 6.44030   -0.352346E-04    0.459512E-04   -0.558400E-05
 6.45833   -0.349755E-04    0.456490E-04   -0.534262E-05
 6.47635   -0.347179E-04    0.453487E-04   -0.510406E-05
 6.49438   -0.344617E-04    0.450505E-04   -0.486827E-05
 6.51240   -0.342070E-04    0.447542E-04   -0.463527E-05
 6.53043   -0.339538E-04    0.444599E-04   -0.440501E-05
 6.54846   -0.337021E-04    0.441676E-04   -0.417748E-05
 6.56648   -0.334518E-04    0.438773E-04   -0.395265E-05
 6.58451   -0.332032E-04    0.435889E-04   -0.373051E-05
 6.60254   -0.329560E-04    0.433025E-04   -0.351102E-05
 6.62056   -0.327105E-04    0.430181E-04   -0.329422E-05
 6.63859   -0.324665E-04    0.427357E-04   -0.308004E-05
 6.65661   -0.322241E-04    0.424552E-04   -0.286846E-05
 6.67464   -0.319834E-04    0.421767E-04   -0.265947E-05
 6.69267   -0.317442E-04    0.419001E-04   -0.245306E-05
 6.71069   -0.315067E-04    0.416255E-04   -0.224919E-05
 6.72872   -0.312709E-04    0.413529E-04   -0.204787E-05
 6.74674   -0.310367E-04    0.410822E-04   -0.184905E-05
 6.76477   -0.308042E-04    0.408134E-04   -0.165272E-05
 6.78280   -0.305733E-04    0.405466E-04   -0.145888E-05
 6.80082   -0.303441E-04    0.402817E-04   -0.126748E-05
 6.81885   -0.301167E-04    0.400187E-04   -0.107851E-05
 6.83687   -0.298909E-04    0.397577E-04   -0.891949E-06
 6.85490   -0.296668E-04    0.394986E-04   -0.707764E-06
 6.87293   -0.294444E-04    0.392413E-04   -0.525982E-06
 6.89095   -0.292237E-04    0.389860E-04   -0.346542E-06
 6.90898   -0.290047E-04    0.387326E-04   -0.169424E-06
 6.92700   -0.287874E-04    0.384810E-04    0.538349E-08
 6.94503   -0.285718E-04    0.382313E-04    0.177905E-06
 6.96306   -0.283580E-04    0.379835E-04    0.348150E-06
 6.98108   -0.281458E-04    0.377376E-04    0.516149E-06
 6.99911   -0.279353E-04    0.374934E-04    0.681919E-06
 7.01713   -0.277266E-04    0.372512E-04    0.845487E-06
 7.03516   -0.275196E-04    0.370107E-04    0.100686E-05
 7.05319   -0.273142E-04    0.367721E-04    0.116607E-05
 7.07121   -0.271106E-04    0.365353E-04    0.132313E-05
 7.08924   -0.269086E-04    0.363003E-04    0.147807E-05
 7.10726   -0.267084E-04    0.360671E-04    0.163089E-05
 7.12529   -0.265099E-04    0.358357E-04    0.178162E-05
 7.14332   -0.263130E-04    0.356060E-04    0.193028E-05
 7.16134   -0.261179E-04    0.353781E-04    0.207689E-05
 7.17937   -0.259244E-04    0.351520E-04    0.222148E-05
 7.19739   -0.257326E-04    0.349276E-04    0.236406E-05
 7.21542   -0.255425E-04    0.347050E-04    0.250464E-05
 7.23345   -0.253540E-04    0.344841E-04    0.264325E-05
 7.25147   -0.251673E-04    0.342649E-04    0.277993E-05
 7.26950   -0.249821E-04    0.340474E-04    0.291465E-05
 7.28753   -0.247987E-04    0.338316E-04    0.304747E-05
 7.30555   -0.246168E-04    0.336175E-04    0.317838E-05
 7.32358   -0.244366E-04    0.334051E-04    0.330742E-05
 7.34160   -0.242581E-04    0.331943E-04    0.343461E-05
 7.35963   -0.240812E-04    0.329852E-04    0.355996E-05
 7.37766   -0.239058E-04    0.327777E-04    0.368350E-05
 7.39568   -0.237321E-04    0.325719E-04    0.380523E-05
 7.41371   -0.235600E-04    0.323676E-04    0.392519E-05
 7.43173   -0.233894E-04    0.321650E-04    0.404339E-05
 7.44976   -0.232204E-04    0.319640E-04    0.415984E-05
 7.46779   -0.230530E-04    0.317645E-04    0.427457E-05
 7.48581   -0.228871E-04    0.315666E-04    0.438760E-05
 7.50384   -0.227227E-04    0.313703E-04    0.449894E-05
 7.52186   -0.225599E-04    0.311755E-04    0.460862E-05
 7.53989   -0.223985E-04    0.309822E-04    0.471667E-05
 7.55792   -0.222387E-04    0.307905E-04    0.482307E-05
 7.57594   -0.220803E-04    0.306002E-04    0.492787E-05
 7.59397   -0.219233E-04    0.304115E-04    0.503108E-05
 7.61199   -0.217679E-04    0.302242E-04    0.513273E-05
 7.63002   -0.216138E-04    0.300384E-04    0.523283E-05
 7.64805   -0.214612E-04    0.298540E-04    0.533139E-05
 7.66607   -0.213100E-04    0.296710E-04    0.542843E-05
 7.68410   -0.211601E-04    0.294895E-04    0.552399E-05
 7.70212   -0.210117E-04    0.293094E-04    0.561807E-05
 7.72015   -0.208646E-04    0.291307E-04    0.571066E-05
 7.73818   -0.207188E-04    0.289534E-04    0.580184E-05
 7.75620   -0.205744E-04    0.287774E-04    0.589159E-05
 7.77423   -0.204313E-04    0.286028E-04    0.597993E-05
 7.79225   -0.202895E-04    0.284296E-04    0.606687E-05
 7.81028   -0.201490E-04    0.282576E-04    0.615245E-05
 7.82831   -0.200098E-04    0.280870E-04    0.623662E-05
 7.84633   -0.198718E-04    0.279177E-04    0.631951E-05
 7.86436   -0.197350E-04    0.277497E-04    0.640107E-05
 7.88238   -0.195996E-04    0.275830E-04    0.648132E-05
 7.90041   -0.194653E-04    0.274176E-04    0.656028E-05
 7.91844   -0.193322E-04    0.272534E-04    0.663797E-05
 7.93646   -0.192003E-04    0.270905E-04    0.671439E-05
 7.95449   -0.190696E-04    0.269288E-04    0.678959E-05
 7.97252   -0.189401E-04    0.267683E-04    0.686354E-05
 7.99054   -0.188117E-04    0.266090E-04    0.693629E-05
 8.00857   -0.186845E-04    0.264510E-04    0.700784E-05
 8.02659   -0.185584E-04    0.262941E-04    0.707821E-05
 8.04462   -0.184334E-04    0.261384E-04    0.714740E-05
 8.06265   -0.183096E-04    0.259839E-04    0.721545E-05
 8.08067   -0.181868E-04    0.258305E-04    0.728235E-05
 8.09870   -0.180651E-04    0.256783E-04    0.734814E-05
 8.11672   -0.179445E-04    0.255273E-04    0.741282E-05
 8.13475   -0.178249E-04    0.253773E-04    0.747638E-05
 8.15278   -0.177064E-04    0.252285E-04    0.753887E-05
 8.17080   -0.175890E-04    0.250808E-04    0.760029E-05
 8.18883   -0.174725E-04    0.249341E-04    0.766065E-05
 8.20685   -0.173571E-04    0.247886E-04    0.771996E-05
 8.22488   -0.172427E-04    0.246442E-04    0.777825E-05
 8.24291   -0.171293E-04    0.245008E-04    0.783551E-05
 8.26093   -0.170169E-04    0.243585E-04    0.789176E-05
 8.27896   -0.169054E-04    0.242172E-04    0.794701E-05
 8.29698   -0.167950E-04    0.240770E-04    0.800128E-05
 8.31501   -0.166854E-04    0.239378E-04    0.805458E-05
 8.33304   -0.165769E-04    0.237996E-04    0.810691E-05
 8.35106   -0.164693E-04    0.236625E-04    0.815835E-05
 8.36909   -0.163626E-04    0.235263E-04    0.820879E-05
 8.38711   -0.162569E-04    0.233912E-04    0.825827E-05
 8.40514   -0.161520E-04    0.232570E-04    0.830687E-05
 8.42317   -0.160481E-04    0.231239E-04    0.835456E-05
 8.44119   -0.159451E-04    0.229917E-04    0.840136E-05
 8.45922   -0.158430E-04    0.228605E-04    0.844727E-05
 8.47724   -0.157418E-04    0.227302E-04    0.849231E-05
 8.49527   -0.156415E-04    0.226009E-04    0.853649E-05
 8.51330   -0.155421E-04    0.224726E-04    0.857979E-05
 8.53132   -0.154435E-04    0.223452E-04    0.862226E-05
 8.54935   -0.153458E-04    0.222187E-04    0.866389E-05
 8.56737   -0.152489E-04    0.220932E-04    0.870469E-05
 8.58540   -0.151529E-04    0.219686E-04    0.874468E-05
 8.60343   -0.150578E-04    0.218448E-04    0.878386E-05
 8.62145   -0.149635E-04    0.217220E-04    0.882224E-05
 8.63948   -0.148700E-04    0.216001E-04    0.885982E-05
 8.65751   -0.147773E-04    0.214791E-04    0.889663E-05
 8.67553   -0.146855E-04    0.213590E-04    0.893267E-05
 8.69356   -0.145945E-04    0.212397E-04    0.896796E-05
 8.71158   -0.145042E-04    0.211213E-04    0.900249E-05
 8.72961   -0.144148E-04    0.210038E-04    0.903628E-05
 8.74764   -0.143261E-04    0.208871E-04    0.906934E-05
 8.76566   -0.142382E-04    0.207713E-04    0.910168E-05
 8.78369   -0.141511E-04    0.206563E-04    0.913331E-05
 8.80171   -0.140647E-04    0.205421E-04    0.916424E-05
 8.81974   -0.139790E-04    0.204287E-04    0.919447E-05
 8.83777   -0.138941E-04    0.203162E-04    0.922403E-05
 8.85579   -0.138099E-04    0.202044E-04    0.925292E-05
 8.87382   -0.137264E-04    0.200935E-04    0.928113E-05
 8.89184   -0.136436E-04    0.199833E-04    0.930868E-05
 8.90987   -0.135615E-04    0.198739E-04    0.933560E-05
 8.92790   -0.134801E-04    0.197653E-04    0.936189E-05
 8.94592   -0.133993E-04    0.196574E-04    0.938755E-05
 8.96395   -0.133191E-04    0.195503E-04    0.941261E-05
 8.98197   -0.132396E-04    0.194438E-04    0.943706E-05
 9.00000   -0.131607E-04    0.193382E-04    0.946092E-05
