 0.00500    0.172420E-01   -0.890870E-02    0.687395E-02
 0.02303    0.139891E-01   -0.728213E-02    0.565350E-02
 0.04105    0.121047E-01   -0.633935E-02    0.494551E-02
 0.05908    0.107419E-01   -0.565717E-02    0.443261E-02
 0.07710    0.967422E-02   -0.512237E-02    0.402989E-02
 0.09513    0.880042E-02   -0.468439E-02    0.369953E-02
 0.11316    0.806486E-02   -0.431537E-02    0.342069E-02
 0.13118    0.743342E-02   -0.399828E-02    0.318058E-02
 0.14921    0.688337E-02   -0.372177E-02    0.297074E-02
 0.16723    0.639875E-02   -0.347788E-02    0.278521E-02
 0.18526    0.596780E-02   -0.326075E-02    0.261962E-02
 0.20329    0.558171E-02   -0.306597E-02    0.247067E-02
 0.22131    0.523363E-02   -0.289013E-02    0.233582E-02
 0.23934    0.491812E-02   -0.273050E-02    0.221305E-02
 0.25736    0.463079E-02   -0.258492E-02    0.210073E-02
 0.27539    0.436805E-02   -0.245158E-02    0.199753E-02
 0.29342    0.412692E-02   -0.232901E-02    0.190235E-02
 0.31144    0.390492E-02   -0.221596E-02    0.181426E-02
 0.32947    0.369993E-02   -0.211138E-02    0.173248E-02
 0.34749    0.351015E-02   -0.201438E-02    0.165636E-02
 0.36552    0.333402E-02   -0.192418E-02    0.158531E-02
 0.38355    0.317019E-02   -0.184011E-02    0.151883E-02
 0.40157    0.301750E-02   -0.176159E-02    0.145651E-02
 0.41960    0.287491E-02   -0.168810E-02    0.139795E-02
 0.43763    0.274153E-02   -0.161921E-02    0.134282E-02
 0.45565    0.261654E-02   -0.155451E-02    0.129084E-02
 0.47368    0.249925E-02   -0.149364E-02    0.124173E-02
 0.49170    0.238902E-02   -0.143630E-02    0.119528E-02
 0.50973    0.228528E-02   -0.138219E-02    0.115126E-02
 0.52776    0.218752E-02   -0.133108E-02    0.110949E-02
 0.54578    0.209528E-02   -0.128272E-02    0.106981E-02
 0.56381    0.200815E-02   -0.123692E-02    0.103206E-02
 0.58183    0.192576E-02   -0.119348E-02    0.996102E-03
 0.59986    0.184776E-02   -0.115225E-02    0.961818E-03
 0.61789    0.177385E-02   -0.111307E-02    0.929091E-03
 0.63591    0.170374E-02   -0.107579E-02    0.897820E-03
 0.65394    0.163719E-02   -0.104029E-02    0.867909E-03
 0.67196    0.157395E-02   -0.100646E-02    0.839274E-03
 0.68999    0.151380E-02   -0.974184E-03    0.811835E-03
 0.70802    0.145656E-02   -0.943367E-03    0.785521E-03
 0.72604    0.140204E-02   -0.913918E-03    0.760264E-03
 0.74407    0.135007E-02   -0.885755E-03    0.736002E-03
 0.76209    0.130049E-02   -0.858801E-03    0.712681E-03
 0.78012    0.125318E-02   -0.832985E-03    0.690247E-03
 0.79815    0.120798E-02   -0.808243E-03    0.668653E-03
 0.81617    0.116478E-02   -0.784513E-03    0.647853E-03
 0.83420    0.112348E-02   -0.761740E-03    0.627805E-03
 0.85222    0.108395E-02   -0.739871E-03    0.608471E-03
 0.87025    0.104611E-02   -0.718857E-03    0.589817E-03
 0.88828    0.100986E-02   -0.698654E-03    0.571807E-03
 0.90630    0.975125E-03   -0.679219E-03    0.554411E-03
 0.92433    0.941816E-03   -0.660513E-03    0.537598E-03
 0.94235    0.909862E-03   -0.642499E-03    0.521343E-03
 0.96038    0.879193E-03   -0.625143E-03    0.505620E-03
 0.97841    0.849745E-03   -0.608412E-03    0.490404E-03
 0.99643    0.821458E-03   -0.592276E-03    0.475673E-03
 1.01446    0.794274E-03   -0.576710E-03    0.461406E-03
 1.03248    0.768141E-03   -0.561683E-03    0.447583E-03
 1.05051    0.743007E-03   -0.547172E-03    0.434185E-03
 1.06854    0.718826E-03   -0.533152E-03    0.421195E-03
 1.08656    0.695552E-03   -0.519601E-03    0.408597E-03
 1.10459    0.673145E-03   -0.506500E-03    0.396373E-03
 1.12262    0.651564E-03   -0.493830E-03    0.384510E-03
 1.14064    0.630773E-03   -0.481570E-03    0.372994E-03
 1.15867    0.610736E-03   -0.469703E-03    0.361810E-03
 1.17669    0.591420E-03   -0.458213E-03    0.350948E-03
 1.19472    0.572794E-03   -0.447085E-03    0.340394E-03
 1.21275    0.554827E-03   -0.436303E-03    0.330138E-03
 1.23077    0.537493E-03   -0.425855E-03    0.320169E-03
 1.24880    0.520764E-03   -0.415724E-03    0.310476E-03
 1.26682    0.504614E-03   -0.405900E-03    0.301050E-03
 1.28485    0.489020E-03   -0.396367E-03    0.291882E-03
 1.30288    0.473959E-03   -0.387120E-03    0.282962E-03
 1.32090    0.459409E-03   -0.378145E-03    0.274283E-03
 1.33893    0.445349E-03   -0.369431E-03    0.265836E-03
 1.35695    0.431761E-03   -0.360969E-03    0.257614E-03
 1.37498    0.418625E-03   -0.352749E-03    0.249610E-03
 1.39301    0.405924E-03   -0.344763E-03    0.241815E-03
 1.41103    0.393640E-03   -0.337002E-03    0.234225E-03
 1.42906    0.381758E-03   -0.329458E-03    0.226832E-03
 1.44708    0.370263E-03   -0.322123E-03    0.219630E-03
 1.46511    0.359139E-03   -0.314990E-03    0.212613E-03
 1.48314    0.348374E-03   -0.308053E-03    0.205776E-03
 1.50116    0.337953E-03   -0.301303E-03    0.199114E-03
 1.51919    0.327865E-03   -0.294735E-03    0.192621E-03
 1.53721    0.318096E-03   -0.288342E-03    0.186292E-03
 1.55524    0.308636E-03   -0.282119E-03    0.180123E-03
 1.57327    0.299473E-03   -0.276060E-03    0.174109E-03
 1.59129    0.290597E-03   -0.270160E-03    0.168246E-03
 1.60932    0.281998E-03   -0.264414E-03    0.162529E-03
 1.62734    0.273666E-03   -0.258816E-03    0.156955E-03
 1.64537    0.265593E-03   -0.253362E-03    0.151519E-03
 1.66340    0.257768E-03   -0.248048E-03    0.146218E-03
 1.68142    0.250185E-03   -0.242870E-03    0.141049E-03
 1.69945    0.242835E-03   -0.237822E-03    0.136007E-03
 1.71747    0.235710E-03   -0.232902E-03    0.131090E-03
 1.73550    0.228804E-03   -0.228105E-03    0.126295E-03
 1.75353    0.222108E-03   -0.223429E-03    0.121617E-03
 1.77155    0.215618E-03   -0.218869E-03    0.117055E-03
 1.78958    0.209325E-03   -0.214422E-03    0.112606E-03
 1.80761    0.203226E-03   -0.210085E-03    0.108267E-03
 1.82563    0.197312E-03   -0.205856E-03    0.104036E-03
 1.84366    0.191580E-03   -0.201731E-03    0.999087E-04
 1.86168    0.186024E-03   -0.197707E-03    0.958837E-04
 1.87971    0.180639E-03   -0.193783E-03    0.919589E-04
 1.89774    0.175421E-03   -0.189955E-03    0.881321E-04
 1.91576    0.170364E-03   -0.186221E-03    0.844011E-04
 1.93379    0.165466E-03   -0.182580E-03    0.807638E-04
 1.95181    0.160721E-03   -0.179028E-03    0.772184E-04
 1.96984    0.156127E-03   -0.175565E-03    0.737632E-04
 1.98787    0.151680E-03   -0.172186E-03    0.703961E-04
 2.00589    0.147376E-03   -0.168894E-03    0.671156E-04
 2.02392    0.143214E-03   -0.165683E-03    0.639198E-04
 2.04194    0.139188E-03   -0.162554E-03    0.608079E-04
 2.05997    0.135298E-03   -0.159505E-03    0.577776E-04
 2.07800    0.131540E-03   -0.156534E-03    0.548280E-04
 2.09602    0.127913E-03   -0.153639E-03    0.519574E-04
 2.11405    0.124412E-03   -0.150821E-03    0.491647E-04
 2.13207    0.121038E-03   -0.148076E-03    0.464486E-04
 2.15010    0.117786E-03   -0.145405E-03    0.438075E-04
 2.16813    0.114656E-03   -0.142806E-03    0.412406E-04
 2.18615    0.111645E-03   -0.140277E-03    0.387464E-04
 2.20418    0.108751E-03   -0.137819E-03    0.363239E-04
 2.22220    0.105972E-03   -0.135428E-03    0.339716E-04
 2.24023    0.103306E-03   -0.133105E-03    0.316884E-04
 2.25826    0.100751E-03   -0.130848E-03    0.294731E-04
 2.27628    0.983044E-04   -0.128656E-03    0.273242E-04
 2.29431    0.959644E-04   -0.126527E-03    0.252406E-04
 2.31233    0.937282E-04   -0.124460E-03    0.232207E-04
 2.33036    0.915931E-04   -0.122454E-03    0.212630E-04
 2.34839    0.895560E-04   -0.120507E-03    0.193662E-04
 2.36641    0.876142E-04   -0.118617E-03    0.175285E-04
 2.38444    0.857641E-04   -0.116783E-03    0.157480E-04
 2.40246    0.840021E-04   -0.115002E-03    0.140231E-04
 2.42049    0.823240E-04   -0.113272E-03    0.123517E-04
 2.43852    0.807259E-04   -0.111592E-03    0.107319E-04
 2.45654    0.792031E-04   -0.109958E-03    0.916131E-05
 2.47457    0.777506E-04   -0.108368E-03    0.763788E-05
 2.49260    0.763633E-04   -0.106820E-03    0.615896E-05
 2.51062    0.750358E-04   -0.105309E-03    0.472212E-05
 2.52865    0.737619E-04   -0.103834E-03    0.332475E-05
 2.54667    0.725355E-04   -0.102391E-03    0.196397E-05
 2.56470    0.713504E-04   -0.100977E-03    0.637015E-06
 2.58273    0.701998E-04   -0.995876E-04   -0.659137E-06
 2.60075    0.690770E-04   -0.982201E-04   -0.192740E-05
 2.61878    0.679752E-04   -0.968706E-04   -0.317085E-05
 2.63680    0.668871E-04   -0.955356E-04   -0.439262E-05
 2.65483    0.658057E-04   -0.942111E-04   -0.559562E-05
 2.67286    0.647237E-04   -0.928937E-04   -0.678322E-05
 2.69088    0.636345E-04   -0.915796E-04   -0.795810E-05
 2.70891    0.625307E-04   -0.902653E-04   -0.912350E-05
 2.72693    0.614060E-04   -0.889473E-04   -0.102822E-04
 2.74496    0.602537E-04   -0.876220E-04   -0.114372E-04
 2.76299    0.590674E-04   -0.862866E-04   -0.125909E-04
 2.78101    0.578417E-04   -0.849378E-04   -0.137460E-04
 2.79904    0.565712E-04   -0.835728E-04   -0.149047E-04
 2.81706    0.552509E-04   -0.821894E-04   -0.160694E-04
 2.83509    0.538766E-04   -0.807850E-04   -0.172417E-04
 2.85312    0.524444E-04   -0.793577E-04   -0.184236E-04
 2.87114    0.509511E-04   -0.779058E-04   -0.196165E-04
 2.88917    0.493942E-04   -0.764280E-04   -0.208214E-04
 2.90719    0.477717E-04   -0.749233E-04   -0.220396E-04
 2.92522    0.460825E-04   -0.733909E-04   -0.232714E-04
 2.94325    0.443261E-04   -0.718306E-04   -0.245175E-04
 2.96127    0.425026E-04   -0.702424E-04   -0.257779E-04
 2.97930    0.406127E-04   -0.686267E-04   -0.270526E-04
 2.99732    0.386581E-04   -0.669841E-04   -0.283410E-04
 3.01535    0.366407E-04   -0.653155E-04   -0.296426E-04
 3.03338    0.345631E-04   -0.636224E-04   -0.309565E-04
 3.05140    0.324286E-04   -0.619063E-04   -0.322817E-04
 3.06943    0.302408E-04   -0.601689E-04   -0.336168E-04
 3.08745    0.280041E-04   -0.584125E-04   -0.349603E-04
 3.10548    0.257229E-04   -0.566393E-04   -0.363106E-04
 3.12351    0.234024E-04   -0.548517E-04   -0.376659E-04
 3.14153    0.210478E-04   -0.530526E-04   -0.390242E-04
 3.15956    0.186646E-04   -0.512445E-04   -0.403835E-04
 3.17759    0.162586E-04   -0.494304E-04   -0.417416E-04
 3.19561    0.138354E-04   -0.476132E-04   -0.430966E-04
 3.21364    0.114011E-04   -0.457957E-04   -0.444460E-04
 3.23166    0.896158E-05   -0.439811E-04   -0.457878E-04
 3.24969    0.652275E-05   -0.421724E-04   -0.471197E-04
 3.26772    0.409047E-05   -0.403723E-04   -0.484394E-04
 3.28574    0.167050E-05   -0.385838E-04   -0.497451E-04
 3.30377   -0.731686E-06   -0.368097E-04   -0.510344E-04
 3.32179   -0.311069E-05   -0.350526E-04   -0.523054E-04
 3.33982   -0.546146E-05   -0.333152E-04   -0.535563E-04
 3.35785   -0.777913E-05   -0.315999E-04   -0.547851E-04
 3.37587   -0.100592E-04   -0.299089E-04   -0.559900E-04
 3.39390   -0.122974E-04   -0.282443E-04   -0.571698E-04
 3.41192   -0.144900E-04   -0.266082E-04   -0.583228E-04
 3.42995   -0.166334E-04   -0.250023E-04   -0.594476E-04
 3.44798   -0.187240E-04   -0.234281E-04   -0.605431E-04
 3.46600   -0.207594E-04   -0.218872E-04   -0.616083E-04
 3.48403   -0.227369E-04   -0.203809E-04   -0.626422E-04
 3.50205   -0.246543E-04   -0.189102E-04   -0.636440E-04
 3.52008   -0.265097E-04   -0.174760E-04   -0.646131E-04
 3.53811   -0.283018E-04   -0.160792E-04   -0.655489E-04
 3.55613   -0.300292E-04   -0.147202E-04   -0.664509E-04
 3.57416   -0.316912E-04   -0.133998E-04   -0.673189E-04
 3.59218   -0.332873E-04   -0.121173E-04   -0.681528E-04
 3.61021   -0.348170E-04   -0.108741E-04   -0.689526E-04
 3.62824   -0.362804E-04   -0.966937E-05   -0.697182E-04
 3.64626   -0.376775E-04   -0.850319E-05   -0.704497E-04
 3.66429   -0.390090E-04   -0.737535E-05   -0.711474E-04
 3.68231   -0.402752E-04   -0.628559E-05   -0.718116E-04
 3.70034   -0.414771E-04   -0.523346E-05   -0.724427E-04
 3.71837   -0.426157E-04   -0.421843E-05   -0.730411E-04
 3.73639   -0.436920E-04   -0.323991E-05   -0.736072E-04
 3.75442   -0.447074E-04   -0.229722E-05   -0.741416E-04
 3.77244   -0.456633E-04   -0.138964E-05   -0.746451E-04
 3.79047   -0.465611E-04   -0.516421E-06   -0.751182E-04
 3.80850   -0.474024E-04    0.323276E-06   -0.755616E-04
 3.82652   -0.481886E-04    0.113029E-05   -0.759754E-04
 3.84455   -0.489216E-04    0.190548E-05   -0.763616E-04
 3.86258   -0.496032E-04    0.264974E-05   -0.767205E-04
 3.88060   -0.502349E-04    0.336400E-05   -0.770523E-04
 3.89863   -0.508186E-04    0.404918E-05   -0.773582E-04
 3.91665   -0.513561E-04    0.470621E-05   -0.776389E-04
 3.93468   -0.518492E-04    0.533602E-05   -0.778951E-04
 3.95271   -0.522996E-04    0.593954E-05   -0.781277E-04
 3.97073   -0.527091E-04    0.651770E-05   -0.783373E-04
 3.98876   -0.530794E-04    0.707142E-05   -0.785249E-04
 4.00678   -0.534122E-04    0.760159E-05   -0.786911E-04
 4.02481   -0.537093E-04    0.810909E-05   -0.788368E-04
 4.04284   -0.539722E-04    0.859479E-05   -0.789625E-04
 4.06086   -0.542025E-04    0.905953E-05   -0.790691E-04
 4.07889   -0.544018E-04    0.950413E-05   -0.791572E-04
 4.09691   -0.545716E-04    0.992940E-05   -0.792275E-04
 4.11494   -0.547134E-04    0.103361E-04   -0.792807E-04
 4.13297   -0.548285E-04    0.107250E-04   -0.793174E-04
 4.15099   -0.549184E-04    0.110969E-04   -0.793390E-04
 4.16902   -0.549844E-04    0.114524E-04   -0.793446E-04
 4.18704   -0.550277E-04    0.117922E-04   -0.793356E-04
 4.20507   -0.550495E-04    0.121170E-04   -0.793126E-04
 4.22310   -0.550510E-04    0.124274E-04   -0.792761E-04
 4.24112   -0.550334E-04    0.127240E-04   -0.792265E-04
 4.25915   -0.549977E-04    0.130075E-04   -0.791646E-04
 4.27717   -0.549449E-04    0.132782E-04   -0.790903E-04
 4.29520   -0.548759E-04    0.135369E-04   -0.790049E-04
 4.31323   -0.547919E-04    0.137840E-04   -0.789085E-04
 4.33125   -0.546935E-04    0.140200E-04   -0.788014E-04
 4.34928   -0.545816E-04    0.142453E-04   -0.786842E-04
 4.36730   -0.544572E-04    0.144604E-04   -0.785573E-04
 4.38533   -0.543208E-04    0.146658E-04   -0.784210E-04
 4.40336   -0.541734E-04    0.148619E-04   -0.782757E-04
 4.42138   -0.540155E-04    0.150490E-04   -0.781222E-04
 4.43941   -0.538477E-04    0.152275E-04   -0.779598E-04
 4.45743   -0.536709E-04    0.153978E-04   -0.777897E-04
 4.47546   -0.534854E-04    0.155602E-04   -0.776120E-04
 4.49349   -0.532919E-04    0.157151E-04   -0.774270E-04
 4.51151   -0.530910E-04    0.158627E-04   -0.772350E-04
 4.52954   -0.528830E-04    0.160033E-04   -0.770363E-04
 4.54757   -0.526685E-04    0.161373E-04   -0.768311E-04
 4.56559   -0.524480E-04    0.162649E-04   -0.766197E-04
 4.58362   -0.522218E-04    0.163863E-04   -0.764024E-04
 4.60164   -0.519904E-04    0.165018E-04   -0.761793E-04
 4.61967   -0.517542E-04    0.166116E-04   -0.759508E-04
 4.63770   -0.515135E-04    0.167160E-04   -0.757171E-04
 4.65572   -0.512686E-04    0.168152E-04   -0.754784E-04
 4.67375   -0.510200E-04    0.169094E-04   -0.752349E-04
 4.69177   -0.507679E-04    0.169987E-04   -0.749869E-04
 4.70980   -0.505125E-04    0.170833E-04   -0.747344E-04
 4.72783   -0.502542E-04    0.171635E-04   -0.744778E-04
 4.74585   -0.499932E-04    0.172394E-04   -0.742173E-04
 4.76388   -0.497298E-04    0.173111E-04   -0.739529E-04
 4.78190   -0.494642E-04    0.173788E-04   -0.736849E-04
 4.79993   -0.491966E-04    0.174427E-04   -0.734135E-04
 4.81796   -0.489273E-04    0.175029E-04   -0.731388E-04
 4.83598   -0.486564E-04    0.175595E-04   -0.728610E-04
 4.85401   -0.483841E-04    0.176127E-04   -0.725803E-04
 4.87203   -0.481105E-04    0.176626E-04   -0.722967E-04
 4.89006   -0.478360E-04    0.177093E-04   -0.720105E-04
 4.90809   -0.475606E-04    0.177529E-04   -0.717217E-04
 4.92611   -0.472844E-04    0.177935E-04   -0.714305E-04
 4.94414   -0.470077E-04    0.178313E-04   -0.711370E-04
 4.96216   -0.467305E-04    0.178663E-04   -0.708413E-04
 4.98019   -0.464529E-04    0.178986E-04   -0.705436E-04
 4.99822   -0.461752E-04    0.179284E-04   -0.702439E-04
 5.01624   -0.458974E-04    0.179557E-04   -0.699424E-04
 5.03427   -0.456196E-04    0.179806E-04   -0.696391E-04
 5.05229   -0.453419E-04    0.180031E-04   -0.693342E-04
 5.07032   -0.450644E-04    0.180235E-04   -0.690277E-04
 5.08835   -0.447873E-04    0.180417E-04   -0.687197E-04
 5.10637   -0.445106E-04    0.180578E-04   -0.684103E-04
 5.12440   -0.442344E-04    0.180720E-04   -0.680997E-04
 5.14242   -0.439587E-04    0.180842E-04   -0.677878E-04
 5.16045   -0.436838E-04    0.180945E-04   -0.674748E-04
 5.17848   -0.434095E-04    0.181031E-04   -0.671608E-04
 5.19650   -0.431361E-04    0.181099E-04   -0.668458E-04
 5.21453   -0.428635E-04    0.181151E-04   -0.665299E-04
 5.23256   -0.425919E-04    0.181186E-04   -0.662131E-04
 5.25058   -0.423213E-04    0.181206E-04   -0.658956E-04
 5.26861   -0.420517E-04    0.181212E-04   -0.655774E-04
 5.28663   -0.417833E-04    0.181202E-04   -0.652586E-04
 5.30466   -0.415160E-04    0.181180E-04   -0.649393E-04
 5.32269   -0.412500E-04    0.181143E-04   -0.646194E-04
 5.34071   -0.409852E-04    0.181094E-04   -0.642991E-04
 5.35874   -0.407217E-04    0.181033E-04   -0.639784E-04
 5.37676   -0.404596E-04    0.180960E-04   -0.636574E-04
 5.39479   -0.401989E-04    0.180876E-04   -0.633362E-04
 5.41282   -0.399397E-04    0.180781E-04   -0.630147E-04
 5.43084   -0.396819E-04    0.180675E-04   -0.626931E-04
 5.44887   -0.394257E-04    0.180559E-04   -0.623713E-04
 5.46689   -0.391710E-04    0.180433E-04   -0.620495E-04
 5.48492   -0.389178E-04    0.180299E-04   -0.617277E-04
 5.50295   -0.386663E-04    0.180155E-04   -0.614059E-04
 5.52097   -0.384164E-04    0.180002E-04   -0.610842E-04
 5.53900   -0.381681E-04    0.179841E-04   -0.607626E-04
 5.55702   -0.379215E-04    0.179673E-04   -0.604412E-04
 5.57505   -0.376765E-04    0.179496E-04   -0.601199E-04
 5.59308   -0.374332E-04    0.179312E-04   -0.597990E-04
 5.61110   -0.371917E-04    0.179121E-04   -0.594783E-04
 5.62913   -0.369518E-04    0.178923E-04   -0.591579E-04
 5.64715   -0.367136E-04    0.178719E-04   -0.588379E-04
 5.66518   -0.364772E-04    0.178508E-04   -0.585183E-04
 5.68321   -0.362424E-04    0.178290E-04   -0.581992E-04
 5.70123   -0.360094E-04    0.178067E-04   -0.578804E-04
 5.71926   -0.357780E-04    0.177838E-04   -0.575622E-04
 5.73728   -0.355484E-04    0.177602E-04   -0.572445E-04
 5.75531   -0.353204E-04    0.177362E-04   -0.569273E-04
 5.77334   -0.350941E-04    0.177115E-04   -0.566107E-04
 5.79136   -0.348695E-04    0.176864E-04   -0.562947E-04
 5.80939   -0.346465E-04    0.176607E-04   -0.559793E-04
 5.82741   -0.344251E-04    0.176345E-04   -0.556645E-04
 5.84544   -0.342054E-04    0.176077E-04   -0.553504E-04
 5.86347   -0.339872E-04    0.175805E-04   -0.550370E-04
 5.88149   -0.337706E-04    0.175528E-04   -0.547242E-04
 5.89952   -0.335555E-04    0.175246E-04   -0.544121E-04
 5.91755   -0.333420E-04    0.174959E-04   -0.541008E-04
 5.93557   -0.331299E-04    0.174667E-04   -0.537901E-04
 5.95360   -0.329194E-04    0.174370E-04   -0.534802E-04
 5.97162   -0.327103E-04    0.174069E-04   -0.531711E-04
 5.98965   -0.325026E-04    0.173763E-04   -0.528627E-04
 6.00768   -0.322963E-04    0.173452E-04   -0.525550E-04
 6.02570   -0.320913E-04    0.173137E-04   -0.522481E-04
 6.04373   -0.318878E-04    0.172817E-04   -0.519421E-04
 6.06175   -0.316855E-04    0.172492E-04   -0.516368E-04
 6.07978   -0.314845E-04    0.172163E-04   -0.513323E-04
 6.09781   -0.312848E-04    0.171829E-04   -0.510286E-04
 6.11583   -0.310864E-04    0.171490E-04   -0.507257E-04
 6.13386   -0.308892E-04    0.171147E-04   -0.504237E-04
 6.15188   -0.306931E-04    0.170800E-04   -0.501225E-04
 6.16991   -0.304983E-04    0.170448E-04   -0.498221E-04
 6.18794   -0.303046E-04    0.170091E-04   -0.495225E-04
 6.20596   -0.301120E-04    0.169730E-04   -0.492238E-04
 6.22399   -0.299206E-04    0.169365E-04   -0.489260E-04
 6.24201   -0.297303E-04    0.168995E-04   -0.486290E-04
 6.26004   -0.295411E-04    0.168621E-04   -0.483330E-04
 6.27807   -0.293529E-04    0.168242E-04   -0.480377E-04
 6.29609   -0.291658E-04    0.167860E-04   -0.477434E-04
 6.31412   -0.289797E-04    0.167473E-04   -0.474500E-04
 6.33214   -0.287947E-04    0.167082E-04   -0.471575E-04
 6.35017   -0.286106E-04    0.166687E-04   -0.468659E-04
 6.36820   -0.284276E-04    0.166289E-04   -0.465752E-04
 6.38622   -0.282456E-04    0.165886E-04   -0.462854E-04
 6.40425   -0.280646E-04    0.165480E-04   -0.459966E-04
 6.42227   -0.278845E-04    0.165069E-04   -0.457087E-04
 6.44030   -0.277055E-04    0.164655E-04   -0.454218E-04
 6.45833   -0.275274E-04    0.164238E-04   -0.451358E-04
 6.47635   -0.273502E-04    0.163817E-04   -0.448508E-04
 6.49438   -0.271741E-04    0.163393E-04   -0.445668E-04
 6.51240   -0.269989E-04    0.162965E-04   -0.442837E-04
 6.53043   -0.268246E-04    0.162534E-04   -0.440017E-04
 6.54846   -0.266514E-04    0.162100E-04   -0.437207E-04
 6.56648   -0.264790E-04    0.161663E-04   -0.434407E-04
 6.58451   -0.263077E-04    0.161224E-04   -0.431617E-04
 6.60254   -0.261373E-04    0.160781E-04   -0.428837E-04
 6.62056   -0.259678E-04    0.160336E-04   -0.426068E-04
 6.63859   -0.257993E-04    0.159888E-04   -0.423309E-04
 6.65661   -0.256318E-04    0.159438E-04   -0.420561E-04
 6.67464   -0.254653E-04    0.158985E-04   -0.417823E-04
 6.69267   -0.252997E-04    0.158530E-04   -0.415096E-04
 6.71069   -0.251351E-04    0.158073E-04   -0.412380E-04
 6.72872   -0.249714E-04    0.157614E-04   -0.409675E-04
 6.74674   -0.248088E-04    0.157153E-04   -0.406981E-04
 6.76477   -0.246471E-04    0.156690E-04   -0.404298E-04
 6.78280   -0.244863E-04    0.156226E-04   -0.401626E-04
 6.80082   -0.243266E-04    0.155760E-04   -0.398965E-04
 6.81885   -0.241679E-04    0.155292E-04   -0.396315E-04
 6.83687   -0.240101E-04    0.154823E-04   -0.393677E-04
 6.85490   -0.238534E-04    0.154353E-04   -0.391050E-04
 6.87293   -0.236976E-04    0.153881E-04   -0.388434E-04
 6.89095   -0.235428E-04    0.153409E-04   -0.385831E-04
 6.90898   -0.233891E-04    0.152935E-04   -0.383238E-04
 6.92700   -0.232363E-04    0.152461E-04   -0.380658E-04
 6.94503   -0.230846E-04    0.151985E-04   -0.378089E-04
 6.96306   -0.229338E-04    0.151509E-04   -0.375531E-04
 6.98108   -0.227841E-04    0.151033E-04   -0.372986E-04
 6.99911   -0.226353E-04    0.150555E-04   -0.370455E-04
 7.01713   -0.224876E-04    0.150078E-04   -0.367931E-04
 7.03516   -0.223409E-04    0.149600E-04   -0.365421E-04
 7.05319   -0.221952E-04    0.149121E-04   -0.362923E-04
 7.07121   -0.220505E-04    0.148643E-04   -0.360437E-04
 7.08924   -0.219069E-04    0.148164E-04   -0.357964E-04
 7.10726   -0.217642E-04    0.147685E-04   -0.355502E-04
 7.12529   -0.216226E-04    0.147206E-04   -0.353053E-04
 7.14332   -0.214819E-04    0.146727E-04   -0.350615E-04
 7.16134   -0.213423E-04    0.146248E-04   -0.348190E-04
 7.17937   -0.212037E-04    0.145770E-04   -0.345776E-04
 7.19739   -0.210661E-04    0.145292E-04   -0.343376E-04
 7.21542   -0.209295E-04    0.144814E-04   -0.340987E-04
 7.23345   -0.207939E-04    0.144336E-04   -0.338612E-04
 7.25147   -0.206594E-04    0.143859E-04   -0.336246E-04
 7.26950   -0.205258E-04    0.143382E-04   -0.333894E-04
 7.28753   -0.203932E-04    0.142906E-04   -0.331554E-04
 7.30555   -0.202617E-04    0.142431E-04   -0.329227E-04
 7.32358   -0.201311E-04    0.141956E-04   -0.326912E-04
 7.34160   -0.200015E-04    0.141481E-04   -0.324609E-04
 7.35963   -0.198729E-04    0.141008E-04   -0.322318E-04
 7.37766   -0.197453E-04    0.140535E-04   -0.320040E-04
 7.39568   -0.196187E-04    0.140063E-04   -0.317774E-04
 7.41371   -0.194930E-04    0.139592E-04   -0.315520E-04
 7.43173   -0.193684E-04    0.139122E-04   -0.313278E-04
 7.44976   -0.192446E-04    0.138652E-04   -0.311049E-04
 7.46779   -0.191219E-04    0.138184E-04   -0.308832E-04
 7.48581   -0.190001E-04    0.137716E-04   -0.306627E-04
 7.50384   -0.188793E-04    0.137250E-04   -0.304434E-04
 7.52186   -0.187594E-04    0.136784E-04   -0.302254E-04
 7.53989   -0.186405E-04    0.136320E-04   -0.300085E-04
 7.55792   -0.185225E-04    0.135857E-04   -0.297929E-04
 7.57594   -0.184054E-04    0.135395E-04   -0.295785E-04
 7.59397   -0.182893E-04    0.134934E-04   -0.293653E-04
 7.61199   -0.181740E-04    0.134474E-04   -0.291533E-04
 7.63002   -0.180597E-04    0.134015E-04   -0.289425E-04
 7.64805   -0.179463E-04    0.133558E-04   -0.287329E-04
 7.66607   -0.178338E-04    0.133101E-04   -0.285245E-04
 7.68410   -0.177222E-04    0.132646E-04   -0.283174E-04
 7.70212   -0.176115E-04    0.132192E-04   -0.281114E-04
 7.72015   -0.175017E-04    0.131740E-04   -0.279066E-04
 7.73818   -0.173927E-04    0.131288E-04   -0.277030E-04
 7.75620   -0.172846E-04    0.130838E-04   -0.275005E-04
 7.77423   -0.171774E-04    0.130390E-04   -0.272993E-04
 7.79225   -0.170711E-04    0.129942E-04   -0.270992E-04
 7.81028   -0.169655E-04    0.129496E-04   -0.269003E-04
 7.82831   -0.168609E-04    0.129051E-04   -0.267026E-04
 7.84633   -0.167570E-04    0.128608E-04   -0.265060E-04
 7.86436   -0.166540E-04    0.128166E-04   -0.263106E-04
 7.88238   -0.165518E-04    0.127725E-04   -0.261164E-04
 7.90041   -0.164505E-04    0.127285E-04   -0.259233E-04
 7.91844   -0.163499E-04    0.126847E-04   -0.257314E-04
 7.93646   -0.162502E-04    0.126410E-04   -0.255406E-04
 7.95449   -0.161512E-04    0.125975E-04   -0.253509E-04
 7.97252   -0.160530E-04    0.125541E-04   -0.251624E-04
 7.99054   -0.159556E-04    0.125108E-04   -0.249750E-04
 8.00857   -0.158590E-04    0.124677E-04   -0.247888E-04
 8.02659   -0.157631E-04    0.124247E-04   -0.246036E-04
 8.04462   -0.156680E-04    0.123819E-04   -0.244196E-04
 8.06265   -0.155737E-04    0.123391E-04   -0.242367E-04
 8.08067   -0.154801E-04    0.122966E-04   -0.240549E-04
 8.09870   -0.153872E-04    0.122541E-04   -0.238743E-04
 8.11672   -0.152951E-04    0.122118E-04   -0.236947E-04
 8.13475   -0.152037E-04    0.121697E-04   -0.235162E-04
 8.15278   -0.151130E-04    0.121276E-04   -0.233388E-04
 8.17080   -0.150231E-04    0.120857E-04   -0.231625E-04
 8.18883   -0.149338E-04    0.120440E-04   -0.229873E-04
 8.20685   -0.148453E-04    0.120024E-04   -0.228132E-04
 8.22488   -0.147574E-04    0.119609E-04   -0.226401E-04
 8.24291   -0.146702E-04    0.119196E-04   -0.224681E-04
 8.26093   -0.145837E-04    0.118784E-04   -0.222971E-04
 8.27896   -0.144979E-04    0.118374E-04   -0.221273E-04
 8.29698   -0.144127E-04    0.117964E-04   -0.219584E-04
 8.31501   -0.143282E-04    0.117557E-04   -0.217907E-04
 8.33304   -0.142444E-04    0.117150E-04   -0.216239E-04
 8.35106   -0.141612E-04    0.116745E-04   -0.214582E-04
 8.36909   -0.140786E-04    0.116341E-04   -0.212936E-04
 8.38711   -0.139967E-04    0.115938E-04   -0.211299E-04
 8.40514   -0.139154E-04    0.115538E-04   -0.209673E-04
 8.42317   -0.138348E-04    0.115138E-04   -0.208057E-04
 8.44119   -0.137547E-04    0.114740E-04   -0.206452E-04
 8.45922   -0.136753E-04    0.114343E-04   -0.204856E-04
 8.47724   -0.135965E-04    0.113948E-04   -0.203270E-04
 8.49527   -0.135183E-04    0.113554E-04   -0.201695E-04
 8.51330   -0.134407E-04    0.113161E-04   -0.200129E-04
 8.53132   -0.133637E-04    0.112770E-04   -0.198574E-04
 8.54935   -0.132873E-04    0.112380E-04   -0.197028E-04
 8.56737   -0.132114E-04    0.111991E-04   -0.195492E-04
 8.58540   -0.131362E-04    0.111604E-04   -0.193966E-04
 8.60343   -0.130615E-04    0.111218E-04   -0.192449E-04
 8.62145   -0.129873E-04    0.110834E-04   -0.190942E-04
 8.63948   -0.129138E-04    0.110450E-04   -0.189445E-04
 8.65751   -0.128408E-04    0.110069E-04   -0.187957E-04
 8.67553   -0.127684E-04    0.109688E-04   -0.186479E-04
 8.69356   -0.126965E-04    0.109309E-04   -0.185011E-04
 8.71158   -0.126251E-04    0.108932E-04   -0.183552E-04
 8.72961   -0.125543E-04    0.108555E-04   -0.182102E-04
 8.74764   -0.124840E-04    0.108180E-04   -0.180661E-04
 8.76566   -0.124143E-04    0.107807E-04   -0.179230E-04
 8.78369   -0.123451E-04    0.107434E-04   -0.177808E-04
 8.80171   -0.122764E-04    0.107063E-04   -0.176395E-04
 8.81974   -0.122082E-04    0.106694E-04   -0.174992E-04
 8.83777   -0.121405E-04    0.106326E-04   -0.173597E-04
 8.85579   -0.120733E-04    0.105959E-04   -0.172211E-04
 8.87382   -0.120066E-04    0.105593E-04   -0.170835E-04
 8.89184   -0.119404E-04    0.105229E-04   -0.169467E-04
 8.90987   -0.118747E-04    0.104866E-04   -0.168108E-04
 8.92790   -0.118095E-04    0.104532E-04   -0.166758E-04
 8.94592   -0.117448E-04    0.104143E-04   -0.165417E-04
 8.96395   -0.116805E-04    0.103784E-04   -0.164085E-04
 8.98197   -0.116167E-04    0.103426E-04   -0.162761E-04
 9.00000   -0.115533E-04    0.103069E-04   -0.161446E-04
