 0.00500    0.271852E-02   -0.140865E-02    0.114062E-02
 0.02303    0.223077E-02   -0.116479E-02    0.957691E-03
 0.04105    0.194452E-02   -0.102165E-02    0.850314E-03
 0.05908    0.173590E-02   -0.917309E-03    0.772014E-03
 0.07710    0.157142E-02   -0.835041E-03    0.710256E-03
 0.09513    0.143607E-02   -0.767337E-03    0.659408E-03
 0.11316    0.132160E-02   -0.710066E-03    0.616376E-03
 0.13118    0.122289E-02   -0.660670E-03    0.579239E-03
 0.14921    0.113655E-02   -0.617452E-03    0.546727E-03
 0.16723    0.106017E-02   -0.579212E-03    0.517938E-03
 0.18526    0.991991E-03   -0.545071E-03    0.492215E-03
 0.20329    0.930693E-03   -0.514365E-03    0.469061E-03
 0.22131    0.875231E-03   -0.486574E-03    0.448085E-03
 0.23934    0.824787E-03   -0.461289E-03    0.428981E-03
 0.25736    0.778699E-03   -0.438179E-03    0.411501E-03
 0.27539    0.736419E-03   -0.416971E-03    0.395440E-03
 0.29342    0.697498E-03   -0.397439E-03    0.380630E-03
 0.31144    0.661555E-03   -0.379394E-03    0.366929E-03
 0.32947    0.628269E-03   -0.362674E-03    0.354216E-03
 0.34749    0.597363E-03   -0.347143E-03    0.342388E-03
 0.36552    0.568599E-03   -0.332681E-03    0.331356E-03
 0.38355    0.541774E-03   -0.319185E-03    0.321043E-03
 0.40157    0.516706E-03   -0.306567E-03    0.311383E-03
 0.41960    0.493237E-03   -0.294746E-03    0.302316E-03
 0.43763    0.471227E-03   -0.283653E-03    0.293790E-03
 0.45565    0.450554E-03   -0.273227E-03    0.285759E-03
 0.47368    0.431107E-03   -0.263412E-03    0.278181E-03
 0.49170    0.412788E-03   -0.254159E-03    0.271021E-03
 0.50973    0.395509E-03   -0.245425E-03    0.264246E-03
 0.52776    0.379190E-03   -0.237169E-03    0.257825E-03
 0.54578    0.363761E-03   -0.229357E-03    0.251732E-03
 0.56381    0.349156E-03   -0.221956E-03    0.245944E-03
 0.58183    0.335317E-03   -0.214936E-03    0.240437E-03
 0.59986    0.322190E-03   -0.208271E-03    0.235193E-03
 0.61789    0.309728E-03   -0.201937E-03    0.230194E-03
 0.63591    0.297885E-03   -0.195912E-03    0.225422E-03
 0.65394    0.286620E-03   -0.190174E-03    0.220863E-03
 0.67196    0.275898E-03   -0.184707E-03    0.216503E-03
 0.68999    0.265682E-03   -0.179492E-03    0.212329E-03
 0.70802    0.255943E-03   -0.174514E-03    0.208329E-03
 0.72604    0.246651E-03   -0.169758E-03    0.204494E-03
 0.74407    0.237779E-03   -0.165212E-03    0.200812E-03
 0.76209    0.229303E-03   -0.160862E-03    0.197274E-03
 0.78012    0.221199E-03   -0.156698E-03    0.193873E-03
 0.79815    0.213446E-03   -0.152709E-03    0.190600E-03
 0.81617    0.206026E-03   -0.148885E-03    0.187449E-03
 0.83420    0.198919E-03   -0.145216E-03    0.184411E-03
 0.85222    0.192108E-03   -0.141695E-03    0.181482E-03
 0.87025    0.185577E-03   -0.138314E-03    0.178654E-03
 0.88828    0.179313E-03   -0.135065E-03    0.175924E-03
 0.90630    0.173300E-03   -0.131940E-03    0.173285E-03
 0.92433    0.167526E-03   -0.128935E-03    0.170732E-03
 0.94235    0.161979E-03   -0.126042E-03    0.168262E-03
 0.96038    0.156648E-03   -0.123257E-03    0.165871E-03
 0.97841    0.151521E-03   -0.120573E-03    0.163553E-03
 0.99643    0.146590E-03   -0.117987E-03    0.161307E-03
 1.01446    0.141845E-03   -0.115492E-03    0.159128E-03
 1.03248    0.137276E-03   -0.113086E-03    0.157012E-03
 1.05051    0.132876E-03   -0.110764E-03    0.154958E-03
 1.06854    0.128637E-03   -0.108521E-03    0.152962E-03
 1.08656    0.124552E-03   -0.106354E-03    0.151021E-03
 1.10459    0.120612E-03   -0.104260E-03    0.149134E-03
 1.12262    0.116813E-03   -0.102236E-03    0.147297E-03
 1.14064    0.113149E-03   -0.100279E-03    0.145508E-03
 1.15867    0.109612E-03   -0.983845E-04    0.143766E-03
 1.17669    0.106198E-03   -0.965514E-04    0.142067E-03
 1.19472    0.102901E-03   -0.947766E-04    0.140412E-03
 1.21275    0.997163E-04   -0.930576E-04    0.138796E-03
 1.23077    0.966396E-04   -0.913923E-04    0.137220E-03
 1.24880    0.936662E-04   -0.897781E-04    0.135680E-03
 1.26682    0.907920E-04   -0.882131E-04    0.134177E-03
 1.28485    0.880128E-04   -0.866954E-04    0.132708E-03
 1.30288    0.853250E-04   -0.852230E-04    0.131271E-03
 1.32090    0.827248E-04   -0.837941E-04    0.129866E-03
 1.33893    0.802088E-04   -0.824071E-04    0.128492E-03
 1.35695    0.777737E-04   -0.810603E-04    0.127147E-03
 1.37498    0.754164E-04   -0.797521E-04    0.125830E-03
 1.39301    0.731341E-04   -0.784810E-04    0.124539E-03
 1.41103    0.709237E-04   -0.772458E-04    0.123275E-03
 1.42906    0.687828E-04   -0.760451E-04    0.122036E-03
 1.44708    0.667086E-04   -0.748775E-04    0.120821E-03
 1.46511    0.646987E-04   -0.737418E-04    0.119629E-03
 1.48314    0.627508E-04   -0.726370E-04    0.118460E-03
 1.50116    0.608626E-04   -0.715618E-04    0.117312E-03
 1.51919    0.590321E-04   -0.705153E-04    0.116185E-03
 1.53721    0.572571E-04   -0.694964E-04    0.115078E-03
 1.55524    0.555357E-04   -0.685042E-04    0.113991E-03
 1.57327    0.538660E-04   -0.675377E-04    0.112922E-03
 1.59129    0.522463E-04   -0.665960E-04    0.111872E-03
 1.60932    0.506748E-04   -0.656783E-04    0.110839E-03
 1.62734    0.491500E-04   -0.647839E-04    0.109823E-03
 1.64537    0.476702E-04   -0.639118E-04    0.108823E-03
 1.66340    0.462339E-04   -0.630615E-04    0.107840E-03
 1.68142    0.448398E-04   -0.622321E-04    0.106871E-03
 1.69945    0.434863E-04   -0.614229E-04    0.105918E-03
 1.71747    0.421723E-04   -0.606335E-04    0.104979E-03
 1.73550    0.408965E-04   -0.598631E-04    0.104054E-03
 1.75353    0.396576E-04   -0.591111E-04    0.103143E-03
 1.77155    0.384546E-04   -0.583769E-04    0.102245E-03
 1.78958    0.372862E-04   -0.576601E-04    0.101360E-03
 1.80761    0.361516E-04   -0.569601E-04    0.100487E-03
 1.82563    0.350496E-04   -0.562764E-04    0.996267E-04
 1.84366    0.339793E-04   -0.556086E-04    0.987778E-04
 1.86168    0.329398E-04   -0.549561E-04    0.979405E-04
 1.87971    0.319301E-04   -0.543186E-04    0.971143E-04
 1.89774    0.309496E-04   -0.536956E-04    0.962991E-04
 1.91576    0.299972E-04   -0.530868E-04    0.954944E-04
 1.93379    0.290724E-04   -0.524917E-04    0.947000E-04
 1.95181    0.281743E-04   -0.519100E-04    0.939158E-04
 1.96984    0.273023E-04   -0.513414E-04    0.931415E-04
 1.98787    0.264556E-04   -0.507855E-04    0.923768E-04
 2.00589    0.256337E-04   -0.502420E-04    0.916215E-04
 2.02392    0.248360E-04   -0.497106E-04    0.908754E-04
 2.04194    0.240618E-04   -0.491912E-04    0.901384E-04
 2.05997    0.233106E-04   -0.486832E-04    0.894103E-04
 2.07800    0.225818E-04   -0.481866E-04    0.886908E-04
 2.09602    0.218750E-04   -0.477009E-04    0.879798E-04
 2.11405    0.211895E-04   -0.472261E-04    0.872771E-04
 2.13207    0.205251E-04   -0.467619E-04    0.865826E-04
 2.15010    0.198810E-04   -0.463079E-04    0.858962E-04
 2.16813    0.192570E-04   -0.458641E-04    0.852175E-04
 2.18615    0.186524E-04   -0.454301E-04    0.845466E-04
 2.20418    0.180670E-04   -0.450057E-04    0.838833E-04
 2.22220    0.175001E-04   -0.445908E-04    0.832274E-04
 2.24023    0.169515E-04   -0.441851E-04    0.825788E-04
 2.25826    0.164205E-04   -0.437884E-04    0.819372E-04
 2.27628    0.159069E-04   -0.434004E-04    0.813027E-04
 2.29431    0.154100E-04   -0.430210E-04    0.806750E-04
 2.31233    0.149295E-04   -0.426499E-04    0.800539E-04
 2.33036    0.144649E-04   -0.422868E-04    0.794394E-04
 2.34839    0.140156E-04   -0.419316E-04    0.788312E-04
 2.36641    0.135812E-04   -0.415841E-04    0.782292E-04
 2.38444    0.131612E-04   -0.412438E-04    0.776331E-04
 2.40246    0.127550E-04   -0.409106E-04    0.770430E-04
 2.42049    0.123622E-04   -0.405843E-04    0.764584E-04
 2.43852    0.119820E-04   -0.402645E-04    0.758793E-04
 2.45654    0.116141E-04   -0.399510E-04    0.753055E-04
 2.47457    0.112577E-04   -0.396434E-04    0.747367E-04
 2.49260    0.109124E-04   -0.393416E-04    0.741727E-04
 2.51062    0.105774E-04   -0.390451E-04    0.736134E-04
 2.52865    0.102523E-04   -0.387537E-04    0.730585E-04
 2.54667    0.993639E-05   -0.384673E-04    0.725079E-04
 2.56470    0.962907E-05   -0.381850E-04    0.719612E-04
 2.58273    0.932973E-05   -0.379071E-04    0.714183E-04
 2.60075    0.903779E-05   -0.376332E-04    0.708791E-04
 2.61878    0.875268E-05   -0.373628E-04    0.703431E-04
 2.63680    0.847375E-05   -0.370957E-04    0.698104E-04
 2.65483    0.820053E-05   -0.368317E-04    0.692806E-04
 2.67286    0.793244E-05   -0.365705E-04    0.687536E-04
 2.69088    0.766895E-05   -0.363117E-04    0.682290E-04
 2.70891    0.740971E-05   -0.360554E-04    0.677070E-04
 2.72693    0.715414E-05   -0.358010E-04    0.671873E-04
 2.74496    0.690185E-05   -0.355485E-04    0.666696E-04
 2.76299    0.665247E-05   -0.352977E-04    0.661540E-04
 2.78101    0.640566E-05   -0.350484E-04    0.656402E-04
 2.79904    0.616110E-05   -0.348004E-04    0.651281E-04
 2.81706    0.591852E-05   -0.345537E-04    0.646177E-04
 2.83509    0.567770E-05   -0.343080E-04    0.641089E-04
 2.85312    0.543845E-05   -0.340633E-04    0.636015E-04
 2.87114    0.520061E-05   -0.338197E-04    0.630956E-04
 2.88917    0.496405E-05   -0.335767E-04    0.625911E-04
 2.90719    0.472872E-05   -0.333345E-04    0.620880E-04
 2.92522    0.449453E-05   -0.330932E-04    0.615862E-04
 2.94325    0.426147E-05   -0.328526E-04    0.610858E-04
 2.96127    0.402952E-05   -0.326129E-04    0.605868E-04
 2.97930    0.379869E-05   -0.323739E-04    0.600891E-04
 2.99732    0.356904E-05   -0.321357E-04    0.595927E-04
 3.01535    0.334060E-05   -0.318983E-04    0.590978E-04
 3.03338    0.311345E-05   -0.316618E-04    0.586043E-04
 3.05140    0.288764E-05   -0.314261E-04    0.581123E-04
 3.06943    0.266324E-05   -0.311914E-04    0.576218E-04
 3.08745    0.244032E-05   -0.309576E-04    0.571328E-04
 3.10548    0.221893E-05   -0.307248E-04    0.566453E-04
 3.12351    0.199914E-05   -0.304929E-04    0.561594E-04
 3.14153    0.178098E-05   -0.302621E-04    0.556751E-04
 3.15956    0.156449E-05   -0.300323E-04    0.551924E-04
 3.17759    0.134971E-05   -0.298037E-04    0.547115E-04
 3.19561    0.113662E-05   -0.295761E-04    0.542320E-04
 3.21364    0.925234E-06   -0.293495E-04    0.537543E-04
 3.23166    0.715497E-06   -0.291240E-04    0.532782E-04
 3.24969    0.507447E-06   -0.288995E-04    0.528037E-04
 3.26772    0.300956E-06   -0.286762E-04    0.523310E-04
 3.28574    0.959807E-07   -0.284536E-04    0.518598E-04
 3.30377   -0.107569E-06   -0.282321E-04    0.513903E-04
 3.32179   -0.309780E-06   -0.280115E-04    0.509223E-04
 3.33982   -0.510767E-06   -0.277917E-04    0.504559E-04
 3.35785   -0.710643E-06   -0.275728E-04    0.499910E-04
 3.37587   -0.909527E-06   -0.273545E-04    0.495276E-04
 3.39390   -0.110754E-05   -0.271370E-04    0.490658E-04
 3.41192   -0.130481E-05   -0.269201E-04    0.486053E-04
 3.42995   -0.150146E-05   -0.267039E-04    0.481461E-04
 3.44798   -0.169764E-05   -0.264879E-04    0.476885E-04
 3.46600   -0.189344E-05   -0.262726E-04    0.472321E-04
 3.48403   -0.208899E-05   -0.260576E-04    0.467770E-04
 3.50205   -0.228442E-05   -0.258430E-04    0.463233E-04
 3.52008   -0.247980E-05   -0.256287E-04    0.458709E-04
 3.53811   -0.267524E-05   -0.254146E-04    0.454196E-04
 3.55613   -0.287080E-05   -0.252008E-04    0.449696E-04
 3.57416   -0.306654E-05   -0.249872E-04    0.445208E-04
 3.59218   -0.326250E-05   -0.247738E-04    0.440733E-04
 3.61021   -0.345870E-05   -0.245606E-04    0.436270E-04
 3.62824   -0.365516E-05   -0.243477E-04    0.431820E-04
 3.64626   -0.385187E-05   -0.241348E-04    0.427382E-04
 3.66429   -0.404880E-05   -0.239223E-04    0.422960E-04
 3.68231   -0.424590E-05   -0.237099E-04    0.418549E-04
 3.70034   -0.444313E-05   -0.234979E-04    0.414152E-04
 3.71837   -0.464040E-05   -0.232862E-04    0.409769E-04
 3.73639   -0.483761E-05   -0.230749E-04    0.405401E-04
 3.75442   -0.503468E-05   -0.228640E-04    0.401048E-04
 3.77244   -0.523144E-05   -0.226536E-04    0.396712E-04
 3.79047   -0.542778E-05   -0.224439E-04    0.392391E-04
 3.80850   -0.562352E-05   -0.222347E-04    0.388087E-04
 3.82652   -0.581856E-05   -0.220264E-04    0.383802E-04
 3.84455   -0.601266E-05   -0.218188E-04    0.379536E-04
 3.86258   -0.620567E-05   -0.216122E-04    0.375288E-04
 3.88060   -0.639738E-05   -0.214067E-04    0.371061E-04
 3.89863   -0.658763E-05   -0.212022E-04    0.366856E-04
 3.91665   -0.677620E-05   -0.209990E-04    0.362672E-04
 3.93468   -0.696292E-05   -0.207972E-04    0.358511E-04
 3.95271   -0.714757E-05   -0.205967E-04    0.354373E-04
 3.97073   -0.732997E-05   -0.203978E-04    0.350260E-04
 3.98876   -0.750991E-05   -0.202005E-04    0.346172E-04
 4.00678   -0.768720E-05   -0.200050E-04    0.342110E-04
 4.02481   -0.786166E-05   -0.198113E-04    0.338074E-04
 4.04284   -0.803310E-05   -0.196195E-04    0.334066E-04
 4.06086   -0.820134E-05   -0.194297E-04    0.330087E-04
 4.07889   -0.836623E-05   -0.192420E-04    0.326137E-04
 4.09691   -0.852759E-05   -0.190565E-04    0.322215E-04
 4.11494   -0.868529E-05   -0.188733E-04    0.318324E-04
 4.13297   -0.883919E-05   -0.186924E-04    0.314463E-04
 4.15099   -0.898917E-05   -0.185138E-04    0.310633E-04
 4.16902   -0.913510E-05   -0.183376E-04    0.306835E-04
 4.18704   -0.927689E-05   -0.181640E-04    0.303069E-04
 4.20507   -0.941444E-05   -0.179929E-04    0.299335E-04
 4.22310   -0.954768E-05   -0.178244E-04    0.295632E-04
 4.24112   -0.967653E-05   -0.176585E-04    0.291963E-04
 4.25915   -0.980094E-05   -0.174952E-04    0.288328E-04
 4.27717   -0.992085E-05   -0.173346E-04    0.284726E-04
 4.29520   -0.100363E-04   -0.171766E-04    0.281156E-04
 4.31323   -0.101471E-04   -0.170214E-04    0.277621E-04
 4.33125   -0.102534E-04   -0.168688E-04    0.274120E-04
 4.34928   -0.103551E-04   -0.167189E-04    0.270651E-04
 4.36730   -0.104523E-04   -0.165718E-04    0.267215E-04
 4.38533   -0.105450E-04   -0.164272E-04    0.263812E-04
 4.40336   -0.106332E-04   -0.162854E-04    0.260443E-04
 4.42138   -0.107169E-04   -0.161462E-04    0.257107E-04
 4.43941   -0.107962E-04   -0.160095E-04    0.253803E-04
 4.45743   -0.108712E-04   -0.158755E-04    0.250532E-04
 4.47546   -0.109419E-04   -0.157440E-04    0.247292E-04
 4.49349   -0.110083E-04   -0.156151E-04    0.244085E-04
 4.51151   -0.110706E-04   -0.154886E-04    0.240909E-04
 4.52954   -0.111288E-04   -0.153645E-04    0.237765E-04
 4.54757   -0.111830E-04   -0.152429E-04    0.234652E-04
 4.56559   -0.112333E-04   -0.151237E-04    0.231569E-04
 4.58362   -0.112797E-04   -0.150067E-04    0.228517E-04
 4.60164   -0.113225E-04   -0.148919E-04    0.225495E-04
 4.61967   -0.113616E-04   -0.147794E-04    0.222502E-04
 4.63770   -0.113971E-04   -0.146691E-04    0.219537E-04
 4.65572   -0.114293E-04   -0.145608E-04    0.216602E-04
 4.67375   -0.114581E-04   -0.144546E-04    0.213695E-04
 4.69177   -0.114836E-04   -0.143504E-04    0.210816E-04
 4.70980   -0.115061E-04   -0.142481E-04    0.207963E-04
 4.72783   -0.115255E-04   -0.141478E-04    0.205137E-04
 4.74585   -0.115420E-04   -0.140493E-04    0.202337E-04
 4.76388   -0.115557E-04   -0.139525E-04    0.199565E-04
 4.78190   -0.115666E-04   -0.138576E-04    0.196816E-04
 4.79993   -0.115749E-04   -0.137643E-04    0.194094E-04
 4.81796   -0.115807E-04   -0.136726E-04    0.191396E-04
 4.83598   -0.115841E-04   -0.135825E-04    0.188722E-04
 4.85401   -0.115851E-04   -0.134939E-04    0.186072E-04
 4.87203   -0.115840E-04   -0.134069E-04    0.183446E-04
 4.89006   -0.115806E-04   -0.133213E-04    0.180841E-04
 4.90809   -0.115752E-04   -0.132371E-04    0.178261E-04
 4.92611   -0.115679E-04   -0.131542E-04    0.175702E-04
 4.94414   -0.115586E-04   -0.130726E-04    0.173167E-04
 4.96216   -0.115476E-04   -0.129923E-04    0.170652E-04
 4.98019   -0.115348E-04   -0.129133E-04    0.168158E-04
 4.99822   -0.115204E-04   -0.128354E-04    0.165686E-04
 5.01624   -0.115045E-04   -0.127586E-04    0.163234E-04
 5.03427   -0.114871E-04   -0.126829E-04    0.160802E-04
 5.05229   -0.114682E-04   -0.126083E-04    0.158390E-04
 5.07032   -0.114480E-04   -0.125347E-04    0.155999E-04
 5.08835   -0.114266E-04   -0.124621E-04    0.153626E-04
 5.10637   -0.114039E-04   -0.123905E-04    0.151273E-04
 5.12440   -0.113801E-04   -0.123198E-04    0.148938E-04
 5.14242   -0.113552E-04   -0.122500E-04    0.146622E-04
 5.16045   -0.113292E-04   -0.121810E-04    0.144325E-04
 5.17848   -0.113023E-04   -0.121129E-04    0.142044E-04
 5.19650   -0.112745E-04   -0.120455E-04    0.139783E-04
 5.21453   -0.112458E-04   -0.119790E-04    0.137539E-04
 5.23256   -0.112163E-04   -0.119132E-04    0.135312E-04
 5.25058   -0.111860E-04   -0.118481E-04    0.133102E-04
 5.26861   -0.111550E-04   -0.117837E-04    0.130909E-04
 5.28663   -0.111233E-04   -0.117200E-04    0.128733E-04
 5.30466   -0.110910E-04   -0.116570E-04    0.126573E-04
 5.32269   -0.110581E-04   -0.115946E-04    0.124430E-04
 5.34071   -0.110246E-04   -0.115328E-04    0.122302E-04
 5.35874   -0.109906E-04   -0.114716E-04    0.120190E-04
 5.37676   -0.109561E-04   -0.114109E-04    0.118094E-04
 5.39479   -0.109212E-04   -0.113509E-04    0.116013E-04
 5.41282   -0.108858E-04   -0.112913E-04    0.113948E-04
 5.43084   -0.108500E-04   -0.112323E-04    0.111898E-04
 5.44887   -0.108139E-04   -0.111738E-04    0.109863E-04
 5.46689   -0.107774E-04   -0.111158E-04    0.107842E-04
 5.48492   -0.107406E-04   -0.110583E-04    0.105837E-04
 5.50295   -0.107036E-04   -0.110012E-04    0.103846E-04
 5.52097   -0.106663E-04   -0.109446E-04    0.101869E-04
 5.53900   -0.106287E-04   -0.108884E-04    0.999073E-05
 5.55702   -0.105909E-04   -0.108327E-04    0.979592E-05
 5.57505   -0.105529E-04   -0.107773E-04    0.960226E-05
 5.59308   -0.105147E-04   -0.107224E-04    0.941027E-05
 5.61110   -0.104764E-04   -0.106679E-04    0.921965E-05
 5.62913   -0.104379E-04   -0.106137E-04    0.903042E-05
 5.64715   -0.103993E-04   -0.105600E-04    0.884254E-05
 5.66518   -0.103605E-04   -0.105066E-04    0.865600E-05
 5.68321   -0.103217E-04   -0.104536E-04    0.847081E-05
 5.70123   -0.102827E-04   -0.104009E-04    0.828694E-05
 5.71926   -0.102437E-04   -0.103485E-04    0.810440E-05
 5.73728   -0.102046E-04   -0.102966E-04    0.792342E-05
 5.75531   -0.101655E-04   -0.102449E-04    0.774348E-05
 5.77334   -0.101263E-04   -0.101936E-04    0.756483E-05
 5.79136   -0.100870E-04   -0.101426E-04    0.738747E-05
 5.80939   -0.100478E-04   -0.100919E-04    0.721140E-05
 5.82741   -0.100085E-04   -0.100415E-04    0.703652E-05
 5.84544   -0.996920E-05   -0.999139E-05    0.686296E-05
 5.86347   -0.992991E-05   -0.994161E-05    0.669064E-05
 5.88149   -0.989062E-05   -0.989212E-05    0.651956E-05
 5.89952   -0.985135E-05   -0.984291E-05    0.634971E-05
 5.91755   -0.981209E-05   -0.979399E-05    0.618114E-05
 5.93557   -0.977286E-05   -0.974536E-05    0.601374E-05
 5.95360   -0.973366E-05   -0.969700E-05    0.584756E-05
 5.97162   -0.969454E-05   -0.964891E-05    0.568258E-05
 5.98965   -0.965538E-05   -0.960108E-05    0.551879E-05
 6.00768   -0.961631E-05   -0.955353E-05    0.535620E-05
 6.02570   -0.957729E-05   -0.950623E-05    0.519481E-05
 6.04373   -0.953833E-05   -0.945918E-05    0.503459E-05
 6.06175   -0.949943E-05   -0.941240E-05    0.487554E-05
 6.07978   -0.946060E-05   -0.936586E-05    0.471766E-05
 6.09781   -0.942185E-05   -0.931957E-05    0.456093E-05
 6.11583   -0.938316E-05   -0.927352E-05    0.440536E-05
 6.13386   -0.934456E-05   -0.922771E-05    0.425093E-05
 6.15188   -0.930605E-05   -0.918214E-05    0.409763E-05
 6.16991   -0.926762E-05   -0.913680E-05    0.394547E-05
 6.18794   -0.922928E-05   -0.909170E-05    0.379442E-05
 6.20596   -0.919104E-05   -0.904682E-05    0.364449E-05
 6.22399   -0.915290E-05   -0.900216E-05    0.349567E-05
 6.24201   -0.911487E-05   -0.895773E-05    0.334794E-05
 6.26004   -0.907694E-05   -0.891352E-05    0.320129E-05
 6.27807   -0.903912E-05   -0.886952E-05    0.305574E-05
 6.29609   -0.900141E-05   -0.882574E-05    0.291128E-05
 6.31412   -0.896382E-05   -0.878217E-05    0.276790E-05
 6.33214   -0.892636E-05   -0.873881E-05    0.262558E-05
 6.35017   -0.888901E-05   -0.869565E-05    0.248432E-05
 6.36820   -0.885179E-05   -0.865270E-05    0.234413E-05
 6.38622   -0.881470E-05   -0.860994E-05    0.220499E-05
 6.40425   -0.877774E-05   -0.856739E-05    0.206689E-05
 6.42227   -0.874092E-05   -0.852503E-05    0.192984E-05
 6.44030   -0.870423E-05   -0.848287E-05    0.179383E-05
 6.45833   -0.866768E-05   -0.844090E-05    0.165884E-05
 6.47635   -0.863127E-05   -0.839912E-05    0.152489E-05
 6.49438   -0.859500E-05   -0.835752E-05    0.139196E-05
 6.51240   -0.855888E-05   -0.831612E-05    0.126005E-05
 6.53043   -0.852291E-05   -0.827489E-05    0.112915E-05
 6.54846   -0.848708E-05   -0.823385E-05    0.999270E-06
 6.56648   -0.845141E-05   -0.819299E-05    0.870384E-06
 6.58451   -0.841589E-05   -0.815231E-05    0.742506E-06
 6.60254   -0.838052E-05   -0.811180E-05    0.615618E-06
 6.62056   -0.834531E-05   -0.807147E-05    0.489720E-06
 6.63859   -0.831025E-05   -0.803131E-05    0.364800E-06
 6.65661   -0.827536E-05   -0.799132E-05    0.240860E-06
 6.67464   -0.824062E-05   -0.795150E-05    0.117893E-06
 6.69267   -0.820605E-05   -0.791185E-05   -0.411855E-08
 6.71069   -0.817164E-05   -0.787236E-05   -0.125161E-06
 6.72872   -0.813739E-05   -0.783305E-05   -0.245247E-06
 6.74674   -0.810331E-05   -0.779389E-05   -0.364404E-06
 6.76477   -0.806939E-05   -0.775489E-05   -0.482596E-06
 6.78280   -0.803564E-05   -0.771606E-05   -0.599843E-06
 6.80082   -0.800205E-05   -0.767739E-05   -0.716145E-06
 6.81885   -0.796863E-05   -0.763887E-05   -0.831520E-06
 6.83687   -0.793538E-05   -0.760051E-05   -0.945975E-06
 6.85490   -0.790229E-05   -0.756232E-05   -0.105951E-05
 6.87293   -0.786937E-05   -0.752427E-05   -0.117213E-05
 6.89095   -0.783662E-05   -0.748638E-05   -0.128384E-05
 6.90898   -0.780404E-05   -0.744864E-05   -0.139465E-05
 6.92700   -0.777162E-05   -0.741105E-05   -0.150456E-05
 6.94503   -0.773938E-05   -0.737362E-05   -0.161356E-05
 6.96306   -0.770729E-05   -0.733634E-05   -0.172169E-05
 6.98108   -0.767538E-05   -0.729921E-05   -0.182893E-05
 6.99911   -0.764363E-05   -0.726222E-05   -0.193528E-05
 7.01713   -0.761206E-05   -0.722539E-05   -0.204075E-05
 7.03516   -0.758064E-05   -0.718870E-05   -0.214536E-05
 7.05319   -0.754940E-05   -0.715216E-05   -0.224911E-05
 7.07121   -0.751831E-05   -0.711577E-05   -0.235200E-05
 7.08924   -0.748740E-05   -0.707952E-05   -0.245402E-05
 7.10726   -0.745664E-05   -0.704341E-05   -0.255519E-05
 7.12529   -0.742605E-05   -0.700746E-05   -0.265549E-05
 7.14332   -0.739562E-05   -0.697164E-05   -0.275497E-05
 7.16134   -0.736536E-05   -0.693597E-05   -0.285360E-05
 7.17937   -0.733525E-05   -0.690045E-05   -0.295143E-05
 7.19739   -0.730531E-05   -0.686506E-05   -0.304839E-05
 7.21542   -0.727552E-05   -0.682982E-05   -0.314452E-05
 7.23345   -0.724589E-05   -0.679472E-05   -0.323983E-05
 7.25147   -0.721642E-05   -0.675977E-05   -0.333430E-05
 7.26950   -0.718710E-05   -0.672495E-05   -0.342798E-05
 7.28753   -0.715793E-05   -0.669028E-05   -0.352086E-05
 7.30555   -0.712892E-05   -0.665575E-05   -0.361291E-05
 7.32358   -0.710006E-05   -0.662136E-05   -0.370418E-05
 7.34160   -0.707134E-05   -0.658711E-05   -0.379462E-05
 7.35963   -0.704278E-05   -0.655301E-05   -0.388428E-05
 7.37766   -0.701436E-05   -0.651904E-05   -0.397315E-05
 7.39568   -0.698609E-05   -0.648521E-05   -0.406122E-05
 7.41371   -0.695796E-05   -0.645153E-05   -0.414851E-05
 7.43173   -0.692997E-05   -0.641798E-05   -0.423503E-05
 7.44976   -0.690213E-05   -0.638457E-05   -0.432076E-05
 7.46779   -0.687442E-05   -0.635131E-05   -0.440573E-05
 7.48581   -0.684685E-05   -0.631818E-05   -0.448993E-05
 7.50384   -0.681942E-05   -0.628520E-05   -0.457336E-05
 7.52186   -0.679213E-05   -0.625235E-05   -0.465603E-05
 7.53989   -0.676496E-05   -0.621964E-05   -0.473795E-05
 7.55792   -0.673794E-05   -0.618708E-05   -0.481911E-05
 7.57594   -0.671104E-05   -0.615465E-05   -0.489952E-05
 7.59397   -0.668427E-05   -0.612236E-05   -0.497920E-05
 7.61199   -0.665763E-05   -0.609021E-05   -0.505813E-05
 7.63002   -0.663112E-05   -0.605819E-05   -0.513632E-05
 7.64805   -0.660474E-05   -0.602632E-05   -0.521378E-05
 7.66607   -0.657847E-05   -0.599459E-05   -0.529051E-05
 7.68410   -0.655234E-05   -0.596299E-05   -0.536651E-05
 7.70212   -0.652632E-05   -0.593153E-05   -0.544179E-05
 7.72015   -0.650043E-05   -0.590020E-05   -0.551640E-05
 7.73818   -0.647466E-05   -0.586902E-05   -0.559025E-05
 7.75620   -0.644900E-05   -0.583797E-05   -0.566339E-05
 7.77423   -0.642347E-05   -0.580705E-05   -0.573584E-05
 7.79225   -0.639805E-05   -0.577628E-05   -0.580757E-05
 7.81028   -0.637274E-05   -0.574564E-05   -0.587861E-05
 7.82831   -0.634756E-05   -0.571513E-05   -0.594895E-05
 7.84633   -0.632248E-05   -0.568476E-05   -0.601860E-05
 7.86436   -0.629752E-05   -0.565453E-05   -0.608756E-05
 7.88238   -0.627267E-05   -0.562443E-05   -0.615584E-05
 7.90041   -0.624793E-05   -0.559446E-05   -0.622346E-05
 7.91844   -0.622331E-05   -0.556463E-05   -0.629039E-05
 7.93646   -0.619880E-05   -0.553493E-05   -0.635665E-05
 7.95449   -0.617439E-05   -0.550536E-05   -0.642224E-05
 7.97252   -0.615009E-05   -0.547593E-05   -0.648717E-05
 7.99054   -0.612591E-05   -0.544663E-05   -0.655144E-05
 8.00857   -0.610183E-05   -0.541745E-05   -0.661812E-05
 8.02659   -0.607786E-05   -0.538841E-05   -0.667802E-05
 8.04462   -0.605400E-05   -0.535950E-05   -0.674034E-05
 8.06265   -0.603024E-05   -0.533072E-05   -0.680201E-05
 8.08067   -0.600660E-05   -0.530206E-05   -0.686305E-05
 8.09870   -0.598305E-05   -0.527353E-05   -0.692344E-05
 8.11672   -0.595962E-05   -0.524514E-05   -0.698322E-05
 8.13475   -0.593629E-05   -0.521686E-05   -0.704236E-05
 8.15278   -0.591307E-05   -0.518872E-05   -0.710088E-05
 8.17080   -0.588995E-05   -0.516070E-05   -0.715877E-05
 8.18883   -0.586694E-05   -0.513280E-05   -0.721605E-05
 8.20685   -0.584404E-05   -0.510503E-05   -0.727272E-05
 8.22488   -0.582124E-05   -0.507738E-05   -0.732877E-05
 8.24291   -0.579854E-05   -0.504985E-05   -0.738422E-05
 8.26093   -0.577595E-05   -0.502245E-05   -0.743907E-05
 8.27896   -0.575346E-05   -0.499517E-05   -0.749334E-05
 8.29698   -0.573108E-05   -0.496801E-05   -0.754700E-05
 8.31501   -0.570880E-05   -0.494097E-05   -0.760008E-05
 8.33304   -0.568663E-05   -0.491405E-05   -0.765257E-05
 8.35106   -0.566456E-05   -0.488725E-05   -0.770448E-05
 8.36909   -0.564260E-05   -0.486056E-05   -0.775581E-05
 8.38711   -0.562074E-05   -0.483400E-05   -0.780657E-05
 8.40514   -0.559898E-05   -0.480755E-05   -0.785675E-05
 8.42317   -0.557732E-05   -0.478121E-05   -0.790637E-05
 8.44119   -0.555577E-05   -0.475500E-05   -0.795543E-05
 8.45922   -0.553432E-05   -0.472890E-05   -0.800392E-05
 8.47724   -0.551297E-05   -0.470291E-05   -0.805186E-05
 8.49527   -0.549173E-05   -0.467704E-05   -0.809926E-05
 8.51330   -0.547059E-05   -0.465128E-05   -0.814610E-05
 8.53132   -0.544955E-05   -0.462563E-05   -0.819240E-05
 8.54935   -0.542862E-05   -0.460009E-05   -0.823815E-05
 8.56737   -0.540778E-05   -0.457467E-05   -0.828336E-05
 8.58540   -0.538705E-05   -0.454936E-05   -0.832804E-05
 8.60343   -0.536642E-05   -0.452416E-05   -0.837219E-05
 8.62145   -0.534589E-05   -0.449907E-05   -0.841581E-05
 8.63948   -0.532546E-05   -0.447408E-05   -0.845890E-05
 8.65751   -0.530513E-05   -0.444921E-05   -0.850148E-05
 8.67553   -0.528491E-05   -0.442444E-05   -0.854354E-05
 8.69356   -0.526478E-05   -0.439979E-05   -0.858508E-05
 8.71158   -0.524475E-05   -0.437524E-05   -0.862611E-05
 8.72961   -0.522482E-05   -0.435079E-05   -0.866664E-05
 8.74764   -0.520499E-05   -0.432646E-05   -0.870666E-05
 8.76566   -0.518526E-05   -0.430223E-05   -0.874619E-05
 8.78369   -0.516562E-05   -0.427810E-05   -0.878521E-05
 8.80171   -0.514608E-05   -0.425408E-05   -0.882374E-05
 8.81974   -0.512664E-05   -0.423017E-05   -0.886179E-05
 8.83777   -0.510730E-05   -0.420636E-05   -0.889934E-05
 8.85579   -0.508805E-05   -0.418265E-05   -0.893641E-05
 8.87382   -0.506890E-05   -0.415905E-05   -0.897300E-05
 8.89184   -0.504984E-05   -0.413555E-05   -0.900911E-05
 8.90987   -0.503088E-05   -0.411215E-05   -0.904475E-05
 8.92790   -0.501200E-05   -0.408886E-05   -0.907991E-05
 8.94592   -0.499323E-05   -0.406566E-05   -0.911461E-05
 8.96395   -0.497454E-05   -0.404257E-05   -0.914883E-05
 8.98197   -0.495595E-05   -0.401958E-05   -0.918260E-05
 9.00000   -0.493745E-05   -0.399670E-05   -0.921591E-05
