 0.00500    0.316828E-02   -0.167418E-02    0.136850E-02
 0.02303    0.258069E-02   -0.138036E-02    0.114805E-02
 0.04105    0.223877E-02   -0.120930E-02    0.101960E-02
 0.05908    0.199084E-02   -0.108520E-02    0.926296E-03
 0.07710    0.179616E-02   -0.987701E-03    0.852883E-03
 0.09513    0.163652E-02   -0.907693E-03    0.792542E-03
 0.11316    0.150191E-02   -0.840185E-03    0.741526E-03
 0.13118    0.138617E-02   -0.782063E-03    0.697530E-03
 0.14921    0.128519E-02   -0.731316E-03    0.659020E-03
 0.16723    0.119608E-02   -0.686489E-03    0.624920E-03
 0.18526    0.111674E-02   -0.646527E-03    0.594442E-03
 0.20329    0.104556E-02   -0.610632E-03    0.566990E-03
 0.22131    0.981304E-03   -0.578184E-03    0.542102E-03
 0.23934    0.922981E-03   -0.548694E-03    0.519412E-03
 0.25736    0.869800E-03   -0.521763E-03    0.498624E-03
 0.27539    0.821112E-03   -0.497070E-03    0.479498E-03
 0.29342    0.776375E-03   -0.474344E-03    0.461833E-03
 0.31144    0.735136E-03   -0.453359E-03    0.445462E-03
 0.32947    0.697013E-03   -0.433926E-03    0.430242E-03
 0.34749    0.661678E-03   -0.415880E-03    0.416052E-03
 0.36552    0.628849E-03   -0.399082E-03    0.402789E-03
 0.38355    0.598280E-03   -0.383409E-03    0.390362E-03
 0.40157    0.569758E-03   -0.368760E-03    0.378692E-03
 0.41960    0.543096E-03   -0.355027E-03    0.367711E-03
 0.43763    0.518129E-03   -0.342144E-03    0.357356E-03
 0.45565    0.494711E-03   -0.330032E-03    0.347575E-03
 0.47368    0.472713E-03   -0.318627E-03    0.338321E-03
 0.49170    0.452019E-03   -0.307871E-03    0.329549E-03
 0.50973    0.432525E-03   -0.297714E-03    0.321224E-03
 0.52776    0.414138E-03   -0.288109E-03    0.313309E-03
 0.54578    0.396775E-03   -0.279014E-03    0.305775E-03
 0.56381    0.380358E-03   -0.270391E-03    0.298593E-03
 0.58183    0.364821E-03   -0.262207E-03    0.291739E-03
 0.59986    0.350100E-03   -0.254430E-03    0.285189E-03
 0.61789    0.336139E-03   -0.247033E-03    0.278923E-03
 0.63591    0.322886E-03   -0.239989E-03    0.272922E-03
 0.65394    0.310294E-03   -0.233276E-03    0.267169E-03
 0.67196    0.298320E-03   -0.226871E-03    0.261647E-03
 0.68999    0.286923E-03   -0.220756E-03    0.256343E-03
 0.70802    0.276068E-03   -0.214911E-03    0.251243E-03
 0.72604    0.265722E-03   -0.209321E-03    0.246334E-03
 0.74407    0.255852E-03   -0.203970E-03    0.241606E-03
 0.76209    0.246431E-03   -0.198844E-03    0.237047E-03
 0.78012    0.237432E-03   -0.193930E-03    0.232649E-03
 0.79815    0.228831E-03   -0.189216E-03    0.228403E-03
 0.81617    0.220604E-03   -0.184690E-03    0.224299E-03
 0.83420    0.212732E-03   -0.180342E-03    0.220331E-03
 0.85222    0.205195E-03   -0.176163E-03    0.216491E-03
 0.87025    0.197974E-03   -0.172142E-03    0.212772E-03
 0.88828    0.191052E-03   -0.168273E-03    0.209169E-03
 0.90630    0.184414E-03   -0.164547E-03    0.205676E-03
 0.92433    0.178045E-03   -0.160957E-03    0.202287E-03
 0.94235    0.171931E-03   -0.157496E-03    0.198997E-03
 0.96038    0.166059E-03   -0.154157E-03    0.195801E-03
 0.97841    0.160418E-03   -0.150935E-03    0.192696E-03
 0.99643    0.154996E-03   -0.147824E-03    0.189676E-03
 1.01446    0.149781E-03   -0.144819E-03    0.186738E-03
 1.03248    0.144765E-03   -0.141914E-03    0.183879E-03
 1.05051    0.139938E-03   -0.139105E-03    0.181095E-03
 1.06854    0.135291E-03   -0.136388E-03    0.178382E-03
 1.08656    0.130815E-03   -0.133759E-03    0.175738E-03
 1.10459    0.126504E-03   -0.131213E-03    0.173159E-03
 1.12262    0.122349E-03   -0.128748E-03    0.170643E-03
 1.14064    0.118344E-03   -0.126359E-03    0.168188E-03
 1.15867    0.114481E-03   -0.124043E-03    0.165791E-03
 1.17669    0.110756E-03   -0.121797E-03    0.163449E-03
 1.19472    0.107161E-03   -0.119619E-03    0.161161E-03
 1.21275    0.103691E-03   -0.117505E-03    0.158925E-03
 1.23077    0.100341E-03   -0.115453E-03    0.156737E-03
 1.24880    0.971068E-04   -0.113460E-03    0.154598E-03
 1.26682    0.939823E-04   -0.111524E-03    0.152504E-03
 1.28485    0.909636E-04   -0.109643E-03    0.150454E-03
 1.30288    0.880463E-04   -0.107815E-03    0.148447E-03
 1.32090    0.852263E-04   -0.106037E-03    0.146481E-03
 1.33893    0.824999E-04   -0.104308E-03    0.144555E-03
 1.35695    0.798633E-04   -0.102625E-03    0.142667E-03
 1.37498    0.773129E-04   -0.100988E-03    0.140816E-03
 1.39301    0.748456E-04   -0.993939E-04    0.139001E-03
 1.41103    0.724581E-04   -0.978416E-04    0.137220E-03
 1.42906    0.701474E-04   -0.963297E-04    0.135472E-03
 1.44708    0.679106E-04   -0.948567E-04    0.133757E-03
 1.46511    0.657450E-04   -0.934210E-04    0.132073E-03
 1.48314    0.636478E-04   -0.920216E-04    0.130419E-03
 1.50116    0.616168E-04   -0.906571E-04    0.128795E-03
 1.51919    0.596493E-04   -0.893262E-04    0.127199E-03
 1.53721    0.577433E-04   -0.880280E-04    0.125630E-03
 1.55524    0.558964E-04   -0.867612E-04    0.124089E-03
 1.57327    0.541067E-04   -0.855248E-04    0.122573E-03
 1.59129    0.523721E-04   -0.843179E-04    0.121083E-03
 1.60932    0.506907E-04   -0.831395E-04    0.119617E-03
 1.62734    0.490608E-04   -0.819887E-04    0.118175E-03
 1.64537    0.474806E-04   -0.808645E-04    0.116756E-03
 1.66340    0.459484E-04   -0.797662E-04    0.115359E-03
 1.68142    0.444627E-04   -0.786930E-04    0.113985E-03
 1.69945    0.430219E-04   -0.776440E-04    0.112631E-03
 1.71747    0.416247E-04   -0.766187E-04    0.111299E-03
 1.73550    0.402696E-04   -0.756162E-04    0.109986E-03
 1.75353    0.389553E-04   -0.746360E-04    0.108694E-03
 1.77155    0.376806E-04   -0.736773E-04    0.107420E-03
 1.78958    0.364442E-04   -0.727396E-04    0.106166E-03
 1.80761    0.352452E-04   -0.718224E-04    0.104930E-03
 1.82563    0.340822E-04   -0.709249E-04    0.103711E-03
 1.84366    0.329544E-04   -0.700467E-04    0.102511E-03
 1.86168    0.318607E-04   -0.691875E-04    0.101327E-03
 1.87971    0.308002E-04   -0.683465E-04    0.100160E-03
 1.89774    0.297719E-04   -0.675234E-04    0.990094E-04
 1.91576    0.287750E-04   -0.667177E-04    0.978748E-04
 1.93379    0.278087E-04   -0.659290E-04    0.967560E-04
 1.95181    0.268722E-04   -0.651570E-04    0.956525E-04
 1.96984    0.259648E-04   -0.644011E-04    0.945642E-04
 1.98787    0.250856E-04   -0.636610E-04    0.934906E-04
 2.00589    0.242341E-04   -0.629365E-04    0.924316E-04
 2.02392    0.234095E-04   -0.622271E-04    0.913868E-04
 2.04194    0.226112E-04   -0.615324E-04    0.903559E-04
 2.05997    0.218386E-04   -0.608523E-04    0.893389E-04
 2.07800    0.210910E-04   -0.601862E-04    0.883353E-04
 2.09602    0.203679E-04   -0.595340E-04    0.873449E-04
 2.11405    0.196686E-04   -0.588954E-04    0.863676E-04
 2.13207    0.189926E-04   -0.582700E-04    0.854030E-04
 2.15010    0.183393E-04   -0.576576E-04    0.844509E-04
 2.16813    0.177082E-04   -0.570578E-04    0.835111E-04
 2.18615    0.170987E-04   -0.564703E-04    0.825833E-04
 2.20418    0.165102E-04   -0.558950E-04    0.816674E-04
 2.22220    0.159422E-04   -0.553313E-04    0.807631E-04
 2.24023    0.153940E-04   -0.547791E-04    0.798701E-04
 2.25826    0.148652E-04   -0.542381E-04    0.789881E-04
 2.27628    0.143550E-04   -0.537078E-04    0.781170E-04
 2.29431    0.138629E-04   -0.531882E-04    0.772566E-04
 2.31233    0.133882E-04   -0.526787E-04    0.764064E-04
 2.33036    0.129304E-04   -0.521791E-04    0.755664E-04
 2.34839    0.124888E-04   -0.516890E-04    0.747360E-04
 2.36641    0.120627E-04   -0.512082E-04    0.739153E-04
 2.38444    0.116515E-04   -0.507362E-04    0.731038E-04
 2.40246    0.112545E-04   -0.502727E-04    0.723014E-04
 2.42049    0.108710E-04   -0.498173E-04    0.715076E-04
 2.43852    0.105003E-04   -0.493698E-04    0.707222E-04
 2.45654    0.101418E-04   -0.489297E-04    0.699450E-04
 2.47457    0.979469E-05   -0.484966E-04    0.691756E-04
 2.49260    0.945827E-05   -0.480702E-04    0.684138E-04
 2.51062    0.913188E-05   -0.476502E-04    0.676592E-04
 2.52865    0.881478E-05   -0.472362E-04    0.669117E-04
 2.54667    0.850628E-05   -0.468277E-04    0.661708E-04
 2.56470    0.820585E-05   -0.464245E-04    0.654363E-04
 2.58273    0.791247E-05   -0.460262E-04    0.647079E-04
 2.60075    0.762565E-05   -0.456324E-04    0.639854E-04
 2.61878    0.734460E-05   -0.452428E-04    0.632684E-04
 2.63680    0.706893E-05   -0.448572E-04    0.625568E-04
 2.65483    0.679788E-05   -0.444749E-04    0.618502E-04
 2.67286    0.653083E-05   -0.440961E-04    0.611484E-04
 2.69088    0.626719E-05   -0.437200E-04    0.604512E-04
 2.70891    0.600640E-05   -0.433467E-04    0.597582E-04
 2.72693    0.574794E-05   -0.429756E-04    0.590694E-04
 2.74496    0.549125E-05   -0.426066E-04    0.583844E-04
 2.76299    0.523586E-05   -0.422395E-04    0.577031E-04
 2.78101    0.498125E-05   -0.418739E-04    0.570253E-04
 2.79904    0.472701E-05   -0.415095E-04    0.563507E-04
 2.81706    0.447268E-05   -0.411463E-04    0.556793E-04
 2.83509    0.421789E-05   -0.407840E-04    0.550108E-04
 2.85312    0.396227E-05   -0.404225E-04    0.543451E-04
 2.87114    0.370545E-05   -0.400614E-04    0.536820E-04
 2.88917    0.344713E-05   -0.397007E-04    0.530214E-04
 2.90719    0.318699E-05   -0.393401E-04    0.523632E-04
 2.92522    0.292477E-05   -0.389797E-04    0.517072E-04
 2.94325    0.266021E-05   -0.386190E-04    0.510534E-04
 2.96127    0.239309E-05   -0.382583E-04    0.504017E-04
 2.97930    0.212324E-05   -0.378973E-04    0.497520E-04
 2.99732    0.185046E-05   -0.375359E-04    0.491041E-04
 3.01535    0.157463E-05   -0.371740E-04    0.484581E-04
 3.03338    0.129563E-05   -0.368115E-04    0.478140E-04
 3.05140    0.101339E-05   -0.364485E-04    0.471716E-04
 3.06943    0.727847E-06   -0.360849E-04    0.465308E-04
 3.08745    0.438967E-06   -0.357207E-04    0.458920E-04
 3.10548    0.146758E-06   -0.353559E-04    0.452548E-04
 3.12351   -0.148762E-06   -0.349905E-04    0.446194E-04
 3.14153   -0.447540E-06   -0.346245E-04    0.439857E-04
 3.15956   -0.749486E-06   -0.342579E-04    0.433539E-04
 3.17759   -0.105451E-05   -0.338911E-04    0.427239E-04
 3.19561   -0.136234E-05   -0.335237E-04    0.420958E-04
 3.21364   -0.167292E-05   -0.331560E-04    0.414698E-04
 3.23166   -0.198599E-05   -0.327881E-04    0.408458E-04
 3.24969   -0.230135E-05   -0.324201E-04    0.402239E-04
 3.26772   -0.261873E-05   -0.320521E-04    0.396044E-04
 3.28574   -0.293789E-05   -0.316843E-04    0.389871E-04
 3.30377   -0.325849E-05   -0.313168E-04    0.383724E-04
 3.32179   -0.358023E-05   -0.309499E-04    0.377603E-04
 3.33982   -0.390275E-05   -0.305836E-04    0.371510E-04
 3.35785   -0.422570E-05   -0.302179E-04    0.365446E-04
 3.37587   -0.454869E-05   -0.298538E-04    0.359413E-04
 3.39390   -0.487133E-05   -0.294904E-04    0.353412E-04
 3.41192   -0.519325E-05   -0.291287E-04    0.347444E-04
 3.42995   -0.551403E-05   -0.287686E-04    0.341511E-04
 3.44798   -0.583328E-05   -0.284103E-04    0.335616E-04
 3.46600   -0.615059E-05   -0.280542E-04    0.329758E-04
 3.48403   -0.646554E-05   -0.277003E-04    0.323941E-04
 3.50205   -0.677774E-05   -0.273488E-04    0.318166E-04
 3.52008   -0.708679E-05   -0.270000E-04    0.312433E-04
 3.53811   -0.739229E-05   -0.266541E-04    0.306746E-04
 3.55613   -0.769387E-05   -0.263112E-04    0.301105E-04
 3.57416   -0.799115E-05   -0.259716E-04    0.295511E-04
 3.59218   -0.828374E-05   -0.256353E-04    0.289967E-04
 3.61021   -0.857136E-05   -0.253027E-04    0.284473E-04
 3.62824   -0.885364E-05   -0.249739E-04    0.279031E-04
 3.64626   -0.913029E-05   -0.246489E-04    0.273641E-04
 3.66429   -0.940104E-05   -0.243280E-04    0.268306E-04
 3.68231   -0.966561E-05   -0.240113E-04    0.263025E-04
 3.70034   -0.992377E-05   -0.236989E-04    0.257801E-04
 3.71837   -0.101753E-04   -0.233909E-04    0.252632E-04
 3.73639   -0.104200E-04   -0.230874E-04    0.247522E-04
 3.75442   -0.106577E-04   -0.227885E-04    0.242469E-04
 3.77244   -0.108882E-04   -0.224943E-04    0.237475E-04
 3.79047   -0.111114E-04   -0.222049E-04    0.232540E-04
 3.80850   -0.113271E-04   -0.219202E-04    0.227664E-04
 3.82652   -0.115354E-04   -0.216404E-04    0.222849E-04
 3.84455   -0.117361E-04   -0.213655E-04    0.218093E-04
 3.86258   -0.119291E-04   -0.210955E-04    0.213397E-04
 3.88060   -0.121146E-04   -0.208304E-04    0.208762E-04
 3.89863   -0.122924E-04   -0.205702E-04    0.204186E-04
 3.91665   -0.124625E-04   -0.203148E-04    0.199671E-04
 3.93468   -0.126250E-04   -0.200644E-04    0.195215E-04
 3.95271   -0.127800E-04   -0.198188E-04    0.190819E-04
 3.97073   -0.129275E-04   -0.195781E-04    0.186481E-04
 3.98876   -0.130675E-04   -0.193421E-04    0.182203E-04
 4.00678   -0.132002E-04   -0.191109E-04    0.177983E-04
 4.02481   -0.133256E-04   -0.188843E-04    0.173821E-04
 4.04284   -0.134439E-04   -0.186624E-04    0.169716E-04
 4.06086   -0.135552E-04   -0.184450E-04    0.165668E-04
 4.07889   -0.136596E-04   -0.182321E-04    0.161677E-04
 4.09691   -0.137573E-04   -0.180236E-04    0.157740E-04
 4.11494   -0.138484E-04   -0.178195E-04    0.153859E-04
 4.13297   -0.139331E-04   -0.176195E-04    0.150032E-04
 4.15099   -0.140115E-04   -0.174238E-04    0.146258E-04
 4.16902   -0.140837E-04   -0.172322E-04    0.142536E-04
 4.18704   -0.141501E-04   -0.170445E-04    0.138868E-04
 4.20507   -0.142106E-04   -0.168607E-04    0.135249E-04
 4.22310   -0.142656E-04   -0.166807E-04    0.131681E-04
 4.24112   -0.143151E-04   -0.165045E-04    0.128163E-04
 4.25915   -0.143594E-04   -0.163319E-04    0.124692E-04
 4.27717   -0.143985E-04   -0.161628E-04    0.121271E-04
 4.29520   -0.144328E-04   -0.159971E-04    0.117896E-04
 4.31323   -0.144624E-04   -0.158347E-04    0.114567E-04
 4.33125   -0.144874E-04   -0.156757E-04    0.111284E-04
 4.34928   -0.145080E-04   -0.155198E-04    0.108045E-04
 4.36730   -0.145244E-04   -0.153670E-04    0.104850E-04
 4.38533   -0.145368E-04   -0.152171E-04    0.101698E-04
 4.40336   -0.145452E-04   -0.150701E-04    0.985886E-05
 4.42138   -0.145500E-04   -0.149260E-04    0.955204E-05
 4.43941   -0.145512E-04   -0.147845E-04    0.924930E-05
 4.45743   -0.145490E-04   -0.146457E-04    0.895055E-05
 4.47546   -0.145435E-04   -0.145095E-04    0.865572E-05
 4.49349   -0.145349E-04   -0.143757E-04    0.836473E-05
 4.51151   -0.145233E-04   -0.142443E-04    0.807754E-05
 4.52954   -0.145089E-04   -0.141153E-04    0.779405E-05
 4.54757   -0.144918E-04   -0.139885E-04    0.751413E-05
 4.56559   -0.144721E-04   -0.138639E-04    0.723784E-05
 4.58362   -0.144500E-04   -0.137414E-04    0.696506E-05
 4.60164   -0.144255E-04   -0.136209E-04    0.669573E-05
 4.61967   -0.143989E-04   -0.135024E-04    0.642977E-05
 4.63770   -0.143701E-04   -0.133859E-04    0.616714E-05
 4.65572   -0.143394E-04   -0.132712E-04    0.590776E-05
 4.67375   -0.143068E-04   -0.131583E-04    0.565160E-05
 4.69177   -0.142724E-04   -0.130471E-04    0.539898E-05
 4.70980   -0.142364E-04   -0.129377E-04    0.514904E-05
 4.72783   -0.141988E-04   -0.128298E-04    0.490180E-05
 4.74585   -0.141596E-04   -0.127236E-04    0.465791E-05
 4.76388   -0.141191E-04   -0.126189E-04    0.441698E-05
 4.78190   -0.140772E-04   -0.125156E-04    0.417895E-05
 4.79993   -0.140341E-04   -0.124138E-04    0.394378E-05
 4.81796   -0.139898E-04   -0.123135E-04    0.371142E-05
 4.83598   -0.139445E-04   -0.122144E-04    0.348184E-05
 4.85401   -0.138980E-04   -0.121167E-04    0.325498E-05
 4.87203   -0.138507E-04   -0.120203E-04    0.303079E-05
 4.89006   -0.138024E-04   -0.119251E-04    0.280925E-05
 4.90809   -0.137533E-04   -0.118311E-04    0.259032E-05
 4.92611   -0.137034E-04   -0.117383E-04    0.237397E-05
 4.94414   -0.136528E-04   -0.116466E-04    0.216013E-05
 4.96216   -0.136015E-04   -0.115560E-04    0.194879E-05
 4.98019   -0.135496E-04   -0.114665E-04    0.173992E-05
 4.99822   -0.134971E-04   -0.113780E-04    0.153347E-05
 5.01624   -0.134441E-04   -0.112906E-04    0.132939E-05
 5.03427   -0.133906E-04   -0.112041E-04    0.112769E-05
 5.05229   -0.133366E-04   -0.111186E-04    0.928318E-06
 5.07032   -0.132823E-04   -0.110341E-04    0.731231E-06
 5.08835   -0.132275E-04   -0.109505E-04    0.536399E-06
 5.10637   -0.131725E-04   -0.108677E-04    0.343804E-06
 5.12440   -0.131171E-04   -0.107858E-04    0.153415E-06
 5.14242   -0.130615E-04   -0.107048E-04   -0.347916E-07
 5.16045   -0.130056E-04   -0.106246E-04   -0.220862E-06
 5.17848   -0.129496E-04   -0.105452E-04   -0.404803E-06
 5.19650   -0.128933E-04   -0.104667E-04   -0.586646E-06
 5.21453   -0.128369E-04   -0.103888E-04   -0.766418E-06
 5.23256   -0.127804E-04   -0.103117E-04   -0.944140E-06
 5.25058   -0.127237E-04   -0.102354E-04   -0.111984E-05
 5.26861   -0.126670E-04   -0.101598E-04   -0.129355E-05
 5.28663   -0.126102E-04   -0.100849E-04   -0.146528E-05
 5.30466   -0.125533E-04   -0.100107E-04   -0.163505E-05
 5.32269   -0.124965E-04   -0.993719E-05   -0.180289E-05
 5.34071   -0.124396E-04   -0.986433E-05   -0.196882E-05
 5.35874   -0.123827E-04   -0.979212E-05   -0.213287E-05
 5.37676   -0.123258E-04   -0.972056E-05   -0.229505E-05
 5.39479   -0.122690E-04   -0.964962E-05   -0.245538E-05
 5.41282   -0.122122E-04   -0.957930E-05   -0.261389E-05
 5.43084   -0.121555E-04   -0.950959E-05   -0.277058E-05
 5.44887   -0.120989E-04   -0.944048E-05   -0.292551E-05
 5.46689   -0.120423E-04   -0.937195E-05   -0.307865E-05
 5.48492   -0.119859E-04   -0.930399E-05   -0.323005E-05
 5.50295   -0.119295E-04   -0.923660E-05   -0.337971E-05
 5.52097   -0.118733E-04   -0.916977E-05   -0.352765E-05
 5.53900   -0.118172E-04   -0.910349E-05   -0.367386E-05
 5.55702   -0.117612E-04   -0.903775E-05   -0.381845E-05
 5.57505   -0.117054E-04   -0.897254E-05   -0.396134E-05
 5.59308   -0.116497E-04   -0.890786E-05   -0.410257E-05
 5.61110   -0.115941E-04   -0.884369E-05   -0.424217E-05
 5.62913   -0.115388E-04   -0.878002E-05   -0.438012E-05
 5.64715   -0.114836E-04   -0.871686E-05   -0.451648E-05
 5.66518   -0.114285E-04   -0.865420E-05   -0.465123E-05
 5.68321   -0.113737E-04   -0.859202E-05   -0.478442E-05
 5.70123   -0.113190E-04   -0.853032E-05   -0.491603E-05
 5.71926   -0.112646E-04   -0.846909E-05   -0.504608E-05
 5.73728   -0.112103E-04   -0.840814E-05   -0.517459E-05
 5.75531   -0.111562E-04   -0.834803E-05   -0.530158E-05
 5.77334   -0.111024E-04   -0.828819E-05   -0.542705E-05
 5.79136   -0.110487E-04   -0.822879E-05   -0.555103E-05
 5.80939   -0.109953E-04   -0.816984E-05   -0.567351E-05
 5.82741   -0.109421E-04   -0.811133E-05   -0.579454E-05
 5.84544   -0.108891E-04   -0.805324E-05   -0.591412E-05
 5.86347   -0.108363E-04   -0.799558E-05   -0.603225E-05
 5.88149   -0.107837E-04   -0.793834E-05   -0.614895E-05
 5.89952   -0.107314E-04   -0.788151E-05   -0.626424E-05
 5.91755   -0.106793E-04   -0.782511E-05   -0.637813E-05
 5.93557   -0.106275E-04   -0.776910E-05   -0.649061E-05
 5.95360   -0.105759E-04   -0.771349E-05   -0.660176E-05
 5.97162   -0.105245E-04   -0.765828E-05   -0.671151E-05
 5.98965   -0.104734E-04   -0.760345E-05   -0.681994E-05
 6.00768   -0.104226E-04   -0.754902E-05   -0.692702E-05
 6.02570   -0.103719E-04   -0.749496E-05   -0.703278E-05
 6.04373   -0.103216E-04   -0.744128E-05   -0.713720E-05
 6.06175   -0.102715E-04   -0.738798E-05   -0.724035E-05
 6.07978   -0.102216E-04   -0.733504E-05   -0.734221E-05
 6.09781   -0.101720E-04   -0.728247E-05   -0.744279E-05
 6.11583   -0.101226E-04   -0.723026E-05   -0.754210E-05
 6.13386   -0.100735E-04   -0.717840E-05   -0.764015E-05
 6.15188   -0.100247E-04   -0.712690E-05   -0.773694E-05
 6.16991   -0.997613E-05   -0.707575E-05   -0.783254E-05
 6.18794   -0.992781E-05   -0.702495E-05   -0.792687E-05
 6.20596   -0.987975E-05   -0.697449E-05   -0.802003E-05
 6.22399   -0.983194E-05   -0.692437E-05   -0.811196E-05
 6.24201   -0.978440E-05   -0.687456E-05   -0.820269E-05
 6.26004   -0.973712E-05   -0.682513E-05   -0.829227E-05
 6.27807   -0.969009E-05   -0.677601E-05   -0.838066E-05
 6.29609   -0.964332E-05   -0.672724E-05   -0.846788E-05
 6.31412   -0.959681E-05   -0.667875E-05   -0.855395E-05
 6.33214   -0.955055E-05   -0.663061E-05   -0.863889E-05
 6.35017   -0.950455E-05   -0.658279E-05   -0.872270E-05
 6.36820   -0.945880E-05   -0.653528E-05   -0.880536E-05
 6.38622   -0.941330E-05   -0.648809E-05   -0.888694E-05
 6.40425   -0.936805E-05   -0.644121E-05   -0.896740E-05
 6.42227   -0.932306E-05   -0.639465E-05   -0.904674E-05
 6.44030   -0.927831E-05   -0.634837E-05   -0.912504E-05
 6.45833   -0.923380E-05   -0.630244E-05   -0.920220E-05
 6.47635   -0.918954E-05   -0.625679E-05   -0.927835E-05
 6.49438   -0.914553E-05   -0.621145E-05   -0.935341E-05
 6.51240   -0.910176E-05   -0.616640E-05   -0.942748E-05
 6.53043   -0.905822E-05   -0.612166E-05   -0.950046E-05
 6.54846   -0.901492E-05   -0.607721E-05   -0.957241E-05
 6.56648   -0.897185E-05   -0.603306E-05   -0.964334E-05
 6.58451   -0.892902E-05   -0.598920E-05   -0.971325E-05
 6.60254   -0.888642E-05   -0.594564E-05   -0.978216E-05
 6.62056   -0.884406E-05   -0.590235E-05   -0.985006E-05
 6.63859   -0.880191E-05   -0.585937E-05   -0.991699E-05
 6.65661   -0.876000E-05   -0.581667E-05   -0.998292E-05
 6.67464   -0.871831E-05   -0.577425E-05   -0.100479E-04
 6.69267   -0.867685E-05   -0.573211E-05   -0.101119E-04
 6.71069   -0.863561E-05   -0.569025E-05   -0.101749E-04
 6.72872   -0.859458E-05   -0.564867E-05   -0.102370E-04
 6.74674   -0.855378E-05   -0.560736E-05   -0.102982E-04
 6.76477   -0.851319E-05   -0.556634E-05   -0.103584E-04
 6.78280   -0.847281E-05   -0.552558E-05   -0.104177E-04
 6.80082   -0.843265E-05   -0.548510E-05   -0.104761E-04
 6.81885   -0.839270E-05   -0.544489E-05   -0.105336E-04
 6.83687   -0.835296E-05   -0.540494E-05   -0.105901E-04
 6.85490   -0.831343E-05   -0.536527E-05   -0.106458E-04
 6.87293   -0.827410E-05   -0.532585E-05   -0.107006E-04
 6.89095   -0.823498E-05   -0.528671E-05   -0.107546E-04
 6.90898   -0.819607E-05   -0.524782E-05   -0.108076E-04
 6.92700   -0.815735E-05   -0.520919E-05   -0.108598E-04
 6.94503   -0.811884E-05   -0.517082E-05   -0.109111E-04
 6.96306   -0.808053E-05   -0.513270E-05   -0.109616E-04
 6.98108   -0.804242E-05   -0.509484E-05   -0.110113E-04
 6.99911   -0.800451E-05   -0.505724E-05   -0.110601E-04
 7.01713   -0.796679E-05   -0.501988E-05   -0.111081E-04
 7.03516   -0.792928E-05   -0.498277E-05   -0.111553E-04
 7.05319   -0.789196E-05   -0.494591E-05   -0.112016E-04
 7.07121   -0.785483E-05   -0.490929E-05   -0.112472E-04
 7.08924   -0.781790E-05   -0.487291E-05   -0.112920E-04
 7.10726   -0.778116E-05   -0.483678E-05   -0.113360E-04
 7.12529   -0.774462E-05   -0.480088E-05   -0.113792E-04
 7.14332   -0.770827E-05   -0.476522E-05   -0.114216E-04
 7.16134   -0.767211E-05   -0.472980E-05   -0.114633E-04
 7.17937   -0.763614E-05   -0.469461E-05   -0.115042E-04
 7.19739   -0.760036E-05   -0.465966E-05   -0.115444E-04
 7.21542   -0.756477E-05   -0.462493E-05   -0.115838E-04
 7.23345   -0.752937E-05   -0.459043E-05   -0.116225E-04
 7.25147   -0.749416E-05   -0.455616E-05   -0.116604E-04
 7.26950   -0.745913E-05   -0.452211E-05   -0.116976E-04
 7.28753   -0.742429E-05   -0.448829E-05   -0.117341E-04
 7.30555   -0.738963E-05   -0.445469E-05   -0.117700E-04
 7.32358   -0.735516E-05   -0.442131E-05   -0.118050E-04
 7.34160   -0.732088E-05   -0.438814E-05   -0.118394E-04
 7.35963   -0.728677E-05   -0.435519E-05   -0.118731E-04
 7.37766   -0.725285E-05   -0.432246E-05   -0.119062E-04
 7.39568   -0.721911E-05   -0.428994E-05   -0.119385E-04
 7.41371   -0.718556E-05   -0.425763E-05   -0.119702E-04
 7.43173   -0.715218E-05   -0.422554E-05   -0.120012E-04
 7.44976   -0.711898E-05   -0.419365E-05   -0.120315E-04
 7.46779   -0.708597E-05   -0.416196E-05   -0.120612E-04
 7.48581   -0.705313E-05   -0.413049E-05   -0.120903E-04
 7.50384   -0.702047E-05   -0.409921E-05   -0.121187E-04
 7.52186   -0.698799E-05   -0.406813E-05   -0.121465E-04
 7.53989   -0.695569E-05   -0.403726E-05   -0.121736E-04
 7.55792   -0.692357E-05   -0.400658E-05   -0.122001E-04
 7.57594   -0.689162E-05   -0.397610E-05   -0.122261E-04
 7.59397   -0.685984E-05   -0.394582E-05   -0.122514E-04
 7.61199   -0.682825E-05   -0.391573E-05   -0.122761E-04
 7.63002   -0.679682E-05   -0.388583E-05   -0.123002E-04
 7.64805   -0.676558E-05   -0.385613E-05   -0.123237E-04
 7.66607   -0.673450E-05   -0.382661E-05   -0.123466E-04
 7.68410   -0.670360E-05   -0.379728E-05   -0.123690E-04
 7.70212   -0.667287E-05   -0.376813E-05   -0.123907E-04
 7.72015   -0.664231E-05   -0.373917E-05   -0.124120E-04
 7.73818   -0.661192E-05   -0.371040E-05   -0.124326E-04
 7.75620   -0.658170E-05   -0.368180E-05   -0.124527E-04
 7.77423   -0.655166E-05   -0.365339E-05   -0.124722E-04
 7.79225   -0.652178E-05   -0.362516E-05   -0.124912E-04
 7.81028   -0.649207E-05   -0.359710E-05   -0.125097E-04
 7.82831   -0.646253E-05   -0.356922E-05   -0.125276E-04
 7.84633   -0.643315E-05   -0.354152E-05   -0.125449E-04
 7.86436   -0.640394E-05   -0.351399E-05   -0.125618E-04
 7.88238   -0.637490E-05   -0.348663E-05   -0.125781E-04
 7.90041   -0.634602E-05   -0.345944E-05   -0.125940E-04
 7.91844   -0.631731E-05   -0.343243E-05   -0.126093E-04
 7.93646   -0.628876E-05   -0.340558E-05   -0.126241E-04
 7.95449   -0.626038E-05   -0.337890E-05   -0.126384E-04
 7.97252   -0.623216E-05   -0.335238E-05   -0.126522E-04
 7.99054   -0.620410E-05   -0.332603E-05   -0.126655E-04
 8.00857   -0.617620E-05   -0.329984E-05   -0.126784E-04
 8.02659   -0.614846E-05   -0.327382E-05   -0.126908E-04
 8.04462   -0.612089E-05   -0.324796E-05   -0.127026E-04
 8.06265   -0.609347E-05   -0.322225E-05   -0.127141E-04
 8.08067   -0.606621E-05   -0.319671E-05   -0.127250E-04
 8.09870   -0.603911E-05   -0.317132E-05   -0.127355E-04
 8.11672   -0.601217E-05   -0.314609E-05   -0.127456E-04
 8.13475   -0.598539E-05   -0.312102E-05   -0.127552E-04
 8.15278   -0.595876E-05   -0.309610E-05   -0.127643E-04
 8.17080   -0.593228E-05   -0.307133E-05   -0.127730E-04
 8.18883   -0.590596E-05   -0.304671E-05   -0.127813E-04
 8.20685   -0.587980E-05   -0.302225E-05   -0.127891E-04
 8.22488   -0.585378E-05   -0.299794E-05   -0.127965E-04
 8.24291   -0.582792E-05   -0.297377E-05   -0.128035E-04
 8.26093   -0.580221E-05   -0.294975E-05   -0.128101E-04
 8.27896   -0.577665E-05   -0.292588E-05   -0.128162E-04
 8.29698   -0.575124E-05   -0.290216E-05   -0.128220E-04
 8.31501   -0.572598E-05   -0.287858E-05   -0.128273E-04
 8.33304   -0.570087E-05   -0.285515E-05   -0.128322E-04
 8.35106   -0.567590E-05   -0.283186E-05   -0.128367E-04
 8.36909   -0.565108E-05   -0.280871E-05   -0.128409E-04
 8.38711   -0.562641E-05   -0.278570E-05   -0.128446E-04
 8.40514   -0.560187E-05   -0.276283E-05   -0.128480E-04
 8.42317   -0.557748E-05   -0.274011E-05   -0.128510E-04
 8.44119   -0.555324E-05   -0.271752E-05   -0.128536E-04
 8.45922   -0.552913E-05   -0.269507E-05   -0.128558E-04
 8.47724   -0.550517E-05   -0.267276E-05   -0.128577E-04
 8.49527   -0.548134E-05   -0.265058E-05   -0.128592E-04
 8.51330   -0.545765E-05   -0.262854E-05   -0.128603E-04
 8.53132   -0.543410E-05   -0.260664E-05   -0.128611E-04
 8.54935   -0.541069E-05   -0.258487E-05   -0.128615E-04
 8.56737   -0.538741E-05   -0.256323E-05   -0.128616E-04
 8.58540   -0.536426E-05   -0.254173E-05   -0.128613E-04
 8.60343   -0.534125E-05   -0.252036E-05   -0.128607E-04
 8.62145   -0.531837E-05   -0.249912E-05   -0.128597E-04
 8.63948   -0.529562E-05   -0.247801E-05   -0.128584E-04
 8.65751   -0.527300E-05   -0.245702E-05   -0.128567E-04
 8.67553   -0.525051E-05   -0.243617E-05   -0.128548E-04
 8.69356   -0.522815E-05   -0.241545E-05   -0.128525E-04
 8.71158   -0.520592E-05   -0.239486E-05   -0.128499E-04
 8.72961   -0.518381E-05   -0.237439E-05   -0.128470E-04
 8.74764   -0.516183E-05   -0.235405E-05   -0.128437E-04
 8.76566   -0.513997E-05   -0.233383E-05   -0.128401E-04
 8.78369   -0.511823E-05   -0.231374E-05   -0.128363E-04
 8.80171   -0.509662E-05   -0.229377E-05   -0.128321E-04
 8.81974   -0.507513E-05   -0.227392E-05   -0.128276E-04
 8.83777   -0.505376E-05   -0.225420E-05   -0.128229E-04
 8.85579   -0.503251E-05   -0.223461E-05   -0.128178E-04
 8.87382   -0.501138E-05   -0.221513E-05   -0.128124E-04
 8.89184   -0.499036E-05   -0.219577E-05   -0.128068E-04
 8.90987   -0.496947E-05   -0.217653E-05   -0.128008E-04
 8.92790   -0.494869E-05   -0.215741E-05   -0.127946E-04
 8.94592   -0.492802E-05   -0.213842E-05   -0.127881E-04
 8.96395   -0.490747E-05   -0.211954E-05   -0.127814E-04
 8.98197   -0.488703E-05   -0.210077E-05   -0.127743E-04
 9.00000   -0.486671E-05   -0.208213E-05   -0.127670E-04
