 0.00500    0.130125E-01   -0.675796E-02    0.526367E-02
 0.02303    0.105109E-01   -0.550705E-02    0.432506E-02
 0.04105    0.906799E-02   -0.478531E-02    0.378300E-02
 0.05908    0.802768E-02   -0.426451E-02    0.339136E-02
 0.07710    0.721454E-02   -0.385715E-02    0.308451E-02
 0.09513    0.655033E-02   -0.352413E-02    0.283323E-02
 0.11316    0.599221E-02   -0.324405E-02    0.262148E-02
 0.13118    0.551388E-02   -0.300376E-02    0.243940E-02
 0.14921    0.509784E-02   -0.279454E-02    0.228048E-02
 0.16723    0.473181E-02   -0.261025E-02    0.214014E-02
 0.18526    0.440678E-02   -0.244639E-02    0.201503E-02
 0.20329    0.411598E-02   -0.229959E-02    0.190261E-02
 0.22131    0.385414E-02   -0.216721E-02    0.180094E-02
 0.23934    0.361722E-02   -0.204719E-02    0.170846E-02
 0.25736    0.340161E-02   -0.193785E-02    0.162392E-02
 0.27539    0.320467E-02   -0.183781E-02    0.154632E-02
 0.29342    0.302414E-02   -0.174594E-02    0.147479E-02
 0.31144    0.285812E-02   -0.166130E-02    0.140864E-02
 0.32947    0.270498E-02   -0.158307E-02    0.134728E-02
 0.34749    0.256335E-02   -0.151058E-02    0.129019E-02
 0.36552    0.243204E-02   -0.144323E-02    0.123693E-02
 0.38355    0.231003E-02   -0.138051E-02    0.118712E-02
 0.40157    0.219642E-02   -0.132198E-02    0.114044E-02
 0.41960    0.209042E-02   -0.126724E-02    0.109660E-02
 0.43763    0.199136E-02   -0.121597E-02    0.105534E-02
 0.45565    0.189862E-02   -0.116784E-02    0.101644E-02
 0.47368    0.181166E-02   -0.112260E-02    0.979707E-03
 0.49170    0.173001E-02   -0.108000E-02    0.944956E-03
 0.50973    0.165322E-02   -0.103984E-02    0.912031E-03
 0.52776    0.158092E-02   -0.100192E-02    0.880791E-03
 0.54578    0.151276E-02   -0.966061E-03    0.851109E-03
 0.56381    0.144842E-02   -0.932118E-03    0.822870E-03
 0.58183    0.138762E-02   -0.899946E-03    0.795970E-03
 0.59986    0.133011E-02   -0.869418E-03    0.770313E-03
 0.61789    0.127566E-02   -0.840420E-03    0.745818E-03
 0.63591    0.122404E-02   -0.812845E-03    0.722406E-03
 0.65394    0.117507E-02   -0.786598E-03    0.700007E-03
 0.67196    0.112858E-02   -0.761591E-03    0.678553E-03
 0.68999    0.108439E-02   -0.737743E-03    0.657986E-03
 0.70802    0.104236E-02   -0.714981E-03    0.638253E-03
 0.72604    0.100235E-02   -0.693237E-03    0.619302E-03
 0.74407    0.964237E-03   -0.672448E-03    0.601088E-03
 0.76209    0.927908E-03   -0.652557E-03    0.583570E-03
 0.78012    0.893253E-03   -0.633510E-03    0.566707E-03
 0.79815    0.860175E-03   -0.615260E-03    0.550463E-03
 0.81617    0.828579E-03   -0.597761E-03    0.534806E-03
 0.83420    0.798386E-03   -0.580970E-03    0.519704E-03
 0.85222    0.769513E-03   -0.564849E-03    0.505127E-03
 0.87025    0.741887E-03   -0.549361E-03    0.491050E-03
 0.88828    0.715441E-03   -0.534472E-03    0.477448E-03
 0.90630    0.690110E-03   -0.520151E-03    0.464296E-03
 0.92433    0.665837E-03   -0.506368E-03    0.451574E-03
 0.94235    0.642565E-03   -0.493096E-03    0.439261E-03
 0.96038    0.620243E-03   -0.480310E-03    0.427338E-03
 0.97841    0.598823E-03   -0.467986E-03    0.415788E-03
 0.99643    0.578260E-03   -0.456100E-03    0.404593E-03
 1.01446    0.558511E-03   -0.444633E-03    0.393738E-03
 1.03248    0.539536E-03   -0.433563E-03    0.383208E-03
 1.05051    0.521299E-03   -0.422873E-03    0.372990E-03
 1.06854    0.503763E-03   -0.412546E-03    0.363071E-03
 1.08656    0.486896E-03   -0.402564E-03    0.353437E-03
 1.10459    0.470666E-03   -0.392912E-03    0.344078E-03
 1.12262    0.455044E-03   -0.383575E-03    0.334983E-03
 1.14064    0.440004E-03   -0.374541E-03    0.326142E-03
 1.15867    0.425518E-03   -0.365795E-03    0.317544E-03
 1.17669    0.411561E-03   -0.357325E-03    0.309180E-03
 1.19472    0.398111E-03   -0.349121E-03    0.301042E-03
 1.21275    0.385146E-03   -0.341170E-03    0.293121E-03
 1.23077    0.372645E-03   -0.333463E-03    0.285411E-03
 1.24880    0.360586E-03   -0.325990E-03    0.277902E-03
 1.26682    0.348954E-03   -0.318740E-03    0.270588E-03
 1.28485    0.337728E-03   -0.311706E-03    0.263462E-03
 1.30288    0.326892E-03   -0.304879E-03    0.256518E-03
 1.32090    0.316431E-03   -0.298250E-03    0.249750E-03
 1.33893    0.306329E-03   -0.291813E-03    0.243151E-03
 1.35695    0.296571E-03   -0.285559E-03    0.236717E-03
 1.37498    0.287145E-03   -0.279483E-03    0.230441E-03
 1.39301    0.278036E-03   -0.273577E-03    0.224319E-03
 1.41103    0.269232E-03   -0.267836E-03    0.218346E-03
 1.42906    0.260722E-03   -0.262252E-03    0.212518E-03
 1.44708    0.252494E-03   -0.256822E-03    0.206829E-03
 1.46511    0.244538E-03   -0.251538E-03    0.201277E-03
 1.48314    0.236843E-03   -0.246396E-03    0.195855E-03
 1.50116    0.229399E-03   -0.241392E-03    0.190562E-03
 1.51919    0.222198E-03   -0.236520E-03    0.185393E-03
 1.53721    0.215230E-03   -0.231776E-03    0.180344E-03
 1.55524    0.208487E-03   -0.227156E-03    0.175413E-03
 1.57327    0.201961E-03   -0.222655E-03    0.170595E-03
 1.59129    0.195645E-03   -0.218270E-03    0.165888E-03
 1.60932    0.189530E-03   -0.213997E-03    0.161289E-03
 1.62734    0.183610E-03   -0.209832E-03    0.156794E-03
 1.64537    0.177878E-03   -0.205772E-03    0.152402E-03
 1.66340    0.172329E-03   -0.201814E-03    0.148109E-03
 1.68142    0.166955E-03   -0.197955E-03    0.143913E-03
 1.69945    0.161751E-03   -0.194192E-03    0.139812E-03
 1.71747    0.156713E-03   -0.190521E-03    0.135803E-03
 1.73550    0.151833E-03   -0.186941E-03    0.131883E-03
 1.75353    0.147108E-03   -0.183449E-03    0.128052E-03
 1.77155    0.142533E-03   -0.180042E-03    0.124307E-03
 1.78958    0.138104E-03   -0.176717E-03    0.120645E-03
 1.80761    0.133815E-03   -0.173474E-03    0.117065E-03
 1.82563    0.129664E-03   -0.170309E-03    0.113565E-03
 1.84366    0.125646E-03   -0.167221E-03    0.110144E-03
 1.86168    0.121757E-03   -0.164208E-03    0.106800E-03
 1.87971    0.117995E-03   -0.161268E-03    0.103530E-03
 1.89774    0.114357E-03   -0.158399E-03    0.100335E-03
 1.91576    0.110839E-03   -0.155601E-03    0.972116E-04
 1.93379    0.107438E-03   -0.152871E-03    0.941593E-04
 1.95181    0.104152E-03   -0.150207E-03    0.911766E-04
 1.96984    0.100978E-03   -0.147609E-03    0.882622E-04
 1.98787    0.979147E-04   -0.145076E-03    0.854152E-04
 2.00589    0.949590E-04   -0.142606E-03    0.826343E-04
 2.02392    0.921088E-04   -0.140198E-03    0.799182E-04
 2.04194    0.893625E-04   -0.137851E-03    0.772660E-04
 2.05997    0.867180E-04   -0.135564E-03    0.746767E-04
 2.07800    0.841736E-04   -0.133335E-03    0.721492E-04
 2.09602    0.817271E-04   -0.131165E-03    0.696825E-04
 2.11405    0.793771E-04   -0.129054E-03    0.672757E-04
 2.13207    0.771217E-04   -0.126996E-03    0.649277E-04
 2.15010    0.749591E-04   -0.124994E-03    0.626375E-04
 2.16813    0.728876E-04   -0.123045E-03    0.604041E-04
 2.18615    0.709052E-04   -0.121149E-03    0.582269E-04
 2.20418    0.690100E-04   -0.119305E-03    0.561041E-04
 2.22220    0.672000E-04   -0.117512E-03    0.540349E-04
 2.24023    0.654728E-04   -0.115768E-03    0.520181E-04
 2.25826    0.638261E-04   -0.114072E-03    0.500526E-04
 2.27628    0.622574E-04   -0.112423E-03    0.481369E-04
 2.29431    0.607639E-04   -0.110820E-03    0.462698E-04
 2.31233    0.593427E-04   -0.109259E-03    0.444496E-04
 2.33036    0.579906E-04   -0.107742E-03    0.426750E-04
 2.34839    0.567038E-04   -0.106264E-03    0.409441E-04
 2.36641    0.554790E-04   -0.104824E-03    0.392553E-04
 2.38444    0.543120E-04   -0.103420E-03    0.376068E-04
 2.40246    0.531988E-04   -0.102050E-03    0.359966E-04
 2.42049    0.521346E-04   -0.100712E-03    0.344228E-04
 2.43852    0.511148E-04   -0.994029E-04    0.328829E-04
 2.45654    0.501345E-04   -0.981200E-04    0.313751E-04
 2.47457    0.491885E-04   -0.968608E-04    0.298969E-04
 2.49260    0.482712E-04   -0.956225E-04    0.284459E-04
 2.51062    0.473774E-04   -0.944022E-04    0.270198E-04
 2.52865    0.465012E-04   -0.931972E-04    0.256165E-04
 2.54667    0.456373E-04   -0.920043E-04    0.242327E-04
 2.56470    0.447795E-04   -0.908205E-04    0.228667E-04
 2.58273    0.439224E-04   -0.896412E-04    0.215156E-04
 2.60075    0.430601E-04   -0.884671E-04    0.201773E-04
 2.61878    0.421871E-04   -0.872934E-04    0.188488E-04
 2.63680    0.412982E-04   -0.861175E-04    0.175286E-04
 2.65483    0.403881E-04   -0.849366E-04    0.162142E-04
 2.67286    0.394519E-04   -0.837482E-04    0.149033E-04
 2.69088    0.384851E-04   -0.825500E-04    0.135942E-04
 2.70891    0.374835E-04   -0.813396E-04    0.122849E-04
 2.72693    0.364432E-04   -0.801153E-04    0.109738E-04
 2.74496    0.353609E-04   -0.788753E-04    0.965956E-05
 2.76299    0.342338E-04   -0.776180E-04    0.834075E-05
 2.78101    0.330593E-04   -0.763423E-04    0.701639E-05
 2.79904    0.318358E-04   -0.750471E-04    0.568556E-05
 2.81706    0.305618E-04   -0.737318E-04    0.434764E-05
 2.83509    0.292367E-04   -0.723959E-04    0.300218E-05
 2.85312    0.278602E-04   -0.710395E-04    0.164908E-05
 2.87114    0.264327E-04   -0.696624E-04    0.288274E-06
 2.88917    0.249550E-04   -0.682653E-04   -0.107994E-05
 2.90719    0.234286E-04   -0.668487E-04   -0.245528E-05
 2.92522    0.218552E-04   -0.654138E-04   -0.383718E-05
 2.94325    0.202374E-04   -0.639614E-04   -0.522442E-05
 2.96127    0.185778E-04   -0.624932E-04   -0.661645E-05
 2.97930    0.168798E-04   -0.610106E-04   -0.801176E-05
 2.99732    0.151469E-04   -0.595157E-04   -0.940925E-05
 3.01535    0.133827E-04   -0.580101E-04   -0.108075E-04
 3.03338    0.115915E-04   -0.564959E-04   -0.122050E-04
 3.05140    0.977756E-05   -0.549753E-04   -0.136001E-04
 3.06943    0.794528E-05   -0.534506E-04   -0.149912E-04
 3.08745    0.609936E-05   -0.519241E-04   -0.163763E-04
 3.10548    0.424451E-05   -0.503981E-04   -0.177540E-04
 3.12351    0.238550E-05   -0.488752E-04   -0.191227E-04
 3.14153    0.526845E-06   -0.473575E-04   -0.204799E-04
 3.15956   -0.132658E-05   -0.458475E-04   -0.218247E-04
 3.17759   -0.317049E-05   -0.443474E-04   -0.231548E-04
 3.19561   -0.500030E-05   -0.428595E-04   -0.244687E-04
 3.21364   -0.681186E-05   -0.413859E-04   -0.257648E-04
 3.23166   -0.860117E-05   -0.399285E-04   -0.270418E-04
 3.24969   -0.103643E-04   -0.384894E-04   -0.282981E-04
 3.26772   -0.120977E-04   -0.370704E-04   -0.295323E-04
 3.28574   -0.137981E-04   -0.356731E-04   -0.307430E-04
 3.30377   -0.154619E-04   -0.342991E-04   -0.319295E-04
 3.32179   -0.170869E-04   -0.329499E-04   -0.330905E-04
 3.33982   -0.186703E-04   -0.316267E-04   -0.342251E-04
 3.35785   -0.202099E-04   -0.303307E-04   -0.353324E-04
 3.37587   -0.217036E-04   -0.290627E-04   -0.364118E-04
 3.39390   -0.231499E-04   -0.278235E-04   -0.374626E-04
 3.41192   -0.245474E-04   -0.266142E-04   -0.384844E-04
 3.42995   -0.258949E-04   -0.254351E-04   -0.394769E-04
 3.44798   -0.271915E-04   -0.242866E-04   -0.404396E-04
 3.46600   -0.284366E-04   -0.231690E-04   -0.413725E-04
 3.48403   -0.296297E-04   -0.220827E-04   -0.422754E-04
 3.50205   -0.307707E-04   -0.210275E-04   -0.431483E-04
 3.52008   -0.318596E-04   -0.200036E-04   -0.439913E-04
 3.53811   -0.328966E-04   -0.190107E-04   -0.448046E-04
 3.55613   -0.338821E-04   -0.180488E-04   -0.455883E-04
 3.57416   -0.348167E-04   -0.171173E-04   -0.463428E-04
 3.59218   -0.357012E-04   -0.162161E-04   -0.470684E-04
 3.61021   -0.365363E-04   -0.153445E-04   -0.477655E-04
 3.62824   -0.373230E-04   -0.145021E-04   -0.484346E-04
 3.64626   -0.380623E-04   -0.136884E-04   -0.490762E-04
 3.66429   -0.387554E-04   -0.129028E-04   -0.496907E-04
 3.68231   -0.394034E-04   -0.121446E-04   -0.502787E-04
 3.70034   -0.400078E-04   -0.114132E-04   -0.508408E-04
 3.71837   -0.405697E-04   -0.107078E-04   -0.513776E-04
 3.73639   -0.410906E-04   -0.100278E-04   -0.518898E-04
 3.75442   -0.415719E-04   -0.937241E-05   -0.523779E-04
 3.77244   -0.420149E-04   -0.874087E-05   -0.528426E-04
 3.79047   -0.424212E-04   -0.813243E-05   -0.532845E-04
 3.80850   -0.427921E-04   -0.754635E-05   -0.537043E-04
 3.82652   -0.431291E-04   -0.698187E-05   -0.541026E-04
 3.84455   -0.434336E-04   -0.643826E-05   -0.544801E-04
 3.86258   -0.437069E-04   -0.591476E-05   -0.548374E-04
 3.88060   -0.439505E-04   -0.541064E-05   -0.551751E-04
 3.89863   -0.441658E-04   -0.492521E-05   -0.554939E-04
 3.91665   -0.443539E-04   -0.445776E-05   -0.557944E-04
 3.93468   -0.445163E-04   -0.400758E-05   -0.560771E-04
 3.95271   -0.446541E-04   -0.357402E-05   -0.563427E-04
 3.97073   -0.447686E-04   -0.315643E-05   -0.565916E-04
 3.98876   -0.448610E-04   -0.275416E-05   -0.568247E-04
 4.00678   -0.449324E-04   -0.236660E-05   -0.570422E-04
 4.02481   -0.449840E-04   -0.199316E-05   -0.572447E-04
 4.04284   -0.450168E-04   -0.163327E-05   -0.574329E-04
 4.06086   -0.450317E-04   -0.128637E-05   -0.576071E-04
 4.07889   -0.450299E-04   -0.951943E-06   -0.577678E-04
 4.09691   -0.450121E-04   -0.629471E-06   -0.579155E-04
 4.11494   -0.449794E-04   -0.318463E-06   -0.580507E-04
 4.13297   -0.449326E-04   -0.184485E-07   -0.581738E-04
 4.15099   -0.448724E-04    0.271029E-06   -0.582852E-04
 4.16902   -0.447998E-04    0.550405E-06   -0.583853E-04
 4.18704   -0.447153E-04    0.820089E-06   -0.584745E-04
 4.20507   -0.446198E-04    0.108047E-05   -0.585532E-04
 4.22310   -0.445140E-04    0.133195E-05   -0.586217E-04
 4.24112   -0.443984E-04    0.157489E-05   -0.586804E-04
 4.25915   -0.442736E-04    0.180963E-05   -0.587296E-04
 4.27717   -0.441403E-04    0.203648E-05   -0.587697E-04
 4.29520   -0.439990E-04    0.225576E-05   -0.588008E-04
 4.31323   -0.438503E-04    0.246779E-05   -0.588235E-04
 4.33125   -0.436945E-04    0.267285E-05   -0.588379E-04
 4.34928   -0.435322E-04    0.287120E-05   -0.588443E-04
 4.36730   -0.433638E-04    0.306311E-05   -0.588430E-04
 4.38533   -0.431898E-04    0.324884E-05   -0.588341E-04
 4.40336   -0.430105E-04    0.342862E-05   -0.588181E-04
 4.42138   -0.428264E-04    0.360267E-05   -0.587950E-04
 4.43941   -0.426377E-04    0.377122E-05   -0.587651E-04
 4.45743   -0.424448E-04    0.393446E-05   -0.587288E-04
 4.47546   -0.422481E-04    0.409259E-05   -0.586860E-04
 4.49349   -0.420478E-04    0.424581E-05   -0.586371E-04
 4.51151   -0.418442E-04    0.439429E-05   -0.585823E-04
 4.52954   -0.416376E-04    0.453819E-05   -0.585217E-04
 4.54757   -0.414282E-04    0.467772E-05   -0.584556E-04
 4.56559   -0.412163E-04    0.481297E-05   -0.583841E-04
 4.58362   -0.410021E-04    0.494411E-05   -0.583075E-04
 4.60164   -0.407859E-04    0.507129E-05   -0.582261E-04
 4.61967   -0.405677E-04    0.519464E-05   -0.581396E-04
 4.63770   -0.403478E-04    0.531429E-05   -0.580485E-04
 4.65572   -0.401265E-04    0.543037E-05   -0.579529E-04
 4.67375   -0.399038E-04    0.554300E-05   -0.578529E-04
 4.69177   -0.396799E-04    0.565230E-05   -0.577487E-04
 4.70980   -0.394550E-04    0.575837E-05   -0.576405E-04
 4.72783   -0.392292E-04    0.586130E-05   -0.575283E-04
 4.74585   -0.390027E-04    0.596122E-05   -0.574124E-04
 4.76388   -0.387756E-04    0.605820E-05   -0.572927E-04
 4.78190   -0.385479E-04    0.615235E-05   -0.571695E-04
 4.79993   -0.383199E-04    0.624374E-05   -0.570429E-04
 4.81796   -0.380917E-04    0.633248E-05   -0.569129E-04
 4.83598   -0.378632E-04    0.641864E-05   -0.567797E-04
 4.85401   -0.376348E-04    0.650230E-05   -0.566433E-04
 4.87203   -0.374063E-04    0.658354E-05   -0.565039E-04
 4.89006   -0.371780E-04    0.666243E-05   -0.563615E-04
 4.90809   -0.369498E-04    0.673904E-05   -0.562162E-04
 4.92611   -0.367220E-04    0.681344E-05   -0.560682E-04
 4.94414   -0.364945E-04    0.688569E-05   -0.559175E-04
 4.96216   -0.362674E-04    0.695587E-05   -0.557642E-04
 4.98019   -0.360409E-04    0.702404E-05   -0.556084E-04
 4.99822   -0.358149E-04    0.709026E-05   -0.554501E-04
 5.01624   -0.355896E-04    0.715456E-05   -0.552896E-04
 5.03427   -0.353649E-04    0.721705E-05   -0.551268E-04
 5.05229   -0.351410E-04    0.727774E-05   -0.549618E-04
 5.07032   -0.349179E-04    0.733668E-05   -0.547948E-04
 5.08835   -0.346956E-04    0.739394E-05   -0.546257E-04
 5.10637   -0.344743E-04    0.744959E-05   -0.544547E-04
 5.12440   -0.342538E-04    0.750365E-05   -0.542819E-04
 5.14242   -0.340344E-04    0.755617E-05   -0.541073E-04
 5.16045   -0.338160E-04    0.760720E-05   -0.539309E-04
 5.17848   -0.335987E-04    0.765679E-05   -0.537529E-04
 5.19650   -0.333825E-04    0.770497E-05   -0.535734E-04
 5.21453   -0.331675E-04    0.775179E-05   -0.533923E-04
 5.23256   -0.329536E-04    0.779728E-05   -0.532097E-04
 5.25058   -0.327409E-04    0.784148E-05   -0.530257E-04
 5.26861   -0.325294E-04    0.788444E-05   -0.528403E-04
 5.28663   -0.323192E-04    0.792617E-05   -0.526535E-04
 5.30466   -0.321103E-04    0.796672E-05   -0.524655E-04
 5.32269   -0.319026E-04    0.800612E-05   -0.522763E-04
 5.34071   -0.316963E-04    0.804441E-05   -0.520859E-04
 5.35874   -0.314913E-04    0.808160E-05   -0.518944E-04
 5.37676   -0.312877E-04    0.811772E-05   -0.517018E-04
 5.39479   -0.310854E-04    0.815282E-05   -0.515081E-04
 5.41282   -0.308845E-04    0.818691E-05   -0.513135E-04
 5.43084   -0.306849E-04    0.822001E-05   -0.511179E-04
 5.44887   -0.304867E-04    0.825214E-05   -0.509214E-04
 5.46689   -0.302900E-04    0.828334E-05   -0.507241E-04
 5.48492   -0.300946E-04    0.831361E-05   -0.505260E-04
 5.50295   -0.299005E-04    0.834298E-05   -0.503271E-04
 5.52097   -0.297079E-04    0.837147E-05   -0.501280E-04
 5.53900   -0.295166E-04    0.839908E-05   -0.499277E-04
 5.55702   -0.293267E-04    0.842584E-05   -0.497267E-04
 5.57505   -0.291382E-04    0.845176E-05   -0.495251E-04
 5.59308   -0.289510E-04    0.847686E-05   -0.493229E-04
 5.61110   -0.287652E-04    0.850114E-05   -0.491202E-04
 5.62913   -0.285807E-04    0.852444E-05   -0.489169E-04
 5.64715   -0.283975E-04    0.854731E-05   -0.487131E-04
 5.66518   -0.282156E-04    0.856922E-05   -0.485089E-04
 5.68321   -0.280350E-04    0.859034E-05   -0.483042E-04
 5.70123   -0.278557E-04    0.861071E-05   -0.480991E-04
 5.71926   -0.276776E-04    0.863031E-05   -0.478936E-04
 5.73728   -0.275008E-04    0.864917E-05   -0.476877E-04
 5.75531   -0.273251E-04    0.866729E-05   -0.474815E-04
 5.77334   -0.271507E-04    0.868468E-05   -0.472749E-04
 5.79136   -0.269775E-04    0.870134E-05   -0.470681E-04
 5.80939   -0.268054E-04    0.871728E-05   -0.468609E-04
 5.82741   -0.266345E-04    0.873250E-05   -0.466535E-04
 5.84544   -0.264647E-04    0.874701E-05   -0.464458E-04
 5.86347   -0.262961E-04    0.876082E-05   -0.462379E-04
 5.88149   -0.261285E-04    0.877393E-05   -0.460297E-04
 5.89952   -0.259620E-04    0.878635E-05   -0.458214E-04
 5.91755   -0.257965E-04    0.879805E-05   -0.456129E-04
 5.93557   -0.256321E-04    0.880909E-05   -0.454042E-04
 5.95360   -0.254687E-04    0.881945E-05   -0.451954E-04
 5.97162   -0.253063E-04    0.882915E-05   -0.449865E-04
 5.98965   -0.251449E-04    0.883817E-05   -0.447774E-04
 6.00768   -0.249845E-04    0.884653E-05   -0.445683E-04
 6.02570   -0.248250E-04    0.885423E-05   -0.443591E-04
 6.04373   -0.246665E-04    0.886129E-05   -0.441499E-04
 6.06175   -0.245089E-04    0.886769E-05   -0.439406E-04
 6.07978   -0.243523E-04    0.887350E-05   -0.437312E-04
 6.09781   -0.241965E-04    0.887866E-05   -0.435219E-04
 6.11583   -0.240417E-04    0.888320E-05   -0.433126E-04
 6.13386   -0.238877E-04    0.888713E-05   -0.431033E-04
 6.15188   -0.237347E-04    0.889046E-05   -0.428940E-04
 6.16991   -0.235825E-04    0.889319E-05   -0.426848E-04
 6.18794   -0.234312E-04    0.889534E-05   -0.424757E-04
 6.20596   -0.232807E-04    0.889691E-05   -0.422667E-04
 6.22399   -0.231311E-04    0.889792E-05   -0.420578E-04
 6.24201   -0.229824E-04    0.889837E-05   -0.418490E-04
 6.26004   -0.228345E-04    0.889825E-05   -0.416404E-04
 6.27807   -0.226875E-04    0.889764E-05   -0.414319E-04
 6.29609   -0.225413E-04    0.889648E-05   -0.412235E-04
 6.31412   -0.223959E-04    0.889477E-05   -0.410154E-04
 6.33214   -0.222514E-04    0.889260E-05   -0.408075E-04
 6.35017   -0.221077E-04    0.888990E-05   -0.405998E-04
 6.36820   -0.219649E-04    0.888671E-05   -0.403923E-04
 6.38622   -0.218229E-04    0.888304E-05   -0.401851E-04
 6.40425   -0.216817E-04    0.887889E-05   -0.399780E-04
 6.42227   -0.215413E-04    0.887431E-05   -0.397714E-04
 6.44030   -0.214018E-04    0.886926E-05   -0.395650E-04
 6.45833   -0.212631E-04    0.886377E-05   -0.393589E-04
 6.47635   -0.211252E-04    0.885786E-05   -0.391532E-04
 6.49438   -0.209882E-04    0.885153E-05   -0.389478E-04
 6.51240   -0.208520E-04    0.884480E-05   -0.387427E-04
 6.53043   -0.207166E-04    0.883767E-05   -0.385380E-04
 6.54846   -0.205821E-04    0.883016E-05   -0.383337E-04
 6.56648   -0.204484E-04    0.882225E-05   -0.381297E-04
 6.58451   -0.203155E-04    0.881401E-05   -0.379262E-04
 6.60254   -0.201835E-04    0.880541E-05   -0.377231E-04
 6.62056   -0.200523E-04    0.879643E-05   -0.375205E-04
 6.63859   -0.199220E-04    0.878717E-05   -0.373183E-04
 6.65661   -0.197926E-04    0.877756E-05   -0.371160E-04
 6.67464   -0.196639E-04    0.876764E-05   -0.369148E-04
 6.69267   -0.195362E-04    0.875738E-05   -0.367139E-04
 6.71069   -0.194092E-04    0.874688E-05   -0.365136E-04
 6.72872   -0.192832E-04    0.873607E-05   -0.363138E-04
 6.74674   -0.191579E-04    0.872496E-05   -0.361145E-04
 6.76477   -0.190336E-04    0.871360E-05   -0.359157E-04
 6.78280   -0.189100E-04    0.870199E-05   -0.357175E-04
 6.80082   -0.187874E-04    0.869013E-05   -0.355198E-04
 6.81885   -0.186656E-04    0.867802E-05   -0.353226E-04
 6.83687   -0.185446E-04    0.866567E-05   -0.351261E-04
 6.85490   -0.184245E-04    0.865310E-05   -0.349301E-04
 6.87293   -0.183052E-04    0.864031E-05   -0.347346E-04
 6.89095   -0.181868E-04    0.862733E-05   -0.345398E-04
 6.90898   -0.180693E-04    0.861410E-05   -0.343456E-04
 6.92700   -0.179526E-04    0.860070E-05   -0.341519E-04
 6.94503   -0.178367E-04    0.858713E-05   -0.339589E-04
 6.96306   -0.177217E-04    0.857333E-05   -0.337665E-04
 6.98108   -0.176076E-04    0.855939E-05   -0.335748E-04
 6.99911   -0.174943E-04    0.854527E-05   -0.333837E-04
 7.01713   -0.173818E-04    0.853098E-05   -0.331932E-04
 7.03516   -0.172702E-04    0.851654E-05   -0.330034E-04
 7.05319   -0.171595E-04    0.850195E-05   -0.328142E-04
 7.07121   -0.170495E-04    0.848721E-05   -0.326257E-04
 7.08924   -0.169404E-04    0.847234E-05   -0.324379E-04
 7.10726   -0.168322E-04    0.845733E-05   -0.322507E-04
 7.12529   -0.167247E-04    0.844219E-05   -0.320642E-04
 7.14332   -0.166181E-04    0.842692E-05   -0.318784E-04
 7.16134   -0.165123E-04    0.841152E-05   -0.316933E-04
 7.17937   -0.164074E-04    0.839602E-05   -0.315089E-04
 7.19739   -0.163032E-04    0.838041E-05   -0.313252E-04
 7.21542   -0.161999E-04    0.836469E-05   -0.311422E-04
 7.23345   -0.160974E-04    0.834887E-05   -0.309599E-04
 7.25147   -0.159956E-04    0.833296E-05   -0.307783E-04
 7.26950   -0.158947E-04    0.831695E-05   -0.305974E-04
 7.28753   -0.157946E-04    0.830084E-05   -0.304173E-04
 7.30555   -0.156952E-04    0.828465E-05   -0.302378E-04
 7.32358   -0.155966E-04    0.826838E-05   -0.300591E-04
 7.34160   -0.154988E-04    0.825202E-05   -0.298811E-04
 7.35963   -0.154018E-04    0.823559E-05   -0.297039E-04
 7.37766   -0.153056E-04    0.821908E-05   -0.295273E-04
 7.39568   -0.152101E-04    0.820251E-05   -0.293515E-04
 7.41371   -0.151153E-04    0.818586E-05   -0.291764E-04
 7.43173   -0.150213E-04    0.816914E-05   -0.290021E-04
 7.44976   -0.149281E-04    0.815236E-05   -0.288285E-04
 7.46779   -0.148356E-04    0.813552E-05   -0.286557E-04
 7.48581   -0.147438E-04    0.811862E-05   -0.284836E-04
 7.50384   -0.146528E-04    0.810166E-05   -0.283122E-04
 7.52186   -0.145625E-04    0.808465E-05   -0.281416E-04
 7.53989   -0.144729E-04    0.806759E-05   -0.279717E-04
 7.55792   -0.143840E-04    0.805048E-05   -0.278025E-04
 7.57594   -0.142958E-04    0.803332E-05   -0.276342E-04
 7.59397   -0.142083E-04    0.801611E-05   -0.274665E-04
 7.61199   -0.141216E-04    0.799887E-05   -0.272996E-04
 7.63002   -0.140355E-04    0.798158E-05   -0.271335E-04
 7.64805   -0.139501E-04    0.796425E-05   -0.269681E-04
 7.66607   -0.138653E-04    0.794689E-05   -0.268034E-04
 7.68410   -0.137813E-04    0.792949E-05   -0.266396E-04
 7.70212   -0.136979E-04    0.791205E-05   -0.264764E-04
 7.72015   -0.136152E-04    0.789459E-05   -0.263140E-04
 7.73818   -0.135331E-04    0.787709E-05   -0.261524E-04
 7.75620   -0.134517E-04    0.785956E-05   -0.259915E-04
 7.77423   -0.133709E-04    0.784200E-05   -0.258313E-04
 7.79225   -0.132908E-04    0.782442E-05   -0.256719E-04
 7.81028   -0.132112E-04    0.780681E-05   -0.255133E-04
 7.82831   -0.131324E-04    0.778917E-05   -0.253554E-04
 7.84633   -0.130541E-04    0.777152E-05   -0.251982E-04
 7.86436   -0.129765E-04    0.775384E-05   -0.250418E-04
 7.88238   -0.128994E-04    0.773614E-05   -0.248861E-04
 7.90041   -0.128230E-04    0.771843E-05   -0.247312E-04
 7.91844   -0.127472E-04    0.770069E-05   -0.245770E-04
 7.93646   -0.126720E-04    0.768294E-05   -0.244236E-04
 7.95449   -0.125973E-04    0.766517E-05   -0.242709E-04
 7.97252   -0.125232E-04    0.764738E-05   -0.241190E-04
 7.99054   -0.124498E-04    0.762959E-05   -0.239677E-04
 8.00857   -0.123768E-04    0.761177E-05   -0.238173E-04
 8.02659   -0.123045E-04    0.759395E-05   -0.236675E-04
 8.04462   -0.122327E-04    0.757611E-05   -0.235186E-04
 8.06265   -0.121615E-04    0.755827E-05   -0.233703E-04
 8.08067   -0.120908E-04    0.754041E-05   -0.232228E-04
 8.09870   -0.120206E-04    0.752255E-05   -0.230760E-04
 8.11672   -0.119510E-04    0.750467E-05   -0.229299E-04
 8.13475   -0.118820E-04    0.748679E-05   -0.227846E-04
 8.15278   -0.118134E-04    0.746891E-05   -0.226400E-04
 8.17080   -0.117454E-04    0.745102E-05   -0.224961E-04
 8.18883   -0.116779E-04    0.743312E-05   -0.223529E-04
 8.20685   -0.116109E-04    0.741523E-05   -0.222105E-04
 8.22488   -0.115445E-04    0.739733E-05   -0.220688E-04
 8.24291   -0.114785E-04    0.737943E-05   -0.219278E-04
 8.26093   -0.114131E-04    0.736153E-05   -0.217875E-04
 8.27896   -0.113481E-04    0.734363E-05   -0.216478E-04
 8.29698   -0.112837E-04    0.732573E-05   -0.215092E-04
 8.31501   -0.112197E-04    0.730783E-05   -0.213709E-04
 8.33304   -0.111562E-04    0.728993E-05   -0.212335E-04
 8.35106   -0.110932E-04    0.727205E-05   -0.210968E-04
 8.36909   -0.110307E-04    0.725416E-05   -0.209608E-04
 8.38711   -0.109686E-04    0.723628E-05   -0.208255E-04
 8.40514   -0.109070E-04    0.721839E-05   -0.206909E-04
 8.42317   -0.108459E-04    0.720053E-05   -0.205571E-04
 8.44119   -0.107852E-04    0.718267E-05   -0.204239E-04
 8.45922   -0.107250E-04    0.716481E-05   -0.202914E-04
 8.47724   -0.106652E-04    0.714697E-05   -0.201596E-04
 8.49527   -0.106059E-04    0.712913E-05   -0.200285E-04
 8.51330   -0.105470E-04    0.711130E-05   -0.198981E-04
 8.53132   -0.104886E-04    0.709348E-05   -0.197684E-04
 8.54935   -0.104306E-04    0.707567E-05   -0.196394E-04
 8.56737   -0.103730E-04    0.705787E-05   -0.195110E-04
 8.58540   -0.103159E-04    0.704008E-05   -0.193834E-04
 8.60343   -0.102591E-04    0.702230E-05   -0.192564E-04
 8.62145   -0.102028E-04    0.700453E-05   -0.191301E-04
 8.63948   -0.101469E-04    0.698677E-05   -0.190045E-04
 8.65751   -0.100914E-04    0.696902E-05   -0.188795E-04
 8.67553   -0.100363E-04    0.695128E-05   -0.187552E-04
 8.69356   -0.998156E-05    0.693355E-05   -0.186316E-04
 8.71158   -0.992723E-05    0.691583E-05   -0.185087E-04
 8.72961   -0.987330E-05    0.689812E-05   -0.183864E-04
 8.74764   -0.981974E-05    0.688042E-05   -0.182647E-04
 8.76566   -0.976656E-05    0.686274E-05   -0.181437E-04
 8.78369   -0.971375E-05    0.684506E-05   -0.180234E-04
 8.80171   -0.966131E-05    0.682739E-05   -0.179037E-04
 8.81974   -0.960923E-05    0.680973E-05   -0.177847E-04
 8.83777   -0.955751E-05    0.679207E-05   -0.176663E-04
 8.85579   -0.950614E-05    0.677443E-05   -0.175486E-04
 8.87382   -0.945512E-05    0.675680E-05   -0.174314E-04
 8.89184   -0.940444E-05    0.673917E-05   -0.173150E-04
 8.90987   -0.935411E-05    0.672155E-05   -0.171991E-04
 8.92790   -0.930411E-05    0.670395E-05   -0.170839E-04
 8.94592   -0.925444E-05    0.668635E-05   -0.169693E-04
 8.96395   -0.920511E-05    0.666876E-05   -0.168553E-04
 8.98197   -0.915609E-05    0.665118E-05   -0.167420E-04
 9.00000   -0.910741E-05    0.663361E-05   -0.166293E-04
