 0.00500    0.853069E-02   -0.456620E-02    0.370582E-02
 0.02303    0.701069E-02   -0.380609E-02    0.313544E-02
 0.04105    0.611779E-02   -0.335931E-02    0.279981E-02
 0.05908    0.546660E-02   -0.303325E-02    0.255447E-02
 0.07710    0.495292E-02   -0.277583E-02    0.236041E-02
 0.09513    0.453005E-02   -0.256372E-02    0.220015E-02
 0.11316    0.417221E-02   -0.238404E-02    0.206407E-02
 0.13118    0.386350E-02   -0.222884E-02    0.194621E-02
 0.14921    0.359333E-02   -0.209283E-02    0.184263E-02
 0.16723    0.335424E-02   -0.197230E-02    0.175054E-02
 0.18526    0.314074E-02   -0.186452E-02    0.166792E-02
 0.20329    0.294869E-02   -0.176740E-02    0.159320E-02
 0.22131    0.277486E-02   -0.167934E-02    0.152521E-02
 0.23934    0.261669E-02   -0.159907E-02    0.146298E-02
 0.25736    0.247211E-02   -0.152556E-02    0.140576E-02
 0.27539    0.233943E-02   -0.145797E-02    0.135291E-02
 0.29342    0.221724E-02   -0.139558E-02    0.130392E-02
 0.31144    0.210435E-02   -0.133782E-02    0.125835E-02
 0.32947    0.199976E-02   -0.128418E-02    0.121582E-02
 0.34749    0.190261E-02   -0.123423E-02    0.117603E-02
 0.36552    0.181217E-02   -0.118762E-02    0.113871E-02
 0.38355    0.172778E-02   -0.114401E-02    0.110360E-02
 0.40157    0.164889E-02   -0.110314E-02    0.107052E-02
 0.41960    0.157500E-02   -0.106475E-02    0.103928E-02
 0.43763    0.150568E-02   -0.102862E-02    0.100972E-02
 0.45565    0.144054E-02   -0.994582E-03    0.981696E-03
 0.47368    0.137924E-02   -0.962447E-03    0.955088E-03
 0.49170    0.132147E-02   -0.932067E-03    0.929782E-03
 0.50973    0.126696E-02   -0.903307E-03    0.905677E-03
 0.52776    0.121546E-02   -0.876044E-03    0.882685E-03
 0.54578    0.116674E-02   -0.850166E-03    0.860722E-03
 0.56381    0.112061E-02   -0.825574E-03    0.839718E-03
 0.58183    0.107688E-02   -0.802177E-03    0.819604E-03
 0.59986    0.103538E-02   -0.779892E-03    0.800319E-03
 0.61789    0.995969E-03   -0.758645E-03    0.781810E-03
 0.63591    0.958497E-03   -0.738366E-03    0.764026E-03
 0.65394    0.922841E-03   -0.718992E-03    0.746921E-03
 0.67196    0.888885E-03   -0.700466E-03    0.730452E-03
 0.68999    0.856521E-03   -0.682736E-03    0.714582E-03
 0.70802    0.825651E-03   -0.665752E-03    0.699274E-03
 0.72604    0.796185E-03   -0.649470E-03    0.684496E-03
 0.74407    0.768038E-03   -0.633847E-03    0.670217E-03
 0.76209    0.741133E-03   -0.618846E-03    0.656411E-03
 0.78012    0.715399E-03   -0.604433E-03    0.643051E-03
 0.79815    0.690770E-03   -0.590572E-03    0.630113E-03
 0.81617    0.667182E-03   -0.577236E-03    0.617577E-03
 0.83420    0.644579E-03   -0.564394E-03    0.605418E-03
 0.85222    0.622909E-03   -0.552020E-03    0.593620E-03
 0.87025    0.602120E-03   -0.540091E-03    0.582164E-03
 0.88828    0.582166E-03   -0.528583E-03    0.571034E-03
 0.90630    0.563007E-03   -0.517475E-03    0.560213E-03
 0.92433    0.544599E-03   -0.506747E-03    0.549689E-03
 0.94235    0.526905E-03   -0.496380E-03    0.539447E-03
 0.96038    0.509891E-03   -0.486356E-03    0.529475E-03
 0.97841    0.493522E-03   -0.476660E-03    0.519760E-03
 0.99643    0.477767E-03   -0.467277E-03    0.510291E-03
 1.01446    0.462598E-03   -0.458190E-03    0.501058E-03
 1.03248    0.447986E-03   -0.449388E-03    0.492052E-03
 1.05051    0.433907E-03   -0.440857E-03    0.483262E-03
 1.06854    0.420335E-03   -0.432585E-03    0.474680E-03
 1.08656    0.407248E-03   -0.424561E-03    0.466299E-03
 1.10459    0.394623E-03   -0.416774E-03    0.458109E-03
 1.12262    0.382440E-03   -0.409214E-03    0.450104E-03
 1.14064    0.370682E-03   -0.401871E-03    0.442276E-03
 1.15867    0.359327E-03   -0.394737E-03    0.434619E-03
 1.17669    0.348361E-03   -0.387803E-03    0.427127E-03
 1.19472    0.337765E-03   -0.381061E-03    0.419795E-03
 1.21275    0.327525E-03   -0.374503E-03    0.412616E-03
 1.23077    0.317626E-03   -0.368122E-03    0.405585E-03
 1.24880    0.308055E-03   -0.361911E-03    0.398697E-03
 1.26682    0.298797E-03   -0.355863E-03    0.391947E-03
 1.28485    0.289840E-03   -0.349973E-03    0.385331E-03
 1.30288    0.281173E-03   -0.344234E-03    0.378845E-03
 1.32090    0.272783E-03   -0.338641E-03    0.372484E-03
 1.33893    0.264661E-03   -0.333188E-03    0.366244E-03
 1.35695    0.256795E-03   -0.327871E-03    0.360221E-03
 1.37498    0.249177E-03   -0.322684E-03    0.354127E-03
 1.39301    0.241797E-03   -0.317623E-03    0.348230E-03
 1.41103    0.234645E-03   -0.312683E-03    0.342440E-03
 1.42906    0.227713E-03   -0.307860E-03    0.336753E-03
 1.44708    0.220994E-03   -0.303151E-03    0.331157E-03
 1.46511    0.214479E-03   -0.298551E-03    0.325671E-03
 1.48314    0.208162E-03   -0.294056E-03    0.320281E-03
 1.50116    0.202034E-03   -0.289664E-03    0.314984E-03
 1.51919    0.196090E-03   -0.285371E-03    0.309777E-03
 1.53721    0.190323E-03   -0.281173E-03    0.304659E-03
 1.55524    0.184726E-03   -0.277068E-03    0.299627E-03
 1.57327    0.179294E-03   -0.273052E-03    0.294679E-03
 1.59129    0.174021E-03   -0.269123E-03    0.289812E-03
 1.60932    0.168902E-03   -0.265279E-03    0.285025E-03
 1.62734    0.163931E-03   -0.261515E-03    0.280315E-03
 1.64537    0.159104E-03   -0.257830E-03    0.275681E-03
 1.66340    0.154415E-03   -0.254222E-03    0.271121E-03
 1.68142    0.149861E-03   -0.250689E-03    0.266633E-03
 1.69945    0.145436E-03   -0.247227E-03    0.262216E-03
 1.71747    0.141137E-03   -0.243835E-03    0.257867E-03
 1.73550    0.136960E-03   -0.240511E-03    0.253586E-03
 1.75353    0.132901E-03   -0.237254E-03    0.249371E-03
 1.77155    0.128955E-03   -0.234060E-03    0.245220E-03
 1.78958    0.125120E-03   -0.230929E-03    0.241132E-03
 1.80761    0.121392E-03   -0.227859E-03    0.237106E-03
 1.82563    0.117768E-03   -0.224847E-03    0.233140E-03
 1.84366    0.114245E-03   -0.221893E-03    0.229233E-03
 1.86168    0.110819E-03   -0.218995E-03    0.225384E-03
 1.87971    0.107488E-03   -0.216151E-03    0.221593E-03
 1.89774    0.104249E-03   -0.213361E-03    0.217856E-03
 1.91576    0.101100E-03   -0.210622E-03    0.214175E-03
 1.93379    0.980374E-04   -0.207933E-03    0.210547E-03
 1.95181    0.950594E-04   -0.205294E-03    0.206971E-03
 1.96984    0.921635E-04   -0.202703E-03    0.203447E-03
 1.98787    0.893474E-04   -0.200159E-03    0.199974E-03
 2.00589    0.866092E-04   -0.197660E-03    0.196551E-03
 2.02392    0.839468E-04   -0.195206E-03    0.193177E-03
 2.04194    0.813581E-04   -0.192796E-03    0.189851E-03
 2.05997    0.788415E-04   -0.190429E-03    0.186572E-03
 2.07800    0.763951E-04   -0.188104E-03    0.183340E-03
 2.09602    0.740172E-04   -0.185819E-03    0.180153E-03
 2.11405    0.717062E-04   -0.183575E-03    0.177012E-03
 2.13207    0.694608E-04   -0.181370E-03    0.173915E-03
 2.15010    0.672790E-04   -0.179204E-03    0.170862E-03
 2.16813    0.651601E-04   -0.177076E-03    0.167852E-03
 2.18615    0.631022E-04   -0.174985E-03    0.164885E-03
 2.20418    0.611044E-04   -0.172931E-03    0.161960E-03
 2.22220    0.591654E-04   -0.170912E-03    0.159075E-03
 2.24023    0.572839E-04   -0.168929E-03    0.156232E-03
 2.25826    0.554589E-04   -0.166980E-03    0.153430E-03
 2.27628    0.536895E-04   -0.165066E-03    0.150666E-03
 2.29431    0.519744E-04   -0.163185E-03    0.147943E-03
 2.31233    0.503128E-04   -0.161337E-03    0.145258E-03
 2.33036    0.487036E-04   -0.159522E-03    0.142611E-03
 2.34839    0.471460E-04   -0.157739E-03    0.140002E-03
 2.36641    0.456390E-04   -0.155987E-03    0.137430E-03
 2.38444    0.441816E-04   -0.154267E-03    0.134895E-03
 2.40246    0.427730E-04   -0.152577E-03    0.132397E-03
 2.42049    0.414123E-04   -0.150917E-03    0.129934E-03
 2.43852    0.400983E-04   -0.149286E-03    0.127506E-03
 2.45654    0.388303E-04   -0.147684E-03    0.125114E-03
 2.47457    0.376072E-04   -0.146111E-03    0.122756E-03
 2.49260    0.364281E-04   -0.144566E-03    0.120431E-03
 2.51062    0.352918E-04   -0.143048E-03    0.118140E-03
 2.52865    0.341971E-04   -0.141556E-03    0.115882E-03
 2.54667    0.331432E-04   -0.140091E-03    0.113655E-03
 2.56470    0.321286E-04   -0.138651E-03    0.111460E-03
 2.58273    0.311521E-04   -0.137236E-03    0.109296E-03
 2.60075    0.302124E-04   -0.135845E-03    0.107162E-03
 2.61878    0.293080E-04   -0.134477E-03    0.105058E-03
 2.63680    0.284375E-04   -0.133132E-03    0.102982E-03
 2.65483    0.275994E-04   -0.131808E-03    0.100935E-03
 2.67286    0.267920E-04   -0.130506E-03    0.989147E-04
 2.69088    0.260137E-04   -0.129223E-03    0.969210E-04
 2.70891    0.252627E-04   -0.127959E-03    0.949530E-04
 2.72693    0.245372E-04   -0.126713E-03    0.930098E-04
 2.74496    0.238353E-04   -0.125484E-03    0.910906E-04
 2.76299    0.231552E-04   -0.124272E-03    0.891945E-04
 2.78101    0.224947E-04   -0.123074E-03    0.873206E-04
 2.79904    0.218520E-04   -0.121890E-03    0.854680E-04
 2.81706    0.212250E-04   -0.120719E-03    0.836358E-04
 2.83509    0.206115E-04   -0.119560E-03    0.818228E-04
 2.85312    0.200096E-04   -0.118412E-03    0.800283E-04
 2.87114    0.194171E-04   -0.117273E-03    0.782514E-04
 2.88917    0.188320E-04   -0.116143E-03    0.764910E-04
 2.90719    0.182521E-04   -0.115020E-03    0.747461E-04
 2.92522    0.176753E-04   -0.113903E-03    0.730161E-04
 2.94325    0.170999E-04   -0.112792E-03    0.712999E-04
 2.96127    0.165236E-04   -0.111685E-03    0.695965E-04
 2.97930    0.159448E-04   -0.110581E-03    0.679053E-04
 2.99732    0.153616E-04   -0.109480E-03    0.662254E-04
 3.01535    0.147722E-04   -0.108380E-03    0.645558E-04
 3.03338    0.141750E-04   -0.107281E-03    0.628961E-04
 3.05140    0.135685E-04   -0.106182E-03    0.612452E-04
 3.06943    0.129511E-04   -0.105081E-03    0.596028E-04
 3.08745    0.123217E-04   -0.103979E-03    0.579682E-04
 3.10548    0.116790E-04   -0.102874E-03    0.563406E-04
 3.12351    0.110220E-04   -0.101767E-03    0.547199E-04
 3.14153    0.103499E-04   -0.100660E-03    0.531053E-04
 3.15956    0.966170E-05   -0.995462E-04    0.514966E-04
 3.17759    0.895701E-05   -0.984281E-04    0.498936E-04
 3.19561    0.823521E-05   -0.973052E-04    0.482962E-04
 3.21364    0.749599E-05   -0.961780E-04    0.467031E-04
 3.23166    0.673913E-05   -0.950463E-04    0.451153E-04
 3.24969    0.596461E-05   -0.939098E-04    0.435324E-04
 3.26772    0.517245E-05   -0.927651E-04    0.419543E-04
 3.28574    0.436301E-05   -0.916196E-04    0.403811E-04
 3.30377    0.353658E-05   -0.904697E-04    0.388128E-04
 3.32179    0.269371E-05   -0.893158E-04    0.372497E-04
 3.33982    0.183500E-05   -0.881581E-04    0.356919E-04
 3.35785    0.961163E-06   -0.869973E-04    0.341397E-04
 3.37587    0.730883E-07   -0.858332E-04    0.325933E-04
 3.39390   -0.828311E-06   -0.846665E-04    0.310531E-04
 3.41192   -0.174200E-05   -0.834979E-04    0.295194E-04
 3.42995   -0.266689E-05   -0.823279E-04    0.279927E-04
 3.44798   -0.360179E-05   -0.811572E-04    0.264734E-04
 3.46600   -0.454538E-05   -0.799863E-04    0.249620E-04
 3.48403   -0.549638E-05   -0.788159E-04    0.234589E-04
 3.50205   -0.645335E-05   -0.776467E-04    0.219648E-04
 3.52008   -0.741492E-05   -0.764794E-04    0.204800E-04
 3.53811   -0.837964E-05   -0.753149E-04    0.190053E-04
 3.55613   -0.934603E-05   -0.741538E-04    0.175410E-04
 3.57416   -0.103127E-04   -0.729968E-04    0.160879E-04
 3.59218   -0.112780E-04   -0.718446E-04    0.146463E-04
 3.61021   -0.122407E-04   -0.706982E-04    0.132170E-04
 3.62824   -0.131992E-04   -0.695581E-04    0.118004E-04
 3.64626   -0.141521E-04   -0.684255E-04    0.103971E-04
 3.66429   -0.150980E-04   -0.673004E-04    0.900765E-05
 3.68231   -0.160356E-04   -0.661839E-04    0.763266E-05
 3.70034   -0.169633E-04   -0.650767E-04    0.627226E-05
 3.71837   -0.178801E-04   -0.639790E-04    0.492736E-05
 3.73639   -0.187846E-04   -0.628922E-04    0.359827E-05
 3.75442   -0.196757E-04   -0.618164E-04    0.228545E-05
 3.77244   -0.205522E-04   -0.607524E-04    0.989438E-06
 3.79047   -0.214131E-04   -0.597006E-04   -0.289669E-06
 3.80850   -0.222574E-04   -0.586614E-04   -0.155147E-05
 3.82652   -0.230843E-04   -0.576355E-04   -0.279537E-05
 3.84455   -0.238928E-04   -0.566232E-04   -0.402122E-05
 3.86258   -0.246822E-04   -0.556249E-04   -0.522877E-05
 3.88060   -0.254518E-04   -0.546409E-04   -0.641770E-05
 3.89863   -0.262010E-04   -0.536716E-04   -0.758786E-05
 3.91665   -0.269291E-04   -0.527173E-04   -0.873901E-05
 3.93468   -0.276357E-04   -0.517782E-04   -0.987100E-05
 3.95271   -0.283204E-04   -0.508544E-04   -0.109838E-04
 3.97073   -0.289829E-04   -0.499463E-04   -0.120771E-04
 3.98876   -0.296229E-04   -0.490538E-04   -0.131511E-04
 4.00678   -0.302401E-04   -0.481774E-04   -0.142056E-04
 4.02481   -0.308344E-04   -0.473166E-04   -0.152406E-04
 4.04284   -0.314058E-04   -0.464714E-04   -0.162561E-04
 4.06086   -0.319542E-04   -0.456424E-04   -0.172523E-04
 4.07889   -0.324797E-04   -0.448293E-04   -0.182290E-04
 4.09691   -0.329824E-04   -0.440319E-04   -0.191865E-04
 4.11494   -0.334622E-04   -0.432503E-04   -0.201248E-04
 4.13297   -0.339196E-04   -0.424843E-04   -0.210441E-04
 4.15099   -0.343546E-04   -0.417338E-04   -0.219444E-04
 4.16902   -0.347677E-04   -0.409986E-04   -0.228260E-04
 4.18704   -0.351589E-04   -0.402786E-04   -0.236891E-04
 4.20507   -0.355288E-04   -0.395736E-04   -0.245338E-04
 4.22310   -0.358777E-04   -0.388833E-04   -0.253603E-04
 4.24112   -0.362059E-04   -0.382077E-04   -0.261689E-04
 4.25915   -0.365144E-04   -0.375463E-04   -0.269598E-04
 4.27717   -0.368023E-04   -0.368990E-04   -0.277332E-04
 4.29520   -0.370714E-04   -0.362655E-04   -0.284895E-04
 4.31323   -0.373216E-04   -0.356457E-04   -0.292287E-04
 4.33125   -0.375535E-04   -0.350391E-04   -0.299512E-04
 4.34928   -0.377675E-04   -0.344455E-04   -0.306573E-04
 4.36730   -0.379643E-04   -0.338647E-04   -0.313473E-04
 4.38533   -0.381443E-04   -0.332963E-04   -0.320213E-04
 4.40336   -0.383082E-04   -0.327401E-04   -0.326797E-04
 4.42138   -0.384560E-04   -0.321958E-04   -0.333228E-04
 4.43941   -0.385888E-04   -0.316631E-04   -0.339508E-04
 4.45743   -0.387069E-04   -0.311417E-04   -0.345641E-04
 4.47546   -0.388107E-04   -0.306314E-04   -0.351628E-04
 4.49349   -0.389010E-04   -0.301317E-04   -0.357473E-04
 4.51151   -0.389781E-04   -0.296425E-04   -0.363179E-04
 4.52954   -0.390427E-04   -0.291635E-04   -0.368748E-04
 4.54757   -0.390950E-04   -0.286944E-04   -0.374184E-04
 4.56559   -0.391357E-04   -0.282349E-04   -0.379487E-04
 4.58362   -0.391651E-04   -0.277848E-04   -0.384663E-04
 4.60164   -0.391843E-04   -0.273438E-04   -0.389711E-04
 4.61967   -0.391924E-04   -0.269117E-04   -0.394637E-04
 4.63770   -0.391911E-04   -0.264881E-04   -0.399442E-04
 4.65572   -0.391805E-04   -0.260729E-04   -0.404127E-04
 4.67375   -0.391608E-04   -0.256658E-04   -0.408697E-04
 4.69177   -0.391327E-04   -0.252666E-04   -0.413154E-04
 4.70980   -0.390963E-04   -0.248750E-04   -0.417498E-04
 4.72783   -0.390522E-04   -0.244909E-04   -0.421734E-04
 4.74585   -0.390007E-04   -0.241140E-04   -0.425863E-04
 4.76388   -0.389422E-04   -0.237441E-04   -0.429887E-04
 4.78190   -0.388769E-04   -0.233810E-04   -0.433809E-04
 4.79993   -0.388054E-04   -0.230245E-04   -0.437630E-04
 4.81796   -0.387279E-04   -0.226745E-04   -0.441353E-04
 4.83598   -0.386446E-04   -0.223307E-04   -0.444979E-04
 4.85401   -0.385559E-04   -0.219929E-04   -0.448511E-04
 4.87203   -0.384620E-04   -0.216611E-04   -0.451951E-04
 4.89006   -0.383633E-04   -0.213350E-04   -0.455300E-04
 4.90809   -0.382600E-04   -0.210144E-04   -0.458560E-04
 4.92611   -0.381524E-04   -0.206993E-04   -0.461733E-04
 4.94414   -0.380407E-04   -0.203894E-04   -0.464820E-04
 4.96216   -0.379251E-04   -0.200847E-04   -0.467825E-04
 4.98019   -0.378059E-04   -0.197849E-04   -0.470746E-04
 4.99822   -0.376832E-04   -0.194900E-04   -0.473588E-04
 5.01624   -0.375574E-04   -0.191998E-04   -0.476351E-04
 5.03427   -0.374285E-04   -0.189142E-04   -0.479036E-04
 5.05229   -0.372968E-04   -0.186331E-04   -0.481647E-04
 5.07032   -0.371624E-04   -0.183564E-04   -0.484182E-04
 5.08835   -0.370256E-04   -0.180839E-04   -0.486644E-04
 5.10637   -0.368863E-04   -0.178156E-04   -0.489035E-04
 5.12440   -0.367450E-04   -0.175513E-04   -0.491355E-04
 5.14242   -0.366016E-04   -0.172909E-04   -0.493607E-04
 5.16045   -0.364563E-04   -0.170344E-04   -0.495791E-04
 5.17848   -0.363092E-04   -0.167817E-04   -0.497908E-04
 5.19650   -0.361604E-04   -0.165326E-04   -0.499960E-04
 5.21453   -0.360104E-04   -0.162871E-04   -0.501948E-04
 5.23256   -0.358589E-04   -0.160451E-04   -0.503876E-04
 5.25058   -0.357060E-04   -0.158065E-04   -0.505739E-04
 5.26861   -0.355521E-04   -0.155713E-04   -0.507542E-04
 5.28663   -0.353971E-04   -0.153394E-04   -0.509285E-04
 5.30466   -0.352410E-04   -0.151106E-04   -0.510969E-04
 5.32269   -0.350841E-04   -0.148850E-04   -0.512595E-04
 5.34071   -0.349264E-04   -0.146625E-04   -0.514165E-04
 5.35874   -0.347680E-04   -0.144429E-04   -0.515680E-04
 5.37676   -0.346090E-04   -0.142263E-04   -0.517140E-04
 5.39479   -0.344492E-04   -0.140125E-04   -0.518545E-04
 5.41282   -0.342894E-04   -0.138016E-04   -0.519899E-04
 5.43084   -0.341288E-04   -0.135934E-04   -0.521199E-04
 5.44887   -0.339680E-04   -0.133879E-04   -0.522450E-04
 5.46689   -0.338069E-04   -0.131851E-04   -0.523650E-04
 5.48492   -0.336455E-04   -0.129848E-04   -0.524801E-04
 5.50295   -0.334840E-04   -0.127871E-04   -0.525903E-04
 5.52097   -0.333225E-04   -0.125919E-04   -0.526958E-04
 5.53900   -0.331607E-04   -0.123992E-04   -0.527966E-04
 5.55702   -0.329990E-04   -0.122088E-04   -0.528927E-04
 5.57505   -0.328374E-04   -0.120209E-04   -0.529844E-04
 5.59308   -0.326758E-04   -0.118352E-04   -0.530715E-04
 5.61110   -0.325143E-04   -0.116518E-04   -0.531543E-04
 5.62913   -0.323530E-04   -0.114706E-04   -0.532328E-04
 5.64715   -0.321919E-04   -0.112917E-04   -0.533071E-04
 5.66518   -0.320310E-04   -0.111149E-04   -0.533772E-04
 5.68321   -0.318704E-04   -0.109402E-04   -0.534432E-04
 5.70123   -0.317101E-04   -0.107676E-04   -0.535051E-04
 5.71926   -0.315501E-04   -0.105970E-04   -0.535632E-04
 5.73728   -0.313905E-04   -0.104285E-04   -0.536173E-04
 5.75531   -0.312313E-04   -0.102619E-04   -0.536676E-04
 5.77334   -0.310725E-04   -0.100973E-04   -0.537142E-04
 5.79136   -0.309142E-04   -0.993457E-05   -0.537571E-04
 5.80939   -0.307564E-04   -0.977376E-05   -0.537963E-04
 5.82741   -0.305990E-04   -0.961479E-05   -0.538319E-04
 5.84544   -0.304421E-04   -0.945765E-05   -0.538641E-04
 5.86347   -0.302858E-04   -0.930232E-05   -0.538928E-04
 5.88149   -0.301299E-04   -0.914875E-05   -0.539180E-04
 5.89952   -0.299747E-04   -0.899694E-05   -0.539399E-04
 5.91755   -0.298200E-04   -0.884683E-05   -0.539586E-04
 5.93557   -0.296660E-04   -0.869841E-05   -0.539739E-04
 5.95360   -0.295126E-04   -0.855170E-05   -0.539861E-04
 5.97162   -0.293597E-04   -0.840657E-05   -0.539951E-04
 5.98965   -0.292075E-04   -0.826308E-05   -0.540011E-04
 6.00768   -0.290560E-04   -0.812117E-05   -0.540040E-04
 6.02570   -0.289051E-04   -0.798087E-05   -0.540039E-04
 6.04373   -0.287549E-04   -0.784211E-05   -0.540008E-04
 6.06175   -0.286054E-04   -0.770488E-05   -0.539949E-04
 6.07978   -0.284565E-04   -0.756917E-05   -0.539861E-04
 6.09781   -0.283083E-04   -0.743496E-05   -0.539745E-04
 6.11583   -0.281608E-04   -0.730223E-05   -0.539601E-04
 6.13386   -0.280141E-04   -0.717094E-05   -0.539431E-04
 6.15188   -0.278680E-04   -0.704109E-05   -0.539233E-04
 6.16991   -0.277225E-04   -0.691267E-05   -0.539009E-04
 6.18794   -0.275780E-04   -0.678564E-05   -0.538760E-04
 6.20596   -0.274341E-04   -0.666000E-05   -0.538485E-04
 6.22399   -0.272909E-04   -0.653573E-05   -0.538184E-04
 6.24201   -0.271484E-04   -0.641281E-05   -0.537860E-04
 6.26004   -0.270066E-04   -0.629123E-05   -0.537511E-04
 6.27807   -0.268656E-04   -0.617098E-05   -0.537138E-04
 6.29609   -0.267253E-04   -0.605203E-05   -0.536742E-04
 6.31412   -0.265857E-04   -0.593437E-05   -0.536323E-04
 6.33214   -0.264468E-04   -0.581800E-05   -0.535881E-04
 6.35017   -0.263087E-04   -0.570288E-05   -0.535416E-04
 6.36820   -0.261712E-04   -0.558902E-05   -0.534930E-04
 6.38622   -0.260344E-04   -0.547640E-05   -0.534422E-04
 6.40425   -0.258985E-04   -0.536500E-05   -0.533893E-04
 6.42227   -0.257633E-04   -0.525481E-05   -0.533343E-04
 6.44030   -0.256288E-04   -0.514582E-05   -0.532773E-04
 6.45833   -0.254950E-04   -0.503802E-05   -0.532182E-04
 6.47635   -0.253618E-04   -0.493140E-05   -0.531571E-04
 6.49438   -0.252294E-04   -0.482594E-05   -0.530941E-04
 6.51240   -0.250977E-04   -0.472165E-05   -0.530291E-04
 6.53043   -0.249666E-04   -0.461848E-05   -0.529623E-04
 6.54846   -0.248364E-04   -0.451640E-05   -0.528935E-04
 6.56648   -0.247068E-04   -0.441547E-05   -0.528230E-04
 6.58451   -0.245779E-04   -0.431565E-05   -0.527506E-04
 6.60254   -0.244497E-04   -0.421692E-05   -0.526765E-04
 6.62056   -0.243221E-04   -0.411929E-05   -0.526006E-04
 6.63859   -0.241953E-04   -0.402271E-05   -0.525231E-04
 6.65661   -0.240691E-04   -0.392721E-05   -0.524438E-04
 6.67464   -0.239436E-04   -0.383275E-05   -0.523629E-04
 6.69267   -0.238188E-04   -0.373934E-05   -0.522804E-04
 6.71069   -0.236947E-04   -0.364696E-05   -0.521962E-04
 6.72872   -0.235711E-04   -0.355562E-05   -0.521105E-04
 6.74674   -0.234483E-04   -0.346528E-05   -0.520233E-04
 6.76477   -0.233261E-04   -0.337595E-05   -0.519345E-04
 6.78280   -0.232046E-04   -0.328761E-05   -0.518443E-04
 6.80082   -0.230837E-04   -0.320026E-05   -0.517526E-04
 6.81885   -0.229635E-04   -0.311389E-05   -0.516595E-04
 6.83687   -0.228438E-04   -0.302849E-05   -0.515650E-04
 6.85490   -0.227249E-04   -0.294404E-05   -0.514690E-04
 6.87293   -0.226065E-04   -0.286055E-05   -0.513718E-04
 6.89095   -0.224889E-04   -0.277802E-05   -0.512732E-04
 6.90898   -0.223718E-04   -0.269640E-05   -0.511732E-04
 6.92700   -0.222553E-04   -0.261566E-05   -0.510720E-04
 6.94503   -0.221395E-04   -0.253588E-05   -0.509696E-04
 6.96306   -0.220242E-04   -0.245701E-05   -0.508659E-04
 6.98108   -0.219096E-04   -0.237904E-05   -0.507610E-04
 6.99911   -0.217956E-04   -0.230195E-05   -0.506549E-04
 7.01713   -0.216820E-04   -0.222575E-05   -0.505476E-04
 7.03516   -0.215693E-04   -0.215041E-05   -0.504393E-04
 7.05319   -0.214571E-04   -0.207594E-05   -0.503297E-04
 7.07121   -0.213454E-04   -0.200232E-05   -0.502191E-04
 7.08924   -0.212343E-04   -0.192956E-05   -0.501074E-04
 7.10726   -0.211239E-04   -0.185763E-05   -0.499946E-04
 7.12529   -0.210139E-04   -0.178653E-05   -0.498809E-04
 7.14332   -0.209046E-04   -0.171627E-05   -0.497660E-04
 7.16134   -0.207959E-04   -0.164681E-05   -0.496503E-04
 7.17937   -0.206877E-04   -0.157817E-05   -0.495335E-04
 7.19739   -0.205800E-04   -0.151034E-05   -0.494158E-04
 7.21542   -0.204730E-04   -0.144328E-05   -0.492971E-04
 7.23345   -0.203664E-04   -0.137701E-05   -0.491776E-04
 7.25147   -0.202605E-04   -0.131152E-05   -0.490571E-04
 7.26950   -0.201551E-04   -0.124679E-05   -0.489358E-04
 7.28753   -0.200502E-04   -0.118283E-05   -0.488137E-04
 7.30555   -0.199458E-04   -0.111962E-05   -0.486907E-04
 7.32358   -0.198421E-04   -0.105716E-05   -0.485668E-04
 7.34160   -0.197390E-04   -0.995424E-06   -0.484422E-04
 7.35963   -0.196363E-04   -0.934425E-06   -0.483169E-04
 7.37766   -0.195341E-04   -0.874146E-06   -0.481907E-04
 7.39568   -0.194326E-04   -0.814582E-06   -0.480638E-04
 7.41371   -0.193315E-04   -0.755723E-06   -0.479363E-04
 7.43173   -0.192309E-04   -0.697544E-06   -0.478080E-04
 7.44976   -0.191310E-04   -0.640097E-06   -0.476790E-04
 7.46779   -0.190315E-04   -0.583292E-06   -0.475494E-04
 7.48581   -0.189326E-04   -0.527180E-06   -0.474191E-04
 7.50384   -0.188342E-04   -0.471731E-06   -0.472901E-04
 7.52186   -0.187364E-04   -0.416951E-06   -0.471586E-04
 7.53989   -0.186390E-04   -0.362818E-06   -0.470264E-04
 7.55792   -0.185422E-04   -0.309346E-06   -0.468937E-04
 7.57594   -0.184459E-04   -0.256493E-06   -0.467603E-04
 7.59397   -0.183502E-04   -0.204300E-06   -0.466265E-04
 7.61199   -0.182549E-04   -0.152676E-06   -0.464922E-04
 7.63002   -0.181602E-04   -0.101698E-06   -0.463574E-04
 7.64805   -0.180660E-04   -0.513248E-07   -0.462220E-04
 7.66607   -0.179723E-04   -0.154774E-08   -0.460844E-04
 7.68410   -0.178792E-04    0.476359E-07   -0.459481E-04
 7.70212   -0.177866E-04    0.962254E-07   -0.458114E-04
 7.72015   -0.176944E-04    0.144241E-06   -0.456742E-04
 7.73818   -0.176028E-04    0.191678E-06   -0.455366E-04
 7.75620   -0.175117E-04    0.238576E-06   -0.453986E-04
 7.77423   -0.174211E-04    0.284889E-06   -0.452602E-04
 7.79225   -0.173311E-04    0.330647E-06   -0.451214E-04
 7.81028   -0.172415E-04    0.375864E-06   -0.449823E-04
 7.82831   -0.171524E-04    0.420544E-06   -0.448428E-04
 7.84633   -0.170640E-04    0.464687E-06   -0.447030E-04
 7.86436   -0.169760E-04    0.508306E-06   -0.445628E-04
 7.88238   -0.168884E-04    0.551405E-06   -0.444224E-04
 7.90041   -0.168014E-04    0.593988E-06   -0.442816E-04
 7.91844   -0.167149E-04    0.636060E-06   -0.441405E-04
 7.93646   -0.166289E-04    0.677637E-06   -0.439992E-04
 7.95449   -0.165434E-04    0.718716E-06   -0.438577E-04
 7.97252   -0.164585E-04    0.759317E-06   -0.437159E-04
 7.99054   -0.163740E-04    0.799431E-06   -0.435738E-04
 8.00857   -0.162900E-04    0.839060E-06   -0.434316E-04
 8.02659   -0.162065E-04    0.878213E-06   -0.432891E-04
 8.04462   -0.161235E-04    0.916911E-06   -0.431464E-04
 8.06265   -0.160410E-04    0.955142E-06   -0.430036E-04
 8.08067   -0.159591E-04    0.992918E-06   -0.428606E-04
 8.09870   -0.158775E-04    0.103025E-05   -0.427174E-04
 8.11672   -0.157965E-04    0.106713E-05   -0.425740E-04
 8.13475   -0.157160E-04    0.110357E-05   -0.424305E-04
 8.15278   -0.156360E-04    0.113958E-05   -0.422869E-04
 8.17080   -0.155565E-04    0.117517E-05   -0.421432E-04
 8.18883   -0.154774E-04    0.121033E-05   -0.419993E-04
 8.20685   -0.153988E-04    0.124507E-05   -0.418554E-04
 8.22488   -0.153207E-04    0.127939E-05   -0.417113E-04
 8.24291   -0.152431E-04    0.131331E-05   -0.415672E-04
 8.26093   -0.151660E-04    0.134682E-05   -0.414230E-04
 8.27896   -0.150893E-04    0.137993E-05   -0.412788E-04
 8.29698   -0.150131E-04    0.141265E-05   -0.411344E-04
 8.31501   -0.149374E-04    0.144497E-05   -0.409901E-04
 8.33304   -0.148622E-04    0.147691E-05   -0.408457E-04
 8.35106   -0.147874E-04    0.150847E-05   -0.407013E-04
 8.36909   -0.147131E-04    0.153964E-05   -0.405569E-04
 8.38711   -0.146392E-04    0.157046E-05   -0.404124E-04
 8.40514   -0.145658E-04    0.160090E-05   -0.402680E-04
 8.42317   -0.144929E-04    0.163097E-05   -0.401236E-04
 8.44119   -0.144204E-04    0.166069E-05   -0.399792E-04
 8.45922   -0.143484E-04    0.169004E-05   -0.398348E-04
 8.47724   -0.142768E-04    0.171904E-05   -0.396904E-04
 8.49527   -0.142057E-04    0.174769E-05   -0.395461E-04
 8.51330   -0.141349E-04    0.177600E-05   -0.394018E-04
 8.53132   -0.140648E-04    0.180398E-05   -0.392576E-04
 8.54935   -0.139950E-04    0.183161E-05   -0.391135E-04
 8.56737   -0.139256E-04    0.185890E-05   -0.389694E-04
 8.58540   -0.138566E-04    0.188585E-05   -0.388254E-04
 8.60343   -0.137882E-04    0.191248E-05   -0.386814E-04
 8.62145   -0.137201E-04    0.193879E-05   -0.385376E-04
 8.63948   -0.136525E-04    0.196478E-05   -0.383939E-04
 8.65751   -0.135852E-04    0.199044E-05   -0.382502E-04
 8.67553   -0.135185E-04    0.201581E-05   -0.381067E-04
 8.69356   -0.134521E-04    0.204086E-05   -0.379633E-04
 8.71158   -0.133862E-04    0.206561E-05   -0.378200E-04
 8.72961   -0.133207E-04    0.209004E-05   -0.376768E-04
 8.74764   -0.132555E-04    0.211418E-05   -0.375338E-04
 8.76566   -0.131908E-04    0.213803E-05   -0.373909E-04
 8.78369   -0.131265E-04    0.216157E-05   -0.372481E-04
 8.80171   -0.130627E-04    0.218481E-05   -0.371055E-04
 8.81974   -0.129992E-04    0.220778E-05   -0.369631E-04
 8.83777   -0.129361E-04    0.223045E-05   -0.368208E-04
 8.85579   -0.128734E-04    0.225284E-05   -0.366787E-04
 8.87382   -0.128111E-04    0.227494E-05   -0.365367E-04
 8.89184   -0.127492E-04    0.229676E-05   -0.363949E-04
 8.90987   -0.126877E-04    0.231833E-05   -0.362534E-04
 8.92790   -0.126265E-04    0.233961E-05   -0.361120E-04
 8.94592   -0.125657E-04    0.236063E-05   -0.359707E-04
 8.96395   -0.125054E-04    0.238137E-05   -0.358297E-04
 8.98197   -0.124454E-04    0.240186E-05   -0.356889E-04
 9.00000   -0.123858E-04    0.242209E-05   -0.355483E-04
