 0.00500    0.411048E-01   -0.203530E-01    0.149752E-01
 0.02303    0.333989E-01   -0.165003E-01    0.120856E-01
 0.04105    0.289247E-01   -0.142629E-01    0.104075E-01
 0.05908    0.256843E-01   -0.126427E-01    0.919218E-02
 0.07710    0.231429E-01   -0.113719E-01    0.823900E-02
 0.09513    0.210614E-01   -0.103310E-01    0.745829E-02
 0.11316    0.193079E-01   -0.945413E-02    0.680065E-02
 0.13118    0.178016E-01   -0.870088E-02    0.623575E-02
 0.14921    0.164887E-01   -0.804432E-02    0.574340E-02
 0.16723    0.153314E-01   -0.746557E-02    0.530944E-02
 0.18526    0.143017E-01   -0.695067E-02    0.492343E-02
 0.20329    0.133789E-01   -0.648919E-02    0.457753E-02
 0.22131    0.125466E-01   -0.607297E-02    0.426563E-02
 0.23934    0.117918E-01   -0.569556E-02    0.398288E-02
 0.25736    0.111043E-01   -0.535178E-02    0.372540E-02
 0.27539    0.104755E-01   -0.503734E-02    0.348999E-02
 0.29342    0.989820E-02   -0.474870E-02    0.327398E-02
 0.31144    0.936657E-02   -0.448291E-02    0.307515E-02
 0.32947    0.887559E-02   -0.423745E-02    0.289162E-02
 0.34749    0.842096E-02   -0.401019E-02    0.272179E-02
 0.36552    0.799896E-02   -0.379927E-02    0.256426E-02
 0.38355    0.760634E-02   -0.360308E-02    0.241783E-02
 0.40157    0.724042E-02   -0.342023E-02    0.228146E-02
 0.41960    0.689868E-02   -0.324949E-02    0.215422E-02
 0.43763    0.657899E-02   -0.308979E-02    0.203530E-02
 0.45565    0.627942E-02   -0.294017E-02    0.192400E-02
 0.47368    0.599828E-02   -0.279979E-02    0.181966E-02
 0.49170    0.573407E-02   -0.266789E-02    0.172172E-02
 0.50973    0.548542E-02   -0.254378E-02    0.162968E-02
 0.52776    0.525111E-02   -0.242687E-02    0.154306E-02
 0.54578    0.503005E-02   -0.231659E-02    0.146147E-02
 0.56381    0.482125E-02   -0.221247E-02    0.138453E-02
 0.58183    0.462383E-02   -0.211404E-02    0.131190E-02
 0.59986    0.443696E-02   -0.202091E-02    0.124328E-02
 0.61789    0.425989E-02   -0.193270E-02    0.117837E-02
 0.63591    0.409196E-02   -0.184907E-02    0.111695E-02
 0.65394    0.393257E-02   -0.176973E-02    0.105876E-02
 0.67196    0.378114E-02   -0.169438E-02    0.100360E-02
 0.68999    0.363715E-02   -0.162277E-02    0.951274E-03
 0.70802    0.350013E-02   -0.155466E-02    0.901602E-03
 0.72604    0.336965E-02   -0.148983E-02    0.854416E-03
 0.74407    0.324530E-02   -0.142807E-02    0.809567E-03
 0.76209    0.312672E-02   -0.136922E-02    0.766914E-03
 0.78012    0.301355E-02   -0.131308E-02    0.726327E-03
 0.79815    0.290548E-02   -0.125951E-02    0.687687E-03
 0.81617    0.280222E-02   -0.120836E-02    0.650881E-03
 0.83420    0.270350E-02   -0.115949E-02    0.615806E-03
 0.85222    0.260907E-02   -0.111277E-02    0.582366E-03
 0.87025    0.251868E-02   -0.106809E-02    0.550471E-03
 0.88828    0.243212E-02   -0.102533E-02    0.520039E-03
 0.90630    0.234919E-02   -0.984396E-03    0.490991E-03
 0.92433    0.226970E-02   -0.945191E-03    0.463255E-03
 0.94235    0.219346E-02   -0.907622E-03    0.436763E-03
 0.96038    0.212030E-02   -0.871608E-03    0.411451E-03
 0.97841    0.205010E-02   -0.837070E-03    0.387259E-03
 0.99643    0.198267E-02   -0.803934E-03    0.364131E-03
 1.01446    0.191788E-02   -0.772133E-03    0.342019E-03
 1.03248    0.185562E-02   -0.741602E-03    0.320864E-03
 1.05051    0.179577E-02   -0.712280E-03    0.300629E-03
 1.06854    0.173820E-02   -0.684110E-03    0.281268E-03
 1.08656    0.168281E-02   -0.657037E-03    0.262739E-03
 1.10459    0.162950E-02   -0.631013E-03    0.245003E-03
 1.12262    0.157817E-02   -0.605986E-03    0.228023E-03
 1.14064    0.152874E-02   -0.581913E-03    0.211765E-03
 1.15867    0.148112E-02   -0.558752E-03    0.196197E-03
 1.17669    0.143522E-02   -0.536462E-03    0.181288E-03
 1.19472    0.139098E-02   -0.515005E-03    0.167008E-03
 1.21275    0.134833E-02   -0.494347E-03    0.153332E-03
 1.23077    0.130719E-02   -0.474450E-03    0.140230E-03
 1.24880    0.126750E-02   -0.455285E-03    0.127678E-03
 1.26682    0.122919E-02   -0.436820E-03    0.115657E-03
 1.28485    0.119223E-02   -0.419026E-03    0.104139E-03
 1.30288    0.115654E-02   -0.401874E-03    0.931056E-04
 1.32090    0.112207E-02   -0.385339E-03    0.825358E-04
 1.33893    0.108878E-02   -0.369401E-03    0.724103E-04
 1.35695    0.105661E-02   -0.354026E-03    0.627118E-04
 1.37498    0.102553E-02   -0.339198E-03    0.534218E-04
 1.39301    0.995490E-03   -0.324893E-03    0.445240E-04
 1.41103    0.966449E-03   -0.311092E-03    0.360028E-04
 1.42906    0.938369E-03   -0.297775E-03    0.278427E-04
 1.44708    0.911213E-03   -0.284923E-03    0.200299E-04
 1.46511    0.884947E-03   -0.272519E-03    0.125504E-04
 1.48314    0.859534E-03   -0.260546E-03    0.539145E-05
 1.50116    0.834947E-03   -0.248987E-03   -0.145928E-05
 1.51919    0.811157E-03   -0.237828E-03   -0.801364E-05
 1.53721    0.788129E-03   -0.227053E-03   -0.142838E-04
 1.55524    0.765836E-03   -0.216649E-03   -0.202796E-04
 1.57327    0.744254E-03   -0.206602E-03   -0.260134E-04
 1.59129    0.723356E-03   -0.196899E-03   -0.314909E-04
 1.60932    0.703118E-03   -0.187528E-03   -0.367256E-04
 1.62734    0.683517E-03   -0.178477E-03   -0.417252E-04
 1.64537    0.664532E-03   -0.169736E-03   -0.464985E-04
 1.66340    0.646140E-03   -0.161293E-03   -0.510532E-04
 1.68142    0.628323E-03   -0.153138E-03   -0.553977E-04
 1.69945    0.611060E-03   -0.145261E-03   -0.595390E-04
 1.71747    0.594333E-03   -0.137654E-03   -0.634846E-04
 1.73550    0.578125E-03   -0.130307E-03   -0.672418E-04
 1.75353    0.562416E-03   -0.123212E-03   -0.708164E-04
 1.77155    0.547196E-03   -0.116360E-03   -0.742155E-04
 1.78958    0.532445E-03   -0.109744E-03   -0.774445E-04
 1.80761    0.518150E-03   -0.103357E-03   -0.805091E-04
 1.82563    0.504297E-03   -0.971905E-04   -0.834153E-04
 1.84366    0.490873E-03   -0.912390E-04   -0.861678E-04
 1.86168    0.477864E-03   -0.854956E-04   -0.887718E-04
 1.87971    0.465259E-03   -0.799544E-04   -0.912320E-04
 1.89774    0.453049E-03   -0.746091E-04   -0.935528E-04
 1.91576    0.441216E-03   -0.694549E-04   -0.957384E-04
 1.93379    0.429757E-03   -0.644861E-04   -0.977929E-04
 1.95181    0.418658E-03   -0.596978E-04   -0.997202E-04
 1.96984    0.407912E-03   -0.550853E-04   -0.101523E-03
 1.98787    0.397509E-03   -0.506445E-04   -0.103207E-03
 2.00589    0.387443E-03   -0.463712E-04   -0.104773E-03
 2.02392    0.377703E-03   -0.422614E-04   -0.106226E-03
 2.04194    0.368286E-03   -0.383114E-04   -0.107566E-03
 2.05997    0.359183E-03   -0.345181E-04   -0.108799E-03
 2.07800    0.350388E-03   -0.308781E-04   -0.109925E-03
 2.09602    0.341894E-03   -0.273885E-04   -0.110947E-03
 2.11405    0.333698E-03   -0.240464E-04   -0.111868E-03
 2.13207    0.325793E-03   -0.208492E-04   -0.112688E-03
 2.15010    0.318174E-03   -0.177943E-04   -0.113411E-03
 2.16813    0.310837E-03   -0.148795E-04   -0.114038E-03
 2.18615    0.303777E-03   -0.121025E-04   -0.114570E-03
 2.20418    0.296992E-03   -0.946132E-05   -0.115010E-03
 2.22220    0.290476E-03   -0.695360E-05   -0.115359E-03
 2.24023    0.284226E-03   -0.457753E-05   -0.115618E-03
 2.25826    0.278237E-03   -0.233113E-05   -0.115789E-03
 2.27628    0.272506E-03   -0.212275E-06   -0.115874E-03
 2.29431    0.267028E-03    0.178099E-05   -0.115873E-03
 2.31233    0.261800E-03    0.365079E-05   -0.115790E-03
 2.33036    0.256816E-03    0.539931E-05   -0.115624E-03
 2.34839    0.252074E-03    0.702896E-05   -0.115379E-03
 2.36641    0.247568E-03    0.854218E-05   -0.115055E-03
 2.38444    0.243292E-03    0.994172E-05   -0.114656E-03
 2.40246    0.239240E-03    0.112305E-04   -0.114182E-03
 2.42049    0.235407E-03    0.124118E-04   -0.113637E-03
 2.43852    0.231784E-03    0.134891E-04   -0.113024E-03
 2.45654    0.228365E-03    0.144664E-04   -0.112345E-03
 2.47457    0.225140E-03    0.153479E-04   -0.111603E-03
 2.49260    0.222101E-03    0.161381E-04   -0.110802E-03
 2.51062    0.219238E-03    0.168421E-04   -0.109945E-03
 2.52865    0.216541E-03    0.174654E-04   -0.109038E-03
 2.54667    0.213996E-03    0.180140E-04   -0.108083E-03
 2.56470    0.211592E-03    0.184940E-04   -0.107086E-03
 2.58273    0.209315E-03    0.189122E-04   -0.106052E-03
 2.60075    0.207151E-03    0.192756E-04   -0.104985E-03
 2.61878    0.205086E-03    0.195918E-04   -0.103893E-03
 2.63680    0.203103E-03    0.198685E-04   -0.102780E-03
 2.65483    0.201187E-03    0.201139E-04   -0.101653E-03
 2.67286    0.199319E-03    0.203364E-04   -0.100517E-03
 2.69088    0.197486E-03    0.205446E-04   -0.993800E-04
 2.70891    0.195668E-03    0.207471E-04   -0.982477E-04
 2.72693    0.193847E-03    0.209529E-04   -0.971269E-04
 2.74496    0.192007E-03    0.211707E-04   -0.960241E-04
 2.76299    0.190129E-03    0.214094E-04   -0.949460E-04
 2.78101    0.188197E-03    0.216774E-04   -0.938989E-04
 2.79904    0.186193E-03    0.219834E-04   -0.928893E-04
 2.81706    0.184103E-03    0.223352E-04   -0.919234E-04
 2.83509    0.181909E-03    0.227406E-04   -0.910065E-04
 2.85312    0.179599E-03    0.232070E-04   -0.901442E-04
 2.87114    0.177158E-03    0.237408E-04   -0.893417E-04
 2.88917    0.174575E-03    0.243484E-04   -0.886035E-04
 2.90719    0.171838E-03    0.250351E-04   -0.879335E-04
 2.92522    0.168939E-03    0.258057E-04   -0.873355E-04
 2.94325    0.165869E-03    0.266640E-04   -0.868122E-04
 2.96127    0.162623E-03    0.276134E-04   -0.863664E-04
 2.97930    0.159194E-03    0.286561E-04   -0.859996E-04
 2.99732    0.155582E-03    0.297936E-04   -0.857128E-04
 3.01535    0.151785E-03    0.310264E-04   -0.855067E-04
 3.03338    0.147803E-03    0.323542E-04   -0.853808E-04
 3.05140    0.143638E-03    0.337759E-04   -0.853347E-04
 3.06943    0.139296E-03    0.352897E-04   -0.853663E-04
 3.08745    0.134780E-03    0.368928E-04   -0.854745E-04
 3.10548    0.130098E-03    0.385816E-04   -0.856551E-04
 3.12351    0.125260E-03    0.403521E-04   -0.859063E-04
 3.14153    0.120273E-03    0.421991E-04   -0.862242E-04
 3.15956    0.115151E-03    0.441174E-04   -0.866046E-04
 3.17759    0.109904E-03    0.461009E-04   -0.870429E-04
 3.19561    0.104546E-03    0.481429E-04   -0.875343E-04
 3.21364    0.990913E-04    0.502368E-04   -0.880737E-04
 3.23166    0.935530E-04    0.523752E-04   -0.886557E-04
 3.24969    0.879467E-04    0.545509E-04   -0.892744E-04
 3.26772    0.822871E-04    0.567565E-04   -0.899247E-04
 3.28574    0.765903E-04    0.589842E-04   -0.906007E-04
 3.30377    0.708705E-04    0.612263E-04   -0.912966E-04
 3.32179    0.651435E-04    0.634754E-04   -0.920068E-04
 3.33982    0.594240E-04    0.657239E-04   -0.927254E-04
 3.35785    0.537269E-04    0.679645E-04   -0.934473E-04
 3.37587    0.480831E-04    0.701902E-04   -0.941670E-04
 3.39390    0.424557E-04    0.723943E-04   -0.948796E-04
 3.41192    0.369080E-04    0.745703E-04   -0.955799E-04
 3.42995    0.314352E-04    0.767122E-04   -0.962639E-04
 3.44798    0.260487E-04    0.788143E-04   -0.969268E-04
 3.46600    0.207589E-04    0.808715E-04   -0.975649E-04
 3.48403    0.155757E-04    0.828789E-04   -0.981744E-04
 3.50205    0.105075E-04    0.848321E-04   -0.987524E-04
 3.52008    0.556238E-05    0.867273E-04   -0.992956E-04
 3.53811    0.747169E-06    0.885609E-04   -0.998015E-04
 3.55613   -0.393201E-05    0.903301E-04   -0.100268E-03
 3.57416   -0.847004E-05    0.920321E-04   -0.100693E-03
 3.59218   -0.128628E-04    0.936648E-04   -0.101074E-03
 3.61021   -0.171066E-04    0.952267E-04   -0.101411E-03
 3.62824   -0.211991E-04    0.967163E-04   -0.101703E-03
 3.64626   -0.251384E-04    0.981328E-04   -0.101948E-03
 3.66429   -0.289234E-04    0.994757E-04   -0.102146E-03
 3.68231   -0.325537E-04    0.100745E-03   -0.102298E-03
 3.70034   -0.360294E-04    0.101940E-03   -0.102403E-03
 3.71837   -0.393514E-04    0.103061E-03   -0.102461E-03
 3.73639   -0.425209E-04    0.104110E-03   -0.102473E-03
 3.75442   -0.455396E-04    0.105087E-03   -0.102439E-03
 3.77244   -0.484098E-04    0.105993E-03   -0.102361E-03
 3.79047   -0.511340E-04    0.106830E-03   -0.102239E-03
 3.80850   -0.537153E-04    0.107598E-03   -0.102073E-03
 3.82652   -0.561569E-04    0.108300E-03   -0.101867E-03
 3.84455   -0.584623E-04    0.108937E-03   -0.101619E-03
 3.86258   -0.606351E-04    0.109512E-03   -0.101333E-03
 3.88060   -0.626793E-04    0.110025E-03   -0.101009E-03
 3.89863   -0.645989E-04    0.110480E-03   -0.100649E-03
 3.91665   -0.663980E-04    0.110878E-03   -0.100253E-03
 3.93468   -0.680806E-04    0.111220E-03   -0.998252E-04
 3.95271   -0.696511E-04    0.111510E-03   -0.993651E-04
 3.97073   -0.711136E-04    0.111750E-03   -0.988747E-04
 3.98876   -0.724725E-04    0.111941E-03   -0.983555E-04
 4.00678   -0.737319E-04    0.112085E-03   -0.978093E-04
 4.02481   -0.748959E-04    0.112185E-03   -0.972373E-04
 4.04284   -0.759689E-04    0.112243E-03   -0.966411E-04
 4.06086   -0.769547E-04    0.112260E-03   -0.960221E-04
 4.07889   -0.778574E-04    0.112239E-03   -0.953817E-04
 4.09691   -0.786807E-04    0.112182E-03   -0.947214E-04
 4.11494   -0.794285E-04    0.112090E-03   -0.940425E-04
 4.13297   -0.801045E-04    0.111965E-03   -0.933462E-04
 4.15099   -0.807122E-04    0.111809E-03   -0.926339E-04
 4.16902   -0.812548E-04    0.111624E-03   -0.919067E-04
 4.18704   -0.817360E-04    0.111411E-03   -0.911659E-04
 4.20507   -0.821588E-04    0.111172E-03   -0.904125E-04
 4.22310   -0.825262E-04    0.110909E-03   -0.896476E-04
 4.24112   -0.828413E-04    0.110623E-03   -0.888724E-04
 4.25915   -0.831068E-04    0.110314E-03   -0.880876E-04
 4.27717   -0.833255E-04    0.109986E-03   -0.872943E-04
 4.29520   -0.834999E-04    0.109638E-03   -0.864934E-04
 4.31323   -0.836325E-04    0.109273E-03   -0.856857E-04
 4.33125   -0.837257E-04    0.108890E-03   -0.848722E-04
 4.34928   -0.837816E-04    0.108492E-03   -0.840535E-04
 4.36730   -0.838025E-04    0.108080E-03   -0.832302E-04
 4.38533   -0.837904E-04    0.107654E-03   -0.824032E-04
 4.40336   -0.837471E-04    0.107215E-03   -0.815732E-04
 4.42138   -0.836745E-04    0.106765E-03   -0.807406E-04
 4.43941   -0.835744E-04    0.106303E-03   -0.799061E-04
 4.45743   -0.834484E-04    0.105832E-03   -0.790701E-04
 4.47546   -0.832980E-04    0.105351E-03   -0.782334E-04
 4.49349   -0.831248E-04    0.104862E-03   -0.773963E-04
 4.51151   -0.829301E-04    0.104364E-03   -0.765593E-04
 4.52954   -0.827153E-04    0.103860E-03   -0.757227E-04
 4.54757   -0.824817E-04    0.103349E-03   -0.748871E-04
 4.56559   -0.822303E-04    0.102831E-03   -0.740528E-04
 4.58362   -0.819625E-04    0.102309E-03   -0.732201E-04
 4.60164   -0.816791E-04    0.101781E-03   -0.723893E-04
 4.61967   -0.813813E-04    0.101248E-03   -0.715609E-04
 4.63770   -0.810700E-04    0.100712E-03   -0.707350E-04
 4.65572   -0.807460E-04    0.100172E-03   -0.699118E-04
 4.67375   -0.804103E-04    0.996284E-04   -0.690917E-04
 4.69177   -0.800637E-04    0.990815E-04   -0.682749E-04
 4.70980   -0.797068E-04    0.985329E-04   -0.674616E-04
 4.72783   -0.793406E-04    0.979821E-04   -0.666519E-04
 4.74585   -0.789655E-04    0.974295E-04   -0.658461E-04
 4.76388   -0.785821E-04    0.968755E-04   -0.650443E-04
 4.78190   -0.781917E-04    0.963202E-04   -0.642467E-04
 4.79993   -0.777941E-04    0.957639E-04   -0.634534E-04
 4.81796   -0.773902E-04    0.952070E-04   -0.626646E-04
 4.83598   -0.769804E-04    0.946497E-04   -0.618809E-04
 4.85401   -0.765653E-04    0.940922E-04   -0.611014E-04
 4.87203   -0.761452E-04    0.935346E-04   -0.603268E-04
 4.89006   -0.757207E-04    0.929773E-04   -0.595572E-04
 4.90809   -0.752922E-04    0.924204E-04   -0.587928E-04
 4.92611   -0.748600E-04    0.918640E-04   -0.580335E-04
 4.94414   -0.744245E-04    0.913084E-04   -0.572796E-04
 4.96216   -0.739861E-04    0.907537E-04   -0.565312E-04
 4.98019   -0.735451E-04    0.902001E-04   -0.557884E-04
 4.99822   -0.731019E-04    0.896477E-04   -0.550513E-04
 5.01624   -0.726567E-04    0.890966E-04   -0.543200E-04
 5.03427   -0.722097E-04    0.885469E-04   -0.535941E-04
 5.05229   -0.717613E-04    0.879988E-04   -0.528753E-04
 5.07032   -0.713118E-04    0.874524E-04   -0.521620E-04
 5.08835   -0.708612E-04    0.869079E-04   -0.514548E-04
 5.10637   -0.704100E-04    0.863651E-04   -0.507538E-04
 5.12440   -0.699583E-04    0.858244E-04   -0.500586E-04
 5.14242   -0.695062E-04    0.852856E-04   -0.493706E-04
 5.16045   -0.690541E-04    0.847490E-04   -0.486879E-04
 5.17848   -0.686020E-04    0.842147E-04   -0.480125E-04
 5.19650   -0.681502E-04    0.836826E-04   -0.473429E-04
 5.21453   -0.676989E-04    0.831528E-04   -0.466794E-04
 5.23256   -0.672481E-04    0.826255E-04   -0.460222E-04
 5.25058   -0.667981E-04    0.821007E-04   -0.453711E-04
 5.26861   -0.663489E-04    0.815785E-04   -0.447262E-04
 5.28663   -0.659009E-04    0.810588E-04   -0.440872E-04
 5.30466   -0.654540E-04    0.805418E-04   -0.434542E-04
 5.32269   -0.650084E-04    0.800275E-04   -0.428271E-04
 5.34071   -0.645643E-04    0.795160E-04   -0.422058E-04
 5.35874   -0.641217E-04    0.790072E-04   -0.415905E-04
 5.37676   -0.636809E-04    0.785014E-04   -0.409808E-04
 5.39479   -0.632418E-04    0.779984E-04   -0.403768E-04
 5.41282   -0.628047E-04    0.774984E-04   -0.397785E-04
 5.43084   -0.623697E-04    0.770014E-04   -0.391859E-04
 5.44887   -0.619368E-04    0.765073E-04   -0.385988E-04
 5.46689   -0.615061E-04    0.760164E-04   -0.380174E-04
 5.48492   -0.610778E-04    0.755285E-04   -0.374416E-04
 5.50295   -0.606520E-04    0.750438E-04   -0.368713E-04
 5.52097   -0.602287E-04    0.745623E-04   -0.363066E-04
 5.53900   -0.598081E-04    0.740839E-04   -0.357475E-04
 5.55702   -0.593902E-04    0.736088E-04   -0.351940E-04
 5.57505   -0.589751E-04    0.731369E-04   -0.346461E-04
 5.59308   -0.585628E-04    0.726683E-04   -0.341038E-04
 5.61110   -0.581536E-04    0.722030E-04   -0.335670E-04
 5.62913   -0.577471E-04    0.717410E-04   -0.330359E-04
 5.64715   -0.573441E-04    0.712824E-04   -0.325103E-04
 5.66518   -0.569440E-04    0.708271E-04   -0.319903E-04
 5.68321   -0.565472E-04    0.703751E-04   -0.314759E-04
 5.70123   -0.561535E-04    0.699266E-04   -0.309671E-04
 5.71926   -0.557631E-04    0.694814E-04   -0.304637E-04
 5.73728   -0.553760E-04    0.690396E-04   -0.299659E-04
 5.75531   -0.549921E-04    0.686012E-04   -0.294736E-04
 5.77334   -0.546118E-04    0.681661E-04   -0.289867E-04
 5.79136   -0.542346E-04    0.677347E-04   -0.285052E-04
 5.80939   -0.538609E-04    0.673060E-04   -0.280292E-04
 5.82741   -0.534905E-04    0.668810E-04   -0.275584E-04
 5.84544   -0.531235E-04    0.664593E-04   -0.270929E-04
 5.86347   -0.527598E-04    0.660414E-04   -0.266327E-04
 5.88149   -0.523994E-04    0.656263E-04   -0.261777E-04
 5.89952   -0.520423E-04    0.652145E-04   -0.257277E-04
 5.91755   -0.516884E-04    0.648060E-04   -0.252829E-04
 5.93557   -0.513378E-04    0.644006E-04   -0.248431E-04
 5.95360   -0.509902E-04    0.639984E-04   -0.244082E-04
 5.97162   -0.506461E-04    0.635994E-04   -0.239783E-04
 5.98965   -0.503048E-04    0.632034E-04   -0.235533E-04
 6.00768   -0.499666E-04    0.628106E-04   -0.231330E-04
 6.02570   -0.496314E-04    0.624207E-04   -0.227175E-04
 6.04373   -0.492990E-04    0.620338E-04   -0.223066E-04
 6.06175   -0.489694E-04    0.616498E-04   -0.219003E-04
 6.07978   -0.486426E-04    0.612687E-04   -0.214986E-04
 6.09781   -0.483184E-04    0.608904E-04   -0.211013E-04
 6.11583   -0.479969E-04    0.605149E-04   -0.207085E-04
 6.13386   -0.476778E-04    0.601422E-04   -0.203199E-04
 6.15188   -0.473613E-04    0.597721E-04   -0.199357E-04
 6.16991   -0.470470E-04    0.594047E-04   -0.195557E-04
 6.18794   -0.467351E-04    0.590398E-04   -0.191799E-04
 6.20596   -0.464254E-04    0.586775E-04   -0.188082E-04
 6.22399   -0.461178E-04    0.583177E-04   -0.184405E-04
 6.24201   -0.458122E-04    0.579603E-04   -0.180767E-04
 6.26004   -0.455087E-04    0.576053E-04   -0.177169E-04
 6.27807   -0.452071E-04    0.572526E-04   -0.173610E-04
 6.29609   -0.449073E-04    0.569023E-04   -0.170088E-04
 6.31412   -0.446094E-04    0.565542E-04   -0.166604E-04
 6.33214   -0.443131E-04    0.562083E-04   -0.163157E-04
 6.35017   -0.440186E-04    0.558646E-04   -0.159746E-04
 6.36820   -0.437256E-04    0.555231E-04   -0.156371E-04
 6.38622   -0.434341E-04    0.551837E-04   -0.153031E-04
 6.40425   -0.431443E-04    0.548463E-04   -0.149726E-04
 6.42227   -0.428559E-04    0.545110E-04   -0.146456E-04
 6.44030   -0.425689E-04    0.541777E-04   -0.143219E-04
 6.45833   -0.422833E-04    0.538464E-04   -0.140016E-04
 6.47635   -0.419991E-04    0.535170E-04   -0.136846E-04
 6.49438   -0.417162E-04    0.531896E-04   -0.133708E-04
 6.51240   -0.414346E-04    0.528641E-04   -0.130603E-04
 6.53043   -0.411543E-04    0.525405E-04   -0.127530E-04
 6.54846   -0.408753E-04    0.522187E-04   -0.124488E-04
 6.56648   -0.405975E-04    0.518989E-04   -0.121477E-04
 6.58451   -0.403210E-04    0.515809E-04   -0.118497E-04
 6.60254   -0.400458E-04    0.512647E-04   -0.115548E-04
 6.62056   -0.397718E-04    0.509504E-04   -0.112629E-04
 6.63859   -0.394991E-04    0.506379E-04   -0.109741E-04
 6.65661   -0.392277E-04    0.503272E-04   -0.106882E-04
 6.67464   -0.389575E-04    0.500183E-04   -0.104052E-04
 6.69267   -0.386887E-04    0.497112E-04   -0.101252E-04
 6.71069   -0.384211E-04    0.494060E-04   -0.984811E-05
 6.72872   -0.381548E-04    0.491025E-04   -0.957391E-05
 6.74674   -0.378898E-04    0.488008E-04   -0.930257E-05
 6.76477   -0.376262E-04    0.485010E-04   -0.903408E-05
 6.78280   -0.373639E-04    0.482029E-04   -0.876841E-05
 6.80082   -0.371029E-04    0.479066E-04   -0.850556E-05
 6.81885   -0.368434E-04    0.476122E-04   -0.824549E-05
 6.83687   -0.365852E-04    0.473195E-04   -0.798819E-05
 6.85490   -0.363284E-04    0.470286E-04   -0.773364E-05
 6.87293   -0.360731E-04    0.467395E-04   -0.748181E-05
 6.89095   -0.358192E-04    0.464523E-04   -0.723272E-05
 6.90898   -0.355668E-04    0.461665E-04   -0.698632E-05
 6.92700   -0.353158E-04    0.458828E-04   -0.674260E-05
 6.94503   -0.350664E-04    0.456012E-04   -0.650154E-05
 6.96306   -0.348184E-04    0.453211E-04   -0.626311E-05
 6.98108   -0.345720E-04    0.450428E-04   -0.602732E-05
 6.99911   -0.343271E-04    0.447662E-04   -0.579414E-05
 7.01713   -0.340836E-04    0.444915E-04   -0.556355E-05
 7.03516   -0.338417E-04    0.442186E-04   -0.533552E-05
 7.05319   -0.336016E-04    0.439474E-04   -0.511006E-05
 7.07121   -0.333630E-04    0.436781E-04   -0.488714E-05
 7.08924   -0.331259E-04    0.434105E-04   -0.466673E-05
 7.10726   -0.328904E-04    0.431447E-04   -0.444881E-05
 7.12529   -0.326565E-04    0.428805E-04   -0.423339E-05
 7.14332   -0.324243E-04    0.426183E-04   -0.402041E-05
 7.16134   -0.321936E-04    0.423578E-04   -0.380989E-05
 7.17937   -0.319646E-04    0.420991E-04   -0.360181E-05
 7.19739   -0.317372E-04    0.418421E-04   -0.339613E-05
 7.21542   -0.315114E-04    0.415869E-04   -0.319283E-05
 7.23345   -0.312873E-04    0.413334E-04   -0.299191E-05
 7.25147   -0.310648E-04    0.410817E-04   -0.279334E-05
 7.26950   -0.308439E-04    0.408317E-04   -0.259710E-05
 7.28753   -0.306247E-04    0.405835E-04   -0.240318E-05
 7.30555   -0.304071E-04    0.403370E-04   -0.221155E-05
 7.32358   -0.301912E-04    0.400921E-04   -0.202220E-05
 7.34160   -0.299769E-04    0.398490E-04   -0.183511E-05
 7.35963   -0.297642E-04    0.396076E-04   -0.165026E-05
 7.37766   -0.295532E-04    0.393679E-04   -0.146762E-05
 7.39568   -0.293438E-04    0.391299E-04   -0.128719E-05
 7.41371   -0.291360E-04    0.388936E-04   -0.110894E-05
 7.43173   -0.289299E-04    0.386589E-04   -0.932854E-06
 7.44976   -0.287254E-04    0.384259E-04   -0.758917E-06
 7.46779   -0.285225E-04    0.381946E-04   -0.587103E-06
 7.48581   -0.283212E-04    0.379649E-04   -0.417399E-06
 7.50384   -0.281216E-04    0.377368E-04   -0.249781E-06
 7.52186   -0.279235E-04    0.375104E-04   -0.842381E-07
 7.53989   -0.277271E-04    0.372856E-04    0.792540E-07
 7.55792   -0.275323E-04    0.370624E-04    0.240712E-06
 7.57594   -0.273391E-04    0.368408E-04    0.400153E-06
 7.59397   -0.271475E-04    0.366208E-04    0.557601E-06
 7.61199   -0.269574E-04    0.364025E-04    0.713067E-06
 7.63002   -0.267690E-04    0.361857E-04    0.866564E-06
 7.64805   -0.265821E-04    0.359704E-04    0.101811E-05
 7.66607   -0.263969E-04    0.357568E-04    0.116774E-05
 7.68410   -0.262132E-04    0.355447E-04    0.131546E-05
 7.70212   -0.260311E-04    0.353341E-04    0.146128E-05
 7.72015   -0.258505E-04    0.351251E-04    0.160523E-05
 7.73818   -0.256715E-04    0.349177E-04    0.174731E-05
 7.75620   -0.254941E-04    0.347117E-04    0.188756E-05
 7.77423   -0.253181E-04    0.345072E-04    0.202599E-05
 7.79225   -0.251437E-04    0.343043E-04    0.216262E-05
 7.81028   -0.249708E-04    0.341028E-04    0.229745E-05
 7.82831   -0.247994E-04    0.339028E-04    0.243053E-05
 7.84633   -0.246295E-04    0.337043E-04    0.256185E-05
 7.86436   -0.244610E-04    0.335073E-04    0.269144E-05
 7.88238   -0.242941E-04    0.333117E-04    0.281932E-05
 7.90041   -0.241286E-04    0.331175E-04    0.294550E-05
 7.91844   -0.239645E-04    0.329247E-04    0.307000E-05
 7.93646   -0.238019E-04    0.327334E-04    0.319284E-05
 7.95449   -0.236407E-04    0.325435E-04    0.331403E-05
 7.97252   -0.234809E-04    0.323549E-04    0.343360E-05
 7.99054   -0.233225E-04    0.321678E-04    0.355155E-05
 8.00857   -0.231655E-04    0.319820E-04    0.366792E-05
 8.02659   -0.230099E-04    0.317976E-04    0.378269E-05
 8.04462   -0.228556E-04    0.316145E-04    0.389593E-05
 8.06265   -0.227027E-04    0.314327E-04    0.400763E-05
 8.08067   -0.225511E-04    0.312523E-04    0.411781E-05
 8.09870   -0.224009E-04    0.310732E-04    0.422645E-05
 8.11672   -0.222519E-04    0.308954E-04    0.433363E-05
 8.13475   -0.221042E-04    0.307188E-04    0.443933E-05
 8.15278   -0.219578E-04    0.305436E-04    0.454358E-05
 8.17080   -0.218127E-04    0.303696E-04    0.464638E-05
 8.18883   -0.216688E-04    0.301969E-04    0.474775E-05
 8.20685   -0.215262E-04    0.300255E-04    0.484773E-05
 8.22488   -0.213848E-04    0.298553E-04    0.494631E-05
 8.24291   -0.212446E-04    0.296861E-04    0.504351E-05
 8.26093   -0.211056E-04    0.295183E-04    0.513935E-05
 8.27896   -0.209678E-04    0.293517E-04    0.523385E-05
 8.29698   -0.208312E-04    0.291863E-04    0.532701E-05
 8.31501   -0.206958E-04    0.290220E-04    0.541887E-05
 8.33304   -0.205615E-04    0.288590E-04    0.550943E-05
 8.35106   -0.204283E-04    0.286971E-04    0.559868E-05
 8.36909   -0.202962E-04    0.285363E-04    0.568668E-05
 8.38711   -0.201654E-04    0.283767E-04    0.577343E-05
 8.40514   -0.200356E-04    0.282182E-04    0.585892E-05
 8.42317   -0.199069E-04    0.280608E-04    0.594319E-05
 8.44119   -0.197793E-04    0.279046E-04    0.602625E-05
 8.45922   -0.196528E-04    0.277494E-04    0.610810E-05
 8.47724   -0.195273E-04    0.275954E-04    0.618877E-05
 8.49527   -0.194029E-04    0.274424E-04    0.626826E-05
 8.51330   -0.192795E-04    0.272905E-04    0.634660E-05
 8.53132   -0.191572E-04    0.271397E-04    0.642378E-05
 8.54935   -0.190359E-04    0.269899E-04    0.649983E-05
 8.56737   -0.189156E-04    0.268412E-04    0.657475E-05
 8.58540   -0.187963E-04    0.266935E-04    0.664857E-05
 8.60343   -0.186780E-04    0.265468E-04    0.672129E-05
 8.62145   -0.185607E-04    0.264012E-04    0.679293E-05
 8.63948   -0.184443E-04    0.262566E-04    0.686349E-05
 8.65751   -0.183290E-04    0.261130E-04    0.693298E-05
 8.67553   -0.182145E-04    0.259704E-04    0.700143E-05
 8.69356   -0.181011E-04    0.258287E-04    0.706883E-05
 8.71158   -0.179886E-04    0.256881E-04    0.713521E-05
 8.72961   -0.178770E-04    0.255484E-04    0.720057E-05
 8.74764   -0.177663E-04    0.254097E-04    0.726495E-05
 8.76566   -0.176565E-04    0.252720E-04    0.732830E-05
 8.78369   -0.175477E-04    0.251352E-04    0.739069E-05
 8.80171   -0.174398E-04    0.249993E-04    0.745211E-05
 8.81974   -0.173327E-04    0.248644E-04    0.751255E-05
 8.83777   -0.172266E-04    0.247305E-04    0.757205E-05
 8.85579   -0.171213E-04    0.245974E-04    0.763061E-05
 8.87382   -0.170169E-04    0.244653E-04    0.768823E-05
 8.89184   -0.169133E-04    0.243340E-04    0.774493E-05
 8.90987   -0.168106E-04    0.242037E-04    0.780073E-05
 8.92790   -0.167088E-04    0.240742E-04    0.785561E-05
 8.94592   -0.166078E-04    0.239457E-04    0.790961E-05
 8.96395   -0.165075E-04    0.238180E-04    0.796273E-05
 8.98197   -0.164082E-04    0.236912E-04    0.801497E-05
 9.00000   -0.163097E-04    0.235653E-04    0.806635E-05
