 0.00500    0.614620E-02   -0.324202E-02    0.260563E-02
 0.02303    0.498031E-02   -0.265901E-02    0.216815E-02
 0.04105    0.430564E-02   -0.232142E-02    0.191458E-02
 0.05908    0.381803E-02   -0.207731E-02    0.173095E-02
 0.07710    0.343621E-02   -0.188600E-02    0.158679E-02
 0.09513    0.312385E-02   -0.172936E-02    0.146853E-02
 0.11316    0.286101E-02   -0.159743E-02    0.136870E-02
 0.13118    0.263545E-02   -0.148408E-02    0.128273E-02
 0.14921    0.243903E-02   -0.138526E-02    0.120757E-02
 0.16723    0.226602E-02   -0.129810E-02    0.114110E-02
 0.18526    0.211221E-02   -0.122051E-02    0.108176E-02
 0.20329    0.197445E-02   -0.115092E-02    0.102835E-02
 0.22131    0.185028E-02   -0.108809E-02    0.979985E-03
 0.23934    0.173776E-02   -0.103106E-02    0.935924E-03
 0.25736    0.163530E-02   -0.979051E-03    0.895590E-03
 0.27539    0.154164E-02   -0.931413E-03    0.858507E-03
 0.29342    0.145570E-02   -0.887619E-03    0.824280E-03
 0.31144    0.137658E-02   -0.847225E-03    0.792582E-03
 0.32947    0.130355E-02   -0.809857E-03    0.763130E-03
 0.34749    0.123594E-02   -0.775192E-03    0.735687E-03
 0.36552    0.117321E-02   -0.742953E-03    0.710048E-03
 0.38355    0.111487E-02   -0.712901E-03    0.686036E-03
 0.40157    0.106050E-02   -0.684828E-03    0.663498E-03
 0.41960    0.100974E-02   -0.658551E-03    0.642295E-03
 0.43763    0.962260E-03   -0.633910E-03    0.622310E-03
 0.45565    0.917780E-03   -0.610763E-03    0.603436E-03
 0.47368    0.876040E-03   -0.588982E-03    0.585583E-03
 0.49170    0.836815E-03   -0.568457E-03    0.568667E-03
 0.50973    0.799906E-03   -0.549085E-03    0.552612E-03
 0.52776    0.765130E-03   -0.530777E-03    0.537352E-03
 0.54578    0.732322E-03   -0.513452E-03    0.522828E-03
 0.56381    0.701335E-03   -0.497036E-03    0.508984E-03
 0.58183    0.672036E-03   -0.481463E-03    0.495773E-03
 0.59986    0.644303E-03   -0.466673E-03    0.483149E-03
 0.61789    0.618026E-03   -0.452611E-03    0.471072E-03
 0.63591    0.593104E-03   -0.439227E-03    0.459506E-03
 0.65394    0.569447E-03   -0.426476E-03    0.448417E-03
 0.67196    0.546970E-03   -0.414316E-03    0.437774E-03
 0.68999    0.525599E-03   -0.402710E-03    0.427549E-03
 0.70802    0.505259E-03   -0.391622E-03    0.417718E-03
 0.72604    0.485887E-03   -0.381020E-03    0.408254E-03
 0.74407    0.467424E-03   -0.370874E-03    0.399137E-03
 0.76209    0.449814E-03   -0.361158E-03    0.390347E-03
 0.78012    0.433007E-03   -0.351845E-03    0.381865E-03
 0.79815    0.416957E-03   -0.342913E-03    0.373675E-03
 0.81617    0.401617E-03   -0.334340E-03    0.365760E-03
 0.83420    0.386950E-03   -0.326106E-03    0.358105E-03
 0.85222    0.372918E-03   -0.318192E-03    0.350697E-03
 0.87025    0.359484E-03   -0.310582E-03    0.343523E-03
 0.88828    0.346620E-03   -0.303258E-03    0.336571E-03
 0.90630    0.334291E-03   -0.296206E-03    0.329830E-03
 0.92433    0.322471E-03   -0.289413E-03    0.323290E-03
 0.94235    0.311133E-03   -0.282864E-03    0.316941E-03
 0.96038    0.300252E-03   -0.276547E-03    0.310774E-03
 0.97841    0.289806E-03   -0.270452E-03    0.304780E-03
 0.99643    0.279773E-03   -0.264567E-03    0.298953E-03
 1.01446    0.270133E-03   -0.258882E-03    0.293284E-03
 1.03248    0.260866E-03   -0.253388E-03    0.287765E-03
 1.05051    0.251955E-03   -0.248076E-03    0.282390E-03
 1.06854    0.243382E-03   -0.242938E-03    0.277155E-03
 1.08656    0.235133E-03   -0.237966E-03    0.272053E-03
 1.10459    0.227192E-03   -0.233151E-03    0.267078E-03
 1.12262    0.219545E-03   -0.228489E-03    0.262225E-03
 1.14064    0.212179E-03   -0.223970E-03    0.257491E-03
 1.15867    0.205081E-03   -0.219591E-03    0.252866E-03
 1.17669    0.198240E-03   -0.215344E-03    0.248352E-03
 1.19472    0.191643E-03   -0.211223E-03    0.243941E-03
 1.21275    0.185282E-03   -0.207225E-03    0.239631E-03
 1.23077    0.179145E-03   -0.203344E-03    0.235417E-03
 1.24880    0.173223E-03   -0.199574E-03    0.231297E-03
 1.26682    0.167507E-03   -0.195912E-03    0.227266E-03
 1.28485    0.161990E-03   -0.192353E-03    0.223322E-03
 1.30288    0.156661E-03   -0.188894E-03    0.219462E-03
 1.32090    0.151514E-03   -0.185530E-03    0.215683E-03
 1.33893    0.146543E-03   -0.182257E-03    0.211981E-03
 1.35695    0.141738E-03   -0.179073E-03    0.208355E-03
 1.37498    0.137094E-03   -0.175974E-03    0.204801E-03
 1.39301    0.132605E-03   -0.172957E-03    0.201318E-03
 1.41103    0.128264E-03   -0.170018E-03    0.197904E-03
 1.42906    0.124066E-03   -0.167155E-03    0.194556E-03
 1.44708    0.120006E-03   -0.164366E-03    0.191272E-03
 1.46511    0.116078E-03   -0.161647E-03    0.188051E-03
 1.48314    0.112277E-03   -0.158996E-03    0.184889E-03
 1.50116    0.108599E-03   -0.156411E-03    0.181787E-03
 1.51919    0.105040E-03   -0.153890E-03    0.178741E-03
 1.53721    0.101594E-03   -0.151430E-03    0.175751E-03
 1.55524    0.982571E-04   -0.149029E-03    0.172814E-03
 1.57327    0.950268E-04   -0.146686E-03    0.169930E-03
 1.59129    0.918986E-04   -0.144398E-03    0.167097E-03
 1.60932    0.888689E-04   -0.142164E-03    0.164313E-03
 1.62734    0.859345E-04   -0.139982E-03    0.161577E-03
 1.64537    0.830921E-04   -0.137850E-03    0.158888E-03
 1.66340    0.803386E-04   -0.135767E-03    0.156245E-03
 1.68142    0.776710E-04   -0.133731E-03    0.153647E-03
 1.69945    0.750865E-04   -0.131741E-03    0.151092E-03
 1.71747    0.725825E-04   -0.129796E-03    0.148580E-03
 1.73550    0.701564E-04   -0.127893E-03    0.146109E-03
 1.75353    0.678061E-04   -0.126033E-03    0.143679E-03
 1.77155    0.655285E-04   -0.124214E-03    0.141288E-03
 1.78958    0.633221E-04   -0.122434E-03    0.138936E-03
 1.80761    0.611846E-04   -0.120693E-03    0.136622E-03
 1.82563    0.591140E-04   -0.118990E-03    0.134345E-03
 1.84366    0.571084E-04   -0.117323E-03    0.132104E-03
 1.86168    0.551660E-04   -0.115692E-03    0.129899E-03
 1.87971    0.532851E-04   -0.114097E-03    0.127730E-03
 1.89774    0.514640E-04   -0.112534E-03    0.125594E-03
 1.91576    0.497014E-04   -0.111005E-03    0.123492E-03
 1.93379    0.479957E-04   -0.109509E-03    0.121423E-03
 1.95181    0.463455E-04   -0.108044E-03    0.119386E-03
 1.96984    0.447495E-04   -0.106611E-03    0.117381E-03
 1.98787    0.432066E-04   -0.105208E-03    0.115408E-03
 2.00589    0.417154E-04   -0.103835E-03    0.113466E-03
 2.02392    0.402750E-04   -0.102491E-03    0.111554E-03
 2.04194    0.388841E-04   -0.101176E-03    0.109671E-03
 2.05997    0.375419E-04   -0.998891E-04    0.107819E-03
 2.07800    0.362473E-04   -0.986297E-04    0.105995E-03
 2.09602    0.349994E-04   -0.973975E-04    0.104200E-03
 2.11405    0.337971E-04   -0.961920E-04    0.102433E-03
 2.13207    0.326396E-04   -0.950126E-04    0.100694E-03
 2.15010    0.315260E-04   -0.938590E-04    0.989817E-04
 2.16813    0.304553E-04   -0.927304E-04    0.972965E-04
 2.18615    0.294265E-04   -0.916265E-04    0.956379E-04
 2.20418    0.284389E-04   -0.905468E-04    0.940052E-04
 2.22220    0.274912E-04   -0.894908E-04    0.923981E-04
 2.24023    0.265827E-04   -0.884579E-04    0.908156E-04
 2.25826    0.257122E-04   -0.874475E-04    0.892582E-04
 2.27628    0.248786E-04   -0.864592E-04    0.877254E-04
 2.29431    0.240808E-04   -0.854922E-04    0.862158E-04
 2.31233    0.233175E-04   -0.845460E-04    0.847287E-04
 2.33036    0.225877E-04   -0.836200E-04    0.832646E-04
 2.34839    0.218898E-04   -0.827133E-04    0.818224E-04
 2.36641    0.212225E-04   -0.818253E-04    0.804015E-04
 2.38444    0.205843E-04   -0.809555E-04    0.790013E-04
 2.40246    0.199738E-04   -0.801022E-04    0.776210E-04
 2.42049    0.193892E-04   -0.792650E-04    0.762604E-04
 2.43852    0.188289E-04   -0.784442E-04    0.749180E-04
 2.45654    0.182911E-04   -0.776374E-04    0.735933E-04
 2.47457    0.177740E-04   -0.768441E-04    0.722857E-04
 2.49260    0.172757E-04   -0.760633E-04    0.709938E-04
 2.51062    0.167943E-04   -0.752941E-04    0.697182E-04
 2.52865    0.163277E-04   -0.745355E-04    0.684567E-04
 2.54667    0.158740E-04   -0.737863E-04    0.672090E-04
 2.56470    0.154311E-04   -0.730456E-04    0.659741E-04
 2.58273    0.149969E-04   -0.723122E-04    0.647511E-04
 2.60075    0.145692E-04   -0.715851E-04    0.635389E-04
 2.61878    0.141462E-04   -0.708632E-04    0.623374E-04
 2.63680    0.137256E-04   -0.701455E-04    0.611452E-04
 2.65483    0.133053E-04   -0.694309E-04    0.599616E-04
 2.67286    0.128836E-04   -0.687184E-04    0.587858E-04
 2.69088    0.124584E-04   -0.680070E-04    0.576169E-04
 2.70891    0.120279E-04   -0.672958E-04    0.564543E-04
 2.72693    0.115902E-04   -0.665839E-04    0.552970E-04
 2.74496    0.111438E-04   -0.658704E-04    0.541446E-04
 2.76299    0.106870E-04   -0.651545E-04    0.529964E-04
 2.78101    0.102184E-04   -0.644355E-04    0.518517E-04
 2.79904    0.973679E-05   -0.637128E-04    0.507100E-04
 2.81706    0.924086E-05   -0.629856E-04    0.495709E-04
 2.83509    0.872971E-05   -0.622536E-04    0.484339E-04
 2.85312    0.820246E-05   -0.615163E-04    0.472988E-04
 2.87114    0.765838E-05   -0.607733E-04    0.461652E-04
 2.88917    0.709708E-05   -0.600245E-04    0.450329E-04
 2.90719    0.651808E-05   -0.592695E-04    0.439017E-04
 2.92522    0.592132E-05   -0.585084E-04    0.427785E-04
 2.94325    0.530676E-05   -0.577411E-04    0.416427E-04
 2.96127    0.467459E-05   -0.569678E-04    0.405150E-04
 2.97930    0.402520E-05   -0.561887E-04    0.393885E-04
 2.99732    0.335906E-05   -0.554039E-04    0.382634E-04
 3.01535    0.267685E-05   -0.546138E-04    0.371401E-04
 3.03338    0.197939E-05   -0.538189E-04    0.360189E-04
 3.05140    0.126763E-05   -0.530197E-04    0.349000E-04
 3.06943    0.542676E-06   -0.522166E-04    0.337840E-04
 3.08745   -0.194282E-06   -0.514103E-04    0.326712E-04
 3.10548   -0.941942E-06   -0.506015E-04    0.315622E-04
 3.12351   -0.169890E-05   -0.497908E-04    0.304576E-04
 3.14153   -0.246370E-05   -0.489790E-04    0.293578E-04
 3.15956   -0.323478E-05   -0.481670E-04    0.282635E-04
 3.17759   -0.401056E-05   -0.473554E-04    0.271753E-04
 3.19561   -0.478942E-05   -0.465452E-04    0.260938E-04
 3.21364   -0.556965E-05   -0.457371E-04    0.250196E-04
 3.23166   -0.634966E-05   -0.449320E-04    0.239535E-04
 3.24969   -0.712774E-05   -0.441308E-04    0.228959E-04
 3.26772   -0.790230E-05   -0.433342E-04    0.218475E-04
 3.28574   -0.867173E-05   -0.425431E-04    0.208090E-04
 3.30377   -0.943444E-05   -0.417582E-04    0.197808E-04
 3.32179   -0.101889E-04   -0.409804E-04    0.187637E-04
 3.33982   -0.109337E-04   -0.402104E-04    0.177581E-04
 3.35785   -0.116675E-04   -0.394488E-04    0.167645E-04
 3.37587   -0.123888E-04   -0.386963E-04    0.157835E-04
 3.39390   -0.130966E-04   -0.379535E-04    0.148154E-04
 3.41192   -0.137895E-04   -0.372211E-04    0.138608E-04
 3.42995   -0.144667E-04   -0.364995E-04    0.129199E-04
 3.44798   -0.151271E-04   -0.357892E-04    0.119932E-04
 3.46600   -0.157699E-04   -0.350906E-04    0.110810E-04
 3.48403   -0.163943E-04   -0.344042E-04    0.101834E-04
 3.50205   -0.169996E-04   -0.337302E-04    0.930076E-05
 3.52008   -0.175854E-04   -0.330689E-04    0.843323E-05
 3.53811   -0.181510E-04   -0.324206E-04    0.758101E-05
 3.55613   -0.186962E-04   -0.317854E-04    0.674433E-05
 3.57416   -0.192206E-04   -0.311635E-04    0.592297E-05
 3.59218   -0.197239E-04   -0.305550E-04    0.511713E-05
 3.61021   -0.202062E-04   -0.299599E-04    0.432683E-05
 3.62824   -0.206673E-04   -0.293783E-04    0.355205E-05
 3.64626   -0.211074E-04   -0.288101E-04    0.279275E-05
 3.66429   -0.215263E-04   -0.282553E-04    0.204886E-05
 3.68231   -0.219243E-04   -0.277138E-04    0.132025E-05
 3.70034   -0.223018E-04   -0.271854E-04    0.606809E-06
 3.71837   -0.226588E-04   -0.266700E-04   -0.916259E-07
 3.73639   -0.229957E-04   -0.261675E-04   -0.775206E-06
 3.75442   -0.233129E-04   -0.256776E-04   -0.144409E-05
 3.77244   -0.236108E-04   -0.252002E-04   -0.209849E-05
 3.79047   -0.238899E-04   -0.247350E-04   -0.273861E-05
 3.80850   -0.241504E-04   -0.242818E-04   -0.336469E-05
 3.82652   -0.243929E-04   -0.238402E-04   -0.397696E-05
 3.84455   -0.246179E-04   -0.234101E-04   -0.457563E-05
 3.86258   -0.248261E-04   -0.229912E-04   -0.516100E-05
 3.88060   -0.250179E-04   -0.225831E-04   -0.573328E-05
 3.89863   -0.251938E-04   -0.221857E-04   -0.629273E-05
 3.91665   -0.253545E-04   -0.217985E-04   -0.683966E-05
 3.93468   -0.255003E-04   -0.214214E-04   -0.737428E-05
 3.95271   -0.256320E-04   -0.210539E-04   -0.789685E-05
 3.97073   -0.257499E-04   -0.206959E-04   -0.840777E-05
 3.98876   -0.258547E-04   -0.203470E-04   -0.890702E-05
 4.00678   -0.259470E-04   -0.200070E-04   -0.939508E-05
 4.02481   -0.260273E-04   -0.196756E-04   -0.987215E-05
 4.04284   -0.260958E-04   -0.193524E-04   -0.103385E-04
 4.06086   -0.261534E-04   -0.190373E-04   -0.107944E-04
 4.07889   -0.262006E-04   -0.187299E-04   -0.112400E-04
 4.09691   -0.262376E-04   -0.184299E-04   -0.116756E-04
 4.11494   -0.262651E-04   -0.181373E-04   -0.121014E-04
 4.13297   -0.262835E-04   -0.178515E-04   -0.125177E-04
 4.15099   -0.262932E-04   -0.175726E-04   -0.129247E-04
 4.16902   -0.262947E-04   -0.173001E-04   -0.133227E-04
 4.18704   -0.262884E-04   -0.170339E-04   -0.137117E-04
 4.20507   -0.262747E-04   -0.167737E-04   -0.140922E-04
 4.22310   -0.262539E-04   -0.165194E-04   -0.144641E-04
 4.24112   -0.262266E-04   -0.162708E-04   -0.148278E-04
 4.25915   -0.261928E-04   -0.160275E-04   -0.151834E-04
 4.27717   -0.261531E-04   -0.157896E-04   -0.155312E-04
 4.29520   -0.261078E-04   -0.155567E-04   -0.158713E-04
 4.31323   -0.260572E-04   -0.153287E-04   -0.162038E-04
 4.33125   -0.260017E-04   -0.151054E-04   -0.165290E-04
 4.34928   -0.259413E-04   -0.148867E-04   -0.168470E-04
 4.36730   -0.258765E-04   -0.146723E-04   -0.171580E-04
 4.38533   -0.258075E-04   -0.144623E-04   -0.174622E-04
 4.40336   -0.257346E-04   -0.142563E-04   -0.177596E-04
 4.42138   -0.256580E-04   -0.140543E-04   -0.180505E-04
 4.43941   -0.255779E-04   -0.138561E-04   -0.183349E-04
 4.45743   -0.254946E-04   -0.136617E-04   -0.186130E-04
 4.47546   -0.254083E-04   -0.134709E-04   -0.188850E-04
 4.49349   -0.253190E-04   -0.132835E-04   -0.191509E-04
 4.51151   -0.252271E-04   -0.130995E-04   -0.194109E-04
 4.52954   -0.251328E-04   -0.129188E-04   -0.196652E-04
 4.54757   -0.250361E-04   -0.127412E-04   -0.199137E-04
 4.56559   -0.249372E-04   -0.125666E-04   -0.201567E-04
 4.58362   -0.248364E-04   -0.123951E-04   -0.203943E-04
 4.60164   -0.247337E-04   -0.122264E-04   -0.206265E-04
 4.61967   -0.246292E-04   -0.120605E-04   -0.208536E-04
 4.63770   -0.245232E-04   -0.118973E-04   -0.210755E-04
 4.65572   -0.244157E-04   -0.117368E-04   -0.212923E-04
 4.67375   -0.243068E-04   -0.115788E-04   -0.215043E-04
 4.69177   -0.241967E-04   -0.114233E-04   -0.217114E-04
 4.70980   -0.240854E-04   -0.112702E-04   -0.219137E-04
 4.72783   -0.239731E-04   -0.111195E-04   -0.221114E-04
 4.74585   -0.238599E-04   -0.109710E-04   -0.223046E-04
 4.76388   -0.237458E-04   -0.108248E-04   -0.224932E-04
 4.78190   -0.236309E-04   -0.106807E-04   -0.226775E-04
 4.79993   -0.235154E-04   -0.105388E-04   -0.228574E-04
 4.81796   -0.233992E-04   -0.103989E-04   -0.230330E-04
 4.83598   -0.232825E-04   -0.102610E-04   -0.232045E-04
 4.85401   -0.231654E-04   -0.101250E-04   -0.233718E-04
 4.87203   -0.230478E-04   -0.999096E-05   -0.235351E-04
 4.89006   -0.229298E-04   -0.985877E-05   -0.236944E-04
 4.90809   -0.228117E-04   -0.972837E-05   -0.238498E-04
 4.92611   -0.226932E-04   -0.959976E-05   -0.240014E-04
 4.94414   -0.225746E-04   -0.947288E-05   -0.241492E-04
 4.96216   -0.224559E-04   -0.934768E-05   -0.242932E-04
 4.98019   -0.223371E-04   -0.922414E-05   -0.244336E-04
 4.99822   -0.222183E-04   -0.910220E-05   -0.245704E-04
 5.01624   -0.220995E-04   -0.898186E-05   -0.247037E-04
 5.03427   -0.219807E-04   -0.886305E-05   -0.248335E-04
 5.05229   -0.218620E-04   -0.874574E-05   -0.249599E-04
 5.07032   -0.217435E-04   -0.862991E-05   -0.250830E-04
 5.08835   -0.216251E-04   -0.851552E-05   -0.252027E-04
 5.10637   -0.215069E-04   -0.840256E-05   -0.253193E-04
 5.12440   -0.213890E-04   -0.829098E-05   -0.254326E-04
 5.14242   -0.212713E-04   -0.818076E-05   -0.255429E-04
 5.16045   -0.211538E-04   -0.807187E-05   -0.256501E-04
 5.17848   -0.210367E-04   -0.796429E-05   -0.257542E-04
 5.19650   -0.209199E-04   -0.785799E-05   -0.258554E-04
 5.21453   -0.208034E-04   -0.775294E-05   -0.259536E-04
 5.23256   -0.206874E-04   -0.764913E-05   -0.260490E-04
 5.25058   -0.205717E-04   -0.754652E-05   -0.261415E-04
 5.26861   -0.204565E-04   -0.744510E-05   -0.262313E-04
 5.28663   -0.203416E-04   -0.734485E-05   -0.263182E-04
 5.30466   -0.202272E-04   -0.724575E-05   -0.264025E-04
 5.32269   -0.201133E-04   -0.714778E-05   -0.264841E-04
 5.34071   -0.199999E-04   -0.705091E-05   -0.265630E-04
 5.35874   -0.198869E-04   -0.695512E-05   -0.266392E-04
 5.37676   -0.197745E-04   -0.686042E-05   -0.267129E-04
 5.39479   -0.196626E-04   -0.676676E-05   -0.267841E-04
 5.41282   -0.195512E-04   -0.667414E-05   -0.268528E-04
 5.43084   -0.194403E-04   -0.658253E-05   -0.269191E-04
 5.44887   -0.193299E-04   -0.649192E-05   -0.269829E-04
 5.46689   -0.192202E-04   -0.640230E-05   -0.270443E-04
 5.48492   -0.191110E-04   -0.631365E-05   -0.271033E-04
 5.50295   -0.190023E-04   -0.622595E-05   -0.271601E-04
 5.52097   -0.188943E-04   -0.613925E-05   -0.272145E-04
 5.53900   -0.187868E-04   -0.605337E-05   -0.272667E-04
 5.55702   -0.186799E-04   -0.596846E-05   -0.273166E-04
 5.57505   -0.185737E-04   -0.588444E-05   -0.273644E-04
 5.59308   -0.184680E-04   -0.580132E-05   -0.274100E-04
 5.61110   -0.183629E-04   -0.571907E-05   -0.274535E-04
 5.62913   -0.182584E-04   -0.563768E-05   -0.274950E-04
 5.64715   -0.181546E-04   -0.555715E-05   -0.275343E-04
 5.66518   -0.180513E-04   -0.547746E-05   -0.275716E-04
 5.68321   -0.179486E-04   -0.539860E-05   -0.276070E-04
 5.70123   -0.178466E-04   -0.532055E-05   -0.276403E-04
 5.71926   -0.177452E-04   -0.524332E-05   -0.276718E-04
 5.73728   -0.176444E-04   -0.516694E-05   -0.277013E-04
 5.75531   -0.175442E-04   -0.509124E-05   -0.277290E-04
 5.77334   -0.174446E-04   -0.501639E-05   -0.277548E-04
 5.79136   -0.173456E-04   -0.494230E-05   -0.277787E-04
 5.80939   -0.172473E-04   -0.486898E-05   -0.278009E-04
 5.82741   -0.171495E-04   -0.479641E-05   -0.278213E-04
 5.84544   -0.170524E-04   -0.472459E-05   -0.278400E-04
 5.86347   -0.169558E-04   -0.465351E-05   -0.278569E-04
 5.88149   -0.168599E-04   -0.458316E-05   -0.278722E-04
 5.89952   -0.167646E-04   -0.451353E-05   -0.278858E-04
 5.91755   -0.166698E-04   -0.444462E-05   -0.278977E-04
 5.93557   -0.165757E-04   -0.437642E-05   -0.279080E-04
 5.95360   -0.164821E-04   -0.430891E-05   -0.279167E-04
 5.97162   -0.163891E-04   -0.424210E-05   -0.279238E-04
 5.98965   -0.162967E-04   -0.417599E-05   -0.279295E-04
 6.00768   -0.162049E-04   -0.411057E-05   -0.279335E-04
 6.02570   -0.161136E-04   -0.404582E-05   -0.279361E-04
 6.04373   -0.160229E-04   -0.398175E-05   -0.279371E-04
 6.06175   -0.159327E-04   -0.391835E-05   -0.279367E-04
 6.07978   -0.158431E-04   -0.385561E-05   -0.279348E-04
 6.09781   -0.157540E-04   -0.379351E-05   -0.279315E-04
 6.11583   -0.156655E-04   -0.373208E-05   -0.279268E-04
 6.13386   -0.155775E-04   -0.367130E-05   -0.279207E-04
 6.15188   -0.154901E-04   -0.361115E-05   -0.279132E-04
 6.16991   -0.154031E-04   -0.355164E-05   -0.279044E-04
 6.18794   -0.153167E-04   -0.349276E-05   -0.278943E-04
 6.20596   -0.152308E-04   -0.343450E-05   -0.278828E-04
 6.22399   -0.151453E-04   -0.337687E-05   -0.278701E-04
 6.24201   -0.150604E-04   -0.331986E-05   -0.278560E-04
 6.26004   -0.149760E-04   -0.326345E-05   -0.278408E-04
 6.27807   -0.148921E-04   -0.320766E-05   -0.278243E-04
 6.29609   -0.148086E-04   -0.315246E-05   -0.278066E-04
 6.31412   -0.147256E-04   -0.309786E-05   -0.277877E-04
 6.33214   -0.146431E-04   -0.304385E-05   -0.277676E-04
 6.35017   -0.145611E-04   -0.299044E-05   -0.277463E-04
 6.36820   -0.144795E-04   -0.293760E-05   -0.277240E-04
 6.38622   -0.143984E-04   -0.288535E-05   -0.277005E-04
 6.40425   -0.143177E-04   -0.283366E-05   -0.276759E-04
 6.42227   -0.142375E-04   -0.278255E-05   -0.276502E-04
 6.44030   -0.141577E-04   -0.273199E-05   -0.276234E-04
 6.45833   -0.140783E-04   -0.268200E-05   -0.275954E-04
 6.47635   -0.139994E-04   -0.263255E-05   -0.275666E-04
 6.49438   -0.139210E-04   -0.258365E-05   -0.275367E-04
 6.51240   -0.138429E-04   -0.253529E-05   -0.275058E-04
 6.53043   -0.137653E-04   -0.248747E-05   -0.274739E-04
 6.54846   -0.136882E-04   -0.244018E-05   -0.274410E-04
 6.56648   -0.136114E-04   -0.239342E-05   -0.274072E-04
 6.58451   -0.135351E-04   -0.234717E-05   -0.273724E-04
 6.60254   -0.134592E-04   -0.230144E-05   -0.273367E-04
 6.62056   -0.133837E-04   -0.225621E-05   -0.273001E-04
 6.63859   -0.133086E-04   -0.221149E-05   -0.272626E-04
 6.65661   -0.132340E-04   -0.216725E-05   -0.272242E-04
 6.67464   -0.131598E-04   -0.212352E-05   -0.271850E-04
 6.69267   -0.130859E-04   -0.208027E-05   -0.271449E-04
 6.71069   -0.130126E-04   -0.203749E-05   -0.271040E-04
 6.72872   -0.129396E-04   -0.199522E-05   -0.270623E-04
 6.74674   -0.128670E-04   -0.195334E-05   -0.270198E-04
 6.76477   -0.127949E-04   -0.191196E-05   -0.269765E-04
 6.78280   -0.127232E-04   -0.187104E-05   -0.269324E-04
 6.80082   -0.126519E-04   -0.183056E-05   -0.268876E-04
 6.81885   -0.125810E-04   -0.179052E-05   -0.268421E-04
 6.83687   -0.125106E-04   -0.175092E-05   -0.267958E-04
 6.85490   -0.124405E-04   -0.171175E-05   -0.267487E-04
 6.87293   -0.123709E-04   -0.167301E-05   -0.267011E-04
 6.89095   -0.123017E-04   -0.163469E-05   -0.266527E-04
 6.90898   -0.122329E-04   -0.159678E-05   -0.266037E-04
 6.92700   -0.121645E-04   -0.155927E-05   -0.265540E-04
 6.94503   -0.120965E-04   -0.152218E-05   -0.265037E-04
 6.96306   -0.120290E-04   -0.148548E-05   -0.264528E-04
 6.98108   -0.119618E-04   -0.144920E-05   -0.264013E-04
 6.99911   -0.118951E-04   -0.141327E-05   -0.263492E-04
 7.01713   -0.118288E-04   -0.137773E-05   -0.262964E-04
 7.03516   -0.117630E-04   -0.134254E-05   -0.262431E-04
 7.05319   -0.116975E-04   -0.130775E-05   -0.261893E-04
 7.07121   -0.116325E-04   -0.127333E-05   -0.261349E-04
 7.08924   -0.115678E-04   -0.123927E-05   -0.260800E-04
 7.10726   -0.115036E-04   -0.120556E-05   -0.260245E-04
 7.12529   -0.114398E-04   -0.117221E-05   -0.259685E-04
 7.14332   -0.113764E-04   -0.113923E-05   -0.259121E-04
 7.16134   -0.113134E-04   -0.110655E-05   -0.258551E-04
 7.17937   -0.112509E-04   -0.107423E-05   -0.257977E-04
 7.19739   -0.111887E-04   -0.104224E-05   -0.257398E-04
 7.21542   -0.111270E-04   -0.101061E-05   -0.256814E-04
 7.23345   -0.110656E-04   -0.979287E-06   -0.256226E-04
 7.25147   -0.110047E-04   -0.948283E-06   -0.255633E-04
 7.26950   -0.109442E-04   -0.917594E-06   -0.255037E-04
 7.28753   -0.108841E-04   -0.887223E-06   -0.254436E-04
 7.30555   -0.108243E-04   -0.857172E-06   -0.253831E-04
 7.32358   -0.107650E-04   -0.827423E-06   -0.253222E-04
 7.34160   -0.107061E-04   -0.797980E-06   -0.252609E-04
 7.35963   -0.106475E-04   -0.768836E-06   -0.251993E-04
 7.37766   -0.105894E-04   -0.739991E-06   -0.251373E-04
 7.39568   -0.105317E-04   -0.711436E-06   -0.250749E-04
 7.41371   -0.104743E-04   -0.683176E-06   -0.250122E-04
 7.43173   -0.104174E-04   -0.655205E-06   -0.249492E-04
 7.44976   -0.103608E-04   -0.627517E-06   -0.248858E-04
 7.46779   -0.103046E-04   -0.600111E-06   -0.248221E-04
 7.48581   -0.102488E-04   -0.572983E-06   -0.247580E-04
 7.50384   -0.101933E-04   -0.546130E-06   -0.246937E-04
 7.52186   -0.101383E-04   -0.519550E-06   -0.246291E-04
 7.53989   -0.100836E-04   -0.493239E-06   -0.245642E-04
 7.55792   -0.100293E-04   -0.467194E-06   -0.244990E-04
 7.57594   -0.997536E-05   -0.441413E-06   -0.244335E-04
 7.59397   -0.992180E-05   -0.415893E-06   -0.243678E-04
 7.61199   -0.986860E-05   -0.390631E-06   -0.243018E-04
 7.63002   -0.981577E-05   -0.365624E-06   -0.242356E-04
 7.64805   -0.976331E-05   -0.340869E-06   -0.241691E-04
 7.66607   -0.971120E-05   -0.316363E-06   -0.241024E-04
 7.68410   -0.965946E-05   -0.292104E-06   -0.240355E-04
 7.70212   -0.960807E-05   -0.268091E-06   -0.239683E-04
 7.72015   -0.955704E-05   -0.244320E-06   -0.239010E-04
 7.73818   -0.950635E-05   -0.220788E-06   -0.238334E-04
 7.75620   -0.945602E-05   -0.197492E-06   -0.237656E-04
 7.77423   -0.940604E-05   -0.174431E-06   -0.236977E-04
 7.79225   -0.935640E-05   -0.151603E-06   -0.236295E-04
 7.81028   -0.930711E-05   -0.129005E-06   -0.235612E-04
 7.82831   -0.925815E-05   -0.106634E-06   -0.234927E-04
 7.84633   -0.920954E-05   -0.844893E-07   -0.234240E-04
 7.86436   -0.916126E-05   -0.625678E-07   -0.233552E-04
 7.88238   -0.911331E-05   -0.408679E-07   -0.232862E-04
 7.90041   -0.906569E-05   -0.193874E-07   -0.232171E-04
 7.91844   -0.901841E-05    0.187647E-08   -0.231478E-04
 7.93646   -0.897145E-05    0.229250E-07   -0.230784E-04
 7.95449   -0.892481E-05    0.437606E-07   -0.230088E-04
 7.97252   -0.887849E-05    0.643852E-07   -0.229392E-04
 7.99054   -0.883249E-05    0.848000E-07   -0.228694E-04
 8.00857   -0.878681E-05    0.105007E-06   -0.227995E-04
 8.02659   -0.874144E-05    0.125008E-06   -0.227294E-04
 8.04462   -0.869638E-05    0.144806E-06   -0.226593E-04
 8.06265   -0.865162E-05    0.164401E-06   -0.225891E-04
 8.08067   -0.860718E-05    0.183796E-06   -0.225188E-04
 8.09870   -0.856303E-05    0.202991E-06   -0.224484E-04
 8.11672   -0.851919E-05    0.221991E-06   -0.223779E-04
 8.13475   -0.847564E-05    0.240795E-06   -0.223073E-04
 8.15278   -0.843239E-05    0.259405E-06   -0.222367E-04
 8.17080   -0.838943E-05    0.277824E-06   -0.221660E-04
 8.18883   -0.834676E-05    0.296052E-06   -0.220952E-04
 8.20685   -0.830438E-05    0.314092E-06   -0.220244E-04
 8.22488   -0.826229E-05    0.331944E-06   -0.219535E-04
 8.24291   -0.822048E-05    0.349612E-06   -0.218825E-04
 8.26093   -0.817895E-05    0.367095E-06   -0.218115E-04
 8.27896   -0.813769E-05    0.384396E-06   -0.217405E-04
 8.29698   -0.809672E-05    0.401516E-06   -0.216694E-04
 8.31501   -0.805601E-05    0.418457E-06   -0.215983E-04
 8.33304   -0.801558E-05    0.435221E-06   -0.215272E-04
 8.35106   -0.797542E-05    0.451808E-06   -0.214560E-04
 8.36909   -0.793553E-05    0.468220E-06   -0.213848E-04
 8.38711   -0.789590E-05    0.484460E-06   -0.213136E-04
 8.40514   -0.785653E-05    0.500528E-06   -0.212424E-04
 8.42317   -0.781742E-05    0.516426E-06   -0.211711E-04
 8.44119   -0.777857E-05    0.532155E-06   -0.210999E-04
 8.45922   -0.773998E-05    0.547716E-06   -0.210287E-04
 8.47724   -0.770164E-05    0.563111E-06   -0.209574E-04
 8.49527   -0.766355E-05    0.578342E-06   -0.208862E-04
 8.51330   -0.762571E-05    0.593409E-06   -0.208149E-04
 8.53132   -0.758812E-05    0.608313E-06   -0.207437E-04
 8.54935   -0.755077E-05    0.623057E-06   -0.206725E-04
 8.56737   -0.751367E-05    0.637642E-06   -0.206013E-04
 8.58540   -0.747680E-05    0.652069E-06   -0.205301E-04
 8.60343   -0.744018E-05    0.666339E-06   -0.204589E-04
 8.62145   -0.740379E-05    0.680453E-06   -0.203878E-04
 8.63948   -0.736764E-05    0.694412E-06   -0.203167E-04
 8.65751   -0.733171E-05    0.708219E-06   -0.202456E-04
 8.67553   -0.729602E-05    0.721874E-06   -0.201746E-04
 8.69356   -0.726056E-05    0.735377E-06   -0.201036E-04
 8.71158   -0.722532E-05    0.748731E-06   -0.200326E-04
 8.72961   -0.719030E-05    0.761937E-06   -0.199617E-04
 8.74764   -0.715551E-05    0.774995E-06   -0.198908E-04
 8.76566   -0.712094E-05    0.787907E-06   -0.198200E-04
 8.78369   -0.708658E-05    0.800674E-06   -0.197493E-04
 8.80171   -0.705244E-05    0.813296E-06   -0.196785E-04
 8.81974   -0.701852E-05    0.825776E-06   -0.196079E-04
 8.83777   -0.698480E-05    0.838114E-06   -0.195373E-04
 8.85579   -0.695130E-05    0.850311E-06   -0.194668E-04
 8.87382   -0.691800E-05    0.862369E-06   -0.193963E-04
 8.89184   -0.688491E-05    0.874288E-06   -0.193259E-04
 8.90987   -0.685203E-05    0.886071E-06   -0.192555E-04
 8.92790   -0.681935E-05    0.897717E-06   -0.191853E-04
 8.94592   -0.678686E-05    0.909228E-06   -0.191151E-04
 8.96395   -0.675458E-05    0.920604E-06   -0.190450E-04
 8.98197   -0.672250E-05    0.931847E-06   -0.189749E-04
 9.00000   -0.669061E-05    0.942959E-06   -0.189050E-04
