 0.00500    0.682773E-02   -0.357119E-02    0.283545E-02
 0.02303    0.551371E-02   -0.291411E-02    0.234240E-02
 0.04105    0.475610E-02   -0.253504E-02    0.205769E-02
 0.05908    0.420979E-02   -0.226154E-02    0.185198E-02
 0.07710    0.378278E-02   -0.204761E-02    0.169080E-02
 0.09513    0.343400E-02   -0.187273E-02    0.155881E-02
 0.11316    0.314094E-02   -0.172564E-02    0.144755E-02
 0.13118    0.288978E-02   -0.159945E-02    0.135189E-02
 0.14921    0.267133E-02   -0.148957E-02    0.126838E-02
 0.16723    0.247914E-02   -0.139278E-02    0.119462E-02
 0.18526    0.230849E-02   -0.130672E-02    0.112886E-02
 0.20329    0.215580E-02   -0.122961E-02    0.106976E-02
 0.22131    0.201832E-02   -0.116008E-02    0.101631E-02
 0.23934    0.189386E-02   -0.109704E-02    0.967675E-03
 0.25736    0.178065E-02   -0.103960E-02    0.923215E-03
 0.27539    0.167726E-02   -0.987047E-03    0.882391E-03
 0.29342    0.158247E-02   -0.938784E-03    0.844761E-03
 0.31144    0.149530E-02   -0.894313E-03    0.809954E-03
 0.32947    0.141490E-02   -0.853213E-03    0.777658E-03
 0.34749    0.134053E-02   -0.815123E-03    0.747603E-03
 0.36552    0.127158E-02   -0.779732E-03    0.719561E-03
 0.38355    0.120752E-02   -0.746773E-03    0.693332E-03
 0.40157    0.114786E-02   -0.716012E-03    0.668744E-03
 0.41960    0.109220E-02   -0.687246E-03    0.645645E-03
 0.43763    0.104018E-02   -0.660294E-03    0.623902E-03
 0.45565    0.991482E-03   -0.634999E-03    0.603397E-03
 0.47368    0.945818E-03   -0.611218E-03    0.584026E-03
 0.49170    0.902938E-03   -0.588827E-03    0.565697E-03
 0.50973    0.862613E-03   -0.567713E-03    0.548326E-03
 0.52776    0.824644E-03   -0.547775E-03    0.531838E-03
 0.54578    0.788847E-03   -0.528923E-03    0.516167E-03
 0.56381    0.755059E-03   -0.511076E-03    0.501252E-03
 0.58183    0.723130E-03   -0.494160E-03    0.487038E-03
 0.59986    0.692927E-03   -0.478107E-03    0.473477E-03
 0.61789    0.664327E-03   -0.462857E-03    0.460523E-03
 0.63591    0.637219E-03   -0.448355E-03    0.448135E-03
 0.65394    0.611500E-03   -0.434551E-03    0.436276E-03
 0.67196    0.587079E-03   -0.421398E-03    0.424912E-03
 0.68999    0.563870E-03   -0.408854E-03    0.414012E-03
 0.70802    0.541795E-03   -0.396880E-03    0.403547E-03
 0.72604    0.520783E-03   -0.385441E-03    0.393490E-03
 0.74407    0.500767E-03   -0.374504E-03    0.383818E-03
 0.76209    0.481688E-03   -0.364038E-03    0.374507E-03
 0.78012    0.463487E-03   -0.354016E-03    0.365539E-03
 0.79815    0.446114E-03   -0.344412E-03    0.356892E-03
 0.81617    0.429522E-03   -0.335202E-03    0.348550E-03
 0.83420    0.413664E-03   -0.326365E-03    0.340496E-03
 0.85222    0.398500E-03   -0.317879E-03    0.332716E-03
 0.87025    0.383992E-03   -0.309725E-03    0.325194E-03
 0.88828    0.370104E-03   -0.301886E-03    0.317918E-03
 0.90630    0.356802E-03   -0.294345E-03    0.310876E-03
 0.92433    0.344055E-03   -0.287087E-03    0.304056E-03
 0.94235    0.331835E-03   -0.280096E-03    0.297447E-03
 0.96038    0.320114E-03   -0.273361E-03    0.291040E-03
 0.97841    0.308866E-03   -0.266868E-03    0.284824E-03
 0.99643    0.298069E-03   -0.260604E-03    0.278791E-03
 1.01446    0.287700E-03   -0.254560E-03    0.272933E-03
 1.03248    0.277738E-03   -0.248725E-03    0.267241E-03
 1.05051    0.268163E-03   -0.243089E-03    0.261710E-03
 1.06854    0.258957E-03   -0.237643E-03    0.256331E-03
 1.08656    0.250102E-03   -0.232377E-03    0.251100E-03
 1.10459    0.241583E-03   -0.227285E-03    0.246008E-03
 1.12262    0.233383E-03   -0.222358E-03    0.241051E-03
 1.14064    0.225489E-03   -0.217588E-03    0.236222E-03
 1.15867    0.217886E-03   -0.212971E-03    0.231519E-03
 1.17669    0.210561E-03   -0.208497E-03    0.226934E-03
 1.19472    0.203503E-03   -0.204163E-03    0.222464E-03
 1.21275    0.196699E-03   -0.199961E-03    0.218105E-03
 1.23077    0.190139E-03   -0.195886E-03    0.213851E-03
 1.24880    0.183813E-03   -0.191934E-03    0.209699E-03
 1.26682    0.177710E-03   -0.188099E-03    0.205647E-03
 1.28485    0.171821E-03   -0.184376E-03    0.201689E-03
 1.30288    0.166137E-03   -0.180761E-03    0.197823E-03
 1.32090    0.160650E-03   -0.177250E-03    0.194046E-03
 1.33893    0.155352E-03   -0.173839E-03    0.190354E-03
 1.35695    0.150235E-03   -0.170524E-03    0.186744E-03
 1.37498    0.145293E-03   -0.167301E-03    0.183214E-03
 1.39301    0.140517E-03   -0.164167E-03    0.179762E-03
 1.41103    0.135902E-03   -0.161119E-03    0.176383E-03
 1.42906    0.131441E-03   -0.158153E-03    0.173078E-03
 1.44708    0.127129E-03   -0.155267E-03    0.169842E-03
 1.46511    0.122960E-03   -0.152457E-03    0.166674E-03
 1.48314    0.118928E-03   -0.149722E-03    0.163572E-03
 1.50116    0.115029E-03   -0.147058E-03    0.160533E-03
 1.51919    0.111257E-03   -0.144462E-03    0.157556E-03
 1.53721    0.107609E-03   -0.141933E-03    0.154639E-03
 1.55524    0.104078E-03   -0.139469E-03    0.151781E-03
 1.57327    0.100662E-03   -0.137067E-03    0.148979E-03
 1.59129    0.973560E-04   -0.134725E-03    0.146232E-03
 1.60932    0.941565E-04   -0.132441E-03    0.143539E-03
 1.62734    0.910597E-04   -0.130214E-03    0.140898E-03
 1.64537    0.880622E-04   -0.128041E-03    0.138308E-03
 1.66340    0.851607E-04   -0.125921E-03    0.135767E-03
 1.68142    0.823520E-04   -0.123852E-03    0.133274E-03
 1.69945    0.796332E-04   -0.121834E-03    0.130828E-03
 1.71747    0.770013E-04   -0.119863E-03    0.128428E-03
 1.73550    0.744536E-04   -0.117939E-03    0.126072E-03
 1.75353    0.719875E-04   -0.116061E-03    0.123760E-03
 1.77155    0.696008E-04   -0.114228E-03    0.121491E-03
 1.78958    0.672909E-04   -0.112438E-03    0.119263E-03
 1.80761    0.650556E-04   -0.110689E-03    0.117076E-03
 1.82563    0.628929E-04   -0.108982E-03    0.114928E-03
 1.84366    0.608009E-04   -0.107314E-03    0.112820E-03
 1.86168    0.587777E-04   -0.105686E-03    0.110750E-03
 1.87971    0.568215E-04   -0.104095E-03    0.108717E-03
 1.89774    0.549308E-04   -0.102542E-03    0.106721E-03
 1.91576    0.531037E-04   -0.101024E-03    0.104761E-03
 1.93379    0.513390E-04   -0.995429E-04    0.102836E-03
 1.95181    0.496351E-04   -0.980962E-04    0.100946E-03
 1.96984    0.479908E-04   -0.966836E-04    0.990909E-04
 1.98787    0.464045E-04   -0.953042E-04    0.972688E-04
 2.00589    0.448751E-04   -0.939578E-04    0.954794E-04
 2.02392    0.434013E-04   -0.926434E-04    0.937226E-04
 2.04194    0.419822E-04   -0.913604E-04    0.919975E-04
 2.05997    0.406166E-04   -0.901084E-04    0.903036E-04
 2.07800    0.393033E-04   -0.888868E-04    0.886405E-04
 2.09602    0.380413E-04   -0.876948E-04    0.870079E-04
 2.11405    0.368293E-04   -0.865319E-04    0.854049E-04
 2.13207    0.356664E-04   -0.853978E-04    0.838313E-04
 2.15010    0.345513E-04   -0.842915E-04    0.822864E-04
 2.16813    0.334829E-04   -0.832123E-04    0.807696E-04
 2.18615    0.324598E-04   -0.821597E-04    0.792804E-04
 2.20418    0.314808E-04   -0.811328E-04    0.778181E-04
 2.22220    0.305447E-04   -0.801313E-04    0.763823E-04
 2.24023    0.296500E-04   -0.791544E-04    0.749722E-04
 2.25826    0.287951E-04   -0.782013E-04    0.735871E-04
 2.27628    0.279788E-04   -0.772706E-04    0.722264E-04
 2.29431    0.271991E-04   -0.763622E-04    0.708893E-04
 2.31233    0.264544E-04   -0.754749E-04    0.695751E-04
 2.33036    0.257429E-04   -0.746077E-04    0.682830E-04
 2.34839    0.250627E-04   -0.737599E-04    0.670120E-04
 2.36641    0.244117E-04   -0.729302E-04    0.657620E-04
 2.38444    0.237880E-04   -0.721173E-04    0.645309E-04
 2.40246    0.231892E-04   -0.713205E-04    0.633184E-04
 2.42049    0.226131E-04   -0.705384E-04    0.621235E-04
 2.43852    0.220575E-04   -0.697697E-04    0.609448E-04
 2.45654    0.215198E-04   -0.690133E-04    0.597819E-04
 2.47457    0.209978E-04   -0.682682E-04    0.586335E-04
 2.49260    0.204888E-04   -0.675325E-04    0.574986E-04
 2.51062    0.199904E-04   -0.668053E-04    0.563761E-04
 2.52865    0.195000E-04   -0.660853E-04    0.552642E-04
 2.54667    0.190151E-04   -0.653711E-04    0.541634E-04
 2.56470    0.185332E-04   -0.646615E-04    0.530719E-04
 2.58273    0.180519E-04   -0.639553E-04    0.519886E-04
 2.60075    0.175688E-04   -0.632509E-04    0.509126E-04
 2.61878    0.170814E-04   -0.625475E-04    0.498428E-04
 2.63680    0.165876E-04   -0.618437E-04    0.487784E-04
 2.65483    0.160853E-04   -0.611386E-04    0.477184E-04
 2.67286    0.155722E-04   -0.604311E-04    0.466621E-04
 2.69088    0.150467E-04   -0.597200E-04    0.456086E-04
 2.70891    0.145069E-04   -0.590048E-04    0.445573E-04
 2.72693    0.139515E-04   -0.582842E-04    0.435074E-04
 2.74496    0.133788E-04   -0.575580E-04    0.424584E-04
 2.76299    0.127878E-04   -0.568254E-04    0.414098E-04
 2.78101    0.121776E-04   -0.560858E-04    0.403612E-04
 2.79904    0.115473E-04   -0.553390E-04    0.393122E-04
 2.81706    0.108963E-04   -0.545844E-04    0.382627E-04
 2.83509    0.102243E-04   -0.538220E-04    0.372123E-04
 2.85312    0.953119E-05   -0.530518E-04    0.361613E-04
 2.87114    0.881701E-05   -0.522739E-04    0.351094E-04
 2.88917    0.808210E-05   -0.514881E-04    0.340567E-04
 2.90719    0.732696E-05   -0.506951E-04    0.330034E-04
 2.92522    0.655201E-05   -0.498949E-04    0.319498E-04
 2.94325    0.575877E-05   -0.490880E-04    0.308963E-04
 2.96127    0.494822E-05   -0.482750E-04    0.298432E-04
 2.97930    0.412100E-05   -0.474567E-04    0.287910E-04
 2.99732    0.327883E-05   -0.466334E-04    0.277402E-04
 3.01535    0.242317E-05   -0.458062E-04    0.266912E-04
 3.03338    0.155571E-05   -0.449757E-04    0.256451E-04
 3.05140    0.678206E-06   -0.441428E-04    0.246020E-04
 3.06943   -0.207483E-06   -0.433086E-04    0.235630E-04
 3.08745   -0.109946E-05   -0.424740E-04    0.225286E-04
 3.10548   -0.199580E-05   -0.416399E-04    0.214997E-04
 3.12351   -0.289452E-05   -0.408074E-04    0.204770E-04
 3.14153   -0.379369E-05   -0.399775E-04    0.194612E-04
 3.15956   -0.469133E-05   -0.391511E-04    0.184531E-04
 3.17759   -0.558541E-05   -0.383292E-04    0.174534E-04
 3.19561   -0.647400E-05   -0.375129E-04    0.164630E-04
 3.21364   -0.735519E-05   -0.367030E-04    0.154824E-04
 3.23166   -0.822711E-05   -0.359006E-04    0.145125E-04
 3.24969   -0.908803E-05   -0.351065E-04    0.135538E-04
 3.26772   -0.993627E-05   -0.343215E-04    0.126070E-04
 3.28574   -0.107703E-04   -0.335464E-04    0.116728E-04
 3.30377   -0.115885E-04   -0.327821E-04    0.107516E-04
 3.32179   -0.123897E-04   -0.320291E-04    0.984393E-05
 3.33982   -0.131725E-04   -0.312881E-04    0.895033E-05
 3.35785   -0.139357E-04   -0.305597E-04    0.807125E-05
 3.37587   -0.146784E-04   -0.298445E-04    0.720688E-05
 3.39390   -0.153997E-04   -0.291428E-04    0.635781E-05
 3.41192   -0.160986E-04   -0.284550E-04    0.552409E-05
 3.42995   -0.167745E-04   -0.277815E-04    0.470615E-05
 3.44798   -0.174269E-04   -0.271225E-04    0.390405E-05
 3.46600   -0.180553E-04   -0.264784E-04    0.311811E-05
 3.48403   -0.186593E-04   -0.258494E-04    0.234820E-05
 3.50205   -0.192388E-04   -0.252353E-04    0.159455E-05
 3.52008   -0.197936E-04   -0.246365E-04    0.857129E-06
 3.53811   -0.203237E-04   -0.240526E-04    0.135890E-06
 3.55613   -0.208291E-04   -0.234839E-04   -0.569209E-06
 3.57416   -0.213099E-04   -0.229302E-04   -0.125823E-05
 3.59218   -0.217663E-04   -0.223915E-04   -0.193133E-05
 3.61021   -0.221986E-04   -0.218676E-04   -0.258858E-05
 3.62824   -0.226072E-04   -0.213583E-04   -0.323019E-05
 3.64626   -0.229923E-04   -0.208635E-04   -0.385630E-05
 3.66429   -0.233546E-04   -0.203828E-04   -0.446714E-05
 3.68231   -0.236944E-04   -0.199159E-04   -0.506295E-05
 3.70034   -0.240123E-04   -0.194627E-04   -0.564404E-05
 3.71837   -0.243089E-04   -0.190227E-04   -0.621066E-05
 3.73639   -0.245848E-04   -0.185957E-04   -0.676301E-05
 3.75442   -0.248406E-04   -0.181814E-04   -0.730139E-05
 3.77244   -0.250769E-04   -0.177795E-04   -0.782615E-05
 3.79047   -0.252943E-04   -0.173896E-04   -0.833752E-05
 3.80850   -0.254934E-04   -0.170113E-04   -0.883582E-05
 3.82652   -0.256751E-04   -0.166443E-04   -0.932132E-05
 3.84455   -0.258398E-04   -0.162883E-04   -0.979439E-05
 3.86258   -0.259883E-04   -0.159429E-04   -0.102552E-04
 3.88060   -0.261213E-04   -0.156078E-04   -0.107042E-04
 3.89863   -0.262394E-04   -0.152826E-04   -0.111417E-04
 3.91665   -0.263433E-04   -0.149670E-04   -0.115679E-04
 3.93468   -0.264334E-04   -0.146606E-04   -0.119831E-04
 3.95271   -0.265105E-04   -0.143632E-04   -0.123877E-04
 3.97073   -0.265754E-04   -0.140742E-04   -0.127818E-04
 3.98876   -0.266283E-04   -0.137936E-04   -0.131658E-04
 4.00678   -0.266700E-04   -0.135210E-04   -0.135401E-04
 4.02481   -0.267010E-04   -0.132560E-04   -0.139047E-04
 4.04284   -0.267218E-04   -0.129985E-04   -0.142599E-04
 4.06086   -0.267330E-04   -0.127480E-04   -0.146062E-04
 4.07889   -0.267351E-04   -0.125044E-04   -0.149436E-04
 4.09691   -0.267285E-04   -0.122674E-04   -0.152725E-04
 4.11494   -0.267137E-04   -0.120366E-04   -0.155929E-04
 4.13297   -0.266912E-04   -0.118120E-04   -0.159053E-04
 4.15099   -0.266613E-04   -0.115932E-04   -0.162098E-04
 4.16902   -0.266247E-04   -0.113800E-04   -0.165065E-04
 4.18704   -0.265814E-04   -0.111726E-04   -0.167958E-04
 4.20507   -0.265320E-04   -0.109701E-04   -0.170778E-04
 4.22310   -0.264768E-04   -0.107725E-04   -0.173527E-04
 4.24112   -0.264163E-04   -0.105797E-04   -0.176207E-04
 4.25915   -0.263506E-04   -0.103915E-04   -0.178819E-04
 4.27717   -0.262801E-04   -0.102078E-04   -0.181366E-04
 4.29520   -0.262050E-04   -0.100283E-04   -0.183848E-04
 4.31323   -0.261258E-04   -0.985304E-05   -0.186268E-04
 4.33125   -0.260426E-04   -0.968172E-05   -0.188627E-04
 4.34928   -0.259557E-04   -0.951427E-05   -0.190927E-04
 4.36730   -0.258654E-04   -0.935043E-05   -0.193169E-04
 4.38533   -0.257718E-04   -0.919013E-05   -0.195355E-04
 4.40336   -0.256752E-04   -0.903330E-05   -0.197486E-04
 4.42138   -0.255758E-04   -0.887981E-05   -0.199562E-04
 4.43941   -0.254738E-04   -0.872950E-05   -0.201586E-04
 4.45743   -0.253693E-04   -0.858184E-05   -0.203558E-04
 4.47546   -0.252626E-04   -0.843749E-05   -0.205480E-04
 4.49349   -0.251538E-04   -0.829611E-05   -0.207353E-04
 4.51151   -0.250431E-04   -0.815742E-05   -0.209177E-04
 4.52954   -0.249306E-04   -0.802146E-05   -0.210955E-04
 4.54757   -0.248165E-04   -0.788810E-05   -0.212687E-04
 4.56559   -0.247008E-04   -0.775725E-05   -0.214374E-04
 4.58362   -0.245838E-04   -0.762884E-05   -0.216017E-04
 4.60164   -0.244656E-04   -0.750285E-05   -0.217617E-04
 4.61967   -0.243462E-04   -0.737905E-05   -0.219174E-04
 4.63770   -0.242257E-04   -0.725742E-05   -0.220691E-04
 4.65572   -0.241043E-04   -0.713798E-05   -0.222166E-04
 4.67375   -0.239821E-04   -0.702068E-05   -0.223602E-04
 4.69177   -0.238592E-04   -0.690530E-05   -0.225000E-04
 4.70980   -0.237355E-04   -0.679191E-05   -0.226359E-04
 4.72783   -0.236113E-04   -0.668049E-05   -0.227681E-04
 4.74585   -0.234867E-04   -0.657085E-05   -0.228967E-04
 4.76388   -0.233616E-04   -0.646301E-05   -0.230217E-04
 4.78190   -0.232361E-04   -0.635690E-05   -0.231431E-04
 4.79993   -0.231104E-04   -0.625250E-05   -0.232611E-04
 4.81796   -0.229844E-04   -0.614974E-05   -0.233758E-04
 4.83598   -0.228583E-04   -0.604855E-05   -0.234872E-04
 4.85401   -0.227320E-04   -0.594896E-05   -0.235953E-04
 4.87203   -0.226058E-04   -0.585087E-05   -0.237002E-04
 4.89006   -0.224795E-04   -0.575428E-05   -0.238020E-04
 4.90809   -0.223532E-04   -0.565915E-05   -0.239007E-04
 4.92611   -0.222271E-04   -0.556538E-05   -0.239966E-04
 4.94414   -0.221010E-04   -0.547296E-05   -0.240894E-04
 4.96216   -0.219752E-04   -0.538196E-05   -0.241793E-04
 4.98019   -0.218495E-04   -0.529222E-05   -0.242664E-04
 4.99822   -0.217241E-04   -0.520371E-05   -0.243506E-04
 5.01624   -0.215989E-04   -0.511646E-05   -0.244321E-04
 5.03427   -0.214741E-04   -0.503039E-05   -0.245109E-04
 5.05229   -0.213497E-04   -0.494554E-05   -0.245869E-04
 5.07032   -0.212255E-04   -0.486186E-05   -0.246605E-04
 5.08835   -0.211018E-04   -0.477929E-05   -0.247314E-04
 5.10637   -0.209785E-04   -0.469783E-05   -0.248000E-04
 5.12440   -0.208556E-04   -0.461742E-05   -0.248658E-04
 5.14242   -0.207332E-04   -0.453810E-05   -0.249294E-04
 5.16045   -0.206113E-04   -0.445981E-05   -0.249906E-04
 5.17848   -0.204899E-04   -0.438254E-05   -0.250493E-04
 5.19650   -0.203690E-04   -0.430625E-05   -0.251059E-04
 5.21453   -0.202487E-04   -0.423097E-05   -0.251601E-04
 5.23256   -0.201289E-04   -0.415660E-05   -0.252121E-04
 5.25058   -0.200097E-04   -0.408321E-05   -0.252619E-04
 5.26861   -0.198911E-04   -0.401067E-05   -0.253095E-04
 5.28663   -0.197730E-04   -0.393904E-05   -0.253550E-04
 5.30466   -0.196556E-04   -0.386827E-05   -0.253984E-04
 5.32269   -0.195388E-04   -0.379838E-05   -0.254397E-04
 5.34071   -0.194226E-04   -0.372934E-05   -0.254790E-04
 5.35874   -0.193071E-04   -0.366112E-05   -0.255162E-04
 5.37676   -0.191922E-04   -0.359372E-05   -0.255516E-04
 5.39479   -0.190780E-04   -0.352712E-05   -0.255850E-04
 5.41282   -0.189644E-04   -0.346125E-05   -0.256165E-04
 5.43084   -0.188515E-04   -0.339621E-05   -0.256461E-04
 5.44887   -0.187393E-04   -0.333199E-05   -0.256739E-04
 5.46689   -0.186278E-04   -0.326845E-05   -0.256998E-04
 5.48492   -0.185169E-04   -0.320564E-05   -0.257239E-04
 5.50295   -0.184067E-04   -0.314357E-05   -0.257464E-04
 5.52097   -0.182972E-04   -0.308222E-05   -0.257670E-04
 5.53900   -0.181884E-04   -0.302154E-05   -0.257860E-04
 5.55702   -0.180803E-04   -0.296162E-05   -0.258032E-04
 5.57505   -0.179728E-04   -0.290231E-05   -0.258189E-04
 5.59308   -0.178661E-04   -0.284370E-05   -0.258328E-04
 5.61110   -0.177600E-04   -0.278579E-05   -0.258452E-04
 5.62913   -0.176546E-04   -0.272848E-05   -0.258560E-04
 5.64715   -0.175499E-04   -0.267183E-05   -0.258653E-04
 5.66518   -0.174459E-04   -0.261583E-05   -0.258730E-04
 5.68321   -0.173426E-04   -0.256046E-05   -0.258793E-04
 5.70123   -0.172399E-04   -0.250572E-05   -0.258840E-04
 5.71926   -0.171379E-04   -0.245159E-05   -0.258873E-04
 5.73728   -0.170366E-04   -0.239808E-05   -0.258892E-04
 5.75531   -0.169359E-04   -0.234516E-05   -0.258897E-04
 5.77334   -0.168359E-04   -0.229285E-05   -0.258888E-04
 5.79136   -0.167366E-04   -0.224114E-05   -0.258865E-04
 5.80939   -0.166379E-04   -0.219001E-05   -0.258829E-04
 5.82741   -0.165398E-04   -0.213947E-05   -0.258778E-04
 5.84544   -0.164423E-04   -0.208949E-05   -0.258715E-04
 5.86347   -0.163455E-04   -0.204009E-05   -0.258640E-04
 5.88149   -0.162493E-04   -0.199126E-05   -0.258552E-04
 5.89952   -0.161537E-04   -0.194298E-05   -0.258451E-04
 5.91755   -0.160587E-04   -0.189528E-05   -0.258338E-04
 5.93557   -0.159643E-04   -0.184813E-05   -0.258213E-04
 5.95360   -0.158705E-04   -0.180152E-05   -0.258076E-04
 5.97162   -0.157773E-04   -0.175547E-05   -0.257927E-04
 5.98965   -0.156847E-04   -0.170996E-05   -0.257767E-04
 6.00768   -0.155926E-04   -0.166500E-05   -0.257594E-04
 6.02570   -0.155011E-04   -0.162054E-05   -0.257410E-04
 6.04373   -0.154102E-04   -0.157663E-05   -0.257215E-04
 6.06175   -0.153198E-04   -0.153323E-05   -0.257009E-04
 6.07978   -0.152299E-04   -0.149035E-05   -0.256792E-04
 6.09781   -0.151406E-04   -0.144798E-05   -0.256565E-04
 6.11583   -0.150518E-04   -0.140614E-05   -0.256327E-04
 6.13386   -0.149636E-04   -0.136480E-05   -0.256079E-04
 6.15188   -0.148758E-04   -0.132397E-05   -0.255822E-04
 6.16991   -0.147886E-04   -0.128364E-05   -0.255552E-04
 6.18794   -0.147019E-04   -0.124381E-05   -0.255276E-04
 6.20596   -0.146157E-04   -0.120446E-05   -0.254989E-04
 6.22399   -0.145300E-04   -0.116560E-05   -0.254692E-04
 6.24201   -0.144447E-04   -0.112722E-05   -0.254385E-04
 6.26004   -0.143600E-04   -0.108932E-05   -0.254070E-04
 6.27807   -0.142758E-04   -0.105190E-05   -0.253745E-04
 6.29609   -0.141920E-04   -0.101495E-05   -0.253410E-04
 6.31412   -0.141087E-04   -0.978454E-06   -0.253069E-04
 6.33214   -0.140259E-04   -0.942425E-06   -0.252718E-04
 6.35017   -0.139436E-04   -0.906833E-06   -0.252358E-04
 6.36820   -0.138617E-04   -0.871693E-06   -0.251990E-04
 6.38622   -0.137803E-04   -0.836997E-06   -0.251614E-04
 6.40425   -0.136994E-04   -0.802738E-06   -0.251230E-04
 6.42227   -0.136190E-04   -0.768912E-06   -0.250838E-04
 6.44030   -0.135390E-04   -0.735509E-06   -0.250439E-04
 6.45833   -0.134594E-04   -0.702520E-06   -0.250032E-04
 6.47635   -0.133804E-04   -0.669961E-06   -0.249618E-04
 6.49438   -0.133018E-04   -0.637809E-06   -0.249195E-04
 6.51240   -0.132236E-04   -0.606058E-06   -0.248766E-04
 6.53043   -0.131459E-04   -0.574706E-06   -0.248330E-04
 6.54846   -0.130687E-04   -0.543747E-06   -0.247887E-04
 6.56648   -0.129919E-04   -0.513177E-06   -0.247438E-04
 6.58451   -0.129156E-04   -0.482994E-06   -0.246982E-04
 6.60254   -0.128397E-04   -0.453177E-06   -0.246519E-04
 6.62056   -0.127643E-04   -0.423737E-06   -0.246050E-04
 6.63859   -0.126894E-04   -0.394662E-06   -0.245575E-04
 6.65661   -0.126149E-04   -0.365945E-06   -0.245094E-04
 6.67464   -0.125408E-04   -0.337579E-06   -0.244607E-04
 6.69267   -0.124672E-04   -0.309597E-06   -0.244114E-04
 6.71069   -0.123941E-04   -0.281934E-06   -0.243615E-04
 6.72872   -0.123215E-04   -0.254607E-06   -0.243111E-04
 6.74674   -0.122493E-04   -0.227612E-06   -0.242602E-04
 6.76477   -0.121775E-04   -0.200954E-06   -0.242087E-04
 6.78280   -0.121062E-04   -0.174620E-06   -0.241567E-04
 6.80082   -0.120354E-04   -0.148604E-06   -0.241042E-04
 6.81885   -0.119650E-04   -0.122901E-06   -0.240512E-04
 6.83687   -0.118950E-04   -0.975112E-07   -0.239977E-04
 6.85490   -0.118256E-04   -0.724220E-07   -0.239438E-04
 6.87293   -0.117565E-04   -0.476395E-07   -0.238894E-04
 6.89095   -0.116880E-04   -0.231508E-07   -0.238345E-04
 6.90898   -0.116199E-04    0.104774E-08   -0.237792E-04
 6.92700   -0.115522E-04    0.249644E-07   -0.237235E-04
 6.94503   -0.114850E-04    0.486003E-07   -0.236674E-04
 6.96306   -0.114183E-04    0.719588E-07   -0.236109E-04
 6.98108   -0.113520E-04    0.950444E-07   -0.235539E-04
 6.99911   -0.112861E-04    0.117860E-06   -0.234966E-04
 7.01713   -0.112207E-04    0.140412E-06   -0.234389E-04
 7.03516   -0.111558E-04    0.162701E-06   -0.233809E-04
 7.05319   -0.110913E-04    0.184734E-06   -0.233225E-04
 7.07121   -0.110272E-04    0.206512E-06   -0.232637E-04
 7.08924   -0.109636E-04    0.228041E-06   -0.232046E-04
 7.10726   -0.109004E-04    0.249321E-06   -0.231452E-04
 7.12529   -0.108377E-04    0.270361E-06   -0.230854E-04
 7.14332   -0.107754E-04    0.291166E-06   -0.230254E-04
 7.16134   -0.107136E-04    0.311729E-06   -0.229650E-04
 7.17937   -0.106521E-04    0.332059E-06   -0.229044E-04
 7.19739   -0.105912E-04    0.352167E-06   -0.228434E-04
 7.21542   -0.105306E-04    0.372044E-06   -0.227822E-04
 7.23345   -0.104705E-04    0.391697E-06   -0.227208E-04
 7.25147   -0.104108E-04    0.411125E-06   -0.226590E-04
 7.26950   -0.103515E-04    0.430333E-06   -0.225970E-04
 7.28753   -0.102927E-04    0.449323E-06   -0.225348E-04
 7.30555   -0.102343E-04    0.468104E-06   -0.224723E-04
 7.32358   -0.101763E-04    0.486674E-06   -0.224096E-04
 7.34160   -0.101187E-04    0.505038E-06   -0.223467E-04
 7.35963   -0.100615E-04    0.523197E-06   -0.222835E-04
 7.37766   -0.100048E-04    0.541152E-06   -0.222202E-04
 7.39568   -0.994843E-05    0.558908E-06   -0.221566E-04
 7.41371   -0.989248E-05    0.576468E-06   -0.220929E-04
 7.43173   -0.983695E-05    0.593830E-06   -0.220289E-04
 7.44976   -0.978182E-05    0.611002E-06   -0.219648E-04
 7.46779   -0.972708E-05    0.627978E-06   -0.219005E-04
 7.48581   -0.967276E-05    0.644769E-06   -0.218360E-04
 7.50384   -0.961882E-05    0.661372E-06   -0.217714E-04
 7.52186   -0.956527E-05    0.677794E-06   -0.217066E-04
 7.53989   -0.951212E-05    0.694031E-06   -0.216416E-04
 7.55792   -0.945933E-05    0.710090E-06   -0.215765E-04
 7.57594   -0.940695E-05    0.725968E-06   -0.215113E-04
 7.59397   -0.935494E-05    0.741671E-06   -0.214459E-04
 7.61199   -0.930332E-05    0.757200E-06   -0.213804E-04
 7.63002   -0.925206E-05    0.772556E-06   -0.213148E-04
 7.64805   -0.920117E-05    0.787741E-06   -0.212491E-04
 7.66607   -0.915066E-05    0.802756E-06   -0.211833E-04
 7.68410   -0.910051E-05    0.817605E-06   -0.211173E-04
 7.70212   -0.905075E-05    0.832284E-06   -0.210513E-04
 7.72015   -0.900133E-05    0.846802E-06   -0.209851E-04
 7.73818   -0.895226E-05    0.861164E-06   -0.209189E-04
 7.75620   -0.890354E-05    0.875365E-06   -0.208526E-04
 7.77423   -0.885519E-05    0.889400E-06   -0.207862E-04
 7.79225   -0.880719E-05    0.903284E-06   -0.207197E-04
 7.81028   -0.875953E-05    0.917001E-06   -0.206532E-04
 7.82831   -0.871222E-05    0.930566E-06   -0.205865E-04
 7.84633   -0.866524E-05    0.943976E-06   -0.205199E-04
 7.86436   -0.861860E-05    0.957235E-06   -0.204531E-04
 7.88238   -0.857230E-05    0.970341E-06   -0.203863E-04
 7.90041   -0.852632E-05    0.983299E-06   -0.203195E-04
 7.91844   -0.848068E-05    0.996108E-06   -0.202526E-04
 7.93646   -0.843537E-05    0.100877E-05   -0.201856E-04
 7.95449   -0.839037E-05    0.102129E-05   -0.201187E-04
 7.97252   -0.834570E-05    0.103365E-05   -0.200516E-04
 7.99054   -0.830135E-05    0.104588E-05   -0.199846E-04
 8.00857   -0.825731E-05    0.105796E-05   -0.199175E-04
 8.02659   -0.821358E-05    0.106991E-05   -0.198504E-04
 8.04462   -0.817016E-05    0.108171E-05   -0.197833E-04
 8.06265   -0.812705E-05    0.109338E-05   -0.197162E-04
 8.08067   -0.808424E-05    0.110491E-05   -0.196491E-04
 8.09870   -0.804173E-05    0.111631E-05   -0.195819E-04
 8.11672   -0.799952E-05    0.112757E-05   -0.195148E-04
 8.13475   -0.795761E-05    0.113869E-05   -0.194476E-04
 8.15278   -0.791599E-05    0.114969E-05   -0.193805E-04
 8.17080   -0.787466E-05    0.116055E-05   -0.193133E-04
 8.18883   -0.783361E-05    0.117128E-05   -0.192462E-04
 8.20685   -0.779286E-05    0.118188E-05   -0.191791E-04
 8.22488   -0.775238E-05    0.119236E-05   -0.191120E-04
 8.24291   -0.771218E-05    0.120271E-05   -0.190449E-04
 8.26093   -0.767226E-05    0.121293E-05   -0.189778E-04
 8.27896   -0.763262E-05    0.122302E-05   -0.189108E-04
 8.29698   -0.759324E-05    0.123299E-05   -0.188438E-04
 8.31501   -0.755414E-05    0.124285E-05   -0.187768E-04
 8.33304   -0.751530E-05    0.125257E-05   -0.187098E-04
 8.35106   -0.747674E-05    0.126218E-05   -0.186429E-04
 8.36909   -0.743843E-05    0.127166E-05   -0.185760E-04
 8.38711   -0.740038E-05    0.128102E-05   -0.185092E-04
 8.40514   -0.736259E-05    0.129026E-05   -0.184424E-04
 8.42317   -0.732505E-05    0.129939E-05   -0.183757E-04
 8.44119   -0.728776E-05    0.130840E-05   -0.183090E-04
 8.45922   -0.725073E-05    0.131729E-05   -0.182423E-04
 8.47724   -0.721394E-05    0.132607E-05   -0.181758E-04
 8.49527   -0.717740E-05    0.133474E-05   -0.181092E-04
 8.51330   -0.714110E-05    0.134329E-05   -0.180428E-04
 8.53132   -0.710505E-05    0.135174E-05   -0.179763E-04
 8.54935   -0.706924E-05    0.136007E-05   -0.179100E-04
 8.56737   -0.703366E-05    0.136830E-05   -0.178437E-04
 8.58540   -0.699832E-05    0.137641E-05   -0.177775E-04
 8.60343   -0.696321E-05    0.138441E-05   -0.177114E-04
 8.62145   -0.692834E-05    0.139231E-05   -0.176453E-04
 8.63948   -0.689369E-05    0.140009E-05   -0.175793E-04
 8.65751   -0.685927E-05    0.140777E-05   -0.175134E-04
 8.67553   -0.682508E-05    0.141535E-05   -0.174476E-04
 8.69356   -0.679111E-05    0.142283E-05   -0.173818E-04
 8.71158   -0.675736E-05    0.143020E-05   -0.173161E-04
 8.72961   -0.672383E-05    0.143747E-05   -0.172505E-04
 8.74764   -0.669053E-05    0.144464E-05   -0.171850E-04
 8.76566   -0.665743E-05    0.145171E-05   -0.171195E-04
 8.78369   -0.662456E-05    0.145869E-05   -0.170543E-04
 8.80171   -0.659189E-05    0.146556E-05   -0.169891E-04
 8.81974   -0.655944E-05    0.147234E-05   -0.169240E-04
 8.83777   -0.652720E-05    0.147902E-05   -0.168589E-04
 8.85579   -0.649516E-05    0.148560E-05   -0.167940E-04
 8.87382   -0.646333E-05    0.149209E-05   -0.167292E-04
 8.89184   -0.643170E-05    0.149848E-05   -0.166645E-04
 8.90987   -0.640028E-05    0.150479E-05   -0.165998E-04
 8.92790   -0.636906E-05    0.151099E-05   -0.165353E-04
 8.94592   -0.633803E-05    0.151711E-05   -0.164709E-04
 8.96395   -0.630721E-05    0.152314E-05   -0.164066E-04
 8.98197   -0.627658E-05    0.152907E-05   -0.163424E-04
 9.00000   -0.624614E-05    0.153492E-05   -0.162783E-04
