 0.00500    0.430591E-01   -0.214009E-01    0.158068E-01
 0.02303    0.353938E-01   -0.175685E-01    0.129323E-01
 0.04105    0.308865E-01   -0.153147E-01    0.112417E-01
 0.05908    0.275978E-01   -0.136702E-01    0.100079E-01
 0.07710    0.250028E-01   -0.123724E-01    0.903420E-02
 0.09513    0.228661E-01   -0.113037E-01    0.823229E-02
 0.11316    0.210577E-01   -0.103992E-01    0.755352E-02
 0.13118    0.194975E-01   -0.961878E-02    0.696778E-02
 0.14921    0.181320E-01   -0.893568E-02    0.645504E-02
 0.16723    0.169236E-01   -0.833109E-02    0.600116E-02
 0.18526    0.158446E-01   -0.779124E-02    0.559584E-02
 0.20329    0.148741E-01   -0.730556E-02    0.523118E-02
 0.22131    0.139957E-01   -0.686597E-02    0.490109E-02
 0.23934    0.131965E-01   -0.646599E-02    0.460073E-02
 0.25736    0.124661E-01   -0.610039E-02    0.432617E-02
 0.27539    0.117959E-01   -0.576490E-02    0.407422E-02
 0.29342    0.111788E-01   -0.545598E-02    0.384221E-02
 0.31144    0.106088E-01   -0.517059E-02    0.362789E-02
 0.32947    0.100809E-01   -0.490622E-02    0.342935E-02
 0.34749    0.959058E-02   -0.466070E-02    0.324498E-02
 0.36552    0.913424E-02   -0.443216E-02    0.307337E-02
 0.38355    0.870860E-02   -0.421898E-02    0.291331E-02
 0.40157    0.831078E-02   -0.401972E-02    0.276373E-02
 0.41960    0.793831E-02   -0.383314E-02    0.262368E-02
 0.43763    0.758898E-02   -0.365815E-02    0.249236E-02
 0.45565    0.726084E-02   -0.349375E-02    0.236902E-02
 0.47368    0.695215E-02   -0.333910E-02    0.225301E-02
 0.49170    0.666136E-02   -0.319340E-02    0.214376E-02
 0.50973    0.638707E-02   -0.305597E-02    0.204073E-02
 0.52776    0.612803E-02   -0.292617E-02    0.194347E-02
 0.54578    0.588311E-02   -0.280345E-02    0.185154E-02
 0.56381    0.565128E-02   -0.268728E-02    0.176456E-02
 0.58183    0.543160E-02   -0.257720E-02    0.168217E-02
 0.59986    0.522324E-02   -0.247279E-02    0.160407E-02
 0.61789    0.502543E-02   -0.237366E-02    0.152997E-02
 0.63591    0.483746E-02   -0.227947E-02    0.145959E-02
 0.65394    0.465868E-02   -0.218989E-02    0.139271E-02
 0.67196    0.448850E-02   -0.210462E-02    0.132908E-02
 0.68999    0.432639E-02   -0.202339E-02    0.126852E-02
 0.70802    0.417187E-02   -0.194596E-02    0.121083E-02
 0.72604    0.402440E-02   -0.187209E-02    0.115584E-02
 0.74407    0.388366E-02   -0.180157E-02    0.110339E-02
 0.76209    0.374917E-02   -0.173421E-02    0.105333E-02
 0.78012    0.362061E-02   -0.166981E-02    0.100553E-02
 0.79815    0.349763E-02   -0.160822E-02    0.959852E-03
 0.81617    0.337991E-02   -0.154928E-02    0.916188E-03
 0.83420    0.326718E-02   -0.149283E-02    0.874424E-03
 0.85222    0.315915E-02   -0.143876E-02    0.834460E-03
 0.87025    0.305558E-02   -0.138692E-02    0.796199E-03
 0.88828    0.295623E-02   -0.133720E-02    0.759553E-03
 0.90630    0.286088E-02   -0.128949E-02    0.724438E-03
 0.92433    0.276932E-02   -0.124370E-02    0.690810E-03
 0.94235    0.268137E-02   -0.119971E-02    0.658530E-03
 0.96038    0.259685E-02   -0.115745E-02    0.627534E-03
 0.97841    0.251558E-02   -0.111683E-02    0.597819E-03
 0.99643    0.243741E-02   -0.107776E-02    0.569293E-03
 1.01446    0.236219E-02   -0.104019E-02    0.541902E-03
 1.03248    0.228979E-02   -0.100402E-02    0.515592E-03
 1.05051    0.222005E-02   -0.969206E-03    0.490312E-03
 1.06854    0.215288E-02   -0.935677E-03    0.466016E-03
 1.08656    0.208814E-02   -0.903377E-03    0.442660E-03
 1.10459    0.202573E-02   -0.872250E-03    0.420201E-03
 1.12262    0.196554E-02   -0.842245E-03    0.398601E-03
 1.14064    0.190748E-02   -0.813313E-03    0.377822E-03
 1.15867    0.185146E-02   -0.785407E-03    0.357829E-03
 1.17669    0.179738E-02   -0.758484E-03    0.338588E-03
 1.19472    0.174517E-02   -0.732501E-03    0.320068E-03
 1.21275    0.169474E-02   -0.707417E-03    0.302238E-03
 1.23077    0.164602E-02   -0.683198E-03    0.285071E-03
 1.24880    0.159894E-02   -0.659807E-03    0.268539E-03
 1.26682    0.155343E-02   -0.637211E-03    0.252616E-03
 1.28485    0.150944E-02   -0.615377E-03    0.237278E-03
 1.30288    0.146689E-02   -0.594276E-03    0.222502E-03
 1.32090    0.142573E-02   -0.573878E-03    0.208267E-03
 1.33893    0.138591E-02   -0.554156E-03    0.194550E-03
 1.35695    0.134738E-02   -0.535084E-03    0.181333E-03
 1.37498    0.131008E-02   -0.516637E-03    0.168595E-03
 1.39301    0.127397E-02   -0.498791E-03    0.156319E-03
 1.41103    0.123900E-02   -0.481523E-03    0.144487E-03
 1.42906    0.120513E-02   -0.464812E-03    0.133084E-03
 1.44708    0.117233E-02   -0.448637E-03    0.122092E-03
 1.46511    0.114054E-02   -0.432979E-03    0.111497E-03
 1.48314    0.110973E-02   -0.417818E-03    0.101285E-03
 1.50116    0.107987E-02   -0.403137E-03    0.914409E-04
 1.51919    0.105092E-02   -0.388918E-03    0.819523E-04
 1.53721    0.102286E-02   -0.375145E-03    0.728065E-04
 1.55524    0.995638E-03   -0.361802E-03    0.639913E-04
 1.57327    0.969238E-03   -0.348875E-03    0.554948E-04
 1.59129    0.943629E-03   -0.336348E-03    0.473065E-04
 1.60932    0.918783E-03   -0.324209E-03    0.394151E-04
 1.62734    0.894675E-03   -0.312444E-03    0.318105E-04
 1.64537    0.871278E-03   -0.301039E-03    0.244835E-04
 1.66340    0.848568E-03   -0.289984E-03    0.174243E-04
 1.68142    0.826524E-03   -0.279266E-03    0.106238E-04
 1.69945    0.805122E-03   -0.268891E-03    0.407343E-05
 1.71747    0.784341E-03   -0.258815E-03   -0.223518E-05
 1.73550    0.764161E-03   -0.249028E-03   -0.830985E-05
 1.75353    0.744563E-03   -0.239553E-03   -0.141584E-04
 1.77155    0.725528E-03   -0.230364E-03   -0.197879E-04
 1.78958    0.707037E-03   -0.221452E-03   -0.252057E-04
 1.80761    0.689075E-03   -0.212808E-03   -0.304185E-04
 1.82563    0.671624E-03   -0.204424E-03   -0.354327E-04
 1.84366    0.654669E-03   -0.196291E-03   -0.402548E-04
 1.86168    0.638194E-03   -0.188403E-03   -0.448901E-04
 1.87971    0.622185E-03   -0.180752E-03   -0.493453E-04
 1.89774    0.606628E-03   -0.173330E-03   -0.536250E-04
 1.91576    0.591510E-03   -0.166132E-03   -0.577355E-04
 1.93379    0.576818E-03   -0.159150E-03   -0.616811E-04
 1.95181    0.562539E-03   -0.152377E-03   -0.654668E-04
 1.96984    0.548661E-03   -0.145810E-03   -0.690977E-04
 1.98787    0.535174E-03   -0.139441E-03   -0.725779E-04
 2.00589    0.522066E-03   -0.133264E-03   -0.759119E-04
 2.02392    0.509328E-03   -0.127276E-03   -0.791035E-04
 2.04194    0.496947E-03   -0.121470E-03   -0.821578E-04
 2.05997    0.484917E-03   -0.115842E-03   -0.850773E-04
 2.07800    0.473227E-03   -0.110387E-03   -0.878662E-04
 2.09602    0.461869E-03   -0.105101E-03   -0.905279E-04
 2.11405    0.450835E-03   -0.999793E-04   -0.930673E-04
 2.13207    0.440117E-03   -0.950189E-04   -0.954828E-04
 2.15010    0.429708E-03   -0.902153E-04   -0.977820E-04
 2.16813    0.419600E-03   -0.855652E-04   -0.999681E-04
 2.18615    0.409787E-03   -0.810651E-04   -0.102040E-03
 2.20418    0.400263E-03   -0.767115E-04   -0.104002E-03
 2.22220    0.391022E-03   -0.725021E-04   -0.105857E-03
 2.24023    0.382058E-03   -0.684336E-04   -0.107607E-03
 2.25826    0.373368E-03   -0.645032E-04   -0.109255E-03
 2.27628    0.364945E-03   -0.607089E-04   -0.110802E-03
 2.29431    0.356785E-03   -0.570469E-04   -0.112250E-03
 2.31233    0.348885E-03   -0.535161E-04   -0.113601E-03
 2.33036    0.341237E-03   -0.501143E-04   -0.114858E-03
 2.34839    0.333839E-03   -0.468393E-04   -0.116020E-03
 2.36641    0.326681E-03   -0.436890E-04   -0.117091E-03
 2.38444    0.319770E-03   -0.406618E-04   -0.118072E-03
 2.40246    0.313103E-03   -0.377555E-04   -0.118963E-03
 2.42049    0.306664E-03   -0.349690E-04   -0.119767E-03
 2.43852    0.300461E-03   -0.322998E-04   -0.120485E-03
 2.45654    0.294487E-03   -0.297466E-04   -0.121118E-03
 2.47457    0.288740E-03   -0.273076E-04   -0.121667E-03
 2.49260    0.283214E-03   -0.249814E-04   -0.122135E-03
 2.51062    0.277907E-03   -0.227660E-04   -0.122523E-03
 2.52865    0.272818E-03   -0.206601E-04   -0.122832E-03
 2.54667    0.267939E-03   -0.186610E-04   -0.123064E-03
 2.56470    0.263272E-03   -0.167676E-04   -0.123219E-03
 2.58273    0.258808E-03   -0.149773E-04   -0.123300E-03
 2.60075    0.254545E-03   -0.132883E-04   -0.123308E-03
 2.61878    0.250477E-03   -0.116979E-04   -0.123246E-03
 2.63680    0.246600E-03   -0.102038E-04   -0.123115E-03
 2.65483    0.242908E-03   -0.880321E-05   -0.122916E-03
 2.67286    0.239396E-03   -0.749311E-05   -0.122654E-03
 2.69088    0.236058E-03   -0.627030E-05   -0.122330E-03
 2.70891    0.232886E-03   -0.513136E-05   -0.121948E-03
 2.72693    0.229875E-03   -0.407257E-05   -0.121508E-03
 2.74496    0.227011E-03   -0.308989E-05   -0.121016E-03
 2.76299    0.224295E-03   -0.217902E-05   -0.120474E-03
 2.78101    0.221711E-03   -0.133532E-05   -0.119887E-03
 2.79904    0.219251E-03   -0.554206E-06   -0.119256E-03
 2.81706    0.216905E-03    0.169726E-06   -0.118587E-03
 2.83509    0.214663E-03    0.841247E-06   -0.117884E-03
 2.85312    0.212512E-03    0.146755E-05   -0.117150E-03
 2.87114    0.210444E-03    0.205308E-05   -0.116391E-03
 2.88917    0.208442E-03    0.260451E-05   -0.115610E-03
 2.90719    0.206499E-03    0.312792E-05   -0.114814E-03
 2.92522    0.204597E-03    0.363003E-05   -0.114007E-03
 2.94325    0.202725E-03    0.411744E-05   -0.113194E-03
 2.96127    0.200869E-03    0.459678E-05   -0.112379E-03
 2.97930    0.199016E-03    0.507472E-05   -0.111569E-03
 2.99732    0.197154E-03    0.555793E-05   -0.110769E-03
 3.01535    0.195267E-03    0.605323E-05   -0.109982E-03
 3.03338    0.193347E-03    0.656725E-05   -0.109214E-03
 3.05140    0.191376E-03    0.710640E-05   -0.108471E-03
 3.06943    0.189341E-03    0.767696E-05   -0.107758E-03
 3.08745    0.187235E-03    0.828516E-05   -0.107077E-03
 3.10548    0.185045E-03    0.893612E-05   -0.106435E-03
 3.12351    0.182755E-03    0.963597E-05   -0.105835E-03
 3.14153    0.180361E-03    0.103895E-04   -0.105280E-03
 3.15956    0.177852E-03    0.112010E-04   -0.104775E-03
 3.17759    0.175221E-03    0.120751E-04   -0.104323E-03
 3.19561    0.172458E-03    0.130156E-04   -0.103927E-03
 3.21364    0.169559E-03    0.140248E-04   -0.103589E-03
 3.23166    0.166518E-03    0.151059E-04   -0.103309E-03
 3.24969    0.163331E-03    0.162614E-04   -0.103091E-03
 3.26772    0.159995E-03    0.174922E-04   -0.102935E-03
 3.28574    0.156507E-03    0.187989E-04   -0.102844E-03
 3.30377    0.152870E-03    0.201826E-04   -0.102815E-03
 3.32179    0.149081E-03    0.216424E-04   -0.102850E-03
 3.33982    0.145144E-03    0.231775E-04   -0.102948E-03
 3.35785    0.141062E-03    0.247867E-04   -0.103107E-03
 3.37587    0.136836E-03    0.264678E-04   -0.103326E-03
 3.39390    0.132475E-03    0.282184E-04   -0.103603E-03
 3.41192    0.127982E-03    0.300357E-04   -0.103937E-03
 3.42995    0.123364E-03    0.319160E-04   -0.104323E-03
 3.44798    0.118631E-03    0.338559E-04   -0.104761E-03
 3.46600    0.113790E-03    0.358509E-04   -0.105246E-03
 3.48403    0.108850E-03    0.378963E-04   -0.105775E-03
 3.50205    0.103821E-03    0.399874E-04   -0.106344E-03
 3.52008    0.987132E-04    0.421188E-04   -0.106950E-03
 3.53811    0.935379E-04    0.442854E-04   -0.107589E-03
 3.55613    0.883055E-04    0.464817E-04   -0.108256E-03
 3.57416    0.830275E-04    0.487020E-04   -0.108947E-03
 3.59218    0.777158E-04    0.509408E-04   -0.109657E-03
 3.61021    0.723803E-04    0.531922E-04   -0.110384E-03
 3.62824    0.670332E-04    0.554508E-04   -0.111122E-03
 3.64626    0.616854E-04    0.577107E-04   -0.111867E-03
 3.66429    0.563483E-04    0.599665E-04   -0.112615E-03
 3.68231    0.510321E-04    0.622130E-04   -0.113362E-03
 3.70034    0.457484E-04    0.644447E-04   -0.114104E-03
 3.71837    0.405067E-04    0.666566E-04   -0.114838E-03
 3.73639    0.353172E-04    0.688438E-04   -0.115558E-03
 3.75442    0.301883E-04    0.710018E-04   -0.116263E-03
 3.77244    0.251286E-04    0.731263E-04   -0.116949E-03
 3.79047    0.201469E-04    0.752132E-04   -0.117613E-03
 3.80850    0.152504E-04    0.772587E-04   -0.118251E-03
 3.82652    0.104459E-04    0.792593E-04   -0.118862E-03
 3.84455    0.574028E-05    0.812119E-04   -0.119443E-03
 3.86258    0.113875E-05    0.831137E-04   -0.119991E-03
 3.88060   -0.335319E-05    0.849619E-04   -0.120505E-03
 3.89863   -0.773099E-05    0.867545E-04   -0.120984E-03
 3.91665   -0.119908E-04    0.884892E-04   -0.121425E-03
 3.93468   -0.161290E-04    0.901645E-04   -0.121827E-03
 3.95271   -0.201430E-04    0.917790E-04   -0.122190E-03
 3.97073   -0.240305E-04    0.933315E-04   -0.122512E-03
 3.98876   -0.277897E-04    0.948212E-04   -0.122793E-03
 4.00678   -0.314193E-04    0.962474E-04   -0.123032E-03
 4.02481   -0.349189E-04    0.976099E-04   -0.123230E-03
 4.04284   -0.382880E-04    0.989085E-04   -0.123385E-03
 4.06086   -0.415270E-04    0.100143E-03   -0.123498E-03
 4.07889   -0.446361E-04    0.101315E-03   -0.123570E-03
 4.09691   -0.476163E-04    0.102423E-03   -0.123599E-03
 4.11494   -0.504686E-04    0.103468E-03   -0.123588E-03
 4.13297   -0.531949E-04    0.104452E-03   -0.123536E-03
 4.15099   -0.557967E-04    0.105375E-03   -0.123445E-03
 4.16902   -0.582762E-04    0.106239E-03   -0.123314E-03
 4.18704   -0.606359E-04    0.107043E-03   -0.123146E-03
 4.20507   -0.628778E-04    0.107790E-03   -0.122939E-03
 4.22310   -0.650048E-04    0.108482E-03   -0.122698E-03
 4.24112   -0.670197E-04    0.109118E-03   -0.122420E-03
 4.25915   -0.689254E-04    0.109701E-03   -0.122108E-03
 4.27717   -0.707251E-04    0.110233E-03   -0.121763E-03
 4.29520   -0.724216E-04    0.110715E-03   -0.121387E-03
 4.31323   -0.740182E-04    0.111148E-03   -0.120979E-03
 4.33125   -0.755181E-04    0.111534E-03   -0.120543E-03
 4.34928   -0.769243E-04    0.111874E-03   -0.120078E-03
 4.36730   -0.782402E-04    0.112172E-03   -0.119586E-03
 4.38533   -0.794690E-04    0.112426E-03   -0.119067E-03
 4.40336   -0.806139E-04    0.112641E-03   -0.118525E-03
 4.42138   -0.816781E-04    0.112816E-03   -0.117958E-03
 4.43941   -0.826647E-04    0.112954E-03   -0.117369E-03
 4.45743   -0.835768E-04    0.113057E-03   -0.116759E-03
 4.47546   -0.844174E-04    0.113125E-03   -0.116130E-03
 4.49349   -0.851896E-04    0.113160E-03   -0.115480E-03
 4.51151   -0.858962E-04    0.113164E-03   -0.114813E-03
 4.52954   -0.865401E-04    0.113138E-03   -0.114157E-03
 4.54757   -0.871242E-04    0.113084E-03   -0.113429E-03
 4.56559   -0.876510E-04    0.113002E-03   -0.112715E-03
 4.58362   -0.881232E-04    0.112895E-03   -0.111986E-03
 4.60164   -0.885433E-04    0.112763E-03   -0.111245E-03
 4.61967   -0.889138E-04    0.112608E-03   -0.110491E-03
 4.63770   -0.892370E-04    0.112431E-03   -0.109727E-03
 4.65572   -0.895151E-04    0.112232E-03   -0.108952E-03
 4.67375   -0.897506E-04    0.112014E-03   -0.108167E-03
 4.69177   -0.899453E-04    0.111777E-03   -0.107374E-03
 4.70980   -0.901015E-04    0.111522E-03   -0.106572E-03
 4.72783   -0.902210E-04    0.111250E-03   -0.105764E-03
 4.74585   -0.903056E-04    0.110963E-03   -0.104948E-03
 4.76388   -0.903573E-04    0.110660E-03   -0.104127E-03
 4.78190   -0.903776E-04    0.110343E-03   -0.103300E-03
 4.79993   -0.903683E-04    0.110013E-03   -0.102469E-03
 4.81796   -0.903310E-04    0.109671E-03   -0.101633E-03
 4.83598   -0.902671E-04    0.109316E-03   -0.100793E-03
 4.85401   -0.901780E-04    0.108950E-03   -0.999510E-04
 4.87203   -0.900651E-04    0.108574E-03   -0.991058E-04
 4.89006   -0.899298E-04    0.108189E-03   -0.982582E-04
 4.90809   -0.897732E-04    0.107794E-03   -0.974091E-04
 4.92611   -0.895966E-04    0.107391E-03   -0.965585E-04
 4.94414   -0.894010E-04    0.106979E-03   -0.957071E-04
 4.96216   -0.891876E-04    0.106560E-03   -0.948548E-04
 4.98019   -0.889575E-04    0.106135E-03   -0.940025E-04
 4.99822   -0.887114E-04    0.105702E-03   -0.931503E-04
 5.01624   -0.884504E-04    0.105264E-03   -0.922982E-04
 5.03427   -0.881755E-04    0.104821E-03   -0.914471E-04
 5.05229   -0.878873E-04    0.104372E-03   -0.905969E-04
 5.07032   -0.875867E-04    0.103918E-03   -0.897478E-04
 5.08835   -0.872744E-04    0.103460E-03   -0.888999E-04
 5.10637   -0.869513E-04    0.102998E-03   -0.880541E-04
 5.12440   -0.866179E-04    0.102533E-03   -0.872100E-04
 5.14242   -0.862749E-04    0.102064E-03   -0.863682E-04
 5.16045   -0.859229E-04    0.101592E-03   -0.855286E-04
 5.17848   -0.855625E-04    0.101117E-03   -0.846914E-04
 5.19650   -0.851944E-04    0.100640E-03   -0.838570E-04
 5.21453   -0.848189E-04    0.100161E-03   -0.830254E-04
 5.23256   -0.844367E-04    0.996796E-04   -0.821967E-04
 5.25058   -0.840482E-04    0.991966E-04   -0.813715E-04
 5.26861   -0.836538E-04    0.987121E-04   -0.805495E-04
 5.28663   -0.832540E-04    0.982264E-04   -0.797312E-04
 5.30466   -0.828493E-04    0.977395E-04   -0.789165E-04
 5.32269   -0.824398E-04    0.972518E-04   -0.781092E-04
 5.34071   -0.820262E-04    0.967634E-04   -0.773020E-04
 5.35874   -0.816086E-04    0.962744E-04   -0.764990E-04
 5.37676   -0.811876E-04    0.957850E-04   -0.757003E-04
 5.39479   -0.807633E-04    0.952955E-04   -0.749011E-04
 5.41282   -0.803360E-04    0.948059E-04   -0.741108E-04
 5.43084   -0.799061E-04    0.943163E-04   -0.733250E-04
 5.44887   -0.794739E-04    0.938270E-04   -0.725438E-04
 5.46689   -0.790395E-04    0.933380E-04   -0.717672E-04
 5.48492   -0.786032E-04    0.928494E-04   -0.709952E-04
 5.50295   -0.781654E-04    0.923614E-04   -0.702282E-04
 5.52097   -0.777261E-04    0.918741E-04   -0.694659E-04
 5.53900   -0.772857E-04    0.913876E-04   -0.687086E-04
 5.55702   -0.768443E-04    0.909019E-04   -0.679563E-04
 5.57505   -0.764020E-04    0.904172E-04   -0.672089E-04
 5.59308   -0.759591E-04    0.899335E-04   -0.664666E-04
 5.61110   -0.755159E-04    0.894517E-04   -0.657293E-04
 5.62913   -0.750723E-04    0.889704E-04   -0.649972E-04
 5.64715   -0.746287E-04    0.884904E-04   -0.642703E-04
 5.66518   -0.741851E-04    0.880117E-04   -0.635485E-04
 5.68321   -0.737417E-04    0.875344E-04   -0.628319E-04
 5.70123   -0.732986E-04    0.870587E-04   -0.621204E-04
 5.71926   -0.728560E-04    0.865845E-04   -0.614142E-04
 5.73728   -0.724140E-04    0.861119E-04   -0.607131E-04
 5.75531   -0.719728E-04    0.856410E-04   -0.600171E-04
 5.77334   -0.715324E-04    0.851718E-04   -0.593264E-04
 5.79136   -0.710930E-04    0.847045E-04   -0.586408E-04
 5.80939   -0.706547E-04    0.842389E-04   -0.579603E-04
 5.82741   -0.702176E-04    0.837753E-04   -0.572851E-04
 5.84544   -0.697818E-04    0.833136E-04   -0.566149E-04
 5.86347   -0.693474E-04    0.828538E-04   -0.559498E-04
 5.88149   -0.689145E-04    0.823961E-04   -0.552899E-04
 5.89952   -0.684832E-04    0.819405E-04   -0.546350E-04
 5.91755   -0.680535E-04    0.814870E-04   -0.539853E-04
 5.93557   -0.676257E-04    0.810356E-04   -0.533406E-04
 5.95360   -0.671997E-04    0.805864E-04   -0.527009E-04
 5.97162   -0.667757E-04    0.801394E-04   -0.520663E-04
 5.98965   -0.663537E-04    0.796947E-04   -0.514368E-04
 6.00768   -0.659338E-04    0.792522E-04   -0.508123E-04
 6.02570   -0.655161E-04    0.788121E-04   -0.501928E-04
 6.04373   -0.651006E-04    0.783744E-04   -0.495783E-04
 6.06175   -0.646875E-04    0.779390E-04   -0.489689E-04
 6.07978   -0.642767E-04    0.775060E-04   -0.483644E-04
 6.09781   -0.638684E-04    0.770754E-04   -0.477650E-04
 6.11583   -0.634626E-04    0.766473E-04   -0.471706E-04
 6.13386   -0.630593E-04    0.762217E-04   -0.465811E-04
 6.15188   -0.626586E-04    0.757986E-04   -0.459967E-04
 6.16991   -0.622605E-04    0.753780E-04   -0.454172E-04
 6.18794   -0.618652E-04    0.749599E-04   -0.448428E-04
 6.20596   -0.614725E-04    0.745443E-04   -0.442733E-04
 6.22399   -0.610827E-04    0.741313E-04   -0.437087E-04
 6.24201   -0.606956E-04    0.737209E-04   -0.431491E-04
 6.26004   -0.603113E-04    0.733130E-04   -0.425944E-04
 6.27807   -0.599299E-04    0.729077E-04   -0.420446E-04
 6.29609   -0.595513E-04    0.725050E-04   -0.414998E-04
 6.31412   -0.591755E-04    0.721048E-04   -0.409598E-04
 6.33214   -0.588026E-04    0.717072E-04   -0.404246E-04
 6.35017   -0.584326E-04    0.713122E-04   -0.398943E-04
 6.36820   -0.580655E-04    0.709198E-04   -0.393688E-04
 6.38622   -0.577012E-04    0.705299E-04   -0.388480E-04
 6.40425   -0.573398E-04    0.701425E-04   -0.383320E-04
 6.42227   -0.569813E-04    0.697577E-04   -0.378207E-04
 6.44030   -0.566255E-04    0.693754E-04   -0.373141E-04
 6.45833   -0.562726E-04    0.689956E-04   -0.368121E-04
 6.47635   -0.559225E-04    0.686183E-04   -0.363147E-04
 6.49438   -0.555751E-04    0.682435E-04   -0.358219E-04
 6.51240   -0.552305E-04    0.678711E-04   -0.353337E-04
 6.53043   -0.548885E-04    0.675012E-04   -0.348499E-04
 6.54846   -0.545492E-04    0.671336E-04   -0.343706E-04
 6.56648   -0.542126E-04    0.667685E-04   -0.338957E-04
 6.58451   -0.538785E-04    0.664057E-04   -0.334252E-04
 6.60254   -0.535469E-04    0.660452E-04   -0.329590E-04
 6.62056   -0.532178E-04    0.656870E-04   -0.324971E-04
 6.63859   -0.528912E-04    0.653311E-04   -0.320394E-04
 6.65661   -0.525670E-04    0.649774E-04   -0.315859E-04
 6.67464   -0.522451E-04    0.646259E-04   -0.311366E-04
 6.69267   -0.519255E-04    0.642766E-04   -0.306914E-04
 6.71069   -0.516081E-04    0.639294E-04   -0.302503E-04
 6.72872   -0.512929E-04    0.635844E-04   -0.298131E-04
 6.74674   -0.509799E-04    0.632414E-04   -0.293799E-04
 6.76477   -0.506689E-04    0.629005E-04   -0.289507E-04
 6.78280   -0.503599E-04    0.625616E-04   -0.285253E-04
 6.80082   -0.500529E-04    0.622247E-04   -0.281038E-04
 6.81885   -0.497478E-04    0.618897E-04   -0.276861E-04
 6.83687   -0.494446E-04    0.615566E-04   -0.272721E-04
 6.85490   -0.491432E-04    0.612255E-04   -0.268618E-04
 6.87293   -0.488435E-04    0.608962E-04   -0.264551E-04
 6.89095   -0.485456E-04    0.605687E-04   -0.260521E-04
 6.90898   -0.482494E-04    0.602430E-04   -0.256527E-04
 6.92700   -0.479548E-04    0.599192E-04   -0.252568E-04
 6.94503   -0.476618E-04    0.595970E-04   -0.248643E-04
 6.96306   -0.473704E-04    0.592766E-04   -0.244754E-04
 6.98108   -0.470805E-04    0.589580E-04   -0.240899E-04
 6.99911   -0.467921E-04    0.586410E-04   -0.237077E-04
 7.01713   -0.465051E-04    0.583256E-04   -0.233289E-04
 7.03516   -0.462196E-04    0.580119E-04   -0.229534E-04
 7.05319   -0.459355E-04    0.576999E-04   -0.225812E-04
 7.07121   -0.456527E-04    0.573894E-04   -0.222123E-04
 7.08924   -0.453713E-04    0.570805E-04   -0.218466E-04
 7.10726   -0.450912E-04    0.567733E-04   -0.214840E-04
 7.12529   -0.448124E-04    0.564675E-04   -0.211246E-04
 7.14332   -0.445349E-04    0.561633E-04   -0.207683E-04
 7.16134   -0.442587E-04    0.558607E-04   -0.204152E-04
 7.17937   -0.439837E-04    0.555595E-04   -0.200651E-04
 7.19739   -0.437100E-04    0.552599E-04   -0.197181E-04
 7.21542   -0.434376E-04    0.549618E-04   -0.193740E-04
 7.23345   -0.431663E-04    0.546652E-04   -0.190330E-04
 7.25147   -0.428963E-04    0.543701E-04   -0.186950E-04
 7.26950   -0.426276E-04    0.540764E-04   -0.183599E-04
 7.28753   -0.423600E-04    0.537842E-04   -0.180277E-04
 7.30555   -0.420937E-04    0.534935E-04   -0.176985E-04
 7.32358   -0.418286E-04    0.532043E-04   -0.173721E-04
 7.34160   -0.415648E-04    0.529165E-04   -0.170486E-04
 7.35963   -0.413021E-04    0.526302E-04   -0.167280E-04
 7.37766   -0.410408E-04    0.523453E-04   -0.164102E-04
 7.39568   -0.407806E-04    0.520619E-04   -0.160952E-04
 7.41371   -0.405217E-04    0.517800E-04   -0.157830E-04
 7.43173   -0.402641E-04    0.514995E-04   -0.154736E-04
 7.44976   -0.400078E-04    0.512205E-04   -0.151670E-04
 7.46779   -0.397527E-04    0.509429E-04   -0.148630E-04
 7.48581   -0.394989E-04    0.506666E-04   -0.145618E-04
 7.50384   -0.392464E-04    0.503921E-04   -0.142634E-04
 7.52186   -0.389952E-04    0.501189E-04   -0.139677E-04
 7.53989   -0.387453E-04    0.498471E-04   -0.136746E-04
 7.55792   -0.384968E-04    0.495768E-04   -0.133842E-04
 7.57594   -0.382495E-04    0.493079E-04   -0.130964E-04
 7.59397   -0.380036E-04    0.490405E-04   -0.128113E-04
 7.61199   -0.377591E-04    0.487746E-04   -0.125288E-04
 7.63002   -0.375159E-04    0.485101E-04   -0.122490E-04
 7.64805   -0.372741E-04    0.482470E-04   -0.119716E-04
 7.66607   -0.370336E-04    0.479855E-04   -0.116969E-04
 7.68410   -0.367945E-04    0.477253E-04   -0.114248E-04
 7.70212   -0.365568E-04    0.474666E-04   -0.111552E-04
 7.72015   -0.363205E-04    0.472094E-04   -0.108881E-04
 7.73818   -0.360856E-04    0.469536E-04   -0.106235E-04
 7.75620   -0.358521E-04    0.466993E-04   -0.103615E-04
 7.77423   -0.356201E-04    0.464464E-04   -0.101019E-04
 7.79225   -0.353894E-04    0.461950E-04   -0.984482E-05
 7.81028   -0.351602E-04    0.459450E-04   -0.959018E-05
 7.82831   -0.349324E-04    0.456964E-04   -0.933799E-05
 7.84633   -0.347060E-04    0.454493E-04   -0.908820E-05
 7.86436   -0.344811E-04    0.452037E-04   -0.884084E-05
 7.88238   -0.342577E-04    0.449595E-04   -0.859586E-05
 7.90041   -0.340356E-04    0.447167E-04   -0.835328E-05
 7.91844   -0.338151E-04    0.444753E-04   -0.811309E-05
 7.93646   -0.335960E-04    0.442354E-04   -0.787524E-05
 7.95449   -0.333783E-04    0.439969E-04   -0.763971E-05
 7.97252   -0.331621E-04    0.437599E-04   -0.740659E-05
 7.99054   -0.329474E-04    0.435243E-04   -0.717563E-05
 8.00857   -0.327341E-04    0.432900E-04   -0.694702E-05
 8.02659   -0.325223E-04    0.430572E-04   -0.672069E-05
 8.04462   -0.323120E-04    0.428259E-04   -0.649662E-05
 8.06265   -0.321031E-04    0.425959E-04   -0.627480E-05
 8.08067   -0.318957E-04    0.423673E-04   -0.605520E-05
 8.09870   -0.316897E-04    0.421402E-04   -0.583783E-05
 8.11672   -0.314852E-04    0.419144E-04   -0.562265E-05
 8.13475   -0.312822E-04    0.416900E-04   -0.540966E-05
 8.15278   -0.310806E-04    0.414670E-04   -0.519882E-05
 8.17080   -0.308805E-04    0.412454E-04   -0.499015E-05
 8.18883   -0.306819E-04    0.410252E-04   -0.478368E-05
 8.20685   -0.304846E-04    0.408063E-04   -0.457925E-05
 8.22488   -0.302889E-04    0.405888E-04   -0.437694E-05
 8.24291   -0.300946E-04    0.403727E-04   -0.417671E-05
 8.26093   -0.299017E-04    0.401579E-04   -0.397856E-05
 8.27896   -0.297103E-04    0.399445E-04   -0.378248E-05
 8.29698   -0.295202E-04    0.397324E-04   -0.358843E-05
 8.31501   -0.293317E-04    0.395217E-04   -0.339642E-05
 8.33304   -0.291445E-04    0.393122E-04   -0.320643E-05
 8.35106   -0.289588E-04    0.391042E-04   -0.301841E-05
 8.36909   -0.287745E-04    0.388974E-04   -0.283244E-05
 8.38711   -0.285915E-04    0.386920E-04   -0.264833E-05
 8.40514   -0.284100E-04    0.384878E-04   -0.246622E-05
 8.42317   -0.282299E-04    0.382850E-04   -0.228605E-05
 8.44119   -0.280512E-04    0.380834E-04   -0.210781E-05
 8.45922   -0.278738E-04    0.378832E-04   -0.193148E-05
 8.47724   -0.276979E-04    0.376842E-04   -0.175701E-05
 8.49527   -0.275232E-04    0.374865E-04   -0.158444E-05
 8.51330   -0.273500E-04    0.372901E-04   -0.141377E-05
 8.53132   -0.271781E-04    0.370949E-04   -0.124490E-05
 8.54935   -0.270076E-04    0.369010E-04   -0.107788E-05
 8.56737   -0.268383E-04    0.367083E-04   -0.912621E-06
 8.58540   -0.266705E-04    0.365168E-04   -0.749136E-06
 8.60343   -0.265039E-04    0.363266E-04   -0.587513E-06
 8.62145   -0.263386E-04    0.361376E-04   -0.427632E-06
 8.63948   -0.261747E-04    0.359498E-04   -0.269518E-06
 8.65751   -0.260120E-04    0.357633E-04   -0.113114E-06
 8.67553   -0.258507E-04    0.355779E-04    0.415118E-07
 8.69356   -0.256906E-04    0.353937E-04    0.194452E-06
 8.71158   -0.255317E-04    0.352107E-04    0.345726E-06
 8.72961   -0.253742E-04    0.350289E-04    0.495317E-06
 8.74764   -0.252178E-04    0.348483E-04    0.643223E-06
 8.76566   -0.250627E-04    0.346688E-04    0.789494E-06
 8.78369   -0.249089E-04    0.344904E-04    0.933989E-06
 8.80171   -0.247562E-04    0.343132E-04    0.107738E-05
 8.81974   -0.246048E-04    0.341372E-04    0.121882E-05
 8.83777   -0.244545E-04    0.339622E-04    0.135867E-05
 8.85579   -0.243055E-04    0.337884E-04    0.149695E-05
 8.87382   -0.241576E-04    0.336157E-04    0.163366E-05
 8.89184   -0.240109E-04    0.334441E-04    0.176883E-05
 8.90987   -0.238653E-04    0.332736E-04    0.190247E-05
 8.92790   -0.237209E-04    0.331042E-04    0.203458E-05
 8.94592   -0.235777E-04    0.329358E-04    0.216521E-05
 8.96395   -0.234355E-04    0.327685E-04    0.229434E-05
 8.98197   -0.232945E-04    0.326023E-04    0.242199E-05
 9.00000   -0.231546E-04    0.324372E-04    0.254819E-05
