 0.00500    0.458802E-02   -0.242897E-02    0.198547E-02
 0.02303    0.376684E-02   -0.201833E-02    0.167737E-02
 0.04105    0.328479E-02   -0.177718E-02    0.149629E-02
 0.05908    0.293340E-02   -0.160130E-02    0.136407E-02
 0.07710    0.265630E-02   -0.146253E-02    0.125960E-02
 0.09513    0.242826E-02   -0.134825E-02    0.117344E-02
 0.11316    0.223535E-02   -0.125150E-02    0.110036E-02
 0.13118    0.206898E-02   -0.116799E-02    0.103717E-02
 0.14921    0.192342E-02   -0.109485E-02    0.981706E-03
 0.16723    0.179464E-02   -0.103008E-02    0.932479E-03
 0.18526    0.167967E-02   -0.972228E-03    0.888381E-03
 0.20329    0.157628E-02   -0.920112E-03    0.848578E-03
 0.22131    0.148272E-02   -0.872865E-03    0.812419E-03
 0.23934    0.139760E-02   -0.829857E-03    0.779391E-03
 0.25736    0.131982E-02   -0.790502E-03    0.749079E-03
 0.27539    0.124846E-02   -0.754342E-03    0.721145E-03
 0.29342    0.118275E-02   -0.720999E-03    0.695302E-03
 0.31144    0.112206E-02   -0.690155E-03    0.671316E-03
 0.32947    0.106584E-02   -0.661538E-03    0.648985E-03
 0.34749    0.101364E-02   -0.634919E-03    0.628138E-03
 0.36552    0.965041E-03   -0.610098E-03    0.608627E-03
 0.38355    0.919711E-03   -0.586903E-03    0.590324E-03
 0.40157    0.877342E-03   -0.565183E-03    0.573117E-03
 0.41960    0.837668E-03   -0.544824E-03    0.556907E-03
 0.43763    0.800454E-03   -0.525671E-03    0.541608E-03
 0.45565    0.765493E-03   -0.507641E-03    0.527142E-03
 0.47368    0.732599E-03   -0.490640E-03    0.513444E-03
 0.49170    0.701607E-03   -0.474569E-03    0.500450E-03
 0.50973    0.672368E-03   -0.459390E-03    0.488106E-03
 0.52776    0.644749E-03   -0.445019E-03    0.476363E-03
 0.54578    0.618630E-03   -0.431396E-03    0.465176E-03
 0.56381    0.593902E-03   -0.418466E-03    0.454506E-03
 0.58183    0.570465E-03   -0.406180E-03    0.444316E-03
 0.59986    0.548230E-03   -0.394495E-03    0.434573E-03
 0.61789    0.527115E-03   -0.383368E-03    0.425247E-03
 0.63591    0.507045E-03   -0.372763E-03    0.416310E-03
 0.65394    0.487952E-03   -0.362646E-03    0.407738E-03
 0.67196    0.469773E-03   -0.352986E-03    0.399507E-03
 0.68999    0.452452E-03   -0.343753E-03    0.391595E-03
 0.70802    0.435932E-03   -0.334923E-03    0.383984E-03
 0.72604    0.420168E-03   -0.326470E-03    0.376656E-03
 0.74407    0.405113E-03   -0.318372E-03    0.369593E-03
 0.76209    0.390726E-03   -0.310608E-03    0.362781E-03
 0.78012    0.376968E-03   -0.303160E-03    0.356206E-03
 0.79815    0.363803E-03   -0.296009E-03    0.349854E-03
 0.81617    0.351199E-03   -0.289139E-03    0.343713E-03
 0.83420    0.339125E-03   -0.282534E-03    0.337772E-03
 0.85222    0.327551E-03   -0.276181E-03    0.332020E-03
 0.87025    0.316451E-03   -0.270066E-03    0.326448E-03
 0.88828    0.305799E-03   -0.264177E-03    0.321046E-03
 0.90630    0.295574E-03   -0.258501E-03    0.315806E-03
 0.92433    0.285753E-03   -0.253029E-03    0.310720E-03
 0.94235    0.276315E-03   -0.247750E-03    0.305780E-03
 0.96038    0.267242E-03   -0.242655E-03    0.300979E-03
 0.97841    0.258515E-03   -0.237734E-03    0.296311E-03
 0.99643    0.250119E-03   -0.232981E-03    0.291770E-03
 1.01446    0.242036E-03   -0.228385E-03    0.287350E-03
 1.03248    0.234253E-03   -0.223942E-03    0.283045E-03
 1.05051    0.226756E-03   -0.219642E-03    0.278850E-03
 1.06854    0.219531E-03   -0.215480E-03    0.274761E-03
 1.08656    0.212565E-03   -0.211450E-03    0.270773E-03
 1.10459    0.205849E-03   -0.207546E-03    0.266882E-03
 1.12262    0.199369E-03   -0.203762E-03    0.263083E-03
 1.14064    0.193116E-03   -0.200094E-03    0.259373E-03
 1.15867    0.187080E-03   -0.196536E-03    0.255748E-03
 1.17669    0.181253E-03   -0.193084E-03    0.252206E-03
 1.19472    0.175624E-03   -0.189733E-03    0.248741E-03
 1.21275    0.170186E-03   -0.186479E-03    0.245353E-03
 1.23077    0.164930E-03   -0.183319E-03    0.242037E-03
 1.24880    0.159850E-03   -0.180248E-03    0.238791E-03
 1.26682    0.154938E-03   -0.177263E-03    0.235612E-03
 1.28485    0.150187E-03   -0.174361E-03    0.232498E-03
 1.30288    0.145591E-03   -0.171538E-03    0.229446E-03
 1.32090    0.141144E-03   -0.168792E-03    0.226455E-03
 1.33893    0.136841E-03   -0.166119E-03    0.223521E-03
 1.35695    0.132674E-03   -0.163517E-03    0.220644E-03
 1.37498    0.128640E-03   -0.160983E-03    0.217821E-03
 1.39301    0.124733E-03   -0.158515E-03    0.215050E-03
 1.41103    0.120949E-03   -0.156109E-03    0.212329E-03
 1.42906    0.117282E-03   -0.153765E-03    0.209658E-03
 1.44708    0.113729E-03   -0.151480E-03    0.207034E-03
 1.46511    0.110285E-03   -0.149251E-03    0.204455E-03
 1.48314    0.106947E-03   -0.147077E-03    0.201921E-03
 1.50116    0.103711E-03   -0.144956E-03    0.199430E-03
 1.51919    0.100572E-03   -0.142886E-03    0.196980E-03
 1.53721    0.975282E-04   -0.140865E-03    0.194571E-03
 1.55524    0.945755E-04   -0.138892E-03    0.192200E-03
 1.57327    0.917108E-04   -0.136965E-03    0.189868E-03
 1.59129    0.889311E-04   -0.135083E-03    0.187572E-03
 1.60932    0.862336E-04   -0.133244E-03    0.185312E-03
 1.62734    0.836155E-04   -0.131446E-03    0.183087E-03
 1.64537    0.810741E-04   -0.129689E-03    0.180895E-03
 1.66340    0.786068E-04   -0.127971E-03    0.178737E-03
 1.68142    0.762113E-04   -0.126290E-03    0.176610E-03
 1.69945    0.738851E-04   -0.124647E-03    0.174514E-03
 1.71747    0.716260E-04   -0.123039E-03    0.172449E-03
 1.73550    0.694322E-04   -0.121466E-03    0.170412E-03
 1.75353    0.673011E-04   -0.119926E-03    0.168405E-03
 1.77155    0.652311E-04   -0.118418E-03    0.166425E-03
 1.78958    0.632201E-04   -0.116942E-03    0.164473E-03
 1.80761    0.612664E-04   -0.115497E-03    0.162547E-03
 1.82563    0.593684E-04   -0.114082E-03    0.160647E-03
 1.84366    0.575243E-04   -0.112695E-03    0.158773E-03
 1.86168    0.557323E-04   -0.111337E-03    0.156923E-03
 1.87971    0.539912E-04   -0.110006E-03    0.155097E-03
 1.89774    0.522995E-04   -0.108702E-03    0.153295E-03
 1.91576    0.506557E-04   -0.107424E-03    0.151516E-03
 1.93379    0.490585E-04   -0.106171E-03    0.149760E-03
 1.95181    0.475067E-04   -0.104942E-03    0.148026E-03
 1.96984    0.459990E-04   -0.103738E-03    0.146314E-03
 1.98787    0.445344E-04   -0.102557E-03    0.144623E-03
 2.00589    0.431115E-04   -0.101399E-03    0.142953E-03
 2.02392    0.417296E-04   -0.100263E-03    0.141303E-03
 2.04194    0.403874E-04   -0.991494E-04    0.139674E-03
 2.05997    0.390840E-04   -0.980570E-04    0.138064E-03
 2.07800    0.378186E-04   -0.969855E-04    0.136474E-03
 2.09602    0.365902E-04   -0.959343E-04    0.134903E-03
 2.11405    0.353979E-04   -0.949032E-04    0.133350E-03
 2.13207    0.342411E-04   -0.938916E-04    0.131816E-03
 2.15010    0.331187E-04   -0.928993E-04    0.130301E-03
 2.16813    0.320303E-04   -0.919258E-04    0.128803E-03
 2.18615    0.309748E-04   -0.909707E-04    0.127322E-03
 2.20418    0.299518E-04   -0.900337E-04    0.125859E-03
 2.22220    0.289604E-04   -0.891144E-04    0.124414E-03
 2.24023    0.280001E-04   -0.882126E-04    0.122985E-03
 2.25826    0.270702E-04   -0.873278E-04    0.121572E-03
 2.27628    0.261699E-04   -0.864597E-04    0.120176E-03
 2.29431    0.252988E-04   -0.856082E-04    0.118796E-03
 2.31233    0.244561E-04   -0.847724E-04    0.117432E-03
 2.33036    0.236412E-04   -0.839525E-04    0.116083E-03
 2.34839    0.228534E-04   -0.831481E-04    0.114750E-03
 2.36641    0.220922E-04   -0.823587E-04    0.113432E-03
 2.38444    0.213568E-04   -0.815841E-04    0.112129E-03
 2.40246    0.206465E-04   -0.808239E-04    0.110841E-03
 2.42049    0.199608E-04   -0.800777E-04    0.109566E-03
 2.43852    0.192991E-04   -0.793452E-04    0.108306E-03
 2.45654    0.186598E-04   -0.786260E-04    0.107060E-03
 2.47457    0.180430E-04   -0.779198E-04    0.105827E-03
 2.49260    0.174478E-04   -0.772259E-04    0.104607E-03
 2.51062    0.168733E-04   -0.765443E-04    0.103400E-03
 2.52865    0.163187E-04   -0.758746E-04    0.102206E-03
 2.54667    0.157830E-04   -0.752158E-04    0.101024E-03
 2.56470    0.152656E-04   -0.745681E-04    0.998536E-04
 2.58273    0.147655E-04   -0.739307E-04    0.986949E-04
 2.60075    0.142817E-04   -0.733032E-04    0.975475E-04
 2.61878    0.138134E-04   -0.726852E-04    0.964108E-04
 2.63680    0.133597E-04   -0.720760E-04    0.952846E-04
 2.65483    0.129195E-04   -0.714755E-04    0.941685E-04
 2.67286    0.124920E-04   -0.708830E-04    0.930622E-04
 2.69088    0.120763E-04   -0.702980E-04    0.919652E-04
 2.70891    0.116714E-04   -0.697200E-04    0.908771E-04
 2.72693    0.112763E-04   -0.691487E-04    0.898008E-04
 2.74496    0.108902E-04   -0.685834E-04    0.887296E-04
 2.76299    0.105121E-04   -0.680238E-04    0.876663E-04
 2.78101    0.101411E-04   -0.674694E-04    0.866106E-04
 2.79904    0.977648E-05   -0.669198E-04    0.855621E-04
 2.81706    0.941731E-05   -0.663745E-04    0.845175E-04
 2.83509    0.906280E-05   -0.658331E-04    0.834824E-04
 2.85312    0.871216E-05   -0.652952E-04    0.824536E-04
 2.87114    0.836467E-05   -0.647605E-04    0.814306E-04
 2.88917    0.801963E-05   -0.642286E-04    0.804134E-04
 2.90719    0.767636E-05   -0.636990E-04    0.794016E-04
 2.92522    0.733425E-05   -0.631716E-04    0.783948E-04
 2.94325    0.699276E-05   -0.626460E-04    0.773930E-04
 2.96127    0.665129E-05   -0.621221E-04    0.763959E-04
 2.97930    0.630935E-05   -0.615992E-04    0.754033E-04
 2.99732    0.596651E-05   -0.610778E-04    0.744149E-04
 3.01535    0.562232E-05   -0.605569E-04    0.734307E-04
 3.03338    0.527641E-05   -0.600367E-04    0.724505E-04
 3.05140    0.492843E-05   -0.595169E-04    0.714740E-04
 3.06943    0.457811E-05   -0.589974E-04    0.705013E-04
 3.08745    0.422511E-05   -0.584780E-04    0.695322E-04
 3.10548    0.386926E-05   -0.579587E-04    0.685665E-04
 3.12351    0.351033E-05   -0.574394E-04    0.676042E-04
 3.14153    0.314815E-05   -0.569198E-04    0.666452E-04
 3.15956    0.278257E-05   -0.563999E-04    0.656896E-04
 3.17759    0.241347E-05   -0.558798E-04    0.647373E-04
 3.19561    0.204072E-05   -0.553593E-04    0.637880E-04
 3.21364    0.166431E-05   -0.548384E-04    0.628418E-04
 3.23166    0.128416E-05   -0.543170E-04    0.618989E-04
 3.24969    0.900266E-06   -0.537952E-04    0.609590E-04
 3.26772    0.512642E-06   -0.532730E-04    0.600223E-04
 3.28574    0.121322E-06   -0.527504E-04    0.590888E-04
 3.30377   -0.273652E-06   -0.522274E-04    0.581585E-04
 3.32179   -0.672219E-06   -0.517040E-04    0.572314E-04
 3.33982   -0.107428E-05   -0.511803E-04    0.563075E-04
 3.35785   -0.147972E-05   -0.506564E-04    0.553871E-04
 3.37587   -0.188842E-05   -0.501323E-04    0.544699E-04
 3.39390   -0.230017E-05   -0.496082E-04    0.535562E-04
 3.41192   -0.271480E-05   -0.490840E-04    0.526460E-04
 3.42995   -0.313218E-05   -0.485600E-04    0.517394E-04
 3.44798   -0.355198E-05   -0.480361E-04    0.508365E-04
 3.46600   -0.397399E-05   -0.475127E-04    0.499374E-04
 3.48403   -0.439792E-05   -0.469897E-04    0.490423E-04
 3.50205   -0.482351E-05   -0.464675E-04    0.481510E-04
 3.52008   -0.525043E-05   -0.459460E-04    0.472642E-04
 3.53811   -0.567840E-05   -0.454256E-04    0.463819E-04
 3.55613   -0.610702E-05   -0.449062E-04    0.455038E-04
 3.57416   -0.653594E-05   -0.443882E-04    0.446303E-04
 3.59218   -0.696477E-05   -0.438718E-04    0.437617E-04
 3.61021   -0.739315E-05   -0.433571E-04    0.428979E-04
 3.62824   -0.782062E-05   -0.428444E-04    0.420393E-04
 3.64626   -0.824677E-05   -0.423338E-04    0.411859E-04
 3.66429   -0.867120E-05   -0.418257E-04    0.403380E-04
 3.68231   -0.909345E-05   -0.413201E-04    0.394957E-04
 3.70034   -0.951310E-05   -0.408174E-04    0.386592E-04
 3.71837   -0.992971E-05   -0.403180E-04    0.378286E-04
 3.73639   -0.103428E-04   -0.398216E-04    0.370045E-04
 3.75442   -0.107521E-04   -0.393288E-04    0.361864E-04
 3.77244   -0.111569E-04   -0.388397E-04    0.353747E-04
 3.79047   -0.115570E-04   -0.383545E-04    0.345699E-04
 3.80850   -0.119519E-04   -0.378735E-04    0.337718E-04
 3.82652   -0.123412E-04   -0.373968E-04    0.329808E-04
 3.84455   -0.127245E-04   -0.369247E-04    0.321968E-04
 3.86258   -0.131013E-04   -0.364574E-04    0.314201E-04
 3.88060   -0.134715E-04   -0.359950E-04    0.306509E-04
 3.89863   -0.138344E-04   -0.355378E-04    0.298891E-04
 3.91665   -0.141900E-04   -0.350857E-04    0.291351E-04
 3.93468   -0.145378E-04   -0.346393E-04    0.283889E-04
 3.95271   -0.148776E-04   -0.341984E-04    0.276505E-04
 3.97073   -0.152091E-04   -0.337631E-04    0.269202E-04
 3.98876   -0.155321E-04   -0.333338E-04    0.261980E-04
 4.00678   -0.158463E-04   -0.329103E-04    0.254838E-04
 4.02481   -0.161515E-04   -0.324929E-04    0.247778E-04
 4.04284   -0.164475E-04   -0.320817E-04    0.240802E-04
 4.06086   -0.167343E-04   -0.316767E-04    0.233909E-04
 4.07889   -0.170117E-04   -0.312780E-04    0.227100E-04
 4.09691   -0.172795E-04   -0.308855E-04    0.220375E-04
 4.11494   -0.175378E-04   -0.304995E-04    0.213733E-04
 4.13297   -0.177864E-04   -0.301198E-04    0.207176E-04
 4.15099   -0.180253E-04   -0.297464E-04    0.200703E-04
 4.16902   -0.182545E-04   -0.293795E-04    0.194315E-04
 4.18704   -0.184740E-04   -0.290190E-04    0.188010E-04
 4.20507   -0.186839E-04   -0.286648E-04    0.181789E-04
 4.22310   -0.188842E-04   -0.283170E-04    0.175651E-04
 4.24112   -0.190749E-04   -0.279754E-04    0.169596E-04
 4.25915   -0.192562E-04   -0.276401E-04    0.163623E-04
 4.27717   -0.194282E-04   -0.273110E-04    0.157732E-04
 4.29520   -0.195909E-04   -0.269881E-04    0.151924E-04
 4.31323   -0.197445E-04   -0.266712E-04    0.146194E-04
 4.33125   -0.198892E-04   -0.263602E-04    0.140545E-04
 4.34928   -0.200250E-04   -0.260552E-04    0.134975E-04
 4.36730   -0.201522E-04   -0.257560E-04    0.129483E-04
 4.38533   -0.202709E-04   -0.254625E-04    0.124068E-04
 4.40336   -0.203814E-04   -0.251746E-04    0.118730E-04
 4.42138   -0.204837E-04   -0.248922E-04    0.113466E-04
 4.43941   -0.205782E-04   -0.246152E-04    0.108278E-04
 4.45743   -0.206650E-04   -0.243436E-04    0.103163E-04
 4.47546   -0.207443E-04   -0.240771E-04    0.981209E-05
 4.49349   -0.208163E-04   -0.238157E-04    0.931500E-05
 4.51151   -0.208812E-04   -0.235592E-04    0.882496E-05
 4.52954   -0.209393E-04   -0.233077E-04    0.834188E-05
 4.54757   -0.209908E-04   -0.230608E-04    0.786562E-05
 4.56559   -0.210358E-04   -0.228186E-04    0.739608E-05
 4.58362   -0.210746E-04   -0.225809E-04    0.693322E-05
 4.60164   -0.211075E-04   -0.223476E-04    0.647685E-05
 4.61967   -0.211346E-04   -0.221185E-04    0.602681E-05
 4.63770   -0.211561E-04   -0.218936E-04    0.558314E-05
 4.65572   -0.211722E-04   -0.216728E-04    0.514567E-05
 4.67375   -0.211832E-04   -0.214559E-04    0.471432E-05
 4.69177   -0.211893E-04   -0.212428E-04    0.428895E-05
 4.70980   -0.211906E-04   -0.210335E-04    0.386949E-05
 4.72783   -0.211873E-04   -0.208278E-04    0.345583E-05
 4.74585   -0.211797E-04   -0.206256E-04    0.304786E-05
 4.76388   -0.211679E-04   -0.204268E-04    0.264550E-05
 4.78190   -0.211521E-04   -0.202313E-04    0.224865E-05
 4.79993   -0.211325E-04   -0.200391E-04    0.185722E-05
 4.81796   -0.211092E-04   -0.198500E-04    0.147110E-05
 4.83598   -0.210825E-04   -0.196639E-04    0.109022E-05
 4.85401   -0.210524E-04   -0.194807E-04    0.714481E-06
 4.87203   -0.210192E-04   -0.193004E-04    0.343834E-06
 4.89006   -0.209830E-04   -0.191229E-04   -0.218803E-07
 4.90809   -0.209439E-04   -0.189481E-04   -0.382743E-06
 4.92611   -0.209021E-04   -0.187759E-04   -0.738759E-06
 4.94414   -0.208577E-04   -0.186062E-04   -0.109001E-05
 4.96216   -0.208108E-04   -0.184390E-04   -0.143667E-05
 4.98019   -0.207617E-04   -0.182742E-04   -0.177870E-05
 4.99822   -0.207103E-04   -0.181117E-04   -0.211624E-05
 5.01624   -0.206569E-04   -0.179515E-04   -0.244931E-05
 5.03427   -0.206014E-04   -0.177935E-04   -0.277802E-05
 5.05229   -0.205442E-04   -0.176376E-04   -0.310248E-05
 5.07032   -0.204851E-04   -0.174838E-04   -0.342264E-05
 5.08835   -0.204244E-04   -0.173319E-04   -0.373862E-05
 5.10637   -0.203622E-04   -0.171821E-04   -0.405048E-05
 5.12440   -0.202985E-04   -0.170341E-04   -0.435827E-05
 5.14242   -0.202334E-04   -0.168880E-04   -0.466207E-05
 5.16045   -0.201670E-04   -0.167437E-04   -0.496191E-05
 5.17848   -0.200994E-04   -0.166012E-04   -0.525784E-05
 5.19650   -0.200307E-04   -0.164603E-04   -0.554993E-05
 5.21453   -0.199609E-04   -0.163211E-04   -0.583825E-05
 5.23256   -0.198901E-04   -0.161836E-04   -0.612282E-05
 5.25058   -0.198184E-04   -0.160476E-04   -0.640371E-05
 5.26861   -0.197459E-04   -0.159138E-04   -0.668095E-05
 5.28663   -0.196725E-04   -0.157809E-04   -0.695460E-05
 5.30466   -0.195985E-04   -0.156494E-04   -0.722472E-05
 5.32269   -0.195237E-04   -0.155193E-04   -0.749133E-05
 5.34071   -0.194483E-04   -0.153906E-04   -0.775449E-05
 5.35874   -0.193724E-04   -0.152633E-04   -0.801424E-05
 5.37676   -0.192959E-04   -0.151374E-04   -0.827066E-05
 5.39479   -0.192190E-04   -0.150127E-04   -0.852375E-05
 5.41282   -0.191416E-04   -0.148893E-04   -0.877346E-05
 5.43084   -0.190639E-04   -0.147671E-04   -0.902000E-05
 5.44887   -0.189858E-04   -0.146461E-04   -0.926335E-05
 5.46689   -0.189074E-04   -0.145257E-04   -0.950350E-05
 5.48492   -0.188287E-04   -0.144071E-04   -0.974054E-05
 5.50295   -0.187498E-04   -0.142896E-04   -0.997449E-05
 5.52097   -0.186707E-04   -0.141733E-04   -0.102054E-04
 5.53900   -0.185914E-04   -0.140580E-04   -0.104332E-04
 5.55702   -0.185120E-04   -0.139438E-04   -0.106581E-04
 5.57505   -0.184324E-04   -0.138307E-04   -0.108800E-04
 5.59308   -0.183528E-04   -0.137186E-04   -0.110990E-04
 5.61110   -0.182731E-04   -0.136075E-04   -0.113152E-04
 5.62913   -0.181933E-04   -0.134974E-04   -0.115284E-04
 5.64715   -0.181136E-04   -0.133883E-04   -0.117389E-04
 5.66518   -0.180338E-04   -0.132801E-04   -0.119465E-04
 5.68321   -0.179541E-04   -0.131729E-04   -0.121514E-04
 5.70123   -0.178744E-04   -0.130666E-04   -0.123536E-04
 5.71926   -0.177948E-04   -0.129612E-04   -0.125530E-04
 5.73728   -0.177153E-04   -0.128567E-04   -0.127498E-04
 5.75531   -0.176358E-04   -0.127531E-04   -0.129440E-04
 5.77334   -0.175565E-04   -0.126504E-04   -0.131355E-04
 5.79136   -0.174772E-04   -0.125485E-04   -0.133244E-04
 5.80939   -0.173982E-04   -0.124475E-04   -0.135108E-04
 5.82741   -0.173192E-04   -0.123473E-04   -0.136946E-04
 5.84544   -0.172404E-04   -0.122479E-04   -0.138759E-04
 5.86347   -0.171618E-04   -0.121493E-04   -0.140547E-04
 5.88149   -0.170834E-04   -0.120516E-04   -0.142311E-04
 5.89952   -0.170051E-04   -0.119546E-04   -0.144050E-04
 5.91755   -0.169271E-04   -0.118584E-04   -0.145765E-04
 5.93557   -0.168492E-04   -0.117630E-04   -0.147456E-04
 5.95360   -0.167716E-04   -0.116683E-04   -0.149124E-04
 5.97162   -0.166942E-04   -0.115744E-04   -0.150767E-04
 5.98965   -0.166170E-04   -0.114812E-04   -0.152388E-04
 6.00768   -0.165400E-04   -0.113888E-04   -0.153985E-04
 6.02570   -0.164633E-04   -0.112970E-04   -0.155560E-04
 6.04373   -0.163868E-04   -0.112060E-04   -0.157111E-04
 6.06175   -0.163106E-04   -0.111157E-04   -0.158641E-04
 6.07978   -0.162346E-04   -0.110261E-04   -0.160148E-04
 6.09781   -0.161589E-04   -0.109372E-04   -0.161633E-04
 6.11583   -0.160835E-04   -0.108490E-04   -0.163096E-04
 6.13386   -0.160083E-04   -0.107614E-04   -0.164537E-04
 6.15188   -0.159334E-04   -0.106745E-04   -0.165957E-04
 6.16991   -0.158588E-04   -0.105883E-04   -0.167356E-04
 6.18794   -0.157845E-04   -0.105027E-04   -0.168734E-04
 6.20596   -0.157104E-04   -0.104178E-04   -0.170091E-04
 6.22399   -0.156367E-04   -0.103335E-04   -0.171428E-04
 6.24201   -0.155632E-04   -0.102499E-04   -0.172744E-04
 6.26004   -0.154900E-04   -0.101669E-04   -0.174039E-04
 6.27807   -0.154172E-04   -0.100845E-04   -0.175315E-04
 6.29609   -0.153446E-04   -0.100027E-04   -0.176570E-04
 6.31412   -0.152723E-04   -0.992148E-05   -0.177807E-04
 6.33214   -0.152004E-04   -0.984090E-05   -0.179024E-04
 6.35017   -0.151287E-04   -0.976091E-05   -0.180222E-04
 6.36820   -0.150574E-04   -0.968151E-05   -0.181400E-04
 6.38622   -0.149864E-04   -0.960269E-05   -0.182560E-04
 6.40425   -0.149157E-04   -0.952444E-05   -0.183700E-04
 6.42227   -0.148453E-04   -0.944677E-05   -0.184823E-04
 6.44030   -0.147753E-04   -0.936966E-05   -0.185926E-04
 6.45833   -0.147055E-04   -0.929311E-05   -0.187012E-04
 6.47635   -0.146361E-04   -0.921711E-05   -0.188079E-04
 6.49438   -0.145671E-04   -0.914167E-05   -0.189129E-04
 6.51240   -0.144983E-04   -0.906676E-05   -0.190161E-04
 6.53043   -0.144299E-04   -0.899238E-05   -0.191175E-04
 6.54846   -0.143618E-04   -0.891855E-05   -0.192172E-04
 6.56648   -0.142941E-04   -0.884523E-05   -0.193152E-04
 6.58451   -0.142267E-04   -0.877244E-05   -0.194115E-04
 6.60254   -0.141596E-04   -0.870017E-05   -0.195061E-04
 6.62056   -0.140929E-04   -0.862840E-05   -0.195989E-04
 6.63859   -0.140265E-04   -0.855715E-05   -0.196901E-04
 6.65661   -0.139605E-04   -0.848639E-05   -0.197797E-04
 6.67464   -0.138948E-04   -0.841614E-05   -0.198677E-04
 6.69267   -0.138294E-04   -0.834637E-05   -0.199540E-04
 6.71069   -0.137644E-04   -0.827710E-05   -0.200388E-04
 6.72872   -0.136997E-04   -0.820831E-05   -0.201220E-04
 6.74674   -0.136353E-04   -0.814001E-05   -0.202036E-04
 6.76477   -0.135713E-04   -0.807218E-05   -0.202836E-04
 6.78280   -0.135076E-04   -0.800482E-05   -0.203621E-04
 6.80082   -0.134442E-04   -0.793793E-05   -0.204391E-04
 6.81885   -0.133812E-04   -0.787151E-05   -0.205146E-04
 6.83687   -0.133186E-04   -0.780555E-05   -0.205886E-04
 6.85490   -0.132562E-04   -0.774006E-05   -0.206611E-04
 6.87293   -0.131942E-04   -0.767501E-05   -0.207321E-04
 6.89095   -0.131325E-04   -0.761042E-05   -0.208017E-04
 6.90898   -0.130712E-04   -0.754628E-05   -0.208699E-04
 6.92700   -0.130101E-04   -0.748259E-05   -0.209366E-04
 6.94503   -0.129494E-04   -0.741934E-05   -0.210020E-04
 6.96306   -0.128890E-04   -0.735653E-05   -0.210659E-04
 6.98108   -0.128290E-04   -0.729415E-05   -0.211284E-04
 6.99911   -0.127692E-04   -0.723221E-05   -0.211896E-04
 7.01713   -0.127098E-04   -0.717071E-05   -0.212494E-04
 7.03516   -0.126507E-04   -0.710962E-05   -0.213079E-04
 7.05319   -0.125919E-04   -0.704897E-05   -0.213651E-04
 7.07121   -0.125334E-04   -0.699033E-05   -0.214209E-04
 7.08924   -0.124753E-04   -0.692892E-05   -0.214754E-04
 7.10726   -0.124174E-04   -0.686952E-05   -0.215287E-04
 7.12529   -0.123598E-04   -0.681054E-05   -0.215806E-04
 7.14332   -0.123026E-04   -0.675197E-05   -0.216313E-04
 7.16134   -0.122456E-04   -0.669381E-05   -0.216808E-04
 7.17937   -0.121890E-04   -0.663606E-05   -0.217290E-04
 7.19739   -0.121326E-04   -0.657871E-05   -0.217759E-04
 7.21542   -0.120765E-04   -0.652177E-05   -0.218217E-04
 7.23345   -0.120208E-04   -0.646522E-05   -0.218662E-04
 7.25147   -0.119653E-04   -0.640907E-05   -0.219095E-04
 7.26950   -0.119101E-04   -0.635332E-05   -0.219517E-04
 7.28753   -0.118552E-04   -0.629795E-05   -0.219927E-04
 7.30555   -0.118005E-04   -0.624298E-05   -0.220325E-04
 7.32358   -0.117462E-04   -0.618839E-05   -0.220711E-04
 7.34160   -0.116921E-04   -0.613419E-05   -0.221087E-04
 7.35963   -0.116383E-04   -0.608038E-05   -0.221451E-04
 7.37766   -0.115848E-04   -0.602694E-05   -0.221804E-04
 7.39568   -0.115315E-04   -0.597388E-05   -0.222145E-04
 7.41371   -0.114786E-04   -0.592120E-05   -0.222476E-04
 7.43173   -0.114259E-04   -0.586888E-05   -0.222796E-04
 7.44976   -0.113734E-04   -0.581694E-05   -0.223105E-04
 7.46779   -0.113212E-04   -0.576537E-05   -0.223404E-04
 7.48581   -0.112693E-04   -0.571416E-05   -0.223692E-04
 7.50384   -0.112177E-04   -0.566332E-05   -0.223970E-04
 7.52186   -0.111663E-04   -0.561284E-05   -0.224237E-04
 7.53989   -0.111152E-04   -0.556271E-05   -0.224494E-04
 7.55792   -0.110643E-04   -0.551295E-05   -0.224742E-04
 7.57594   -0.110137E-04   -0.546353E-05   -0.224979E-04
 7.59397   -0.109633E-04   -0.541446E-05   -0.225206E-04
 7.61199   -0.109132E-04   -0.536575E-05   -0.225424E-04
 7.63002   -0.108634E-04   -0.531738E-05   -0.225631E-04
 7.64805   -0.108138E-04   -0.526935E-05   -0.225829E-04
 7.66607   -0.107644E-04   -0.522167E-05   -0.226018E-04
 7.68410   -0.107153E-04   -0.517432E-05   -0.226198E-04
 7.70212   -0.106664E-04   -0.512731E-05   -0.226368E-04
 7.72015   -0.106178E-04   -0.508063E-05   -0.226529E-04
 7.73818   -0.105695E-04   -0.503429E-05   -0.226681E-04
 7.75620   -0.105214E-04   -0.498827E-05   -0.226824E-04
 7.77423   -0.104735E-04   -0.494258E-05   -0.226958E-04
 7.79225   -0.104258E-04   -0.489721E-05   -0.227083E-04
 7.81028   -0.103785E-04   -0.485217E-05   -0.227200E-04
 7.82831   -0.103313E-04   -0.480744E-05   -0.227308E-04
 7.84633   -0.102844E-04   -0.476304E-05   -0.227407E-04
 7.86436   -0.102377E-04   -0.471894E-05   -0.227498E-04
 7.88238   -0.101913E-04   -0.467516E-05   -0.227581E-04
 7.90041   -0.101451E-04   -0.463169E-05   -0.227656E-04
 7.91844   -0.100991E-04   -0.458853E-05   -0.227722E-04
 7.93646   -0.100534E-04   -0.454567E-05   -0.227781E-04
 7.95449   -0.100079E-04   -0.450312E-05   -0.227831E-04
 7.97252   -0.996261E-05   -0.446086E-05   -0.227874E-04
 7.99054   -0.991758E-05   -0.441890E-05   -0.227909E-04
 8.00857   -0.987279E-05   -0.437724E-05   -0.227937E-04
 8.02659   -0.982822E-05   -0.433588E-05   -0.227956E-04
 8.04462   -0.978389E-05   -0.429480E-05   -0.227968E-04
 8.06265   -0.973978E-05   -0.425401E-05   -0.227973E-04
 8.08067   -0.969591E-05   -0.421351E-05   -0.227971E-04
 8.09870   -0.965226E-05   -0.417329E-05   -0.227961E-04
 8.11672   -0.960884E-05   -0.413335E-05   -0.227944E-04
 8.13475   -0.956566E-05   -0.409369E-05   -0.227920E-04
 8.15278   -0.952270E-05   -0.405431E-05   -0.227889E-04
 8.17080   -0.947996E-05   -0.401521E-05   -0.227851E-04
 8.18883   -0.943745E-05   -0.397637E-05   -0.227807E-04
 8.20685   -0.939517E-05   -0.393781E-05   -0.227755E-04
 8.22488   -0.935311E-05   -0.389952E-05   -0.227697E-04
 8.24291   -0.931128E-05   -0.386149E-05   -0.227632E-04
 8.26093   -0.926967E-05   -0.382372E-05   -0.227561E-04
 8.27896   -0.922829E-05   -0.378622E-05   -0.227484E-04
 8.29698   -0.918712E-05   -0.374898E-05   -0.227401E-04
 8.31501   -0.914618E-05   -0.371199E-05   -0.227311E-04
 8.33304   -0.910546E-05   -0.367527E-05   -0.227214E-04
 8.35106   -0.906496E-05   -0.363879E-05   -0.227112E-04
 8.36909   -0.902467E-05   -0.360257E-05   -0.227003E-04
 8.38711   -0.898461E-05   -0.356660E-05   -0.226889E-04
 8.40514   -0.894477E-05   -0.353087E-05   -0.226768E-04
 8.42317   -0.890514E-05   -0.349539E-05   -0.226642E-04
 8.44119   -0.886573E-05   -0.346016E-05   -0.226510E-04
 8.45922   -0.882653E-05   -0.342516E-05   -0.226373E-04
 8.47724   -0.878755E-05   -0.339041E-05   -0.226229E-04
 8.49527   -0.874878E-05   -0.335590E-05   -0.226081E-04
 8.51330   -0.871023E-05   -0.332162E-05   -0.225926E-04
 8.53132   -0.867189E-05   -0.328758E-05   -0.225767E-04
 8.54935   -0.863376E-05   -0.325377E-05   -0.225602E-04
 8.56737   -0.859584E-05   -0.322020E-05   -0.225432E-04
 8.58540   -0.855813E-05   -0.318685E-05   -0.225256E-04
 8.60343   -0.852063E-05   -0.315373E-05   -0.225076E-04
 8.62145   -0.848334E-05   -0.312083E-05   -0.224890E-04
 8.63948   -0.844626E-05   -0.308817E-05   -0.224700E-04
 8.65751   -0.840938E-05   -0.305572E-05   -0.224504E-04
 8.67553   -0.837271E-05   -0.302350E-05   -0.224303E-04
 8.69356   -0.833624E-05   -0.299149E-05   -0.224098E-04
 8.71158   -0.829997E-05   -0.295970E-05   -0.223888E-04
 8.72961   -0.826391E-05   -0.292813E-05   -0.223673E-04
 8.74764   -0.822805E-05   -0.289678E-05   -0.223454E-04
 8.76566   -0.819240E-05   -0.286564E-05   -0.223230E-04
 8.78369   -0.815694E-05   -0.283471E-05   -0.223002E-04
 8.80171   -0.812168E-05   -0.280399E-05   -0.222769E-04
 8.81974   -0.808661E-05   -0.277348E-05   -0.222532E-04
 8.83777   -0.805175E-05   -0.274318E-05   -0.222290E-04
 8.85579   -0.801707E-05   -0.271308E-05   -0.222045E-04
 8.87382   -0.798260E-05   -0.268319E-05   -0.221795E-04
 8.89184   -0.794831E-05   -0.265350E-05   -0.221541E-04
 8.90987   -0.791422E-05   -0.262401E-05   -0.221282E-04
 8.92790   -0.788032E-05   -0.259473E-05   -0.221020E-04
 8.94592   -0.784661E-05   -0.256565E-05   -0.220754E-04
 8.96395   -0.781308E-05   -0.253676E-05   -0.220483E-04
 8.98197   -0.777975E-05   -0.250807E-05   -0.220209E-04
 9.00000   -0.774660E-05   -0.247958E-05   -0.219931E-04
