 0.00500    0.642509E-01   -0.312009E-01    0.225340E-01
 0.02303    0.528602E-01   -0.255067E-01    0.182641E-01
 0.04105    0.461501E-01   -0.221528E-01    0.157510E-01
 0.05908    0.412498E-01   -0.197043E-01    0.139175E-01
 0.07710    0.373800E-01   -0.177716E-01    0.124717E-01
 0.09513    0.341918E-01   -0.161801E-01    0.112823E-01
 0.11316    0.314921E-01   -0.148333E-01    0.102770E-01
 0.13118    0.291619E-01   -0.136714E-01    0.941103E-02
 0.14921    0.271218E-01   -0.126549E-01    0.865436E-02
 0.16723    0.253157E-01   -0.117555E-01    0.798597E-02
 0.18526    0.237026E-01   -0.109530E-01    0.739044E-02
 0.20329    0.222511E-01   -0.102314E-01    0.685595E-02
 0.22131    0.209372E-01   -0.957867E-02    0.637339E-02
 0.23934    0.197414E-01   -0.898526E-02    0.593550E-02
 0.25736    0.186484E-01   -0.844332E-02    0.553639E-02
 0.27539    0.176453E-01   -0.794644E-02    0.517124E-02
 0.29342    0.167215E-01   -0.748934E-02    0.483607E-02
 0.31144    0.158681E-01   -0.706752E-02    0.452748E-02
 0.32947    0.150775E-01   -0.667718E-02    0.424260E-02
 0.34749    0.143432E-01   -0.631508E-02    0.397899E-02
 0.36552    0.136597E-01   -0.597843E-02    0.373454E-02
 0.38355    0.130221E-01   -0.566480E-02    0.350741E-02
 0.40157    0.124262E-01   -0.537205E-02    0.329600E-02
 0.41960    0.118682E-01   -0.509830E-02    0.309888E-02
 0.43763    0.113449E-01   -0.484191E-02    0.291480E-02
 0.45565    0.108533E-01   -0.460141E-02    0.274267E-02
 0.47368    0.103908E-01   -0.437551E-02    0.258150E-02
 0.49170    0.995510E-02   -0.416304E-02    0.243040E-02
 0.50973    0.954417E-02   -0.396295E-02    0.228859E-02
 0.52776    0.915609E-02   -0.377429E-02    0.215534E-02
 0.54578    0.878918E-02   -0.359623E-02    0.203003E-02
 0.56381    0.844189E-02   -0.342798E-02    0.191207E-02
 0.58183    0.811283E-02   -0.326885E-02    0.180091E-02
 0.59986    0.780074E-02   -0.311821E-02    0.169610E-02
 0.61789    0.750446E-02   -0.297546E-02    0.159717E-02
 0.63591    0.722296E-02   -0.284010E-02    0.150375E-02
 0.65394    0.695525E-02   -0.271162E-02    0.141546E-02
 0.67196    0.670045E-02   -0.258959E-02    0.133195E-02
 0.68999    0.645774E-02   -0.247359E-02    0.125293E-02
 0.70802    0.622638E-02   -0.236325E-02    0.117810E-02
 0.72604    0.600568E-02   -0.225823E-02    0.110721E-02
 0.74407    0.579501E-02   -0.215820E-02    0.104002E-02
 0.76209    0.559377E-02   -0.206287E-02    0.976300E-03
 0.78012    0.540141E-02   -0.197196E-02    0.915840E-03
 0.79815    0.521744E-02   -0.188522E-02    0.858449E-03
 0.81617    0.504137E-02   -0.180241E-02    0.803950E-03
 0.83420    0.487277E-02   -0.172331E-02    0.752177E-03
 0.85222    0.471124E-02   -0.164772E-02    0.702977E-03
 0.87025    0.455640E-02   -0.157545E-02    0.656206E-03
 0.88828    0.440789E-02   -0.150633E-02    0.611730E-03
 0.90630    0.426539E-02   -0.144017E-02    0.569423E-03
 0.92433    0.412859E-02   -0.137684E-02    0.529170E-03
 0.94235    0.399719E-02   -0.131619E-02    0.490859E-03
 0.96038    0.387093E-02   -0.125807E-02    0.454391E-03
 0.97841    0.374956E-02   -0.120237E-02    0.419669E-03
 0.99643    0.363284E-02   -0.114897E-02    0.386603E-03
 1.01446    0.352055E-02   -0.109775E-02    0.355109E-03
 1.03248    0.341247E-02   -0.104860E-02    0.325109E-03
 1.05051    0.330840E-02   -0.100143E-02    0.296527E-03
 1.06854    0.320817E-02   -0.956150E-03    0.269293E-03
 1.08656    0.311160E-02   -0.912662E-03    0.243341E-03
 1.10459    0.301851E-02   -0.870890E-03    0.218608E-03
 1.12262    0.292876E-02   -0.830753E-03    0.195037E-03
 1.14064    0.284220E-02   -0.792179E-03    0.172572E-03
 1.15867    0.275869E-02   -0.755098E-03    0.151162E-03
 1.17669    0.267810E-02   -0.719445E-03    0.130757E-03
 1.19472    0.260030E-02   -0.685157E-03    0.111310E-03
 1.21275    0.252518E-02   -0.652174E-03    0.927776E-04
 1.23077    0.245262E-02   -0.620440E-03    0.751163E-04
 1.24880    0.238251E-02   -0.589900E-03    0.582872E-04
 1.26682    0.231476E-02   -0.560507E-03    0.422526E-04
 1.28485    0.224927E-02   -0.532210E-03    0.269769E-04
 1.30288    0.218595E-02   -0.504967E-03    0.124267E-04
 1.32090    0.212472E-02   -0.478755E-03   -0.142845E-05
 1.33893    0.206548E-02   -0.453489E-03   -0.146219E-04
 1.35695    0.200817E-02   -0.429132E-03   -0.271822E-04
 1.37498    0.195271E-02   -0.405688E-03   -0.391345E-04
 1.39301    0.189903E-02   -0.383101E-03   -0.505064E-04
 1.41103    0.184705E-02   -0.361337E-03   -0.613225E-04
 1.42906    0.179673E-02   -0.340364E-03   -0.716067E-04
 1.44708    0.174798E-02   -0.320151E-03   -0.813817E-04
 1.46511    0.170076E-02   -0.300669E-03   -0.906688E-04
 1.48314    0.165502E-02   -0.281890E-03   -0.994891E-04
 1.50116    0.161068E-02   -0.263787E-03   -0.107861E-03
 1.51919    0.156771E-02   -0.246335E-03   -0.115805E-03
 1.53721    0.152606E-02   -0.229509E-03   -0.123337E-03
 1.55524    0.148567E-02   -0.213287E-03   -0.130475E-03
 1.57327    0.144651E-02   -0.197645E-03   -0.137235E-03
 1.59129    0.140853E-02   -0.182562E-03   -0.143633E-03
 1.60932    0.137168E-02   -0.168018E-03   -0.149684E-03
 1.62734    0.133594E-02   -0.153994E-03   -0.155402E-03
 1.64537    0.130126E-02   -0.140471E-03   -0.160799E-03
 1.66340    0.126761E-02   -0.127432E-03   -0.165890E-03
 1.68142    0.123495E-02   -0.114858E-03   -0.170686E-03
 1.69945    0.120325E-02   -0.102736E-03   -0.175199E-03
 1.71747    0.117247E-02   -0.910457E-04   -0.179440E-03
 1.73550    0.114260E-02   -0.797745E-04   -0.183422E-03
 1.75353    0.111359E-02   -0.689076E-04   -0.187153E-03
 1.77155    0.108541E-02   -0.584303E-04   -0.190644E-03
 1.78958    0.105805E-02   -0.483310E-04   -0.193904E-03
 1.80761    0.103148E-02   -0.385967E-04   -0.196943E-03
 1.82563    0.100567E-02   -0.292140E-04   -0.199768E-03
 1.84366    0.980593E-03   -0.201720E-04   -0.202389E-03
 1.86168    0.956234E-03   -0.114598E-04   -0.204813E-03
 1.87971    0.932569E-03   -0.306602E-05   -0.207047E-03
 1.89774    0.909575E-03    0.501933E-05   -0.209099E-03
 1.91576    0.887234E-03    0.128062E-04   -0.210976E-03
 1.93379    0.865525E-03    0.203041E-04   -0.212684E-03
 1.95181    0.844430E-03    0.275219E-04   -0.214230E-03
 1.96984    0.823932E-03    0.344685E-04   -0.215620E-03
 1.98787    0.804012E-03    0.411534E-04   -0.216860E-03
 2.00589    0.784656E-03    0.475809E-04   -0.217955E-03
 2.02392    0.765846E-03    0.537623E-04   -0.218910E-03
 2.04194    0.747569E-03    0.597040E-04   -0.219730E-03
 2.05997    0.729809E-03    0.654122E-04   -0.220421E-03
 2.07800    0.712554E-03    0.708947E-04   -0.220986E-03
 2.09602    0.695790E-03    0.761561E-04   -0.221430E-03
 2.11405    0.679504E-03    0.812044E-04   -0.221757E-03
 2.13207    0.663685E-03    0.860440E-04   -0.221971E-03
 2.15010    0.648321E-03    0.906822E-04   -0.222075E-03
 2.16813    0.633401E-03    0.951211E-04   -0.222073E-03
 2.18615    0.618917E-03    0.993671E-04   -0.221968E-03
 2.20418    0.604857E-03    0.103425E-03   -0.221763E-03
 2.22220    0.591212E-03    0.107299E-03   -0.221461E-03
 2.24023    0.577976E-03    0.110993E-03   -0.221064E-03
 2.25826    0.565138E-03    0.114511E-03   -0.220576E-03
 2.27628    0.552692E-03    0.117856E-03   -0.219997E-03
 2.29431    0.540630E-03    0.121033E-03   -0.219331E-03
 2.31233    0.528946E-03    0.124044E-03   -0.218578E-03
 2.33036    0.517634E-03    0.126891E-03   -0.217742E-03
 2.34839    0.506688E-03    0.129579E-03   -0.216824E-03
 2.36641    0.496101E-03    0.132109E-03   -0.215824E-03
 2.38444    0.485869E-03    0.134484E-03   -0.214744E-03
 2.40246    0.475984E-03    0.136706E-03   -0.213587E-03
 2.42049    0.466445E-03    0.138777E-03   -0.212352E-03
 2.43852    0.457247E-03    0.140700E-03   -0.211042E-03
 2.45654    0.448383E-03    0.142477E-03   -0.209656E-03
 2.47457    0.439851E-03    0.144108E-03   -0.208196E-03
 2.49260    0.431646E-03    0.145597E-03   -0.206664E-03
 2.51062    0.423766E-03    0.146945E-03   -0.205059E-03
 2.52865    0.416203E-03    0.148154E-03   -0.203382E-03
 2.54667    0.408955E-03    0.149226E-03   -0.201638E-03
 2.56470    0.402017E-03    0.150163E-03   -0.199824E-03
 2.58273    0.395386E-03    0.150966E-03   -0.197941E-03
 2.60075    0.389055E-03    0.151639E-03   -0.195992E-03
 2.61878    0.383019E-03    0.152183E-03   -0.193978E-03
 2.63680    0.377275E-03    0.152601E-03   -0.191900E-03
 2.65483    0.371814E-03    0.152896E-03   -0.189759E-03
 2.67286    0.366632E-03    0.153070E-03   -0.187557E-03
 2.69088    0.361721E-03    0.153127E-03   -0.185299E-03
 2.70891    0.357073E-03    0.153071E-03   -0.182983E-03
 2.72693    0.352680E-03    0.152905E-03   -0.180614E-03
 2.74496    0.348532E-03    0.152634E-03   -0.178193E-03
 2.76299    0.344620E-03    0.152263E-03   -0.175725E-03
 2.78101    0.340934E-03    0.151796E-03   -0.173213E-03
 2.79904    0.337461E-03    0.151240E-03   -0.170659E-03
 2.81706    0.334190E-03    0.150600E-03   -0.168068E-03
 2.83509    0.331108E-03    0.149882E-03   -0.165446E-03
 2.85312    0.328199E-03    0.149093E-03   -0.162796E-03
 2.87114    0.325449E-03    0.148241E-03   -0.160123E-03
 2.88917    0.322843E-03    0.147333E-03   -0.157433E-03
 2.90719    0.320364E-03    0.146377E-03   -0.154730E-03
 2.92522    0.317995E-03    0.145382E-03   -0.152022E-03
 2.94325    0.315717E-03    0.144355E-03   -0.149313E-03
 2.96127    0.313514E-03    0.143308E-03   -0.146610E-03
 2.97930    0.311364E-03    0.142247E-03   -0.143921E-03
 2.99732    0.309249E-03    0.141184E-03   -0.141250E-03
 3.01535    0.307150E-03    0.140126E-03   -0.138606E-03
 3.03338    0.305048E-03    0.139085E-03   -0.135995E-03
 3.05140    0.302922E-03    0.138069E-03   -0.133423E-03
 3.06943    0.300753E-03    0.137089E-03   -0.130899E-03
 3.08745    0.298521E-03    0.136154E-03   -0.128427E-03
 3.10548    0.296207E-03    0.135272E-03   -0.126015E-03
 3.12351    0.293792E-03    0.134454E-03   -0.123669E-03
 3.14153    0.291260E-03    0.133707E-03   -0.121396E-03
 3.15956    0.288594E-03    0.133040E-03   -0.119201E-03
 3.17759    0.285777E-03    0.132461E-03   -0.117089E-03
 3.19561    0.282794E-03    0.131976E-03   -0.115067E-03
 3.21364    0.279633E-03    0.131593E-03   -0.113137E-03
 3.23166    0.276280E-03    0.131318E-03   -0.111305E-03
 3.24969    0.272726E-03    0.131156E-03   -0.109574E-03
 3.26772    0.268960E-03    0.131111E-03   -0.107948E-03
 3.28574    0.264974E-03    0.131187E-03   -0.106429E-03
 3.30377    0.260763E-03    0.131387E-03   -0.105019E-03
 3.32179    0.256322E-03    0.131713E-03   -0.103718E-03
 3.33982    0.251649E-03    0.132167E-03   -0.102529E-03
 3.35785    0.246742E-03    0.132748E-03   -0.101450E-03
 3.37587    0.241603E-03    0.133457E-03   -0.100482E-03
 3.39390    0.236234E-03    0.134291E-03   -0.996230E-04
 3.41192    0.230638E-03    0.135249E-03   -0.988716E-04
 3.42995    0.224822E-03    0.136328E-03   -0.982256E-04
 3.44798    0.218793E-03    0.137525E-03   -0.976818E-04
 3.46600    0.212559E-03    0.138834E-03   -0.972365E-04
 3.48403    0.206130E-03    0.140251E-03   -0.968867E-04
 3.50205    0.199517E-03    0.141771E-03   -0.966273E-04
 3.52008    0.192734E-03    0.143386E-03   -0.964541E-04
 3.53811    0.185794E-03    0.145090E-03   -0.963615E-04
 3.55613    0.178710E-03    0.146877E-03   -0.963442E-04
 3.57416    0.171499E-03    0.148737E-03   -0.963964E-04
 3.59218    0.164175E-03    0.150664E-03   -0.965126E-04
 3.61021    0.156756E-03    0.152650E-03   -0.966855E-04
 3.62824    0.149256E-03    0.154685E-03   -0.969149E-04
 3.64626    0.141694E-03    0.156762E-03   -0.971846E-04
 3.66429    0.134087E-03    0.158873E-03   -0.974931E-04
 3.68231    0.126449E-03    0.161009E-03   -0.978340E-04
 3.70034    0.118800E-03    0.163161E-03   -0.982011E-04
 3.71837    0.111155E-03    0.165322E-03   -0.985883E-04
 3.73639    0.103529E-03    0.167483E-03   -0.989895E-04
 3.75442    0.959412E-04    0.169636E-03   -0.993990E-04
 3.77244    0.884028E-04    0.171775E-03   -0.998109E-04
 3.79047    0.809304E-04    0.173891E-03   -0.100220E-03
 3.80850    0.735372E-04    0.175978E-03   -0.100621E-03
 3.82652    0.662358E-04    0.178030E-03   -0.101010E-03
 3.84455    0.590384E-04    0.180041E-03   -0.101381E-03
 3.86258    0.519566E-04    0.182004E-03   -0.101731E-03
 3.88060    0.450009E-04    0.183915E-03   -0.102056E-03
 3.89863    0.381807E-04    0.185769E-03   -0.102352E-03
 3.91665    0.315051E-04    0.187562E-03   -0.102616E-03
 3.93468    0.249817E-04    0.189289E-03   -0.102844E-03
 3.95271    0.186175E-04    0.190947E-03   -0.103035E-03
 3.97073    0.124187E-04    0.192533E-03   -0.103187E-03
 3.98876    0.639043E-05    0.194045E-03   -0.103296E-03
 4.00678    0.536929E-06    0.195481E-03   -0.103362E-03
 4.02481   -0.513814E-05    0.196838E-03   -0.103384E-03
 4.04284   -0.106322E-04    0.198115E-03   -0.103359E-03
 4.06086   -0.159432E-04    0.199311E-03   -0.103289E-03
 4.07889   -0.210698E-04    0.200427E-03   -0.103171E-03
 4.09691   -0.260116E-04    0.201460E-03   -0.103006E-03
 4.11494   -0.307683E-04    0.202412E-03   -0.102794E-03
 4.13297   -0.353405E-04    0.203282E-03   -0.102529E-03
 4.15099   -0.397295E-04    0.204072E-03   -0.102222E-03
 4.16902   -0.439368E-04    0.204782E-03   -0.101870E-03
 4.18704   -0.479643E-04    0.205412E-03   -0.101472E-03
 4.20507   -0.518147E-04    0.205965E-03   -0.101030E-03
 4.22310   -0.554907E-04    0.206441E-03   -0.100544E-03
 4.24112   -0.589956E-04    0.206842E-03   -0.100015E-03
 4.25915   -0.623329E-04    0.207170E-03   -0.994461E-04
 4.27717   -0.655062E-04    0.207427E-03   -0.988360E-04
 4.29520   -0.685199E-04    0.207615E-03   -0.981881E-04
 4.31323   -0.713774E-04    0.207735E-03   -0.975022E-04
 4.33125   -0.740834E-04    0.207790E-03   -0.967816E-04
 4.34928   -0.766420E-04    0.207781E-03   -0.960259E-04
 4.36730   -0.790579E-04    0.207712E-03   -0.952381E-04
 4.38533   -0.813355E-04    0.207584E-03   -0.944193E-04
 4.40336   -0.834794E-04    0.207400E-03   -0.935713E-04
 4.42138   -0.854941E-04    0.207161E-03   -0.926953E-04
 4.43941   -0.873844E-04    0.206870E-03   -0.917928E-04
 4.45743   -0.891546E-04    0.206529E-03   -0.908663E-04
 4.47546   -0.908094E-04    0.206141E-03   -0.899158E-04
 4.49349   -0.923533E-04    0.205708E-03   -0.889440E-04
 4.51151   -0.937906E-04    0.205231E-03   -0.879522E-04
 4.52954   -0.951257E-04    0.204713E-03   -0.869417E-04
 4.54757   -0.963628E-04    0.204156E-03   -0.859141E-04
 4.56559   -0.975061E-04    0.203562E-03   -0.848706E-04
 4.58362   -0.985598E-04    0.202933E-03   -0.838127E-04
 4.60164   -0.995276E-04    0.202272E-03   -0.827416E-04
 4.61967   -0.100413E-03    0.201577E-03   -0.816587E-04
 4.63770   -0.101221E-03    0.200854E-03   -0.805655E-04
 4.65572   -0.101954E-03    0.200103E-03   -0.794622E-04
 4.67375   -0.102616E-03    0.199326E-03   -0.783509E-04
 4.69177   -0.103210E-03    0.198524E-03   -0.772324E-04
 4.70980   -0.103739E-03    0.197699E-03   -0.761080E-04
 4.72783   -0.104207E-03    0.196853E-03   -0.749777E-04
 4.74585   -0.104617E-03    0.195987E-03   -0.738435E-04
 4.76388   -0.104972E-03    0.195102E-03   -0.727060E-04
 4.78190   -0.105273E-03    0.194200E-03   -0.715661E-04
 4.79993   -0.105525E-03    0.193282E-03   -0.704245E-04
 4.81796   -0.105729E-03    0.192349E-03   -0.692820E-04
 4.83598   -0.105888E-03    0.191403E-03   -0.681394E-04
 4.85401   -0.106004E-03    0.190443E-03   -0.669974E-04
 4.87203   -0.106080E-03    0.189472E-03   -0.658566E-04
 4.89006   -0.106117E-03    0.188491E-03   -0.647176E-04
 4.90809   -0.106119E-03    0.187500E-03   -0.635811E-04
 4.92611   -0.106085E-03    0.186500E-03   -0.624476E-04
 4.94414   -0.106019E-03    0.185492E-03   -0.613175E-04
 4.96216   -0.105923E-03    0.184477E-03   -0.601915E-04
 4.98019   -0.105797E-03    0.183456E-03   -0.590698E-04
 4.99822   -0.105644E-03    0.182429E-03   -0.579531E-04
 5.01624   -0.105465E-03    0.181398E-03   -0.568420E-04
 5.03427   -0.105261E-03    0.180362E-03   -0.557356E-04
 5.05229   -0.105035E-03    0.179322E-03   -0.546356E-04
 5.07032   -0.104786E-03    0.178280E-03   -0.535419E-04
 5.08835   -0.104517E-03    0.177235E-03   -0.524547E-04
 5.10637   -0.104228E-03    0.176188E-03   -0.513743E-04
 5.12440   -0.103921E-03    0.175140E-03   -0.503010E-04
 5.14242   -0.103597E-03    0.174090E-03   -0.492350E-04
 5.16045   -0.103257E-03    0.173040E-03   -0.481764E-04
 5.17848   -0.102901E-03    0.171990E-03   -0.471255E-04
 5.19650   -0.102532E-03    0.170940E-03   -0.460825E-04
 5.21453   -0.102148E-03    0.169891E-03   -0.450475E-04
 5.23256   -0.101753E-03    0.168843E-03   -0.440207E-04
 5.25058   -0.101345E-03    0.167796E-03   -0.430022E-04
 5.26861   -0.100927E-03    0.166751E-03   -0.419921E-04
 5.28663   -0.100498E-03    0.165707E-03   -0.409907E-04
 5.30466   -0.100059E-03    0.164666E-03   -0.399976E-04
 5.32269   -0.996116E-04    0.163627E-03   -0.390091E-04
 5.34071   -0.991558E-04    0.162591E-03   -0.380380E-04
 5.35874   -0.986921E-04    0.161558E-03   -0.370715E-04
 5.37676   -0.982212E-04    0.160528E-03   -0.361140E-04
 5.39479   -0.977435E-04    0.159501E-03   -0.351657E-04
 5.41282   -0.972597E-04    0.158478E-03   -0.342261E-04
 5.43084   -0.967701E-04    0.157459E-03   -0.332959E-04
 5.44887   -0.962753E-04    0.156443E-03   -0.323749E-04
 5.46689   -0.957756E-04    0.155431E-03   -0.314632E-04
 5.48492   -0.952715E-04    0.154424E-03   -0.305608E-04
 5.50295   -0.947634E-04    0.153421E-03   -0.296677E-04
 5.52097   -0.942515E-04    0.152422E-03   -0.287841E-04
 5.53900   -0.937364E-04    0.151428E-03   -0.279099E-04
 5.55702   -0.932184E-04    0.150438E-03   -0.270452E-04
 5.57505   -0.926975E-04    0.149454E-03   -0.261900E-04
 5.59308   -0.921743E-04    0.148474E-03   -0.253443E-04
 5.61110   -0.916492E-04    0.147499E-03   -0.245083E-04
 5.62913   -0.911220E-04    0.146529E-03   -0.236817E-04
 5.64715   -0.905934E-04    0.145564E-03   -0.228648E-04
 5.66518   -0.900634E-04    0.144604E-03   -0.220578E-04
 5.68321   -0.895324E-04    0.143649E-03   -0.212600E-04
 5.70123   -0.890006E-04    0.142700E-03   -0.204717E-04
 5.71926   -0.884682E-04    0.141756E-03   -0.196930E-04
 5.73728   -0.879354E-04    0.140818E-03   -0.189237E-04
 5.75531   -0.874023E-04    0.139885E-03   -0.181639E-04
 5.77334   -0.868693E-04    0.138957E-03   -0.174136E-04
 5.79136   -0.863364E-04    0.138035E-03   -0.166724E-04
 5.80939   -0.858039E-04    0.137119E-03   -0.159404E-04
 5.82741   -0.852719E-04    0.136208E-03   -0.152176E-04
 5.84544   -0.847405E-04    0.135303E-03   -0.145038E-04
 5.86347   -0.842101E-04    0.134403E-03   -0.137990E-04
 5.88149   -0.836806E-04    0.133509E-03   -0.131030E-04
 5.89952   -0.831523E-04    0.132621E-03   -0.124157E-04
 5.91755   -0.826252E-04    0.131738E-03   -0.117369E-04
 5.93557   -0.820996E-04    0.130862E-03   -0.110670E-04
 5.95360   -0.815756E-04    0.129991E-03   -0.104054E-04
 5.97162   -0.810533E-04    0.129126E-03   -0.975207E-05
 5.98965   -0.805328E-04    0.128266E-03   -0.910701E-05
 6.00768   -0.800142E-04    0.127413E-03   -0.847010E-05
 6.02570   -0.794978E-04    0.126565E-03   -0.784125E-05
 6.04373   -0.789835E-04    0.125723E-03   -0.722042E-05
 6.06175   -0.784716E-04    0.124887E-03   -0.660750E-05
 6.07978   -0.779620E-04    0.124058E-03   -0.600242E-05
 6.09781   -0.774551E-04    0.123233E-03   -0.540516E-05
 6.11583   -0.769507E-04    0.122415E-03   -0.481563E-05
 6.13386   -0.764491E-04    0.121603E-03   -0.423379E-05
 6.15188   -0.759504E-04    0.120797E-03   -0.365962E-05
 6.16991   -0.754546E-04    0.119996E-03   -0.309303E-05
 6.18794   -0.749618E-04    0.119202E-03   -0.253400E-05
 6.20596   -0.744722E-04    0.118414E-03   -0.198251E-05
 6.22399   -0.739857E-04    0.117631E-03   -0.143848E-05
 6.24201   -0.735025E-04    0.116855E-03   -0.901889E-06
 6.26004   -0.730227E-04    0.116084E-03   -0.372713E-06
 6.27807   -0.725463E-04    0.115319E-03    0.149104E-06
 6.29609   -0.720733E-04    0.114560E-03    0.663605E-06
 6.31412   -0.716039E-04    0.113807E-03    0.117081E-05
 6.33214   -0.711380E-04    0.113060E-03    0.167079E-05
 6.35017   -0.706758E-04    0.112319E-03    0.216360E-05
 6.36820   -0.702172E-04    0.111584E-03    0.264927E-05
 6.38622   -0.697623E-04    0.110854E-03    0.312789E-05
 6.40425   -0.693111E-04    0.110131E-03    0.359948E-05
 6.42227   -0.688637E-04    0.109413E-03    0.406410E-05
 6.44030   -0.684200E-04    0.108701E-03    0.452182E-05
 6.45833   -0.679801E-04    0.107994E-03    0.497272E-05
 6.47635   -0.675439E-04    0.107294E-03    0.541687E-05
 6.49438   -0.671115E-04    0.106599E-03    0.585432E-05
 6.51240   -0.666829E-04    0.105909E-03    0.628515E-05
 6.53043   -0.662580E-04    0.105225E-03    0.670943E-05
 6.54846   -0.658369E-04    0.104547E-03    0.712725E-05
 6.56648   -0.654193E-04    0.103874E-03    0.753867E-05
 6.58451   -0.650055E-04    0.103207E-03    0.794381E-05
 6.60254   -0.645953E-04    0.102545E-03    0.834270E-05
 6.62056   -0.641887E-04    0.101889E-03    0.873546E-05
 6.63859   -0.637856E-04    0.101237E-03    0.912215E-05
 6.65661   -0.633860E-04    0.100591E-03    0.950285E-05
 6.67464   -0.629898E-04    0.999505E-04    0.987766E-05
 6.69267   -0.625970E-04    0.993149E-04    0.102467E-04
 6.71069   -0.622074E-04    0.986839E-04    0.106099E-04
 6.72872   -0.618211E-04    0.980581E-04    0.109676E-04
 6.74674   -0.614379E-04    0.974373E-04    0.113197E-04
 6.76477   -0.610578E-04    0.968212E-04    0.116663E-04
 6.78280   -0.606807E-04    0.962100E-04    0.120075E-04
 6.80082   -0.603064E-04    0.956034E-04    0.123434E-04
 6.81885   -0.599351E-04    0.950015E-04    0.126742E-04
 6.83687   -0.595664E-04    0.944042E-04    0.129998E-04
 6.85490   -0.592005E-04    0.938113E-04    0.133204E-04
 6.87293   -0.588371E-04    0.932229E-04    0.136360E-04
 6.89095   -0.584762E-04    0.926388E-04    0.139467E-04
 6.90898   -0.581178E-04    0.920591E-04    0.142527E-04
 6.92700   -0.577617E-04    0.914835E-04    0.145539E-04
 6.94503   -0.574079E-04    0.909122E-04    0.148505E-04
 6.96306   -0.570563E-04    0.903449E-04    0.151425E-04
 6.98108   -0.567068E-04    0.897816E-04    0.154301E-04
 6.99911   -0.563593E-04    0.892224E-04    0.157132E-04
 7.01713   -0.560139E-04    0.886671E-04    0.159920E-04
 7.03516   -0.556703E-04    0.881156E-04    0.162669E-04
 7.05319   -0.553286E-04    0.875679E-04    0.165373E-04
 7.07121   -0.549887E-04    0.870240E-04    0.168035E-04
 7.08924   -0.546505E-04    0.864840E-04    0.170657E-04
 7.10726   -0.543140E-04    0.859472E-04    0.173239E-04
 7.12529   -0.539791E-04    0.854142E-04    0.175782E-04
 7.14332   -0.536458E-04    0.848847E-04    0.178286E-04
 7.16134   -0.533140E-04    0.843587E-04    0.180753E-04
 7.17937   -0.529836E-04    0.838362E-04    0.183182E-04
 7.19739   -0.526548E-04    0.833171E-04    0.185574E-04
 7.21542   -0.523273E-04    0.828013E-04    0.187929E-04
 7.23345   -0.520012E-04    0.822889E-04    0.190249E-04
 7.25147   -0.516765E-04    0.817798E-04    0.192534E-04
 7.26950   -0.513531E-04    0.812739E-04    0.194784E-04
 7.28753   -0.510310E-04    0.807713E-04    0.196999E-04
 7.30555   -0.507102E-04    0.802719E-04    0.199181E-04
 7.32358   -0.503907E-04    0.797756E-04    0.201329E-04
 7.34160   -0.500725E-04    0.792825E-04    0.203446E-04
 7.35963   -0.497556E-04    0.787925E-04    0.205528E-04
 7.37766   -0.494399E-04    0.783057E-04    0.207579E-04
 7.39568   -0.491256E-04    0.778219E-04    0.209598E-04
 7.41371   -0.488125E-04    0.773412E-04    0.211585E-04
 7.43173   -0.485007E-04    0.768635E-04    0.213541E-04
 7.44976   -0.481901E-04    0.763888E-04    0.215466E-04
 7.46779   -0.478809E-04    0.759172E-04    0.217361E-04
 7.48581   -0.475730E-04    0.754485E-04    0.219225E-04
 7.50384   -0.472664E-04    0.749829E-04    0.221060E-04
 7.52186   -0.469612E-04    0.745204E-04    0.222865E-04
 7.53989   -0.466573E-04    0.740605E-04    0.224641E-04
 7.55792   -0.463548E-04    0.736037E-04    0.226387E-04
 7.57594   -0.460536E-04    0.731499E-04    0.228106E-04
 7.59397   -0.457539E-04    0.726990E-04    0.229795E-04
 7.61199   -0.454556E-04    0.722510E-04    0.231456E-04
 7.63002   -0.451587E-04    0.718060E-04    0.233090E-04
 7.64805   -0.448632E-04    0.713637E-04    0.234696E-04
 7.66607   -0.445692E-04    0.709244E-04    0.236274E-04
 7.68410   -0.442767E-04    0.704879E-04    0.237825E-04
 7.70212   -0.439857E-04    0.700544E-04    0.239349E-04
 7.72015   -0.436962E-04    0.696236E-04    0.240847E-04
 7.73818   -0.434082E-04    0.691958E-04    0.242318E-04
 7.75620   -0.431218E-04    0.687707E-04    0.243763E-04
 7.77423   -0.428369E-04    0.683485E-04    0.245182E-04
 7.79225   -0.425536E-04    0.679291E-04    0.246575E-04
 7.81028   -0.422719E-04    0.675125E-04    0.247942E-04
 7.82831   -0.419918E-04    0.670987E-04    0.249285E-04
 7.84633   -0.417134E-04    0.666877E-04    0.250602E-04
 7.86436   -0.414365E-04    0.662795E-04    0.251894E-04
 7.88238   -0.411613E-04    0.658740E-04    0.253162E-04
 7.90041   -0.408877E-04    0.654713E-04    0.254406E-04
 7.91844   -0.406158E-04    0.650713E-04    0.255625E-04
 7.93646   -0.403456E-04    0.646740E-04    0.256821E-04
 7.95449   -0.400771E-04    0.642795E-04    0.257993E-04
 7.97252   -0.398102E-04    0.638877E-04    0.259141E-04
 7.99054   -0.395451E-04    0.634985E-04    0.260266E-04
 8.00857   -0.392817E-04    0.631121E-04    0.261368E-04
 8.02659   -0.390199E-04    0.627283E-04    0.262447E-04
 8.04462   -0.387598E-04    0.623472E-04    0.263504E-04
 8.06265   -0.385015E-04    0.619688E-04    0.264539E-04
 8.08067   -0.382450E-04    0.615929E-04    0.265551E-04
 8.09870   -0.379901E-04    0.612197E-04    0.266542E-04
 8.11672   -0.377370E-04    0.608491E-04    0.267511E-04
 8.13475   -0.374856E-04    0.604811E-04    0.268458E-04
 8.15278   -0.372359E-04    0.601157E-04    0.269385E-04
 8.17080   -0.369880E-04    0.597528E-04    0.270290E-04
 8.18883   -0.367418E-04    0.593925E-04    0.271175E-04
 8.20685   -0.364973E-04    0.590347E-04    0.272039E-04
 8.22488   -0.362546E-04    0.586795E-04    0.272883E-04
 8.24291   -0.360136E-04    0.583267E-04    0.273706E-04
 8.26093   -0.357743E-04    0.579764E-04    0.274510E-04
 8.27896   -0.355368E-04    0.576286E-04    0.275294E-04
 8.29698   -0.353010E-04    0.572833E-04    0.276059E-04
 8.31501   -0.350669E-04    0.569406E-04    0.276804E-04
 8.33304   -0.348345E-04    0.566001E-04    0.277531E-04
 8.35106   -0.346039E-04    0.562621E-04    0.278238E-04
 8.36909   -0.343750E-04    0.559265E-04    0.278927E-04
 8.38711   -0.341478E-04    0.555933E-04    0.279598E-04
 8.40514   -0.339223E-04    0.552625E-04    0.280250E-04
 8.42317   -0.336986E-04    0.549341E-04    0.280884E-04
 8.44119   -0.334765E-04    0.546080E-04    0.281501E-04
 8.45922   -0.332561E-04    0.542843E-04    0.282099E-04
 8.47724   -0.330375E-04    0.539629E-04    0.282681E-04
 8.49527   -0.328205E-04    0.536437E-04    0.283245E-04
 8.51330   -0.326052E-04    0.533269E-04    0.283792E-04
 8.53132   -0.323916E-04    0.530124E-04    0.284323E-04
 8.54935   -0.321797E-04    0.527001E-04    0.284837E-04
 8.56737   -0.319694E-04    0.523901E-04    0.285334E-04
 8.58540   -0.317608E-04    0.520823E-04    0.285815E-04
 8.60343   -0.315539E-04    0.517768E-04    0.286281E-04
 8.62145   -0.313486E-04    0.514734E-04    0.286730E-04
 8.63948   -0.311449E-04    0.511722E-04    0.287164E-04
 8.65751   -0.309429E-04    0.508732E-04    0.287582E-04
 8.67553   -0.307425E-04    0.505764E-04    0.287985E-04
 8.69356   -0.305437E-04    0.502818E-04    0.288373E-04
 8.71158   -0.303465E-04    0.499891E-04    0.288746E-04
 8.72961   -0.301509E-04    0.496986E-04    0.289104E-04
 8.74764   -0.299569E-04    0.494103E-04    0.289447E-04
 8.76566   -0.297645E-04    0.491240E-04    0.289777E-04
 8.78369   -0.295737E-04    0.488397E-04    0.290092E-04
 8.80171   -0.293843E-04    0.485576E-04    0.290393E-04
 8.81974   -0.291966E-04    0.482774E-04    0.290681E-04
 8.83777   -0.290103E-04    0.479993E-04    0.290955E-04
 8.85579   -0.288256E-04    0.477232E-04    0.291215E-04
 8.87382   -0.286424E-04    0.474491E-04    0.291463E-04
 8.89184   -0.284607E-04    0.471769E-04    0.291697E-04
 8.90987   -0.282805E-04    0.469067E-04    0.291918E-04
 8.92790   -0.281017E-04    0.466385E-04    0.292127E-04
 8.94592   -0.279244E-04    0.463722E-04    0.292323E-04
 8.96395   -0.277486E-04    0.461077E-04    0.292507E-04
 8.98197   -0.275741E-04    0.458452E-04    0.292678E-04
 9.00000   -0.274011E-04    0.455845E-04    0.292838E-04
