 0.00500    0.548715E-01   -0.266356E-01    0.192352E-01
 0.02303    0.444622E-01   -0.214320E-01    0.153335E-01
 0.04105    0.384311E-01   -0.184178E-01    0.130750E-01
 0.05908    0.340696E-01   -0.162389E-01    0.114441E-01
 0.07710    0.306530E-01   -0.145330E-01    0.101685E-01
 0.09513    0.278575E-01   -0.131380E-01    0.912694E-02
 0.11316    0.255049E-01   -0.119649E-01    0.825227E-02
 0.13118    0.234860E-01   -0.109589E-01    0.750338E-02
 0.14921    0.217278E-01   -0.100835E-01    0.685289E-02
 0.16723    0.201794E-01   -0.931320E-02    0.628159E-02
 0.18526    0.188031E-01   -0.862916E-02    0.577528E-02
 0.20329    0.175706E-01   -0.801721E-02    0.532330E-02
 0.22131    0.164599E-01   -0.746634E-02    0.491737E-02
 0.23934    0.154536E-01   -0.696780E-02    0.455087E-02
 0.25736    0.145377E-01   -0.651458E-02    0.421852E-02
 0.27539    0.137007E-01   -0.610088E-02    0.391596E-02
 0.29342    0.129329E-01   -0.572191E-02    0.363956E-02
 0.31144    0.122264E-01   -0.537367E-02    0.338630E-02
 0.32947    0.115745E-01   -0.505278E-02    0.315364E-02
 0.34749    0.109713E-01   -0.475632E-02    0.293938E-02
 0.36552    0.104118E-01   -0.448178E-02    0.274161E-02
 0.38355    0.989179E-02   -0.422700E-02    0.255869E-02
 0.40157    0.940745E-02   -0.399009E-02    0.238922E-02
 0.41960    0.895546E-02   -0.376940E-02    0.223191E-02
 0.43763    0.853296E-02   -0.356347E-02    0.208570E-02
 0.45565    0.813735E-02   -0.337101E-02    0.194957E-02
 0.47368    0.776637E-02   -0.319088E-02    0.182269E-02
 0.49170    0.741799E-02   -0.302205E-02    0.170427E-02
 0.50973    0.709037E-02   -0.286361E-02    0.159361E-02
 0.52776    0.678187E-02   -0.271474E-02    0.149010E-02
 0.54578    0.649103E-02   -0.257469E-02    0.139318E-02
 0.56381    0.621654E-02   -0.244281E-02    0.130233E-02
 0.58183    0.595719E-02   -0.231848E-02    0.121712E-02
 0.59986    0.571187E-02   -0.220116E-02    0.113711E-02
 0.61789    0.547959E-02   -0.209035E-02    0.106193E-02
 0.63591    0.525947E-02   -0.198560E-02    0.991243E-03
 0.65394    0.505068E-02   -0.188649E-02    0.924732E-03
 0.67196    0.485246E-02   -0.179266E-02    0.862110E-03
 0.68999    0.466412E-02   -0.170374E-02    0.803115E-03
 0.70802    0.448478E-02   -0.161941E-02    0.747504E-03
 0.72604    0.431460E-02   -0.153940E-02    0.695056E-03
 0.74407    0.415230E-02   -0.146342E-02    0.645567E-03
 0.76209    0.399762E-02   -0.139123E-02    0.598850E-03
 0.78012    0.385012E-02   -0.132259E-02    0.554731E-03
 0.79815    0.370936E-02   -0.125730E-02    0.513050E-03
 0.81617    0.357497E-02   -0.119516E-02    0.473657E-03
 0.83420    0.344657E-02   -0.113599E-02    0.436414E-03
 0.85222    0.332383E-02   -0.107961E-02    0.401194E-03
 0.87025    0.320644E-02   -0.102587E-02    0.367879E-03
 0.88828    0.309409E-02   -0.974629E-03    0.336359E-03
 0.90630    0.298653E-02   -0.925741E-03    0.306530E-03
 0.92433    0.288350E-02   -0.879082E-03    0.278297E-03
 0.94235    0.278476E-02   -0.834532E-03    0.251570E-03
 0.96038    0.269008E-02   -0.791980E-03    0.226264E-03
 0.97841    0.259926E-02   -0.751322E-03    0.202304E-03
 0.99643    0.251211E-02   -0.712462E-03    0.179613E-03
 1.01446    0.242845E-02   -0.675308E-03    0.158122E-03
 1.03248    0.234810E-02   -0.639776E-03    0.137776E-03
 1.05051    0.227090E-02   -0.605785E-03    0.118506E-03
 1.06854    0.219671E-02   -0.573257E-03    0.100259E-03
 1.08656    0.212537E-02   -0.542121E-03    0.829797E-04
 1.10459    0.205677E-02   -0.512313E-03    0.666199E-04
 1.12262    0.199076E-02   -0.483767E-03    0.511308E-04
 1.14064    0.192723E-02   -0.456424E-03    0.364693E-04
 1.15867    0.186607E-02   -0.430227E-03    0.225936E-04
 1.17669    0.180718E-02   -0.405126E-03    0.946448E-05
 1.19472    0.175045E-02   -0.381071E-03   -0.295475E-05
 1.21275    0.169578E-02   -0.358012E-03   -0.146991E-04
 1.23077    0.164310E-02   -0.335906E-03   -0.258017E-04
 1.24880    0.159231E-02   -0.314710E-03   -0.362944E-04
 1.26682    0.154334E-02   -0.294384E-03   -0.462061E-04
 1.28485    0.149610E-02   -0.274890E-03   -0.555652E-04
 1.30288    0.145053E-02   -0.256191E-03   -0.643981E-04
 1.32090    0.140655E-02   -0.238253E-03   -0.727298E-04
 1.33893    0.136410E-02   -0.221046E-03   -0.805844E-04
 1.35695    0.132312E-02   -0.204536E-03   -0.879838E-04
 1.37498    0.128355E-02   -0.188694E-03   -0.949507E-04
 1.39301    0.124533E-02   -0.173492E-03   -0.101505E-03
 1.41103    0.120841E-02   -0.158904E-03   -0.107665E-03
 1.42906    0.117274E-02   -0.144906E-03   -0.113450E-03
 1.44708    0.113827E-02   -0.131472E-03   -0.118878E-03
 1.46511    0.110495E-02   -0.118580E-03   -0.123964E-03
 1.48314    0.107274E-02   -0.106209E-03   -0.128724E-03
 1.50116    0.104160E-02   -0.943370E-04   -0.133174E-03
 1.51919    0.101149E-02   -0.829460E-04   -0.137326E-03
 1.53721    0.982364E-03   -0.720141E-04   -0.141196E-03
 1.55524    0.954194E-03   -0.615255E-04   -0.144794E-03
 1.57327    0.926942E-03   -0.514622E-04   -0.148135E-03
 1.59129    0.900575E-03   -0.418084E-04   -0.151229E-03
 1.60932    0.875063E-03   -0.325486E-04   -0.154086E-03
 1.62734    0.850373E-03   -0.236672E-04   -0.156719E-03
 1.64537    0.826478E-03   -0.151509E-04   -0.159138E-03
 1.66340    0.803351E-03   -0.698589E-05   -0.161350E-03
 1.68142    0.780964E-03    0.840779E-06   -0.163366E-03
 1.69945    0.759293E-03    0.834111E-05   -0.165192E-03
 1.71747    0.738314E-03    0.155268E-04   -0.166839E-03
 1.73550    0.718004E-03    0.224093E-04   -0.168314E-03
 1.75353    0.698341E-03    0.289991E-04   -0.169623E-03
 1.77155    0.679304E-03    0.353062E-04   -0.170774E-03
 1.78958    0.660875E-03    0.413405E-04   -0.171774E-03
 1.80761    0.643031E-03    0.471110E-04   -0.172628E-03
 1.82563    0.625759E-03    0.526262E-04   -0.173342E-03
 1.84366    0.609039E-03    0.578944E-04   -0.173922E-03
 1.86168    0.592856E-03    0.629235E-04   -0.174373E-03
 1.87971    0.577195E-03    0.677212E-04   -0.174700E-03
 1.89774    0.562040E-03    0.722939E-04   -0.174907E-03
 1.91576    0.547378E-03    0.766484E-04   -0.175003E-03
 1.93379    0.533196E-03    0.807909E-04   -0.174981E-03
 1.95181    0.519483E-03    0.847273E-04   -0.174855E-03
 1.96984    0.506226E-03    0.884628E-04   -0.174625E-03
 1.98787    0.493416E-03    0.920027E-04   -0.174295E-03
 2.00589    0.481043E-03    0.953511E-04   -0.173866E-03
 2.02392    0.469096E-03    0.985129E-04   -0.173344E-03
 2.04194    0.457568E-03    0.101492E-03   -0.172726E-03
 2.05997    0.446450E-03    0.104292E-03   -0.172019E-03
 2.07800    0.435735E-03    0.106917E-03   -0.171223E-03
 2.09602    0.425395E-03    0.109369E-03   -0.170340E-03
 2.11405    0.415485E-03    0.111652E-03   -0.169372E-03
 2.13207    0.405939E-03    0.113771E-03   -0.168320E-03
 2.15010    0.396769E-03    0.115724E-03   -0.167185E-03
 2.16813    0.387970E-03    0.117515E-03   -0.165970E-03
 2.18615    0.379538E-03    0.119148E-03   -0.164675E-03
 2.20418    0.371467E-03    0.120624E-03   -0.163301E-03
 2.22220    0.363752E-03    0.121946E-03   -0.161849E-03
 2.24023    0.356389E-03    0.123115E-03   -0.160321E-03
 2.25826    0.349372E-03    0.124134E-03   -0.158717E-03
 2.27628    0.342696E-03    0.125006E-03   -0.157039E-03
 2.29431    0.336355E-03    0.125732E-03   -0.155287E-03
 2.31233    0.330344E-03    0.126316E-03   -0.153464E-03
 2.33036    0.324655E-03    0.126760E-03   -0.151571E-03
 2.34839    0.319283E-03    0.127068E-03   -0.149609E-03
 2.36641    0.314220E-03    0.127243E-03   -0.147581E-03
 2.38444    0.309457E-03    0.127288E-03   -0.145489E-03
 2.40246    0.304985E-03    0.127209E-03   -0.143335E-03
 2.42049    0.300794E-03    0.127010E-03   -0.141124E-03
 2.43852    0.296873E-03    0.126696E-03   -0.138857E-03
 2.45654    0.293210E-03    0.126273E-03   -0.136539E-03
 2.47457    0.289790E-03    0.125748E-03   -0.134174E-03
 2.49260    0.286599E-03    0.125127E-03   -0.131764E-03
 2.51062    0.283621E-03    0.124419E-03   -0.129320E-03
 2.52865    0.280838E-03    0.123632E-03   -0.126844E-03
 2.54667    0.278234E-03    0.122774E-03   -0.124343E-03
 2.56470    0.275787E-03    0.121855E-03   -0.121823E-03
 2.58273    0.273477E-03    0.120886E-03   -0.119291E-03
 2.60075    0.271282E-03    0.119876E-03   -0.116755E-03
 2.61878    0.269179E-03    0.118837E-03   -0.114221E-03
 2.63680    0.267145E-03    0.117780E-03   -0.111700E-03
 2.65483    0.265157E-03    0.116718E-03   -0.109197E-03
 2.67286    0.263188E-03    0.115661E-03   -0.106722E-03
 2.69088    0.261215E-03    0.114623E-03   -0.104283E-03
 2.70891    0.259212E-03    0.113614E-03   -0.101890E-03
 2.72693    0.257155E-03    0.112649E-03   -0.995502E-04
 2.74496    0.255018E-03    0.111738E-03   -0.972723E-04
 2.76299    0.252780E-03    0.110893E-03   -0.950647E-04
 2.78101    0.250415E-03    0.110125E-03   -0.929352E-04
 2.79904    0.247903E-03    0.109445E-03   -0.908914E-04
 2.81706    0.245223E-03    0.108863E-03   -0.889404E-04
 2.83509    0.242356E-03    0.108388E-03   -0.870886E-04
 2.85312    0.239286E-03    0.108029E-03   -0.853417E-04
 2.87114    0.235995E-03    0.107793E-03   -0.837047E-04
 2.88917    0.232472E-03    0.107686E-03   -0.821827E-04
 2.90719    0.228706E-03    0.107714E-03   -0.807786E-04
 2.92522    0.224687E-03    0.107881E-03   -0.794956E-04
 2.94325    0.220409E-03    0.108190E-03   -0.783354E-04
 2.96127    0.215869E-03    0.108641E-03   -0.772993E-04
 2.97930    0.211066E-03    0.109237E-03   -0.763871E-04
 2.99732    0.206000E-03    0.109977E-03   -0.755981E-04
 3.01535    0.200676E-03    0.110857E-03   -0.749306E-04
 3.03338    0.195098E-03    0.111876E-03   -0.743819E-04
 3.05140    0.189277E-03    0.113029E-03   -0.739490E-04
 3.06943    0.183222E-03    0.114311E-03   -0.736271E-04
 3.08745    0.176945E-03    0.115716E-03   -0.734119E-04
 3.10548    0.170461E-03    0.117234E-03   -0.732976E-04
 3.12351    0.163787E-03    0.118860E-03   -0.732781E-04
 3.14153    0.156938E-03    0.120585E-03   -0.733468E-04
 3.15956    0.149935E-03    0.122398E-03   -0.734965E-04
 3.17759    0.142798E-03    0.124291E-03   -0.737197E-04
 3.19561    0.135546E-03    0.126251E-03   -0.740086E-04
 3.21364    0.128202E-03    0.128270E-03   -0.743554E-04
 3.23166    0.120785E-03    0.130335E-03   -0.747520E-04
 3.24969    0.113318E-03    0.132439E-03   -0.751902E-04
 3.26772    0.105823E-03    0.134567E-03   -0.756621E-04
 3.28574    0.983200E-04    0.136711E-03   -0.761599E-04
 3.30377    0.908304E-04    0.138859E-03   -0.766755E-04
 3.32179    0.833754E-04    0.141002E-03   -0.772015E-04
 3.33982    0.759734E-04    0.143130E-03   -0.777306E-04
 3.35785    0.686435E-04    0.145234E-03   -0.782560E-04
 3.37587    0.614030E-04    0.147305E-03   -0.787711E-04
 3.39390    0.542684E-04    0.149335E-03   -0.792699E-04
 3.41192    0.472549E-04    0.151316E-03   -0.797465E-04
 3.42995    0.403764E-04    0.153241E-03   -0.801962E-04
 3.44798    0.336457E-04    0.155105E-03   -0.806140E-04
 3.46600    0.270742E-04    0.156900E-03   -0.809956E-04
 3.48403    0.206720E-04    0.158623E-03   -0.813374E-04
 3.50205    0.144482E-04    0.160268E-03   -0.816361E-04
 3.52008    0.841016E-05    0.161833E-03   -0.818890E-04
 3.53811    0.256424E-05    0.163314E-03   -0.820935E-04
 3.55613   -0.308439E-05    0.164708E-03   -0.822480E-04
 3.57416   -0.853184E-05    0.166014E-03   -0.823508E-04
 3.59218   -0.137755E-04    0.167229E-03   -0.824010E-04
 3.61021   -0.188133E-04    0.168354E-03   -0.823980E-04
 3.62824   -0.236449E-04    0.169388E-03   -0.823413E-04
 3.64626   -0.282702E-04    0.170330E-03   -0.822310E-04
 3.66429   -0.326901E-04    0.171182E-03   -0.820675E-04
 3.68231   -0.369063E-04    0.171944E-03   -0.818513E-04
 3.70034   -0.409213E-04    0.172618E-03   -0.815833E-04
 3.71837   -0.447378E-04    0.173204E-03   -0.812644E-04
 3.73639   -0.483598E-04    0.173705E-03   -0.808961E-04
 3.75442   -0.517911E-04    0.174122E-03   -0.804795E-04
 3.77244   -0.550360E-04    0.174448E-03   -0.800164E-04
 3.79047   -0.580995E-04    0.174705E-03   -0.795083E-04
 3.80850   -0.609868E-04    0.174896E-03   -0.789573E-04
 3.82652   -0.637030E-04    0.175003E-03   -0.783649E-04
 3.84455   -0.662538E-04    0.175039E-03   -0.777333E-04
 3.86258   -0.686449E-04    0.175007E-03   -0.770645E-04
 3.88060   -0.708818E-04    0.174910E-03   -0.763603E-04
 3.89863   -0.729705E-04    0.174749E-03   -0.756228E-04
 3.91665   -0.749168E-04    0.174529E-03   -0.748541E-04
 3.93468   -0.767264E-04    0.174252E-03   -0.740560E-04
 3.95271   -0.784050E-04    0.173921E-03   -0.732306E-04
 3.97073   -0.799585E-04    0.173538E-03   -0.723798E-04
 3.98876   -0.813922E-04    0.173107E-03   -0.715055E-04
 4.00678   -0.827120E-04    0.172630E-03   -0.706096E-04
 4.02481   -0.839230E-04    0.172109E-03   -0.696940E-04
 4.04284   -0.850305E-04    0.171548E-03   -0.687603E-04
 4.06086   -0.860397E-04    0.170948E-03   -0.678103E-04
 4.07889   -0.869553E-04    0.170312E-03   -0.668456E-04
 4.09691   -0.877824E-04    0.169643E-03   -0.658678E-04
 4.11494   -0.885253E-04    0.168942E-03   -0.648783E-04
 4.13297   -0.891885E-04    0.168212E-03   -0.638788E-04
 4.15099   -0.897763E-04    0.167454E-03   -0.628705E-04
 4.16902   -0.902928E-04    0.166671E-03   -0.618546E-04
 4.18704   -0.907419E-04    0.165865E-03   -0.608326E-04
 4.20507   -0.911273E-04    0.165036E-03   -0.598054E-04
 4.22310   -0.914527E-04    0.164188E-03   -0.587744E-04
 4.24112   -0.917213E-04    0.163322E-03   -0.577404E-04
 4.25915   -0.919366E-04    0.162439E-03   -0.567046E-04
 4.27717   -0.921015E-04    0.161540E-03   -0.556679E-04
 4.29520   -0.922190E-04    0.160627E-03   -0.546310E-04
 4.31323   -0.922919E-04    0.159701E-03   -0.535948E-04
 4.33125   -0.923228E-04    0.158764E-03   -0.525602E-04
 4.34928   -0.923142E-04    0.157817E-03   -0.515278E-04
 4.36730   -0.922685E-04    0.156860E-03   -0.504983E-04
 4.38533   -0.921880E-04    0.155895E-03   -0.494723E-04
 4.40336   -0.920748E-04    0.154922E-03   -0.484503E-04
 4.42138   -0.919308E-04    0.153944E-03   -0.474330E-04
 4.43941   -0.917581E-04    0.152959E-03   -0.464208E-04
 4.45743   -0.915583E-04    0.151971E-03   -0.454142E-04
 4.47546   -0.913333E-04    0.150978E-03   -0.444135E-04
 4.49349   -0.910846E-04    0.149982E-03   -0.434193E-04
 4.51151   -0.908137E-04    0.148983E-03   -0.424318E-04
 4.52954   -0.905221E-04    0.147983E-03   -0.414513E-04
 4.54757   -0.902112E-04    0.146981E-03   -0.404782E-04
 4.56559   -0.898821E-04    0.145979E-03   -0.395127E-04
 4.58362   -0.895362E-04    0.144976E-03   -0.385551E-04
 4.60164   -0.891745E-04    0.143974E-03   -0.376055E-04
 4.61967   -0.887982E-04    0.142972E-03   -0.366642E-04
 4.63770   -0.884082E-04    0.141972E-03   -0.357313E-04
 4.65572   -0.880056E-04    0.140973E-03   -0.348069E-04
 4.67375   -0.875912E-04    0.139975E-03   -0.338913E-04
 4.69177   -0.871660E-04    0.138980E-03   -0.329845E-04
 4.70980   -0.867306E-04    0.137988E-03   -0.320866E-04
 4.72783   -0.862860E-04    0.136999E-03   -0.311977E-04
 4.74585   -0.858328E-04    0.136012E-03   -0.303179E-04
 4.76388   -0.853716E-04    0.135030E-03   -0.294476E-04
 4.78190   -0.849033E-04    0.134050E-03   -0.285862E-04
 4.79993   -0.844283E-04    0.133075E-03   -0.277341E-04
 4.81796   -0.839473E-04    0.132104E-03   -0.268915E-04
 4.83598   -0.834607E-04    0.131137E-03   -0.260583E-04
 4.85401   -0.829692E-04    0.130175E-03   -0.252346E-04
 4.87203   -0.824732E-04    0.129217E-03   -0.244205E-04
 4.89006   -0.819731E-04    0.128264E-03   -0.236161E-04
 4.90809   -0.814691E-04    0.127316E-03   -0.228215E-04
 4.92611   -0.809625E-04    0.126374E-03   -0.220366E-04
 4.94414   -0.804528E-04    0.125436E-03   -0.212617E-04
 4.96216   -0.799407E-04    0.124504E-03   -0.204967E-04
 4.98019   -0.794264E-04    0.123577E-03   -0.197417E-04
 4.99822   -0.789104E-04    0.122655E-03   -0.189967E-04
 5.01624   -0.783929E-04    0.121739E-03   -0.182618E-04
 5.03427   -0.778742E-04    0.120829E-03   -0.175369E-04
 5.05229   -0.773546E-04    0.119925E-03   -0.168221E-04
 5.07032   -0.768344E-04    0.119026E-03   -0.161173E-04
 5.08835   -0.763138E-04    0.118134E-03   -0.154224E-04
 5.10637   -0.757930E-04    0.117247E-03   -0.147375E-04
 5.12440   -0.752723E-04    0.116366E-03   -0.140624E-04
 5.14242   -0.747520E-04    0.115491E-03   -0.133970E-04
 5.16045   -0.742321E-04    0.114623E-03   -0.127412E-04
 5.17848   -0.737130E-04    0.113760E-03   -0.120948E-04
 5.19650   -0.731948E-04    0.112903E-03   -0.114578E-04
 5.21453   -0.726777E-04    0.112053E-03   -0.108299E-04
 5.23256   -0.721619E-04    0.111209E-03   -0.102111E-04
 5.25058   -0.716475E-04    0.110371E-03   -0.960108E-05
 5.26861   -0.711348E-04    0.109539E-03   -0.899983E-05
 5.28663   -0.706238E-04    0.108714E-03   -0.840711E-05
 5.30466   -0.701148E-04    0.107895E-03   -0.782284E-05
 5.32269   -0.696080E-04    0.107082E-03   -0.724687E-05
 5.34071   -0.691034E-04    0.106276E-03   -0.667913E-05
 5.35874   -0.686012E-04    0.105475E-03   -0.611950E-05
 5.37676   -0.681016E-04    0.104682E-03   -0.556788E-05
 5.39479   -0.676047E-04    0.103894E-03   -0.502419E-05
 5.41282   -0.671106E-04    0.103113E-03   -0.448845E-05
 5.43084   -0.666195E-04    0.102339E-03   -0.396054E-05
 5.44887   -0.661315E-04    0.101571E-03   -0.344043E-05
 5.46689   -0.656462E-04    0.100809E-03   -0.292811E-05
 5.48492   -0.651653E-04    0.100054E-03   -0.242354E-05
 5.50295   -0.646873E-04    0.993051E-04   -0.192667E-05
 5.52097   -0.642128E-04    0.985628E-04   -0.143755E-05
 5.53900   -0.637420E-04    0.978269E-04   -0.956038E-06
 5.55702   -0.632750E-04    0.970974E-04   -0.482174E-06
 5.57505   -0.628118E-04    0.963744E-04   -0.158764E-07
 5.59308   -0.623525E-04    0.956578E-04    0.442793E-06
 5.61110   -0.618971E-04    0.949476E-04    0.894031E-06
 5.62913   -0.614458E-04    0.942438E-04    0.133774E-05
 5.64715   -0.609986E-04    0.935464E-04    0.177404E-05
 5.66518   -0.605555E-04    0.928554E-04    0.220299E-05
 5.68321   -0.601166E-04    0.921706E-04    0.262466E-05
 5.70123   -0.596819E-04    0.914922E-04    0.303914E-05
 5.71926   -0.592514E-04    0.908200E-04    0.344648E-05
 5.73728   -0.588251E-04    0.901541E-04    0.384677E-05
 5.75531   -0.584031E-04    0.894943E-04    0.424013E-05
 5.77334   -0.579852E-04    0.888406E-04    0.462661E-05
 5.79136   -0.575716E-04    0.881930E-04    0.500630E-05
 5.80939   -0.571621E-04    0.875514E-04    0.537934E-05
 5.82741   -0.567568E-04    0.869158E-04    0.574580E-05
 5.84544   -0.563555E-04    0.862861E-04    0.610579E-05
 5.86347   -0.559583E-04    0.856622E-04    0.645942E-05
 5.88149   -0.555650E-04    0.850441E-04    0.680677E-05
 5.89952   -0.551753E-04    0.844317E-04    0.714797E-05
 5.91755   -0.547901E-04    0.838249E-04    0.748310E-05
 5.93557   -0.544083E-04    0.832236E-04    0.781231E-05
 5.95360   -0.540302E-04    0.826278E-04    0.813563E-05
 5.97162   -0.536556E-04    0.820373E-04    0.845319E-05
 5.98965   -0.532844E-04    0.814522E-04    0.876512E-05
 6.00768   -0.529166E-04    0.808722E-04    0.907151E-05
 6.02570   -0.525521E-04    0.802973E-04    0.937248E-05
 6.04373   -0.521906E-04    0.797274E-04    0.966811E-05
 6.06175   -0.518323E-04    0.791625E-04    0.995851E-05
 6.07978   -0.514768E-04    0.786024E-04    0.102438E-04
 6.09781   -0.511241E-04    0.780471E-04    0.105240E-04
 6.11583   -0.507742E-04    0.774964E-04    0.107993E-04
 6.13386   -0.504268E-04    0.769504E-04    0.110698E-04
 6.15188   -0.500820E-04    0.764087E-04    0.113356E-04
 6.16991   -0.497395E-04    0.758715E-04    0.115967E-04
 6.18794   -0.493993E-04    0.753386E-04    0.118533E-04
 6.20596   -0.490613E-04    0.748100E-04    0.121055E-04
 6.22399   -0.487254E-04    0.742855E-04    0.123533E-04
 6.24201   -0.483915E-04    0.737651E-04    0.125968E-04
 6.26004   -0.480596E-04    0.732488E-04    0.128361E-04
 6.27807   -0.477295E-04    0.727364E-04    0.130714E-04
 6.29609   -0.474011E-04    0.722279E-04    0.133026E-04
 6.31412   -0.470745E-04    0.717232E-04    0.135298E-04
 6.33214   -0.467495E-04    0.712222E-04    0.137532E-04
 6.35017   -0.464261E-04    0.707250E-04    0.139728E-04
 6.36820   -0.461042E-04    0.702314E-04    0.141887E-04
 6.38622   -0.457838E-04    0.697414E-04    0.144009E-04
 6.40425   -0.454648E-04    0.692550E-04    0.146095E-04
 6.42227   -0.451473E-04    0.687720E-04    0.148145E-04
 6.44030   -0.448312E-04    0.682926E-04    0.150161E-04
 6.45833   -0.445164E-04    0.678165E-04    0.152143E-04
 6.47635   -0.442029E-04    0.673439E-04    0.154095E-04
 6.49438   -0.438909E-04    0.668746E-04    0.156009E-04
 6.51240   -0.435801E-04    0.664087E-04    0.157891E-04
 6.53043   -0.432707E-04    0.659460E-04    0.159740E-04
 6.54846   -0.429624E-04    0.654867E-04    0.161557E-04
 6.56648   -0.426559E-04    0.650305E-04    0.163343E-04
 6.58451   -0.423506E-04    0.645777E-04    0.165098E-04
 6.60254   -0.420466E-04    0.641281E-04    0.166821E-04
 6.62056   -0.417440E-04    0.636817E-04    0.168514E-04
 6.63859   -0.414428E-04    0.632385E-04    0.170177E-04
 6.65661   -0.411431E-04    0.627984E-04    0.171811E-04
 6.67464   -0.408448E-04    0.623616E-04    0.173414E-04
 6.69267   -0.405480E-04    0.619279E-04    0.174988E-04
 6.71069   -0.402528E-04    0.614973E-04    0.176534E-04
 6.72872   -0.399590E-04    0.610699E-04    0.178051E-04
 6.74674   -0.396668E-04    0.606456E-04    0.179540E-04
 6.76477   -0.393762E-04    0.602244E-04    0.181000E-04
 6.78280   -0.390872E-04    0.598063E-04    0.182433E-04
 6.80082   -0.387998E-04    0.593913E-04    0.183838E-04
 6.81885   -0.385140E-04    0.589795E-04    0.185212E-04
 6.83687   -0.382299E-04    0.585707E-04    0.186567E-04
 6.85490   -0.379475E-04    0.581649E-04    0.187887E-04
 6.87293   -0.376669E-04    0.577622E-04    0.189185E-04
 6.89095   -0.373879E-04    0.573625E-04    0.190456E-04
 6.90898   -0.371105E-04    0.569658E-04    0.191702E-04
 6.92700   -0.368354E-04    0.565722E-04    0.192921E-04
 6.94503   -0.365618E-04    0.561815E-04    0.194116E-04
 6.96306   -0.362900E-04    0.557939E-04    0.195285E-04
 6.98108   -0.360200E-04    0.554092E-04    0.196430E-04
 6.99911   -0.357519E-04    0.550275E-04    0.197549E-04
 7.01713   -0.354856E-04    0.546488E-04    0.198645E-04
 7.03516   -0.352211E-04    0.542729E-04    0.199716E-04
 7.05319   -0.349586E-04    0.539001E-04    0.200763E-04
 7.07121   -0.346979E-04    0.535301E-04    0.201787E-04
 7.08924   -0.344391E-04    0.531630E-04    0.202787E-04
 7.10726   -0.341823E-04    0.527988E-04    0.203764E-04
 7.12529   -0.339273E-04    0.524374E-04    0.204719E-04
 7.14332   -0.336742E-04    0.520790E-04    0.205651E-04
 7.16134   -0.334230E-04    0.517233E-04    0.206561E-04
 7.17937   -0.331738E-04    0.513705E-04    0.207449E-04
 7.19739   -0.329264E-04    0.510204E-04    0.208315E-04
 7.21542   -0.326810E-04    0.506731E-04    0.209159E-04
 7.23345   -0.324375E-04    0.503286E-04    0.209982E-04
 7.25147   -0.321959E-04    0.499869E-04    0.210784E-04
 7.26950   -0.319562E-04    0.496479E-04    0.211565E-04
 7.28753   -0.317184E-04    0.493115E-04    0.212325E-04
 7.30555   -0.314825E-04    0.489776E-04    0.213066E-04
 7.32358   -0.312486E-04    0.486467E-04    0.213786E-04
 7.34160   -0.310165E-04    0.483184E-04    0.214487E-04
 7.35963   -0.307864E-04    0.479930E-04    0.215168E-04
 7.37766   -0.305581E-04    0.476700E-04    0.215830E-04
 7.39568   -0.303318E-04    0.473496E-04    0.216472E-04
 7.41371   -0.301074E-04    0.470318E-04    0.217096E-04
 7.43173   -0.298848E-04    0.467165E-04    0.217702E-04
 7.44976   -0.296641E-04    0.464038E-04    0.218289E-04
 7.46779   -0.294453E-04    0.460936E-04    0.218858E-04
 7.48581   -0.292284E-04    0.457860E-04    0.219409E-04
 7.50384   -0.290134E-04    0.454808E-04    0.219942E-04
 7.52186   -0.288003E-04    0.451782E-04    0.220458E-04
 7.53989   -0.285890E-04    0.448780E-04    0.220957E-04
 7.55792   -0.283795E-04    0.445803E-04    0.221439E-04
 7.57594   -0.281720E-04    0.442850E-04    0.221903E-04
 7.59397   -0.279662E-04    0.439921E-04    0.222352E-04
 7.61199   -0.277623E-04    0.437016E-04    0.222784E-04
 7.63002   -0.275602E-04    0.434134E-04    0.223200E-04
 7.64805   -0.273600E-04    0.431277E-04    0.223600E-04
 7.66607   -0.271615E-04    0.428442E-04    0.223984E-04
 7.68410   -0.269649E-04    0.425631E-04    0.224353E-04
 7.70212   -0.267700E-04    0.422844E-04    0.224707E-04
 7.72015   -0.265770E-04    0.420079E-04    0.225046E-04
 7.73818   -0.263856E-04    0.417336E-04    0.225370E-04
 7.75620   -0.261961E-04    0.414616E-04    0.225679E-04
 7.77423   -0.260083E-04    0.411919E-04    0.225974E-04
 7.79225   -0.258222E-04    0.409243E-04    0.226254E-04
 7.81028   -0.256378E-04    0.406589E-04    0.226521E-04
 7.82831   -0.254551E-04    0.403958E-04    0.226774E-04
 7.84633   -0.252741E-04    0.401347E-04    0.227014E-04
 7.86436   -0.250947E-04    0.398758E-04    0.227240E-04
 7.88238   -0.249170E-04    0.396190E-04    0.227453E-04
 7.90041   -0.247410E-04    0.393643E-04    0.227653E-04
 7.91844   -0.245665E-04    0.391117E-04    0.227840E-04
 7.93646   -0.243937E-04    0.388611E-04    0.228015E-04
 7.95449   -0.242224E-04    0.386125E-04    0.228176E-04
 7.97252   -0.240527E-04    0.383660E-04    0.228328E-04
 7.99054   -0.238846E-04    0.381214E-04    0.228466E-04
 8.00857   -0.237180E-04    0.378789E-04    0.228593E-04
 8.02659   -0.235529E-04    0.376383E-04    0.228708E-04
 8.04462   -0.233893E-04    0.373996E-04    0.228812E-04
 8.06265   -0.232272E-04    0.371628E-04    0.228905E-04
 8.08067   -0.230665E-04    0.369279E-04    0.228987E-04
 8.09870   -0.229073E-04    0.366949E-04    0.229058E-04
 8.11672   -0.227496E-04    0.364638E-04    0.229118E-04
 8.13475   -0.225932E-04    0.362345E-04    0.229168E-04
 8.15278   -0.224383E-04    0.360071E-04    0.229208E-04
 8.17080   -0.222847E-04    0.357814E-04    0.229238E-04
 8.18883   -0.221325E-04    0.355575E-04    0.229258E-04
 8.20685   -0.219817E-04    0.353354E-04    0.229268E-04
 8.22488   -0.218322E-04    0.351151E-04    0.229269E-04
 8.24291   -0.216841E-04    0.348965E-04    0.229260E-04
 8.26093   -0.215372E-04    0.346796E-04    0.229242E-04
 8.27896   -0.213917E-04    0.344644E-04    0.229215E-04
 8.29698   -0.212475E-04    0.342509E-04    0.229179E-04
 8.31501   -0.211045E-04    0.340391E-04    0.229134E-04
 8.33304   -0.209628E-04    0.338290E-04    0.229081E-04
 8.35106   -0.208223E-04    0.336204E-04    0.229019E-04
 8.36909   -0.206831E-04    0.334136E-04    0.228949E-04
 8.38711   -0.205451E-04    0.332083E-04    0.228870E-04
 8.40514   -0.204083E-04    0.330046E-04    0.228784E-04
 8.42317   -0.202727E-04    0.328025E-04    0.228690E-04
 8.44119   -0.201383E-04    0.326020E-04    0.228588E-04
 8.45922   -0.200051E-04    0.324030E-04    0.228478E-04
 8.47724   -0.198730E-04    0.322055E-04    0.228361E-04
 8.49527   -0.197421E-04    0.320096E-04    0.228237E-04
 8.51330   -0.196123E-04    0.318152E-04    0.228105E-04
 8.53132   -0.194836E-04    0.316223E-04    0.227966E-04
 8.54935   -0.193561E-04    0.314309E-04    0.227821E-04
 8.56737   -0.192296E-04    0.312409E-04    0.227668E-04
 8.58540   -0.191043E-04    0.310524E-04    0.227509E-04
 8.60343   -0.189801E-04    0.308654E-04    0.227342E-04
 8.62145   -0.188569E-04    0.306797E-04    0.227170E-04
 8.63948   -0.187348E-04    0.304955E-04    0.226991E-04
 8.65751   -0.186138E-04    0.303127E-04    0.226805E-04
 8.67553   -0.184938E-04    0.301313E-04    0.226614E-04
 8.69356   -0.183748E-04    0.299513E-04    0.226416E-04
 8.71158   -0.182569E-04    0.297727E-04    0.226212E-04
 8.72961   -0.181400E-04    0.295954E-04    0.226003E-04
 8.74764   -0.180241E-04    0.294195E-04    0.225787E-04
 8.76566   -0.179093E-04    0.292449E-04    0.225566E-04
 8.78369   -0.177954E-04    0.290716E-04    0.225340E-04
 8.80171   -0.176825E-04    0.288996E-04    0.225108E-04
 8.81974   -0.175706E-04    0.287288E-04    0.224870E-04
 8.83777   -0.174597E-04    0.285595E-04    0.224627E-04
 8.85579   -0.173497E-04    0.283916E-04    0.224379E-04
 8.87382   -0.172407E-04    0.282248E-04    0.224126E-04
 8.89184   -0.171326E-04    0.280592E-04    0.223867E-04
 8.90987   -0.170255E-04    0.278949E-04    0.223604E-04
 8.92790   -0.169193E-04    0.277319E-04    0.223336E-04
 8.94592   -0.168141E-04    0.275701E-04    0.223063E-04
 8.96395   -0.167097E-04    0.274095E-04    0.222785E-04
 8.98197   -0.166063E-04    0.272501E-04    0.222502E-04
 9.00000   -0.165038E-04    0.270919E-04    0.222216E-04
