 0.00500    0.273306E-01   -0.137244E-01    0.102618E-01
 0.02303    0.220387E-01   -0.110785E-01    0.827703E-02
 0.04105    0.189911E-01   -0.955446E-02    0.713355E-02
 0.05908    0.167953E-01   -0.845621E-02    0.630929E-02
 0.07710    0.150803E-01   -0.759826E-02    0.566507E-02
 0.09513    0.136804E-01   -0.689781E-02    0.513888E-02
 0.11316    0.125048E-01   -0.630948E-02    0.469669E-02
 0.13118    0.114980E-01   -0.580545E-02    0.431760E-02
 0.14921    0.106229E-01   -0.536719E-02    0.398777E-02
 0.16723    0.985346E-02   -0.498174E-02    0.369746E-02
 0.18526    0.917061E-02   -0.463954E-02    0.343954E-02
 0.20329    0.856005E-02   -0.433345E-02    0.320865E-02
 0.22131    0.801063E-02   -0.405789E-02    0.300060E-02
 0.23934    0.751354E-02   -0.380846E-02    0.281212E-02
 0.25736    0.706167E-02   -0.358162E-02    0.264055E-02
 0.27539    0.664920E-02   -0.337446E-02    0.248370E-02
 0.29342    0.627132E-02   -0.318457E-02    0.233979E-02
 0.31144    0.592401E-02   -0.300994E-02    0.220731E-02
 0.32947    0.560386E-02   -0.284888E-02    0.208499E-02
 0.34749    0.530793E-02   -0.269992E-02    0.197174E-02
 0.36552    0.503372E-02   -0.256180E-02    0.186663E-02
 0.38355    0.477907E-02   -0.243346E-02    0.176884E-02
 0.40157    0.454210E-02   -0.231395E-02    0.167768E-02
 0.41960    0.432115E-02   -0.220244E-02    0.159253E-02
 0.43763    0.411476E-02   -0.209821E-02    0.151285E-02
 0.45565    0.392167E-02   -0.200062E-02    0.143817E-02
 0.47368    0.374072E-02   -0.190910E-02    0.136804E-02
 0.49170    0.357089E-02   -0.182314E-02    0.130211E-02
 0.50973    0.341128E-02   -0.174230E-02    0.124003E-02
 0.52776    0.326109E-02   -0.166615E-02    0.118150E-02
 0.54578    0.311957E-02   -0.159436E-02    0.112624E-02
 0.56381    0.298607E-02   -0.152657E-02    0.107402E-02
 0.58183    0.285999E-02   -0.146250E-02    0.102460E-02
 0.59986    0.274079E-02   -0.140187E-02    0.977796E-03
 0.61789    0.262799E-02   -0.134444E-02    0.933417E-03
 0.63591    0.252113E-02   -0.128999E-02    0.891301E-03
 0.65394    0.241981E-02   -0.123832E-02    0.851293E-03
 0.67196    0.232365E-02   -0.118924E-02    0.813256E-03
 0.68999    0.223232E-02   -0.114258E-02    0.777063E-03
 0.70802    0.214550E-02   -0.109818E-02    0.742597E-03
 0.72604    0.206291E-02   -0.105590E-02    0.709753E-03
 0.74407    0.198428E-02   -0.101562E-02    0.678431E-03
 0.76209    0.190936E-02   -0.977198E-03    0.648542E-03
 0.78012    0.183794E-02   -0.940537E-03    0.620001E-03
 0.79815    0.176981E-02   -0.905528E-03    0.592730E-03
 0.81617    0.170477E-02   -0.872078E-03    0.566659E-03
 0.83420    0.164265E-02   -0.840096E-03    0.541721E-03
 0.85222    0.158328E-02   -0.809501E-03    0.517856E-03
 0.87025    0.152651E-02   -0.780216E-03    0.495003E-03
 0.88828    0.147219E-02   -0.752170E-03    0.473108E-03
 0.90630    0.142020E-02   -0.725296E-03    0.452125E-03
 0.92433    0.137040E-02   -0.699531E-03    0.432006E-03
 0.94235    0.132268E-02   -0.674819E-03    0.412708E-03
 0.96038    0.127695E-02   -0.651108E-03    0.394188E-03
 0.97841    0.123308E-02   -0.628344E-03    0.376410E-03
 0.99643    0.119100E-02   -0.606483E-03    0.359339E-03
 1.01446    0.115060E-02   -0.585478E-03    0.342941E-03
 1.03248    0.111181E-02   -0.565289E-03    0.327183E-03
 1.05051    0.107455E-02   -0.545875E-03    0.312036E-03
 1.06854    0.103875E-02   -0.527201E-03    0.297473E-03
 1.08656    0.100433E-02   -0.509232E-03    0.283466E-03
 1.10459    0.971229E-03   -0.491935E-03    0.269992E-03
 1.12262    0.939391E-03   -0.475281E-03    0.257027E-03
 1.14064    0.908755E-03   -0.459239E-03    0.244550E-03
 1.15867    0.879267E-03   -0.443783E-03    0.232538E-03
 1.17669    0.850874E-03   -0.428886E-03    0.220973E-03
 1.19472    0.823529E-03   -0.414526E-03    0.209836E-03
 1.21275    0.797186E-03   -0.400677E-03    0.199109E-03
 1.23077    0.771800E-03   -0.387319E-03    0.188775E-03
 1.24880    0.747331E-03   -0.374432E-03    0.178819E-03
 1.26682    0.723739E-03   -0.361994E-03    0.169225E-03
 1.28485    0.700987E-03   -0.349988E-03    0.159979E-03
 1.30288    0.679039E-03   -0.338396E-03    0.151067E-03
 1.32090    0.657864E-03   -0.327200E-03    0.142476E-03
 1.33893    0.637428E-03   -0.316386E-03    0.134194E-03
 1.35695    0.617702E-03   -0.305942E-03    0.126209E-03
 1.37498    0.598657E-03   -0.295846E-03    0.118510E-03
 1.39301    0.580266E-03   -0.286088E-03    0.111086E-03
 1.41103    0.562504E-03   -0.276651E-03    0.103927E-03
 1.42906    0.545346E-03   -0.267531E-03    0.970234E-04
 1.44708    0.528767E-03   -0.258711E-03    0.903657E-04
 1.46511    0.512747E-03   -0.250181E-03    0.839450E-04
 1.48314    0.497262E-03   -0.241930E-03    0.777530E-04
 1.50116    0.482294E-03   -0.233947E-03    0.717815E-04
 1.51919    0.467823E-03   -0.226222E-03    0.660228E-04
 1.53721    0.453830E-03   -0.218748E-03    0.604696E-04
 1.55524    0.440299E-03   -0.211514E-03    0.551147E-04
 1.57327    0.427213E-03   -0.204512E-03    0.499517E-04
 1.59129    0.414555E-03   -0.197735E-03    0.449740E-04
 1.60932    0.402311E-03   -0.191174E-03    0.401754E-04
 1.62734    0.390466E-03   -0.184822E-03    0.355502E-04
 1.64537    0.379007E-03   -0.178673E-03    0.310926E-04
 1.66340    0.367919E-03   -0.172719E-03    0.267973E-04
 1.68142    0.357191E-03   -0.166954E-03    0.226592E-04
 1.69945    0.346811E-03   -0.161372E-03    0.186733E-04
 1.71747    0.336768E-03   -0.155968E-03    0.148349E-04
 1.73550    0.327051E-03   -0.150736E-03    0.111398E-04
 1.75353    0.317649E-03   -0.145670E-03    0.758354E-05
 1.77155    0.308554E-03   -0.140766E-03    0.416210E-05
 1.78958    0.299755E-03   -0.136019E-03    0.871582E-06
 1.80761    0.291244E-03   -0.131425E-03   -0.229168E-05
 1.82563    0.283014E-03   -0.126979E-03   -0.533113E-05
 1.84366    0.275056E-03   -0.122677E-03   -0.825015E-05
 1.86168    0.267363E-03   -0.118516E-03   -0.110518E-04
 1.87971    0.259928E-03   -0.114492E-03   -0.137391E-04
 1.89774    0.252746E-03   -0.110602E-03   -0.163147E-04
 1.91576    0.245809E-03   -0.106843E-03   -0.187813E-04
 1.93379    0.239114E-03   -0.103212E-03   -0.211415E-04
 1.95181    0.232653E-03   -0.997065E-04   -0.233973E-04
 1.96984    0.226423E-03   -0.963231E-04   -0.255514E-04
 1.98787    0.220419E-03   -0.930599E-04   -0.276054E-04
 2.00589    0.214636E-03   -0.899144E-04   -0.295618E-04
 2.02392    0.209071E-03   -0.868852E-04   -0.314222E-04
 2.04194    0.203719E-03   -0.839694E-04   -0.331884E-04
 2.05997    0.198578E-03   -0.811657E-04   -0.348623E-04
 2.07800    0.193644E-03   -0.784721E-04   -0.364453E-04
 2.09602    0.188912E-03   -0.758863E-04   -0.379393E-04
 2.11405    0.184381E-03   -0.734073E-04   -0.393458E-04
 2.13207    0.180046E-03   -0.710328E-04   -0.406667E-04
 2.15010    0.175904E-03   -0.687608E-04   -0.419031E-04
 2.16813    0.171952E-03   -0.665902E-04   -0.430568E-04
 2.18615    0.168187E-03   -0.645181E-04   -0.441298E-04
 2.20418    0.164604E-03   -0.625434E-04   -0.451237E-04
 2.22220    0.161199E-03   -0.606635E-04   -0.460405E-04
 2.24023    0.157968E-03   -0.588760E-04   -0.468821E-04
 2.25826    0.154906E-03   -0.571784E-04   -0.476507E-04
 2.27628    0.152009E-03   -0.555680E-04   -0.483488E-04
 2.29431    0.149269E-03   -0.540418E-04   -0.489786E-04
 2.31233    0.146681E-03   -0.525966E-04   -0.495430E-04
 2.33036    0.144238E-03   -0.512287E-04   -0.500451E-04
 2.34839    0.141932E-03   -0.499342E-04   -0.504877E-04
 2.36641    0.139755E-03   -0.487088E-04   -0.508747E-04
 2.38444    0.137699E-03   -0.475480E-04   -0.512092E-04
 2.40246    0.135753E-03   -0.464469E-04   -0.514959E-04
 2.42049    0.133908E-03   -0.454003E-04   -0.517383E-04
 2.43852    0.132152E-03   -0.444026E-04   -0.519411E-04
 2.45654    0.130475E-03   -0.434480E-04   -0.521089E-04
 2.47457    0.128863E-03   -0.425301E-04   -0.522464E-04
 2.49260    0.127305E-03   -0.416427E-04   -0.523593E-04
 2.51062    0.125787E-03   -0.407793E-04   -0.524519E-04
 2.52865    0.124297E-03   -0.399329E-04   -0.525300E-04
 2.54667    0.122821E-03   -0.390968E-04   -0.525987E-04
 2.56470    0.121344E-03   -0.382640E-04   -0.526636E-04
 2.58273    0.119855E-03   -0.374277E-04   -0.527302E-04
 2.60075    0.118338E-03   -0.365809E-04   -0.528033E-04
 2.61878    0.116781E-03   -0.357169E-04   -0.528887E-04
 2.63680    0.115172E-03   -0.348295E-04   -0.529913E-04
 2.65483    0.113497E-03   -0.339120E-04   -0.531160E-04
 2.67286    0.111746E-03   -0.329590E-04   -0.532670E-04
 2.69088    0.109908E-03   -0.319649E-04   -0.534490E-04
 2.70891    0.107973E-03   -0.309247E-04   -0.536657E-04
 2.72693    0.105932E-03   -0.298338E-04   -0.539206E-04
 2.74496    0.103777E-03   -0.286888E-04   -0.542167E-04
 2.76299    0.101503E-03   -0.274860E-04   -0.545566E-04
 2.78101    0.991039E-04   -0.262227E-04   -0.549425E-04
 2.79904    0.965767E-04   -0.248975E-04   -0.553758E-04
 2.81706    0.939181E-04   -0.235088E-04   -0.558576E-04
 2.83509    0.911282E-04   -0.220562E-04   -0.563884E-04
 2.85312    0.882072E-04   -0.205399E-04   -0.569680E-04
 2.87114    0.851570E-04   -0.189610E-04   -0.575960E-04
 2.88917    0.819806E-04   -0.173208E-04   -0.582711E-04
 2.90719    0.786826E-04   -0.156215E-04   -0.589919E-04
 2.92522    0.752687E-04   -0.138660E-04   -0.597563E-04
 2.94325    0.717458E-04   -0.120578E-04   -0.605618E-04
 2.96127    0.681218E-04   -0.102007E-04   -0.614051E-04
 2.97930    0.644059E-04   -0.829919E-05   -0.622839E-04
 2.99732    0.606075E-04   -0.635815E-05   -0.631937E-04
 3.01535    0.567369E-04   -0.438263E-05   -0.641310E-04
 3.03338    0.528049E-04   -0.237805E-05   -0.650918E-04
 3.05140    0.488229E-04   -0.350040E-06   -0.660712E-04
 3.06943    0.448023E-04    0.169563E-05   -0.670668E-04
 3.08745    0.407550E-04    0.375307E-05   -0.680723E-04
 3.10548    0.366930E-04    0.581637E-05   -0.690840E-04
 3.12351    0.326276E-04    0.787965E-05   -0.700971E-04
 3.14153    0.285707E-04    0.993715E-05   -0.711082E-04
 3.15956    0.245334E-04    0.119833E-04   -0.721123E-04
 3.17759    0.205267E-04    0.140126E-04   -0.731054E-04
 3.19561    0.165607E-04    0.160199E-04   -0.740838E-04
 3.21364    0.126455E-04    0.180002E-04   -0.750437E-04
 3.23166    0.879019E-05    0.199490E-04   -0.759817E-04
 3.24969    0.500331E-05    0.218619E-04   -0.768946E-04
 3.26772    0.129278E-05    0.237352E-04   -0.777794E-04
 3.28574   -0.233420E-05    0.255651E-04   -0.786333E-04
 3.30377   -0.587122E-05    0.273483E-04   -0.794541E-04
 3.32179   -0.931235E-05    0.290821E-04   -0.802395E-04
 3.33982   -0.126525E-04    0.307638E-04   -0.809872E-04
 3.35785   -0.158878E-04    0.323915E-04   -0.816967E-04
 3.37587   -0.190140E-04    0.339632E-04   -0.823657E-04
 3.39390   -0.220298E-04    0.354777E-04   -0.829934E-04
 3.41192   -0.249316E-04    0.369339E-04   -0.835791E-04
 3.42995   -0.277183E-04    0.383310E-04   -0.841222E-04
 3.44798   -0.303891E-04    0.396686E-04   -0.846224E-04
 3.46600   -0.329435E-04    0.409464E-04   -0.850795E-04
 3.48403   -0.353817E-04    0.421645E-04   -0.854935E-04
 3.50205   -0.377042E-04    0.433233E-04   -0.858648E-04
 3.52008   -0.399120E-04    0.444232E-04   -0.861936E-04
 3.53811   -0.420067E-04    0.454650E-04   -0.864807E-04
 3.55613   -0.439900E-04    0.464496E-04   -0.867261E-04
 3.57416   -0.458639E-04    0.473782E-04   -0.869322E-04
 3.59218   -0.476312E-04    0.482519E-04   -0.870984E-04
 3.61021   -0.492944E-04    0.490719E-04   -0.872262E-04
 3.62824   -0.508560E-04    0.498399E-04   -0.873167E-04
 3.64626   -0.523192E-04    0.505571E-04   -0.873710E-04
 3.66429   -0.536872E-04    0.512253E-04   -0.873904E-04
 3.68231   -0.549629E-04    0.518460E-04   -0.873760E-04
 3.70034   -0.561497E-04    0.524208E-04   -0.873290E-04
 3.71837   -0.572510E-04    0.529515E-04   -0.872505E-04
 3.73639   -0.582699E-04    0.534398E-04   -0.871428E-04
 3.75442   -0.592101E-04    0.538873E-04   -0.870060E-04
 3.77244   -0.600747E-04    0.542957E-04   -0.868413E-04
 3.79047   -0.608670E-04    0.546667E-04   -0.866515E-04
 3.80850   -0.615904E-04    0.550019E-04   -0.864364E-04
 3.82652   -0.622480E-04    0.553030E-04   -0.861976E-04
 3.84455   -0.628429E-04    0.555716E-04   -0.859361E-04
 3.86258   -0.633783E-04    0.558092E-04   -0.856542E-04
 3.88060   -0.638570E-04    0.560173E-04   -0.853517E-04
 3.89863   -0.642820E-04    0.561974E-04   -0.850304E-04
 3.91665   -0.646561E-04    0.563508E-04   -0.846911E-04
 3.93468   -0.649819E-04    0.564790E-04   -0.843350E-04
 3.95271   -0.652621E-04    0.565832E-04   -0.839631E-04
 3.97073   -0.654991E-04    0.566648E-04   -0.835762E-04
 3.98876   -0.656954E-04    0.567251E-04   -0.831755E-04
 4.00678   -0.658532E-04    0.567651E-04   -0.827618E-04
 4.02481   -0.659748E-04    0.567859E-04   -0.823358E-04
 4.04284   -0.660623E-04    0.567886E-04   -0.818986E-04
 4.06086   -0.661175E-04    0.567743E-04   -0.814507E-04
 4.07889   -0.661425E-04    0.567439E-04   -0.809930E-04
 4.09691   -0.661391E-04    0.566984E-04   -0.805261E-04
 4.11494   -0.661089E-04    0.566386E-04   -0.800508E-04
 4.13297   -0.660536E-04    0.565654E-04   -0.795677E-04
 4.15099   -0.659747E-04    0.564795E-04   -0.790779E-04
 4.16902   -0.658737E-04    0.563817E-04   -0.785810E-04
 4.18704   -0.657520E-04    0.562727E-04   -0.780779E-04
 4.20507   -0.656109E-04    0.561532E-04   -0.775693E-04
 4.22310   -0.654517E-04    0.560239E-04   -0.770557E-04
 4.24112   -0.652755E-04    0.558853E-04   -0.765375E-04
 4.25915   -0.650834E-04    0.557381E-04   -0.760151E-04
 4.27717   -0.648766E-04    0.555827E-04   -0.754889E-04
 4.29520   -0.646559E-04    0.554195E-04   -0.749594E-04
 4.31323   -0.644223E-04    0.552494E-04   -0.744270E-04
 4.33125   -0.641767E-04    0.550726E-04   -0.738918E-04
 4.34928   -0.639199E-04    0.548896E-04   -0.733537E-04
 4.36730   -0.636527E-04    0.547007E-04   -0.728142E-04
 4.38533   -0.633759E-04    0.545063E-04   -0.722731E-04
 4.40336   -0.630902E-04    0.543070E-04   -0.717305E-04
 4.42138   -0.627962E-04    0.541029E-04   -0.711867E-04
 4.43941   -0.624946E-04    0.538944E-04   -0.706419E-04
 4.45743   -0.621859E-04    0.536818E-04   -0.700965E-04
 4.47546   -0.618706E-04    0.534655E-04   -0.695505E-04
 4.49349   -0.615494E-04    0.532456E-04   -0.690043E-04
 4.51151   -0.612228E-04    0.530225E-04   -0.684581E-04
 4.52954   -0.608910E-04    0.527964E-04   -0.679120E-04
 4.54757   -0.605547E-04    0.525676E-04   -0.673660E-04
 4.56559   -0.602143E-04    0.523362E-04   -0.668206E-04
 4.58362   -0.598700E-04    0.521025E-04   -0.662759E-04
 4.60164   -0.595224E-04    0.518666E-04   -0.657320E-04
 4.61967   -0.591717E-04    0.516288E-04   -0.651892E-04
 4.63770   -0.588183E-04    0.513893E-04   -0.646475E-04
 4.65572   -0.584624E-04    0.511481E-04   -0.641072E-04
 4.67375   -0.581045E-04    0.509056E-04   -0.635682E-04
 4.69177   -0.577446E-04    0.506617E-04   -0.630313E-04
 4.70980   -0.573832E-04    0.504167E-04   -0.624960E-04
 4.72783   -0.570205E-04    0.501707E-04   -0.619626E-04
 4.74585   -0.566566E-04    0.499239E-04   -0.614312E-04
 4.76388   -0.562918E-04    0.496762E-04   -0.609021E-04
 4.78190   -0.559263E-04    0.494280E-04   -0.603751E-04
 4.79993   -0.555603E-04    0.491792E-04   -0.598506E-04
 4.81796   -0.551940E-04    0.489300E-04   -0.593284E-04
 4.83598   -0.548275E-04    0.486804E-04   -0.588088E-04
 4.85401   -0.544611E-04    0.484307E-04   -0.582917E-04
 4.87203   -0.540948E-04    0.481807E-04   -0.577773E-04
 4.89006   -0.537289E-04    0.479308E-04   -0.572654E-04
 4.90809   -0.533635E-04    0.476808E-04   -0.567563E-04
 4.92611   -0.529987E-04    0.474309E-04   -0.562498E-04
 4.94414   -0.526347E-04    0.471813E-04   -0.557461E-04
 4.96216   -0.522715E-04    0.469319E-04   -0.552451E-04
 4.98019   -0.519093E-04    0.466829E-04   -0.547468E-04
 4.99822   -0.515482E-04    0.464342E-04   -0.542513E-04
 5.01624   -0.511883E-04    0.461860E-04   -0.537586E-04
 5.03427   -0.508297E-04    0.459383E-04   -0.532686E-04
 5.05229   -0.504726E-04    0.456912E-04   -0.527815E-04
 5.07032   -0.501170E-04    0.454447E-04   -0.522971E-04
 5.08835   -0.497630E-04    0.451989E-04   -0.518156E-04
 5.10637   -0.494107E-04    0.449540E-04   -0.513369E-04
 5.12440   -0.490603E-04    0.447098E-04   -0.508612E-04
 5.14242   -0.487117E-04    0.444664E-04   -0.503883E-04
 5.16045   -0.483650E-04    0.442239E-04   -0.499189E-04
 5.17848   -0.480204E-04    0.439823E-04   -0.494520E-04
 5.19650   -0.476780E-04    0.437418E-04   -0.489880E-04
 5.21453   -0.473377E-04    0.435023E-04   -0.485270E-04
 5.23256   -0.469996E-04    0.432639E-04   -0.480690E-04
 5.25058   -0.466639E-04    0.430266E-04   -0.476142E-04
 5.26861   -0.463305E-04    0.427905E-04   -0.471624E-04
 5.28663   -0.459995E-04    0.425555E-04   -0.467138E-04
 5.30466   -0.456710E-04    0.423218E-04   -0.462683E-04
 5.32269   -0.453451E-04    0.420892E-04   -0.458260E-04
 5.34071   -0.450216E-04    0.418580E-04   -0.453869E-04
 5.35874   -0.447008E-04    0.416280E-04   -0.449510E-04
 5.37676   -0.443825E-04    0.413994E-04   -0.445182E-04
 5.39479   -0.440669E-04    0.411721E-04   -0.440887E-04
 5.41282   -0.437539E-04    0.409461E-04   -0.436625E-04
 5.43084   -0.434436E-04    0.407215E-04   -0.432393E-04
 5.44887   -0.431360E-04    0.404982E-04   -0.428195E-04
 5.46689   -0.428310E-04    0.402764E-04   -0.424029E-04
 5.48492   -0.425287E-04    0.400559E-04   -0.419891E-04
 5.50295   -0.422291E-04    0.398367E-04   -0.415790E-04
 5.52097   -0.419321E-04    0.396190E-04   -0.411720E-04
 5.53900   -0.416378E-04    0.394026E-04   -0.407683E-04
 5.55702   -0.413460E-04    0.391876E-04   -0.403677E-04
 5.57505   -0.410569E-04    0.389739E-04   -0.399702E-04
 5.59308   -0.407703E-04    0.387616E-04   -0.395759E-04
 5.61110   -0.404862E-04    0.385506E-04   -0.391846E-04
 5.62913   -0.402045E-04    0.383409E-04   -0.387965E-04
 5.64715   -0.399253E-04    0.381325E-04   -0.384114E-04
 5.66518   -0.396485E-04    0.379254E-04   -0.380293E-04
 5.68321   -0.393740E-04    0.377196E-04   -0.376502E-04
 5.70123   -0.391018E-04    0.375150E-04   -0.372741E-04
 5.71926   -0.388318E-04    0.373116E-04   -0.369011E-04
 5.73728   -0.385640E-04    0.371094E-04   -0.365308E-04
 5.75531   -0.382983E-04    0.369083E-04   -0.361635E-04
 5.77334   -0.380347E-04    0.367084E-04   -0.357990E-04
 5.79136   -0.377731E-04    0.365096E-04   -0.354373E-04
 5.80939   -0.375134E-04    0.363119E-04   -0.350784E-04
 5.82741   -0.372556E-04    0.361153E-04   -0.347223E-04
 5.84544   -0.369996E-04    0.359196E-04   -0.343689E-04
 5.86347   -0.367454E-04    0.357250E-04   -0.340182E-04
 5.88149   -0.364929E-04    0.355314E-04   -0.336701E-04
 5.89952   -0.362421E-04    0.353388E-04   -0.333247E-04
 5.91755   -0.359929E-04    0.351471E-04   -0.329818E-04
 5.93557   -0.357453E-04    0.349563E-04   -0.326416E-04
 5.95360   -0.354992E-04    0.347664E-04   -0.323039E-04
 5.97162   -0.352546E-04    0.345774E-04   -0.319688E-04
 5.98965   -0.350114E-04    0.343892E-04   -0.316361E-04
 6.00768   -0.347697E-04    0.342019E-04   -0.313059E-04
 6.02570   -0.345293E-04    0.340155E-04   -0.309782E-04
 6.04373   -0.342902E-04    0.338298E-04   -0.306528E-04
 6.06175   -0.340524E-04    0.336449E-04   -0.303299E-04
 6.07978   -0.338159E-04    0.334609E-04   -0.300094E-04
 6.09781   -0.335807E-04    0.332776E-04   -0.296911E-04
 6.11583   -0.333467E-04    0.330951E-04   -0.293753E-04
 6.13386   -0.331139E-04    0.329134E-04   -0.290619E-04
 6.15188   -0.328823E-04    0.327324E-04   -0.287507E-04
 6.16991   -0.326519E-04    0.325522E-04   -0.284418E-04
 6.18794   -0.324228E-04    0.323728E-04   -0.281352E-04
 6.20596   -0.321948E-04    0.321941E-04   -0.278309E-04
 6.22399   -0.319680E-04    0.320161E-04   -0.275288E-04
 6.24201   -0.317424E-04    0.318390E-04   -0.272290E-04
 6.26004   -0.315179E-04    0.316626E-04   -0.269314E-04
 6.27807   -0.312947E-04    0.314870E-04   -0.266360E-04
 6.29609   -0.310726E-04    0.313121E-04   -0.263429E-04
 6.31412   -0.308517E-04    0.311380E-04   -0.260519E-04
 6.33214   -0.306321E-04    0.309647E-04   -0.257632E-04
 6.35017   -0.304136E-04    0.307922E-04   -0.254766E-04
 6.36820   -0.301964E-04    0.306205E-04   -0.251922E-04
 6.38622   -0.299804E-04    0.304495E-04   -0.249100E-04
 6.40425   -0.297657E-04    0.302794E-04   -0.246301E-04
 6.42227   -0.295522E-04    0.301101E-04   -0.243522E-04
 6.44030   -0.293399E-04    0.299415E-04   -0.240765E-04
 6.45833   -0.291289E-04    0.297739E-04   -0.238030E-04
 6.47635   -0.289192E-04    0.296070E-04   -0.235316E-04
 6.49438   -0.287108E-04    0.294410E-04   -0.232623E-04
 6.51240   -0.285038E-04    0.292758E-04   -0.229952E-04
 6.53043   -0.282980E-04    0.291114E-04   -0.227301E-04
 6.54846   -0.280935E-04    0.289480E-04   -0.224672E-04
 6.56648   -0.278904E-04    0.287853E-04   -0.222065E-04
 6.58451   -0.276886E-04    0.286236E-04   -0.219478E-04
 6.60254   -0.274882E-04    0.284627E-04   -0.216912E-04
 6.62056   -0.272891E-04    0.283026E-04   -0.214367E-04
 6.63859   -0.270914E-04    0.281435E-04   -0.211843E-04
 6.65661   -0.268951E-04    0.279852E-04   -0.209339E-04
 6.67464   -0.267001E-04    0.278279E-04   -0.206856E-04
 6.69267   -0.265066E-04    0.276714E-04   -0.204394E-04
 6.71069   -0.263144E-04    0.275158E-04   -0.201952E-04
 6.72872   -0.261236E-04    0.273611E-04   -0.199531E-04
 6.74674   -0.259342E-04    0.272073E-04   -0.197129E-04
 6.76477   -0.257463E-04    0.270544E-04   -0.194748E-04
 6.78280   -0.255597E-04    0.269024E-04   -0.192387E-04
 6.80082   -0.253745E-04    0.267513E-04   -0.190046E-04
 6.81885   -0.251907E-04    0.266011E-04   -0.187725E-04
 6.83687   -0.250084E-04    0.264518E-04   -0.185424E-04
 6.85490   -0.248274E-04    0.263035E-04   -0.183142E-04
 6.87293   -0.246479E-04    0.261560E-04   -0.180881E-04
 6.89095   -0.244697E-04    0.260094E-04   -0.178638E-04
 6.90898   -0.242930E-04    0.258637E-04   -0.176415E-04
 6.92700   -0.241177E-04    0.257190E-04   -0.174211E-04
 6.94503   -0.239437E-04    0.255751E-04   -0.172026E-04
 6.96306   -0.237712E-04    0.254322E-04   -0.169861E-04
 6.98108   -0.236001E-04    0.252901E-04   -0.167715E-04
 6.99911   -0.234303E-04    0.251490E-04   -0.165587E-04
 7.01713   -0.232620E-04    0.250088E-04   -0.163478E-04
 7.03516   -0.230951E-04    0.248694E-04   -0.161388E-04
 7.05319   -0.229295E-04    0.247310E-04   -0.159316E-04
 7.07121   -0.227653E-04    0.245934E-04   -0.157263E-04
 7.08924   -0.226025E-04    0.244568E-04   -0.155228E-04
 7.10726   -0.224411E-04    0.243210E-04   -0.153211E-04
 7.12529   -0.222810E-04    0.241862E-04   -0.151212E-04
 7.14332   -0.221224E-04    0.240522E-04   -0.149232E-04
 7.16134   -0.219650E-04    0.239191E-04   -0.147269E-04
 7.17937   -0.218091E-04    0.237869E-04   -0.145324E-04
 7.19739   -0.216544E-04    0.236556E-04   -0.143396E-04
 7.21542   -0.215012E-04    0.235251E-04   -0.141486E-04
 7.23345   -0.213492E-04    0.233955E-04   -0.139594E-04
 7.25147   -0.211986E-04    0.232668E-04   -0.137719E-04
 7.26950   -0.210493E-04    0.231390E-04   -0.135861E-04
 7.28753   -0.209013E-04    0.230120E-04   -0.134020E-04
 7.30555   -0.207546E-04    0.228859E-04   -0.132196E-04
 7.32358   -0.206092E-04    0.227606E-04   -0.130387E-04
 7.34160   -0.204651E-04    0.226362E-04   -0.128597E-04
 7.35963   -0.203223E-04    0.225126E-04   -0.126822E-04
 7.37766   -0.201807E-04    0.223899E-04   -0.125065E-04
 7.39568   -0.200405E-04    0.222680E-04   -0.123324E-04
 7.41371   -0.199014E-04    0.221469E-04   -0.121598E-04
 7.43173   -0.197636E-04    0.220266E-04   -0.119889E-04
 7.44976   -0.196270E-04    0.219072E-04   -0.118196E-04
 7.46779   -0.194916E-04    0.217886E-04   -0.116518E-04
 7.48581   -0.193575E-04    0.216708E-04   -0.114856E-04
 7.50384   -0.192245E-04    0.215537E-04   -0.113209E-04
 7.52186   -0.190928E-04    0.214375E-04   -0.111578E-04
 7.53989   -0.189621E-04    0.213221E-04   -0.109963E-04
 7.55792   -0.188327E-04    0.212074E-04   -0.108362E-04
 7.57594   -0.187044E-04    0.210936E-04   -0.106776E-04
 7.59397   -0.185773E-04    0.209805E-04   -0.105206E-04
 7.61199   -0.184512E-04    0.208681E-04   -0.103650E-04
 7.63002   -0.183263E-04    0.207566E-04   -0.102109E-04
 7.64805   -0.182025E-04    0.206458E-04   -0.100582E-04
 7.66607   -0.180798E-04    0.205357E-04   -0.990697E-05
 7.68410   -0.179582E-04    0.204264E-04   -0.975717E-05
 7.70212   -0.178377E-04    0.203178E-04   -0.960877E-05
 7.72015   -0.177182E-04    0.202099E-04   -0.946182E-05
 7.73818   -0.175998E-04    0.201028E-04   -0.931624E-05
 7.75620   -0.174824E-04    0.199964E-04   -0.917203E-05
 7.77423   -0.173660E-04    0.198907E-04   -0.902917E-05
 7.79225   -0.172507E-04    0.197857E-04   -0.888769E-05
 7.81028   -0.171364E-04    0.196814E-04   -0.874754E-05
 7.82831   -0.170230E-04    0.195778E-04   -0.860874E-05
 7.84633   -0.169107E-04    0.194749E-04   -0.847125E-05
 7.86436   -0.167993E-04    0.193727E-04   -0.833507E-05
 7.88238   -0.166889E-04    0.192711E-04   -0.820019E-05
 7.90041   -0.165795E-04    0.191703E-04   -0.806661E-05
 7.91844   -0.164710E-04    0.190701E-04   -0.793429E-05
 7.93646   -0.163634E-04    0.189705E-04   -0.780323E-05
 7.95449   -0.162568E-04    0.188717E-04   -0.767343E-05
 7.97252   -0.161511E-04    0.187734E-04   -0.754487E-05
 7.99054   -0.160462E-04    0.186759E-04   -0.741755E-05
 8.00857   -0.159423E-04    0.185789E-04   -0.729144E-05
 8.02659   -0.158393E-04    0.184826E-04   -0.716654E-05
 8.04462   -0.157372E-04    0.183869E-04   -0.704284E-05
 8.06265   -0.156359E-04    0.182919E-04   -0.692033E-05
 8.08067   -0.155355E-04    0.181975E-04   -0.679900E-05
 8.09870   -0.154359E-04    0.181037E-04   -0.667883E-05
 8.11672   -0.153372E-04    0.180105E-04   -0.655982E-05
 8.13475   -0.152394E-04    0.179179E-04   -0.644197E-05
 8.15278   -0.151423E-04    0.178259E-04   -0.632525E-05
 8.17080   -0.150461E-04    0.177345E-04   -0.620966E-05
 8.18883   -0.149507E-04    0.176437E-04   -0.609520E-05
 8.20685   -0.148561E-04    0.175535E-04   -0.598184E-05
 8.22488   -0.147623E-04    0.174639E-04   -0.586958E-05
 8.24291   -0.146693E-04    0.173749E-04   -0.575841E-05
 8.26093   -0.145771E-04    0.172864E-04   -0.564832E-05
 8.27896   -0.144856E-04    0.171985E-04   -0.553930E-05
 8.29698   -0.143949E-04    0.171112E-04   -0.543136E-05
 8.31501   -0.143050E-04    0.170245E-04   -0.532446E-05
 8.33304   -0.142159E-04    0.169383E-04   -0.521861E-05
 8.35106   -0.141275E-04    0.168527E-04   -0.511380E-05
 8.36909   -0.140398E-04    0.167676E-04   -0.501000E-05
 8.38711   -0.139529E-04    0.166830E-04   -0.490722E-05
 8.40514   -0.138667E-04    0.165991E-04   -0.480548E-05
 8.42317   -0.137812E-04    0.165156E-04   -0.470473E-05
 8.44119   -0.136965E-04    0.164327E-04   -0.460496E-05
 8.45922   -0.136124E-04    0.163504E-04   -0.450619E-05
 8.47724   -0.135291E-04    0.162685E-04   -0.440838E-05
 8.49527   -0.134464E-04    0.161872E-04   -0.431155E-05
 8.51330   -0.133645E-04    0.161064E-04   -0.421567E-05
 8.53132   -0.132832E-04    0.160261E-04   -0.412075E-05
 8.54935   -0.132027E-04    0.159464E-04   -0.402678E-05
 8.56737   -0.131227E-04    0.158671E-04   -0.393373E-05
 8.58540   -0.130435E-04    0.157884E-04   -0.384161E-05
 8.60343   -0.129649E-04    0.157102E-04   -0.375041E-05
 8.62145   -0.128870E-04    0.156324E-04   -0.366013E-05
 8.63948   -0.128097E-04    0.155552E-04   -0.357074E-05
 8.65751   -0.127330E-04    0.154785E-04   -0.348224E-05
 8.67553   -0.126570E-04    0.154022E-04   -0.339461E-05
 8.69356   -0.125816E-04    0.153264E-04   -0.330788E-05
 8.71158   -0.125068E-04    0.152511E-04   -0.322201E-05
 8.72961   -0.124326E-04    0.151763E-04   -0.313700E-05
 8.74764   -0.123590E-04    0.151019E-04   -0.305283E-05
 8.76566   -0.122860E-04    0.150280E-04   -0.296949E-05
 8.78369   -0.122136E-04    0.149545E-04   -0.288701E-05
 8.80171   -0.121417E-04    0.148815E-04   -0.280534E-05
 8.81974   -0.120704E-04    0.148090E-04   -0.272449E-05
 8.83777   -0.119997E-04    0.147368E-04   -0.264444E-05
 8.85579   -0.119294E-04    0.146652E-04   -0.256519E-05
 8.87382   -0.118598E-04    0.145939E-04   -0.248673E-05
 8.89184   -0.117906E-04    0.145231E-04   -0.240905E-05
 8.90987   -0.117220E-04    0.144527E-04   -0.233214E-05
 8.92790   -0.116539E-04    0.143827E-04   -0.225600E-05
 8.94592   -0.115862E-04    0.143131E-04   -0.218061E-05
 8.96395   -0.115191E-04    0.142440E-04   -0.210597E-05
 8.98197   -0.114524E-04    0.141752E-04   -0.203208E-05
 9.00000   -0.113863E-04    0.141068E-04   -0.195891E-05
