 0.00500    0.423877E-01   -0.210248E-01    0.155040E-01
 0.02303    0.346892E-01   -0.171759E-01    0.126171E-01
 0.04105    0.301842E-01   -0.149233E-01    0.109277E-01
 0.05908    0.269065E-01   -0.132843E-01    0.969849E-02
 0.07710    0.243260E-01   -0.119941E-01    0.873080E-02
 0.09513    0.222055E-01   -0.109338E-01    0.793563E-02
 0.11316    0.204139E-01   -0.100381E-01    0.726389E-02
 0.13118    0.188708E-01   -0.926649E-02    0.668532E-02
 0.14921    0.175224E-01   -0.859227E-02    0.617978E-02
 0.16723    0.163308E-01   -0.799650E-02    0.573309E-02
 0.18526    0.152684E-01   -0.746529E-02    0.533486E-02
 0.20329    0.143139E-01   -0.698811E-02    0.497717E-02
 0.22131    0.134513E-01   -0.655681E-02    0.465393E-02
 0.23934    0.126674E-01   -0.616493E-02    0.436028E-02
 0.25736    0.119519E-01   -0.580722E-02    0.409228E-02
 0.27539    0.112962E-01   -0.547942E-02    0.384675E-02
 0.29342    0.106932E-01   -0.517795E-02    0.362099E-02
 0.31144    0.101367E-01   -0.489981E-02    0.341275E-02
 0.32947    0.962192E-02   -0.464248E-02    0.322015E-02
 0.34749    0.914438E-02   -0.440380E-02    0.304156E-02
 0.36552    0.870038E-02   -0.418190E-02    0.287557E-02
 0.38355    0.828666E-02   -0.397515E-02    0.272099E-02
 0.40157    0.790038E-02   -0.378212E-02    0.257672E-02
 0.41960    0.753906E-02   -0.360159E-02    0.244186E-02
 0.43763    0.720053E-02   -0.343246E-02    0.231556E-02
 0.45565    0.688283E-02   -0.327376E-02    0.219712E-02
 0.47368    0.658424E-02   -0.312462E-02    0.208587E-02
 0.49170    0.630321E-02   -0.298427E-02    0.198124E-02
 0.50973    0.603838E-02   -0.285202E-02    0.188271E-02
 0.52776    0.578848E-02   -0.272725E-02    0.178982E-02
 0.54578    0.555239E-02   -0.260940E-02    0.170214E-02
 0.56381    0.532911E-02   -0.249796E-02    0.161929E-02
 0.58183    0.511770E-02   -0.239247E-02    0.154092E-02
 0.59986    0.491736E-02   -0.229251E-02    0.146672E-02
 0.61789    0.472730E-02   -0.219770E-02    0.139642E-02
 0.63591    0.454683E-02   -0.210770E-02    0.132973E-02
 0.65394    0.437532E-02   -0.202219E-02    0.126643E-02
 0.67196    0.421218E-02   -0.194087E-02    0.120630E-02
 0.68999    0.405689E-02   -0.186348E-02    0.114914E-02
 0.70802    0.390895E-02   -0.178977E-02    0.109475E-02
 0.72604    0.376791E-02   -0.171952E-02    0.104298E-02
 0.74407    0.363335E-02   -0.165252E-02    0.993668E-03
 0.76209    0.350488E-02   -0.158858E-02    0.946661E-03
 0.78012    0.338216E-02   -0.152751E-02    0.901828E-03
 0.79815    0.326484E-02   -0.146915E-02    0.859047E-03
 0.81617    0.315262E-02   -0.141335E-02    0.818201E-03
 0.83420    0.304522E-02   -0.135997E-02    0.779186E-03
 0.85222    0.294237E-02   -0.130886E-02    0.741896E-03
 0.87025    0.284383E-02   -0.125992E-02    0.706242E-03
 0.88828    0.274937E-02   -0.121303E-02    0.672136E-03
 0.90630    0.265877E-02   -0.116807E-02    0.639498E-03
 0.92433    0.257183E-02   -0.112495E-02    0.608253E-03
 0.94235    0.248837E-02   -0.108357E-02    0.578329E-03
 0.96038    0.240821E-02   -0.104385E-02    0.549662E-03
 0.97841    0.233118E-02   -0.100571E-02    0.522188E-03
 0.99643    0.225714E-02   -0.969061E-03    0.495849E-03
 1.01446    0.218594E-02   -0.933837E-03    0.470600E-03
 1.03248    0.211744E-02   -0.899970E-03    0.446370E-03
 1.05051    0.205151E-02   -0.867396E-03    0.423113E-03
 1.06854    0.198804E-02   -0.836054E-03    0.400800E-03
 1.08656    0.192691E-02   -0.805889E-03    0.379379E-03
 1.10459    0.186802E-02   -0.776847E-03    0.358811E-03
 1.12262    0.181126E-02   -0.748878E-03    0.339056E-03
 1.14064    0.175654E-02   -0.721934E-03    0.320080E-03
 1.15867    0.170377E-02   -0.695969E-03    0.301848E-03
 1.17669    0.165286E-02   -0.670941E-03    0.284327E-03
 1.19472    0.160374E-02   -0.646810E-03    0.267486E-03
 1.21275    0.155633E-02   -0.623537E-03    0.251297E-03
 1.23077    0.151055E-02   -0.601087E-03    0.235732E-03
 1.24880    0.146635E-02   -0.579427E-03    0.220766E-03
 1.26682    0.142364E-02   -0.558521E-03    0.206374E-03
 1.28485    0.138238E-02   -0.538341E-03    0.192533E-03
 1.30288    0.134250E-02   -0.518856E-03    0.179219E-03
 1.32090    0.130396E-02   -0.500039E-03    0.166413E-03
 1.33893    0.126668E-02   -0.481864E-03    0.154093E-03
 1.35695    0.123063E-02   -0.464306E-03    0.142241E-03
 1.37498    0.119576E-02   -0.447339E-03    0.130838E-03
 1.39301    0.116202E-02   -0.430942E-03    0.119867E-03
 1.41103    0.112937E-02   -0.415092E-03    0.109311E-03
 1.42906    0.109777E-02   -0.399770E-03    0.991543E-04
 1.44708    0.106717E-02   -0.384954E-03    0.893820E-04
 1.46511    0.103755E-02   -0.370626E-03    0.799792E-04
 1.48314    0.100885E-02   -0.356768E-03    0.709320E-04
 1.50116    0.981060E-03   -0.343362E-03    0.622276E-04
 1.51919    0.954133E-03   -0.330393E-03    0.538532E-04
 1.53721    0.928042E-03   -0.317844E-03    0.457967E-04
 1.55524    0.902756E-03   -0.305699E-03    0.380467E-04
 1.57327    0.878247E-03   -0.293947E-03    0.305922E-04
 1.59129    0.854488E-03   -0.282572E-03    0.234226E-04
 1.60932    0.831452E-03   -0.271561E-03    0.165280E-04
 1.62734    0.809115E-03   -0.260901E-03    0.989826E-05
 1.64537    0.787451E-03   -0.250581E-03    0.352417E-05
 1.66340    0.766439E-03   -0.240589E-03   -0.260294E-05
 1.68142    0.746056E-03   -0.230913E-03   -0.849159E-05
 1.69945    0.726281E-03   -0.221548E-03   -0.141502E-04
 1.71747    0.707094E-03   -0.212473E-03   -0.195865E-04
 1.73550    0.688476E-03   -0.203681E-03   -0.248078E-04
 1.75353    0.670408E-03   -0.195171E-03   -0.298215E-04
 1.77155    0.652873E-03   -0.186928E-03   -0.346342E-04
 1.78958    0.635853E-03   -0.178944E-03   -0.392525E-04
 1.80761    0.619331E-03   -0.171212E-03   -0.436831E-04
 1.82563    0.603294E-03   -0.163724E-03   -0.479316E-04
 1.84366    0.587725E-03   -0.156471E-03   -0.520041E-04
 1.86168    0.572611E-03   -0.149446E-03   -0.559060E-04
 1.87971    0.557937E-03   -0.142643E-03   -0.596429E-04
 1.89774    0.543691E-03   -0.136056E-03   -0.632197E-04
 1.91576    0.529860E-03   -0.129677E-03   -0.666415E-04
 1.93379    0.516433E-03   -0.123500E-03   -0.699125E-04
 1.95181    0.503397E-03   -0.117521E-03   -0.730377E-04
 1.96984    0.490741E-03   -0.111733E-03   -0.760210E-04
 1.98787    0.478456E-03   -0.106131E-03   -0.788667E-04
 2.00589    0.466530E-03   -0.100711E-03   -0.815787E-04
 2.02392    0.454956E-03   -0.954663E-04   -0.841608E-04
 2.04194    0.443724E-03   -0.903938E-04   -0.866163E-04
 2.05997    0.432826E-03   -0.854885E-04   -0.889488E-04
 2.07800    0.422252E-03   -0.807471E-04   -0.911612E-04
 2.09602    0.411997E-03   -0.761647E-04   -0.932567E-04
 2.11405    0.402052E-03   -0.717384E-04   -0.952381E-04
 2.13207    0.392411E-03   -0.674645E-04   -0.971080E-04
 2.15010    0.383068E-03   -0.633402E-04   -0.988688E-04
 2.16813    0.374016E-03   -0.593619E-04   -0.100524E-03
 2.18615    0.365250E-03   -0.555270E-04   -0.102074E-03
 2.20418    0.356764E-03   -0.518324E-04   -0.103522E-03
 2.22220    0.348555E-03   -0.482761E-04   -0.104870E-03
 2.24023    0.340616E-03   -0.448559E-04   -0.106120E-03
 2.25826    0.332942E-03   -0.415680E-04   -0.107274E-03
 2.27628    0.325532E-03   -0.384122E-04   -0.108332E-03
 2.29431    0.318379E-03   -0.353853E-04   -0.109298E-03
 2.31233    0.311481E-03   -0.324860E-04   -0.110172E-03
 2.33036    0.304833E-03   -0.297115E-04   -0.110956E-03
 2.34839    0.298432E-03   -0.270608E-04   -0.111652E-03
 2.36641    0.292276E-03   -0.245321E-04   -0.112260E-03
 2.38444    0.286359E-03   -0.221231E-04   -0.112782E-03
 2.40246    0.280679E-03   -0.198324E-04   -0.113220E-03
 2.42049    0.275233E-03   -0.176581E-04   -0.113575E-03
 2.43852    0.270015E-03   -0.155984E-04   -0.113848E-03
 2.45654    0.265024E-03   -0.136513E-04   -0.114042E-03
 2.47457    0.260254E-03   -0.118149E-04   -0.114157E-03
 2.49260    0.255703E-03   -0.100868E-04   -0.114195E-03
 2.51062    0.251364E-03   -0.846554E-05   -0.114158E-03
 2.52865    0.247234E-03   -0.694761E-05   -0.114048E-03
 2.54667    0.243306E-03   -0.553073E-05   -0.113867E-03
 2.56470    0.239577E-03   -0.421204E-05   -0.113618E-03
 2.58273    0.236038E-03   -0.298814E-05   -0.113302E-03
 2.60075    0.232684E-03   -0.185582E-05   -0.112922E-03
 2.61878    0.229506E-03   -0.811186E-06   -0.112482E-03
 2.63680    0.226496E-03    0.149787E-06   -0.111984E-03
 2.65483    0.223647E-03    0.103145E-05   -0.111432E-03
 2.67286    0.220947E-03    0.183856E-05   -0.110829E-03
 2.69088    0.218389E-03    0.257619E-05   -0.110179E-03
 2.70891    0.215961E-03    0.324979E-05   -0.109486E-03
 2.72693    0.213652E-03    0.386495E-05   -0.108755E-03
 2.74496    0.211448E-03    0.442767E-05   -0.107990E-03
 2.76299    0.209338E-03    0.494444E-05   -0.107197E-03
 2.78101    0.207310E-03    0.542180E-05   -0.106378E-03
 2.79904    0.205348E-03    0.586652E-05   -0.105541E-03
 2.81706    0.203440E-03    0.628573E-05   -0.104691E-03
 2.83509    0.201570E-03    0.668655E-05   -0.103832E-03
 2.85312    0.199725E-03    0.707645E-05   -0.102971E-03
 2.87114    0.197888E-03    0.746329E-05   -0.102114E-03
 2.88917    0.196047E-03    0.785400E-05   -0.101265E-03
 2.90719    0.194184E-03    0.825628E-05   -0.100430E-03
 2.92522    0.192285E-03    0.867756E-05   -0.996162E-04
 2.94325    0.190337E-03    0.912507E-05   -0.988278E-04
 2.96127    0.188325E-03    0.960586E-05   -0.980698E-04
 2.97930    0.186236E-03    0.101267E-04   -0.973480E-04
 2.99732    0.184057E-03    0.106940E-04   -0.966672E-04
 3.01535    0.181774E-03    0.113140E-04   -0.960320E-04
 3.03338    0.179379E-03    0.119922E-04   -0.954465E-04
 3.05140    0.176859E-03    0.127340E-04   -0.949152E-04
 3.06943    0.174207E-03    0.135442E-04   -0.944410E-04
 3.08745    0.171411E-03    0.144266E-04   -0.940277E-04
 3.10548    0.168468E-03    0.153851E-04   -0.936773E-04
 3.12351    0.165371E-03    0.164223E-04   -0.933927E-04
 3.14153    0.162114E-03    0.175405E-04   -0.931746E-04
 3.15956    0.158697E-03    0.187410E-04   -0.930254E-04
 3.17759    0.155116E-03    0.200250E-04   -0.929446E-04
 3.19561    0.151371E-03    0.213924E-04   -0.929337E-04
 3.21364    0.147464E-03    0.228430E-04   -0.929910E-04
 3.23166    0.143396E-03    0.243756E-04   -0.931162E-04
 3.24969    0.139172E-03    0.259883E-04   -0.933073E-04
 3.26772    0.134795E-03    0.276788E-04   -0.935639E-04
 3.28574    0.130274E-03    0.294439E-04   -0.938834E-04
 3.30377    0.125614E-03    0.312801E-04   -0.942625E-04
 3.32179    0.120824E-03    0.331832E-04   -0.946982E-04
 3.33982    0.115913E-03    0.351486E-04   -0.951876E-04
 3.35785    0.110891E-03    0.371715E-04   -0.957268E-04
 3.37587    0.105768E-03    0.392463E-04   -0.963114E-04
 3.39390    0.100557E-03    0.413676E-04   -0.969373E-04
 3.41192    0.952687E-04    0.435296E-04   -0.976003E-04
 3.42995    0.899152E-04    0.457260E-04   -0.982958E-04
 3.44798    0.845093E-04    0.479506E-04   -0.990195E-04
 3.46600    0.790637E-04    0.501971E-04   -0.997661E-04
 3.48403    0.735909E-04    0.524592E-04   -0.100531E-03
 3.50205    0.681045E-04    0.547302E-04   -0.101309E-03
 3.52008    0.626166E-04    0.570041E-04   -0.102097E-03
 3.53811    0.571394E-04    0.592745E-04   -0.102888E-03
 3.55613    0.516853E-04    0.615354E-04   -0.103679E-03
 3.57416    0.462655E-04    0.637813E-04   -0.104464E-03
 3.59218    0.408913E-04    0.660063E-04   -0.105242E-03
 3.61021    0.355734E-04    0.682052E-04   -0.106006E-03
 3.62824    0.303221E-04    0.703731E-04   -0.106753E-03
 3.64626    0.251466E-04    0.725052E-04   -0.107481E-03
 3.66429    0.200560E-04    0.745968E-04   -0.108185E-03
 3.68231    0.150584E-04    0.766441E-04   -0.108862E-03
 3.70034    0.101615E-04    0.786430E-04   -0.109509E-03
 3.71837    0.537238E-05    0.805904E-04   -0.110124E-03
 3.73639    0.696678E-06    0.824828E-04   -0.110705E-03
 3.75442   -0.385995E-05    0.843181E-04   -0.111250E-03
 3.77244   -0.829294E-05    0.860935E-04   -0.111756E-03
 3.79047   -0.125983E-04    0.878073E-04   -0.112222E-03
 3.80850   -0.167730E-04    0.894576E-04   -0.112647E-03
 3.82652   -0.208137E-04    0.910434E-04   -0.113030E-03
 3.84455   -0.247189E-04    0.925629E-04   -0.113370E-03
 3.86258   -0.284867E-04    0.940165E-04   -0.113667E-03
 3.88060   -0.321163E-04    0.954028E-04   -0.113921E-03
 3.89863   -0.356073E-04    0.967220E-04   -0.114130E-03
 3.91665   -0.389595E-04    0.979739E-04   -0.114295E-03
 3.93468   -0.421737E-04    0.991588E-04   -0.114416E-03
 3.95271   -0.452508E-04    0.100277E-03   -0.114494E-03
 3.97073   -0.481921E-04    0.101330E-03   -0.114529E-03
 3.98876   -0.509994E-04    0.102318E-03   -0.114521E-03
 4.00678   -0.536747E-04    0.103242E-03   -0.114472E-03
 4.02481   -0.562203E-04    0.104103E-03   -0.114383E-03
 4.04284   -0.586388E-04    0.104903E-03   -0.114253E-03
 4.06086   -0.609329E-04    0.105642E-03   -0.114084E-03
 4.07889   -0.631055E-04    0.106323E-03   -0.113878E-03
 4.09691   -0.651598E-04    0.106947E-03   -0.113635E-03
 4.11494   -0.670988E-04    0.107515E-03   -0.113357E-03
 4.13297   -0.689261E-04    0.108029E-03   -0.113044E-03
 4.15099   -0.706449E-04    0.108492E-03   -0.112699E-03
 4.16902   -0.722588E-04    0.108904E-03   -0.112321E-03
 4.18704   -0.737713E-04    0.109267E-03   -0.111914E-03
 4.20507   -0.751858E-04    0.109583E-03   -0.111476E-03
 4.22310   -0.765062E-04    0.109854E-03   -0.111011E-03
 4.24112   -0.777357E-04    0.110082E-03   -0.110520E-03
 4.25915   -0.788781E-04    0.110269E-03   -0.110004E-03
 4.27717   -0.799367E-04    0.110415E-03   -0.109463E-03
 4.29520   -0.809148E-04    0.110523E-03   -0.108900E-03
 4.31323   -0.818160E-04    0.110595E-03   -0.108315E-03
 4.33125   -0.826434E-04    0.110632E-03   -0.107710E-03
 4.34928   -0.834003E-04    0.110636E-03   -0.107086E-03
 4.36730   -0.840898E-04    0.110608E-03   -0.106444E-03
 4.38533   -0.847150E-04    0.110550E-03   -0.105785E-03
 4.40336   -0.852789E-04    0.110463E-03   -0.105110E-03
 4.42138   -0.857843E-04    0.110349E-03   -0.104421E-03
 4.43941   -0.862341E-04    0.110210E-03   -0.103717E-03
 4.45743   -0.866312E-04    0.110045E-03   -0.103001E-03
 4.47546   -0.869774E-04    0.109858E-03   -0.102273E-03
 4.49349   -0.872761E-04    0.109648E-03   -0.101535E-03
 4.51151   -0.875294E-04    0.109418E-03   -0.100786E-03
 4.52954   -0.877395E-04    0.109168E-03   -0.100028E-03
 4.54757   -0.879086E-04    0.108900E-03   -0.992613E-04
 4.56559   -0.880392E-04    0.108614E-03   -0.984871E-04
 4.58362   -0.881329E-04    0.108312E-03   -0.977060E-04
 4.60164   -0.881918E-04    0.107994E-03   -0.969188E-04
 4.61967   -0.882178E-04    0.107662E-03   -0.961259E-04
 4.63770   -0.882126E-04    0.107316E-03   -0.953278E-04
 4.65572   -0.881780E-04    0.106958E-03   -0.945256E-04
 4.67375   -0.881157E-04    0.106587E-03   -0.937196E-04
 4.69177   -0.880270E-04    0.106205E-03   -0.929104E-04
 4.70980   -0.879136E-04    0.105813E-03   -0.920984E-04
 4.72783   -0.877768E-04    0.105410E-03   -0.912841E-04
 4.74585   -0.876179E-04    0.104999E-03   -0.904680E-04
 4.76388   -0.874382E-04    0.104579E-03   -0.896506E-04
 4.78190   -0.872390E-04    0.104151E-03   -0.888322E-04
 4.79993   -0.870213E-04    0.103716E-03   -0.880133E-04
 4.81796   -0.867862E-04    0.103273E-03   -0.871942E-04
 4.83598   -0.865349E-04    0.102825E-03   -0.863753E-04
 4.85401   -0.862682E-04    0.102371E-03   -0.855566E-04
 4.87203   -0.859871E-04    0.101911E-03   -0.847391E-04
 4.89006   -0.856925E-04    0.101446E-03   -0.839225E-04
 4.90809   -0.853853E-04    0.100977E-03   -0.831072E-04
 4.92611   -0.850662E-04    0.100504E-03   -0.822935E-04
 4.94414   -0.847360E-04    0.100026E-03   -0.814816E-04
 4.96216   -0.843954E-04    0.995459E-04   -0.806717E-04
 4.98019   -0.840452E-04    0.990624E-04   -0.798641E-04
 4.99822   -0.836859E-04    0.985759E-04   -0.790589E-04
 5.01624   -0.833182E-04    0.980870E-04   -0.782562E-04
 5.03427   -0.829426E-04    0.975959E-04   -0.774564E-04
 5.05229   -0.825598E-04    0.971029E-04   -0.766595E-04
 5.07032   -0.821702E-04    0.966083E-04   -0.758656E-04
 5.08835   -0.817744E-04    0.961120E-04   -0.750750E-04
 5.10637   -0.813728E-04    0.956147E-04   -0.742878E-04
 5.12440   -0.809658E-04    0.951168E-04   -0.735042E-04
 5.14242   -0.805540E-04    0.946178E-04   -0.727242E-04
 5.16045   -0.801377E-04    0.941182E-04   -0.719479E-04
 5.17848   -0.797172E-04    0.936183E-04   -0.711758E-04
 5.19650   -0.792930E-04    0.931181E-04   -0.704077E-04
 5.21453   -0.788654E-04    0.926179E-04   -0.696439E-04
 5.23256   -0.784347E-04    0.921178E-04   -0.688845E-04
 5.25058   -0.780013E-04    0.916179E-04   -0.681297E-04
 5.26861   -0.775654E-04    0.911185E-04   -0.673794E-04
 5.28663   -0.771273E-04    0.906195E-04   -0.666339E-04
 5.30466   -0.766872E-04    0.901212E-04   -0.658932E-04
 5.32269   -0.762455E-04    0.896237E-04   -0.651575E-04
 5.34071   -0.758023E-04    0.891270E-04   -0.644281E-04
 5.35874   -0.753579E-04    0.886313E-04   -0.637025E-04
 5.37676   -0.749126E-04    0.881367E-04   -0.629820E-04
 5.39479   -0.744664E-04    0.876432E-04   -0.622667E-04
 5.41282   -0.740197E-04    0.871510E-04   -0.615566E-04
 5.43084   -0.735725E-04    0.866602E-04   -0.608518E-04
 5.44887   -0.731252E-04    0.861708E-04   -0.601509E-04
 5.46689   -0.726777E-04    0.856829E-04   -0.594565E-04
 5.48492   -0.722304E-04    0.851967E-04   -0.587673E-04
 5.50295   -0.717834E-04    0.847120E-04   -0.580833E-04
 5.52097   -0.713367E-04    0.842290E-04   -0.574045E-04
 5.53900   -0.708907E-04    0.837479E-04   -0.567309E-04
 5.55702   -0.704453E-04    0.832686E-04   -0.560625E-04
 5.57505   -0.700007E-04    0.827911E-04   -0.553991E-04
 5.59308   -0.695571E-04    0.823157E-04   -0.547409E-04
 5.61110   -0.691146E-04    0.818423E-04   -0.540876E-04
 5.62913   -0.686733E-04    0.813709E-04   -0.534395E-04
 5.64715   -0.682334E-04    0.809016E-04   -0.527964E-04
 5.66518   -0.677948E-04    0.804345E-04   -0.521583E-04
 5.68321   -0.673578E-04    0.799696E-04   -0.515252E-04
 5.70123   -0.669225E-04    0.795070E-04   -0.508971E-04
 5.71926   -0.664889E-04    0.790467E-04   -0.502740E-04
 5.73728   -0.660572E-04    0.785887E-04   -0.496560E-04
 5.75531   -0.656274E-04    0.781331E-04   -0.490429E-04
 5.77334   -0.651997E-04    0.776800E-04   -0.484349E-04
 5.79136   -0.647741E-04    0.772293E-04   -0.478318E-04
 5.80939   -0.643507E-04    0.767810E-04   -0.472338E-04
 5.82741   -0.639297E-04    0.763354E-04   -0.466409E-04
 5.84544   -0.635110E-04    0.758922E-04   -0.460529E-04
 5.86347   -0.630948E-04    0.754517E-04   -0.454700E-04
 5.88149   -0.626811E-04    0.750138E-04   -0.448921E-04
 5.89952   -0.622699E-04    0.745785E-04   -0.443193E-04
 5.91755   -0.618615E-04    0.741459E-04   -0.437515E-04
 5.93557   -0.614557E-04    0.737160E-04   -0.431887E-04
 5.95360   -0.610528E-04    0.732888E-04   -0.426309E-04
 5.97162   -0.606526E-04    0.728643E-04   -0.420781E-04
 5.98965   -0.602553E-04    0.724425E-04   -0.415303E-04
 6.00768   -0.598609E-04    0.720235E-04   -0.409875E-04
 6.02570   -0.594695E-04    0.716073E-04   -0.404497E-04
 6.04373   -0.590810E-04    0.711939E-04   -0.399168E-04
 6.06175   -0.586955E-04    0.707832E-04   -0.393889E-04
 6.07978   -0.583131E-04    0.703753E-04   -0.388658E-04
 6.09781   -0.579337E-04    0.699702E-04   -0.383477E-04
 6.11583   -0.575574E-04    0.695679E-04   -0.378344E-04
 6.13386   -0.571841E-04    0.691684E-04   -0.373260E-04
 6.15188   -0.568138E-04    0.687716E-04   -0.368224E-04
 6.16991   -0.564467E-04    0.683776E-04   -0.363235E-04
 6.18794   -0.560825E-04    0.679864E-04   -0.358294E-04
 6.20596   -0.557214E-04    0.675979E-04   -0.353401E-04
 6.22399   -0.553634E-04    0.672121E-04   -0.348554E-04
 6.24201   -0.550083E-04    0.668290E-04   -0.343753E-04
 6.26004   -0.546561E-04    0.664486E-04   -0.338999E-04
 6.27807   -0.543069E-04    0.660709E-04   -0.334290E-04
 6.29609   -0.539605E-04    0.656958E-04   -0.329627E-04
 6.31412   -0.536170E-04    0.653233E-04   -0.325008E-04
 6.33214   -0.532763E-04    0.649533E-04   -0.320433E-04
 6.35017   -0.529383E-04    0.645859E-04   -0.315903E-04
 6.36820   -0.526030E-04    0.642210E-04   -0.311416E-04
 6.38622   -0.522703E-04    0.638586E-04   -0.306972E-04
 6.40425   -0.519403E-04    0.634986E-04   -0.302570E-04
 6.42227   -0.516127E-04    0.631410E-04   -0.298211E-04
 6.44030   -0.512876E-04    0.627858E-04   -0.293892E-04
 6.45833   -0.509650E-04    0.624329E-04   -0.289615E-04
 6.47635   -0.506447E-04    0.620823E-04   -0.285378E-04
 6.49438   -0.503266E-04    0.617340E-04   -0.281182E-04
 6.51240   -0.500109E-04    0.613879E-04   -0.277025E-04
 6.53043   -0.496972E-04    0.610440E-04   -0.272906E-04
 6.54846   -0.493857E-04    0.607022E-04   -0.268827E-04
 6.56648   -0.490762E-04    0.603625E-04   -0.264785E-04
 6.58451   -0.487687E-04    0.600249E-04   -0.260781E-04
 6.60254   -0.484632E-04    0.596894E-04   -0.256814E-04
 6.62056   -0.481595E-04    0.593558E-04   -0.252884E-04
 6.63859   -0.478576E-04    0.590242E-04   -0.248989E-04
 6.65661   -0.475574E-04    0.586945E-04   -0.245131E-04
 6.67464   -0.472590E-04    0.583668E-04   -0.241307E-04
 6.69267   -0.469622E-04    0.580409E-04   -0.237519E-04
 6.71069   -0.466670E-04    0.577168E-04   -0.233764E-04
 6.72872   -0.463734E-04    0.573946E-04   -0.230044E-04
 6.74674   -0.460813E-04    0.570741E-04   -0.226357E-04
 6.76477   -0.457907E-04    0.567554E-04   -0.222704E-04
 6.78280   -0.455015E-04    0.564384E-04   -0.219083E-04
 6.80082   -0.452137E-04    0.561232E-04   -0.215494E-04
 6.81885   -0.449273E-04    0.558096E-04   -0.211938E-04
 6.83687   -0.446423E-04    0.554977E-04   -0.208413E-04
 6.85490   -0.443586E-04    0.551874E-04   -0.204920E-04
 6.87293   -0.440762E-04    0.548788E-04   -0.201457E-04
 6.89095   -0.437952E-04    0.545718E-04   -0.198026E-04
 6.90898   -0.435154E-04    0.542664E-04   -0.194625E-04
 6.92700   -0.432369E-04    0.539626E-04   -0.191255E-04
 6.94503   -0.429596E-04    0.536605E-04   -0.187914E-04
 6.96306   -0.426837E-04    0.533598E-04   -0.184603E-04
 6.98108   -0.424090E-04    0.530608E-04   -0.181322E-04
 6.99911   -0.421355E-04    0.527633E-04   -0.178070E-04
 7.01713   -0.418633E-04    0.524674E-04   -0.174847E-04
 7.03516   -0.415924E-04    0.521731E-04   -0.171653E-04
 7.05319   -0.413227E-04    0.518803E-04   -0.168488E-04
 7.07121   -0.410543E-04    0.515890E-04   -0.165351E-04
 7.08924   -0.407871E-04    0.512993E-04   -0.162242E-04
 7.10726   -0.405213E-04    0.510111E-04   -0.159161E-04
 7.12529   -0.402567E-04    0.507245E-04   -0.156108E-04
 7.14332   -0.399933E-04    0.504393E-04   -0.153083E-04
 7.16134   -0.397313E-04    0.501558E-04   -0.150086E-04
 7.17937   -0.394706E-04    0.498737E-04   -0.147116E-04
 7.19739   -0.392112E-04    0.495932E-04   -0.144173E-04
 7.21542   -0.389531E-04    0.493142E-04   -0.141256E-04
 7.23345   -0.386964E-04    0.490368E-04   -0.138367E-04
 7.25147   -0.384410E-04    0.487608E-04   -0.135504E-04
 7.26950   -0.381869E-04    0.484865E-04   -0.132668E-04
 7.28753   -0.379342E-04    0.482136E-04   -0.129859E-04
 7.30555   -0.376829E-04    0.479423E-04   -0.127075E-04
 7.32358   -0.374330E-04    0.476725E-04   -0.124318E-04
 7.34160   -0.371845E-04    0.474042E-04   -0.121586E-04
 7.35963   -0.369374E-04    0.471375E-04   -0.118881E-04
 7.37766   -0.366918E-04    0.468723E-04   -0.116201E-04
 7.39568   -0.364475E-04    0.466086E-04   -0.113546E-04
 7.41371   -0.362048E-04    0.463465E-04   -0.110917E-04
 7.43173   -0.359634E-04    0.460859E-04   -0.108313E-04
 7.44976   -0.357235E-04    0.458268E-04   -0.105734E-04
 7.46779   -0.354851E-04    0.455693E-04   -0.103180E-04
 7.48581   -0.352482E-04    0.453133E-04   -0.100651E-04
 7.50384   -0.350128E-04    0.450588E-04   -0.981459E-05
 7.52186   -0.347788E-04    0.448058E-04   -0.956655E-05
 7.53989   -0.345463E-04    0.445544E-04   -0.932093E-05
 7.55792   -0.343154E-04    0.443045E-04   -0.907773E-05
 7.57594   -0.340859E-04    0.440561E-04   -0.883692E-05
 7.59397   -0.338579E-04    0.438092E-04   -0.859850E-05
 7.61199   -0.336315E-04    0.435638E-04   -0.836244E-05
 7.63002   -0.334065E-04    0.433199E-04   -0.812872E-05
 7.64805   -0.331831E-04    0.430776E-04   -0.789734E-05
 7.66607   -0.329612E-04    0.428367E-04   -0.766827E-05
 7.68410   -0.327408E-04    0.425974E-04   -0.744151E-05
 7.70212   -0.325220E-04    0.423595E-04   -0.721703E-05
 7.72015   -0.323046E-04    0.421231E-04   -0.699482E-05
 7.73818   -0.320888E-04    0.418882E-04   -0.677488E-05
 7.75620   -0.318745E-04    0.416548E-04   -0.655717E-05
 7.77423   -0.316617E-04    0.414229E-04   -0.634169E-05
 7.79225   -0.314504E-04    0.411924E-04   -0.612841E-05
 7.81028   -0.312407E-04    0.409634E-04   -0.591732E-05
 7.82831   -0.310325E-04    0.407359E-04   -0.570842E-05
 7.84633   -0.308258E-04    0.405098E-04   -0.550167E-05
 7.86436   -0.306206E-04    0.402852E-04   -0.529707E-05
 7.88238   -0.304170E-04    0.400620E-04   -0.509460E-05
 7.90041   -0.302149E-04    0.398402E-04   -0.489425E-05
 7.91844   -0.300143E-04    0.396199E-04   -0.469600E-05
 7.93646   -0.298152E-04    0.394011E-04   -0.449983E-05
 7.95449   -0.296176E-04    0.391836E-04   -0.430568E-05
 7.97252   -0.294215E-04    0.389676E-04   -0.411368E-05
 7.99054   -0.292269E-04    0.387530E-04   -0.392367E-05
 8.00857   -0.290339E-04    0.385398E-04   -0.373569E-05
 8.02659   -0.288423E-04    0.383281E-04   -0.354972E-05
 8.04462   -0.286522E-04    0.381177E-04   -0.336576E-05
 8.06265   -0.284637E-04    0.379087E-04   -0.318375E-05
 8.08067   -0.282766E-04    0.377011E-04   -0.300371E-05
 8.09870   -0.280910E-04    0.374948E-04   -0.282561E-05
 8.11672   -0.279068E-04    0.372900E-04   -0.264947E-05
 8.13475   -0.277241E-04    0.370865E-04   -0.247522E-05
 8.15278   -0.275429E-04    0.368843E-04   -0.230286E-05
 8.17080   -0.273632E-04    0.366835E-04   -0.213239E-05
 8.18883   -0.271848E-04    0.364841E-04   -0.196379E-05
 8.20685   -0.270080E-04    0.362860E-04   -0.179703E-05
 8.22488   -0.268325E-04    0.360892E-04   -0.163212E-05
 8.24291   -0.266585E-04    0.358937E-04   -0.146903E-05
 8.26093   -0.264859E-04    0.356995E-04   -0.130773E-05
 8.27896   -0.263146E-04    0.355066E-04   -0.114824E-05
 8.29698   -0.261448E-04    0.353151E-04   -0.990511E-06
 8.31501   -0.259764E-04    0.351248E-04   -0.834547E-06
 8.33304   -0.258093E-04    0.349358E-04   -0.680322E-06
 8.35106   -0.256436E-04    0.347480E-04   -0.527823E-06
 8.36909   -0.254792E-04    0.345615E-04   -0.377038E-06
 8.38711   -0.253162E-04    0.343763E-04   -0.227953E-06
 8.40514   -0.251545E-04    0.341923E-04   -0.805455E-07
 8.42317   -0.249942E-04    0.340095E-04    0.651969E-07
 8.44119   -0.248351E-04    0.338279E-04    0.209291E-06
 8.45922   -0.246774E-04    0.336476E-04    0.351750E-06
 8.47724   -0.245209E-04    0.334684E-04    0.492586E-06
 8.49527   -0.243657E-04    0.332905E-04    0.631819E-06
 8.51330   -0.242118E-04    0.331137E-04    0.769462E-06
 8.53132   -0.240591E-04    0.329382E-04    0.905540E-06
 8.54935   -0.239077E-04    0.327638E-04    0.104005E-05
 8.56737   -0.237575E-04    0.325905E-04    0.117302E-05
 8.58540   -0.236085E-04    0.324184E-04    0.130446E-05
 8.60343   -0.234608E-04    0.322475E-04    0.143438E-05
 8.62145   -0.233142E-04    0.320776E-04    0.156279E-05
 8.63948   -0.231689E-04    0.319089E-04    0.168973E-05
 8.65751   -0.230247E-04    0.317413E-04    0.181519E-05
 8.67553   -0.228817E-04    0.315749E-04    0.193920E-05
 8.69356   -0.227398E-04    0.314095E-04    0.206176E-05
 8.71158   -0.225991E-04    0.312452E-04    0.218289E-05
 8.72961   -0.224595E-04    0.310820E-04    0.230260E-05
 8.74764   -0.223211E-04    0.309199E-04    0.242092E-05
 8.76566   -0.221837E-04    0.307588E-04    0.253786E-05
 8.78369   -0.220475E-04    0.305988E-04    0.265341E-05
 8.80171   -0.219124E-04    0.304398E-04    0.276760E-05
 8.81974   -0.217783E-04    0.302819E-04    0.288043E-05
 8.83777   -0.216454E-04    0.301250E-04    0.299194E-05
 8.85579   -0.215134E-04    0.299691E-04    0.310212E-05
 8.87382   -0.213826E-04    0.298143E-04    0.321099E-05
 8.89184   -0.212528E-04    0.296604E-04    0.331856E-05
 8.90987   -0.211240E-04    0.295076E-04    0.342486E-05
 8.92790   -0.209962E-04    0.293557E-04    0.352988E-05
 8.94592   -0.208695E-04    0.292049E-04    0.363364E-05
 8.96395   -0.207438E-04    0.290550E-04    0.373615E-05
 8.98197   -0.206190E-04    0.289060E-04    0.383743E-05
 9.00000   -0.204953E-04    0.287581E-04    0.393752E-05
