 0.00500    0.303506E-02   -0.156535E-02    0.125519E-02
 0.02303    0.248873E-02   -0.129225E-02    0.105029E-02
 0.04105    0.216832E-02   -0.113196E-02    0.930077E-03
 0.05908    0.193486E-02   -0.101520E-02    0.842450E-03
 0.07710    0.175083E-02   -0.923165E-03    0.773352E-03
 0.09513    0.159947E-02   -0.847444E-03    0.716478E-03
 0.11316    0.147148E-02   -0.783405E-03    0.668355E-03
 0.13118    0.136115E-02   -0.728185E-03    0.626835E-03
 0.14921    0.126465E-02   -0.679880E-03    0.590492E-03
 0.16723    0.117931E-02   -0.637149E-03    0.558320E-03
 0.18526    0.110315E-02   -0.599009E-03    0.529581E-03
 0.20329    0.103469E-02   -0.564712E-03    0.503717E-03
 0.22131    0.972764E-03   -0.533678E-03    0.480293E-03
 0.23934    0.916452E-03   -0.505449E-03    0.458966E-03
 0.25736    0.865012E-03   -0.479654E-03    0.439456E-03
 0.27539    0.817834E-03   -0.455986E-03    0.421538E-03
 0.29342    0.774412E-03   -0.434195E-03    0.405018E-03
 0.31144    0.734323E-03   -0.414067E-03    0.389740E-03
 0.32947    0.697203E-03   -0.395422E-03    0.375568E-03
 0.34749    0.662745E-03   -0.378105E-03    0.362387E-03
 0.36552    0.630683E-03   -0.361985E-03    0.350098E-03
 0.38355    0.600788E-03   -0.346947E-03    0.338613E-03
 0.40157    0.572857E-03   -0.332889E-03    0.327861E-03
 0.41960    0.546733E-03   -0.319723E-03    0.317772E-03
 0.43763    0.522219E-03   -0.307371E-03    0.308289E-03
 0.45565    0.499198E-03   -0.295764E-03    0.299361E-03
 0.47368    0.477548E-03   -0.284840E-03    0.290940E-03
 0.49170    0.457157E-03   -0.274545E-03    0.282987E-03
 0.50973    0.437913E-03   -0.264830E-03    0.275465E-03
 0.52776    0.419757E-03   -0.255649E-03    0.268340E-03
 0.54578    0.402595E-03   -0.246964E-03    0.261582E-03
 0.56381    0.386353E-03   -0.238738E-03    0.255165E-03
 0.58183    0.370965E-03   -0.230939E-03    0.249064E-03
 0.59986    0.356373E-03   -0.223535E-03    0.243256E-03
 0.61789    0.342522E-03   -0.216501E-03    0.237722E-03
 0.63591    0.329361E-03   -0.209812E-03    0.232444E-03
 0.65394    0.316847E-03   -0.203445E-03    0.227403E-03
 0.67196    0.304937E-03   -0.197379E-03    0.222585E-03
 0.68999    0.293592E-03   -0.191595E-03    0.217976E-03
 0.70802    0.282779E-03   -0.186075E-03    0.213562E-03
 0.72604    0.272463E-03   -0.180804E-03    0.209331E-03
 0.74407    0.262616E-03   -0.175766E-03    0.205273E-03
 0.76209    0.253210E-03   -0.170948E-03    0.201376E-03
 0.78012    0.244220E-03   -0.166336E-03    0.197632E-03
 0.79815    0.235620E-03   -0.161920E-03    0.194032E-03
 0.81617    0.227391E-03   -0.157688E-03    0.190567E-03
 0.83420    0.219510E-03   -0.153630E-03    0.187230E-03
 0.85222    0.211960E-03   -0.149736E-03    0.184014E-03
 0.87025    0.204721E-03   -0.145997E-03    0.180912E-03
 0.88828    0.197779E-03   -0.142406E-03    0.177919E-03
 0.90630    0.191117E-03   -0.138954E-03    0.175028E-03
 0.92433    0.184721E-03   -0.135635E-03    0.172234E-03
 0.94235    0.178577E-03   -0.132442E-03    0.169533E-03
 0.96038    0.172673E-03   -0.129368E-03    0.166919E-03
 0.97841    0.166998E-03   -0.126408E-03    0.164389E-03
 0.99643    0.161539E-03   -0.123555E-03    0.161937E-03
 1.01446    0.156287E-03   -0.120806E-03    0.159561E-03
 1.03248    0.151232E-03   -0.118154E-03    0.157256E-03
 1.05051    0.146365E-03   -0.115596E-03    0.155020E-03
 1.06854    0.141676E-03   -0.113126E-03    0.152849E-03
 1.08656    0.137158E-03   -0.110742E-03    0.150740E-03
 1.10459    0.132803E-03   -0.108439E-03    0.148691E-03
 1.12262    0.128603E-03   -0.106213E-03    0.146698E-03
 1.14064    0.124553E-03   -0.104061E-03    0.144759E-03
 1.15867    0.120645E-03   -0.101980E-03    0.142872E-03
 1.17669    0.116873E-03   -0.999667E-04    0.141034E-03
 1.19472    0.113231E-03   -0.980183E-04    0.139244E-03
 1.21275    0.109714E-03   -0.961323E-04    0.137499E-03
 1.23077    0.106317E-03   -0.943057E-04    0.135798E-03
 1.24880    0.103035E-03   -0.925361E-04    0.134139E-03
 1.26682    0.998630E-04   -0.908214E-04    0.132519E-03
 1.28485    0.967963E-04   -0.891591E-04    0.130938E-03
 1.30288    0.938309E-04   -0.875473E-04    0.129393E-03
 1.32090    0.909629E-04   -0.859838E-04    0.127884E-03
 1.33893    0.881882E-04   -0.844669E-04    0.126409E-03
 1.35695    0.855035E-04   -0.829947E-04    0.124967E-03
 1.37498    0.829051E-04   -0.815654E-04    0.123556E-03
 1.39301    0.803897E-04   -0.801775E-04    0.122175E-03
 1.41103    0.779544E-04   -0.788294E-04    0.120823E-03
 1.42906    0.755963E-04   -0.775196E-04    0.119500E-03
 1.44708    0.733115E-04   -0.762468E-04    0.118203E-03
 1.46511    0.710984E-04   -0.750094E-04    0.116932E-03
 1.48314    0.689541E-04   -0.738061E-04    0.115687E-03
 1.50116    0.668759E-04   -0.726359E-04    0.114465E-03
 1.51919    0.648616E-04   -0.714975E-04    0.113267E-03
 1.53721    0.629089E-04   -0.703897E-04    0.112092E-03
 1.55524    0.610155E-04   -0.693115E-04    0.110938E-03
 1.57327    0.591795E-04   -0.682619E-04    0.109805E-03
 1.59129    0.573988E-04   -0.672398E-04    0.108692E-03
 1.60932    0.556716E-04   -0.662444E-04    0.107599E-03
 1.62734    0.539959E-04   -0.652747E-04    0.106525E-03
 1.64537    0.523703E-04   -0.643299E-04    0.105470E-03
 1.66340    0.507926E-04   -0.634091E-04    0.104432E-03
 1.68142    0.492616E-04   -0.625116E-04    0.103411E-03
 1.69945    0.477757E-04   -0.616366E-04    0.102407E-03
 1.71747    0.463334E-04   -0.607834E-04    0.101419E-03
 1.73550    0.449335E-04   -0.599512E-04    0.100447E-03
 1.75353    0.435742E-04   -0.591395E-04    0.994903E-04
 1.77155    0.422546E-04   -0.583475E-04    0.985480E-04
 1.78958    0.409735E-04   -0.575748E-04    0.976201E-04
 1.80761    0.397295E-04   -0.568206E-04    0.967061E-04
 1.82563    0.385216E-04   -0.560845E-04    0.958056E-04
 1.84366    0.373487E-04   -0.553659E-04    0.949182E-04
 1.86168    0.362099E-04   -0.546643E-04    0.940437E-04
 1.87971    0.351039E-04   -0.539793E-04    0.931815E-04
 1.89774    0.340301E-04   -0.533103E-04    0.923315E-04
 1.91576    0.329875E-04   -0.526569E-04    0.914933E-04
 1.93379    0.319752E-04   -0.520188E-04    0.906667E-04
 1.95181    0.309924E-04   -0.513954E-04    0.898512E-04
 1.96984    0.300382E-04   -0.507865E-04    0.890468E-04
 1.98787    0.291121E-04   -0.501915E-04    0.882530E-04
 2.00589    0.282132E-04   -0.496103E-04    0.874698E-04
 2.02392    0.273416E-04   -0.490424E-04    0.866967E-04
 2.04194    0.264951E-04   -0.484875E-04    0.859337E-04
 2.05997    0.256738E-04   -0.479453E-04    0.851804E-04
 2.07800    0.248771E-04   -0.474155E-04    0.844367E-04
 2.09602    0.241044E-04   -0.468978E-04    0.837024E-04
 2.11405    0.233552E-04   -0.463919E-04    0.829773E-04
 2.13207    0.226289E-04   -0.458976E-04    0.822610E-04
 2.15010    0.219249E-04   -0.454145E-04    0.815539E-04
 2.16813    0.212427E-04   -0.449424E-04    0.808552E-04
 2.18615    0.205818E-04   -0.444811E-04    0.801649E-04
 2.20418    0.199416E-04   -0.440302E-04    0.794830E-04
 2.22220    0.193216E-04   -0.435896E-04    0.788091E-04
 2.24023    0.187214E-04   -0.431590E-04    0.781432E-04
 2.25826    0.181404E-04   -0.427381E-04    0.774850E-04
 2.27628    0.175780E-04   -0.423267E-04    0.768343E-04
 2.29431    0.170334E-04   -0.419245E-04    0.761912E-04
 2.31233    0.165070E-04   -0.415313E-04    0.755552E-04
 2.33036    0.159977E-04   -0.411468E-04    0.749262E-04
 2.34839    0.155051E-04   -0.407707E-04    0.743042E-04
 2.36641    0.150286E-04   -0.404029E-04    0.736888E-04
 2.38444    0.145677E-04   -0.400430E-04    0.730798E-04
 2.40246    0.141218E-04   -0.396908E-04    0.724773E-04
 2.42049    0.136904E-04   -0.393459E-04    0.718808E-04
 2.43852    0.132729E-04   -0.390082E-04    0.712902E-04
 2.45654    0.128688E-04   -0.386773E-04    0.707054E-04
 2.47457    0.124775E-04   -0.383529E-04    0.701261E-04
 2.49260    0.120984E-04   -0.380349E-04    0.695521E-04
 2.51062    0.117311E-04   -0.377228E-04    0.689833E-04
 2.52865    0.113749E-04   -0.374165E-04    0.684193E-04
 2.54667    0.110293E-04   -0.371156E-04    0.678601E-04
 2.56470    0.106938E-04   -0.368200E-04    0.673055E-04
 2.58273    0.103677E-04   -0.365292E-04    0.667550E-04
 2.60075    0.100506E-04   -0.362431E-04    0.662090E-04
 2.61878    0.974207E-05   -0.359614E-04    0.656668E-04
 2.63680    0.944153E-05   -0.356839E-04    0.651284E-04
 2.65483    0.914852E-05   -0.354103E-04    0.645936E-04
 2.67286    0.886256E-05   -0.351404E-04    0.640623E-04
 2.69088    0.858322E-05   -0.348739E-04    0.635343E-04
 2.70891    0.831009E-05   -0.346108E-04    0.630095E-04
 2.72693    0.804278E-05   -0.343507E-04    0.624876E-04
 2.74496    0.778094E-05   -0.340935E-04    0.619687E-04
 2.76299    0.752420E-05   -0.338390E-04    0.614525E-04
 2.78101    0.727225E-05   -0.335871E-04    0.609392E-04
 2.79904    0.702478E-05   -0.333376E-04    0.604280E-04
 2.81706    0.678147E-05   -0.330904E-04    0.599195E-04
 2.83509    0.654210E-05   -0.328453E-04    0.594132E-04
 2.85312    0.630640E-05   -0.326021E-04    0.589094E-04
 2.87114    0.607413E-05   -0.323609E-04    0.584077E-04
 2.88917    0.584506E-05   -0.321215E-04    0.579080E-04
 2.90719    0.561897E-05   -0.318837E-04    0.574105E-04
 2.92522    0.539565E-05   -0.316475E-04    0.569148E-04
 2.94325    0.517490E-05   -0.314127E-04    0.564211E-04
 2.96127    0.495653E-05   -0.311794E-04    0.559292E-04
 2.97930    0.474032E-05   -0.309472E-04    0.554391E-04
 2.99732    0.452607E-05   -0.307164E-04    0.549507E-04
 3.01535    0.431358E-05   -0.304865E-04    0.544639E-04
 3.03338    0.410265E-05   -0.302576E-04    0.539787E-04
 3.05140    0.389306E-05   -0.300296E-04    0.534953E-04
 3.06943    0.368461E-05   -0.298023E-04    0.530131E-04
 3.08745    0.347702E-05   -0.295758E-04    0.525323E-04
 3.10548    0.327012E-05   -0.293498E-04    0.520526E-04
 3.12351    0.306367E-05   -0.291242E-04    0.515745E-04
 3.14153    0.285741E-05   -0.288989E-04    0.510974E-04
 3.15956    0.265108E-05   -0.286739E-04    0.506214E-04
 3.17759    0.244447E-05   -0.284490E-04    0.501464E-04
 3.19561    0.223734E-05   -0.282239E-04    0.496724E-04
 3.21364    0.202940E-05   -0.279988E-04    0.491993E-04
 3.23166    0.182045E-05   -0.277735E-04    0.487270E-04
 3.24969    0.161022E-05   -0.275477E-04    0.482554E-04
 3.26772    0.139850E-05   -0.273215E-04    0.477844E-04
 3.28574    0.118506E-05   -0.270948E-04    0.473142E-04
 3.30377    0.969703E-06   -0.268673E-04    0.468444E-04
 3.32179    0.752234E-06   -0.266391E-04    0.463752E-04
 3.33982    0.532487E-06   -0.264101E-04    0.459083E-04
 3.35785    0.310313E-06   -0.261801E-04    0.454400E-04
 3.37587    0.855772E-07   -0.259492E-04    0.449721E-04
 3.39390   -0.141826E-06   -0.257173E-04    0.445046E-04
 3.41192   -0.371970E-06   -0.254844E-04    0.440374E-04
 3.42995   -0.604908E-06   -0.252504E-04    0.435707E-04
 3.44798   -0.840662E-06   -0.250154E-04    0.431043E-04
 3.46600   -0.107923E-05   -0.247793E-04    0.426367E-04
 3.48403   -0.132057E-05   -0.245422E-04    0.421713E-04
 3.50205   -0.156461E-05   -0.243041E-04    0.417063E-04
 3.52008   -0.181126E-05   -0.240651E-04    0.412420E-04
 3.53811   -0.206039E-05   -0.238253E-04    0.407782E-04
 3.55613   -0.231183E-05   -0.235847E-04    0.403152E-04
 3.57416   -0.256541E-05   -0.233434E-04    0.398530E-04
 3.59218   -0.282089E-05   -0.231016E-04    0.393917E-04
 3.61021   -0.307807E-05   -0.228594E-04    0.389314E-04
 3.62824   -0.333666E-05   -0.226169E-04    0.384721E-04
 3.64626   -0.359639E-05   -0.223742E-04    0.380141E-04
 3.66429   -0.385698E-05   -0.221315E-04    0.375575E-04
 3.68231   -0.411806E-05   -0.218890E-04    0.371024E-04
 3.70034   -0.437933E-05   -0.216469E-04    0.366489E-04
 3.71837   -0.464045E-05   -0.214053E-04    0.361972E-04
 3.73639   -0.490104E-05   -0.211644E-04    0.357474E-04
 3.75442   -0.516075E-05   -0.209244E-04    0.352996E-04
 3.77244   -0.541921E-05   -0.206854E-04    0.348541E-04
 3.79047   -0.567606E-05   -0.204478E-04    0.344109E-04
 3.80850   -0.593092E-05   -0.202116E-04    0.339702E-04
 3.82652   -0.618345E-05   -0.199770E-04    0.335322E-04
 3.84455   -0.643329E-05   -0.197442E-04    0.330969E-04
 3.86258   -0.668009E-05   -0.195134E-04    0.326646E-04
 3.88060   -0.692351E-05   -0.192848E-04    0.322353E-04
 3.89863   -0.716323E-05   -0.190584E-04    0.318092E-04
 3.91665   -0.739895E-05   -0.188346E-04    0.313863E-04
 3.93468   -0.763036E-05   -0.186133E-04    0.309669E-04
 3.95271   -0.785719E-05   -0.183948E-04    0.305509E-04
 3.97073   -0.807918E-05   -0.181793E-04    0.301385E-04
 3.98876   -0.829608E-05   -0.179667E-04    0.297299E-04
 4.00678   -0.850770E-05   -0.177572E-04    0.293250E-04
 4.02481   -0.871380E-05   -0.175510E-04    0.289240E-04
 4.04284   -0.891423E-05   -0.173480E-04    0.285269E-04
 4.06086   -0.910882E-05   -0.171485E-04    0.281337E-04
 4.07889   -0.929743E-05   -0.169523E-04    0.277445E-04
 4.09691   -0.947997E-05   -0.167597E-04    0.273594E-04
 4.11494   -0.965631E-05   -0.165706E-04    0.269784E-04
 4.13297   -0.982641E-05   -0.163851E-04    0.266015E-04
 4.15099   -0.999020E-05   -0.162033E-04    0.262287E-04
 4.16902   -0.101476E-04   -0.160250E-04    0.258601E-04
 4.18704   -0.102987E-04   -0.158504E-04    0.254956E-04
 4.20507   -0.104434E-04   -0.156794E-04    0.251353E-04
 4.22310   -0.105817E-04   -0.155121E-04    0.247790E-04
 4.24112   -0.107137E-04   -0.153483E-04    0.244269E-04
 4.25915   -0.108395E-04   -0.151881E-04    0.240788E-04
 4.27717   -0.109590E-04   -0.150315E-04    0.237348E-04
 4.29520   -0.110724E-04   -0.148784E-04    0.233949E-04
 4.31323   -0.111797E-04   -0.147287E-04    0.230589E-04
 4.33125   -0.112811E-04   -0.145825E-04    0.227268E-04
 4.34928   -0.113766E-04   -0.144396E-04    0.223987E-04
 4.36730   -0.114663E-04   -0.143000E-04    0.220744E-04
 4.38533   -0.115504E-04   -0.141637E-04    0.217539E-04
 4.40336   -0.116290E-04   -0.140305E-04    0.214371E-04
 4.42138   -0.117023E-04   -0.139004E-04    0.211241E-04
 4.43941   -0.117703E-04   -0.137734E-04    0.208146E-04
 4.45743   -0.118332E-04   -0.136493E-04    0.205088E-04
 4.47546   -0.118912E-04   -0.135281E-04    0.202064E-04
 4.49349   -0.119443E-04   -0.134098E-04    0.199075E-04
 4.51151   -0.119929E-04   -0.132941E-04    0.196120E-04
 4.52954   -0.120369E-04   -0.131812E-04    0.193199E-04
 4.54757   -0.120766E-04   -0.130708E-04    0.190309E-04
 4.56559   -0.121120E-04   -0.129629E-04    0.187452E-04
 4.58362   -0.121435E-04   -0.128574E-04    0.184626E-04
 4.60164   -0.121710E-04   -0.127543E-04    0.181831E-04
 4.61967   -0.121947E-04   -0.126534E-04    0.179066E-04
 4.63770   -0.122149E-04   -0.125547E-04    0.176331E-04
 4.65572   -0.122315E-04   -0.124582E-04    0.173624E-04
 4.67375   -0.122449E-04   -0.123637E-04    0.170946E-04
 4.69177   -0.122551E-04   -0.122712E-04    0.168296E-04
 4.70980   -0.122622E-04   -0.121806E-04    0.165672E-04
 4.72783   -0.122663E-04   -0.120919E-04    0.163076E-04
 4.74585   -0.122677E-04   -0.120049E-04    0.160505E-04
 4.76388   -0.122664E-04   -0.119196E-04    0.157960E-04
 4.78190   -0.122626E-04   -0.118360E-04    0.155440E-04
 4.79993   -0.122563E-04   -0.117540E-04    0.152945E-04
 4.81796   -0.122477E-04   -0.116736E-04    0.150474E-04
 4.83598   -0.122369E-04   -0.115945E-04    0.148026E-04
 4.85401   -0.122241E-04   -0.115170E-04    0.145602E-04
 4.87203   -0.122092E-04   -0.114408E-04    0.143200E-04
 4.89006   -0.121924E-04   -0.113658E-04    0.140821E-04
 4.90809   -0.121738E-04   -0.112922E-04    0.138463E-04
 4.92611   -0.121535E-04   -0.112198E-04    0.136127E-04
 4.94414   -0.121316E-04   -0.111485E-04    0.133812E-04
 4.96216   -0.121082E-04   -0.110784E-04    0.131518E-04
 4.98019   -0.120833E-04   -0.110093E-04    0.129245E-04
 4.99822   -0.120571E-04   -0.109413E-04    0.126991E-04
 5.01624   -0.120295E-04   -0.108743E-04    0.124757E-04
 5.03427   -0.120007E-04   -0.108082E-04    0.122542E-04
 5.05229   -0.119708E-04   -0.107431E-04    0.120346E-04
 5.07032   -0.119398E-04   -0.106789E-04    0.118170E-04
 5.08835   -0.119078E-04   -0.106156E-04    0.116011E-04
 5.10637   -0.118748E-04   -0.105530E-04    0.113871E-04
 5.12440   -0.118409E-04   -0.104913E-04    0.111748E-04
 5.14242   -0.118061E-04   -0.104303E-04    0.109644E-04
 5.16045   -0.117706E-04   -0.103701E-04    0.107557E-04
 5.17848   -0.117343E-04   -0.103106E-04    0.105487E-04
 5.19650   -0.116973E-04   -0.102518E-04    0.103434E-04
 5.21453   -0.116597E-04   -0.101936E-04    0.101397E-04
 5.23256   -0.116214E-04   -0.101361E-04    0.993770E-05
 5.25058   -0.115826E-04   -0.100792E-04    0.973735E-05
 5.26861   -0.115432E-04   -0.100229E-04    0.953861E-05
 5.28663   -0.115034E-04   -0.996717E-05    0.934144E-05
 5.30466   -0.114631E-04   -0.991203E-05    0.914585E-05
 5.32269   -0.114224E-04   -0.985741E-05    0.895181E-05
 5.34071   -0.113813E-04   -0.980330E-05    0.875930E-05
 5.35874   -0.113398E-04   -0.974971E-05    0.856831E-05
 5.37676   -0.112980E-04   -0.969661E-05    0.837883E-05
 5.39479   -0.112559E-04   -0.964398E-05    0.819081E-05
 5.41282   -0.112136E-04   -0.959182E-05    0.800428E-05
 5.43084   -0.111709E-04   -0.954011E-05    0.781919E-05
 5.44887   -0.111281E-04   -0.948883E-05    0.763556E-05
 5.46689   -0.110850E-04   -0.943798E-05    0.745333E-05
 5.48492   -0.110418E-04   -0.938753E-05    0.727251E-05
 5.50295   -0.109984E-04   -0.933749E-05    0.709310E-05
 5.52097   -0.109548E-04   -0.928784E-05    0.691508E-05
 5.53900   -0.109111E-04   -0.923855E-05    0.673843E-05
 5.55702   -0.108673E-04   -0.918964E-05    0.656315E-05
 5.57505   -0.108234E-04   -0.914110E-05    0.638922E-05
 5.59308   -0.107794E-04   -0.909290E-05    0.621663E-05
 5.61110   -0.107354E-04   -0.904505E-05    0.604538E-05
 5.62913   -0.106913E-04   -0.899753E-05    0.587545E-05
 5.64715   -0.106472E-04   -0.895034E-05    0.570681E-05
 5.66518   -0.106030E-04   -0.890347E-05    0.553950E-05
 5.68321   -0.105588E-04   -0.885691E-05    0.537347E-05
 5.70123   -0.105146E-04   -0.881066E-05    0.520873E-05
 5.71926   -0.104704E-04   -0.876471E-05    0.504526E-05
 5.73728   -0.104263E-04   -0.871907E-05    0.488305E-05
 5.75531   -0.103821E-04   -0.867369E-05    0.472209E-05
 5.77334   -0.103380E-04   -0.862859E-05    0.456239E-05
 5.79136   -0.102939E-04   -0.858379E-05    0.440391E-05
 5.80939   -0.102499E-04   -0.853926E-05    0.424666E-05
 5.82741   -0.102059E-04   -0.849499E-05    0.409062E-05
 5.84544   -0.101620E-04   -0.845099E-05    0.393580E-05
 5.86347   -0.101181E-04   -0.840724E-05    0.378218E-05
 5.88149   -0.100743E-04   -0.836375E-05    0.362974E-05
 5.89952   -0.100306E-04   -0.832052E-05    0.347849E-05
 5.91755   -0.998704E-05   -0.827755E-05    0.332842E-05
 5.93557   -0.994353E-05   -0.823480E-05    0.317949E-05
 5.95360   -0.990011E-05   -0.819228E-05    0.303174E-05
 5.97162   -0.985680E-05   -0.815000E-05    0.288514E-05
 5.98965   -0.981360E-05   -0.810795E-05    0.273967E-05
 6.00768   -0.977051E-05   -0.806613E-05    0.259534E-05
 6.02570   -0.972753E-05   -0.802453E-05    0.245213E-05
 6.04373   -0.968468E-05   -0.798315E-05    0.231005E-05
 6.06175   -0.964196E-05   -0.794199E-05    0.216908E-05
 6.07978   -0.959937E-05   -0.790101E-05    0.202921E-05
 6.09781   -0.955691E-05   -0.786028E-05    0.189045E-05
 6.11583   -0.951459E-05   -0.781974E-05    0.175279E-05
 6.13386   -0.947241E-05   -0.777941E-05    0.161621E-05
 6.15188   -0.943038E-05   -0.773929E-05    0.148071E-05
 6.16991   -0.938849E-05   -0.769937E-05    0.134630E-05
 6.18794   -0.934676E-05   -0.765965E-05    0.121296E-05
 6.20596   -0.930519E-05   -0.762012E-05    0.108069E-05
 6.22399   -0.926378E-05   -0.758078E-05    0.949479E-06
 6.24201   -0.922253E-05   -0.754162E-05    0.819331E-06
 6.26004   -0.918144E-05   -0.750265E-05    0.690235E-06
 6.27807   -0.914052E-05   -0.746386E-05    0.562189E-06
 6.29609   -0.909978E-05   -0.742529E-05    0.435194E-06
 6.31412   -0.905920E-05   -0.738686E-05    0.309225E-06
 6.33214   -0.901881E-05   -0.734862E-05    0.184290E-06
 6.35017   -0.897859E-05   -0.731054E-05    0.603810E-07
 6.36820   -0.893855E-05   -0.727264E-05   -0.625072E-07
 6.38622   -0.889870E-05   -0.723491E-05   -0.184381E-06
 6.40425   -0.885903E-05   -0.719734E-05   -0.305246E-06
 6.42227   -0.881955E-05   -0.715994E-05   -0.425108E-06
 6.44030   -0.878026E-05   -0.712268E-05   -0.543972E-06
 6.45833   -0.874116E-05   -0.708561E-05   -0.661845E-06
 6.47635   -0.870225E-05   -0.704869E-05   -0.778752E-06
 6.49438   -0.866353E-05   -0.701194E-05   -0.894660E-06
 6.51240   -0.862501E-05   -0.697534E-05   -0.100960E-05
 6.53043   -0.858669E-05   -0.693889E-05   -0.112358E-05
 6.54846   -0.854856E-05   -0.690261E-05   -0.123660E-05
 6.56648   -0.851064E-05   -0.686645E-05   -0.134866E-05
 6.58451   -0.847291E-05   -0.683046E-05   -0.145977E-05
 6.60254   -0.843539E-05   -0.679462E-05   -0.156995E-05
 6.62056   -0.839806E-05   -0.675892E-05   -0.167919E-05
 6.63859   -0.836094E-05   -0.672341E-05   -0.178750E-05
 6.65661   -0.832402E-05   -0.668801E-05   -0.189489E-05
 6.67464   -0.828730E-05   -0.665275E-05   -0.200136E-05
 6.69267   -0.825079E-05   -0.661764E-05   -0.210692E-05
 6.71069   -0.821447E-05   -0.658265E-05   -0.221157E-05
 6.72872   -0.817836E-05   -0.654783E-05   -0.231532E-05
 6.74674   -0.814245E-05   -0.651314E-05   -0.241817E-05
 6.76477   -0.810674E-05   -0.647859E-05   -0.252013E-05
 6.78280   -0.807124E-05   -0.644421E-05   -0.262121E-05
 6.80082   -0.803593E-05   -0.640994E-05   -0.272139E-05
 6.81885   -0.800082E-05   -0.637580E-05   -0.282070E-05
 6.83687   -0.796591E-05   -0.634181E-05   -0.291915E-05
 6.85490   -0.793119E-05   -0.630796E-05   -0.301672E-05
 6.87293   -0.789668E-05   -0.627423E-05   -0.311342E-05
 6.89095   -0.786235E-05   -0.624065E-05   -0.320927E-05
 6.90898   -0.782822E-05   -0.620720E-05   -0.330426E-05
 6.92700   -0.779429E-05   -0.617389E-05   -0.339841E-05
 6.94503   -0.776054E-05   -0.614071E-05   -0.349170E-05
 6.96306   -0.772698E-05   -0.610767E-05   -0.358416E-05
 6.98108   -0.769361E-05   -0.607476E-05   -0.367578E-05
 6.99911   -0.766043E-05   -0.604199E-05   -0.376657E-05
 7.01713   -0.762743E-05   -0.600935E-05   -0.385652E-05
 7.03516   -0.759461E-05   -0.597685E-05   -0.394567E-05
 7.05319   -0.756197E-05   -0.594449E-05   -0.403397E-05
 7.07121   -0.752951E-05   -0.591249E-05   -0.412141E-05
 7.08924   -0.749722E-05   -0.588039E-05   -0.420806E-05
 7.10726   -0.746511E-05   -0.584843E-05   -0.429391E-05
 7.12529   -0.743317E-05   -0.581661E-05   -0.437896E-05
 7.14332   -0.740140E-05   -0.578492E-05   -0.446323E-05
 7.16134   -0.736980E-05   -0.575337E-05   -0.454668E-05
 7.17937   -0.733836E-05   -0.572195E-05   -0.462935E-05
 7.19739   -0.730709E-05   -0.569067E-05   -0.471125E-05
 7.21542   -0.727597E-05   -0.565952E-05   -0.479237E-05
 7.23345   -0.724502E-05   -0.562852E-05   -0.487269E-05
 7.25147   -0.721422E-05   -0.559765E-05   -0.495223E-05
 7.26950   -0.718358E-05   -0.556691E-05   -0.503099E-05
 7.28753   -0.715309E-05   -0.553632E-05   -0.510898E-05
 7.30555   -0.712275E-05   -0.550564E-05   -0.518620E-05
 7.32358   -0.709256E-05   -0.547532E-05   -0.526267E-05
 7.34160   -0.706251E-05   -0.544513E-05   -0.533840E-05
 7.35963   -0.703261E-05   -0.541508E-05   -0.541336E-05
 7.37766   -0.700286E-05   -0.538517E-05   -0.548758E-05
 7.39568   -0.697325E-05   -0.535540E-05   -0.556106E-05
 7.41371   -0.694377E-05   -0.532576E-05   -0.563379E-05
 7.43173   -0.691444E-05   -0.529626E-05   -0.570581E-05
 7.44976   -0.688524E-05   -0.526689E-05   -0.577708E-05
 7.46779   -0.685618E-05   -0.523766E-05   -0.584763E-05
 7.48581   -0.682726E-05   -0.520857E-05   -0.591745E-05
 7.50384   -0.679847E-05   -0.517961E-05   -0.598656E-05
 7.52186   -0.676981E-05   -0.515079E-05   -0.605494E-05
 7.53989   -0.674128E-05   -0.512210E-05   -0.612263E-05
 7.55792   -0.671288E-05   -0.509355E-05   -0.618960E-05
 7.57594   -0.668461E-05   -0.506513E-05   -0.625587E-05
 7.59397   -0.665647E-05   -0.503685E-05   -0.632145E-05
 7.61199   -0.662846E-05   -0.500869E-05   -0.638634E-05
 7.63002   -0.660057E-05   -0.498067E-05   -0.645055E-05
 7.64805   -0.657281E-05   -0.495279E-05   -0.651404E-05
 7.66607   -0.654518E-05   -0.492503E-05   -0.657687E-05
 7.68410   -0.651767E-05   -0.489741E-05   -0.663903E-05
 7.70212   -0.649028E-05   -0.486992E-05   -0.670051E-05
 7.72015   -0.646302E-05   -0.484255E-05   -0.676132E-05
 7.73818   -0.643589E-05   -0.481532E-05   -0.682148E-05
 7.75620   -0.640888E-05   -0.478821E-05   -0.688097E-05
 7.77423   -0.638199E-05   -0.476124E-05   -0.693980E-05
 7.79225   -0.635522E-05   -0.473439E-05   -0.699799E-05
 7.81028   -0.632858E-05   -0.470766E-05   -0.705553E-05
 7.82831   -0.630206E-05   -0.468106E-05   -0.711242E-05
 7.84633   -0.627566E-05   -0.465458E-05   -0.716869E-05
 7.86436   -0.624939E-05   -0.462823E-05   -0.722432E-05
 7.88238   -0.622324E-05   -0.460201E-05   -0.727932E-05
 7.90041   -0.619721E-05   -0.457590E-05   -0.733370E-05
 7.91844   -0.617131E-05   -0.454992E-05   -0.738745E-05
 7.93646   -0.614553E-05   -0.452405E-05   -0.744059E-05
 7.95449   -0.611987E-05   -0.449831E-05   -0.749312E-05
 7.97252   -0.609433E-05   -0.447269E-05   -0.754504E-05
 7.99054   -0.606892E-05   -0.444718E-05   -0.759635E-05
 8.00857   -0.604363E-05   -0.442179E-05   -0.764707E-05
 8.02659   -0.601846E-05   -0.439652E-05   -0.769719E-05
 8.04462   -0.599342E-05   -0.437136E-05   -0.774672E-05
 8.06265   -0.596850E-05   -0.434632E-05   -0.779567E-05
 8.08067   -0.594370E-05   -0.432140E-05   -0.784402E-05
 8.09870   -0.591902E-05   -0.429659E-05   -0.789183E-05
 8.11672   -0.589447E-05   -0.427189E-05   -0.793901E-05
 8.13475   -0.587004E-05   -0.424730E-05   -0.798564E-05
 8.15278   -0.584573E-05   -0.422282E-05   -0.803171E-05
 8.17080   -0.582154E-05   -0.419846E-05   -0.807721E-05
 8.18883   -0.579748E-05   -0.417420E-05   -0.812216E-05
 8.20685   -0.577354E-05   -0.415006E-05   -0.816655E-05
 8.22488   -0.574972E-05   -0.412602E-05   -0.821039E-05
 8.24291   -0.572602E-05   -0.410210E-05   -0.825369E-05
 8.26093   -0.570245E-05   -0.407828E-05   -0.829644E-05
 8.27896   -0.567899E-05   -0.405456E-05   -0.833865E-05
 8.29698   -0.565566E-05   -0.403095E-05   -0.838032E-05
 8.31501   -0.563245E-05   -0.400745E-05   -0.842146E-05
 8.33304   -0.560935E-05   -0.398406E-05   -0.846206E-05
 8.35106   -0.558638E-05   -0.396076E-05   -0.850215E-05
 8.36909   -0.556353E-05   -0.393758E-05   -0.854171E-05
 8.38711   -0.554080E-05   -0.391449E-05   -0.858075E-05
 8.40514   -0.551819E-05   -0.389151E-05   -0.861928E-05
 8.42317   -0.549569E-05   -0.386863E-05   -0.865731E-05
 8.44119   -0.547332E-05   -0.384585E-05   -0.869483E-05
 8.45922   -0.545106E-05   -0.382317E-05   -0.873184E-05
 8.47724   -0.542892E-05   -0.380060E-05   -0.876835E-05
 8.49527   -0.540690E-05   -0.377812E-05   -0.880437E-05
 8.51330   -0.538499E-05   -0.375575E-05   -0.883989E-05
 8.53132   -0.536320E-05   -0.373347E-05   -0.887492E-05
 8.54935   -0.534153E-05   -0.371129E-05   -0.890947E-05
 8.56737   -0.531997E-05   -0.368922E-05   -0.894354E-05
 8.58540   -0.529853E-05   -0.366724E-05   -0.897712E-05
 8.60343   -0.527720E-05   -0.364535E-05   -0.901023E-05
 8.62145   -0.525599E-05   -0.362357E-05   -0.904288E-05
 8.63948   -0.523488E-05   -0.360188E-05   -0.907503E-05
 8.65751   -0.521389E-05   -0.358029E-05   -0.910674E-05
 8.67553   -0.519301E-05   -0.355879E-05   -0.913798E-05
 8.69356   -0.517224E-05   -0.353740E-05   -0.916878E-05
 8.71158   -0.515159E-05   -0.351609E-05   -0.919909E-05
 8.72961   -0.513104E-05   -0.349488E-05   -0.922896E-05
 8.74764   -0.511060E-05   -0.347377E-05   -0.925838E-05
 8.76566   -0.509028E-05   -0.345275E-05   -0.928736E-05
 8.78369   -0.507005E-05   -0.343182E-05   -0.931591E-05
 8.80171   -0.504994E-05   -0.341099E-05   -0.934399E-05
 8.81974   -0.502993E-05   -0.339025E-05   -0.937165E-05
 8.83777   -0.501003E-05   -0.336961E-05   -0.939884E-05
 8.85579   -0.499024E-05   -0.334905E-05   -0.942566E-05
 8.87382   -0.497055E-05   -0.332859E-05   -0.945201E-05
 8.89184   -0.495097E-05   -0.330822E-05   -0.947795E-05
 8.90987   -0.493148E-05   -0.328795E-05   -0.950347E-05
 8.92790   -0.491211E-05   -0.326776E-05   -0.952857E-05
 8.94592   -0.489283E-05   -0.324767E-05   -0.955326E-05
 8.96395   -0.487366E-05   -0.322766E-05   -0.957753E-05
 8.98197   -0.485459E-05   -0.320775E-05   -0.960139E-05
 9.00000   -0.483562E-05   -0.318792E-05   -0.962484E-05
