 0.00500    0.266457E-01   -0.132848E-01    0.986456E-02
 0.02303    0.212890E-01   -0.106066E-01    0.785562E-02
 0.04105    0.182333E-01   -0.907850E-02    0.670934E-02
 0.05908    0.160447E-01   -0.798397E-02    0.588813E-02
 0.07710    0.143434E-01   -0.713305E-02    0.524953E-02
 0.09513    0.129603E-01   -0.644121E-02    0.473025E-02
 0.11316    0.118032E-01   -0.586236E-02    0.429567E-02
 0.13118    0.108157E-01   -0.536822E-02    0.392461E-02
 0.14921    0.996010E-02   -0.494006E-02    0.360302E-02
 0.16723    0.921009E-02   -0.456470E-02    0.332102E-02
 0.18526    0.854652E-02   -0.423252E-02    0.307143E-02
 0.20329    0.795489E-02   -0.393630E-02    0.284881E-02
 0.22131    0.742397E-02   -0.367044E-02    0.264897E-02
 0.23934    0.694491E-02   -0.343051E-02    0.246860E-02
 0.25736    0.651054E-02   -0.321293E-02    0.230500E-02
 0.27539    0.611506E-02   -0.301479E-02    0.215601E-02
 0.29342    0.575365E-02   -0.283368E-02    0.201981E-02
 0.31144    0.542226E-02   -0.266759E-02    0.189489E-02
 0.32947    0.511747E-02   -0.251481E-02    0.177998E-02
 0.34749    0.483638E-02   -0.237389E-02    0.167399E-02
 0.36552    0.457650E-02   -0.224357E-02    0.157599E-02
 0.38355    0.433567E-02   -0.212279E-02    0.148516E-02
 0.40157    0.411202E-02   -0.201062E-02    0.140080E-02
 0.41960    0.390392E-02   -0.190622E-02    0.132231E-02
 0.43763    0.370993E-02   -0.180888E-02    0.124914E-02
 0.45565    0.352877E-02   -0.171797E-02    0.118082E-02
 0.47368    0.335932E-02   -0.163293E-02    0.111692E-02
 0.49170    0.320059E-02   -0.155325E-02    0.105707E-02
 0.50973    0.305168E-02   -0.147850E-02    0.100094E-02
 0.52776    0.291178E-02   -0.140827E-02    0.948230E-03
 0.54578    0.278021E-02   -0.134220E-02    0.898665E-03
 0.56381    0.265629E-02   -0.127997E-02    0.852005E-03
 0.58183    0.253947E-02   -0.122130E-02    0.808034E-03
 0.59986    0.242921E-02   -0.116592E-02    0.766554E-03
 0.61789    0.232502E-02   -0.111359E-02    0.727385E-03
 0.63591    0.222648E-02   -0.106409E-02    0.690363E-03
 0.65394    0.213319E-02   -0.101723E-02    0.655340E-03
 0.67196    0.204479E-02   -0.972821E-03    0.622181E-03
 0.68999    0.196096E-02   -0.930708E-03    0.590762E-03
 0.70802    0.188140E-02   -0.890736E-03    0.560969E-03
 0.72604    0.180581E-02   -0.852765E-03    0.532699E-03
 0.74407    0.173396E-02   -0.816672E-03    0.505855E-03
 0.76209    0.166561E-02   -0.782339E-03    0.480348E-03
 0.78012    0.160055E-02   -0.749658E-03    0.456098E-03
 0.79815    0.153857E-02   -0.718529E-03    0.433030E-03
 0.81617    0.147950E-02   -0.688860E-03    0.411074E-03
 0.83420    0.142315E-02   -0.660565E-03    0.390166E-03
 0.85222    0.136938E-02   -0.633566E-03    0.370245E-03
 0.87025    0.131804E-02   -0.607789E-03    0.351256E-03
 0.88828    0.126899E-02   -0.583167E-03    0.333147E-03
 0.90630    0.122210E-02   -0.559636E-03    0.315871E-03
 0.92433    0.117727E-02   -0.537138E-03    0.299383E-03
 0.94235    0.113437E-02   -0.515617E-03    0.283641E-03
 0.96038    0.109330E-02   -0.495021E-03    0.268607E-03
 0.97841    0.105398E-02   -0.475302E-03    0.254242E-03
 0.99643    0.101630E-02   -0.456415E-03    0.240513E-03
 1.01446    0.980194E-03   -0.438319E-03    0.227388E-03
 1.03248    0.945571E-03   -0.420973E-03    0.214837E-03
 1.05051    0.912363E-03   -0.404341E-03    0.202832E-03
 1.06854    0.880498E-03   -0.388388E-03    0.191346E-03
 1.08656    0.849913E-03   -0.373081E-03    0.180354E-03
 1.10459    0.820545E-03   -0.358389E-03    0.169833E-03
 1.12262    0.792335E-03   -0.344284E-03    0.159761E-03
 1.14064    0.765234E-03   -0.330738E-03    0.150116E-03
 1.15867    0.739185E-03   -0.317725E-03    0.140879E-03
 1.17669    0.714143E-03   -0.305220E-03    0.132031E-03
 1.19472    0.690060E-03   -0.293202E-03    0.123556E-03
 1.21275    0.666894E-03   -0.281647E-03    0.115435E-03
 1.23077    0.644604E-03   -0.270537E-03    0.107654E-03
 1.24880    0.623151E-03   -0.259850E-03    0.100197E-03
 1.26682    0.602499E-03   -0.249568E-03    0.930499E-04
 1.28485    0.582613E-03   -0.239675E-03    0.862001E-04
 1.30288    0.563461E-03   -0.230154E-03    0.796345E-04
 1.32090    0.545012E-03   -0.220989E-03    0.733412E-04
 1.33893    0.527235E-03   -0.212165E-03    0.673086E-04
 1.35695    0.510104E-03   -0.203669E-03    0.615260E-04
 1.37498    0.493591E-03   -0.195486E-03    0.559830E-04
 1.39301    0.477672E-03   -0.187604E-03    0.506698E-04
 1.41103    0.462322E-03   -0.180012E-03    0.455771E-04
 1.42906    0.447518E-03   -0.172697E-03    0.406961E-04
 1.44708    0.433242E-03   -0.165649E-03    0.360185E-04
 1.46511    0.419470E-03   -0.158857E-03    0.315363E-04
 1.48314    0.406182E-03   -0.152312E-03    0.272420E-04
 1.50116    0.393364E-03   -0.146004E-03    0.231282E-04
 1.51919    0.380995E-03   -0.139925E-03    0.191883E-04
 1.53721    0.369059E-03   -0.134066E-03    0.154157E-04
 1.55524    0.357540E-03   -0.128419E-03    0.118043E-04
 1.57327    0.346423E-03   -0.122976E-03    0.834807E-05
 1.59129    0.335695E-03   -0.117731E-03    0.504156E-05
 1.60932    0.325342E-03   -0.112677E-03    0.187960E-05
 1.62734    0.315351E-03   -0.107807E-03   -0.114307E-05
 1.64537    0.305710E-03   -0.103115E-03   -0.403106E-05
 1.66340    0.296409E-03   -0.985946E-04   -0.678874E-05
 1.68142    0.287436E-03   -0.942414E-04   -0.942030E-05
 1.69945    0.278780E-03   -0.900504E-04   -0.119301E-04
 1.71747    0.270433E-03   -0.860161E-04   -0.143214E-04
 1.73550    0.262386E-03   -0.821343E-04   -0.165980E-04
 1.75353    0.254630E-03   -0.784009E-04   -0.187631E-04
 1.77155    0.247158E-03   -0.748118E-04   -0.208197E-04
 1.78958    0.239963E-03   -0.713634E-04   -0.227708E-04
 1.80761    0.233038E-03   -0.680522E-04   -0.246190E-04
 1.82563    0.226377E-03   -0.648752E-04   -0.263668E-04
 1.84366    0.219974E-03   -0.618292E-04   -0.280165E-04
 1.86168    0.213824E-03   -0.589117E-04   -0.295702E-04
 1.87971    0.207921E-03   -0.561200E-04   -0.310303E-04
 1.89774    0.202261E-03   -0.534518E-04   -0.323982E-04
 1.91576    0.196839E-03   -0.509046E-04   -0.336762E-04
 1.93379    0.191652E-03   -0.484762E-04   -0.348658E-04
 1.95181    0.186695E-03   -0.461646E-04   -0.359686E-04
 1.96984    0.181963E-03   -0.439677E-04   -0.369865E-04
 1.98787    0.177454E-03   -0.418834E-04   -0.379208E-04
 2.00589    0.173162E-03   -0.399096E-04   -0.387735E-04
 2.02392    0.169084E-03   -0.380443E-04   -0.395461E-04
 2.04194    0.165216E-03   -0.362851E-04   -0.402402E-04
 2.05997    0.161552E-03   -0.346298E-04   -0.408578E-04
 2.07800    0.158088E-03   -0.330757E-04   -0.414008E-04
 2.09602    0.154818E-03   -0.316200E-04   -0.418716E-04
 2.11405    0.151737E-03   -0.302598E-04   -0.422723E-04
 2.13207    0.148837E-03   -0.289917E-04   -0.426055E-04
 2.15010    0.146112E-03   -0.278122E-04   -0.428741E-04
 2.16813    0.143554E-03   -0.267170E-04   -0.430810E-04
 2.18615    0.141154E-03   -0.257018E-04   -0.432298E-04
 2.20418    0.138902E-03   -0.247618E-04   -0.433242E-04
 2.22220    0.136788E-03   -0.238918E-04   -0.433680E-04
 2.24023    0.134801E-03   -0.230860E-04   -0.433656E-04
 2.25826    0.132928E-03   -0.223382E-04   -0.433217E-04
 2.27628    0.131157E-03   -0.216422E-04   -0.432411E-04
 2.29431    0.129474E-03   -0.209910E-04   -0.431292E-04
 2.31233    0.127864E-03   -0.203773E-04   -0.429915E-04
 2.33036    0.126314E-03   -0.197935E-04   -0.428308E-04
 2.34839    0.124803E-03   -0.192320E-04   -0.426612E-04
 2.36641    0.123327E-03   -0.186847E-04   -0.424807E-04
 2.38444    0.121855E-03   -0.181435E-04   -0.422981E-04
 2.40246    0.120381E-03   -0.176004E-04   -0.421195E-04
 2.42049    0.118887E-03   -0.170472E-04   -0.419511E-04
 2.43852    0.117356E-03   -0.164760E-04   -0.417988E-04
 2.45654    0.115774E-03   -0.158792E-04   -0.416686E-04
 2.47457    0.114124E-03   -0.152491E-04   -0.415659E-04
 2.49260    0.112394E-03   -0.145789E-04   -0.414962E-04
 2.51062    0.110571E-03   -0.138622E-04   -0.414644E-04
 2.52865    0.108642E-03   -0.130927E-04   -0.414750E-04
 2.54667    0.106597E-03   -0.122655E-04   -0.415320E-04
 2.56470    0.104428E-03   -0.113759E-04   -0.416388E-04
 2.58273    0.102126E-03   -0.104197E-04   -0.417985E-04
 2.60075    0.996890E-04   -0.939454E-05   -0.420133E-04
 2.61878    0.971061E-04   -0.829781E-05   -0.422848E-04
 2.63680    0.943783E-04   -0.712834E-05   -0.426141E-04
 2.65483    0.915046E-04   -0.588577E-05   -0.430015E-04
 2.67286    0.884861E-04   -0.457053E-05   -0.434466E-04
 2.69088    0.853255E-04   -0.318385E-05   -0.439487E-04
 2.70891    0.820272E-04   -0.172790E-05   -0.445060E-04
 2.72693    0.785970E-04   -0.205783E-06   -0.451164E-04
 2.74496    0.750423E-04    0.137912E-05   -0.457772E-04
 2.76299    0.713716E-04    0.302239E-05   -0.464852E-04
 2.78101    0.675951E-04    0.471906E-05   -0.472367E-04
 2.79904    0.637233E-04    0.646373E-05   -0.480276E-04
 2.81706    0.597686E-04    0.825056E-05   -0.488536E-04
 2.83509    0.557431E-04    0.100732E-04   -0.497100E-04
 2.85312    0.516600E-04    0.119251E-04   -0.505916E-04
 2.87114    0.475328E-04    0.137996E-04   -0.514941E-04
 2.88917    0.433752E-04    0.156901E-04   -0.524113E-04
 2.90719    0.392008E-04    0.175894E-04   -0.533392E-04
 2.92522    0.350233E-04    0.194910E-04   -0.542719E-04
 2.94325    0.308559E-04    0.213880E-04   -0.552047E-04
 2.96127    0.267120E-04    0.232740E-04   -0.561328E-04
 2.97930    0.226037E-04    0.251428E-04   -0.570515E-04
 2.99732    0.185431E-04    0.269883E-04   -0.579561E-04
 3.01535    0.145411E-04    0.288051E-04   -0.588426E-04
 3.03338    0.106083E-04    0.305880E-04   -0.597070E-04
 3.05140    0.675445E-05    0.323321E-04   -0.605456E-04
 3.06943    0.298810E-05    0.340330E-04   -0.613556E-04
 3.08745   -0.682869E-06    0.356871E-04   -0.621336E-04
 3.10548   -0.425154E-05    0.372905E-04   -0.628770E-04
 3.12351   -0.771186E-05    0.388405E-04   -0.635837E-04
 3.14153   -0.110588E-04    0.403344E-04   -0.642517E-04
 3.15956   -0.142880E-04    0.417700E-04   -0.648794E-04
 3.17759   -0.173961E-04    0.431460E-04   -0.654656E-04
 3.19561   -0.203806E-04    0.444607E-04   -0.660091E-04
 3.21364   -0.232398E-04    0.457135E-04   -0.665095E-04
 3.23166   -0.259726E-04    0.469037E-04   -0.669662E-04
 3.24969   -0.285787E-04    0.480312E-04   -0.673794E-04
 3.26772   -0.310584E-04    0.490963E-04   -0.677488E-04
 3.28574   -0.334123E-04    0.500992E-04   -0.680746E-04
 3.30377   -0.356423E-04    0.510405E-04   -0.683578E-04
 3.32179   -0.377496E-04    0.519216E-04   -0.685991E-04
 3.33982   -0.397368E-04    0.527431E-04   -0.687990E-04
 3.35785   -0.416066E-04    0.535066E-04   -0.689582E-04
 3.37587   -0.433616E-04    0.542135E-04   -0.690784E-04
 3.39390   -0.450054E-04    0.548654E-04   -0.691605E-04
 3.41192   -0.465410E-04    0.554639E-04   -0.692058E-04
 3.42995   -0.479722E-04    0.560110E-04   -0.692157E-04
 3.44798   -0.493028E-04    0.565084E-04   -0.691914E-04
 3.46600   -0.505362E-04    0.569579E-04   -0.691346E-04
 3.48403   -0.516765E-04    0.573616E-04   -0.690463E-04
 3.50205   -0.527276E-04    0.577214E-04   -0.689283E-04
 3.52008   -0.536932E-04    0.580392E-04   -0.687819E-04
 3.53811   -0.545773E-04    0.583170E-04   -0.686085E-04
 3.55613   -0.553836E-04    0.585566E-04   -0.684096E-04
 3.57416   -0.561163E-04    0.587600E-04   -0.681867E-04
 3.59218   -0.567784E-04    0.589289E-04   -0.679409E-04
 3.61021   -0.573739E-04    0.590653E-04   -0.676738E-04
 3.62824   -0.579062E-04    0.591707E-04   -0.673866E-04
 3.64626   -0.583788E-04    0.592470E-04   -0.670805E-04
 3.66429   -0.587949E-04    0.592957E-04   -0.667568E-04
 3.68231   -0.591576E-04    0.593186E-04   -0.664167E-04
 3.70034   -0.594701E-04    0.593170E-04   -0.660611E-04
 3.71837   -0.597350E-04    0.592925E-04   -0.656916E-04
 3.73639   -0.599556E-04    0.592463E-04   -0.653085E-04
 3.75442   -0.601341E-04    0.591800E-04   -0.649135E-04
 3.77244   -0.602732E-04    0.590947E-04   -0.645071E-04
 3.79047   -0.603755E-04    0.589916E-04   -0.640904E-04
 3.80850   -0.604430E-04    0.588719E-04   -0.636641E-04
 3.82652   -0.604780E-04    0.587367E-04   -0.632287E-04
 3.84455   -0.604826E-04    0.585870E-04   -0.627860E-04
 3.86258   -0.604587E-04    0.584239E-04   -0.623358E-04
 3.88060   -0.604082E-04    0.582481E-04   -0.618789E-04
 3.89863   -0.603329E-04    0.580607E-04   -0.614161E-04
 3.91665   -0.602343E-04    0.578622E-04   -0.609481E-04
 3.93468   -0.601141E-04    0.576537E-04   -0.604752E-04
 3.95271   -0.599734E-04    0.574359E-04   -0.599981E-04
 3.97073   -0.598144E-04    0.572094E-04   -0.595173E-04
 3.98876   -0.596376E-04    0.569749E-04   -0.590332E-04
 4.00678   -0.594445E-04    0.567330E-04   -0.585463E-04
 4.02481   -0.592364E-04    0.564842E-04   -0.580569E-04
 4.04284   -0.590142E-04    0.562292E-04   -0.575655E-04
 4.06086   -0.587789E-04    0.559684E-04   -0.570726E-04
 4.07889   -0.585313E-04    0.557022E-04   -0.565781E-04
 4.09691   -0.582729E-04    0.554310E-04   -0.560827E-04
 4.11494   -0.580039E-04    0.551557E-04   -0.555867E-04
 4.13297   -0.577257E-04    0.548762E-04   -0.550902E-04
 4.15099   -0.574382E-04    0.545930E-04   -0.545935E-04
 4.16902   -0.571431E-04    0.543065E-04   -0.540969E-04
 4.18704   -0.568402E-04    0.540171E-04   -0.536006E-04
 4.20507   -0.565307E-04    0.537249E-04   -0.531049E-04
 4.22310   -0.562149E-04    0.534303E-04   -0.526099E-04
 4.24112   -0.558934E-04    0.531336E-04   -0.521158E-04
 4.25915   -0.555669E-04    0.528351E-04   -0.516229E-04
 4.27717   -0.552356E-04    0.525349E-04   -0.511312E-04
 4.29520   -0.549001E-04    0.522333E-04   -0.506411E-04
 4.31323   -0.545608E-04    0.519305E-04   -0.501525E-04
 4.33125   -0.542182E-04    0.516268E-04   -0.496657E-04
 4.34928   -0.538724E-04    0.513222E-04   -0.491809E-04
 4.36730   -0.535242E-04    0.510168E-04   -0.486981E-04
 4.38533   -0.531736E-04    0.507113E-04   -0.482175E-04
 4.40336   -0.528208E-04    0.504054E-04   -0.477393E-04
 4.42138   -0.524663E-04    0.500993E-04   -0.472635E-04
 4.43941   -0.521103E-04    0.497931E-04   -0.467903E-04
 4.45743   -0.517532E-04    0.494870E-04   -0.463197E-04
 4.47546   -0.513952E-04    0.491812E-04   -0.458519E-04
 4.49349   -0.510365E-04    0.488757E-04   -0.453869E-04
 4.51151   -0.506773E-04    0.485707E-04   -0.449249E-04
 4.52954   -0.503178E-04    0.482662E-04   -0.444659E-04
 4.54757   -0.499583E-04    0.479623E-04   -0.440099E-04
 4.56559   -0.495988E-04    0.476592E-04   -0.435571E-04
 4.58362   -0.492396E-04    0.473569E-04   -0.431074E-04
 4.60164   -0.488809E-04    0.470556E-04   -0.426608E-04
 4.61967   -0.485229E-04    0.467551E-04   -0.422174E-04
 4.63770   -0.481656E-04    0.464560E-04   -0.417772E-04
 4.65572   -0.478092E-04    0.461578E-04   -0.413402E-04
 4.67375   -0.474539E-04    0.458607E-04   -0.409063E-04
 4.69177   -0.470998E-04    0.455650E-04   -0.404756E-04
 4.70980   -0.467471E-04    0.452705E-04   -0.400481E-04
 4.72783   -0.463957E-04    0.449774E-04   -0.396238E-04
 4.74585   -0.460459E-04    0.446858E-04   -0.392026E-04
 4.76388   -0.456978E-04    0.443956E-04   -0.387847E-04
 4.78190   -0.453515E-04    0.441070E-04   -0.383699E-04
 4.79993   -0.450071E-04    0.438199E-04   -0.379582E-04
 4.81796   -0.446646E-04    0.435346E-04   -0.375498E-04
 4.83598   -0.443242E-04    0.432509E-04   -0.371446E-04
 4.85401   -0.439860E-04    0.429689E-04   -0.367426E-04
 4.87203   -0.436501E-04    0.426888E-04   -0.363438E-04
 4.89006   -0.433165E-04    0.424102E-04   -0.359483E-04
 4.90809   -0.429853E-04    0.421338E-04   -0.355561E-04
 4.92611   -0.426565E-04    0.418591E-04   -0.351671E-04
 4.94414   -0.423303E-04    0.415863E-04   -0.347815E-04
 4.96216   -0.420067E-04    0.413154E-04   -0.343992E-04
 4.98019   -0.416857E-04    0.410464E-04   -0.340202E-04
 4.99822   -0.413675E-04    0.407794E-04   -0.336446E-04
 5.01624   -0.410517E-04    0.405131E-04   -0.332723E-04
 5.03427   -0.407388E-04    0.402501E-04   -0.329033E-04
 5.05229   -0.404287E-04    0.399890E-04   -0.325376E-04
 5.07032   -0.401214E-04    0.397300E-04   -0.321754E-04
 5.08835   -0.398169E-04    0.394729E-04   -0.318164E-04
 5.10637   -0.395152E-04    0.392179E-04   -0.314608E-04
 5.12440   -0.392163E-04    0.389648E-04   -0.311084E-04
 5.14242   -0.389202E-04    0.387138E-04   -0.307594E-04
 5.16045   -0.386269E-04    0.384647E-04   -0.304136E-04
 5.17848   -0.383364E-04    0.382176E-04   -0.300711E-04
 5.19650   -0.380486E-04    0.379725E-04   -0.297318E-04
 5.21453   -0.377635E-04    0.377293E-04   -0.293957E-04
 5.23256   -0.374812E-04    0.374880E-04   -0.290627E-04
 5.25058   -0.372015E-04    0.372498E-04   -0.287329E-04
 5.26861   -0.369243E-04    0.370111E-04   -0.284062E-04
 5.28663   -0.366498E-04    0.367754E-04   -0.280826E-04
 5.30466   -0.363777E-04    0.365416E-04   -0.277620E-04
 5.32269   -0.361081E-04    0.363096E-04   -0.274444E-04
 5.34071   -0.358409E-04    0.360793E-04   -0.271297E-04
 5.35874   -0.355760E-04    0.358509E-04   -0.268179E-04
 5.37676   -0.353134E-04    0.356240E-04   -0.265090E-04
 5.39479   -0.350530E-04    0.353988E-04   -0.262030E-04
 5.41282   -0.347948E-04    0.351753E-04   -0.258998E-04
 5.43084   -0.345386E-04    0.349545E-04   -0.255993E-04
 5.44887   -0.342845E-04    0.347340E-04   -0.253015E-04
 5.46689   -0.340323E-04    0.345152E-04   -0.250064E-04
 5.48492   -0.337821E-04    0.342977E-04   -0.247140E-04
 5.50295   -0.335337E-04    0.340818E-04   -0.244242E-04
 5.52097   -0.332870E-04    0.338673E-04   -0.241369E-04
 5.53900   -0.330421E-04    0.336542E-04   -0.238522E-04
 5.55702   -0.327988E-04    0.334423E-04   -0.235700E-04
 5.57505   -0.325572E-04    0.332319E-04   -0.232902E-04
 5.59308   -0.323172E-04    0.330228E-04   -0.230128E-04
 5.61110   -0.320787E-04    0.328149E-04   -0.227379E-04
 5.62913   -0.318416E-04    0.326083E-04   -0.224653E-04
 5.64715   -0.316060E-04    0.324030E-04   -0.221951E-04
 5.66518   -0.313719E-04    0.321988E-04   -0.219271E-04
 5.68321   -0.311391E-04    0.319959E-04   -0.216615E-04
 5.70123   -0.309076E-04    0.317942E-04   -0.213981E-04
 5.71926   -0.306775E-04    0.315936E-04   -0.211369E-04
 5.73728   -0.304487E-04    0.313941E-04   -0.208779E-04
 5.75531   -0.302211E-04    0.311957E-04   -0.206211E-04
 5.77334   -0.299949E-04    0.309986E-04   -0.203665E-04
 5.79136   -0.297698E-04    0.308026E-04   -0.201140E-04
 5.80939   -0.295461E-04    0.306077E-04   -0.198637E-04
 5.82741   -0.293236E-04    0.304137E-04   -0.196155E-04
 5.84544   -0.291023E-04    0.302210E-04   -0.193693E-04
 5.86347   -0.288823E-04    0.300294E-04   -0.191253E-04
 5.88149   -0.286635E-04    0.298389E-04   -0.188834E-04
 5.89952   -0.284460E-04    0.296494E-04   -0.186435E-04
 5.91755   -0.282297E-04    0.294610E-04   -0.184056E-04
 5.93557   -0.280148E-04    0.292738E-04   -0.181698E-04
 5.95360   -0.278010E-04    0.290877E-04   -0.179361E-04
 5.97162   -0.275886E-04    0.289027E-04   -0.177043E-04
 5.98965   -0.273774E-04    0.287187E-04   -0.174746E-04
 6.00768   -0.271676E-04    0.285359E-04   -0.172469E-04
 6.02570   -0.269590E-04    0.283542E-04   -0.170212E-04
 6.04373   -0.267518E-04    0.281735E-04   -0.167974E-04
 6.06175   -0.265459E-04    0.279940E-04   -0.165756E-04
 6.07978   -0.263414E-04    0.278157E-04   -0.163558E-04
 6.09781   -0.261382E-04    0.276385E-04   -0.161379E-04
 6.11583   -0.259364E-04    0.274624E-04   -0.159220E-04
 6.13386   -0.257359E-04    0.272874E-04   -0.157081E-04
 6.15188   -0.255369E-04    0.271134E-04   -0.154960E-04
 6.16991   -0.253392E-04    0.269408E-04   -0.152859E-04
 6.18794   -0.251430E-04    0.267692E-04   -0.150777E-04
 6.20596   -0.249482E-04    0.265987E-04   -0.148715E-04
 6.22399   -0.247548E-04    0.264294E-04   -0.146671E-04
 6.24201   -0.245629E-04    0.262612E-04   -0.144646E-04
 6.26004   -0.243724E-04    0.260941E-04   -0.142640E-04
 6.27807   -0.241833E-04    0.259282E-04   -0.140653E-04
 6.29609   -0.239958E-04    0.257634E-04   -0.138684E-04
 6.31412   -0.238096E-04    0.255998E-04   -0.136734E-04
 6.33214   -0.236249E-04    0.254374E-04   -0.134802E-04
 6.35017   -0.234418E-04    0.252760E-04   -0.132888E-04
 6.36820   -0.232600E-04    0.251158E-04   -0.130993E-04
 6.38622   -0.230798E-04    0.249568E-04   -0.129116E-04
 6.40425   -0.229010E-04    0.247989E-04   -0.127257E-04
 6.42227   -0.227237E-04    0.246421E-04   -0.125416E-04
 6.44030   -0.225479E-04    0.244864E-04   -0.123593E-04
 6.45833   -0.223736E-04    0.243319E-04   -0.121787E-04
 6.47635   -0.222007E-04    0.241786E-04   -0.119999E-04
 6.49438   -0.220293E-04    0.240263E-04   -0.118228E-04
 6.51240   -0.218594E-04    0.238751E-04   -0.116474E-04
 6.53043   -0.216910E-04    0.237252E-04   -0.114738E-04
 6.54846   -0.215240E-04    0.235763E-04   -0.113019E-04
 6.56648   -0.213585E-04    0.234285E-04   -0.111317E-04
 6.58451   -0.211944E-04    0.232818E-04   -0.109632E-04
 6.60254   -0.210318E-04    0.231361E-04   -0.107963E-04
 6.62056   -0.208707E-04    0.229917E-04   -0.106312E-04
 6.63859   -0.207110E-04    0.228483E-04   -0.104676E-04
 6.65661   -0.205527E-04    0.227059E-04   -0.103057E-04
 6.67464   -0.203959E-04    0.225647E-04   -0.101455E-04
 6.69267   -0.202405E-04    0.224244E-04   -0.998686E-05
 6.71069   -0.200865E-04    0.222854E-04   -0.982982E-05
 6.72872   -0.199340E-04    0.221474E-04   -0.967439E-05
 6.74674   -0.197828E-04    0.220106E-04   -0.952053E-05
 6.76477   -0.196331E-04    0.218747E-04   -0.936823E-05
 6.78280   -0.194847E-04    0.217398E-04   -0.921749E-05
 6.80082   -0.193378E-04    0.216060E-04   -0.906829E-05
 6.81885   -0.191922E-04    0.214732E-04   -0.892063E-05
 6.83687   -0.190480E-04    0.213415E-04   -0.877447E-05
 6.85490   -0.189051E-04    0.212108E-04   -0.862983E-05
 6.87293   -0.187636E-04    0.210811E-04   -0.848668E-05
 6.89095   -0.186235E-04    0.209524E-04   -0.834502E-05
 6.90898   -0.184846E-04    0.208246E-04   -0.820481E-05
 6.92700   -0.183471E-04    0.206980E-04   -0.806606E-05
 6.94503   -0.182109E-04    0.205722E-04   -0.792873E-05
 6.96306   -0.180760E-04    0.204475E-04   -0.779285E-05
 6.98108   -0.179424E-04    0.203237E-04   -0.765838E-05
 6.99911   -0.178101E-04    0.202009E-04   -0.752531E-05
 7.01713   -0.176790E-04    0.200791E-04   -0.739366E-05
 7.03516   -0.175492E-04    0.199582E-04   -0.726335E-05
 7.05319   -0.174206E-04    0.198382E-04   -0.713441E-05
 7.07121   -0.172933E-04    0.197192E-04   -0.700683E-05
 7.08924   -0.171671E-04    0.196011E-04   -0.688058E-05
 7.10726   -0.170422E-04    0.194839E-04   -0.675565E-05
 7.12529   -0.169185E-04    0.193676E-04   -0.663204E-05
 7.14332   -0.167959E-04    0.192522E-04   -0.650973E-05
 7.16134   -0.166745E-04    0.191377E-04   -0.638870E-05
 7.17937   -0.165542E-04    0.190241E-04   -0.626895E-05
 7.19739   -0.164351E-04    0.189114E-04   -0.615046E-05
 7.21542   -0.163171E-04    0.187995E-04   -0.603323E-05
 7.23345   -0.162002E-04    0.186885E-04   -0.591723E-05
 7.25147   -0.160844E-04    0.185783E-04   -0.580247E-05
 7.26950   -0.159697E-04    0.184690E-04   -0.568890E-05
 7.28753   -0.158561E-04    0.183605E-04   -0.557654E-05
 7.30555   -0.157436E-04    0.182528E-04   -0.546536E-05
 7.32358   -0.156321E-04    0.181460E-04   -0.535537E-05
 7.34160   -0.155216E-04    0.180399E-04   -0.524656E-05
 7.35963   -0.154122E-04    0.179347E-04   -0.513887E-05
 7.37766   -0.153038E-04    0.178302E-04   -0.503233E-05
 7.39568   -0.151964E-04    0.177266E-04   -0.492693E-05
 7.41371   -0.150900E-04    0.176237E-04   -0.482265E-05
 7.43173   -0.149846E-04    0.175216E-04   -0.471948E-05
 7.44976   -0.148802E-04    0.174203E-04   -0.461740E-05
 7.46779   -0.147767E-04    0.173197E-04   -0.451642E-05
 7.48581   -0.146742E-04    0.172199E-04   -0.441651E-05
 7.50384   -0.145726E-04    0.171208E-04   -0.431765E-05
 7.52186   -0.144720E-04    0.170224E-04   -0.421987E-05
 7.53989   -0.143723E-04    0.169248E-04   -0.412312E-05
 7.55792   -0.142735E-04    0.168280E-04   -0.402740E-05
 7.57594   -0.141756E-04    0.167318E-04   -0.393272E-05
 7.59397   -0.140786E-04    0.166364E-04   -0.383904E-05
 7.61199   -0.139825E-04    0.165416E-04   -0.374637E-05
 7.63002   -0.138873E-04    0.164476E-04   -0.365471E-05
 7.64805   -0.137929E-04    0.163542E-04   -0.356403E-05
 7.66607   -0.136994E-04    0.162616E-04   -0.347432E-05
 7.68410   -0.136068E-04    0.161696E-04   -0.338558E-05
 7.70212   -0.135150E-04    0.160783E-04   -0.329779E-05
 7.72015   -0.134240E-04    0.159877E-04   -0.321096E-05
 7.73818   -0.133339E-04    0.158978E-04   -0.312507E-05
 7.75620   -0.132445E-04    0.158085E-04   -0.304012E-05
 7.77423   -0.131560E-04    0.157198E-04   -0.295606E-05
 7.79225   -0.130683E-04    0.156318E-04   -0.287293E-05
 7.81028   -0.129814E-04    0.155445E-04   -0.279070E-05
 7.82831   -0.128952E-04    0.154578E-04   -0.270937E-05
 7.84633   -0.128099E-04    0.153717E-04   -0.262892E-05
 7.86436   -0.127253E-04    0.152862E-04   -0.254934E-05
 7.88238   -0.126414E-04    0.152014E-04   -0.247064E-05
 7.90041   -0.125583E-04    0.151171E-04   -0.239280E-05
 7.91844   -0.124760E-04    0.150335E-04   -0.231581E-05
 7.93646   -0.123944E-04    0.149505E-04   -0.223965E-05
 7.95449   -0.123135E-04    0.148681E-04   -0.216433E-05
 7.97252   -0.122333E-04    0.147863E-04   -0.208985E-05
 7.99054   -0.121538E-04    0.147050E-04   -0.201617E-05
 8.00857   -0.120751E-04    0.146244E-04   -0.194331E-05
 8.02659   -0.119970E-04    0.145443E-04   -0.187125E-05
 8.04462   -0.119197E-04    0.144648E-04   -0.179998E-05
 8.06265   -0.118430E-04    0.143858E-04   -0.172950E-05
 8.08067   -0.117670E-04    0.143075E-04   -0.165979E-05
 8.09870   -0.116916E-04    0.142296E-04   -0.159085E-05
 8.11672   -0.116169E-04    0.141524E-04   -0.152268E-05
 8.13475   -0.115428E-04    0.140756E-04   -0.145526E-05
 8.15278   -0.114694E-04    0.139994E-04   -0.138858E-05
 8.17080   -0.113966E-04    0.139238E-04   -0.132264E-05
 8.18883   -0.113245E-04    0.138486E-04   -0.125744E-05
 8.20685   -0.112529E-04    0.137740E-04   -0.119294E-05
 8.22488   -0.111820E-04    0.136999E-04   -0.112916E-05
 8.24291   -0.111116E-04    0.136264E-04   -0.106609E-05
 8.26093   -0.110419E-04    0.135533E-04   -0.100371E-05
 8.27896   -0.109727E-04    0.134807E-04   -0.942032E-06
 8.29698   -0.109041E-04    0.134086E-04   -0.881022E-06
 8.31501   -0.108360E-04    0.133370E-04   -0.820688E-06
 8.33304   -0.107685E-04    0.132659E-04   -0.761025E-06
 8.35106   -0.107016E-04    0.131953E-04   -0.702025E-06
 8.36909   -0.106351E-04    0.131251E-04   -0.643664E-06
 8.38711   -0.105692E-04    0.130554E-04   -0.585944E-06
 8.40514   -0.105039E-04    0.129862E-04   -0.528869E-06
 8.42317   -0.104390E-04    0.129174E-04   -0.472438E-06
 8.44119   -0.103746E-04    0.128491E-04   -0.416605E-06
 8.45922   -0.103107E-04    0.127812E-04   -0.361410E-06
 8.47724   -0.102473E-04    0.127137E-04   -0.306772E-06
 8.49527   -0.101844E-04    0.126467E-04   -0.252778E-06
 8.51330   -0.101220E-04    0.125801E-04   -0.199376E-06
 8.53132   -0.100600E-04    0.125140E-04   -0.146551E-06
 8.54935   -0.999845E-05    0.124482E-04   -0.943019E-07
 8.56737   -0.993736E-05    0.123829E-04   -0.426275E-07
 8.58540   -0.987672E-05    0.123180E-04    0.847797E-08
 8.60343   -0.981651E-05    0.122535E-04    0.590245E-07
 8.62145   -0.975673E-05    0.121894E-04    0.109018E-06
 8.63948   -0.969738E-05    0.121256E-04    0.158454E-06
 8.65751   -0.963846E-05    0.120623E-04    0.207377E-06
 8.67553   -0.957995E-05    0.119994E-04    0.255722E-06
 8.69356   -0.952185E-05    0.119369E-04    0.303562E-06
 8.71158   -0.946417E-05    0.118747E-04    0.350866E-06
 8.72961   -0.940690E-05    0.118130E-04    0.397649E-06
 8.74764   -0.935003E-05    0.117516E-04    0.443901E-06
 8.76566   -0.929357E-05    0.116906E-04    0.489660E-06
 8.78369   -0.923751E-05    0.116300E-04    0.534892E-06
 8.80171   -0.918186E-05    0.115697E-04    0.579616E-06
 8.81974   -0.912660E-05    0.115099E-04    0.623833E-06
 8.83777   -0.907175E-05    0.114504E-04    0.667563E-06
 8.85579   -0.901729E-05    0.113913E-04    0.710785E-06
 8.87382   -0.896323E-05    0.113325E-04    0.753528E-06
 8.89184   -0.890957E-05    0.112741E-04    0.795773E-06
 8.90987   -0.885631E-05    0.112161E-04    0.837544E-06
 8.92790   -0.880344E-05    0.111585E-04    0.878825E-06
 8.94592   -0.875097E-05    0.111012E-04    0.919650E-06
 8.96395   -0.869890E-05    0.110443E-04    0.959987E-06
 8.98197   -0.864722E-05    0.109878E-04    0.999864E-06
 9.00000   -0.859594E-05    0.109316E-04    0.103926E-05
