 0.00500    0.440472E-02   -0.232995E-02    0.189236E-02
 0.02303    0.357707E-02   -0.191608E-02    0.158178E-02
 0.04105    0.309704E-02   -0.167589E-02    0.140138E-02
 0.05908    0.274962E-02   -0.150195E-02    0.127053E-02
 0.07710    0.247725E-02   -0.136548E-02    0.116769E-02
 0.09513    0.225422E-02   -0.125363E-02    0.108324E-02
 0.11316    0.206638E-02   -0.115933E-02    0.101188E-02
 0.13118    0.190504E-02   -0.107825E-02    0.950378E-03
 0.14921    0.176444E-02   -0.100750E-02    0.896571E-03
 0.16723    0.164049E-02   -0.945040E-03    0.848945E-03
 0.18526    0.153023E-02   -0.889411E-03    0.806394E-03
 0.20329    0.143139E-02   -0.839489E-03    0.768078E-03
 0.22131    0.134225E-02   -0.794378E-03    0.733351E-03
 0.23934    0.126141E-02   -0.753402E-03    0.701698E-03
 0.25736    0.118776E-02   -0.716006E-03    0.672706E-03
 0.27539    0.112038E-02   -0.681734E-03    0.646037E-03
 0.29342    0.105852E-02   -0.650208E-03    0.621411E-03
 0.31144    0.100154E-02   -0.621113E-03    0.598591E-03
 0.32947    0.948908E-03   -0.594181E-03    0.577380E-03
 0.34749    0.900158E-03   -0.569183E-03    0.557608E-03
 0.36552    0.854896E-03   -0.545923E-03    0.539130E-03
 0.38355    0.812779E-03   -0.524229E-03    0.521818E-03
 0.40157    0.773508E-03   -0.503954E-03    0.505562E-03
 0.41960    0.736823E-03   -0.484962E-03    0.490267E-03
 0.43763    0.702492E-03   -0.467149E-03    0.475848E-03
 0.45565    0.670311E-03   -0.450408E-03    0.462228E-03
 0.47368    0.640100E-03   -0.434650E-03    0.449342E-03
 0.49170    0.611696E-03   -0.419793E-03    0.437131E-03
 0.50973    0.584955E-03   -0.405766E-03    0.425540E-03
 0.52776    0.559746E-03   -0.392505E-03    0.414523E-03
 0.54578    0.535954E-03   -0.379951E-03    0.404035E-03
 0.56381    0.513471E-03   -0.368055E-03    0.394039E-03
 0.58183    0.492204E-03   -0.356764E-03    0.384499E-03
 0.59986    0.472065E-03   -0.346037E-03    0.375384E-03
 0.61789    0.452975E-03   -0.335835E-03    0.366664E-03
 0.63591    0.434862E-03   -0.326123E-03    0.358313E-03
 0.65394    0.417660E-03   -0.316867E-03    0.350307E-03
 0.67196    0.401311E-03   -0.308039E-03    0.342624E-03
 0.68999    0.385758E-03   -0.299611E-03    0.335244E-03
 0.70802    0.370951E-03   -0.291558E-03    0.328147E-03
 0.72604    0.356844E-03   -0.283856E-03    0.321317E-03
 0.74407    0.343392E-03   -0.276485E-03    0.314738E-03
 0.76209    0.330559E-03   -0.269424E-03    0.308396E-03
 0.78012    0.318305E-03   -0.262656E-03    0.302277E-03
 0.79815    0.306599E-03   -0.256163E-03    0.296369E-03
 0.81617    0.295407E-03   -0.249931E-03    0.290660E-03
 0.83420    0.284702E-03   -0.243945E-03    0.285139E-03
 0.85222    0.274457E-03   -0.238190E-03    0.279796E-03
 0.87025    0.264646E-03   -0.232656E-03    0.274623E-03
 0.88828    0.255245E-03   -0.227330E-03    0.269610E-03
 0.90630    0.246234E-03   -0.222201E-03    0.264750E-03
 0.92433    0.237592E-03   -0.217260E-03    0.260035E-03
 0.94235    0.229299E-03   -0.212497E-03    0.255458E-03
 0.96038    0.221336E-03   -0.207902E-03    0.251012E-03
 0.97841    0.213691E-03   -0.203469E-03    0.246692E-03
 0.99643    0.206347E-03   -0.199188E-03    0.242490E-03
 1.01446    0.199285E-03   -0.195052E-03    0.238403E-03
 1.03248    0.192495E-03   -0.191056E-03    0.234425E-03
 1.05051    0.185965E-03   -0.187192E-03    0.230551E-03
 1.06854    0.179680E-03   -0.183454E-03    0.226776E-03
 1.08656    0.173630E-03   -0.179836E-03    0.223097E-03
 1.10459    0.167805E-03   -0.176334E-03    0.219509E-03
 1.12262    0.162193E-03   -0.172942E-03    0.216006E-03
 1.14064    0.156786E-03   -0.169656E-03    0.212590E-03
 1.15867    0.151574E-03   -0.166470E-03    0.209254E-03
 1.17669    0.146548E-03   -0.163381E-03    0.205996E-03
 1.19472    0.141702E-03   -0.160384E-03    0.202812E-03
 1.21275    0.137026E-03   -0.157476E-03    0.199700E-03
 1.23077    0.132513E-03   -0.154653E-03    0.196656E-03
 1.24880    0.128158E-03   -0.151911E-03    0.193679E-03
 1.26682    0.123953E-03   -0.149248E-03    0.190765E-03
 1.28485    0.119892E-03   -0.146661E-03    0.187913E-03
 1.30288    0.115969E-03   -0.144145E-03    0.185121E-03
 1.32090    0.112179E-03   -0.141699E-03    0.182385E-03
 1.33893    0.108516E-03   -0.139320E-03    0.179705E-03
 1.35695    0.104975E-03   -0.137005E-03    0.177077E-03
 1.37498    0.101553E-03   -0.134751E-03    0.174502E-03
 1.39301    0.982422E-04   -0.132558E-03    0.171976E-03
 1.41103    0.950415E-04   -0.130422E-03    0.169498E-03
 1.42906    0.919442E-04   -0.128341E-03    0.167067E-03
 1.44708    0.889475E-04   -0.126313E-03    0.164680E-03
 1.46511    0.860474E-04   -0.124337E-03    0.162337E-03
 1.48314    0.832405E-04   -0.122411E-03    0.160037E-03
 1.50116    0.805232E-04   -0.120532E-03    0.157777E-03
 1.51919    0.778925E-04   -0.118700E-03    0.155558E-03
 1.53721    0.753450E-04   -0.116912E-03    0.153376E-03
 1.55524    0.728780E-04   -0.115168E-03    0.151235E-03
 1.57327    0.704884E-04   -0.113465E-03    0.149125E-03
 1.59129    0.681737E-04   -0.111803E-03    0.147052E-03
 1.60932    0.659312E-04   -0.110180E-03    0.145016E-03
 1.62734    0.637585E-04   -0.108594E-03    0.143009E-03
 1.64537    0.616532E-04   -0.107045E-03    0.141037E-03
 1.66340    0.596130E-04   -0.105532E-03    0.139096E-03
 1.68142    0.576358E-04   -0.104053E-03    0.137186E-03
 1.69945    0.557195E-04   -0.102607E-03    0.135306E-03
 1.71747    0.538623E-04   -0.101194E-03    0.133455E-03
 1.73550    0.520621E-04   -0.998120E-04    0.131632E-03
 1.75353    0.503174E-04   -0.984605E-04    0.129838E-03
 1.77155    0.486263E-04   -0.971387E-04    0.128072E-03
 1.78958    0.469872E-04   -0.958457E-04    0.126331E-03
 1.80761    0.453986E-04   -0.945806E-04    0.124615E-03
 1.82563    0.438591E-04   -0.933429E-04    0.122925E-03
 1.84366    0.423672E-04   -0.921317E-04    0.121260E-03
 1.86168    0.409217E-04   -0.909464E-04    0.119619E-03
 1.87971    0.395211E-04   -0.897862E-04    0.118002E-03
 1.89774    0.381645E-04   -0.886507E-04    0.116407E-03
 1.91576    0.368506E-04   -0.875392E-04    0.114836E-03
 1.93379    0.355783E-04   -0.864512E-04    0.113287E-03
 1.95181    0.343466E-04   -0.853860E-04    0.111760E-03
 1.96984    0.331546E-04   -0.843433E-04    0.110255E-03
 1.98787    0.320012E-04   -0.833225E-04    0.108771E-03
 2.00589    0.308856E-04   -0.823231E-04    0.107307E-03
 2.02392    0.298069E-04   -0.813448E-04    0.105864E-03
 2.04194    0.287644E-04   -0.803870E-04    0.104441E-03
 2.05997    0.277571E-04   -0.794493E-04    0.103038E-03
 2.07800    0.267843E-04   -0.785315E-04    0.101655E-03
 2.09602    0.258454E-04   -0.776329E-04    0.100290E-03
 2.11405    0.249395E-04   -0.767534E-04    0.989446E-04
 2.13207    0.240659E-04   -0.758926E-04    0.976175E-04
 2.15010    0.232239E-04   -0.750499E-04    0.963086E-04
 2.16813    0.224128E-04   -0.742250E-04    0.950178E-04
 2.18615    0.216319E-04   -0.734176E-04    0.937445E-04
 2.20418    0.208803E-04   -0.726272E-04    0.924886E-04
 2.22220    0.201575E-04   -0.718535E-04    0.912497E-04
 2.24023    0.194626E-04   -0.710961E-04    0.900275E-04
 2.25826    0.187948E-04   -0.703546E-04    0.888217E-04
 2.27628    0.181534E-04   -0.696286E-04    0.876318E-04
 2.29431    0.175374E-04   -0.689175E-04    0.864577E-04
 2.31233    0.169461E-04   -0.682210E-04    0.852989E-04
 2.33036    0.163785E-04   -0.675386E-04    0.841551E-04
 2.34839    0.158337E-04   -0.668699E-04    0.830258E-04
 2.36641    0.153108E-04   -0.662142E-04    0.819107E-04
 2.38444    0.148087E-04   -0.655710E-04    0.808094E-04
 2.40246    0.143263E-04   -0.649401E-04    0.797213E-04
 2.42049    0.138627E-04   -0.643193E-04    0.786462E-04
 2.43852    0.134168E-04   -0.637121E-04    0.775835E-04
 2.45654    0.129874E-04   -0.631139E-04    0.765328E-04
 2.47457    0.125733E-04   -0.625255E-04    0.754936E-04
 2.49260    0.121735E-04   -0.619462E-04    0.744654E-04
 2.51062    0.117866E-04   -0.613755E-04    0.734478E-04
 2.52865    0.114114E-04   -0.608127E-04    0.724403E-04
 2.54667    0.110469E-04   -0.602572E-04    0.714423E-04
 2.56470    0.106916E-04   -0.597083E-04    0.704534E-04
 2.58273    0.103444E-04   -0.591655E-04    0.694730E-04
 2.60075    0.100041E-04   -0.586281E-04    0.685007E-04
 2.61878    0.966937E-05   -0.580954E-04    0.675360E-04
 2.63680    0.933910E-05   -0.575669E-04    0.665783E-04
 2.65483    0.901207E-05   -0.570419E-04    0.656273E-04
 2.67286    0.868711E-05   -0.565199E-04    0.646824E-04
 2.69088    0.836311E-05   -0.560000E-04    0.637432E-04
 2.70891    0.803895E-05   -0.554822E-04    0.628092E-04
 2.72693    0.771365E-05   -0.549655E-04    0.618801E-04
 2.74496    0.738614E-05   -0.544497E-04    0.609553E-04
 2.76299    0.705551E-05   -0.539341E-04    0.600346E-04
 2.78101    0.672083E-05   -0.534184E-04    0.591176E-04
 2.79904    0.638131E-05   -0.529019E-04    0.582039E-04
 2.81706    0.603615E-05   -0.523845E-04    0.572932E-04
 2.83509    0.568465E-05   -0.518658E-04    0.563853E-04
 2.85312    0.532622E-05   -0.513453E-04    0.554799E-04
 2.87114    0.496029E-05   -0.508229E-04    0.545768E-04
 2.88917    0.458640E-05   -0.502983E-04    0.536757E-04
 2.90719    0.420414E-05   -0.497711E-04    0.527765E-04
 2.92522    0.381321E-05   -0.492415E-04    0.518792E-04
 2.94325    0.341337E-05   -0.487091E-04    0.509835E-04
 2.96127    0.300449E-05   -0.481740E-04    0.500895E-04
 2.97930    0.258650E-05   -0.476361E-04    0.491971E-04
 2.99732    0.215942E-05   -0.470953E-04    0.483062E-04
 3.01535    0.172334E-05   -0.465518E-04    0.474170E-04
 3.03338    0.127846E-05   -0.460056E-04    0.465296E-04
 3.05140    0.825034E-06   -0.454568E-04    0.456439E-04
 3.06943    0.363402E-06   -0.449057E-04    0.447602E-04
 3.08745   -0.106032E-06   -0.443524E-04    0.438785E-04
 3.10548   -0.582796E-06   -0.437972E-04    0.429991E-04
 3.12351   -0.106636E-05   -0.432403E-04    0.421222E-04
 3.14153   -0.155613E-05   -0.426821E-04    0.412480E-04
 3.15956   -0.205147E-05   -0.421228E-04    0.403769E-04
 3.17759   -0.255166E-05   -0.415628E-04    0.395089E-04
 3.19561   -0.305594E-05   -0.410026E-04    0.386444E-04
 3.21364   -0.356351E-05   -0.404424E-04    0.377838E-04
 3.23166   -0.407356E-05   -0.398827E-04    0.369273E-04
 3.24969   -0.458527E-05   -0.393240E-04    0.360753E-04
 3.26772   -0.509777E-05   -0.387666E-04    0.352281E-04
 3.28574   -0.561022E-05   -0.382110E-04    0.343861E-04
 3.30377   -0.612172E-05   -0.376576E-04    0.335495E-04
 3.32179   -0.663140E-05   -0.371070E-04    0.327187E-04
 3.33982   -0.713837E-05   -0.365595E-04    0.318941E-04
 3.35785   -0.764176E-05   -0.360155E-04    0.310760E-04
 3.37587   -0.814072E-05   -0.354755E-04    0.302647E-04
 3.39390   -0.863442E-05   -0.349400E-04    0.294606E-04
 3.41192   -0.912208E-05   -0.344092E-04    0.286639E-04
 3.42995   -0.960294E-05   -0.338836E-04    0.278747E-04
 3.44798   -0.100763E-04   -0.333636E-04    0.270938E-04
 3.46600   -0.105414E-04   -0.328495E-04    0.263211E-04
 3.48403   -0.109976E-04   -0.323417E-04    0.255569E-04
 3.50205   -0.114443E-04   -0.318403E-04    0.248015E-04
 3.52008   -0.118810E-04   -0.313458E-04    0.240551E-04
 3.53811   -0.123072E-04   -0.308584E-04    0.233178E-04
 3.55613   -0.127224E-04   -0.303783E-04    0.225898E-04
 3.57416   -0.131261E-04   -0.299056E-04    0.218713E-04
 3.59218   -0.135180E-04   -0.294407E-04    0.211624E-04
 3.61021   -0.138978E-04   -0.289836E-04    0.204633E-04
 3.62824   -0.142652E-04   -0.285345E-04    0.197740E-04
 3.64626   -0.146201E-04   -0.280935E-04    0.190945E-04
 3.66429   -0.149622E-04   -0.276607E-04    0.184250E-04
 3.68231   -0.152915E-04   -0.272361E-04    0.177655E-04
 3.70034   -0.156076E-04   -0.268198E-04    0.171160E-04
 3.71837   -0.159109E-04   -0.264118E-04    0.164765E-04
 3.73639   -0.162011E-04   -0.260120E-04    0.158470E-04
 3.75442   -0.164784E-04   -0.256205E-04    0.152274E-04
 3.77244   -0.167428E-04   -0.252373E-04    0.146177E-04
 3.79047   -0.169941E-04   -0.248622E-04    0.140180E-04
 3.80850   -0.172330E-04   -0.244952E-04    0.134280E-04
 3.82652   -0.174594E-04   -0.241362E-04    0.128477E-04
 3.84455   -0.176734E-04   -0.237851E-04    0.122771E-04
 3.86258   -0.178753E-04   -0.234418E-04    0.117160E-04
 3.88060   -0.180654E-04   -0.231063E-04    0.111643E-04
 3.89863   -0.182438E-04   -0.227782E-04    0.106220E-04
 3.91665   -0.184107E-04   -0.224576E-04    0.100888E-04
 3.93468   -0.185666E-04   -0.221442E-04    0.956469E-05
 3.95271   -0.187117E-04   -0.218380E-04    0.904948E-05
 3.97073   -0.188462E-04   -0.215388E-04    0.854304E-05
 3.98876   -0.189705E-04   -0.212463E-04    0.804531E-05
 4.00678   -0.190848E-04   -0.209605E-04    0.755608E-05
 4.02481   -0.191894E-04   -0.206812E-04    0.707522E-05
 4.04284   -0.192848E-04   -0.204083E-04    0.660257E-05
 4.06086   -0.193711E-04   -0.201415E-04    0.613800E-05
 4.07889   -0.194488E-04   -0.198806E-04    0.568137E-05
 4.09691   -0.195181E-04   -0.196256E-04    0.523253E-05
 4.11494   -0.195794E-04   -0.193763E-04    0.479131E-05
 4.13297   -0.196329E-04   -0.191324E-04    0.435759E-05
 4.15099   -0.196789E-04   -0.188939E-04    0.393121E-05
 4.16902   -0.197178E-04   -0.186606E-04    0.351203E-05
 4.18704   -0.197499E-04   -0.184322E-04    0.309991E-05
 4.20507   -0.197753E-04   -0.182088E-04    0.269471E-05
 4.22310   -0.197945E-04   -0.179900E-04    0.229630E-05
 4.24112   -0.198076E-04   -0.177758E-04    0.190452E-05
 4.25915   -0.198150E-04   -0.175660E-04    0.151926E-05
 4.27717   -0.198170E-04   -0.173605E-04    0.114038E-05
 4.29520   -0.198137E-04   -0.171592E-04    0.767762E-06
 4.31323   -0.198056E-04   -0.169618E-04    0.401280E-06
 4.33125   -0.197926E-04   -0.167684E-04    0.407948E-07
 4.34928   -0.197751E-04   -0.165787E-04   -0.313811E-06
 4.36730   -0.197533E-04   -0.163926E-04   -0.662651E-06
 4.38533   -0.197274E-04   -0.162100E-04   -0.100584E-05
 4.40336   -0.196976E-04   -0.160308E-04   -0.134347E-05
 4.42138   -0.196642E-04   -0.158549E-04   -0.167567E-05
 4.43941   -0.196273E-04   -0.156822E-04   -0.200253E-05
 4.45743   -0.195871E-04   -0.155126E-04   -0.232416E-05
 4.47546   -0.195438E-04   -0.153459E-04   -0.264066E-05
 4.49349   -0.194976E-04   -0.151822E-04   -0.295212E-05
 4.51151   -0.194486E-04   -0.150212E-04   -0.325864E-05
 4.52954   -0.193970E-04   -0.148629E-04   -0.356031E-05
 4.54757   -0.193429E-04   -0.147072E-04   -0.385722E-05
 4.56559   -0.192865E-04   -0.145541E-04   -0.414945E-05
 4.58362   -0.192278E-04   -0.144034E-04   -0.443711E-05
 4.60164   -0.191672E-04   -0.142551E-04   -0.472026E-05
 4.61967   -0.191046E-04   -0.141091E-04   -0.499899E-05
 4.63770   -0.190402E-04   -0.139654E-04   -0.527337E-05
 4.65572   -0.189741E-04   -0.138238E-04   -0.554348E-05
 4.67375   -0.189064E-04   -0.136843E-04   -0.580940E-05
 4.69177   -0.188372E-04   -0.135469E-04   -0.607119E-05
 4.70980   -0.187667E-04   -0.134114E-04   -0.632893E-05
 4.72783   -0.186948E-04   -0.132779E-04   -0.658267E-05
 4.74585   -0.186218E-04   -0.131462E-04   -0.683250E-05
 4.76388   -0.185476E-04   -0.130164E-04   -0.707846E-05
 4.78190   -0.184725E-04   -0.128883E-04   -0.732062E-05
 4.79993   -0.183963E-04   -0.127619E-04   -0.755903E-05
 4.81796   -0.183193E-04   -0.126373E-04   -0.779375E-05
 4.83598   -0.182415E-04   -0.125142E-04   -0.802484E-05
 4.85401   -0.181630E-04   -0.123927E-04   -0.825235E-05
 4.87203   -0.180838E-04   -0.122728E-04   -0.847634E-05
 4.89006   -0.180039E-04   -0.121543E-04   -0.869684E-05
 4.90809   -0.179235E-04   -0.120374E-04   -0.891393E-05
 4.92611   -0.178427E-04   -0.119218E-04   -0.912764E-05
 4.94414   -0.177613E-04   -0.118077E-04   -0.933802E-05
 4.96216   -0.176796E-04   -0.116949E-04   -0.954512E-05
 4.98019   -0.175975E-04   -0.115834E-04   -0.974899E-05
 4.99822   -0.175152E-04   -0.114732E-04   -0.994967E-05
 5.01624   -0.174325E-04   -0.113643E-04   -0.101472E-04
 5.03427   -0.173496E-04   -0.112566E-04   -0.103417E-04
 5.05229   -0.172666E-04   -0.111501E-04   -0.105330E-04
 5.07032   -0.171834E-04   -0.110448E-04   -0.107214E-04
 5.08835   -0.171001E-04   -0.109407E-04   -0.109069E-04
 5.10637   -0.170167E-04   -0.108376E-04   -0.110894E-04
 5.12440   -0.169333E-04   -0.107357E-04   -0.112690E-04
 5.14242   -0.168499E-04   -0.106349E-04   -0.114458E-04
 5.16045   -0.167664E-04   -0.105351E-04   -0.116198E-04
 5.17848   -0.166830E-04   -0.104364E-04   -0.117910E-04
 5.19650   -0.165997E-04   -0.103387E-04   -0.119595E-04
 5.21453   -0.165164E-04   -0.102419E-04   -0.121253E-04
 5.23256   -0.164332E-04   -0.101462E-04   -0.122885E-04
 5.25058   -0.163502E-04   -0.100514E-04   -0.124490E-04
 5.26861   -0.162673E-04   -0.995755E-05   -0.126070E-04
 5.28663   -0.161846E-04   -0.986464E-05   -0.127624E-04
 5.30466   -0.161020E-04   -0.977263E-05   -0.129153E-04
 5.32269   -0.160196E-04   -0.968152E-05   -0.130657E-04
 5.34071   -0.159375E-04   -0.959128E-05   -0.132136E-04
 5.35874   -0.158556E-04   -0.950192E-05   -0.133591E-04
 5.37676   -0.157739E-04   -0.941340E-05   -0.135021E-04
 5.39479   -0.156924E-04   -0.932571E-05   -0.136428E-04
 5.41282   -0.156113E-04   -0.923886E-05   -0.137812E-04
 5.43084   -0.155303E-04   -0.915281E-05   -0.139172E-04
 5.44887   -0.154497E-04   -0.906755E-05   -0.140509E-04
 5.46689   -0.153694E-04   -0.898309E-05   -0.141823E-04
 5.48492   -0.152894E-04   -0.889939E-05   -0.143115E-04
 5.50295   -0.152096E-04   -0.881646E-05   -0.144384E-04
 5.52097   -0.151302E-04   -0.873428E-05   -0.145632E-04
 5.53900   -0.150511E-04   -0.865284E-05   -0.146857E-04
 5.55702   -0.149724E-04   -0.857213E-05   -0.148062E-04
 5.57505   -0.148940E-04   -0.849213E-05   -0.149245E-04
 5.59308   -0.148159E-04   -0.841285E-05   -0.150406E-04
 5.61110   -0.147382E-04   -0.833427E-05   -0.151548E-04
 5.62913   -0.146609E-04   -0.825638E-05   -0.152668E-04
 5.64715   -0.145839E-04   -0.817917E-05   -0.153768E-04
 5.66518   -0.145072E-04   -0.810264E-05   -0.154848E-04
 5.68321   -0.144310E-04   -0.802677E-05   -0.155908E-04
 5.70123   -0.143551E-04   -0.795156E-05   -0.156949E-04
 5.71926   -0.142796E-04   -0.787700E-05   -0.157970E-04
 5.73728   -0.142045E-04   -0.780288E-05   -0.158972E-04
 5.75531   -0.141297E-04   -0.772977E-05   -0.159954E-04
 5.77334   -0.140554E-04   -0.765710E-05   -0.160918E-04
 5.79136   -0.139814E-04   -0.758505E-05   -0.161864E-04
 5.80939   -0.139078E-04   -0.751360E-05   -0.162791E-04
 5.82741   -0.138347E-04   -0.744276E-05   -0.163700E-04
 5.84544   -0.137619E-04   -0.737251E-05   -0.164591E-04
 5.86347   -0.136895E-04   -0.730285E-05   -0.165464E-04
 5.88149   -0.136175E-04   -0.723377E-05   -0.166320E-04
 5.89952   -0.135459E-04   -0.716526E-05   -0.167159E-04
 5.91755   -0.134747E-04   -0.709734E-05   -0.167980E-04
 5.93557   -0.134039E-04   -0.702997E-05   -0.168785E-04
 5.95360   -0.133335E-04   -0.696315E-05   -0.169572E-04
 5.97162   -0.132635E-04   -0.689689E-05   -0.170344E-04
 5.98965   -0.131940E-04   -0.683117E-05   -0.171099E-04
 6.00768   -0.131248E-04   -0.676600E-05   -0.171837E-04
 6.02570   -0.130560E-04   -0.670136E-05   -0.172560E-04
 6.04373   -0.129876E-04   -0.663725E-05   -0.173268E-04
 6.06175   -0.129196E-04   -0.657367E-05   -0.173958E-04
 6.07978   -0.128520E-04   -0.651061E-05   -0.174634E-04
 6.09781   -0.127848E-04   -0.644806E-05   -0.175295E-04
 6.11583   -0.127180E-04   -0.638603E-05   -0.175940E-04
 6.13386   -0.126515E-04   -0.632450E-05   -0.176571E-04
 6.15188   -0.125855E-04   -0.626348E-05   -0.177186E-04
 6.16991   -0.125198E-04   -0.620296E-05   -0.177788E-04
 6.18794   -0.124545E-04   -0.614293E-05   -0.178374E-04
 6.20596   -0.123896E-04   -0.608339E-05   -0.178946E-04
 6.22399   -0.123251E-04   -0.602435E-05   -0.179504E-04
 6.24201   -0.122610E-04   -0.596578E-05   -0.180048E-04
 6.26004   -0.121972E-04   -0.590770E-05   -0.180579E-04
 6.27807   -0.121338E-04   -0.585010E-05   -0.181095E-04
 6.29609   -0.120707E-04   -0.579297E-05   -0.181598E-04
 6.31412   -0.120080E-04   -0.573631E-05   -0.182087E-04
 6.33214   -0.119457E-04   -0.568012E-05   -0.182563E-04
 6.35017   -0.118837E-04   -0.562439E-05   -0.183026E-04
 6.36820   -0.118220E-04   -0.556912E-05   -0.183476E-04
 6.38622   -0.117608E-04   -0.551431E-05   -0.183914E-04
 6.40425   -0.116998E-04   -0.545996E-05   -0.184338E-04
 6.42227   -0.116392E-04   -0.540606E-05   -0.184750E-04
 6.44030   -0.115789E-04   -0.535262E-05   -0.185149E-04
 6.45833   -0.115190E-04   -0.529960E-05   -0.185536E-04
 6.47635   -0.114593E-04   -0.524704E-05   -0.185911E-04
 6.49438   -0.114001E-04   -0.519492E-05   -0.186274E-04
 6.51240   -0.113411E-04   -0.514324E-05   -0.186625E-04
 6.53043   -0.112824E-04   -0.509199E-05   -0.186964E-04
 6.54846   -0.112241E-04   -0.504117E-05   -0.187292E-04
 6.56648   -0.111661E-04   -0.499077E-05   -0.187608E-04
 6.58451   -0.111084E-04   -0.494081E-05   -0.187913E-04
 6.60254   -0.110510E-04   -0.489126E-05   -0.188206E-04
 6.62056   -0.109939E-04   -0.484213E-05   -0.188489E-04
 6.63859   -0.109371E-04   -0.479342E-05   -0.188760E-04
 6.65661   -0.108806E-04   -0.474512E-05   -0.189021E-04
 6.67464   -0.108244E-04   -0.469722E-05   -0.189271E-04
 6.69267   -0.107685E-04   -0.464973E-05   -0.189510E-04
 6.71069   -0.107129E-04   -0.460264E-05   -0.189739E-04
 6.72872   -0.106577E-04   -0.455589E-05   -0.189957E-04
 6.74674   -0.106027E-04   -0.450964E-05   -0.190165E-04
 6.76477   -0.105480E-04   -0.446373E-05   -0.190363E-04
 6.78280   -0.104936E-04   -0.441820E-05   -0.190552E-04
 6.80082   -0.104394E-04   -0.437306E-05   -0.190730E-04
 6.81885   -0.103856E-04   -0.432830E-05   -0.190899E-04
 6.83687   -0.103321E-04   -0.428391E-05   -0.191058E-04
 6.85490   -0.102789E-04   -0.423990E-05   -0.191207E-04
 6.87293   -0.102259E-04   -0.419625E-05   -0.191348E-04
 6.89095   -0.101733E-04   -0.415297E-05   -0.191479E-04
 6.90898   -0.101209E-04   -0.411005E-05   -0.191601E-04
 6.92700   -0.100688E-04   -0.406748E-05   -0.191714E-04
 6.94503   -0.100170E-04   -0.402528E-05   -0.191818E-04
 6.96306   -0.996550E-05   -0.398342E-05   -0.191913E-04
 6.98108   -0.991428E-05   -0.394191E-05   -0.191999E-04
 6.99911   -0.986335E-05   -0.390074E-05   -0.192077E-04
 7.01713   -0.981270E-05   -0.385991E-05   -0.192147E-04
 7.03516   -0.976234E-05   -0.381942E-05   -0.192208E-04
 7.05319   -0.971227E-05   -0.377926E-05   -0.192262E-04
 7.07121   -0.966248E-05   -0.373943E-05   -0.192307E-04
 7.08924   -0.961297E-05   -0.369992E-05   -0.192344E-04
 7.10726   -0.956375E-05   -0.366074E-05   -0.192373E-04
 7.12529   -0.951482E-05   -0.362188E-05   -0.192394E-04
 7.14332   -0.946617E-05   -0.358333E-05   -0.192408E-04
 7.16134   -0.941780E-05   -0.354509E-05   -0.192414E-04
 7.17937   -0.936972E-05   -0.350717E-05   -0.192413E-04
 7.19739   -0.932191E-05   -0.346955E-05   -0.192404E-04
 7.21542   -0.927440E-05   -0.343223E-05   -0.192388E-04
 7.23345   -0.922716E-05   -0.339522E-05   -0.192365E-04
 7.25147   -0.918021E-05   -0.335850E-05   -0.192335E-04
 7.26950   -0.913353E-05   -0.332207E-05   -0.192297E-04
 7.28753   -0.908713E-05   -0.328592E-05   -0.192253E-04
 7.30555   -0.904101E-05   -0.325008E-05   -0.192203E-04
 7.32358   -0.899517E-05   -0.321452E-05   -0.192145E-04
 7.34160   -0.894960E-05   -0.317924E-05   -0.192081E-04
 7.35963   -0.890431E-05   -0.314425E-05   -0.192010E-04
 7.37766   -0.885930E-05   -0.310953E-05   -0.191933E-04
 7.39568   -0.881455E-05   -0.307509E-05   -0.191850E-04
 7.41371   -0.877008E-05   -0.304092E-05   -0.191760E-04
 7.43173   -0.872588E-05   -0.300702E-05   -0.191665E-04
 7.44976   -0.868195E-05   -0.297339E-05   -0.191563E-04
 7.46779   -0.863829E-05   -0.294002E-05   -0.191455E-04
 7.48581   -0.859490E-05   -0.290691E-05   -0.191341E-04
 7.50384   -0.855178E-05   -0.287407E-05   -0.191222E-04
 7.52186   -0.850892E-05   -0.284148E-05   -0.191097E-04
 7.53989   -0.846632E-05   -0.280915E-05   -0.190966E-04
 7.55792   -0.842399E-05   -0.277707E-05   -0.190829E-04
 7.57594   -0.838192E-05   -0.274525E-05   -0.190688E-04
 7.59397   -0.834011E-05   -0.271367E-05   -0.190540E-04
 7.61199   -0.829857E-05   -0.268233E-05   -0.190388E-04
 7.63002   -0.825728E-05   -0.265125E-05   -0.190230E-04
 7.64805   -0.821625E-05   -0.262040E-05   -0.190067E-04
 7.66607   -0.817547E-05   -0.258980E-05   -0.189898E-04
 7.68410   -0.813495E-05   -0.255943E-05   -0.189725E-04
 7.70212   -0.809469E-05   -0.252929E-05   -0.189547E-04
 7.72015   -0.805468E-05   -0.249939E-05   -0.189364E-04
 7.73818   -0.801492E-05   -0.246972E-05   -0.189173E-04
 7.75620   -0.797541E-05   -0.244028E-05   -0.188981E-04
 7.77423   -0.793615E-05   -0.241107E-05   -0.188784E-04
 7.79225   -0.789714E-05   -0.238208E-05   -0.188582E-04
 7.81028   -0.785837E-05   -0.235331E-05   -0.188375E-04
 7.82831   -0.781985E-05   -0.232477E-05   -0.188164E-04
 7.84633   -0.778158E-05   -0.229645E-05   -0.187949E-04
 7.86436   -0.774354E-05   -0.226834E-05   -0.187730E-04
 7.88238   -0.770575E-05   -0.224046E-05   -0.187506E-04
 7.90041   -0.766820E-05   -0.221278E-05   -0.187278E-04
 7.91844   -0.763089E-05   -0.218532E-05   -0.187046E-04
 7.93646   -0.759381E-05   -0.215807E-05   -0.186809E-04
 7.95449   -0.755696E-05   -0.213103E-05   -0.186569E-04
 7.97252   -0.752036E-05   -0.210419E-05   -0.186325E-04
 7.99054   -0.748398E-05   -0.207756E-05   -0.186077E-04
 8.00857   -0.744783E-05   -0.205114E-05   -0.185825E-04
 8.02659   -0.741192E-05   -0.202492E-05   -0.185569E-04
 8.04462   -0.737623E-05   -0.199889E-05   -0.185310E-04
 8.06265   -0.734077E-05   -0.197307E-05   -0.185047E-04
 8.08067   -0.730553E-05   -0.194745E-05   -0.184780E-04
 8.09870   -0.727051E-05   -0.192202E-05   -0.184510E-04
 8.11672   -0.723572E-05   -0.189679E-05   -0.184237E-04
 8.13475   -0.720115E-05   -0.187175E-05   -0.183960E-04
 8.15278   -0.716679E-05   -0.184691E-05   -0.183679E-04
 8.17080   -0.713266E-05   -0.182225E-05   -0.183396E-04
 8.18883   -0.709873E-05   -0.179778E-05   -0.183109E-04
 8.20685   -0.706502E-05   -0.177351E-05   -0.182819E-04
 8.22488   -0.703153E-05   -0.174941E-05   -0.182525E-04
 8.24291   -0.699824E-05   -0.172551E-05   -0.182229E-04
 8.26093   -0.696517E-05   -0.170178E-05   -0.181929E-04
 8.27896   -0.693230E-05   -0.167824E-05   -0.181627E-04
 8.29698   -0.689964E-05   -0.165488E-05   -0.181321E-04
 8.31501   -0.686718E-05   -0.163171E-05   -0.181013E-04
 8.33304   -0.683492E-05   -0.160871E-05   -0.180702E-04
 8.35106   -0.680287E-05   -0.158588E-05   -0.180388E-04
 8.36909   -0.677101E-05   -0.156324E-05   -0.180071E-04
 8.38711   -0.673936E-05   -0.154076E-05   -0.179752E-04
 8.40514   -0.670790E-05   -0.151846E-05   -0.179430E-04
 8.42317   -0.667664E-05   -0.149634E-05   -0.179105E-04
 8.44119   -0.664557E-05   -0.147438E-05   -0.178778E-04
 8.45922   -0.661469E-05   -0.145260E-05   -0.178448E-04
 8.47724   -0.658401E-05   -0.143098E-05   -0.178115E-04
 8.49527   -0.655351E-05   -0.140953E-05   -0.177783E-04
 8.51330   -0.652320E-05   -0.138825E-05   -0.177446E-04
 8.53132   -0.649308E-05   -0.136713E-05   -0.177107E-04
 8.54935   -0.646315E-05   -0.134618E-05   -0.176765E-04
 8.56737   -0.643339E-05   -0.132539E-05   -0.176421E-04
 8.58540   -0.640382E-05   -0.130476E-05   -0.176075E-04
 8.60343   -0.637443E-05   -0.128430E-05   -0.175726E-04
 8.62145   -0.634522E-05   -0.126400E-05   -0.175376E-04
 8.63948   -0.631618E-05   -0.124385E-05   -0.175023E-04
 8.65751   -0.628732E-05   -0.122386E-05   -0.174668E-04
 8.67553   -0.625864E-05   -0.120402E-05   -0.174311E-04
 8.69356   -0.623013E-05   -0.118434E-05   -0.173953E-04
 8.71158   -0.620179E-05   -0.116482E-05   -0.173592E-04
 8.72961   -0.617362E-05   -0.114546E-05   -0.173229E-04
 8.74764   -0.614562E-05   -0.112624E-05   -0.172865E-04
 8.76566   -0.611779E-05   -0.110717E-05   -0.172498E-04
 8.78369   -0.609012E-05   -0.108826E-05   -0.172130E-04
 8.80171   -0.606262E-05   -0.106949E-05   -0.171760E-04
 8.81974   -0.603528E-05   -0.105088E-05   -0.171389E-04
 8.83777   -0.600810E-05   -0.103241E-05   -0.171015E-04
 8.85579   -0.598108E-05   -0.101409E-05   -0.170640E-04
 8.87382   -0.595422E-05   -0.995913E-06   -0.170264E-04
 8.89184   -0.592752E-05   -0.977882E-06   -0.169886E-04
 8.90987   -0.590098E-05   -0.959994E-06   -0.169506E-04
 8.92790   -0.587459E-05   -0.942251E-06   -0.169125E-04
 8.94592   -0.584835E-05   -0.924649E-06   -0.168742E-04
 8.96395   -0.582227E-05   -0.907189E-06   -0.168358E-04
 8.98197   -0.579634E-05   -0.889869E-06   -0.167972E-04
 9.00000   -0.577056E-05   -0.872687E-06   -0.167585E-04
