 0.00500    0.354089E-02   -0.182717E-02    0.147182E-02
 0.02303    0.291561E-02   -0.151455E-02    0.123732E-02
 0.04105    0.254719E-02   -0.133033E-02    0.109915E-02
 0.05908    0.227801E-02   -0.119573E-02    0.998165E-03
 0.07710    0.206539E-02   -0.108940E-02    0.918382E-03
 0.09513    0.189014E-02   -0.100176E-02    0.852604E-03
 0.11316    0.174170E-02   -0.927521E-03    0.796873E-03
 0.13118    0.161353E-02   -0.863413E-03    0.748732E-03
 0.14921    0.150127E-02   -0.807258E-03    0.706547E-03
 0.16723    0.140185E-02   -0.757521E-03    0.669168E-03
 0.18526    0.131301E-02   -0.713071E-03    0.635747E-03
 0.20329    0.123304E-02   -0.673057E-03    0.605647E-03
 0.22131    0.116062E-02   -0.636812E-03    0.578367E-03
 0.23934    0.109468E-02   -0.603808E-03    0.553511E-03
 0.25736    0.103438E-02   -0.573619E-03    0.530760E-03
 0.27539    0.979008E-03   -0.545896E-03    0.509851E-03
 0.29342    0.927990E-03   -0.520346E-03    0.490565E-03
 0.31144    0.880837E-03   -0.496726E-03    0.472721E-03
 0.32947    0.837132E-03   -0.474829E-03    0.456163E-03
 0.34749    0.796520E-03   -0.454476E-03    0.440757E-03
 0.36552    0.758694E-03   -0.435514E-03    0.426388E-03
 0.38355    0.723389E-03   -0.417812E-03    0.412957E-03
 0.40157    0.690372E-03   -0.401251E-03    0.400377E-03
 0.41960    0.659440E-03   -0.385732E-03    0.388572E-03
 0.43763    0.630412E-03   -0.371162E-03    0.377473E-03
 0.45565    0.603128E-03   -0.357464E-03    0.367022E-03
 0.47368    0.577446E-03   -0.344564E-03    0.357164E-03
 0.49170    0.553238E-03   -0.332400E-03    0.347853E-03
 0.50973    0.530389E-03   -0.320914E-03    0.339044E-03
 0.52776    0.508798E-03   -0.310056E-03    0.330701E-03
 0.54578    0.488372E-03   -0.299778E-03    0.322787E-03
 0.56381    0.469027E-03   -0.290039E-03    0.315273E-03
 0.58183    0.450686E-03   -0.280801E-03    0.308128E-03
 0.59986    0.433280E-03   -0.272028E-03    0.301328E-03
 0.61789    0.416746E-03   -0.263690E-03    0.294848E-03
 0.63591    0.401026E-03   -0.255758E-03    0.288668E-03
 0.65394    0.386066E-03   -0.248204E-03    0.282766E-03
 0.67196    0.371820E-03   -0.241006E-03    0.277126E-03
 0.68999    0.358241E-03   -0.234140E-03    0.271730E-03
 0.70802    0.345289E-03   -0.227586E-03    0.266563E-03
 0.72604    0.332926E-03   -0.221325E-03    0.261612E-03
 0.74407    0.321117E-03   -0.215339E-03    0.256862E-03
 0.76209    0.309829E-03   -0.209613E-03    0.252302E-03
 0.78012    0.299033E-03   -0.204131E-03    0.247921E-03
 0.79815    0.288701E-03   -0.198880E-03    0.243708E-03
 0.81617    0.278807E-03   -0.193847E-03    0.239654E-03
 0.83420    0.269327E-03   -0.189019E-03    0.235751E-03
 0.85222    0.260238E-03   -0.184386E-03    0.231988E-03
 0.87025    0.251521E-03   -0.179937E-03    0.228360E-03
 0.88828    0.243155E-03   -0.175663E-03    0.224858E-03
 0.90630    0.235122E-03   -0.171554E-03    0.221476E-03
 0.92433    0.227406E-03   -0.167602E-03    0.218208E-03
 0.94235    0.219990E-03   -0.163799E-03    0.215048E-03
 0.96038    0.212860E-03   -0.160137E-03    0.211991E-03
 0.97841    0.206001E-03   -0.156610E-03    0.209030E-03
 0.99643    0.199401E-03   -0.153212E-03    0.206162E-03
 1.01446    0.193046E-03   -0.149936E-03    0.203379E-03
 1.03248    0.186927E-03   -0.146774E-03    0.200684E-03
 1.05051    0.181032E-03   -0.143725E-03    0.198067E-03
 1.06854    0.175350E-03   -0.140781E-03    0.195525E-03
 1.08656    0.169872E-03   -0.137937E-03    0.193056E-03
 1.10459    0.164588E-03   -0.135191E-03    0.190656E-03
 1.12262    0.159491E-03   -0.132536E-03    0.188321E-03
 1.14064    0.154572E-03   -0.129969E-03    0.186049E-03
 1.15867    0.149823E-03   -0.127486E-03    0.183837E-03
 1.17669    0.145237E-03   -0.125084E-03    0.181683E-03
 1.19472    0.140808E-03   -0.122758E-03    0.179583E-03
 1.21275    0.136528E-03   -0.120507E-03    0.177536E-03
 1.23077    0.132391E-03   -0.118326E-03    0.175539E-03
 1.24880    0.128392E-03   -0.116214E-03    0.173590E-03
 1.26682    0.124524E-03   -0.114166E-03    0.171687E-03
 1.28485    0.120784E-03   -0.112181E-03    0.169828E-03
 1.30288    0.117165E-03   -0.110255E-03    0.168012E-03
 1.32090    0.113663E-03   -0.108387E-03    0.166236E-03
 1.33893    0.110273E-03   -0.106575E-03    0.164499E-03
 1.35695    0.106991E-03   -0.104816E-03    0.162800E-03
 1.37498    0.103813E-03   -0.103107E-03    0.161136E-03
 1.39301    0.100735E-03   -0.101448E-03    0.159507E-03
 1.41103    0.977522E-04   -0.998363E-04    0.157911E-03
 1.42906    0.948629E-04   -0.982698E-04    0.156348E-03
 1.44708    0.920624E-04   -0.967472E-04    0.154814E-03
 1.46511    0.893479E-04   -0.952667E-04    0.153311E-03
 1.48314    0.867161E-04   -0.938270E-04    0.151836E-03
 1.50116    0.841642E-04   -0.924264E-04    0.150388E-03
 1.51919    0.816892E-04   -0.910636E-04    0.148967E-03
 1.53721    0.792884E-04   -0.897372E-04    0.147571E-03
 1.55524    0.769593E-04   -0.884460E-04    0.146200E-03
 1.57327    0.746994E-04   -0.871887E-04    0.144853E-03
 1.59129    0.725062E-04   -0.859641E-04    0.143528E-03
 1.60932    0.703775E-04   -0.847711E-04    0.142225E-03
 1.62734    0.683111E-04   -0.836086E-04    0.140944E-03
 1.64537    0.663049E-04   -0.824757E-04    0.139684E-03
 1.66340    0.643570E-04   -0.813711E-04    0.138443E-03
 1.68142    0.624653E-04   -0.802942E-04    0.137221E-03
 1.69945    0.606281E-04   -0.792440E-04    0.136019E-03
 1.71747    0.588436E-04   -0.782196E-04    0.134834E-03
 1.73550    0.571101E-04   -0.772201E-04    0.133666E-03
 1.75353    0.554260E-04   -0.762448E-04    0.132516E-03
 1.77155    0.537897E-04   -0.752928E-04    0.131382E-03
 1.78958    0.521998E-04   -0.743636E-04    0.130263E-03
 1.80761    0.506548E-04   -0.734563E-04    0.129160E-03
 1.82563    0.491532E-04   -0.725703E-04    0.128072E-03
 1.84366    0.476940E-04   -0.717050E-04    0.126999E-03
 1.86168    0.462758E-04   -0.708597E-04    0.125939E-03
 1.87971    0.448974E-04   -0.700339E-04    0.124893E-03
 1.89774    0.435577E-04   -0.692269E-04    0.123861E-03
 1.91576    0.422554E-04   -0.684383E-04    0.122841E-03
 1.93379    0.409896E-04   -0.676675E-04    0.121834E-03
 1.95181    0.397594E-04   -0.669141E-04    0.120840E-03
 1.96984    0.385635E-04   -0.661775E-04    0.119857E-03
 1.98787    0.374013E-04   -0.654573E-04    0.118886E-03
 2.00589    0.362718E-04   -0.647531E-04    0.117926E-03
 2.02392    0.351741E-04   -0.640645E-04    0.116977E-03
 2.04194    0.341074E-04   -0.633911E-04    0.116039E-03
 2.05997    0.330710E-04   -0.627325E-04    0.115112E-03
 2.07800    0.320642E-04   -0.620883E-04    0.114195E-03
 2.09602    0.310861E-04   -0.614582E-04    0.113288E-03
 2.11405    0.301363E-04   -0.608419E-04    0.112392E-03
 2.13207    0.292139E-04   -0.602391E-04    0.111505E-03
 2.15010    0.283185E-04   -0.596494E-04    0.110627E-03
 2.16813    0.274493E-04   -0.590726E-04    0.109759E-03
 2.18615    0.266058E-04   -0.585084E-04    0.108900E-03
 2.20418    0.257874E-04   -0.579564E-04    0.108050E-03
 2.22220    0.249936E-04   -0.574167E-04    0.107209E-03
 2.24023    0.242239E-04   -0.568886E-04    0.106377E-03
 2.25826    0.234777E-04   -0.563721E-04    0.105553E-03
 2.27628    0.227546E-04   -0.558669E-04    0.104737E-03
 2.29431    0.220540E-04   -0.553728E-04    0.103930E-03
 2.31233    0.213754E-04   -0.548895E-04    0.103131E-03
 2.33036    0.207183E-04   -0.544168E-04    0.102340E-03
 2.34839    0.200823E-04   -0.539545E-04    0.101556E-03
 2.36641    0.194669E-04   -0.535022E-04    0.100781E-03
 2.38444    0.188714E-04   -0.530599E-04    0.100013E-03
 2.40246    0.182955E-04   -0.526272E-04    0.992517E-04
 2.42049    0.177385E-04   -0.522036E-04    0.984980E-04
 2.43852    0.172000E-04   -0.517893E-04    0.977513E-04
 2.45654    0.166794E-04   -0.513837E-04    0.970114E-04
 2.47457    0.161760E-04   -0.509867E-04    0.962782E-04
 2.49260    0.156894E-04   -0.505979E-04    0.955514E-04
 2.51062    0.152189E-04   -0.502171E-04    0.948309E-04
 2.52865    0.147639E-04   -0.498440E-04    0.941164E-04
 2.54667    0.143237E-04   -0.494781E-04    0.934078E-04
 2.56470    0.138977E-04   -0.491195E-04    0.927047E-04
 2.58273    0.134852E-04   -0.487672E-04    0.920071E-04
 2.60075    0.130855E-04   -0.484214E-04    0.913147E-04
 2.61878    0.126979E-04   -0.480816E-04    0.906273E-04
 2.63680    0.123218E-04   -0.477475E-04    0.899445E-04
 2.65483    0.119563E-04   -0.474187E-04    0.892662E-04
 2.67286    0.116009E-04   -0.470948E-04    0.885921E-04
 2.69088    0.112547E-04   -0.467755E-04    0.879219E-04
 2.70891    0.109170E-04   -0.464604E-04    0.872555E-04
 2.72693    0.105872E-04   -0.461494E-04    0.865926E-04
 2.74496    0.102647E-04   -0.458417E-04    0.859330E-04
 2.76299    0.994858E-05   -0.455374E-04    0.852764E-04
 2.78101    0.963837E-05   -0.452360E-04    0.846226E-04
 2.79904    0.933342E-05   -0.449372E-04    0.839714E-04
 2.81706    0.903315E-05   -0.446408E-04    0.833225E-04
 2.83509    0.873698E-05   -0.443463E-04    0.826762E-04
 2.85312    0.844441E-05   -0.440537E-04    0.820316E-04
 2.87114    0.815496E-05   -0.437626E-04    0.813889E-04
 2.88917    0.786819E-05   -0.434729E-04    0.807480E-04
 2.90719    0.758369E-05   -0.431845E-04    0.801087E-04
 2.92522    0.730113E-05   -0.428968E-04    0.794708E-04
 2.94325    0.702019E-05   -0.426101E-04    0.788345E-04
 2.96127    0.674061E-05   -0.423241E-04    0.781989E-04
 2.97930    0.646216E-05   -0.420387E-04    0.775650E-04
 2.99732    0.618467E-05   -0.417536E-04    0.769323E-04
 3.01535    0.590799E-05   -0.414692E-04    0.763007E-04
 3.03338    0.563200E-05   -0.411851E-04    0.756702E-04
 3.05140    0.535665E-05   -0.409014E-04    0.750409E-04
 3.06943    0.508189E-05   -0.406180E-04    0.744126E-04
 3.08745    0.480773E-05   -0.403350E-04    0.737856E-04
 3.10548    0.453416E-05   -0.400522E-04    0.731596E-04
 3.12351    0.426121E-05   -0.397699E-04    0.725348E-04
 3.14153    0.398894E-05   -0.394880E-04    0.719113E-04
 3.15956    0.371738E-05   -0.392065E-04    0.712890E-04
 3.17759    0.344661E-05   -0.389255E-04    0.706680E-04
 3.19561    0.317670E-05   -0.386451E-04    0.700484E-04
 3.21364    0.290772E-05   -0.383650E-04    0.694299E-04
 3.23166    0.263974E-05   -0.380856E-04    0.688133E-04
 3.24969    0.237283E-05   -0.378069E-04    0.681979E-04
 3.26772    0.210703E-05   -0.375288E-04    0.675841E-04
 3.28574    0.184237E-05   -0.372514E-04    0.669718E-04
 3.30377    0.157890E-05   -0.369747E-04    0.663612E-04
 3.32179    0.131663E-05   -0.366987E-04    0.657521E-04
 3.33982    0.105555E-05   -0.364234E-04    0.651447E-04
 3.35785    0.795640E-06   -0.361488E-04    0.645389E-04
 3.37587    0.536880E-06   -0.358750E-04    0.639351E-04
 3.39390    0.279219E-06   -0.356019E-04    0.633326E-04
 3.41192    0.225975E-07   -0.353295E-04    0.627317E-04
 3.42995   -0.233073E-06   -0.350577E-04    0.621326E-04
 3.44798   -0.487871E-06   -0.347865E-04    0.615352E-04
 3.46600   -0.741887E-06   -0.345159E-04    0.609394E-04
 3.48403   -0.995235E-06   -0.342459E-04    0.603453E-04
 3.50205   -0.124802E-05   -0.339763E-04    0.597528E-04
 3.52008   -0.150036E-05   -0.337071E-04    0.591620E-04
 3.53811   -0.175237E-05   -0.334383E-04    0.585727E-04
 3.55613   -0.200417E-05   -0.331699E-04    0.579851E-04
 3.57416   -0.225586E-05   -0.329018E-04    0.573990E-04
 3.59218   -0.250755E-05   -0.326339E-04    0.568144E-04
 3.61021   -0.275933E-05   -0.323663E-04    0.562314E-04
 3.62824   -0.301129E-05   -0.320988E-04    0.556499E-04
 3.64626   -0.326351E-05   -0.318315E-04    0.550699E-04
 3.66429   -0.351590E-05   -0.315643E-04    0.544915E-04
 3.68231   -0.376876E-05   -0.312972E-04    0.539143E-04
 3.70034   -0.402212E-05   -0.310303E-04    0.533393E-04
 3.71837   -0.427574E-05   -0.307635E-04    0.527656E-04
 3.73639   -0.452971E-05   -0.304968E-04    0.521935E-04
 3.75442   -0.478402E-05   -0.302303E-04    0.516230E-04
 3.77244   -0.503860E-05   -0.299640E-04    0.510542E-04
 3.79047   -0.529338E-05   -0.296980E-04    0.504872E-04
 3.80850   -0.554827E-05   -0.294322E-04    0.499219E-04
 3.82652   -0.580316E-05   -0.291669E-04    0.493585E-04
 3.84455   -0.605788E-05   -0.289017E-04    0.487970E-04
 3.86258   -0.631232E-05   -0.286374E-04    0.482375E-04
 3.88060   -0.656630E-05   -0.283736E-04    0.476802E-04
 3.89863   -0.681962E-05   -0.281106E-04    0.471250E-04
 3.91665   -0.707209E-05   -0.278483E-04    0.465721E-04
 3.93468   -0.732350E-05   -0.275870E-04    0.460217E-04
 3.95271   -0.757362E-05   -0.273265E-04    0.454734E-04
 3.97073   -0.782221E-05   -0.270675E-04    0.449279E-04
 3.98876   -0.806904E-05   -0.268096E-04    0.443850E-04
 4.00678   -0.831388E-05   -0.265533E-04    0.438449E-04
 4.02481   -0.855648E-05   -0.262984E-04    0.433076E-04
 4.04284   -0.879659E-05   -0.260452E-04    0.427734E-04
 4.06086   -0.903386E-05   -0.257939E-04    0.422421E-04
 4.07889   -0.926818E-05   -0.255444E-04    0.417141E-04
 4.09691   -0.949925E-05   -0.252968E-04    0.411894E-04
 4.11494   -0.972683E-05   -0.250517E-04    0.406680E-04
 4.13297   -0.995070E-05   -0.248088E-04    0.401502E-04
 4.15099   -0.101706E-04   -0.245682E-04    0.396355E-04
 4.16902   -0.103863E-04   -0.243303E-04    0.391247E-04
 4.18704   -0.105977E-04   -0.240949E-04    0.386179E-04
 4.20507   -0.108045E-04   -0.238623E-04    0.381148E-04
 4.22310   -0.110065E-04   -0.236325E-04    0.376155E-04
 4.24112   -0.112036E-04   -0.234056E-04    0.371200E-04
 4.25915   -0.113957E-04   -0.231818E-04    0.366287E-04
 4.27717   -0.115826E-04   -0.229609E-04    0.361414E-04
 4.29520   -0.117641E-04   -0.227433E-04    0.356582E-04
 4.31323   -0.119402E-04   -0.225288E-04    0.351790E-04
 4.33125   -0.121107E-04   -0.223172E-04    0.347043E-04
 4.34928   -0.122756E-04   -0.221092E-04    0.342336E-04
 4.36730   -0.124349E-04   -0.219045E-04    0.337671E-04
 4.38533   -0.125884E-04   -0.217030E-04    0.333050E-04
 4.40336   -0.127361E-04   -0.215048E-04    0.328471E-04
 4.42138   -0.128780E-04   -0.213099E-04    0.323934E-04
 4.43941   -0.130142E-04   -0.211185E-04    0.319440E-04
 4.45743   -0.131445E-04   -0.209305E-04    0.314990E-04
 4.47546   -0.132691E-04   -0.207457E-04    0.310582E-04
 4.49349   -0.133878E-04   -0.205642E-04    0.306215E-04
 4.51151   -0.135010E-04   -0.203861E-04    0.301892E-04
 4.52954   -0.136084E-04   -0.202112E-04    0.297613E-04
 4.54757   -0.137103E-04   -0.200395E-04    0.293370E-04
 4.56559   -0.138066E-04   -0.198711E-04    0.289172E-04
 4.58362   -0.138975E-04   -0.197058E-04    0.285016E-04
 4.60164   -0.139830E-04   -0.195435E-04    0.280899E-04
 4.61967   -0.140633E-04   -0.193844E-04    0.276825E-04
 4.63770   -0.141384E-04   -0.192284E-04    0.272789E-04
 4.65572   -0.142084E-04   -0.190753E-04    0.268794E-04
 4.67375   -0.142735E-04   -0.189251E-04    0.264837E-04
 4.69177   -0.143337E-04   -0.187777E-04    0.260918E-04
 4.70980   -0.143893E-04   -0.186332E-04    0.257039E-04
 4.72783   -0.144402E-04   -0.184913E-04    0.253196E-04
 4.74585   -0.144867E-04   -0.183522E-04    0.249392E-04
 4.76388   -0.145288E-04   -0.182156E-04    0.245623E-04
 4.78190   -0.145667E-04   -0.180816E-04    0.241891E-04
 4.79993   -0.146005E-04   -0.179501E-04    0.238195E-04
 4.81796   -0.146304E-04   -0.178209E-04    0.234534E-04
 4.83598   -0.146565E-04   -0.176941E-04    0.230907E-04
 4.85401   -0.146788E-04   -0.175696E-04    0.227312E-04
 4.87203   -0.146976E-04   -0.174472E-04    0.223753E-04
 4.89006   -0.147129E-04   -0.173271E-04    0.220227E-04
 4.90809   -0.147249E-04   -0.172090E-04    0.216732E-04
 4.92611   -0.147337E-04   -0.170929E-04    0.213271E-04
 4.94414   -0.147394E-04   -0.169788E-04    0.209840E-04
 4.96216   -0.147422E-04   -0.168666E-04    0.206440E-04
 4.98019   -0.147421E-04   -0.167562E-04    0.203071E-04
 4.99822   -0.147393E-04   -0.166476E-04    0.199732E-04
 5.01624   -0.147339E-04   -0.165407E-04    0.196422E-04
 5.03427   -0.147260E-04   -0.164355E-04    0.193141E-04
 5.05229   -0.147157E-04   -0.163319E-04    0.189889E-04
 5.07032   -0.147031E-04   -0.162298E-04    0.186665E-04
 5.08835   -0.146883E-04   -0.161293E-04    0.183468E-04
 5.10637   -0.146715E-04   -0.160302E-04    0.180299E-04
 5.12440   -0.146526E-04   -0.159325E-04    0.177157E-04
 5.14242   -0.146319E-04   -0.158361E-04    0.174041E-04
 5.16045   -0.146093E-04   -0.157411E-04    0.170951E-04
 5.17848   -0.145850E-04   -0.156474E-04    0.167887E-04
 5.19650   -0.145591E-04   -0.155548E-04    0.164849E-04
 5.21453   -0.145316E-04   -0.154635E-04    0.161835E-04
 5.23256   -0.145027E-04   -0.153733E-04    0.158846E-04
 5.25058   -0.144723E-04   -0.152842E-04    0.155881E-04
 5.26861   -0.144407E-04   -0.151962E-04    0.152941E-04
 5.28663   -0.144077E-04   -0.151091E-04    0.150024E-04
 5.30466   -0.143736E-04   -0.150231E-04    0.147131E-04
 5.32269   -0.143384E-04   -0.149381E-04    0.144260E-04
 5.34071   -0.143020E-04   -0.148540E-04    0.141413E-04
 5.35874   -0.142647E-04   -0.147707E-04    0.138588E-04
 5.37676   -0.142265E-04   -0.146884E-04    0.135785E-04
 5.39479   -0.141873E-04   -0.146069E-04    0.133005E-04
 5.41282   -0.141473E-04   -0.145263E-04    0.130246E-04
 5.43084   -0.141065E-04   -0.144463E-04    0.127509E-04
 5.44887   -0.140650E-04   -0.143672E-04    0.124793E-04
 5.46689   -0.140228E-04   -0.142888E-04    0.122098E-04
 5.48492   -0.139800E-04   -0.142111E-04    0.119424E-04
 5.50295   -0.139365E-04   -0.141341E-04    0.116771E-04
 5.52097   -0.138925E-04   -0.140577E-04    0.114139E-04
 5.53900   -0.138479E-04   -0.139821E-04    0.111526E-04
 5.55702   -0.138029E-04   -0.139070E-04    0.108934E-04
 5.57505   -0.137574E-04   -0.138326E-04    0.106361E-04
 5.59308   -0.137115E-04   -0.137587E-04    0.103809E-04
 5.61110   -0.136652E-04   -0.136854E-04    0.101275E-04
 5.62913   -0.136186E-04   -0.136127E-04    0.987613E-05
 5.64715   -0.135716E-04   -0.135406E-04    0.962664E-05
 5.66518   -0.135243E-04   -0.134689E-04    0.937906E-05
 5.68321   -0.134767E-04   -0.133978E-04    0.913335E-05
 5.70123   -0.134289E-04   -0.133272E-04    0.888949E-05
 5.71926   -0.133809E-04   -0.132571E-04    0.864752E-05
 5.73728   -0.133327E-04   -0.131874E-04    0.840737E-05
 5.75531   -0.132843E-04   -0.131183E-04    0.816904E-05
 5.77334   -0.132357E-04   -0.130496E-04    0.793251E-05
 5.79136   -0.131869E-04   -0.129813E-04    0.769777E-05
 5.80939   -0.131381E-04   -0.129135E-04    0.746482E-05
 5.82741   -0.130891E-04   -0.128461E-04    0.723363E-05
 5.84544   -0.130401E-04   -0.127791E-04    0.700420E-05
 5.86347   -0.129909E-04   -0.127125E-04    0.677651E-05
 5.88149   -0.129417E-04   -0.126464E-04    0.655054E-05
 5.89952   -0.128925E-04   -0.125806E-04    0.632631E-05
 5.91755   -0.128432E-04   -0.125152E-04    0.610379E-05
 5.93557   -0.127938E-04   -0.124502E-04    0.588296E-05
 5.95360   -0.127445E-04   -0.123856E-04    0.566383E-05
 5.97162   -0.126951E-04   -0.123213E-04    0.544637E-05
 5.98965   -0.126458E-04   -0.122574E-04    0.523059E-05
 6.00768   -0.125965E-04   -0.121938E-04    0.501647E-05
 6.02570   -0.125471E-04   -0.121306E-04    0.480400E-05
 6.04373   -0.124978E-04   -0.120678E-04    0.459317E-05
 6.06175   -0.124486E-04   -0.120053E-04    0.438397E-05
 6.07978   -0.123994E-04   -0.119431E-04    0.417640E-05
 6.09781   -0.123502E-04   -0.118813E-04    0.397044E-05
 6.11583   -0.123011E-04   -0.118198E-04    0.376609E-05
 6.13386   -0.122521E-04   -0.117586E-04    0.356334E-05
 6.15188   -0.122031E-04   -0.116977E-04    0.336217E-05
 6.16991   -0.121542E-04   -0.116372E-04    0.316258E-05
 6.18794   -0.121054E-04   -0.115769E-04    0.296455E-05
 6.20596   -0.120566E-04   -0.115170E-04    0.276808E-05
 6.22399   -0.120080E-04   -0.114574E-04    0.257315E-05
 6.24201   -0.119594E-04   -0.113981E-04    0.237976E-05
 6.26004   -0.119109E-04   -0.113391E-04    0.218790E-05
 6.27807   -0.118626E-04   -0.112803E-04    0.199755E-05
 6.29609   -0.118143E-04   -0.112219E-04    0.180871E-05
 6.31412   -0.117662E-04   -0.111638E-04    0.162137E-05
 6.33214   -0.117181E-04   -0.111059E-04    0.143552E-05
 6.35017   -0.116702E-04   -0.110484E-04    0.125115E-05
 6.36820   -0.116224E-04   -0.109911E-04    0.106826E-05
 6.38622   -0.115747E-04   -0.109341E-04    0.886830E-06
 6.40425   -0.115271E-04   -0.108774E-04    0.706859E-06
 6.42227   -0.114797E-04   -0.108209E-04    0.528336E-06
 6.44030   -0.114324E-04   -0.107648E-04    0.351257E-06
 6.45833   -0.113852E-04   -0.107089E-04    0.175617E-06
 6.47635   -0.113382E-04   -0.106532E-04    0.140398E-08
 6.49438   -0.112913E-04   -0.105978E-04   -0.171388E-06
 6.51240   -0.112446E-04   -0.105427E-04   -0.342759E-06
 6.53043   -0.111980E-04   -0.104879E-04   -0.512727E-06
 6.54846   -0.111515E-04   -0.104333E-04   -0.681291E-06
 6.56648   -0.111052E-04   -0.103789E-04   -0.848455E-06
 6.58451   -0.110591E-04   -0.103248E-04   -0.101422E-05
 6.60254   -0.110131E-04   -0.102710E-04   -0.117861E-05
 6.62056   -0.109673E-04   -0.102174E-04   -0.134161E-05
 6.63859   -0.109216E-04   -0.101640E-04   -0.150324E-05
 6.65661   -0.108761E-04   -0.101109E-04   -0.166351E-05
 6.67464   -0.108308E-04   -0.100580E-04   -0.182241E-05
 6.69267   -0.107857E-04   -0.100054E-04   -0.197997E-05
 6.71069   -0.107407E-04   -0.995302E-05   -0.213618E-05
 6.72872   -0.106959E-04   -0.990079E-05   -0.229105E-05
 6.74674   -0.106513E-04   -0.984885E-05   -0.244458E-05
 6.76477   -0.106069E-04   -0.979714E-05   -0.259680E-05
 6.78280   -0.105627E-04   -0.974566E-05   -0.274771E-05
 6.80082   -0.105186E-04   -0.969440E-05   -0.289731E-05
 6.81885   -0.104747E-04   -0.964336E-05   -0.304562E-05
 6.83687   -0.104311E-04   -0.959255E-05   -0.319263E-05
 6.85490   -0.103876E-04   -0.954195E-05   -0.333836E-05
 6.87293   -0.103443E-04   -0.949156E-05   -0.348282E-05
 6.89095   -0.103012E-04   -0.944139E-05   -0.362601E-05
 6.90898   -0.102583E-04   -0.939143E-05   -0.376794E-05
 6.92700   -0.102156E-04   -0.934169E-05   -0.390862E-05
 6.94503   -0.101731E-04   -0.929214E-05   -0.404805E-05
 6.96306   -0.101308E-04   -0.924281E-05   -0.418626E-05
 6.98108   -0.100888E-04   -0.919369E-05   -0.432323E-05
 6.99911   -0.100469E-04   -0.914476E-05   -0.445898E-05
 7.01713   -0.100052E-04   -0.909604E-05   -0.459352E-05
 7.03516   -0.996374E-05   -0.904753E-05   -0.472685E-05
 7.05319   -0.992247E-05   -0.899919E-05   -0.485899E-05
 7.07121   -0.988142E-05   -0.895107E-05   -0.498993E-05
 7.08924   -0.984057E-05   -0.890315E-05   -0.511969E-05
 7.10726   -0.979994E-05   -0.885542E-05   -0.524827E-05
 7.12529   -0.975951E-05   -0.880789E-05   -0.537514E-05
 7.14332   -0.971929E-05   -0.876054E-05   -0.550139E-05
 7.16134   -0.967928E-05   -0.871340E-05   -0.562699E-05
 7.17937   -0.963947E-05   -0.866644E-05   -0.575092E-05
 7.19739   -0.959988E-05   -0.861968E-05   -0.587370E-05
 7.21542   -0.956049E-05   -0.857309E-05   -0.599536E-05
 7.23345   -0.952131E-05   -0.852672E-05   -0.611587E-05
 7.25147   -0.948234E-05   -0.848051E-05   -0.623525E-05
 7.26950   -0.944358E-05   -0.843450E-05   -0.635352E-05
 7.28753   -0.940501E-05   -0.838868E-05   -0.647066E-05
 7.30555   -0.936666E-05   -0.834303E-05   -0.658670E-05
 7.32358   -0.932850E-05   -0.829758E-05   -0.670163E-05
 7.34160   -0.929055E-05   -0.825232E-05   -0.681546E-05
 7.35963   -0.925280E-05   -0.820724E-05   -0.692820E-05
 7.37766   -0.921525E-05   -0.816234E-05   -0.703986E-05
 7.39568   -0.917790E-05   -0.811762E-05   -0.715045E-05
 7.41371   -0.914074E-05   -0.807311E-05   -0.725994E-05
 7.43173   -0.910378E-05   -0.802875E-05   -0.736837E-05
 7.44976   -0.906701E-05   -0.798461E-05   -0.747575E-05
 7.46779   -0.903043E-05   -0.794064E-05   -0.758207E-05
 7.48581   -0.899404E-05   -0.789685E-05   -0.768734E-05
 7.50384   -0.895784E-05   -0.785324E-05   -0.779157E-05
 7.52186   -0.892183E-05   -0.780982E-05   -0.789475E-05
 7.53989   -0.888600E-05   -0.776658E-05   -0.799690E-05
 7.55792   -0.885035E-05   -0.772352E-05   -0.809802E-05
 7.57594   -0.881488E-05   -0.768070E-05   -0.819812E-05
 7.59397   -0.877959E-05   -0.763800E-05   -0.829721E-05
 7.61199   -0.874447E-05   -0.759550E-05   -0.839528E-05
 7.63002   -0.870953E-05   -0.755318E-05   -0.849234E-05
 7.64805   -0.867477E-05   -0.751103E-05   -0.858840E-05
 7.66607   -0.864017E-05   -0.746908E-05   -0.868348E-05
 7.68410   -0.860574E-05   -0.742728E-05   -0.877756E-05
 7.70212   -0.857149E-05   -0.738569E-05   -0.887067E-05
 7.72015   -0.853739E-05   -0.734428E-05   -0.896280E-05
 7.73818   -0.850346E-05   -0.730305E-05   -0.905395E-05
 7.75620   -0.846970E-05   -0.726201E-05   -0.914413E-05
 7.77423   -0.843608E-05   -0.722114E-05   -0.923335E-05
 7.79225   -0.840263E-05   -0.718046E-05   -0.932162E-05
 7.81028   -0.836933E-05   -0.713996E-05   -0.940893E-05
 7.82831   -0.833619E-05   -0.709965E-05   -0.949529E-05
 7.84633   -0.830320E-05   -0.705952E-05   -0.958073E-05
 7.86436   -0.827036E-05   -0.701957E-05   -0.966522E-05
 7.88238   -0.823767E-05   -0.697979E-05   -0.974879E-05
 7.90041   -0.820513E-05   -0.694021E-05   -0.983143E-05
 7.91844   -0.817273E-05   -0.690081E-05   -0.991316E-05
 7.93646   -0.814048E-05   -0.686158E-05   -0.999397E-05
 7.95449   -0.810837E-05   -0.682253E-05   -0.100739E-04
 7.97252   -0.807640E-05   -0.678366E-05   -0.101529E-04
 7.99054   -0.804458E-05   -0.674497E-05   -0.102310E-04
 8.00857   -0.801289E-05   -0.670647E-05   -0.103082E-04
 8.02659   -0.798134E-05   -0.666813E-05   -0.103846E-04
 8.04462   -0.794993E-05   -0.662998E-05   -0.104600E-04
 8.06265   -0.791866E-05   -0.659200E-05   -0.105346E-04
 8.08067   -0.788753E-05   -0.655421E-05   -0.106083E-04
 8.09870   -0.785652E-05   -0.651658E-05   -0.106812E-04
 8.11672   -0.782566E-05   -0.647914E-05   -0.107532E-04
 8.13475   -0.779492E-05   -0.644186E-05   -0.108243E-04
 8.15278   -0.776433E-05   -0.640477E-05   -0.108946E-04
 8.17080   -0.773386E-05   -0.636784E-05   -0.109640E-04
 8.18883   -0.770352E-05   -0.633109E-05   -0.110327E-04
 8.20685   -0.767332E-05   -0.629451E-05   -0.111004E-04
 8.22488   -0.764325E-05   -0.625811E-05   -0.111674E-04
 8.24291   -0.761331E-05   -0.622187E-05   -0.112335E-04
 8.26093   -0.758350E-05   -0.618580E-05   -0.112989E-04
 8.27896   -0.755382E-05   -0.614991E-05   -0.113634E-04
 8.29698   -0.752428E-05   -0.611417E-05   -0.114271E-04
 8.31501   -0.749486E-05   -0.607860E-05   -0.114900E-04
 8.33304   -0.746557E-05   -0.604321E-05   -0.115522E-04
 8.35106   -0.743641E-05   -0.600798E-05   -0.116135E-04
 8.36909   -0.740738E-05   -0.597291E-05   -0.116741E-04
 8.38711   -0.737848E-05   -0.593801E-05   -0.117339E-04
 8.40514   -0.734970E-05   -0.590327E-05   -0.117929E-04
 8.42317   -0.732106E-05   -0.586870E-05   -0.118511E-04
 8.44119   -0.729255E-05   -0.583426E-05   -0.119086E-04
 8.45922   -0.726416E-05   -0.579998E-05   -0.119654E-04
 8.47724   -0.723591E-05   -0.576592E-05   -0.120214E-04
 8.49527   -0.720778E-05   -0.573195E-05   -0.120766E-04
 8.51330   -0.717978E-05   -0.569817E-05   -0.121311E-04
 8.53132   -0.715191E-05   -0.566455E-05   -0.121849E-04
 8.54935   -0.712416E-05   -0.563109E-05   -0.122379E-04
 8.56737   -0.709655E-05   -0.559776E-05   -0.122902E-04
 8.58540   -0.706906E-05   -0.556462E-05   -0.123419E-04
 8.60343   -0.704170E-05   -0.553159E-05   -0.123927E-04
 8.62145   -0.701446E-05   -0.549877E-05   -0.124429E-04
 8.63948   -0.698736E-05   -0.546606E-05   -0.124924E-04
 8.65751   -0.696038E-05   -0.543353E-05   -0.125412E-04
 8.67553   -0.693353E-05   -0.540113E-05   -0.125893E-04
 8.69356   -0.690680E-05   -0.536889E-05   -0.126367E-04
 8.71158   -0.688020E-05   -0.533680E-05   -0.126834E-04
 8.72961   -0.685373E-05   -0.530485E-05   -0.127295E-04
 8.74764   -0.682738E-05   -0.527305E-05   -0.127749E-04
 8.76566   -0.680116E-05   -0.524140E-05   -0.128196E-04
 8.78369   -0.677507E-05   -0.520988E-05   -0.128636E-04
 8.80171   -0.674910E-05   -0.517852E-05   -0.129070E-04
 8.81974   -0.672325E-05   -0.514730E-05   -0.129497E-04
 8.83777   -0.669753E-05   -0.511623E-05   -0.129918E-04
 8.85579   -0.667194E-05   -0.508530E-05   -0.130332E-04
 8.87382   -0.664647E-05   -0.505451E-05   -0.130740E-04
 8.89184   -0.662112E-05   -0.502386E-05   -0.131142E-04
 8.90987   -0.659590E-05   -0.499336E-05   -0.131537E-04
 8.92790   -0.657080E-05   -0.496299E-05   -0.131926E-04
 8.94592   -0.654582E-05   -0.493277E-05   -0.132309E-04
 8.96395   -0.652096E-05   -0.490268E-05   -0.132686E-04
 8.98197   -0.649623E-05   -0.487273E-05   -0.133056E-04
 9.00000   -0.647161E-05   -0.484292E-05   -0.133421E-04
