 0.00500    0.492517E-01   -0.245655E-01    0.181709E-01
 0.02303    0.409532E-01   -0.204164E-01    0.150584E-01
 0.04105    0.360122E-01   -0.179454E-01    0.132047E-01
 0.05908    0.323795E-01   -0.161283E-01    0.118408E-01
 0.07710    0.294959E-01   -0.146857E-01    0.107575E-01
 0.09513    0.271089E-01   -0.134912E-01    0.986020E-02
 0.11316    0.250795E-01   -0.124754E-01    0.909681E-02
 0.13118    0.233210E-01   -0.115950E-01    0.843480E-02
 0.14921    0.217757E-01   -0.108211E-01    0.785259E-02
 0.16723    0.204029E-01   -0.101333E-01    0.733491E-02
 0.18526    0.191725E-01   -0.951678E-02    0.687056E-02
 0.20329    0.180620E-01   -0.896008E-02    0.645106E-02
 0.22131    0.170535E-01   -0.845429E-02    0.606973E-02
 0.23934    0.161328E-01   -0.799243E-02    0.572133E-02
 0.25736    0.152887E-01   -0.756881E-02    0.540212E-02
 0.27539    0.145117E-01   -0.717874E-02    0.510703E-02
 0.29342    0.137941E-01   -0.681831E-02    0.483471E-02
 0.31144    0.131293E-01   -0.648429E-02    0.458220E-02
 0.32947    0.125117E-01   -0.617386E-02    0.434742E-02
 0.34749    0.119365E-01   -0.588463E-02    0.412857E-02
 0.36552    0.113996E-01   -0.561456E-02    0.392411E-02
 0.38355    0.108975E-01   -0.536186E-02    0.373272E-02
 0.40157    0.104270E-01   -0.512496E-02    0.355321E-02
 0.41960    0.998529E-02   -0.490282E-02    0.338458E-02
 0.43763    0.957000E-02   -0.469321E-02    0.322589E-02
 0.45565    0.917891E-02   -0.449604E-02    0.307633E-02
 0.47368    0.881009E-02   -0.431003E-02    0.293520E-02
 0.49170    0.846183E-02   -0.413431E-02    0.280183E-02
 0.50973    0.813256E-02   -0.396810E-02    0.267565E-02
 0.52776    0.782088E-02   -0.381070E-02    0.255614E-02
 0.54578    0.752553E-02   -0.366147E-02    0.244282E-02
 0.56381    0.724534E-02   -0.351985E-02    0.233525E-02
 0.58183    0.697928E-02   -0.338531E-02    0.223306E-02
 0.59986    0.672639E-02   -0.325738E-02    0.213589E-02
 0.61789    0.648580E-02   -0.313562E-02    0.204340E-02
 0.63591    0.625671E-02   -0.301962E-02    0.195530E-02
 0.65394    0.603838E-02   -0.290903E-02    0.187132E-02
 0.67196    0.583015E-02   -0.280352E-02    0.179119E-02
 0.68999    0.563141E-02   -0.270277E-02    0.171471E-02
 0.70802    0.544158E-02   -0.260649E-02    0.164164E-02
 0.72604    0.526013E-02   -0.251444E-02    0.157179E-02
 0.74407    0.508657E-02   -0.242635E-02    0.150498E-02
 0.76209    0.492045E-02   -0.234200E-02    0.144104E-02
 0.78012    0.476136E-02   -0.226120E-02    0.137981E-02
 0.79815    0.460891E-02   -0.218373E-02    0.132115E-02
 0.81617    0.446274E-02   -0.210944E-02    0.126491E-02
 0.83420    0.432250E-02   -0.203813E-02    0.121098E-02
 0.85222    0.418789E-02   -0.196967E-02    0.115924E-02
 0.87025    0.405861E-02   -0.190389E-02    0.110956E-02
 0.88828    0.393439E-02   -0.184066E-02    0.106185E-02
 0.90630    0.381497E-02   -0.177987E-02    0.101602E-02
 0.92433    0.370011E-02   -0.172138E-02    0.971976E-03
 0.94235    0.358958E-02   -0.166508E-02    0.929628E-03
 0.96038    0.348320E-02   -0.161087E-02    0.888899E-03
 0.97841    0.338074E-02   -0.155865E-02    0.849712E-03
 0.99643    0.328201E-02   -0.150833E-02    0.811999E-03
 1.01446    0.318687E-02   -0.145981E-02    0.775692E-03
 1.03248    0.309513E-02   -0.141303E-02    0.740728E-03
 1.05051    0.300664E-02   -0.136789E-02    0.707049E-03
 1.06854    0.292126E-02   -0.132433E-02    0.674600E-03
 1.08656    0.283884E-02   -0.128228E-02    0.643327E-03
 1.10459    0.275926E-02   -0.124167E-02    0.613180E-03
 1.12262    0.268240E-02   -0.120244E-02    0.584113E-03
 1.14064    0.260813E-02   -0.116453E-02    0.556081E-03
 1.15867    0.253635E-02   -0.112788E-02    0.529040E-03
 1.17669    0.246696E-02   -0.109246E-02    0.502952E-03
 1.19472    0.239984E-02   -0.105819E-02    0.477778E-03
 1.21275    0.233492E-02   -0.102505E-02    0.453482E-03
 1.23077    0.227211E-02   -0.992973E-03    0.430029E-03
 1.24880    0.221131E-02   -0.961931E-03    0.407388E-03
 1.26682    0.215245E-02   -0.931881E-03    0.385527E-03
 1.28485    0.209545E-02   -0.902786E-03    0.364416E-03
 1.30288    0.204024E-02   -0.874604E-03    0.344028E-03
 1.32090    0.198676E-02   -0.847304E-03    0.324335E-03
 1.33893    0.193492E-02   -0.820851E-03    0.305312E-03
 1.35695    0.188468E-02   -0.795214E-03    0.286934E-03
 1.37498    0.183598E-02   -0.770364E-03    0.269177E-03
 1.39301    0.178874E-02   -0.746270E-03    0.252019E-03
 1.41103    0.174293E-02   -0.722908E-03    0.235440E-03
 1.42906    0.169850E-02   -0.700250E-03    0.219419E-03
 1.44708    0.165538E-02   -0.678271E-03    0.203936E-03
 1.46511    0.161353E-02   -0.656948E-03    0.188973E-03
 1.48314    0.157292E-02   -0.636258E-03    0.174512E-03
 1.50116    0.153348E-02   -0.616178E-03    0.160535E-03
 1.51919    0.149520E-02   -0.596689E-03    0.147027E-03
 1.53721    0.145802E-02   -0.577769E-03    0.133971E-03
 1.55524    0.142190E-02   -0.559399E-03    0.121352E-03
 1.57327    0.138681E-02   -0.541558E-03    0.109157E-03
 1.59129    0.135272E-02   -0.524235E-03    0.973706E-04
 1.60932    0.131959E-02   -0.507410E-03    0.859796E-04
 1.62734    0.128740E-02   -0.491066E-03    0.749716E-04
 1.64537    0.125610E-02   -0.475187E-03    0.643336E-04
 1.66340    0.122566E-02   -0.459759E-03    0.540539E-04
 1.68142    0.119608E-02   -0.444768E-03    0.441212E-04
 1.69945    0.116730E-02   -0.430198E-03    0.345245E-04
 1.71747    0.113931E-02   -0.416038E-03    0.252532E-04
 1.73550    0.111209E-02   -0.402274E-03    0.162969E-04
 1.75353    0.108560E-02   -0.388894E-03    0.764595E-05
 1.77155    0.105983E-02   -0.375887E-03   -0.708953E-06
 1.78958    0.103475E-02   -0.363240E-03   -0.877704E-05
 1.80761    0.101035E-02   -0.350943E-03   -0.165670E-04
 1.82563    0.986595E-03   -0.338986E-03   -0.240872E-04
 1.84366    0.963473E-03   -0.327359E-03   -0.313459E-04
 1.86168    0.940964E-03   -0.316050E-03   -0.383509E-04
 1.87971    0.919049E-03   -0.305052E-03   -0.451099E-04
 1.89774    0.897710E-03   -0.294355E-03   -0.516303E-04
 1.91576    0.876930E-03   -0.283949E-03   -0.579191E-04
 1.93379    0.856693E-03   -0.273828E-03   -0.639829E-04
 1.95181    0.836983E-03   -0.263983E-03   -0.698283E-04
 1.96984    0.817784E-03   -0.254405E-03   -0.754619E-04
 1.98787    0.799084E-03   -0.245088E-03   -0.808895E-04
 2.00589    0.780866E-03   -0.236024E-03   -0.861170E-04
 2.02392    0.763118E-03   -0.227206E-03   -0.911502E-04
 2.04194    0.745826E-03   -0.218629E-03   -0.959945E-04
 2.05997    0.728979E-03   -0.210283E-03   -0.100655E-03
 2.07800    0.712564E-03   -0.202165E-03   -0.105137E-03
 2.09602    0.696567E-03   -0.194267E-03   -0.109446E-03
 2.11405    0.680980E-03   -0.186585E-03   -0.113586E-03
 2.13207    0.665792E-03   -0.179111E-03   -0.117562E-03
 2.15010    0.650991E-03   -0.171842E-03   -0.121378E-03
 2.16813    0.636567E-03   -0.164771E-03   -0.125038E-03
 2.18615    0.622512E-03   -0.157894E-03   -0.128547E-03
 2.20418    0.608816E-03   -0.151206E-03   -0.131909E-03
 2.22220    0.595469E-03   -0.144702E-03   -0.135127E-03
 2.24023    0.582463E-03   -0.138378E-03   -0.138205E-03
 2.25826    0.569790E-03   -0.132229E-03   -0.141146E-03
 2.27628    0.557442E-03   -0.126252E-03   -0.143955E-03
 2.29431    0.545412E-03   -0.120442E-03   -0.146634E-03
 2.31233    0.533692E-03   -0.114796E-03   -0.149186E-03
 2.33036    0.522275E-03   -0.109310E-03   -0.151614E-03
 2.34839    0.511155E-03   -0.103981E-03   -0.153922E-03
 2.36641    0.500325E-03   -0.988051E-04   -0.156112E-03
 2.38444    0.489780E-03   -0.937795E-04   -0.158187E-03
 2.40246    0.479514E-03   -0.889011E-04   -0.160149E-03
 2.42049    0.469522E-03   -0.841670E-04   -0.162000E-03
 2.43852    0.459797E-03   -0.795746E-04   -0.163744E-03
 2.45654    0.450336E-03   -0.751213E-04   -0.165381E-03
 2.47457    0.441134E-03   -0.708045E-04   -0.166915E-03
 2.49260    0.432187E-03   -0.666220E-04   -0.168347E-03
 2.51062    0.423490E-03   -0.625715E-04   -0.169679E-03
 2.52865    0.415039E-03   -0.586508E-04   -0.170913E-03
 2.54667    0.406831E-03   -0.548584E-04   -0.172050E-03
 2.56470    0.398861E-03   -0.512041E-04   -0.173093E-03
 2.58273    0.391127E-03   -0.476494E-04   -0.174043E-03
 2.60075    0.383625E-03   -0.442290E-04   -0.174902E-03
 2.61878    0.376351E-03   -0.409298E-04   -0.175670E-03
 2.63680    0.369304E-03   -0.377495E-04   -0.176350E-03
 2.65483    0.362480E-03   -0.346869E-04   -0.176942E-03
 2.67286    0.355877E-03   -0.317393E-04   -0.177449E-03
 2.69088    0.349491E-03   -0.289061E-04   -0.177871E-03
 2.70891    0.343320E-03   -0.261862E-04   -0.178209E-03
 2.72693    0.337360E-03   -0.235780E-04   -0.178466E-03
 2.74496    0.331610E-03   -0.210792E-04   -0.178645E-03
 2.76299    0.326066E-03   -0.186889E-04   -0.178739E-03
 2.78101    0.320726E-03   -0.164054E-04   -0.178758E-03
 2.79904    0.315586E-03   -0.142269E-04   -0.178700E-03
 2.81706    0.310643E-03   -0.121516E-04   -0.178567E-03
 2.83509    0.305894E-03   -0.101782E-04   -0.178361E-03
 2.85312    0.301336E-03   -0.830424E-05   -0.178083E-03
 2.87114    0.296964E-03   -0.652819E-05   -0.177734E-03
 2.88917    0.292774E-03   -0.484755E-05   -0.177316E-03
 2.90719    0.288763E-03   -0.326020E-05   -0.176833E-03
 2.92522    0.284925E-03   -0.176371E-05   -0.176284E-03
 2.94325    0.281256E-03   -0.355423E-06   -0.175673E-03
 2.96127    0.277750E-03    0.967483E-06   -0.175001E-03
 2.97930    0.274401E-03    0.220806E-05   -0.174271E-03
 2.99732    0.271203E-03    0.336945E-05   -0.173486E-03
 3.01535    0.268150E-03    0.445513E-05   -0.172648E-03
 3.03338    0.265234E-03    0.546877E-05   -0.171762E-03
 3.05140    0.262448E-03    0.641422E-05   -0.170827E-03
 3.06943    0.259784E-03    0.729562E-05   -0.169849E-03
 3.08745    0.257232E-03    0.811744E-05   -0.168831E-03
 3.10548    0.254786E-03    0.888408E-05   -0.167778E-03
 3.12351    0.252435E-03    0.960040E-05   -0.166691E-03
 3.14153    0.250169E-03    0.102713E-04   -0.165575E-03
 3.15956    0.247979E-03    0.109021E-04   -0.164435E-03
 3.17759    0.245853E-03    0.114980E-04   -0.163273E-03
 3.19561    0.243781E-03    0.120646E-04   -0.162095E-03
 3.21364    0.241753E-03    0.126075E-04   -0.160906E-03
 3.23166    0.239756E-03    0.131323E-04   -0.159708E-03
 3.24969    0.237779E-03    0.136454E-04   -0.158508E-03
 3.26772    0.235811E-03    0.141518E-04   -0.157309E-03
 3.28574    0.233841E-03    0.146584E-04   -0.156116E-03
 3.30377    0.231855E-03    0.151706E-04   -0.154933E-03
 3.32179    0.229844E-03    0.156945E-04   -0.153766E-03
 3.33982    0.227795E-03    0.162359E-04   -0.152619E-03
 3.35785    0.225697E-03    0.168002E-04   -0.151496E-03
 3.37587    0.223539E-03    0.173935E-04   -0.150401E-03
 3.39390    0.221311E-03    0.180207E-04   -0.149339E-03
 3.41192    0.219003E-03    0.186872E-04   -0.148314E-03
 3.42995    0.216605E-03    0.193982E-04   -0.147328E-03
 3.44798    0.214108E-03    0.201578E-04   -0.146387E-03
 3.46600    0.211503E-03    0.209707E-04   -0.145494E-03
 3.48403    0.208783E-03    0.218407E-04   -0.144651E-03
 3.50205    0.205941E-03    0.227713E-04   -0.143861E-03
 3.52008    0.202970E-03    0.237662E-04   -0.143127E-03
 3.53811    0.199865E-03    0.248278E-04   -0.142452E-03
 3.55613    0.196622E-03    0.259585E-04   -0.141835E-03
 3.57416    0.193237E-03    0.271602E-04   -0.141281E-03
 3.59218    0.189708E-03    0.284346E-04   -0.140789E-03
 3.61021    0.186031E-03    0.297823E-04   -0.140361E-03
 3.62824    0.182207E-03    0.312039E-04   -0.139996E-03
 3.64626    0.178236E-03    0.326996E-04   -0.139695E-03
 3.66429    0.174119E-03    0.342686E-04   -0.139458E-03
 3.68231    0.169858E-03    0.359104E-04   -0.139284E-03
 3.70034    0.165456E-03    0.376235E-04   -0.139172E-03
 3.71837    0.160916E-03    0.394060E-04   -0.139120E-03
 3.73639    0.156243E-03    0.412553E-04   -0.139129E-03
 3.75442    0.151442E-03    0.431696E-04   -0.139194E-03
 3.77244    0.146520E-03    0.451451E-04   -0.139314E-03
 3.79047    0.141484E-03    0.471789E-04   -0.139486E-03
 3.80850    0.136340E-03    0.492674E-04   -0.139709E-03
 3.82652    0.131097E-03    0.514063E-04   -0.139978E-03
 3.84455    0.125764E-03    0.535916E-04   -0.140291E-03
 3.86258    0.120349E-03    0.558186E-04   -0.140644E-03
 3.88060    0.114862E-03    0.580827E-04   -0.141034E-03
 3.89863    0.109312E-03    0.603794E-04   -0.141457E-03
 3.91665    0.103710E-03    0.627034E-04   -0.141909E-03
 3.93468    0.980651E-04    0.650499E-04   -0.142388E-03
 3.95271    0.923887E-04    0.674138E-04   -0.142888E-03
 3.97073    0.866895E-04    0.697899E-04   -0.143407E-03
 3.98876    0.809786E-04    0.721731E-04   -0.143939E-03
 4.00678    0.752661E-04    0.745585E-04   -0.144481E-03
 4.02481    0.695618E-04    0.769412E-04   -0.145032E-03
 4.04284    0.638756E-04    0.793161E-04   -0.145585E-03
 4.06086    0.582171E-04    0.816786E-04   -0.146137E-03
 4.07889    0.525948E-04    0.840238E-04   -0.146686E-03
 4.09691    0.470187E-04    0.863472E-04   -0.147226E-03
 4.11494    0.414969E-04    0.886451E-04   -0.147756E-03
 4.13297    0.360382E-04    0.909133E-04   -0.148273E-03
 4.15099    0.306491E-04    0.931468E-04   -0.148772E-03
 4.16902    0.253372E-04    0.953442E-04   -0.149252E-03
 4.18704    0.201099E-04    0.975005E-04   -0.149710E-03
 4.20507    0.149729E-04    0.996127E-04   -0.150143E-03
 4.22310    0.993198E-05    0.101678E-03   -0.150551E-03
 4.24112    0.499271E-05    0.103695E-03   -0.150930E-03
 4.25915    0.159729E-06    0.105659E-03   -0.151277E-03
 4.27717   -0.456254E-05    0.107569E-03   -0.151593E-03
 4.29520   -0.917047E-05    0.109424E-03   -0.151875E-03
 4.31323   -0.136608E-04    0.111221E-03   -0.152122E-03
 4.33125   -0.180306E-04    0.112959E-03   -0.152333E-03
 4.34928   -0.222775E-04    0.114637E-03   -0.152507E-03
 4.36730   -0.263998E-04    0.116254E-03   -0.152643E-03
 4.38533   -0.303959E-04    0.117809E-03   -0.152741E-03
 4.40336   -0.342648E-04    0.119302E-03   -0.152801E-03
 4.42138   -0.380059E-04    0.120733E-03   -0.152821E-03
 4.43941   -0.416189E-04    0.122100E-03   -0.152802E-03
 4.45743   -0.451040E-04    0.123405E-03   -0.152743E-03
 4.47546   -0.484614E-04    0.124648E-03   -0.152647E-03
 4.49349   -0.516922E-04    0.125828E-03   -0.152512E-03
 4.51151   -0.547970E-04    0.126947E-03   -0.152337E-03
 4.52954   -0.577772E-04    0.128005E-03   -0.152125E-03
 4.54757   -0.606345E-04    0.129003E-03   -0.151875E-03
 4.56559   -0.633709E-04    0.129942E-03   -0.151588E-03
 4.58362   -0.659878E-04    0.130822E-03   -0.151265E-03
 4.60164   -0.684876E-04    0.131645E-03   -0.150907E-03
 4.61967   -0.708723E-04    0.132411E-03   -0.150513E-03
 4.63770   -0.731450E-04    0.133123E-03   -0.150087E-03
 4.65572   -0.753075E-04    0.133781E-03   -0.149628E-03
 4.67375   -0.773625E-04    0.134387E-03   -0.149136E-03
 4.69177   -0.793127E-04    0.134942E-03   -0.148614E-03
 4.70980   -0.811617E-04    0.135447E-03   -0.148062E-03
 4.72783   -0.829115E-04    0.135905E-03   -0.147481E-03
 4.74585   -0.845653E-04    0.136315E-03   -0.146871E-03
 4.76388   -0.861260E-04    0.136680E-03   -0.146237E-03
 4.78190   -0.875964E-04    0.137002E-03   -0.145576E-03
 4.79993   -0.889795E-04    0.137281E-03   -0.144891E-03
 4.81796   -0.902783E-04    0.137519E-03   -0.144181E-03
 4.83598   -0.914954E-04    0.137718E-03   -0.143449E-03
 4.85401   -0.926338E-04    0.137878E-03   -0.142695E-03
 4.87203   -0.936966E-04    0.138002E-03   -0.141921E-03
 4.89006   -0.946861E-04    0.138092E-03   -0.141128E-03
 4.90809   -0.956056E-04    0.138147E-03   -0.140316E-03
 4.92611   -0.964574E-04    0.138169E-03   -0.139487E-03
 4.94414   -0.972442E-04    0.138161E-03   -0.138640E-03
 4.96216   -0.979687E-04    0.138123E-03   -0.137780E-03
 4.98019   -0.986335E-04    0.138056E-03   -0.136905E-03
 4.99822   -0.992410E-04    0.137962E-03   -0.136015E-03
 5.01624   -0.997930E-04    0.137842E-03   -0.135113E-03
 5.03427   -0.100293E-03    0.137697E-03   -0.134198E-03
 5.05229   -0.100743E-03    0.137528E-03   -0.133272E-03
 5.07032   -0.101144E-03    0.137336E-03   -0.132337E-03
 5.08835   -0.101500E-03    0.137123E-03   -0.131392E-03
 5.10637   -0.101811E-03    0.136889E-03   -0.130437E-03
 5.12440   -0.102080E-03    0.136635E-03   -0.129475E-03
 5.14242   -0.102310E-03    0.136363E-03   -0.128505E-03
 5.16045   -0.102501E-03    0.136073E-03   -0.127528E-03
 5.17848   -0.102655E-03    0.135766E-03   -0.126545E-03
 5.19650   -0.102775E-03    0.135444E-03   -0.125557E-03
 5.21453   -0.102862E-03    0.135106E-03   -0.124563E-03
 5.23256   -0.102917E-03    0.134753E-03   -0.123566E-03
 5.25058   -0.102942E-03    0.134387E-03   -0.122564E-03
 5.26861   -0.102938E-03    0.134008E-03   -0.121559E-03
 5.28663   -0.102907E-03    0.133617E-03   -0.120551E-03
 5.30466   -0.102851E-03    0.133214E-03   -0.119541E-03
 5.32269   -0.102770E-03    0.132801E-03   -0.118529E-03
 5.34071   -0.102665E-03    0.132377E-03   -0.117515E-03
 5.35874   -0.102539E-03    0.131944E-03   -0.116501E-03
 5.37676   -0.102391E-03    0.131501E-03   -0.115485E-03
 5.39479   -0.102223E-03    0.131050E-03   -0.114468E-03
 5.41282   -0.102037E-03    0.130591E-03   -0.113454E-03
 5.43084   -0.101832E-03    0.130124E-03   -0.112437E-03
 5.44887   -0.101611E-03    0.129650E-03   -0.111422E-03
 5.46689   -0.101373E-03    0.129169E-03   -0.110408E-03
 5.48492   -0.101120E-03    0.128682E-03   -0.109395E-03
 5.50295   -0.100852E-03    0.128190E-03   -0.108384E-03
 5.52097   -0.100571E-03    0.127692E-03   -0.107375E-03
 5.53900   -0.100277E-03    0.127189E-03   -0.106367E-03
 5.55702   -0.999707E-04    0.126681E-03   -0.105362E-03
 5.57505   -0.996529E-04    0.126169E-03   -0.104359E-03
 5.59308   -0.993241E-04    0.125653E-03   -0.103359E-03
 5.61110   -0.989850E-04    0.125133E-03   -0.102362E-03
 5.62913   -0.986363E-04    0.124609E-03   -0.101368E-03
 5.64715   -0.982784E-04    0.124083E-03   -0.100377E-03
 5.66518   -0.979120E-04    0.123554E-03   -0.993898E-04
 5.68321   -0.975374E-04    0.123022E-03   -0.984058E-04
 5.70123   -0.971553E-04    0.122488E-03   -0.974256E-04
 5.71926   -0.967661E-04    0.121951E-03   -0.964495E-04
 5.73728   -0.963702E-04    0.121413E-03   -0.954766E-04
 5.75531   -0.959680E-04    0.120873E-03   -0.945083E-04
 5.77334   -0.955601E-04    0.120331E-03   -0.935446E-04
 5.79136   -0.951467E-04    0.119788E-03   -0.925846E-04
 5.80939   -0.947282E-04    0.119244E-03   -0.916291E-04
 5.82741   -0.943050E-04    0.118699E-03   -0.906782E-04
 5.84544   -0.938774E-04    0.118153E-03   -0.897324E-04
 5.86347   -0.934458E-04    0.117607E-03   -0.887904E-04
 5.88149   -0.930105E-04    0.117060E-03   -0.878540E-04
 5.89952   -0.925717E-04    0.116513E-03   -0.869234E-04
 5.91755   -0.921297E-04    0.115965E-03   -0.859961E-04
 5.93557   -0.916847E-04    0.115418E-03   -0.850746E-04
 5.95360   -0.912372E-04    0.114871E-03   -0.841576E-04
 5.97162   -0.907873E-04    0.114324E-03   -0.832465E-04
 5.98965   -0.903352E-04    0.113777E-03   -0.823409E-04
 6.00768   -0.898811E-04    0.113230E-03   -0.814406E-04
 6.02570   -0.894253E-04    0.112685E-03   -0.805459E-04
 6.04373   -0.889680E-04    0.112139E-03   -0.796566E-04
 6.06175   -0.885093E-04    0.111595E-03   -0.787733E-04
 6.07978   -0.880495E-04    0.111051E-03   -0.778953E-04
 6.09781   -0.875888E-04    0.110508E-03   -0.770236E-04
 6.11583   -0.871272E-04    0.109967E-03   -0.761565E-04
 6.13386   -0.866649E-04    0.109426E-03   -0.752960E-04
 6.15188   -0.862022E-04    0.108886E-03   -0.744413E-04
 6.16991   -0.857387E-04    0.108348E-03   -0.735925E-04
 6.18794   -0.852759E-04    0.107811E-03   -0.727497E-04
 6.20596   -0.848121E-04    0.107275E-03   -0.719128E-04
 6.22399   -0.843493E-04    0.106741E-03   -0.710819E-04
 6.24201   -0.838863E-04    0.106208E-03   -0.702569E-04
 6.26004   -0.834235E-04    0.105676E-03   -0.694380E-04
 6.27807   -0.829612E-04    0.105146E-03   -0.686252E-04
 6.29609   -0.824995E-04    0.104618E-03   -0.678182E-04
 6.31412   -0.820384E-04    0.104092E-03   -0.670171E-04
 6.33214   -0.815781E-04    0.103567E-03   -0.662226E-04
 6.35017   -0.811186E-04    0.103044E-03   -0.654327E-04
 6.36820   -0.806601E-04    0.102523E-03   -0.646495E-04
 6.38622   -0.802027E-04    0.102003E-03   -0.638720E-04
 6.40425   -0.797464E-04    0.101486E-03   -0.631005E-04
 6.42227   -0.792914E-04    0.100971E-03   -0.623351E-04
 6.44030   -0.788377E-04    0.100457E-03   -0.615751E-04
 6.45833   -0.783863E-04    0.999457E-04   -0.608208E-04
 6.47635   -0.779439E-04    0.994364E-04   -0.600723E-04
 6.49438   -0.774854E-04    0.989291E-04   -0.593297E-04
 6.51240   -0.770378E-04    0.984241E-04   -0.585924E-04
 6.53043   -0.765920E-04    0.979211E-04   -0.578609E-04
 6.54846   -0.761479E-04    0.974204E-04   -0.571350E-04
 6.56648   -0.757062E-04    0.969220E-04   -0.564147E-04
 6.58451   -0.752656E-04    0.964258E-04   -0.557000E-04
 6.60254   -0.748274E-04    0.959319E-04   -0.549908E-04
 6.62056   -0.743987E-04    0.954405E-04   -0.542872E-04
 6.63859   -0.739647E-04    0.949512E-04   -0.535891E-04
 6.65661   -0.735329E-04    0.944644E-04   -0.528966E-04
 6.67464   -0.731034E-04    0.939800E-04   -0.522095E-04
 6.69267   -0.726761E-04    0.934980E-04   -0.515280E-04
 6.71069   -0.722512E-04    0.930185E-04   -0.508519E-04
 6.72872   -0.718287E-04    0.925415E-04   -0.501814E-04
 6.74674   -0.714087E-04    0.920670E-04   -0.495163E-04
 6.76477   -0.709912E-04    0.915950E-04   -0.488567E-04
 6.78280   -0.705762E-04    0.911255E-04   -0.482024E-04
 6.80082   -0.701646E-04    0.906586E-04   -0.475537E-04
 6.81885   -0.697541E-04    0.901942E-04   -0.469105E-04
 6.83687   -0.693470E-04    0.897324E-04   -0.462728E-04
 6.85490   -0.689426E-04    0.892732E-04   -0.456406E-04
 6.87293   -0.685408E-04    0.888166E-04   -0.450139E-04
 6.89095   -0.681419E-04    0.883626E-04   -0.443925E-04
 6.90898   -0.677457E-04    0.879111E-04   -0.437764E-04
 6.92700   -0.673522E-04    0.874624E-04   -0.431658E-04
 6.94503   -0.669616E-04    0.870162E-04   -0.425606E-04
 6.96306   -0.665737E-04    0.865726E-04   -0.419605E-04
 6.98108   -0.661887E-04    0.861317E-04   -0.413662E-04
 6.99911   -0.658064E-04    0.856933E-04   -0.407767E-04
 7.01713   -0.654270E-04    0.852576E-04   -0.401927E-04
 7.03516   -0.650503E-04    0.848244E-04   -0.396139E-04
 7.05319   -0.646766E-04    0.843939E-04   -0.390403E-04
 7.07121   -0.643058E-04    0.839659E-04   -0.384719E-04
 7.08924   -0.639371E-04    0.835405E-04   -0.379087E-04
 7.10726   -0.635715E-04    0.831177E-04   -0.373504E-04
 7.12529   -0.632087E-04    0.826974E-04   -0.367973E-04
 7.14332   -0.628485E-04    0.822797E-04   -0.362493E-04
 7.16134   -0.624911E-04    0.818644E-04   -0.357062E-04
 7.17937   -0.621363E-04    0.814517E-04   -0.351680E-04
 7.19739   -0.617841E-04    0.810414E-04   -0.346348E-04
 7.21542   -0.614345E-04    0.806335E-04   -0.341065E-04
 7.23345   -0.610875E-04    0.802281E-04   -0.335829E-04
 7.25147   -0.607429E-04    0.798251E-04   -0.330641E-04
 7.26950   -0.604009E-04    0.794244E-04   -0.325500E-04
 7.28753   -0.600612E-04    0.790261E-04   -0.320406E-04
 7.30555   -0.597239E-04    0.786303E-04   -0.315359E-04
 7.32358   -0.593890E-04    0.782366E-04   -0.310357E-04
 7.34160   -0.590563E-04    0.778452E-04   -0.305401E-04
 7.35963   -0.587258E-04    0.774559E-04   -0.300488E-04
 7.37766   -0.583976E-04    0.770689E-04   -0.295623E-04
 7.39568   -0.580714E-04    0.766841E-04   -0.290799E-04
 7.41371   -0.577474E-04    0.763014E-04   -0.286020E-04
 7.43173   -0.574253E-04    0.759209E-04   -0.281283E-04
 7.44976   -0.571053E-04    0.755424E-04   -0.276589E-04
 7.46779   -0.567871E-04    0.751660E-04   -0.271937E-04
 7.48581   -0.564709E-04    0.747916E-04   -0.267328E-04
 7.50384   -0.561565E-04    0.744193E-04   -0.262758E-04
 7.52186   -0.558438E-04    0.740488E-04   -0.258230E-04
 7.53989   -0.555273E-04    0.736803E-04   -0.253743E-04
 7.55792   -0.552181E-04    0.733137E-04   -0.249294E-04
 7.57594   -0.549105E-04    0.729490E-04   -0.244886E-04
 7.59397   -0.546045E-04    0.725862E-04   -0.240516E-04
 7.61199   -0.543000E-04    0.722252E-04   -0.236187E-04
 7.63002   -0.539971E-04    0.718659E-04   -0.231893E-04
 7.64805   -0.536956E-04    0.715085E-04   -0.227638E-04
 7.66607   -0.533956E-04    0.711528E-04   -0.223420E-04
 7.68410   -0.530969E-04    0.707988E-04   -0.219240E-04
 7.70212   -0.527996E-04    0.704466E-04   -0.215096E-04
 7.72015   -0.525037E-04    0.700960E-04   -0.210988E-04
 7.73818   -0.522090E-04    0.697471E-04   -0.206916E-04
 7.75620   -0.519156E-04    0.693998E-04   -0.202880E-04
 7.77423   -0.516234E-04    0.690542E-04   -0.198880E-04
 7.79225   -0.513324E-04    0.687103E-04   -0.194912E-04
 7.81028   -0.510426E-04    0.683678E-04   -0.190981E-04
 7.82831   -0.507540E-04    0.680270E-04   -0.187083E-04
 7.84633   -0.504666E-04    0.676876E-04   -0.183219E-04
 7.86436   -0.501803E-04    0.673499E-04   -0.179388E-04
 7.88238   -0.498951E-04    0.670137E-04   -0.175591E-04
 7.90041   -0.496110E-04    0.666791E-04   -0.171828E-04
 7.91844   -0.493281E-04    0.663460E-04   -0.168096E-04
 7.93646   -0.490462E-04    0.660144E-04   -0.164397E-04
 7.95449   -0.487655E-04    0.656843E-04   -0.160730E-04
 7.97252   -0.484858E-04    0.653557E-04   -0.157095E-04
 7.99054   -0.482072E-04    0.650286E-04   -0.153492E-04
 8.00857   -0.479297E-04    0.647030E-04   -0.149920E-04
 8.02659   -0.476533E-04    0.643789E-04   -0.146380E-04
 8.04462   -0.473780E-04    0.640563E-04   -0.142870E-04
 8.06265   -0.471038E-04    0.637351E-04   -0.139392E-04
 8.08067   -0.468307E-04    0.634155E-04   -0.135943E-04
 8.09870   -0.465588E-04    0.630973E-04   -0.132525E-04
 8.11672   -0.462879E-04    0.627806E-04   -0.129138E-04
 8.13475   -0.460182E-04    0.624653E-04   -0.125781E-04
 8.15278   -0.457493E-04    0.621516E-04   -0.122453E-04
 8.17080   -0.454820E-04    0.618393E-04   -0.119155E-04
 8.18883   -0.452157E-04    0.615285E-04   -0.115887E-04
 8.20685   -0.449506E-04    0.612192E-04   -0.112648E-04
 8.22488   -0.446866E-04    0.609113E-04   -0.109437E-04
 8.24291   -0.444238E-04    0.606050E-04   -0.106257E-04
 8.26093   -0.441621E-04    0.603002E-04   -0.103104E-04
 8.27896   -0.439017E-04    0.599968E-04   -0.999806E-05
 8.29698   -0.436425E-04    0.596949E-04   -0.968850E-05
 8.31501   -0.433846E-04    0.593944E-04   -0.938369E-05
 8.33304   -0.431278E-04    0.590954E-04   -0.907981E-05
 8.35106   -0.428724E-04    0.587979E-04   -0.877871E-05
 8.36909   -0.426181E-04    0.585019E-04   -0.847860E-05
 8.38711   -0.423652E-04    0.582074E-04   -0.818304E-05
 8.40514   -0.421135E-04    0.579144E-04   -0.789026E-05
 8.42317   -0.418631E-04    0.576229E-04   -0.760019E-05
 8.44119   -0.416140E-04    0.573328E-04   -0.731294E-05
 8.45922   -0.413662E-04    0.570443E-04   -0.702825E-05
 8.47724   -0.411197E-04    0.567572E-04   -0.674628E-05
 8.49527   -0.408745E-04    0.564716E-04   -0.646700E-05
 8.51330   -0.406308E-04    0.561876E-04   -0.619037E-05
 8.53132   -0.403885E-04    0.559050E-04   -0.591646E-05
 8.54935   -0.401473E-04    0.556238E-04   -0.564503E-05
 8.56737   -0.399075E-04    0.553442E-04   -0.537632E-05
 8.58540   -0.396691E-04    0.550660E-04   -0.511011E-05
 8.60343   -0.394320E-04    0.547894E-04   -0.484657E-05
 8.62145   -0.391960E-04    0.545142E-04   -0.458550E-05
 8.63948   -0.389615E-04    0.542405E-04   -0.432701E-05
 8.65751   -0.387287E-04    0.539683E-04   -0.407108E-05
 8.67553   -0.384971E-04    0.536975E-04   -0.381758E-05
 8.69356   -0.382669E-04    0.534282E-04   -0.356663E-05
 8.71158   -0.380381E-04    0.531604E-04   -0.331812E-05
 8.72961   -0.378107E-04    0.528941E-04   -0.307210E-05
 8.74764   -0.375846E-04    0.526292E-04   -0.282851E-05
 8.76566   -0.373600E-04    0.523658E-04   -0.258737E-05
 8.78369   -0.371367E-04    0.521039E-04   -0.234859E-05
 8.80171   -0.369149E-04    0.518434E-04   -0.211223E-05
 8.81974   -0.366944E-04    0.515842E-04   -0.187828E-05
 8.83777   -0.364753E-04    0.513266E-04   -0.164667E-05
 8.85579   -0.362577E-04    0.510704E-04   -0.141737E-05
 8.87382   -0.360414E-04    0.508156E-04   -0.119042E-05
 8.89184   -0.358265E-04    0.505623E-04   -0.965796E-06
 8.90987   -0.356130E-04    0.503105E-04   -0.743503E-06
 8.92790   -0.354009E-04    0.500600E-04   -0.523448E-06
 8.94592   -0.351902E-04    0.498110E-04   -0.305638E-06
 8.96395   -0.349808E-04    0.495634E-04   -0.901000E-07
 8.98197   -0.347729E-04    0.493172E-04    0.123208E-06
 9.00000   -0.345664E-04    0.490724E-04    0.334277E-06
