 0.00500    0.545087E-02   -0.288678E-02    0.234098E-02
 0.02303    0.442673E-02   -0.237464E-02    0.195672E-02
 0.04105    0.383264E-02   -0.207742E-02    0.173350E-02
 0.05908    0.340263E-02   -0.186218E-02    0.157164E-02
 0.07710    0.306552E-02   -0.169332E-02    0.144446E-02
 0.09513    0.278946E-02   -0.155493E-02    0.134003E-02
 0.11316    0.255695E-02   -0.143827E-02    0.125184E-02
 0.13118    0.235725E-02   -0.133797E-02    0.117583E-02
 0.14921    0.218320E-02   -0.125047E-02    0.110934E-02
 0.16723    0.202979E-02   -0.117324E-02    0.105050E-02
 0.18526    0.189331E-02   -0.110445E-02    0.997936E-03
 0.20329    0.177098E-02   -0.104271E-02    0.950611E-03
 0.22131    0.166065E-02   -0.986946E-03    0.907720E-03
 0.23934    0.156058E-02   -0.936296E-03    0.868628E-03
 0.25736    0.146943E-02   -0.890075E-03    0.832822E-03
 0.27539    0.138605E-02   -0.847729E-03    0.799883E-03
 0.29342    0.130950E-02   -0.808771E-03    0.769462E-03
 0.31144    0.123899E-02   -0.772820E-03    0.741269E-03
 0.32947    0.117386E-02   -0.739543E-03    0.715058E-03
 0.34749    0.111353E-02   -0.708658E-03    0.690619E-03
 0.36552    0.105753E-02   -0.679922E-03    0.667772E-03
 0.38355    0.100542E-02   -0.653122E-03    0.646360E-03
 0.40157    0.956834E-03   -0.628074E-03    0.626247E-03
 0.41960    0.911448E-03   -0.604619E-03    0.607313E-03
 0.43763    0.868976E-03   -0.582613E-03    0.589454E-03
 0.45565    0.829167E-03   -0.561931E-03    0.572577E-03
 0.47368    0.791795E-03   -0.542462E-03    0.556600E-03
 0.49170    0.756660E-03   -0.524106E-03    0.541449E-03
 0.50973    0.723584E-03   -0.506774E-03    0.527059E-03
 0.52776    0.692404E-03   -0.490387E-03    0.513372E-03
 0.54578    0.662978E-03   -0.474872E-03    0.500333E-03
 0.56381    0.635172E-03   -0.460165E-03    0.487895E-03
 0.58183    0.608870E-03   -0.446207E-03    0.476016E-03
 0.59986    0.583965E-03   -0.432945E-03    0.464656E-03
 0.61789    0.560358E-03   -0.420330E-03    0.453780E-03
 0.63591    0.537959E-03   -0.408318E-03    0.443354E-03
 0.65394    0.516689E-03   -0.396869E-03    0.433350E-03
 0.67196    0.496473E-03   -0.385946E-03    0.423741E-03
 0.68999    0.477242E-03   -0.375516E-03    0.414501E-03
 0.70802    0.458935E-03   -0.365546E-03    0.405608E-03
 0.72604    0.441492E-03   -0.356010E-03    0.397041E-03
 0.74407    0.424862E-03   -0.346880E-03    0.388782E-03
 0.76209    0.408995E-03   -0.338132E-03    0.380811E-03
 0.78012    0.393846E-03   -0.329744E-03    0.373113E-03
 0.79815    0.379373E-03   -0.321695E-03    0.365673E-03
 0.81617    0.365541E-03   -0.313966E-03    0.358476E-03
 0.83420    0.352304E-03   -0.306540E-03    0.351509E-03
 0.85222    0.339638E-03   -0.299399E-03    0.344762E-03
 0.87025    0.327509E-03   -0.292528E-03    0.338221E-03
 0.88828    0.315889E-03   -0.285913E-03    0.331877E-03
 0.90630    0.304749E-03   -0.279540E-03    0.325720E-03
 0.92433    0.294065E-03   -0.273398E-03    0.319741E-03
 0.94235    0.283817E-03   -0.267474E-03    0.313932E-03
 0.96038    0.273976E-03   -0.261758E-03    0.308283E-03
 0.97841    0.264525E-03   -0.256240E-03    0.302789E-03
 0.99643    0.255445E-03   -0.250909E-03    0.297442E-03
 1.01446    0.246717E-03   -0.245757E-03    0.292235E-03
 1.03248    0.238324E-03   -0.240775E-03    0.287162E-03
 1.05051    0.230251E-03   -0.235956E-03    0.282218E-03
 1.06854    0.222482E-03   -0.231293E-03    0.277397E-03
 1.08656    0.215003E-03   -0.226777E-03    0.272694E-03
 1.10459    0.207802E-03   -0.222403E-03    0.268103E-03
 1.12262    0.200865E-03   -0.218165E-03    0.263622E-03
 1.14064    0.194180E-03   -0.214052E-03    0.259244E-03
 1.15867    0.187736E-03   -0.210070E-03    0.254967E-03
 1.17669    0.181523E-03   -0.206203E-03    0.250786E-03
 1.19472    0.175531E-03   -0.202451E-03    0.246698E-03
 1.21275    0.169750E-03   -0.198807E-03    0.242698E-03
 1.23077    0.164172E-03   -0.195267E-03    0.238785E-03
 1.24880    0.158787E-03   -0.191828E-03    0.234955E-03
 1.26682    0.153587E-03   -0.188486E-03    0.231205E-03
 1.28485    0.148566E-03   -0.185236E-03    0.227531E-03
 1.30288    0.143716E-03   -0.182074E-03    0.223932E-03
 1.32090    0.139029E-03   -0.178999E-03    0.220405E-03
 1.33893    0.134500E-03   -0.176006E-03    0.216948E-03
 1.35695    0.130121E-03   -0.173091E-03    0.213558E-03
 1.37498    0.125888E-03   -0.170254E-03    0.210233E-03
 1.39301    0.121794E-03   -0.167489E-03    0.206970E-03
 1.41103    0.117835E-03   -0.164795E-03    0.203769E-03
 1.42906    0.114004E-03   -0.162170E-03    0.200627E-03
 1.44708    0.110297E-03   -0.159610E-03    0.197542E-03
 1.46511    0.106710E-03   -0.157113E-03    0.194513E-03
 1.48314    0.103238E-03   -0.154678E-03    0.191537E-03
 1.50116    0.998767E-04   -0.152302E-03    0.188614E-03
 1.51919    0.966220E-04   -0.149983E-03    0.185742E-03
 1.53721    0.934703E-04   -0.147720E-03    0.182919E-03
 1.55524    0.904176E-04   -0.145509E-03    0.180144E-03
 1.57327    0.874607E-04   -0.143350E-03    0.177416E-03
 1.59129    0.845962E-04   -0.141242E-03    0.174733E-03
 1.60932    0.818207E-04   -0.139181E-03    0.172095E-03
 1.62734    0.791314E-04   -0.137167E-03    0.169499E-03
 1.64537    0.765251E-04   -0.135199E-03    0.166946E-03
 1.66340    0.739992E-04   -0.133272E-03    0.164433E-03
 1.68142    0.715510E-04   -0.131392E-03    0.161960E-03
 1.69945    0.691780E-04   -0.129551E-03    0.159526E-03
 1.71747    0.668777E-04   -0.127751E-03    0.157131E-03
 1.73550    0.646478E-04   -0.125989E-03    0.154772E-03
 1.75353    0.624862E-04   -0.124265E-03    0.152449E-03
 1.77155    0.603906E-04   -0.122578E-03    0.150162E-03
 1.78958    0.583591E-04   -0.120926E-03    0.147909E-03
 1.80761    0.563898E-04   -0.119310E-03    0.145691E-03
 1.82563    0.544808E-04   -0.117727E-03    0.143505E-03
 1.84366    0.526304E-04   -0.116177E-03    0.141352E-03
 1.86168    0.508371E-04   -0.114659E-03    0.139231E-03
 1.87971    0.490991E-04   -0.113173E-03    0.137141E-03
 1.89774    0.474151E-04   -0.111717E-03    0.135082E-03
 1.91576    0.457836E-04   -0.110291E-03    0.133052E-03
 1.93379    0.442033E-04   -0.108894E-03    0.131053E-03
 1.95181    0.426729E-04   -0.107525E-03    0.129082E-03
 1.96984    0.411912E-04   -0.106185E-03    0.127139E-03
 1.98787    0.397570E-04   -0.104872E-03    0.125225E-03
 2.00589    0.383693E-04   -0.103585E-03    0.123338E-03
 2.02392    0.370270E-04   -0.102325E-03    0.121478E-03
 2.04194    0.357291E-04   -0.101090E-03    0.119645E-03
 2.05997    0.344747E-04   -0.998808E-04    0.117839E-03
 2.07800    0.332629E-04   -0.986961E-04    0.116058E-03
 2.09602    0.320926E-04   -0.975355E-04    0.114303E-03
 2.11405    0.309632E-04   -0.963988E-04    0.112572E-03
 2.13207    0.298737E-04   -0.952854E-04    0.110867E-03
 2.15010    0.288233E-04   -0.941949E-04    0.109186E-03
 2.16813    0.278113E-04   -0.931268E-04    0.107528E-03
 2.18615    0.268367E-04   -0.920808E-04    0.105895E-03
 2.20418    0.258988E-04   -0.910564E-04    0.104285E-03
 2.22220    0.249966E-04   -0.900530E-04    0.102697E-03
 2.24023    0.241294E-04   -0.890704E-04    0.101132E-03
 2.25826    0.232963E-04   -0.881080E-04    0.995896E-04
 2.27628    0.224962E-04   -0.871653E-04    0.980685E-04
 2.29431    0.217283E-04   -0.862419E-04    0.965686E-04
 2.31233    0.209916E-04   -0.853371E-04    0.950895E-04
 2.33036    0.202850E-04   -0.844505E-04    0.936307E-04
 2.34839    0.196075E-04   -0.835815E-04    0.921918E-04
 2.36641    0.189578E-04   -0.827294E-04    0.907723E-04
 2.38444    0.183348E-04   -0.818937E-04    0.893715E-04
 2.40246    0.177372E-04   -0.810736E-04    0.879891E-04
 2.42049    0.171637E-04   -0.802687E-04    0.866244E-04
 2.43852    0.166130E-04   -0.794779E-04    0.852768E-04
 2.45654    0.160836E-04   -0.787008E-04    0.839458E-04
 2.47457    0.155741E-04   -0.779364E-04    0.826306E-04
 2.49260    0.150830E-04   -0.771840E-04    0.813308E-04
 2.51062    0.146087E-04   -0.764429E-04    0.800454E-04
 2.52865    0.141496E-04   -0.757122E-04    0.787740E-04
 2.54667    0.137042E-04   -0.749911E-04    0.775161E-04
 2.56470    0.132707E-04   -0.742787E-04    0.762705E-04
 2.58273    0.128477E-04   -0.735741E-04    0.750369E-04
 2.60075    0.124333E-04   -0.728766E-04    0.738143E-04
 2.61878    0.120260E-04   -0.721852E-04    0.726024E-04
 2.63680    0.116242E-04   -0.714992E-04    0.714003E-04
 2.65483    0.112261E-04   -0.708178E-04    0.702073E-04
 2.67286    0.108304E-04   -0.701400E-04    0.690228E-04
 2.69088    0.104354E-04   -0.694651E-04    0.678462E-04
 2.70891    0.100397E-04   -0.687924E-04    0.666768E-04
 2.72693    0.964177E-05   -0.681212E-04    0.655141E-04
 2.74496    0.924039E-05   -0.674507E-04    0.643575E-04
 2.76299    0.883422E-05   -0.667803E-04    0.632068E-04
 2.78101    0.842211E-05   -0.661093E-04    0.620605E-04
 2.79904    0.800290E-05   -0.654373E-04    0.609191E-04
 2.81706    0.757568E-05   -0.647636E-04    0.597820E-04
 2.83509    0.713952E-05   -0.640879E-04    0.586486E-04
 2.85312    0.669362E-05   -0.634097E-04    0.575188E-04
 2.87114    0.623731E-05   -0.627288E-04    0.563921E-04
 2.88917    0.577000E-05   -0.620447E-04    0.552684E-04
 2.90719    0.529126E-05   -0.613572E-04    0.541474E-04
 2.92522    0.480073E-05   -0.606663E-04    0.530288E-04
 2.94325    0.429819E-05   -0.599717E-04    0.519132E-04
 2.96127    0.378354E-05   -0.592734E-04    0.507998E-04
 2.97930    0.325680E-05   -0.585715E-04    0.496889E-04
 2.99732    0.271810E-05   -0.578659E-04    0.485804E-04
 3.01535    0.216762E-05   -0.571568E-04    0.474743E-04
 3.03338    0.160570E-05   -0.564443E-04    0.463711E-04
 3.05140    0.103275E-05   -0.557287E-04    0.452707E-04
 3.06943    0.449298E-06   -0.550103E-04    0.441734E-04
 3.08745   -0.144056E-06   -0.542892E-04    0.430793E-04
 3.10548   -0.746622E-06   -0.535660E-04    0.419887E-04
 3.12351   -0.135763E-05   -0.528409E-04    0.409019E-04
 3.14153   -0.197625E-05   -0.521144E-04    0.398193E-04
 3.15956   -0.260157E-05   -0.513870E-04    0.387412E-04
 3.17759   -0.323266E-05   -0.506592E-04    0.376680E-04
 3.19561   -0.386851E-05   -0.499313E-04    0.366000E-04
 3.21364   -0.450811E-05   -0.492041E-04    0.355377E-04
 3.23166   -0.515041E-05   -0.484780E-04    0.344816E-04
 3.24969   -0.579426E-05   -0.477535E-04    0.334317E-04
 3.26772   -0.643863E-05   -0.470313E-04    0.323889E-04
 3.28574   -0.708236E-05   -0.463118E-04    0.313535E-04
 3.30377   -0.772435E-05   -0.455957E-04    0.303257E-04
 3.32179   -0.836347E-05   -0.448836E-04    0.293063E-04
 3.33982   -0.899860E-05   -0.441760E-04    0.282954E-04
 3.35785   -0.962876E-05   -0.434734E-04    0.272937E-04
 3.37587   -0.102528E-04   -0.427763E-04    0.263014E-04
 3.39390   -0.108698E-04   -0.420853E-04    0.253190E-04
 3.41192   -0.114787E-04   -0.414010E-04    0.243468E-04
 3.42995   -0.120786E-04   -0.407236E-04    0.233852E-04
 3.44798   -0.126685E-04   -0.400538E-04    0.224345E-04
 3.46600   -0.132478E-04   -0.393919E-04    0.214951E-04
 3.48403   -0.138155E-04   -0.387384E-04    0.205672E-04
 3.50205   -0.143709E-04   -0.380935E-04    0.196512E-04
 3.52008   -0.149134E-04   -0.374577E-04    0.187472E-04
 3.53811   -0.154423E-04   -0.368313E-04    0.178555E-04
 3.55613   -0.159570E-04   -0.362145E-04    0.169763E-04
 3.57416   -0.164572E-04   -0.356076E-04    0.161097E-04
 3.59218   -0.169423E-04   -0.350108E-04    0.152560E-04
 3.61021   -0.174120E-04   -0.344242E-04    0.144152E-04
 3.62824   -0.178659E-04   -0.338481E-04    0.135875E-04
 3.64626   -0.183039E-04   -0.332826E-04    0.127729E-04
 3.66429   -0.187256E-04   -0.327278E-04    0.119715E-04
 3.68231   -0.191310E-04   -0.321836E-04    0.111833E-04
 3.70034   -0.195200E-04   -0.316502E-04    0.104083E-04
 3.71837   -0.198926E-04   -0.311276E-04    0.964651E-05
 3.73639   -0.202487E-04   -0.306158E-04    0.889790E-05
 3.75442   -0.205883E-04   -0.301147E-04    0.816241E-05
 3.77244   -0.209118E-04   -0.296242E-04    0.743998E-05
 3.79047   -0.212190E-04   -0.291444E-04    0.673053E-05
 3.80850   -0.215103E-04   -0.286750E-04    0.603392E-05
 3.82652   -0.217855E-04   -0.282160E-04    0.535011E-05
 3.84455   -0.220455E-04   -0.277673E-04    0.467891E-05
 3.86258   -0.222902E-04   -0.273287E-04    0.402021E-05
 3.88060   -0.225200E-04   -0.269000E-04    0.337382E-05
 3.89863   -0.227351E-04   -0.264811E-04    0.273964E-05
 3.91665   -0.229359E-04   -0.260718E-04    0.211747E-05
 3.93468   -0.231227E-04   -0.256719E-04    0.150715E-05
 3.95271   -0.232960E-04   -0.252812E-04    0.908497E-06
 3.97073   -0.234560E-04   -0.248995E-04    0.321289E-06
 3.98876   -0.236032E-04   -0.245267E-04   -0.254599E-06
 4.00678   -0.237379E-04   -0.241624E-04   -0.819406E-06
 4.02481   -0.238606E-04   -0.238065E-04   -0.137332E-05
 4.04284   -0.239717E-04   -0.234587E-04   -0.191653E-05
 4.06086   -0.240715E-04   -0.231189E-04   -0.244922E-05
 4.07889   -0.241606E-04   -0.227869E-04   -0.297163E-05
 4.09691   -0.242391E-04   -0.224623E-04   -0.348392E-05
 4.11494   -0.243077E-04   -0.221451E-04   -0.398630E-05
 4.13297   -0.243666E-04   -0.218350E-04   -0.447898E-05
 4.15099   -0.244162E-04   -0.215317E-04   -0.496214E-05
 4.16902   -0.244570E-04   -0.212351E-04   -0.543597E-05
 4.18704   -0.244893E-04   -0.209450E-04   -0.590067E-05
 4.20507   -0.245134E-04   -0.206611E-04   -0.635644E-05
 4.22310   -0.245298E-04   -0.203834E-04   -0.680344E-05
 4.24112   -0.245389E-04   -0.201115E-04   -0.724188E-05
 4.25915   -0.245408E-04   -0.198453E-04   -0.767191E-05
 4.27717   -0.245360E-04   -0.195846E-04   -0.809373E-05
 4.29520   -0.245248E-04   -0.193292E-04   -0.850748E-05
 4.31323   -0.245075E-04   -0.190790E-04   -0.891333E-05
 4.33125   -0.244844E-04   -0.188338E-04   -0.931153E-05
 4.34928   -0.244558E-04   -0.185935E-04   -0.970213E-05
 4.36730   -0.244219E-04   -0.183578E-04   -0.100853E-04
 4.38533   -0.243831E-04   -0.181266E-04   -0.104613E-04
 4.40336   -0.243397E-04   -0.178999E-04   -0.108301E-04
 4.42138   -0.242918E-04   -0.176773E-04   -0.111920E-04
 4.43941   -0.242397E-04   -0.174589E-04   -0.115470E-04
 4.45743   -0.241836E-04   -0.172444E-04   -0.118954E-04
 4.47546   -0.241238E-04   -0.170338E-04   -0.122372E-04
 4.49349   -0.240605E-04   -0.168268E-04   -0.125726E-04
 4.51151   -0.239939E-04   -0.166235E-04   -0.129017E-04
 4.52954   -0.239241E-04   -0.164237E-04   -0.132246E-04
 4.54757   -0.238514E-04   -0.162273E-04   -0.135414E-04
 4.56559   -0.237759E-04   -0.160341E-04   -0.138524E-04
 4.58362   -0.236982E-04   -0.158441E-04   -0.141575E-04
 4.60164   -0.236177E-04   -0.156572E-04   -0.144569E-04
 4.61967   -0.235349E-04   -0.154733E-04   -0.147507E-04
 4.63770   -0.234500E-04   -0.152923E-04   -0.150389E-04
 4.65572   -0.233631E-04   -0.151141E-04   -0.153218E-04
 4.67375   -0.232743E-04   -0.149386E-04   -0.155994E-04
 4.69177   -0.231839E-04   -0.147658E-04   -0.158718E-04
 4.70980   -0.230918E-04   -0.145955E-04   -0.161391E-04
 4.72783   -0.229982E-04   -0.144278E-04   -0.164013E-04
 4.74585   -0.229033E-04   -0.142625E-04   -0.166586E-04
 4.76388   -0.228071E-04   -0.140995E-04   -0.169111E-04
 4.78190   -0.227097E-04   -0.139389E-04   -0.171588E-04
 4.79993   -0.226112E-04   -0.137805E-04   -0.174018E-04
 4.81796   -0.225118E-04   -0.136243E-04   -0.176402E-04
 4.83598   -0.224114E-04   -0.134703E-04   -0.178740E-04
 4.85401   -0.223102E-04   -0.133183E-04   -0.181033E-04
 4.87203   -0.222082E-04   -0.131683E-04   -0.183283E-04
 4.89006   -0.221056E-04   -0.130203E-04   -0.185488E-04
 4.90809   -0.220024E-04   -0.128742E-04   -0.187652E-04
 4.92611   -0.218987E-04   -0.127301E-04   -0.189773E-04
 4.94414   -0.217944E-04   -0.125877E-04   -0.191853E-04
 4.96216   -0.216898E-04   -0.124471E-04   -0.193892E-04
 4.98019   -0.215848E-04   -0.123083E-04   -0.195891E-04
 4.99822   -0.214795E-04   -0.121712E-04   -0.197850E-04
 5.01624   -0.213739E-04   -0.120357E-04   -0.199771E-04
 5.03427   -0.212681E-04   -0.119019E-04   -0.201653E-04
 5.05229   -0.211622E-04   -0.117697E-04   -0.203498E-04
 5.07032   -0.210562E-04   -0.116390E-04   -0.205305E-04
 5.08835   -0.209501E-04   -0.115099E-04   -0.207075E-04
 5.10637   -0.208439E-04   -0.113822E-04   -0.208810E-04
 5.12440   -0.207378E-04   -0.112560E-04   -0.210510E-04
 5.14242   -0.206317E-04   -0.111313E-04   -0.212174E-04
 5.16045   -0.205257E-04   -0.110080E-04   -0.213804E-04
 5.17848   -0.204197E-04   -0.108860E-04   -0.215400E-04
 5.19650   -0.203140E-04   -0.107654E-04   -0.216963E-04
 5.21453   -0.202083E-04   -0.106461E-04   -0.218493E-04
 5.23256   -0.201029E-04   -0.105282E-04   -0.219991E-04
 5.25058   -0.199976E-04   -0.104115E-04   -0.221456E-04
 5.26861   -0.198927E-04   -0.102960E-04   -0.222890E-04
 5.28663   -0.197879E-04   -0.101818E-04   -0.224293E-04
 5.30466   -0.196835E-04   -0.100688E-04   -0.225665E-04
 5.32269   -0.195793E-04   -0.995697E-05   -0.227007E-04
 5.34071   -0.194755E-04   -0.984633E-05   -0.228319E-04
 5.35874   -0.193720E-04   -0.973683E-05   -0.229603E-04
 5.37676   -0.192688E-04   -0.962845E-05   -0.230856E-04
 5.39479   -0.191660E-04   -0.952120E-05   -0.232081E-04
 5.41282   -0.190636E-04   -0.941503E-05   -0.233278E-04
 5.43084   -0.189616E-04   -0.930995E-05   -0.234447E-04
 5.44887   -0.188599E-04   -0.920592E-05   -0.235588E-04
 5.46689   -0.187587E-04   -0.910294E-05   -0.236703E-04
 5.48492   -0.186579E-04   -0.900099E-05   -0.237790E-04
 5.50295   -0.185575E-04   -0.890006E-05   -0.238852E-04
 5.52097   -0.184576E-04   -0.880013E-05   -0.239887E-04
 5.53900   -0.183581E-04   -0.870118E-05   -0.240896E-04
 5.55702   -0.182591E-04   -0.860321E-05   -0.241880E-04
 5.57505   -0.181606E-04   -0.850620E-05   -0.242838E-04
 5.59308   -0.180625E-04   -0.841013E-05   -0.243772E-04
 5.61110   -0.179648E-04   -0.831500E-05   -0.244681E-04
 5.62913   -0.178677E-04   -0.822079E-05   -0.245566E-04
 5.64715   -0.177710E-04   -0.812749E-05   -0.246427E-04
 5.66518   -0.176748E-04   -0.803509E-05   -0.247265E-04
 5.68321   -0.175791E-04   -0.794359E-05   -0.248079E-04
 5.70123   -0.174839E-04   -0.785296E-05   -0.248870E-04
 5.71926   -0.173892E-04   -0.776319E-05   -0.249638E-04
 5.73728   -0.172950E-04   -0.767429E-05   -0.250384E-04
 5.75531   -0.172013E-04   -0.758623E-05   -0.251108E-04
 5.77334   -0.171081E-04   -0.749900E-05   -0.251809E-04
 5.79136   -0.170153E-04   -0.741261E-05   -0.252490E-04
 5.80939   -0.169231E-04   -0.732703E-05   -0.253148E-04
 5.82741   -0.168314E-04   -0.724226E-05   -0.253786E-04
 5.84544   -0.167402E-04   -0.715830E-05   -0.254403E-04
 5.86347   -0.166495E-04   -0.707512E-05   -0.255000E-04
 5.88149   -0.165593E-04   -0.699272E-05   -0.255576E-04
 5.89952   -0.164696E-04   -0.691110E-05   -0.256133E-04
 5.91755   -0.163804E-04   -0.683025E-05   -0.256670E-04
 5.93557   -0.162917E-04   -0.675016E-05   -0.257187E-04
 5.95360   -0.162035E-04   -0.667081E-05   -0.257685E-04
 5.97162   -0.161158E-04   -0.659221E-05   -0.258165E-04
 5.98965   -0.160286E-04   -0.651434E-05   -0.258625E-04
 6.00768   -0.159419E-04   -0.643720E-05   -0.259068E-04
 6.02570   -0.158557E-04   -0.636078E-05   -0.259492E-04
 6.04373   -0.157700E-04   -0.628507E-05   -0.259898E-04
 6.06175   -0.156848E-04   -0.621007E-05   -0.260286E-04
 6.07978   -0.156001E-04   -0.613577E-05   -0.260657E-04
 6.09781   -0.155159E-04   -0.606216E-05   -0.261011E-04
 6.11583   -0.154321E-04   -0.598924E-05   -0.261348E-04
 6.13386   -0.153489E-04   -0.591700E-05   -0.261667E-04
 6.15188   -0.152661E-04   -0.584543E-05   -0.261971E-04
 6.16991   -0.151838E-04   -0.577453E-05   -0.262257E-04
 6.18794   -0.151020E-04   -0.570426E-05   -0.262528E-04
 6.20596   -0.150207E-04   -0.563467E-05   -0.262782E-04
 6.22399   -0.149398E-04   -0.556574E-05   -0.263021E-04
 6.24201   -0.148594E-04   -0.549745E-05   -0.263245E-04
 6.26004   -0.147795E-04   -0.542980E-05   -0.263453E-04
 6.27807   -0.147000E-04   -0.536277E-05   -0.263645E-04
 6.29609   -0.146210E-04   -0.529638E-05   -0.263823E-04
 6.31412   -0.145424E-04   -0.523061E-05   -0.263986E-04
 6.33214   -0.144643E-04   -0.516549E-05   -0.264134E-04
 6.35017   -0.143867E-04   -0.510093E-05   -0.264268E-04
 6.36820   -0.143095E-04   -0.503700E-05   -0.264388E-04
 6.38622   -0.142327E-04   -0.497367E-05   -0.264494E-04
 6.40425   -0.141564E-04   -0.491094E-05   -0.264586E-04
 6.42227   -0.140805E-04   -0.484880E-05   -0.264664E-04
 6.44030   -0.140050E-04   -0.478725E-05   -0.264729E-04
 6.45833   -0.139299E-04   -0.472629E-05   -0.264780E-04
 6.47635   -0.138553E-04   -0.466590E-05   -0.264819E-04
 6.49438   -0.137811E-04   -0.460609E-05   -0.264844E-04
 6.51240   -0.137073E-04   -0.454685E-05   -0.264857E-04
 6.53043   -0.136339E-04   -0.448817E-05   -0.264857E-04
 6.54846   -0.135609E-04   -0.443005E-05   -0.264845E-04
 6.56648   -0.134884E-04   -0.437248E-05   -0.264820E-04
 6.58451   -0.134162E-04   -0.431547E-05   -0.264784E-04
 6.60254   -0.133445E-04   -0.425899E-05   -0.264735E-04
 6.62056   -0.132731E-04   -0.420307E-05   -0.264675E-04
 6.63859   -0.132021E-04   -0.414767E-05   -0.264603E-04
 6.65661   -0.131315E-04   -0.409281E-05   -0.264520E-04
 6.67464   -0.130614E-04   -0.403847E-05   -0.264426E-04
 6.69267   -0.129916E-04   -0.398465E-05   -0.264320E-04
 6.71069   -0.129221E-04   -0.393135E-05   -0.264204E-04
 6.72872   -0.128531E-04   -0.387856E-05   -0.264077E-04
 6.74674   -0.127845E-04   -0.382628E-05   -0.263939E-04
 6.76477   -0.127162E-04   -0.377450E-05   -0.263791E-04
 6.78280   -0.126483E-04   -0.372321E-05   -0.263633E-04
 6.80082   -0.125808E-04   -0.367242E-05   -0.263464E-04
 6.81885   -0.125137E-04   -0.362211E-05   -0.263286E-04
 6.83687   -0.124469E-04   -0.357229E-05   -0.263098E-04
 6.85490   -0.123805E-04   -0.352294E-05   -0.262900E-04
 6.87293   -0.123145E-04   -0.347406E-05   -0.262692E-04
 6.89095   -0.122489E-04   -0.342566E-05   -0.262475E-04
 6.90898   -0.121836E-04   -0.337771E-05   -0.262249E-04
 6.92700   -0.121187E-04   -0.333023E-05   -0.262014E-04
 6.94503   -0.120542E-04   -0.328319E-05   -0.261770E-04
 6.96306   -0.119900E-04   -0.323660E-05   -0.261518E-04
 6.98108   -0.119262E-04   -0.319046E-05   -0.261256E-04
 6.99911   -0.118628E-04   -0.314475E-05   -0.260986E-04
 7.01713   -0.117997E-04   -0.309948E-05   -0.260708E-04
 7.03516   -0.117370E-04   -0.305463E-05   -0.260421E-04
 7.05319   -0.116747E-04   -0.301020E-05   -0.260127E-04
 7.07121   -0.116127E-04   -0.296620E-05   -0.259824E-04
 7.08924   -0.115511E-04   -0.292261E-05   -0.259514E-04
 7.10726   -0.114899E-04   -0.287942E-05   -0.259196E-04
 7.12529   -0.114290E-04   -0.283665E-05   -0.258870E-04
 7.14332   -0.113685E-04   -0.279427E-05   -0.258537E-04
 7.16134   -0.113083E-04   -0.275229E-05   -0.258197E-04
 7.17937   -0.112485E-04   -0.271070E-05   -0.257849E-04
 7.19739   -0.111891E-04   -0.266949E-05   -0.257495E-04
 7.21542   -0.111300E-04   -0.262867E-05   -0.257134E-04
 7.23345   -0.110713E-04   -0.258823E-05   -0.256766E-04
 7.25147   -0.110130E-04   -0.254816E-05   -0.256391E-04
 7.26950   -0.109550E-04   -0.250847E-05   -0.256006E-04
 7.28753   -0.108973E-04   -0.246914E-05   -0.255618E-04
 7.30555   -0.108401E-04   -0.243017E-05   -0.255224E-04
 7.32358   -0.107831E-04   -0.239156E-05   -0.254823E-04
 7.34160   -0.107265E-04   -0.235331E-05   -0.254417E-04
 7.35963   -0.106703E-04   -0.231540E-05   -0.254004E-04
 7.37766   -0.106144E-04   -0.227785E-05   -0.253586E-04
 7.39568   -0.105589E-04   -0.224063E-05   -0.253162E-04
 7.41371   -0.105037E-04   -0.220376E-05   -0.252732E-04
 7.43173   -0.104489E-04   -0.216723E-05   -0.252297E-04
 7.44976   -0.103944E-04   -0.213102E-05   -0.251856E-04
 7.46779   -0.103402E-04   -0.209517E-05   -0.251410E-04
 7.48581   -0.102864E-04   -0.205961E-05   -0.250959E-04
 7.50384   -0.102330E-04   -0.202439E-05   -0.250502E-04
 7.52186   -0.101798E-04   -0.198948E-05   -0.250040E-04
 7.53989   -0.101271E-04   -0.195491E-05   -0.249574E-04
 7.55792   -0.100746E-04   -0.192063E-05   -0.249102E-04
 7.57594   -0.100225E-04   -0.188667E-05   -0.248626E-04
 7.59397   -0.997069E-05   -0.185301E-05   -0.248145E-04
 7.61199   -0.991924E-05   -0.181966E-05   -0.247660E-04
 7.63002   -0.986812E-05   -0.178661E-05   -0.247170E-04
 7.64805   -0.981732E-05   -0.175385E-05   -0.246675E-04
 7.66607   -0.976686E-05   -0.172139E-05   -0.246177E-04
 7.68410   -0.971671E-05   -0.168922E-05   -0.245674E-04
 7.70212   -0.966690E-05   -0.165734E-05   -0.245167E-04
 7.72015   -0.961740E-05   -0.162575E-05   -0.244655E-04
 7.73818   -0.956823E-05   -0.159444E-05   -0.244140E-04
 7.75620   -0.951937E-05   -0.156341E-05   -0.243621E-04
 7.77423   -0.947083E-05   -0.153267E-05   -0.243099E-04
 7.79225   -0.942260E-05   -0.150219E-05   -0.242572E-04
 7.81028   -0.937469E-05   -0.147199E-05   -0.242042E-04
 7.82831   -0.932709E-05   -0.144206E-05   -0.241509E-04
 7.84633   -0.927980E-05   -0.141240E-05   -0.240971E-04
 7.86436   -0.923281E-05   -0.138300E-05   -0.240431E-04
 7.88238   -0.918613E-05   -0.135387E-05   -0.239887E-04
 7.90041   -0.913976E-05   -0.132499E-05   -0.239340E-04
 7.91844   -0.909369E-05   -0.129638E-05   -0.238789E-04
 7.93646   -0.904791E-05   -0.126802E-05   -0.238239E-04
 7.95449   -0.900244E-05   -0.123991E-05   -0.237683E-04
 7.97252   -0.895726E-05   -0.121205E-05   -0.237123E-04
 7.99054   -0.891238E-05   -0.118445E-05   -0.236561E-04
 8.00857   -0.886779E-05   -0.115709E-05   -0.235996E-04
 8.02659   -0.882349E-05   -0.112997E-05   -0.235428E-04
 8.04462   -0.877948E-05   -0.110310E-05   -0.234857E-04
 8.06265   -0.873575E-05   -0.107646E-05   -0.234284E-04
 8.08067   -0.869231E-05   -0.105007E-05   -0.233708E-04
 8.09870   -0.864916E-05   -0.102391E-05   -0.233130E-04
 8.11672   -0.860628E-05   -0.997989E-06   -0.232549E-04
 8.13475   -0.856368E-05   -0.972297E-06   -0.231965E-04
 8.15278   -0.852136E-05   -0.946835E-06   -0.231380E-04
 8.17080   -0.847932E-05   -0.921602E-06   -0.230792E-04
 8.18883   -0.843755E-05   -0.896593E-06   -0.230202E-04
 8.20685   -0.839605E-05   -0.871809E-06   -0.229610E-04
 8.22488   -0.835482E-05   -0.847248E-06   -0.229016E-04
 8.24291   -0.831385E-05   -0.822906E-06   -0.228420E-04
 8.26093   -0.827315E-05   -0.798784E-06   -0.227821E-04
 8.27896   -0.823272E-05   -0.774878E-06   -0.227221E-04
 8.29698   -0.819255E-05   -0.751187E-06   -0.226619E-04
 8.31501   -0.815263E-05   -0.727710E-06   -0.226015E-04
 8.33304   -0.811298E-05   -0.704444E-06   -0.225410E-04
 8.35106   -0.807358E-05   -0.681387E-06   -0.224803E-04
 8.36909   -0.803443E-05   -0.658540E-06   -0.224194E-04
 8.38711   -0.799554E-05   -0.635898E-06   -0.223583E-04
 8.40514   -0.795689E-05   -0.613492E-06   -0.222971E-04
 8.42317   -0.791850E-05   -0.591227E-06   -0.222358E-04
 8.44119   -0.788034E-05   -0.569195E-06   -0.221743E-04
 8.45922   -0.784244E-05   -0.547363E-06   -0.221126E-04
 8.47724   -0.780477E-05   -0.525730E-06   -0.220509E-04
 8.49527   -0.776735E-05   -0.504293E-06   -0.219890E-04
 8.51330   -0.773016E-05   -0.483052E-06   -0.219269E-04
 8.53132   -0.769321E-05   -0.462004E-06   -0.218648E-04
 8.54935   -0.765649E-05   -0.441150E-06   -0.218025E-04
 8.56737   -0.762001E-05   -0.420486E-06   -0.217401E-04
 8.58540   -0.758375E-05   -0.400012E-06   -0.216777E-04
 8.60343   -0.754773E-05   -0.379727E-06   -0.216151E-04
 8.62145   -0.751193E-05   -0.359627E-06   -0.215524E-04
 8.63948   -0.747635E-05   -0.339713E-06   -0.214896E-04
 8.65751   -0.744100E-05   -0.319984E-06   -0.214267E-04
 8.67553   -0.740586E-05   -0.300437E-06   -0.213637E-04
 8.69356   -0.737094E-05   -0.281072E-06   -0.213007E-04
 8.71158   -0.733624E-05   -0.261887E-06   -0.212376E-04
 8.72961   -0.730176E-05   -0.242880E-06   -0.211744E-04
 8.74764   -0.726748E-05   -0.224052E-06   -0.211111E-04
 8.76566   -0.723342E-05   -0.205400E-06   -0.210477E-04
 8.78369   -0.719956E-05   -0.186923E-06   -0.209843E-04
 8.80171   -0.716592E-05   -0.168620E-06   -0.209209E-04
 8.81974   -0.713247E-05   -0.150490E-06   -0.208573E-04
 8.83777   -0.709923E-05   -0.132531E-06   -0.207938E-04
 8.85579   -0.706619E-05   -0.114743E-06   -0.207301E-04
 8.87382   -0.703335E-05   -0.971230E-07   -0.206664E-04
 8.89184   -0.700071E-05   -0.796708E-07   -0.206027E-04
 8.90987   -0.696826E-05   -0.623866E-07   -0.205390E-04
 8.92790   -0.693601E-05   -0.452663E-07   -0.204752E-04
 8.94592   -0.690395E-05   -0.283097E-07   -0.204113E-04
 8.96395   -0.687208E-05   -0.115157E-07   -0.203475E-04
 8.98197   -0.684040E-05    0.511701E-08   -0.202836E-04
 9.00000   -0.680891E-05    0.215895E-07   -0.202197E-04
