 0.00500    0.581522E-01   -0.280924E-01    0.201961E-01
 0.02303    0.470341E-01   -0.225347E-01    0.160291E-01
 0.04105    0.406038E-01   -0.193211E-01    0.136221E-01
 0.05908    0.359584E-01   -0.170010E-01    0.118865E-01
 0.07710    0.323227E-01   -0.151865E-01    0.105309E-01
 0.09513    0.293503E-01   -0.137041E-01    0.942540E-02
 0.11316    0.268506E-01   -0.124586E-01    0.849832E-02
 0.13118    0.247069E-01   -0.113915E-01    0.770562E-02
 0.14921    0.228414E-01   -0.104638E-01    0.701799E-02
 0.16723    0.211992E-01   -0.964818E-02    0.641490E-02
 0.18526    0.197407E-01   -0.892448E-02    0.588113E-02
 0.20329    0.184352E-01   -0.827761E-02    0.540532E-02
 0.22131    0.172594E-01   -0.769576E-02    0.497858E-02
 0.23934    0.161948E-01   -0.716968E-02    0.459386E-02
 0.25736    0.152263E-01   -0.669183E-02    0.424552E-02
 0.27539    0.143416E-01   -0.625602E-02    0.392887E-02
 0.29342    0.135305E-01   -0.585714E-02    0.364005E-02
 0.31144    0.127846E-01   -0.549093E-02    0.337583E-02
 0.32947    0.120967E-01   -0.515377E-02    0.313348E-02
 0.34749    0.114604E-01   -0.484255E-02    0.291066E-02
 0.36552    0.108706E-01   -0.455460E-02    0.270532E-02
 0.38355    0.103226E-01   -0.428761E-02    0.251573E-02
 0.40157    0.981248E-02   -0.403957E-02    0.234037E-02
 0.41960    0.933663E-02   -0.380871E-02    0.217789E-02
 0.43763    0.889202E-02   -0.359349E-02    0.202713E-02
 0.45565    0.847589E-02   -0.339253E-02    0.188703E-02
 0.47368    0.808584E-02   -0.320462E-02    0.175669E-02
 0.49170    0.771970E-02   -0.302866E-02    0.163526E-02
 0.50973    0.737551E-02   -0.286367E-02    0.152202E-02
 0.52776    0.705155E-02   -0.270879E-02    0.141629E-02
 0.54578    0.674627E-02   -0.256323E-02    0.131749E-02
 0.56381    0.645826E-02   -0.242629E-02    0.122509E-02
 0.58183    0.618623E-02   -0.229732E-02    0.113858E-02
 0.59986    0.592902E-02   -0.217573E-02    0.105753E-02
 0.61789    0.568558E-02   -0.206100E-02    0.981540E-03
 0.63591    0.545497E-02   -0.195266E-02    0.910247E-03
 0.65394    0.523632E-02   -0.185025E-02    0.843321E-03
 0.67196    0.502881E-02   -0.175339E-02    0.780453E-03
 0.68999    0.483171E-02   -0.166170E-02    0.721367E-03
 0.70802    0.464436E-02   -0.157483E-02    0.665804E-03
 0.72604    0.446613E-02   -0.149249E-02    0.613532E-03
 0.74407    0.429647E-02   -0.141439E-02    0.564335E-03
 0.76209    0.413483E-02   -0.134025E-02    0.518015E-03
 0.78012    0.398075E-02   -0.126985E-02    0.474387E-03
 0.79815    0.383377E-02   -0.120295E-02    0.433283E-03
 0.81617    0.369347E-02   -0.113935E-02    0.394544E-03
 0.83420    0.355949E-02   -0.107886E-02    0.358025E-03
 0.85222    0.343145E-02   -0.102129E-02    0.323594E-03
 0.87025    0.330903E-02   -0.966474E-03    0.291123E-03
 0.88828    0.319193E-02   -0.914270E-03    0.260498E-03
 0.90630    0.307984E-02   -0.864524E-03    0.231611E-03
 0.92433    0.297251E-02   -0.817102E-03    0.204359E-03
 0.94235    0.286968E-02   -0.771880E-03    0.178648E-03
 0.96038    0.277113E-02   -0.728741E-03    0.154392E-03
 0.97841    0.267662E-02   -0.687574E-03    0.131507E-03
 0.99643    0.258596E-02   -0.648279E-03    0.109917E-03
 1.01446    0.249895E-02   -0.610760E-03    0.895527E-04
 1.03248    0.241542E-02   -0.574926E-03    0.703457E-04
 1.05051    0.233520E-02   -0.540693E-03    0.522328E-04
 1.06854    0.225813E-02   -0.507979E-03    0.351546E-04
 1.08656    0.218405E-02   -0.476709E-03    0.190554E-04
 1.10459    0.211282E-02   -0.446815E-03    0.388267E-05
 1.12262    0.204432E-02   -0.418228E-03   -0.104124E-04
 1.14064    0.197842E-02   -0.390887E-03   -0.238753E-04
 1.15867    0.191499E-02   -0.364734E-03   -0.365497E-04
 1.17669    0.185394E-02   -0.339713E-03   -0.484755E-04
 1.19472    0.179515E-02   -0.315772E-03   -0.596921E-04
 1.21275    0.173852E-02   -0.292861E-03   -0.702353E-04
 1.23077    0.168396E-02   -0.270931E-03   -0.801398E-04
 1.24880    0.163139E-02   -0.249940E-03   -0.894384E-04
 1.26682    0.158059E-02   -0.229846E-03   -0.981612E-04
 1.28485    0.153184E-02   -0.210607E-03   -0.106337E-03
 1.30288    0.148471E-02   -0.192187E-03   -0.113994E-03
 1.32090    0.143924E-02   -0.174550E-03   -0.121157E-03
 1.33893    0.139538E-02   -0.157661E-03   -0.127852E-03
 1.35695    0.135304E-02   -0.141487E-03   -0.134104E-03
 1.37498    0.131218E-02   -0.125999E-03   -0.139930E-03
 1.39301    0.127273E-02   -0.111167E-03   -0.145353E-03
 1.41103    0.123463E-02   -0.969642E-04   -0.150390E-03
 1.42906    0.119783E-02   -0.833633E-04   -0.155066E-03
 1.44708    0.116229E-02   -0.703399E-04   -0.159395E-03
 1.46511    0.112794E-02   -0.578702E-04   -0.163395E-03
 1.48314    0.109476E-02   -0.459316E-04   -0.167082E-03
 1.50116    0.106269E-02   -0.345019E-04   -0.170470E-03
 1.51919    0.103168E-02   -0.235608E-04   -0.173574E-03
 1.53721    0.100171E-02   -0.130885E-04   -0.176409E-03
 1.55524    0.972731E-03   -0.306631E-05   -0.178985E-03
 1.57327    0.944707E-03    0.652340E-05   -0.181318E-03
 1.59129    0.917604E-03    0.156972E-04   -0.183417E-03
 1.60932    0.891391E-03    0.244714E-04   -0.185294E-03
 1.62734    0.866034E-03    0.328617E-04   -0.186959E-03
 1.64537    0.841504E-03    0.408818E-04   -0.188422E-03
 1.66340    0.817773E-03    0.485466E-04   -0.189693E-03
 1.68142    0.794813E-03    0.558686E-04   -0.190781E-03
 1.69945    0.772598E-03    0.628611E-04   -0.191694E-03
 1.71747    0.751102E-03    0.695356E-04   -0.192440E-03
 1.73550    0.730303E-03    0.759039E-04   -0.193028E-03
 1.75353    0.710177E-03    0.819768E-04   -0.193463E-03
 1.77155    0.690703E-03    0.877648E-04   -0.193753E-03
 1.78958    0.671862E-03    0.932767E-04   -0.193904E-03
 1.80761    0.653632E-03    0.985234E-04   -0.193923E-03
 1.82563    0.635996E-03    0.103513E-03   -0.193814E-03
 1.84366    0.618936E-03    0.108253E-03   -0.193584E-03
 1.86168    0.602436E-03    0.112752E-03   -0.193237E-03
 1.87971    0.586480E-03    0.117018E-03   -0.192778E-03
 1.89774    0.571053E-03    0.121058E-03   -0.192211E-03
 1.91576    0.556142E-03    0.124876E-03   -0.191541E-03
 1.93379    0.541733E-03    0.128481E-03   -0.190770E-03
 1.95181    0.527815E-03    0.131878E-03   -0.189903E-03
 1.96984    0.514376E-03    0.135071E-03   -0.188942E-03
 1.98787    0.501405E-03    0.138067E-03   -0.187890E-03
 2.00589    0.488893E-03    0.140868E-03   -0.186750E-03
 2.02392    0.476831E-03    0.143480E-03   -0.185524E-03
 2.04194    0.465210E-03    0.145906E-03   -0.184213E-03
 2.05997    0.454021E-03    0.148151E-03   -0.182820E-03
 2.07800    0.443257E-03    0.150217E-03   -0.181347E-03
 2.09602    0.432913E-03    0.152107E-03   -0.179795E-03
 2.11405    0.422980E-03    0.153824E-03   -0.178165E-03
 2.13207    0.413452E-03    0.155375E-03   -0.176458E-03
 2.15010    0.404325E-03    0.156754E-03   -0.174675E-03
 2.16813    0.395592E-03    0.157968E-03   -0.172819E-03
 2.18615    0.387248E-03    0.159019E-03   -0.170887E-03
 2.20418    0.379287E-03    0.159910E-03   -0.168884E-03
 2.22220    0.371704E-03    0.160642E-03   -0.166808E-03
 2.24023    0.364494E-03    0.161218E-03   -0.164661E-03
 2.25826    0.357651E-03    0.161641E-03   -0.162444E-03
 2.27628    0.351168E-03    0.161913E-03   -0.160159E-03
 2.29431    0.345039E-03    0.162037E-03   -0.157806E-03
 2.31233    0.339257E-03    0.162016E-03   -0.155387E-03
 2.33036    0.333814E-03    0.161853E-03   -0.152904E-03
 2.34839    0.328700E-03    0.161554E-03   -0.150359E-03
 2.36641    0.323907E-03    0.161123E-03   -0.147755E-03
 2.38444    0.319423E-03    0.160563E-03   -0.145094E-03
 2.40246    0.315238E-03    0.159880E-03   -0.142382E-03
 2.42049    0.311337E-03    0.159082E-03   -0.139618E-03
 2.43852    0.307707E-03    0.158173E-03   -0.136810E-03
 2.45654    0.304331E-03    0.157163E-03   -0.133961E-03
 2.47457    0.301192E-03    0.156059E-03   -0.131077E-03
 2.49260    0.298272E-03    0.154870E-03   -0.128163E-03
 2.51062    0.295551E-03    0.153606E-03   -0.125226E-03
 2.52865    0.293007E-03    0.152276E-03   -0.122274E-03
 2.54667    0.290618E-03    0.150892E-03   -0.119312E-03
 2.56470    0.288360E-03    0.149464E-03   -0.116350E-03
 2.58273    0.286209E-03    0.148006E-03   -0.113395E-03
 2.60075    0.284138E-03    0.146527E-03   -0.110456E-03
 2.61878    0.282120E-03    0.145045E-03   -0.107542E-03
 2.63680    0.280130E-03    0.143571E-03   -0.104661E-03
 2.65483    0.278139E-03    0.142117E-03   -0.101824E-03
 2.67286    0.276119E-03    0.140698E-03   -0.990384E-04
 2.69088    0.274043E-03    0.139326E-03   -0.963149E-04
 2.70891    0.271884E-03    0.138016E-03   -0.936622E-04
 2.72693    0.269616E-03    0.136779E-03   -0.910894E-04
 2.74496    0.267213E-03    0.135628E-03   -0.886048E-04
 2.76299    0.264650E-03    0.134575E-03   -0.862170E-04
 2.78101    0.261905E-03    0.133632E-03   -0.839335E-04
 2.79904    0.258957E-03    0.132807E-03   -0.817615E-04
 2.81706    0.255786E-03    0.132112E-03   -0.797075E-04
 2.83509    0.252374E-03    0.131553E-03   -0.777769E-04
 2.85312    0.248709E-03    0.131138E-03   -0.759746E-04
 2.87114    0.244775E-03    0.130873E-03   -0.743045E-04
 2.88917    0.240566E-03    0.130763E-03   -0.727698E-04
 2.90719    0.236073E-03    0.130810E-03   -0.713723E-04
 2.92522    0.231293E-03    0.131017E-03   -0.701130E-04
 2.94325    0.226224E-03    0.131383E-03   -0.689919E-04
 2.96127    0.220867E-03    0.131910E-03   -0.680081E-04
 2.97930    0.215227E-03    0.132593E-03   -0.671598E-04
 2.99732    0.209310E-03    0.133429E-03   -0.664436E-04
 3.01535    0.203126E-03    0.134415E-03   -0.658561E-04
 3.03338    0.196686E-03    0.135542E-03   -0.653923E-04
 3.05140    0.190004E-03    0.136805E-03   -0.650469E-04
 3.06943    0.183098E-03    0.138196E-03   -0.648133E-04
 3.08745    0.175984E-03    0.139705E-03   -0.646850E-04
 3.10548    0.168682E-03    0.141322E-03   -0.646545E-04
 3.12351    0.161213E-03    0.143038E-03   -0.647136E-04
 3.14153    0.153599E-03    0.144840E-03   -0.648542E-04
 3.15956    0.145862E-03    0.146718E-03   -0.650676E-04
 3.17759    0.138027E-03    0.148660E-03   -0.653450E-04
 3.19561    0.130116E-03    0.150655E-03   -0.656776E-04
 3.21364    0.122155E-03    0.152689E-03   -0.660563E-04
 3.23166    0.114166E-03    0.154751E-03   -0.664723E-04
 3.24969    0.106174E-03    0.156830E-03   -0.669168E-04
 3.26772    0.981991E-04    0.158915E-03   -0.673816E-04
 3.28574    0.902653E-04    0.160993E-03   -0.678582E-04
 3.30377    0.823922E-04    0.163056E-03   -0.683389E-04
 3.32179    0.746023E-04    0.165092E-03   -0.688162E-04
 3.33982    0.669135E-04    0.167092E-03   -0.692830E-04
 3.35785    0.593433E-04    0.169048E-03   -0.697329E-04
 3.37587    0.519083E-04    0.170951E-03   -0.701597E-04
 3.39390    0.446234E-04    0.172793E-03   -0.705580E-04
 3.41192    0.375019E-04    0.174569E-03   -0.709226E-04
 3.42995    0.305561E-04    0.176272E-03   -0.712494E-04
 3.44798    0.237965E-04    0.177897E-03   -0.715342E-04
 3.46600    0.172323E-04    0.179439E-03   -0.717737E-04
 3.48403    0.108711E-04    0.180895E-03   -0.719651E-04
 3.50205    0.471943E-05    0.182261E-03   -0.721059E-04
 3.52008   -0.121761E-05    0.183535E-03   -0.721945E-04
 3.53811   -0.693640E-05    0.184714E-03   -0.722292E-04
 3.55613   -0.124343E-04    0.185799E-03   -0.722093E-04
 3.57416   -0.177098E-04    0.186787E-03   -0.721341E-04
 3.59218   -0.227625E-04    0.187678E-03   -0.720033E-04
 3.61021   -0.275931E-04    0.188474E-03   -0.718174E-04
 3.62824   -0.322032E-04    0.189175E-03   -0.715766E-04
 3.64626   -0.365948E-04    0.189781E-03   -0.712817E-04
 3.66429   -0.407711E-04    0.190294E-03   -0.709339E-04
 3.68231   -0.447356E-04    0.190717E-03   -0.705345E-04
 3.70034   -0.484926E-04    0.191051E-03   -0.700847E-04
 3.71837   -0.520465E-04    0.191298E-03   -0.695864E-04
 3.73639   -0.554029E-04    0.191460E-03   -0.690412E-04
 3.75442   -0.585668E-04    0.191542E-03   -0.684511E-04
 3.77244   -0.615442E-04    0.191545E-03   -0.678180E-04
 3.79047   -0.643408E-04    0.191472E-03   -0.671440E-04
 3.80850   -0.669631E-04    0.191326E-03   -0.664312E-04
 3.82652   -0.694171E-04    0.191110E-03   -0.656817E-04
 3.84455   -0.717092E-04    0.190828E-03   -0.648980E-04
 3.86258   -0.738458E-04    0.190483E-03   -0.640818E-04
 3.88060   -0.758333E-04    0.190077E-03   -0.632356E-04
 3.89863   -0.776779E-04    0.189613E-03   -0.623615E-04
 3.91665   -0.793859E-04    0.189096E-03   -0.614615E-04
 3.93468   -0.809634E-04    0.188527E-03   -0.605377E-04
 3.95271   -0.824165E-04    0.187909E-03   -0.595921E-04
 3.97073   -0.837510E-04    0.187246E-03   -0.586268E-04
 3.98876   -0.849728E-04    0.186540E-03   -0.576435E-04
 4.00678   -0.860875E-04    0.185794E-03   -0.566442E-04
 4.02481   -0.871004E-04    0.185011E-03   -0.556305E-04
 4.04284   -0.880169E-04    0.184192E-03   -0.546045E-04
 4.06086   -0.888419E-04    0.183341E-03   -0.535672E-04
 4.07889   -0.895804E-04    0.182460E-03   -0.525207E-04
 4.09691   -0.902371E-04    0.181550E-03   -0.514663E-04
 4.11494   -0.908163E-04    0.180615E-03   -0.504053E-04
 4.13297   -0.913225E-04    0.179656E-03   -0.493391E-04
 4.15099   -0.917596E-04    0.178675E-03   -0.482689E-04
 4.16902   -0.921317E-04    0.177673E-03   -0.471960E-04
 4.18704   -0.924425E-04    0.176653E-03   -0.461216E-04
 4.20507   -0.926954E-04    0.175617E-03   -0.450465E-04
 4.22310   -0.928940E-04    0.174565E-03   -0.439719E-04
 4.24112   -0.930414E-04    0.173500E-03   -0.428986E-04
 4.25915   -0.931406E-04    0.172423E-03   -0.418274E-04
 4.27717   -0.931946E-04    0.171334E-03   -0.407593E-04
 4.29520   -0.932060E-04    0.170236E-03   -0.396949E-04
 4.31323   -0.931775E-04    0.169129E-03   -0.386348E-04
 4.33125   -0.931115E-04    0.168015E-03   -0.375801E-04
 4.34928   -0.930103E-04    0.166894E-03   -0.365310E-04
 4.36730   -0.928761E-04    0.165769E-03   -0.354880E-04
 4.38533   -0.927110E-04    0.164638E-03   -0.344518E-04
 4.40336   -0.925169E-04    0.163504E-03   -0.334228E-04
 4.42138   -0.922957E-04    0.162367E-03   -0.324015E-04
 4.43941   -0.920491E-04    0.161228E-03   -0.313881E-04
 4.45743   -0.917788E-04    0.160088E-03   -0.303831E-04
 4.47546   -0.914862E-04    0.158947E-03   -0.293867E-04
 4.49349   -0.911730E-04    0.157806E-03   -0.283993E-04
 4.51151   -0.908404E-04    0.156665E-03   -0.274211E-04
 4.52954   -0.904898E-04    0.155526E-03   -0.264522E-04
 4.54757   -0.901224E-04    0.154388E-03   -0.254930E-04
 4.56559   -0.897394E-04    0.153252E-03   -0.245435E-04
 4.58362   -0.893419E-04    0.152118E-03   -0.236039E-04
 4.60164   -0.889308E-04    0.150988E-03   -0.226743E-04
 4.61967   -0.885073E-04    0.149860E-03   -0.217549E-04
 4.63770   -0.880721E-04    0.148737E-03   -0.208457E-04
 4.65572   -0.876263E-04    0.147617E-03   -0.199467E-04
 4.67375   -0.871705E-04    0.146501E-03   -0.190582E-04
 4.69177   -0.867057E-04    0.145390E-03   -0.181802E-04
 4.70980   -0.862325E-04    0.144284E-03   -0.173126E-04
 4.72783   -0.857516E-04    0.143183E-03   -0.164556E-04
 4.74585   -0.852636E-04    0.142087E-03   -0.156094E-04
 4.76388   -0.847690E-04    0.140996E-03   -0.147738E-04
 4.78190   -0.842692E-04    0.139911E-03   -0.139491E-04
 4.79993   -0.837637E-04    0.138833E-03   -0.131352E-04
 4.81796   -0.832535E-04    0.137760E-03   -0.123322E-04
 4.83598   -0.827390E-04    0.136693E-03   -0.115402E-04
 4.85401   -0.822208E-04    0.135632E-03   -0.107593E-04
 4.87203   -0.816991E-04    0.134578E-03   -0.998941E-05
 4.89006   -0.811745E-04    0.133531E-03   -0.923071E-05
 4.90809   -0.806472E-04    0.132490E-03   -0.848324E-05
 4.92611   -0.801178E-04    0.131456E-03   -0.774681E-05
 4.94414   -0.795865E-04    0.130428E-03   -0.702166E-05
 4.96216   -0.790537E-04    0.129408E-03   -0.630774E-05
 4.98019   -0.785196E-04    0.128394E-03   -0.560487E-05
 4.99822   -0.779845E-04    0.127387E-03   -0.491309E-05
 5.01624   -0.774489E-04    0.126388E-03   -0.423234E-05
 5.03427   -0.769128E-04    0.125396E-03   -0.356249E-05
 5.05229   -0.763766E-04    0.124410E-03   -0.290343E-05
 5.07032   -0.758405E-04    0.123432E-03   -0.225507E-05
 5.08835   -0.753047E-04    0.122462E-03   -0.161726E-05
 5.10637   -0.747696E-04    0.121498E-03   -0.989799E-06
 5.12440   -0.742352E-04    0.120542E-03   -0.372533E-06
 5.14242   -0.737017E-04    0.119593E-03    0.234658E-06
 5.16045   -0.731695E-04    0.118651E-03    0.831960E-06
 5.17848   -0.726387E-04    0.117717E-03    0.141955E-05
 5.19650   -0.721095E-04    0.116790E-03    0.199760E-05
 5.21453   -0.715820E-04    0.115871E-03    0.256625E-05
 5.23256   -0.710565E-04    0.114959E-03    0.312558E-05
 5.25058   -0.705331E-04    0.114054E-03    0.367589E-05
 5.26861   -0.700120E-04    0.113157E-03    0.421722E-05
 5.28663   -0.694933E-04    0.112267E-03    0.474971E-05
 5.30466   -0.689773E-04    0.111385E-03    0.527345E-05
 5.32269   -0.684641E-04    0.110510E-03    0.578852E-05
 5.34071   -0.679538E-04    0.109643E-03    0.629507E-05
 5.35874   -0.674466E-04    0.108783E-03    0.679304E-05
 5.37676   -0.669426E-04    0.107931E-03    0.728261E-05
 5.39479   -0.664419E-04    0.107086E-03    0.776378E-05
 5.41282   -0.659448E-04    0.106249E-03    0.823664E-05
 5.43084   -0.654512E-04    0.105419E-03    0.870119E-05
 5.44887   -0.649614E-04    0.104596E-03    0.915748E-05
 5.46689   -0.644755E-04    0.103782E-03    0.960566E-05
 5.48492   -0.639935E-04    0.102974E-03    0.100456E-04
 5.50295   -0.635155E-04    0.102174E-03    0.104774E-04
 5.52097   -0.630417E-04    0.101382E-03    0.109012E-04
 5.53900   -0.625721E-04    0.100597E-03    0.113169E-04
 5.55702   -0.621068E-04    0.998189E-04    0.117247E-04
 5.57505   -0.616458E-04    0.990485E-04    0.121246E-04
 5.59308   -0.611893E-04    0.982855E-04    0.125168E-04
 5.61110   -0.607372E-04    0.975298E-04    0.129011E-04
 5.62913   -0.602893E-04    0.967813E-04    0.132779E-04
 5.64715   -0.598464E-04    0.960401E-04    0.136470E-04
 5.66518   -0.594077E-04    0.953060E-04    0.140088E-04
 5.68321   -0.589735E-04    0.945790E-04    0.143631E-04
 5.70123   -0.585439E-04    0.938591E-04    0.147103E-04
 5.71926   -0.581187E-04    0.931461E-04    0.150502E-04
 5.73728   -0.576979E-04    0.924401E-04    0.153831E-04
 5.75531   -0.572814E-04    0.917409E-04    0.157091E-04
 5.77334   -0.568695E-04    0.910485E-04    0.160282E-04
 5.79136   -0.564618E-04    0.903628E-04    0.163407E-04
 5.80939   -0.560583E-04    0.896836E-04    0.166466E-04
 5.82741   -0.556589E-04    0.890111E-04    0.169460E-04
 5.84544   -0.552635E-04    0.883449E-04    0.172391E-04
 5.86347   -0.548721E-04    0.876850E-04    0.175260E-04
 5.88149   -0.544846E-04    0.870314E-04    0.178068E-04
 5.89952   -0.541008E-04    0.863846E-04    0.180817E-04
 5.91755   -0.537207E-04    0.857431E-04    0.183507E-04
 5.93557   -0.533441E-04    0.851076E-04    0.186139E-04
 5.95360   -0.529707E-04    0.844780E-04    0.188715E-04
 5.97162   -0.526010E-04    0.838540E-04    0.191235E-04
 5.98965   -0.522343E-04    0.832357E-04    0.193702E-04
 6.00768   -0.518706E-04    0.826230E-04    0.196116E-04
 6.02570   -0.515099E-04    0.820156E-04    0.198479E-04
 6.04373   -0.511519E-04    0.814136E-04    0.200791E-04
 6.06175   -0.507967E-04    0.808168E-04    0.203053E-04
 6.07978   -0.504440E-04    0.802251E-04    0.205268E-04
 6.09781   -0.500938E-04    0.796384E-04    0.207435E-04
 6.11583   -0.497459E-04    0.790567E-04    0.209556E-04
 6.13386   -0.494003E-04    0.784799E-04    0.211632E-04
 6.15188   -0.490568E-04    0.779077E-04    0.213663E-04
 6.16991   -0.487154E-04    0.773403E-04    0.215652E-04
 6.18794   -0.483759E-04    0.767774E-04    0.217598E-04
 6.20596   -0.480383E-04    0.762190E-04    0.219503E-04
 6.22399   -0.477025E-04    0.756650E-04    0.221367E-04
 6.24201   -0.473684E-04    0.751154E-04    0.223192E-04
 6.26004   -0.470360E-04    0.745701E-04    0.224978E-04
 6.27807   -0.467051E-04    0.740290E-04    0.226726E-04
 6.29609   -0.463758E-04    0.734921E-04    0.228437E-04
 6.31412   -0.460481E-04    0.729593E-04    0.230111E-04
 6.33214   -0.457217E-04    0.724305E-04    0.231750E-04
 6.35017   -0.453969E-04    0.719058E-04    0.233353E-04
 6.36820   -0.450734E-04    0.713849E-04    0.234922E-04
 6.38622   -0.447511E-04    0.708680E-04    0.236457E-04
 6.40425   -0.444306E-04    0.703550E-04    0.237958E-04
 6.42227   -0.441112E-04    0.698458E-04    0.239426E-04
 6.44030   -0.437932E-04    0.693404E-04    0.240862E-04
 6.45833   -0.434766E-04    0.688388E-04    0.242276E-04
 6.47635   -0.431613E-04    0.683409E-04    0.243649E-04
 6.49438   -0.428474E-04    0.678468E-04    0.244990E-04
 6.51240   -0.425349E-04    0.673563E-04    0.246301E-04
 6.53043   -0.422239E-04    0.668695E-04    0.247582E-04
 6.54846   -0.419142E-04    0.663864E-04    0.248833E-04
 6.56648   -0.416060E-04    0.659068E-04    0.250054E-04
 6.58451   -0.412993E-04    0.654309E-04    0.251247E-04
 6.60254   -0.409941E-04    0.649586E-04    0.252410E-04
 6.62056   -0.406905E-04    0.644899E-04    0.253545E-04
 6.63859   -0.403883E-04    0.640247E-04    0.254652E-04
 6.65661   -0.400878E-04    0.635631E-04    0.255731E-04
 6.67464   -0.397889E-04    0.631051E-04    0.256783E-04
 6.69267   -0.394916E-04    0.626505E-04    0.257807E-04
 6.71069   -0.391960E-04    0.621995E-04    0.258804E-04
 6.72872   -0.389021E-04    0.617520E-04    0.259768E-04
 6.74674   -0.386099E-04    0.613079E-04    0.260713E-04
 6.76477   -0.383194E-04    0.608673E-04    0.261631E-04
 6.78280   -0.380307E-04    0.604302E-04    0.262524E-04
 6.80082   -0.377438E-04    0.599965E-04    0.263392E-04
 6.81885   -0.374588E-04    0.595663E-04    0.264234E-04
 6.83687   -0.371755E-04    0.591394E-04    0.265051E-04
 6.85490   -0.368941E-04    0.587160E-04    0.265844E-04
 6.87293   -0.366146E-04    0.582959E-04    0.266612E-04
 6.89095   -0.363369E-04    0.578791E-04    0.267357E-04
 6.90898   -0.360612E-04    0.574657E-04    0.268077E-04
 6.92700   -0.357874E-04    0.570557E-04    0.268774E-04
 6.94503   -0.355155E-04    0.566489E-04    0.269448E-04
 6.96306   -0.352455E-04    0.562455E-04    0.270099E-04
 6.98108   -0.349775E-04    0.558453E-04    0.270728E-04
 6.99911   -0.347115E-04    0.554483E-04    0.271334E-04
 7.01713   -0.344473E-04    0.550546E-04    0.271918E-04
 7.03516   -0.341852E-04    0.546641E-04    0.272480E-04
 7.05319   -0.339252E-04    0.542768E-04    0.273021E-04
 7.07121   -0.336670E-04    0.538927E-04    0.273540E-04
 7.08924   -0.334109E-04    0.535117E-04    0.274038E-04
 7.10726   -0.331567E-04    0.531339E-04    0.274516E-04
 7.12529   -0.329045E-04    0.527592E-04    0.274973E-04
 7.14332   -0.326544E-04    0.523875E-04    0.275411E-04
 7.16134   -0.324062E-04    0.520190E-04    0.275828E-04
 7.17937   -0.321600E-04    0.516535E-04    0.276226E-04
 7.19739   -0.319158E-04    0.512910E-04    0.276604E-04
 7.21542   -0.316736E-04    0.509316E-04    0.276963E-04
 7.23345   -0.314334E-04    0.505751E-04    0.277304E-04
 7.25147   -0.311952E-04    0.502216E-04    0.277626E-04
 7.26950   -0.309590E-04    0.498711E-04    0.277929E-04
 7.28753   -0.307247E-04    0.495235E-04    0.278215E-04
 7.30555   -0.304925E-04    0.491784E-04    0.278483E-04
 7.32358   -0.302622E-04    0.488366E-04    0.278733E-04
 7.34160   -0.300339E-04    0.484976E-04    0.278966E-04
 7.35963   -0.298076E-04    0.481619E-04    0.279182E-04
 7.37766   -0.295833E-04    0.478286E-04    0.279381E-04
 7.39568   -0.293609E-04    0.474982E-04    0.279564E-04
 7.41371   -0.291405E-04    0.471705E-04    0.279730E-04
 7.43173   -0.289221E-04    0.468456E-04    0.279880E-04
 7.44976   -0.287056E-04    0.465234E-04    0.280014E-04
 7.46779   -0.284910E-04    0.462040E-04    0.280133E-04
 7.48581   -0.282784E-04    0.458872E-04    0.280236E-04
 7.50384   -0.280677E-04    0.455732E-04    0.280324E-04
 7.52186   -0.278589E-04    0.452618E-04    0.280397E-04
 7.53989   -0.276521E-04    0.449530E-04    0.280456E-04
 7.55792   -0.274471E-04    0.446468E-04    0.280500E-04
 7.57594   -0.272440E-04    0.443433E-04    0.280529E-04
 7.59397   -0.270429E-04    0.440423E-04    0.280545E-04
 7.61199   -0.268434E-04    0.437439E-04    0.280547E-04
 7.63002   -0.266460E-04    0.434480E-04    0.280535E-04
 7.64805   -0.264504E-04    0.431546E-04    0.280510E-04
 7.66607   -0.262566E-04    0.428637E-04    0.280472E-04
 7.68410   -0.260646E-04    0.425753E-04    0.280421E-04
 7.70212   -0.258744E-04    0.422893E-04    0.280357E-04
 7.72015   -0.256860E-04    0.420054E-04    0.280281E-04
 7.73818   -0.254994E-04    0.417245E-04    0.280192E-04
 7.75620   -0.253145E-04    0.414457E-04    0.280092E-04
 7.77423   -0.251313E-04    0.411690E-04    0.279980E-04
 7.79225   -0.249499E-04    0.408948E-04    0.279856E-04
 7.81028   -0.247702E-04    0.406230E-04    0.279721E-04
 7.82831   -0.245921E-04    0.403535E-04    0.279574E-04
 7.84633   -0.244157E-04    0.400862E-04    0.279416E-04
 7.86436   -0.242410E-04    0.398212E-04    0.279248E-04
 7.88238   -0.240678E-04    0.395584E-04    0.279069E-04
 7.90041   -0.238963E-04    0.392978E-04    0.278880E-04
 7.91844   -0.237264E-04    0.390393E-04    0.278681E-04
 7.93646   -0.235581E-04    0.387830E-04    0.278472E-04
 7.95449   -0.233913E-04    0.385289E-04    0.278252E-04
 7.97252   -0.232261E-04    0.382768E-04    0.278024E-04
 7.99054   -0.230624E-04    0.380268E-04    0.277786E-04
 8.00857   -0.229002E-04    0.377789E-04    0.277539E-04
 8.02659   -0.227395E-04    0.375330E-04    0.277283E-04
 8.04462   -0.225802E-04    0.372892E-04    0.277018E-04
 8.06265   -0.224224E-04    0.370473E-04    0.276744E-04
 8.08067   -0.222661E-04    0.368075E-04    0.276462E-04
 8.09870   -0.221112E-04    0.365696E-04    0.276172E-04
 8.11672   -0.219577E-04    0.363336E-04    0.275873E-04
 8.13475   -0.218055E-04    0.360996E-04    0.275567E-04
 8.15278   -0.216548E-04    0.358675E-04    0.275252E-04
 8.17080   -0.215054E-04    0.356372E-04    0.274931E-04
 8.18883   -0.213574E-04    0.354089E-04    0.274601E-04
 8.20685   -0.212107E-04    0.351823E-04    0.274265E-04
 8.22488   -0.210653E-04    0.349576E-04    0.273921E-04
 8.24291   -0.209212E-04    0.347348E-04    0.273570E-04
 8.26093   -0.207784E-04    0.345137E-04    0.273212E-04
 8.27896   -0.206369E-04    0.342944E-04    0.272848E-04
 8.29698   -0.204967E-04    0.340769E-04    0.272477E-04
 8.31501   -0.203577E-04    0.338611E-04    0.272099E-04
 8.33304   -0.202199E-04    0.336470E-04    0.271715E-04
 8.35106   -0.200834E-04    0.334347E-04    0.271325E-04
 8.36909   -0.199480E-04    0.332240E-04    0.270929E-04
 8.38711   -0.198140E-04    0.330151E-04    0.270527E-04
 8.40514   -0.196810E-04    0.328077E-04    0.270120E-04
 8.42317   -0.195493E-04    0.326021E-04    0.269706E-04
 8.44119   -0.194187E-04    0.323980E-04    0.269287E-04
 8.45922   -0.192892E-04    0.321956E-04    0.268863E-04
 8.47724   -0.191609E-04    0.319948E-04    0.268433E-04
 8.49527   -0.190338E-04    0.317956E-04    0.267999E-04
 8.51330   -0.189077E-04    0.315979E-04    0.267559E-04
 8.53132   -0.187828E-04    0.314018E-04    0.267114E-04
 8.54935   -0.186590E-04    0.312073E-04    0.266664E-04
 8.56737   -0.185363E-04    0.310143E-04    0.266209E-04
 8.58540   -0.184146E-04    0.308228E-04    0.265750E-04
 8.60343   -0.182941E-04    0.306328E-04    0.265286E-04
 8.62145   -0.181746E-04    0.304443E-04    0.264818E-04
 8.63948   -0.180561E-04    0.302573E-04    0.264345E-04
 8.65751   -0.179388E-04    0.300718E-04    0.263868E-04
 8.67553   -0.178224E-04    0.298877E-04    0.263387E-04
 8.69356   -0.177071E-04    0.297051E-04    0.262901E-04
 8.71158   -0.175929E-04    0.295239E-04    0.262412E-04
 8.72961   -0.174796E-04    0.293441E-04    0.261919E-04
 8.74764   -0.173674E-04    0.291658E-04    0.261421E-04
 8.76566   -0.172562E-04    0.289888E-04    0.260921E-04
 8.78369   -0.171460E-04    0.288132E-04    0.260416E-04
 8.80171   -0.170367E-04    0.286390E-04    0.259908E-04
 8.81974   -0.169285E-04    0.284662E-04    0.259396E-04
 8.83777   -0.168212E-04    0.282947E-04    0.258881E-04
 8.85579   -0.167150E-04    0.281246E-04    0.258362E-04
 8.87382   -0.166096E-04    0.279557E-04    0.257840E-04
 8.89184   -0.165052E-04    0.277882E-04    0.257315E-04
 8.90987   -0.164018E-04    0.276220E-04    0.256787E-04
 8.92790   -0.162993E-04    0.274571E-04    0.256256E-04
 8.94592   -0.161977E-04    0.272935E-04    0.255721E-04
 8.96395   -0.160970E-04    0.271312E-04    0.255184E-04
 8.98197   -0.159973E-04    0.269701E-04    0.254644E-04
 9.00000   -0.158984E-04    0.268102E-04    0.254102E-04
