 0.00500    0.277989E-02   -0.145269E-02    0.117061E-02
 0.02303    0.226602E-02   -0.119574E-02    0.977815E-03
 0.04105    0.196681E-02   -0.104604E-02    0.865408E-03
 0.05908    0.174974E-02   -0.937394E-03    0.783728E-03
 0.07710    0.157924E-02   -0.852000E-03    0.719444E-03
 0.09513    0.143939E-02   -0.781909E-03    0.666599E-03
 0.11316    0.132143E-02   -0.722744E-03    0.621918E-03
 0.13118    0.121997E-02   -0.671813E-03    0.583386E-03
 0.14921    0.113144E-02   -0.627327E-03    0.549662E-03
 0.16723    0.105330E-02   -0.588026E-03    0.519805E-03
 0.18526    0.983705E-03   -0.552985E-03    0.493128E-03
 0.20329    0.921255E-03   -0.521506E-03    0.469106E-03
 0.22131    0.864865E-03   -0.493049E-03    0.447337E-03
 0.23934    0.813674E-03   -0.467184E-03    0.427500E-03
 0.25736    0.766987E-03   -0.443564E-03    0.409336E-03
 0.27539    0.724236E-03   -0.421906E-03    0.392636E-03
 0.29342    0.684947E-03   -0.401974E-03    0.377223E-03
 0.31144    0.648724E-03   -0.383570E-03    0.362950E-03
 0.32947    0.615232E-03   -0.366528E-03    0.349693E-03
 0.34749    0.584183E-03   -0.350704E-03    0.337345E-03
 0.36552    0.555332E-03   -0.335976E-03    0.325815E-03
 0.38355    0.528463E-03   -0.322237E-03    0.315025E-03
 0.40157    0.503389E-03   -0.309394E-03    0.304903E-03
 0.41960    0.479948E-03   -0.297372E-03    0.295391E-03
 0.43763    0.457993E-03   -0.286085E-03    0.286434E-03
 0.45565    0.437398E-03   -0.275471E-03    0.277985E-03
 0.47368    0.418049E-03   -0.265486E-03    0.270003E-03
 0.49170    0.399844E-03   -0.256073E-03    0.262449E-03
 0.50973    0.382693E-03   -0.247186E-03    0.255290E-03
 0.52776    0.366514E-03   -0.238785E-03    0.248496E-03
 0.54578    0.351234E-03   -0.230834E-03    0.242040E-03
 0.56381    0.336786E-03   -0.223299E-03    0.235897E-03
 0.58183    0.323110E-03   -0.216151E-03    0.230045E-03
 0.59986    0.310152E-03   -0.209362E-03    0.224464E-03
 0.61789    0.297861E-03   -0.202907E-03    0.219135E-03
 0.63591    0.286192E-03   -0.196765E-03    0.214042E-03
 0.65394    0.275105E-03   -0.190914E-03    0.209169E-03
 0.67196    0.264560E-03   -0.185335E-03    0.204502E-03
 0.68999    0.254524E-03   -0.180012E-03    0.200028E-03
 0.70802    0.244964E-03   -0.174928E-03    0.195736E-03
 0.72604    0.235851E-03   -0.170069E-03    0.191614E-03
 0.74407    0.227157E-03   -0.165421E-03    0.187652E-03
 0.76209    0.218858E-03   -0.160971E-03    0.183842E-03
 0.78012    0.210930E-03   -0.156709E-03    0.180174E-03
 0.79815    0.203352E-03   -0.152623E-03    0.176641E-03
 0.81617    0.196105E-03   -0.148704E-03    0.173235E-03
 0.83420    0.189169E-03   -0.144942E-03    0.169949E-03
 0.85222    0.182527E-03   -0.141329E-03    0.166777E-03
 0.87025    0.176164E-03   -0.137857E-03    0.163712E-03
 0.88828    0.170064E-03   -0.134518E-03    0.160751E-03
 0.90630    0.164214E-03   -0.131305E-03    0.157886E-03
 0.92433    0.158601E-03   -0.128213E-03    0.155114E-03
 0.94235    0.153213E-03   -0.125234E-03    0.152429E-03
 0.96038    0.148038E-03   -0.122364E-03    0.149829E-03
 0.97841    0.143065E-03   -0.119597E-03    0.147307E-03
 0.99643    0.138286E-03   -0.116928E-03    0.144862E-03
 1.01446    0.133689E-03   -0.114353E-03    0.142489E-03
 1.03248    0.129268E-03   -0.111866E-03    0.140185E-03
 1.05051    0.125012E-03   -0.109465E-03    0.137948E-03
 1.06854    0.120916E-03   -0.107144E-03    0.135773E-03
 1.08656    0.116970E-03   -0.104901E-03    0.133658E-03
 1.10459    0.113169E-03   -0.102731E-03    0.131601E-03
 1.12262    0.109506E-03   -0.100633E-03    0.129600E-03
 1.14064    0.105974E-03   -0.986015E-04    0.127651E-03
 1.15867    0.102569E-03   -0.966350E-04    0.125754E-03
 1.17669    0.992841E-04   -0.947304E-04    0.123904E-03
 1.19472    0.961143E-04   -0.928852E-04    0.122102E-03
 1.21275    0.930550E-04   -0.910968E-04    0.120344E-03
 1.23077    0.901013E-04   -0.893630E-04    0.118630E-03
 1.24880    0.872491E-04   -0.876815E-04    0.116956E-03
 1.26682    0.844939E-04   -0.860502E-04    0.115323E-03
 1.28485    0.818319E-04   -0.844671E-04    0.113728E-03
 1.30288    0.792593E-04   -0.829304E-04    0.112170E-03
 1.32090    0.767726E-04   -0.814382E-04    0.110647E-03
 1.33893    0.743682E-04   -0.799888E-04    0.109159E-03
 1.35695    0.720431E-04   -0.785806E-04    0.107703E-03
 1.37498    0.697940E-04   -0.772121E-04    0.106279E-03
 1.39301    0.676181E-04   -0.758818E-04    0.104886E-03
 1.41103    0.655126E-04   -0.745880E-04    0.103523E-03
 1.42906    0.634748E-04   -0.733297E-04    0.102188E-03
 1.44708    0.615022E-04   -0.721058E-04    0.100880E-03
 1.46511    0.595923E-04   -0.709147E-04    0.995997E-04
 1.48314    0.577429E-04   -0.697552E-04    0.983448E-04
 1.50116    0.559517E-04   -0.686264E-04    0.971147E-04
 1.51919    0.542167E-04   -0.675272E-04    0.959088E-04
 1.53721    0.525358E-04   -0.664566E-04    0.947262E-04
 1.55524    0.509072E-04   -0.654135E-04    0.935662E-04
 1.57327    0.493290E-04   -0.643971E-04    0.924281E-04
 1.59129    0.477994E-04   -0.634064E-04    0.913112E-04
 1.60932    0.463168E-04   -0.624407E-04    0.902149E-04
 1.62734    0.448797E-04   -0.614991E-04    0.891385E-04
 1.64537    0.434864E-04   -0.605810E-04    0.880815E-04
 1.66340    0.421355E-04   -0.596853E-04    0.870432E-04
 1.68142    0.408257E-04   -0.588116E-04    0.860232E-04
 1.69945    0.395556E-04   -0.579592E-04    0.850209E-04
 1.71747    0.383239E-04   -0.571272E-04    0.840358E-04
 1.73550    0.371295E-04   -0.563153E-04    0.830675E-04
 1.75353    0.359712E-04   -0.555229E-04    0.821155E-04
 1.77155    0.348478E-04   -0.547492E-04    0.811793E-04
 1.78958    0.337584E-04   -0.539938E-04    0.802587E-04
 1.80761    0.327020E-04   -0.532562E-04    0.793531E-04
 1.82563    0.316775E-04   -0.525358E-04    0.784621E-04
 1.84366    0.306840E-04   -0.518323E-04    0.775854E-04
 1.86168    0.297207E-04   -0.511452E-04    0.767229E-04
 1.87971    0.287867E-04   -0.504739E-04    0.758739E-04
 1.89774    0.278812E-04   -0.498182E-04    0.750382E-04
 1.91576    0.270035E-04   -0.491776E-04    0.742155E-04
 1.93379    0.261528E-04   -0.485517E-04    0.734055E-04
 1.95181    0.253283E-04   -0.479402E-04    0.726080E-04
 1.96984    0.245294E-04   -0.473426E-04    0.718226E-04
 1.98787    0.237554E-04   -0.467588E-04    0.710491E-04
 2.00589    0.230057E-04   -0.461882E-04    0.702872E-04
 2.02392    0.222796E-04   -0.456306E-04    0.695367E-04
 2.04194    0.215766E-04   -0.450858E-04    0.687973E-04
 2.05997    0.208959E-04   -0.445534E-04    0.680689E-04
 2.07800    0.202370E-04   -0.440329E-04    0.673510E-04
 2.09602    0.195994E-04   -0.435243E-04    0.666436E-04
 2.11405    0.189825E-04   -0.430271E-04    0.659463E-04
 2.13207    0.183856E-04   -0.425411E-04    0.652591E-04
 2.15010    0.178083E-04   -0.420659E-04    0.645815E-04
 2.16813    0.172499E-04   -0.416014E-04    0.639134E-04
 2.18615    0.167100E-04   -0.411471E-04    0.632548E-04
 2.20418    0.161879E-04   -0.407029E-04    0.626051E-04
 2.22220    0.156831E-04   -0.402684E-04    0.619642E-04
 2.24023    0.151951E-04   -0.398434E-04    0.613319E-04
 2.25826    0.147233E-04   -0.394275E-04    0.607080E-04
 2.27628    0.142671E-04   -0.390205E-04    0.600923E-04
 2.29431    0.138260E-04   -0.386220E-04    0.594845E-04
 2.31233    0.133994E-04   -0.382318E-04    0.588843E-04
 2.33036    0.129868E-04   -0.378497E-04    0.582917E-04
 2.34839    0.125877E-04   -0.374753E-04    0.577064E-04
 2.36641    0.122014E-04   -0.371083E-04    0.571281E-04
 2.38444    0.118275E-04   -0.367485E-04    0.565567E-04
 2.40246    0.114655E-04   -0.363955E-04    0.559918E-04
 2.42049    0.111148E-04   -0.360492E-04    0.554334E-04
 2.43852    0.107748E-04   -0.357093E-04    0.548811E-04
 2.45654    0.104452E-04   -0.353755E-04    0.543348E-04
 2.47457    0.101254E-04   -0.350475E-04    0.537944E-04
 2.49260    0.981487E-05   -0.347250E-04    0.532595E-04
 2.51062    0.951321E-05   -0.344079E-04    0.527301E-04
 2.52865    0.921992E-05   -0.340960E-04    0.522058E-04
 2.54667    0.893455E-05   -0.337889E-04    0.516867E-04
 2.56470    0.865668E-05   -0.334864E-04    0.511723E-04
 2.58273    0.838585E-05   -0.331882E-04    0.506626E-04
 2.60075    0.812164E-05   -0.328943E-04    0.501574E-04
 2.61878    0.786366E-05   -0.326043E-04    0.496565E-04
 2.63680    0.761146E-05   -0.323181E-04    0.491598E-04
 2.65483    0.736466E-05   -0.320354E-04    0.486670E-04
 2.67286    0.712285E-05   -0.317561E-04    0.481781E-04
 2.69088    0.688563E-05   -0.314798E-04    0.476928E-04
 2.70891    0.665263E-05   -0.312066E-04    0.472111E-04
 2.72693    0.642346E-05   -0.309360E-04    0.467327E-04
 2.74496    0.619773E-05   -0.306678E-04    0.462574E-04
 2.76299    0.597507E-05   -0.304022E-04    0.457853E-04
 2.78101    0.575507E-05   -0.301385E-04    0.453160E-04
 2.79904    0.553728E-05   -0.298768E-04    0.448494E-04
 2.81706    0.532146E-05   -0.296169E-04    0.443854E-04
 2.83509    0.510718E-05   -0.293584E-04    0.439238E-04
 2.85312    0.489406E-05   -0.291013E-04    0.434645E-04
 2.87114    0.468173E-05   -0.288453E-04    0.430074E-04
 2.88917    0.446986E-05   -0.285903E-04    0.425522E-04
 2.90719    0.425797E-05   -0.283359E-04    0.420988E-04
 2.92522    0.404576E-05   -0.280822E-04    0.416472E-04
 2.94325    0.383287E-05   -0.278289E-04    0.411971E-04
 2.96127    0.361897E-05   -0.275758E-04    0.407484E-04
 2.97930    0.340374E-05   -0.273227E-04    0.403011E-04
 2.99732    0.318685E-05   -0.270696E-04    0.398549E-04
 3.01535    0.296802E-05   -0.268161E-04    0.394097E-04
 3.03338    0.274697E-05   -0.265622E-04    0.389655E-04
 3.05140    0.252346E-05   -0.263078E-04    0.385222E-04
 3.06943    0.229727E-05   -0.260528E-04    0.380797E-04
 3.08745    0.206821E-05   -0.257971E-04    0.376379E-04
 3.10548    0.183621E-05   -0.255405E-04    0.371967E-04
 3.12351    0.160076E-05   -0.252829E-04    0.367561E-04
 3.14153    0.136213E-05   -0.250244E-04    0.363161E-04
 3.15956    0.112012E-05   -0.247650E-04    0.358765E-04
 3.17759    0.874701E-06   -0.245044E-04    0.354375E-04
 3.19561    0.625874E-06   -0.242429E-04    0.349990E-04
 3.21364    0.373681E-06   -0.239804E-04    0.345610E-04
 3.23166    0.118188E-06   -0.237168E-04    0.341236E-04
 3.24969   -0.140500E-06   -0.234525E-04    0.336868E-04
 3.26772   -0.402255E-06   -0.231871E-04    0.332506E-04
 3.28574   -0.666902E-06   -0.229210E-04    0.328152E-04
 3.30377   -0.934237E-06   -0.226543E-04    0.323806E-04
 3.32179   -0.120402E-05   -0.223870E-04    0.319468E-04
 3.33982   -0.147598E-05   -0.221193E-04    0.315141E-04
 3.35785   -0.174983E-05   -0.218513E-04    0.310825E-04
 3.37587   -0.202523E-05   -0.215833E-04    0.306521E-04
 3.39390   -0.230188E-05   -0.213152E-04    0.302231E-04
 3.41192   -0.257940E-05   -0.210474E-04    0.297955E-04
 3.42995   -0.285745E-05   -0.207801E-04    0.293697E-04
 3.44798   -0.313561E-05   -0.205133E-04    0.289456E-04
 3.46600   -0.341354E-05   -0.202473E-04    0.285234E-04
 3.48403   -0.369079E-05   -0.199824E-04    0.281034E-04
 3.50205   -0.396701E-05   -0.197186E-04    0.276856E-04
 3.52008   -0.424176E-05   -0.194563E-04    0.272702E-04
 3.53811   -0.451466E-05   -0.191955E-04    0.268574E-04
 3.55613   -0.478531E-05   -0.189365E-04    0.264473E-04
 3.57416   -0.505334E-05   -0.186795E-04    0.260400E-04
 3.59218   -0.531837E-05   -0.184247E-04    0.256357E-04
 3.61021   -0.558002E-05   -0.181722E-04    0.252345E-04
 3.62824   -0.583794E-05   -0.179223E-04    0.248367E-04
 3.64626   -0.609181E-05   -0.176751E-04    0.244422E-04
 3.66429   -0.634130E-05   -0.174307E-04    0.240513E-04
 3.68231   -0.658614E-05   -0.171894E-04    0.236639E-04
 3.70034   -0.682603E-05   -0.169512E-04    0.232803E-04
 3.71837   -0.706071E-05   -0.167162E-04    0.229005E-04
 3.73639   -0.728997E-05   -0.164846E-04    0.225247E-04
 3.75442   -0.751355E-05   -0.162566E-04    0.221529E-04
 3.77244   -0.773128E-05   -0.160322E-04    0.217851E-04
 3.79047   -0.794297E-05   -0.158114E-04    0.214215E-04
 3.80850   -0.814848E-05   -0.155944E-04    0.210621E-04
 3.82652   -0.834766E-05   -0.153812E-04    0.207069E-04
 3.84455   -0.854044E-05   -0.151718E-04    0.203560E-04
 3.86258   -0.872672E-05   -0.149664E-04    0.200095E-04
 3.88060   -0.890861E-05   -0.147650E-04    0.196672E-04
 3.89863   -0.907949E-05   -0.145675E-04    0.193294E-04
 3.91665   -0.924591E-05   -0.143740E-04    0.189959E-04
 3.93468   -0.940567E-05   -0.141844E-04    0.186667E-04
 3.95271   -0.955878E-05   -0.139989E-04    0.183419E-04
 3.97073   -0.970524E-05   -0.138173E-04    0.180215E-04
 3.98876   -0.984509E-05   -0.136397E-04    0.177054E-04
 4.00678   -0.997840E-05   -0.134660E-04    0.173936E-04
 4.02481   -0.101052E-04   -0.132962E-04    0.170861E-04
 4.04284   -0.102256E-04   -0.131303E-04    0.167828E-04
 4.06086   -0.103397E-04   -0.129681E-04    0.164837E-04
 4.07889   -0.104476E-04   -0.128097E-04    0.161889E-04
 4.09691   -0.105494E-04   -0.126550E-04    0.158981E-04
 4.11494   -0.106451E-04   -0.125039E-04    0.156113E-04
 4.13297   -0.107350E-04   -0.123564E-04    0.153286E-04
 4.15099   -0.108191E-04   -0.122124E-04    0.150498E-04
 4.16902   -0.108977E-04   -0.120718E-04    0.147750E-04
 4.18704   -0.109708E-04   -0.119345E-04    0.145039E-04
 4.20507   -0.110385E-04   -0.118006E-04    0.142367E-04
 4.22310   -0.111011E-04   -0.116699E-04    0.139732E-04
 4.24112   -0.111586E-04   -0.115422E-04    0.137133E-04
 4.25915   -0.112113E-04   -0.114177E-04    0.134570E-04
 4.27717   -0.112592E-04   -0.112961E-04    0.132043E-04
 4.29520   -0.113026E-04   -0.111773E-04    0.129550E-04
 4.31323   -0.113415E-04   -0.110614E-04    0.127091E-04
 4.33125   -0.113762E-04   -0.109482E-04    0.124666E-04
 4.34928   -0.114068E-04   -0.108377E-04    0.122273E-04
 4.36730   -0.114335E-04   -0.107297E-04    0.119912E-04
 4.38533   -0.114563E-04   -0.106242E-04    0.117582E-04
 4.40336   -0.114755E-04   -0.105211E-04    0.115283E-04
 4.42138   -0.114912E-04   -0.104204E-04    0.113014E-04
 4.43941   -0.115035E-04   -0.103219E-04    0.110774E-04
 4.45743   -0.115125E-04   -0.102256E-04    0.108564E-04
 4.47546   -0.115185E-04   -0.101315E-04    0.106381E-04
 4.49349   -0.115215E-04   -0.100393E-04    0.104226E-04
 4.51151   -0.115217E-04   -0.994917E-05    0.102098E-04
 4.52954   -0.115192E-04   -0.986091E-05    0.999956E-05
 4.54757   -0.115142E-04   -0.977448E-05    0.979197E-05
 4.56559   -0.115066E-04   -0.968983E-05    0.958703E-05
 4.58362   -0.114968E-04   -0.960690E-05    0.938445E-05
 4.60164   -0.114847E-04   -0.952566E-05    0.918429E-05
 4.61967   -0.114705E-04   -0.944598E-05    0.898639E-05
 4.63770   -0.114543E-04   -0.936780E-05    0.879095E-05
 4.65572   -0.114362E-04   -0.929116E-05    0.859778E-05
 4.67375   -0.114163E-04   -0.921594E-05    0.840686E-05
 4.69177   -0.113946E-04   -0.914209E-05    0.821812E-05
 4.70980   -0.113714E-04   -0.906962E-05    0.803153E-05
 4.72783   -0.113466E-04   -0.899840E-05    0.784705E-05
 4.74585   -0.113203E-04   -0.892840E-05    0.766463E-05
 4.76388   -0.112927E-04   -0.885962E-05    0.748423E-05
 4.78190   -0.112638E-04   -0.879201E-05    0.730583E-05
 4.79993   -0.112336E-04   -0.872550E-05    0.712937E-05
 4.81796   -0.112023E-04   -0.866003E-05    0.695484E-05
 4.83598   -0.111699E-04   -0.859568E-05    0.678218E-05
 4.85401   -0.111365E-04   -0.853228E-05    0.661136E-05
 4.87203   -0.111022E-04   -0.846987E-05    0.644236E-05
 4.89006   -0.110669E-04   -0.840841E-05    0.627518E-05
 4.90809   -0.110308E-04   -0.834778E-05    0.610971E-05
 4.92611   -0.109939E-04   -0.828803E-05    0.594597E-05
 4.94414   -0.109563E-04   -0.822915E-05    0.578391E-05
 4.96216   -0.109180E-04   -0.817110E-05    0.562353E-05
 4.98019   -0.108791E-04   -0.811377E-05    0.546479E-05
 4.99822   -0.108395E-04   -0.805727E-05    0.530766E-05
 5.01624   -0.107994E-04   -0.800151E-05    0.515213E-05
 5.03427   -0.107588E-04   -0.794647E-05    0.499817E-05
 5.05229   -0.107177E-04   -0.789212E-05    0.484576E-05
 5.07032   -0.106762E-04   -0.783844E-05    0.469486E-05
 5.08835   -0.106343E-04   -0.778541E-05    0.454547E-05
 5.10637   -0.105920E-04   -0.773302E-05    0.439753E-05
 5.12440   -0.105494E-04   -0.768123E-05    0.425110E-05
 5.14242   -0.105064E-04   -0.763005E-05    0.410607E-05
 5.16045   -0.104632E-04   -0.757944E-05    0.396246E-05
 5.17848   -0.104197E-04   -0.752939E-05    0.382026E-05
 5.19650   -0.103760E-04   -0.747989E-05    0.367944E-05
 5.21453   -0.103321E-04   -0.743092E-05    0.353997E-05
 5.23256   -0.102879E-04   -0.738246E-05    0.340185E-05
 5.25058   -0.102437E-04   -0.733451E-05    0.326506E-05
 5.26861   -0.101993E-04   -0.728704E-05    0.312958E-05
 5.28663   -0.101547E-04   -0.724006E-05    0.299566E-05
 5.30466   -0.101101E-04   -0.719353E-05    0.286248E-05
 5.32269   -0.100654E-04   -0.714746E-05    0.273083E-05
 5.34071   -0.100206E-04   -0.710184E-05    0.260042E-05
 5.35874   -0.997577E-05   -0.705664E-05    0.247122E-05
 5.37676   -0.993090E-05   -0.701186E-05    0.234326E-05
 5.39479   -0.988599E-05   -0.696750E-05    0.221649E-05
 5.41282   -0.984108E-05   -0.692354E-05    0.209090E-05
 5.43084   -0.979617E-05   -0.687997E-05    0.196648E-05
 5.44887   -0.975127E-05   -0.683679E-05    0.184323E-05
 5.46689   -0.970639E-05   -0.679398E-05    0.172112E-05
 5.48492   -0.966155E-05   -0.675154E-05    0.160015E-05
 5.50295   -0.961676E-05   -0.670945E-05    0.148030E-05
 5.52097   -0.957202E-05   -0.666772E-05    0.136158E-05
 5.53900   -0.952735E-05   -0.662634E-05    0.124396E-05
 5.55702   -0.948275E-05   -0.658529E-05    0.112744E-05
 5.57505   -0.943823E-05   -0.654458E-05    0.101203E-05
 5.59308   -0.939380E-05   -0.650419E-05    0.897665E-06
 5.61110   -0.934946E-05   -0.646412E-05    0.784396E-06
 5.62913   -0.930524E-05   -0.642436E-05    0.672193E-06
 5.64715   -0.926112E-05   -0.638491E-05    0.561036E-06
 5.66518   -0.921713E-05   -0.634575E-05    0.450930E-06
 5.68321   -0.917325E-05   -0.630690E-05    0.341850E-06
 5.70123   -0.912951E-05   -0.626833E-05    0.233808E-06
 5.71926   -0.908591E-05   -0.623004E-05    0.126792E-06
 5.73728   -0.904245E-05   -0.619204E-05    0.207785E-07
 5.75531   -0.899914E-05   -0.615430E-05   -0.842333E-07
 5.77334   -0.895599E-05   -0.611684E-05   -0.188252E-06
 5.79136   -0.891299E-05   -0.607964E-05   -0.291289E-06
 5.80939   -0.887015E-05   -0.604270E-05   -0.393350E-06
 5.82741   -0.882748E-05   -0.600601E-05   -0.494451E-06
 5.84544   -0.878499E-05   -0.596957E-05   -0.594593E-06
 5.86347   -0.874267E-05   -0.593339E-05   -0.693796E-06
 5.88149   -0.870054E-05   -0.589744E-05   -0.792057E-06
 5.89952   -0.865858E-05   -0.586173E-05   -0.889386E-06
 5.91755   -0.861682E-05   -0.582625E-05   -0.985799E-06
 5.93557   -0.857524E-05   -0.579100E-05   -0.108131E-05
 5.95360   -0.853386E-05   -0.575598E-05   -0.117592E-05
 5.97162   -0.849268E-05   -0.572119E-05   -0.126963E-05
 5.98965   -0.845170E-05   -0.568661E-05   -0.136245E-05
 6.00768   -0.841091E-05   -0.565224E-05   -0.145439E-05
 6.02570   -0.837034E-05   -0.561809E-05   -0.154546E-05
 6.04373   -0.832997E-05   -0.558415E-05   -0.163567E-05
 6.06175   -0.828981E-05   -0.555041E-05   -0.172501E-05
 6.07978   -0.824986E-05   -0.551688E-05   -0.181350E-05
 6.09781   -0.821013E-05   -0.548355E-05   -0.190116E-05
 6.11583   -0.817061E-05   -0.545041E-05   -0.198798E-05
 6.13386   -0.813129E-05   -0.541748E-05   -0.207396E-05
 6.15188   -0.809220E-05   -0.538473E-05   -0.215912E-05
 6.16991   -0.805332E-05   -0.535218E-05   -0.224345E-05
 6.18794   -0.801466E-05   -0.531981E-05   -0.232697E-05
 6.20596   -0.797621E-05   -0.528763E-05   -0.240969E-05
 6.22399   -0.793798E-05   -0.525564E-05   -0.249161E-05
 6.24201   -0.789997E-05   -0.522382E-05   -0.257273E-05
 6.26004   -0.786217E-05   -0.519219E-05   -0.265306E-05
 6.27807   -0.782460E-05   -0.516074E-05   -0.273259E-05
 6.29609   -0.778723E-05   -0.512947E-05   -0.281136E-05
 6.31412   -0.775008E-05   -0.509837E-05   -0.288934E-05
 6.33214   -0.771314E-05   -0.506744E-05   -0.296655E-05
 6.35017   -0.767642E-05   -0.503670E-05   -0.304300E-05
 6.36820   -0.763991E-05   -0.500612E-05   -0.311869E-05
 6.38622   -0.760361E-05   -0.497571E-05   -0.319362E-05
 6.40425   -0.756751E-05   -0.494548E-05   -0.326781E-05
 6.42227   -0.753163E-05   -0.491541E-05   -0.334125E-05
 6.44030   -0.749594E-05   -0.488551E-05   -0.341397E-05
 6.45833   -0.746046E-05   -0.485576E-05   -0.348598E-05
 6.47635   -0.742519E-05   -0.482622E-05   -0.355722E-05
 6.49438   -0.739011E-05   -0.479682E-05   -0.362774E-05
 6.51240   -0.735523E-05   -0.476760E-05   -0.369754E-05
 6.53043   -0.732054E-05   -0.473853E-05   -0.376662E-05
 6.54846   -0.728605E-05   -0.470962E-05   -0.383500E-05
 6.56648   -0.725176E-05   -0.468088E-05   -0.390268E-05
 6.58451   -0.721765E-05   -0.465230E-05   -0.396966E-05
 6.60254   -0.718373E-05   -0.462388E-05   -0.403595E-05
 6.62056   -0.715000E-05   -0.459563E-05   -0.410155E-05
 6.63859   -0.711645E-05   -0.456753E-05   -0.416645E-05
 6.65661   -0.708308E-05   -0.453960E-05   -0.423068E-05
 6.67464   -0.704989E-05   -0.451182E-05   -0.429424E-05
 6.69267   -0.701688E-05   -0.448419E-05   -0.435711E-05
 6.71069   -0.698405E-05   -0.445675E-05   -0.441931E-05
 6.72872   -0.695140E-05   -0.442944E-05   -0.448090E-05
 6.74674   -0.691892E-05   -0.440229E-05   -0.454178E-05
 6.76477   -0.688661E-05   -0.437530E-05   -0.460203E-05
 6.78280   -0.685447E-05   -0.434847E-05   -0.466165E-05
 6.80082   -0.682250E-05   -0.432179E-05   -0.472058E-05
 6.81885   -0.679069E-05   -0.429526E-05   -0.477890E-05
 6.83687   -0.675905E-05   -0.426889E-05   -0.483658E-05
 6.85490   -0.672758E-05   -0.424267E-05   -0.489363E-05
 6.87293   -0.669627E-05   -0.421660E-05   -0.495005E-05
 6.89095   -0.666512E-05   -0.419068E-05   -0.500586E-05
 6.90898   -0.663412E-05   -0.416491E-05   -0.506104E-05
 6.92700   -0.660329E-05   -0.413929E-05   -0.511560E-05
 6.94503   -0.657262E-05   -0.411382E-05   -0.516955E-05
 6.96306   -0.654210E-05   -0.408849E-05   -0.522289E-05
 6.98108   -0.651173E-05   -0.406331E-05   -0.527563E-05
 6.99911   -0.648153E-05   -0.403828E-05   -0.532776E-05
 7.01713   -0.645148E-05   -0.401339E-05   -0.537930E-05
 7.03516   -0.642158E-05   -0.398865E-05   -0.543029E-05
 7.05319   -0.639183E-05   -0.396405E-05   -0.548067E-05
 7.07121   -0.636224E-05   -0.393959E-05   -0.553046E-05
 7.08924   -0.633279E-05   -0.391527E-05   -0.557970E-05
 7.10726   -0.630350E-05   -0.389108E-05   -0.562834E-05
 7.12529   -0.627435E-05   -0.386704E-05   -0.567642E-05
 7.14332   -0.624536E-05   -0.384314E-05   -0.572394E-05
 7.16134   -0.621652E-05   -0.381937E-05   -0.577091E-05
 7.17937   -0.618782E-05   -0.379574E-05   -0.581732E-05
 7.19739   -0.615927E-05   -0.377224E-05   -0.586318E-05
 7.21542   -0.613087E-05   -0.374887E-05   -0.590850E-05
 7.23345   -0.610262E-05   -0.372564E-05   -0.595328E-05
 7.25147   -0.607451E-05   -0.370254E-05   -0.599750E-05
 7.26950   -0.604655E-05   -0.367957E-05   -0.604120E-05
 7.28753   -0.601874E-05   -0.365673E-05   -0.608439E-05
 7.30555   -0.599107E-05   -0.363402E-05   -0.612703E-05
 7.32358   -0.596354E-05   -0.361143E-05   -0.616915E-05
 7.34160   -0.593615E-05   -0.358898E-05   -0.621077E-05
 7.35963   -0.590891E-05   -0.356665E-05   -0.625184E-05
 7.37766   -0.588181E-05   -0.354444E-05   -0.629242E-05
 7.39568   -0.585485E-05   -0.352236E-05   -0.633249E-05
 7.41371   -0.582805E-05   -0.350040E-05   -0.637206E-05
 7.43173   -0.580137E-05   -0.347856E-05   -0.641113E-05
 7.44976   -0.577484E-05   -0.345685E-05   -0.644969E-05
 7.46779   -0.574845E-05   -0.343525E-05   -0.648777E-05
 7.48581   -0.572220E-05   -0.341378E-05   -0.652538E-05
 7.50384   -0.569609E-05   -0.339242E-05   -0.656248E-05
 7.52186   -0.567012E-05   -0.337118E-05   -0.659912E-05
 7.53989   -0.564429E-05   -0.335005E-05   -0.663527E-05
 7.55792   -0.561860E-05   -0.332904E-05   -0.667092E-05
 7.57594   -0.559304E-05   -0.330815E-05   -0.670614E-05
 7.59397   -0.556763E-05   -0.328737E-05   -0.674088E-05
 7.61199   -0.554235E-05   -0.326670E-05   -0.677517E-05
 7.63002   -0.551720E-05   -0.324615E-05   -0.680899E-05
 7.64805   -0.549220E-05   -0.322571E-05   -0.684236E-05
 7.66607   -0.546733E-05   -0.320537E-05   -0.687530E-05
 7.68410   -0.544260E-05   -0.318515E-05   -0.690778E-05
 7.70212   -0.541800E-05   -0.316504E-05   -0.693981E-05
 7.72015   -0.539353E-05   -0.314503E-05   -0.697141E-05
 7.73818   -0.536920E-05   -0.312513E-05   -0.700257E-05
 7.75620   -0.534501E-05   -0.310534E-05   -0.703329E-05
 7.77423   -0.532095E-05   -0.308565E-05   -0.706357E-05
 7.79225   -0.529702E-05   -0.306607E-05   -0.709344E-05
 7.81028   -0.527322E-05   -0.304659E-05   -0.712289E-05
 7.82831   -0.524956E-05   -0.302722E-05   -0.715192E-05
 7.84633   -0.522603E-05   -0.300794E-05   -0.718053E-05
 7.86436   -0.520263E-05   -0.298877E-05   -0.720872E-05
 7.88238   -0.517936E-05   -0.296970E-05   -0.723648E-05
 7.90041   -0.515622E-05   -0.295073E-05   -0.726386E-05
 7.91844   -0.513321E-05   -0.293186E-05   -0.729085E-05
 7.93646   -0.511033E-05   -0.291309E-05   -0.731742E-05
 7.95449   -0.508758E-05   -0.289442E-05   -0.734359E-05
 7.97252   -0.506496E-05   -0.287584E-05   -0.736938E-05
 7.99054   -0.504247E-05   -0.285736E-05   -0.739475E-05
 8.00857   -0.502011E-05   -0.283898E-05   -0.741975E-05
 8.02659   -0.499788E-05   -0.282069E-05   -0.744438E-05
 8.04462   -0.497577E-05   -0.280249E-05   -0.746861E-05
 8.06265   -0.495379E-05   -0.278439E-05   -0.749247E-05
 8.08067   -0.493194E-05   -0.276638E-05   -0.751593E-05
 8.09870   -0.491022E-05   -0.274846E-05   -0.753904E-05
 8.11672   -0.488862E-05   -0.273064E-05   -0.756178E-05
 8.13475   -0.486715E-05   -0.271290E-05   -0.758416E-05
 8.15278   -0.484580E-05   -0.269526E-05   -0.760616E-05
 8.17080   -0.482458E-05   -0.267770E-05   -0.762782E-05
 8.18883   -0.480348E-05   -0.266023E-05   -0.764911E-05
 8.20685   -0.478250E-05   -0.264286E-05   -0.767005E-05
 8.22488   -0.476165E-05   -0.262556E-05   -0.769064E-05
 8.24291   -0.474092E-05   -0.260836E-05   -0.771087E-05
 8.26093   -0.472031E-05   -0.259124E-05   -0.773077E-05
 8.27896   -0.469983E-05   -0.257421E-05   -0.775032E-05
 8.29698   -0.467946E-05   -0.255727E-05   -0.776952E-05
 8.31501   -0.465921E-05   -0.254041E-05   -0.778840E-05
 8.33304   -0.463908E-05   -0.252363E-05   -0.780693E-05
 8.35106   -0.461907E-05   -0.250694E-05   -0.782514E-05
 8.36909   -0.459918E-05   -0.249034E-05   -0.784301E-05
 8.38711   -0.457940E-05   -0.247381E-05   -0.786055E-05
 8.40514   -0.455974E-05   -0.245737E-05   -0.787777E-05
 8.42317   -0.454019E-05   -0.244102E-05   -0.789468E-05
 8.44119   -0.452076E-05   -0.242474E-05   -0.791125E-05
 8.45922   -0.450144E-05   -0.240855E-05   -0.792751E-05
 8.47724   -0.448224E-05   -0.239244E-05   -0.794346E-05
 8.49527   -0.446314E-05   -0.237641E-05   -0.795909E-05
 8.51330   -0.444416E-05   -0.236046E-05   -0.797441E-05
 8.53132   -0.442529E-05   -0.234459E-05   -0.798943E-05
 8.54935   -0.440653E-05   -0.232881E-05   -0.800415E-05
 8.56737   -0.438787E-05   -0.231310E-05   -0.801856E-05
 8.58540   -0.436932E-05   -0.229747E-05   -0.803266E-05
 8.60343   -0.435089E-05   -0.228192E-05   -0.804647E-05
 8.62145   -0.433255E-05   -0.226644E-05   -0.805998E-05
 8.63948   -0.431433E-05   -0.225105E-05   -0.807320E-05
 8.65751   -0.429620E-05   -0.223573E-05   -0.808613E-05
 8.67553   -0.427819E-05   -0.222049E-05   -0.809878E-05
 8.69356   -0.426027E-05   -0.220533E-05   -0.811114E-05
 8.71158   -0.424246E-05   -0.219025E-05   -0.812321E-05
 8.72961   -0.422475E-05   -0.217524E-05   -0.813500E-05
 8.74764   -0.420714E-05   -0.216031E-05   -0.814652E-05
 8.76566   -0.418964E-05   -0.214545E-05   -0.815775E-05
 8.78369   -0.417223E-05   -0.213067E-05   -0.816872E-05
 8.80171   -0.415492E-05   -0.211597E-05   -0.817940E-05
 8.81974   -0.413771E-05   -0.210133E-05   -0.818982E-05
 8.83777   -0.412060E-05   -0.208678E-05   -0.819997E-05
 8.85579   -0.410359E-05   -0.207230E-05   -0.820985E-05
 8.87382   -0.408667E-05   -0.205789E-05   -0.821948E-05
 8.89184   -0.406985E-05   -0.204355E-05   -0.822884E-05
 8.90987   -0.405313E-05   -0.202929E-05   -0.823794E-05
 8.92790   -0.403649E-05   -0.201510E-05   -0.824678E-05
 8.94592   -0.401996E-05   -0.200098E-05   -0.825537E-05
 8.96395   -0.400351E-05   -0.198693E-05   -0.826371E-05
 8.98197   -0.398716E-05   -0.197296E-05   -0.827179E-05
 9.00000   -0.397090E-05   -0.195905E-05   -0.827963E-05
