 0.00500    0.870385E-02   -0.466761E-02    0.378583E-02
 0.02303    0.713170E-02   -0.388143E-02    0.319586E-02
 0.04105    0.621130E-02   -0.342087E-02    0.284983E-02
 0.05908    0.554142E-02   -0.308542E-02    0.259738E-02
 0.07710    0.501386E-02   -0.282101E-02    0.239797E-02
 0.09513    0.458018E-02   -0.260343E-02    0.223349E-02
 0.11316    0.421363E-02   -0.241932E-02    0.209394E-02
 0.13118    0.389778E-02   -0.226047E-02    0.197319E-02
 0.14921    0.362167E-02   -0.212141E-02    0.186713E-02
 0.16723    0.337756E-02   -0.199827E-02    0.177290E-02
 0.18526    0.315981E-02   -0.188825E-02    0.168838E-02
 0.20329    0.296411E-02   -0.178919E-02    0.161200E-02
 0.22131    0.278713E-02   -0.169945E-02    0.154250E-02
 0.23934    0.262624E-02   -0.161769E-02    0.147891E-02
 0.25736    0.247930E-02   -0.154287E-02    0.142045E-02
 0.27539    0.234456E-02   -0.147411E-02    0.136647E-02
 0.29342    0.222057E-02   -0.141068E-02    0.131642E-02
 0.31144    0.210611E-02   -0.135198E-02    0.126987E-02
 0.32947    0.200014E-02   -0.129750E-02    0.122643E-02
 0.34749    0.190178E-02   -0.124680E-02    0.118578E-02
 0.36552    0.181028E-02   -0.119950E-02    0.114764E-02
 0.38355    0.172496E-02   -0.115526E-02    0.111176E-02
 0.40157    0.164525E-02   -0.111382E-02    0.107794E-02
 0.41960    0.157064E-02   -0.107490E-02    0.104599E-02
 0.43763    0.150069E-02   -0.103829E-02    0.101575E-02
 0.45565    0.143499E-02   -0.100380E-02    0.987076E-03
 0.47368    0.137321E-02   -0.971249E-03    0.959836E-03
 0.49170    0.131502E-02   -0.940482E-03    0.933918E-03
 0.50973    0.126015E-02   -0.911360E-03    0.909221E-03
 0.52776    0.120833E-02   -0.883757E-03    0.885651E-03
 0.54578    0.115934E-02   -0.857560E-03    0.863127E-03
 0.56381    0.111297E-02   -0.832667E-03    0.841574E-03
 0.58183    0.106903E-02   -0.808984E-03    0.820924E-03
 0.59986    0.102736E-02   -0.786428E-03    0.801116E-03
 0.61789    0.987804E-03   -0.764922E-03    0.782094E-03
 0.63591    0.950212E-03   -0.744397E-03    0.763806E-03
 0.65394    0.914457E-03   -0.724787E-03    0.746208E-03
 0.67196    0.880422E-03   -0.706035E-03    0.729255E-03
 0.68999    0.847997E-03   -0.688086E-03    0.712914E-03
 0.70802    0.817083E-03   -0.670892E-03    0.697139E-03
 0.72604    0.787585E-03   -0.654406E-03    0.681903E-03
 0.74407    0.759421E-03   -0.638587E-03    0.667174E-03
 0.76209    0.732509E-03   -0.623396E-03    0.652924E-03
 0.78012    0.706779E-03   -0.608797E-03    0.639128E-03
 0.79815    0.682162E-03   -0.594757E-03    0.625762E-03
 0.81617    0.658595E-03   -0.581244E-03    0.612803E-03
 0.83420    0.636021E-03   -0.568231E-03    0.600231E-03
 0.85222    0.614386E-03   -0.555690E-03    0.588026E-03
 0.87025    0.593638E-03   -0.543597E-03    0.576170E-03
 0.88828    0.573732E-03   -0.531929E-03    0.564647E-03
 0.90630    0.554624E-03   -0.520664E-03    0.553441E-03
 0.92433    0.536271E-03   -0.509782E-03    0.542538E-03
 0.94235    0.518638E-03   -0.499264E-03    0.531923E-03
 0.96038    0.501686E-03   -0.489093E-03    0.521585E-03
 0.97841    0.485384E-03   -0.479252E-03    0.511512E-03
 0.99643    0.469699E-03   -0.469726E-03    0.501691E-03
 1.01446    0.454602E-03   -0.460500E-03    0.492110E-03
 1.03248    0.440064E-03   -0.451559E-03    0.482768E-03
 1.05051    0.426060E-03   -0.442892E-03    0.473646E-03
 1.06854    0.412566E-03   -0.434486E-03    0.464739E-03
 1.08656    0.399557E-03   -0.426330E-03    0.456038E-03
 1.10459    0.387013E-03   -0.418414E-03    0.447535E-03
 1.12262    0.374912E-03   -0.410726E-03    0.439224E-03
 1.14064    0.363235E-03   -0.403258E-03    0.431097E-03
 1.15867    0.351964E-03   -0.396001E-03    0.423148E-03
 1.17669    0.341081E-03   -0.388945E-03    0.415370E-03
 1.19472    0.330570E-03   -0.382083E-03    0.407757E-03
 1.21275    0.320414E-03   -0.375406E-03    0.400304E-03
 1.23077    0.310600E-03   -0.368909E-03    0.393006E-03
 1.24880    0.301113E-03   -0.362583E-03    0.385857E-03
 1.26682    0.291936E-03   -0.356422E-03    0.378853E-03
 1.28485    0.283069E-03   -0.350420E-03    0.371988E-03
 1.30288    0.274486E-03   -0.344571E-03    0.365260E-03
 1.32090    0.266182E-03   -0.338870E-03    0.358662E-03
 1.33893    0.258144E-03   -0.333310E-03    0.352193E-03
 1.35695    0.250364E-03   -0.327888E-03    0.345847E-03
 1.37498    0.242830E-03   -0.322597E-03    0.339621E-03
 1.39301    0.235533E-03   -0.317434E-03    0.333512E-03
 1.41103    0.228464E-03   -0.312394E-03    0.327516E-03
 1.42906    0.221616E-03   -0.307472E-03    0.321631E-03
 1.44708    0.214980E-03   -0.302665E-03    0.315852E-03
 1.46511    0.208547E-03   -0.297969E-03    0.310178E-03
 1.48314    0.202311E-03   -0.293380E-03    0.304606E-03
 1.50116    0.196265E-03   -0.288895E-03    0.299132E-03
 1.51919    0.190401E-03   -0.284509E-03    0.293755E-03
 1.53721    0.184714E-03   -0.280221E-03    0.288471E-03
 1.55524    0.179196E-03   -0.276027E-03    0.283279E-03
 1.57327    0.173843E-03   -0.271924E-03    0.278176E-03
 1.59129    0.168648E-03   -0.267908E-03    0.273160E-03
 1.60932    0.163606E-03   -0.263979E-03    0.268229E-03
 1.62734    0.158712E-03   -0.260132E-03    0.263381E-03
 1.64537    0.153962E-03   -0.256365E-03    0.258613E-03
 1.66340    0.149349E-03   -0.252676E-03    0.253925E-03
 1.68142    0.144869E-03   -0.249063E-03    0.249315E-03
 1.69945    0.140519E-03   -0.245524E-03    0.244780E-03
 1.71747    0.136294E-03   -0.242056E-03    0.240317E-03
 1.73550    0.132190E-03   -0.238657E-03    0.235928E-03
 1.75353    0.128203E-03   -0.235326E-03    0.231610E-03
 1.77155    0.124330E-03   -0.232060E-03    0.227362E-03
 1.78958    0.120566E-03   -0.228860E-03    0.223181E-03
 1.80761    0.116910E-03   -0.225720E-03    0.219066E-03
 1.82563    0.113356E-03   -0.222640E-03    0.215017E-03
 1.84366    0.109903E-03   -0.219619E-03    0.211031E-03
 1.86168    0.106547E-03   -0.216656E-03    0.207108E-03
 1.87971    0.103285E-03   -0.213748E-03    0.203246E-03
 1.89774    0.100116E-03   -0.210895E-03    0.199444E-03
 1.91576    0.970350E-04   -0.208095E-03    0.195702E-03
 1.93379    0.940409E-04   -0.205347E-03    0.192017E-03
 1.95181    0.911311E-04   -0.202649E-03    0.188390E-03
 1.96984    0.883033E-04   -0.200001E-03    0.184818E-03
 1.98787    0.855553E-04   -0.197401E-03    0.181301E-03
 2.00589    0.828851E-04   -0.194849E-03    0.177839E-03
 2.02392    0.802907E-04   -0.192342E-03    0.174429E-03
 2.04194    0.777703E-04   -0.189881E-03    0.171072E-03
 2.05997    0.753219E-04   -0.187465E-03    0.167766E-03
 2.07800    0.729440E-04   -0.185092E-03    0.164511E-03
 2.09602    0.706347E-04   -0.182761E-03    0.161305E-03
 2.11405    0.683930E-04   -0.180472E-03    0.158149E-03
 2.13207    0.662169E-04   -0.178224E-03    0.155041E-03
 2.15010    0.641052E-04   -0.176017E-03    0.151981E-03
 2.16813    0.620566E-04   -0.173849E-03    0.148967E-03
 2.18615    0.600698E-04   -0.171719E-03    0.146000E-03
 2.20418    0.581436E-04   -0.169628E-03    0.143079E-03
 2.22220    0.562769E-04   -0.167575E-03    0.140202E-03
 2.24023    0.544683E-04   -0.165558E-03    0.137370E-03
 2.25826    0.527169E-04   -0.163578E-03    0.134582E-03
 2.27628    0.510217E-04   -0.161633E-03    0.131837E-03
 2.29431    0.493818E-04   -0.159724E-03    0.129134E-03
 2.31233    0.477958E-04   -0.157849E-03    0.126474E-03
 2.33036    0.462628E-04   -0.156008E-03    0.123855E-03
 2.34839    0.447819E-04   -0.154200E-03    0.121277E-03
 2.36641    0.433521E-04   -0.152426E-03    0.118739E-03
 2.38444    0.419724E-04   -0.150684E-03    0.116241E-03
 2.40246    0.406416E-04   -0.148974E-03    0.113782E-03
 2.42049    0.393587E-04   -0.147294E-03    0.111362E-03
 2.43852    0.381225E-04   -0.145646E-03    0.108979E-03
 2.45654    0.369321E-04   -0.144027E-03    0.106634E-03
 2.47457    0.357859E-04   -0.142437E-03    0.104325E-03
 2.49260    0.346828E-04   -0.140876E-03    0.102052E-03
 2.51062    0.336215E-04   -0.139343E-03    0.998139E-04
 2.52865    0.326005E-04   -0.137836E-03    0.976102E-04
 2.54667    0.316184E-04   -0.136356E-03    0.954402E-04
 2.56470    0.306736E-04   -0.134901E-03    0.933027E-04
 2.58273    0.297644E-04   -0.133470E-03    0.911973E-04
 2.60075    0.288892E-04   -0.132063E-03    0.891229E-04
 2.61878    0.280462E-04   -0.130679E-03    0.870786E-04
 2.63680    0.272334E-04   -0.129316E-03    0.850636E-04
 2.65483    0.264490E-04   -0.127973E-03    0.830767E-04
 2.67286    0.256909E-04   -0.126650E-03    0.811172E-04
 2.69088    0.249569E-04   -0.125345E-03    0.791838E-04
 2.70891    0.242450E-04   -0.124057E-03    0.772756E-04
 2.72693    0.235530E-04   -0.122786E-03    0.753917E-04
 2.74496    0.228785E-04   -0.121529E-03    0.735307E-04
 2.76299    0.222194E-04   -0.120285E-03    0.716918E-04
 2.78101    0.215733E-04   -0.119054E-03    0.698780E-04
 2.79904    0.209380E-04   -0.117834E-03    0.680797E-04
 2.81706    0.203110E-04   -0.116624E-03    0.662960E-04
 2.83509    0.196901E-04   -0.115422E-03    0.645343E-04
 2.85312    0.190730E-04   -0.114228E-03    0.627890E-04
 2.87114    0.184575E-04   -0.113040E-03    0.610593E-04
 2.88917    0.178414E-04   -0.111858E-03    0.593442E-04
 2.90719    0.172225E-04   -0.110679E-03    0.576426E-04
 2.92522    0.165988E-04   -0.109503E-03    0.559535E-04
 2.94325    0.159685E-04   -0.108329E-03    0.542761E-04
 2.96127    0.153295E-04   -0.107156E-03    0.526094E-04
 2.97930    0.146803E-04   -0.105983E-03    0.509526E-04
 2.99732    0.140191E-04   -0.104809E-03    0.493051E-04
 3.01535    0.133445E-04   -0.103634E-03    0.476663E-04
 3.03338    0.126551E-04   -0.102456E-03    0.460348E-04
 3.05140    0.119499E-04   -0.101275E-03    0.444108E-04
 3.06943    0.112278E-04   -0.100091E-03    0.427936E-04
 3.08745    0.104880E-04   -0.989025E-04    0.411826E-04
 3.10548    0.972972E-05   -0.977099E-04    0.395777E-04
 3.12351    0.895253E-05   -0.965126E-04    0.379782E-04
 3.14153    0.815600E-05   -0.953105E-04    0.363842E-04
 3.15956    0.733997E-05   -0.941035E-04    0.347955E-04
 3.17759    0.650443E-05   -0.928915E-04    0.332119E-04
 3.19561    0.564954E-05   -0.916746E-04    0.316332E-04
 3.21364    0.477569E-05   -0.904530E-04    0.300599E-04
 3.23166    0.388332E-05   -0.892268E-04    0.284918E-04
 3.24969    0.297304E-05   -0.879965E-04    0.269293E-04
 3.26772    0.204563E-05   -0.867624E-04    0.253724E-04
 3.28574    0.110197E-05   -0.855249E-04    0.238216E-04
 3.30377    0.143115E-06   -0.842846E-04    0.222772E-04
 3.32179   -0.829796E-06   -0.830420E-04    0.207396E-04
 3.33982   -0.181554E-05   -0.817977E-04    0.192092E-04
 3.35785   -0.281276E-05   -0.805526E-04    0.176865E-04
 3.37587   -0.381993E-05   -0.793072E-04    0.161721E-04
 3.39390   -0.483566E-05   -0.780624E-04    0.146665E-04
 3.41192   -0.585830E-05   -0.768188E-04    0.131703E-04
 3.42995   -0.688622E-05   -0.755775E-04    0.116841E-04
 3.44798   -0.791783E-05   -0.743392E-04    0.102086E-04
 3.46600   -0.895143E-05   -0.731049E-04    0.874437E-05
 3.48403   -0.998530E-05   -0.718753E-04    0.729212E-05
 3.50205   -0.110177E-04   -0.706512E-04    0.585229E-05
 3.52008   -0.120471E-04   -0.694335E-04    0.442568E-05
 3.53811   -0.130716E-04   -0.682233E-04    0.301290E-05
 3.55613   -0.140897E-04   -0.670212E-04    0.161460E-05
 3.57416   -0.150997E-04   -0.658281E-04    0.231372E-06
 3.59218   -0.161000E-04   -0.646448E-04   -0.113620E-05
 3.61021   -0.170891E-04   -0.634721E-04   -0.248754E-05
 3.62824   -0.180656E-04   -0.623107E-04   -0.382204E-05
 3.64626   -0.190279E-04   -0.611614E-04   -0.513922E-05
 3.66429   -0.199749E-04   -0.600247E-04   -0.643860E-05
 3.68231   -0.209054E-04   -0.589015E-04   -0.771968E-05
 3.70034   -0.218178E-04   -0.577922E-04   -0.898215E-05
 3.71837   -0.227115E-04   -0.566973E-04   -0.102254E-04
 3.73639   -0.235852E-04   -0.556175E-04   -0.114493E-04
 3.75442   -0.244381E-04   -0.545532E-04   -0.126534E-04
 3.77244   -0.252693E-04   -0.535048E-04   -0.138373E-04
 3.79047   -0.260781E-04   -0.524724E-04   -0.150009E-04
 3.80850   -0.268637E-04   -0.514568E-04   -0.161439E-04
 3.82652   -0.276257E-04   -0.504584E-04   -0.172662E-04
 3.84455   -0.283635E-04   -0.494768E-04   -0.183677E-04
 3.86258   -0.290768E-04   -0.485126E-04   -0.194481E-04
 3.88060   -0.297652E-04   -0.475656E-04   -0.205075E-04
 3.89863   -0.304285E-04   -0.466364E-04   -0.215457E-04
 3.91665   -0.310665E-04   -0.457249E-04   -0.225629E-04
 3.93468   -0.316792E-04   -0.448310E-04   -0.235590E-04
 3.95271   -0.322665E-04   -0.439548E-04   -0.245341E-04
 3.97073   -0.328284E-04   -0.430962E-04   -0.254882E-04
 3.98876   -0.333652E-04   -0.422553E-04   -0.264214E-04
 4.00678   -0.338769E-04   -0.414318E-04   -0.273339E-04
 4.02481   -0.343638E-04   -0.406256E-04   -0.282259E-04
 4.04284   -0.348262E-04   -0.398365E-04   -0.290975E-04
 4.06086   -0.352642E-04   -0.390644E-04   -0.299489E-04
 4.07889   -0.356784E-04   -0.383091E-04   -0.307802E-04
 4.09691   -0.360692E-04   -0.375703E-04   -0.315919E-04
 4.11494   -0.364370E-04   -0.368479E-04   -0.323841E-04
 4.13297   -0.367823E-04   -0.361415E-04   -0.331570E-04
 4.15099   -0.371054E-04   -0.354510E-04   -0.339109E-04
 4.16902   -0.374071E-04   -0.347759E-04   -0.346462E-04
 4.18704   -0.376878E-04   -0.341159E-04   -0.353632E-04
 4.20507   -0.379481E-04   -0.334709E-04   -0.360620E-04
 4.22310   -0.381885E-04   -0.328404E-04   -0.367430E-04
 4.24112   -0.384097E-04   -0.322242E-04   -0.374065E-04
 4.25915   -0.386121E-04   -0.316220E-04   -0.380529E-04
 4.27717   -0.387965E-04   -0.310333E-04   -0.386824E-04
 4.29520   -0.389633E-04   -0.304579E-04   -0.392954E-04
 4.31323   -0.391133E-04   -0.298954E-04   -0.398922E-04
 4.33125   -0.392469E-04   -0.293456E-04   -0.404730E-04
 4.34928   -0.393649E-04   -0.288080E-04   -0.410383E-04
 4.36730   -0.394677E-04   -0.282824E-04   -0.415884E-04
 4.38533   -0.395559E-04   -0.277684E-04   -0.421235E-04
 4.40336   -0.396302E-04   -0.272658E-04   -0.426441E-04
 4.42138   -0.396910E-04   -0.267741E-04   -0.431503E-04
 4.43941   -0.397390E-04   -0.262932E-04   -0.436425E-04
 4.45743   -0.397747E-04   -0.258226E-04   -0.441209E-04
 4.47546   -0.397986E-04   -0.253621E-04   -0.445860E-04
 4.49349   -0.398111E-04   -0.249114E-04   -0.450380E-04
 4.51151   -0.398130E-04   -0.244703E-04   -0.454772E-04
 4.52954   -0.398045E-04   -0.240383E-04   -0.459037E-04
 4.54757   -0.397862E-04   -0.236154E-04   -0.463181E-04
 4.56559   -0.397585E-04   -0.232011E-04   -0.467204E-04
 4.58362   -0.397220E-04   -0.227953E-04   -0.471109E-04
 4.60164   -0.396770E-04   -0.223977E-04   -0.474901E-04
 4.61967   -0.396239E-04   -0.220080E-04   -0.478579E-04
 4.63770   -0.395632E-04   -0.216260E-04   -0.482148E-04
 4.65572   -0.394952E-04   -0.212516E-04   -0.485610E-04
 4.67375   -0.394203E-04   -0.208844E-04   -0.488967E-04
 4.69177   -0.393389E-04   -0.205242E-04   -0.492221E-04
 4.70980   -0.392513E-04   -0.201710E-04   -0.495375E-04
 4.72783   -0.391578E-04   -0.198243E-04   -0.498430E-04
 4.74585   -0.390588E-04   -0.194841E-04   -0.501389E-04
 4.76388   -0.389546E-04   -0.191502E-04   -0.504254E-04
 4.78190   -0.388454E-04   -0.188224E-04   -0.507027E-04
 4.79993   -0.387316E-04   -0.185005E-04   -0.509710E-04
 4.81796   -0.386134E-04   -0.181844E-04   -0.512305E-04
 4.83598   -0.384910E-04   -0.178739E-04   -0.514814E-04
 4.85401   -0.383648E-04   -0.175687E-04   -0.517238E-04
 4.87203   -0.382349E-04   -0.172689E-04   -0.519580E-04
 4.89006   -0.381016E-04   -0.169743E-04   -0.521841E-04
 4.90809   -0.379651E-04   -0.166846E-04   -0.524023E-04
 4.92611   -0.378255E-04   -0.163998E-04   -0.526128E-04
 4.94414   -0.376831E-04   -0.161198E-04   -0.528157E-04
 4.96216   -0.375381E-04   -0.158444E-04   -0.530111E-04
 4.98019   -0.373907E-04   -0.155735E-04   -0.531993E-04
 4.99822   -0.372410E-04   -0.153070E-04   -0.533804E-04
 5.01624   -0.370891E-04   -0.150448E-04   -0.535545E-04
 5.03427   -0.369353E-04   -0.147867E-04   -0.537217E-04
 5.05229   -0.367796E-04   -0.145327E-04   -0.538823E-04
 5.07032   -0.366222E-04   -0.142827E-04   -0.540363E-04
 5.08835   -0.364633E-04   -0.140366E-04   -0.541838E-04
 5.10637   -0.363030E-04   -0.137942E-04   -0.543250E-04
 5.12440   -0.361413E-04   -0.135556E-04   -0.544600E-04
 5.14242   -0.359785E-04   -0.133205E-04   -0.545889E-04
 5.16045   -0.358145E-04   -0.130890E-04   -0.547118E-04
 5.17848   -0.356496E-04   -0.128609E-04   -0.548289E-04
 5.19650   -0.354838E-04   -0.126362E-04   -0.549403E-04
 5.21453   -0.353172E-04   -0.124148E-04   -0.550460E-04
 5.23256   -0.351499E-04   -0.121967E-04   -0.551462E-04
 5.25058   -0.349820E-04   -0.119816E-04   -0.552410E-04
 5.26861   -0.348136E-04   -0.117697E-04   -0.553305E-04
 5.28663   -0.346446E-04   -0.115608E-04   -0.554147E-04
 5.30466   -0.344753E-04   -0.113548E-04   -0.554939E-04
 5.32269   -0.343057E-04   -0.111518E-04   -0.555685E-04
 5.34071   -0.341359E-04   -0.109515E-04   -0.556377E-04
 5.35874   -0.339658E-04   -0.107541E-04   -0.557022E-04
 5.37676   -0.337956E-04   -0.105594E-04   -0.557618E-04
 5.39479   -0.336254E-04   -0.103682E-04   -0.558169E-04
 5.41282   -0.334551E-04   -0.101788E-04   -0.558674E-04
 5.43084   -0.332849E-04   -0.999193E-05   -0.559135E-04
 5.44887   -0.331148E-04   -0.980758E-05   -0.559552E-04
 5.46689   -0.329448E-04   -0.962570E-05   -0.559926E-04
 5.48492   -0.327750E-04   -0.944541E-05   -0.560258E-04
 5.50295   -0.326054E-04   -0.926834E-05   -0.560548E-04
 5.52097   -0.324361E-04   -0.909360E-05   -0.560798E-04
 5.53900   -0.322670E-04   -0.892116E-05   -0.561009E-04
 5.55702   -0.320984E-04   -0.875097E-05   -0.561180E-04
 5.57505   -0.319300E-04   -0.858298E-05   -0.561313E-04
 5.59308   -0.317621E-04   -0.841717E-05   -0.561408E-04
 5.61110   -0.315947E-04   -0.825349E-05   -0.561466E-04
 5.62913   -0.314278E-04   -0.809191E-05   -0.561488E-04
 5.64715   -0.312611E-04   -0.793238E-05   -0.561475E-04
 5.66518   -0.310953E-04   -0.777488E-05   -0.561426E-04
 5.68321   -0.309298E-04   -0.761937E-05   -0.561343E-04
 5.70123   -0.307650E-04   -0.746582E-05   -0.561226E-04
 5.71926   -0.306007E-04   -0.731419E-05   -0.561076E-04
 5.73728   -0.304370E-04   -0.716445E-05   -0.560893E-04
 5.75531   -0.302739E-04   -0.701658E-05   -0.560678E-04
 5.77334   -0.301115E-04   -0.687665E-05   -0.560432E-04
 5.79136   -0.299497E-04   -0.672631E-05   -0.560156E-04
 5.80939   -0.297886E-04   -0.658386E-05   -0.559849E-04
 5.82741   -0.296282E-04   -0.644315E-05   -0.559513E-04
 5.84544   -0.294685E-04   -0.630417E-05   -0.559148E-04
 5.86347   -0.293095E-04   -0.616689E-05   -0.558754E-04
 5.88149   -0.291513E-04   -0.603128E-05   -0.558332E-04
 5.89952   -0.289937E-04   -0.589731E-05   -0.557883E-04
 5.91755   -0.288369E-04   -0.576498E-05   -0.557407E-04
 5.93557   -0.286809E-04   -0.563424E-05   -0.556905E-04
 5.95360   -0.285255E-04   -0.550509E-05   -0.556376E-04
 5.97162   -0.283711E-04   -0.537749E-05   -0.555822E-04
 5.98965   -0.282174E-04   -0.525143E-05   -0.555244E-04
 6.00768   -0.280644E-04   -0.512688E-05   -0.554640E-04
 6.02570   -0.279123E-04   -0.500383E-05   -0.554013E-04
 6.04373   -0.277609E-04   -0.488226E-05   -0.553362E-04
 6.06175   -0.276102E-04   -0.476214E-05   -0.552688E-04
 6.07978   -0.274604E-04   -0.464347E-05   -0.551991E-04
 6.09781   -0.273114E-04   -0.452621E-05   -0.551272E-04
 6.11583   -0.271632E-04   -0.441036E-05   -0.550530E-04
 6.13386   -0.270157E-04   -0.429589E-05   -0.549767E-04
 6.15188   -0.268691E-04   -0.418279E-05   -0.548983E-04
 6.16991   -0.267232E-04   -0.407104E-05   -0.548178E-04
 6.18794   -0.265782E-04   -0.396062E-05   -0.547353E-04
 6.20596   -0.264339E-04   -0.385153E-05   -0.546508E-04
 6.22399   -0.262904E-04   -0.374374E-05   -0.545643E-04
 6.24201   -0.261477E-04   -0.363725E-05   -0.544759E-04
 6.26004   -0.260058E-04   -0.353203E-05   -0.543856E-04
 6.27807   -0.258647E-04   -0.342806E-05   -0.542934E-04
 6.29609   -0.257243E-04   -0.332535E-05   -0.541994E-04
 6.31412   -0.255848E-04   -0.322387E-05   -0.541036E-04
 6.33214   -0.254460E-04   -0.312361E-05   -0.540061E-04
 6.35017   -0.253080E-04   -0.302456E-05   -0.539069E-04
 6.36820   -0.251707E-04   -0.292670E-05   -0.538060E-04
 6.38622   -0.250342E-04   -0.283002E-05   -0.537034E-04
 6.40425   -0.248985E-04   -0.273451E-05   -0.535993E-04
 6.42227   -0.247635E-04   -0.264016E-05   -0.534935E-04
 6.44030   -0.246293E-04   -0.254695E-05   -0.533862E-04
 6.45833   -0.244959E-04   -0.245487E-05   -0.532774E-04
 6.47635   -0.243631E-04   -0.236380E-05   -0.531671E-04
 6.49438   -0.242311E-04   -0.227408E-05   -0.530553E-04
 6.51240   -0.240999E-04   -0.218533E-05   -0.529421E-04
 6.53043   -0.239694E-04   -0.209767E-05   -0.528275E-04
 6.54846   -0.238396E-04   -0.201109E-05   -0.527115E-04
 6.56648   -0.237105E-04   -0.192558E-05   -0.525942E-04
 6.58451   -0.235821E-04   -0.184112E-05   -0.524756E-04
 6.60254   -0.234544E-04   -0.175772E-05   -0.523557E-04
 6.62056   -0.233275E-04   -0.167534E-05   -0.522345E-04
 6.63859   -0.232012E-04   -0.159398E-05   -0.521121E-04
 6.65661   -0.230756E-04   -0.151364E-05   -0.519884E-04
 6.67464   -0.229508E-04   -0.143430E-05   -0.518636E-04
 6.69267   -0.228266E-04   -0.135595E-05   -0.517376E-04
 6.71069   -0.227030E-04   -0.127860E-05   -0.516105E-04
 6.72872   -0.225802E-04   -0.120221E-05   -0.514823E-04
 6.74674   -0.224580E-04   -0.112679E-05   -0.513529E-04
 6.76477   -0.223365E-04   -0.105232E-05   -0.512225E-04
 6.78280   -0.222156E-04   -0.978805E-06   -0.510911E-04
 6.80082   -0.220954E-04   -0.906220E-06   -0.509587E-04
 6.81885   -0.219759E-04   -0.834563E-06   -0.508252E-04
 6.83687   -0.218570E-04   -0.763824E-06   -0.506908E-04
 6.85490   -0.217387E-04   -0.693993E-06   -0.505555E-04
 6.87293   -0.216211E-04   -0.625062E-06   -0.504192E-04
 6.89095   -0.215041E-04   -0.557021E-06   -0.502821E-04
 6.90898   -0.213877E-04   -0.489861E-06   -0.501440E-04
 6.92700   -0.212719E-04   -0.423571E-06   -0.500051E-04
 6.94503   -0.211568E-04   -0.358148E-06   -0.498654E-04
 6.96306   -0.210423E-04   -0.293574E-06   -0.497248E-04
 6.98108   -0.209284E-04   -0.229849E-06   -0.495835E-04
 6.99911   -0.208151E-04   -0.166955E-06   -0.494413E-04
 7.01713   -0.207024E-04   -0.104883E-06   -0.492985E-04
 7.03516   -0.205904E-04   -0.436330E-07   -0.491549E-04
 7.05319   -0.204789E-04    0.168085E-07   -0.490106E-04
 7.07121   -0.203680E-04    0.764574E-07   -0.488656E-04
 7.08924   -0.202577E-04    0.135304E-06   -0.487199E-04
 7.10726   -0.201480E-04    0.193378E-06   -0.485736E-04
 7.12529   -0.200389E-04    0.250681E-06   -0.484266E-04
 7.14332   -0.199304E-04    0.307221E-06   -0.482791E-04
 7.16134   -0.198225E-04    0.363007E-06   -0.481309E-04
 7.17937   -0.197152E-04    0.418049E-06   -0.479822E-04
 7.19739   -0.196084E-04    0.472357E-06   -0.478329E-04
 7.21542   -0.195023E-04    0.525948E-06   -0.476831E-04
 7.23345   -0.193967E-04    0.578793E-06   -0.475328E-04
 7.25147   -0.192917E-04    0.630944E-06   -0.473819E-04
 7.26950   -0.191873E-04    0.682394E-06   -0.472306E-04
 7.28753   -0.190834E-04    0.733168E-06   -0.470788E-04
 7.30555   -0.189801E-04    0.783219E-06   -0.469266E-04
 7.32358   -0.188774E-04    0.832615E-06   -0.467739E-04
 7.34160   -0.187753E-04    0.881344E-06   -0.466209E-04
 7.35963   -0.186737E-04    0.929413E-06   -0.464674E-04
 7.37766   -0.185728E-04    0.976833E-06   -0.463135E-04
 7.39568   -0.184723E-04    0.102361E-05   -0.461593E-04
 7.41371   -0.183725E-04    0.106976E-05   -0.460048E-04
 7.43173   -0.182732E-04    0.111528E-05   -0.458499E-04
 7.44976   -0.181745E-04    0.116017E-05   -0.456947E-04
 7.46779   -0.180763E-04    0.120447E-05   -0.455391E-04
 7.48581   -0.179787E-04    0.124816E-05   -0.453834E-04
 7.50384   -0.178817E-04    0.129125E-05   -0.452273E-04
 7.52186   -0.177852E-04    0.133377E-05   -0.450710E-04
 7.53989   -0.176893E-04    0.137570E-05   -0.449144E-04
 7.55792   -0.175940E-04    0.141706E-05   -0.447576E-04
 7.57594   -0.174992E-04    0.145787E-05   -0.446006E-04
 7.59397   -0.174050E-04    0.149811E-05   -0.444434E-04
 7.61199   -0.173114E-04    0.153782E-05   -0.442860E-04
 7.63002   -0.172183E-04    0.157698E-05   -0.441285E-04
 7.64805   -0.171257E-04    0.161559E-05   -0.439708E-04
 7.66607   -0.170337E-04    0.165369E-05   -0.438129E-04
 7.68410   -0.169423E-04    0.169129E-05   -0.436549E-04
 7.70212   -0.168514E-04    0.172836E-05   -0.434968E-04
 7.72015   -0.167611E-04    0.176493E-05   -0.433386E-04
 7.73818   -0.166713E-04    0.180099E-05   -0.431803E-04
 7.75620   -0.165821E-04    0.183657E-05   -0.430219E-04
 7.77423   -0.164934E-04    0.187166E-05   -0.428634E-04
 7.79225   -0.164053E-04    0.190627E-05   -0.427049E-04
 7.81028   -0.163177E-04    0.194041E-05   -0.425464E-04
 7.82831   -0.162307E-04    0.197408E-05   -0.423878E-04
 7.84633   -0.161442E-04    0.200729E-05   -0.422291E-04
 7.86436   -0.160582E-04    0.204004E-05   -0.420705E-04
 7.88238   -0.159728E-04    0.207235E-05   -0.419119E-04
 7.90041   -0.158879E-04    0.210422E-05   -0.417532E-04
 7.91844   -0.158036E-04    0.213564E-05   -0.415946E-04
 7.93646   -0.157198E-04    0.216664E-05   -0.414360E-04
 7.95449   -0.156365E-04    0.219721E-05   -0.412774E-04
 7.97252   -0.155537E-04    0.222736E-05   -0.411189E-04
 7.99054   -0.154715E-04    0.225710E-05   -0.409605E-04
 8.00857   -0.153898E-04    0.228643E-05   -0.408021E-04
 8.02659   -0.153086E-04    0.231535E-05   -0.406438E-04
 8.04462   -0.152279E-04    0.234388E-05   -0.404856E-04
 8.06265   -0.151478E-04    0.237200E-05   -0.403274E-04
 8.08067   -0.150681E-04    0.239975E-05   -0.401694E-04
 8.09870   -0.149890E-04    0.242710E-05   -0.400115E-04
 8.11672   -0.149104E-04    0.245408E-05   -0.398535E-04
 8.13475   -0.148323E-04    0.248068E-05   -0.396960E-04
 8.15278   -0.147547E-04    0.250692E-05   -0.395384E-04
 8.17080   -0.146776E-04    0.253278E-05   -0.393810E-04
 8.18883   -0.146010E-04    0.255829E-05   -0.392238E-04
 8.20685   -0.145249E-04    0.258344E-05   -0.390667E-04
 8.22488   -0.144493E-04    0.260824E-05   -0.389097E-04
 8.24291   -0.143742E-04    0.263269E-05   -0.387530E-04
 8.26093   -0.142996E-04    0.265680E-05   -0.385964E-04
 8.27896   -0.142255E-04    0.268057E-05   -0.384400E-04
 8.29698   -0.141519E-04    0.270400E-05   -0.382838E-04
 8.31501   -0.140787E-04    0.272710E-05   -0.381278E-04
 8.33304   -0.140060E-04    0.274987E-05   -0.379720E-04
 8.35106   -0.139338E-04    0.277232E-05   -0.378164E-04
 8.36909   -0.138621E-04    0.279445E-05   -0.376610E-04
 8.38711   -0.137908E-04    0.281626E-05   -0.375059E-04
 8.40514   -0.137200E-04    0.283776E-05   -0.373509E-04
 8.42317   -0.136497E-04    0.285895E-05   -0.371962E-04
 8.44119   -0.135798E-04    0.287984E-05   -0.370418E-04
 8.45922   -0.135104E-04    0.290042E-05   -0.368876E-04
 8.47724   -0.134415E-04    0.292070E-05   -0.367337E-04
 8.49527   -0.133730E-04    0.294069E-05   -0.365800E-04
 8.51330   -0.133049E-04    0.296039E-05   -0.364266E-04
 8.53132   -0.132373E-04    0.297979E-05   -0.362734E-04
 8.54935   -0.131701E-04    0.299892E-05   -0.361205E-04
 8.56737   -0.131034E-04    0.301775E-05   -0.359679E-04
 8.58540   -0.130371E-04    0.303631E-05   -0.358156E-04
 8.60343   -0.129712E-04    0.305460E-05   -0.356635E-04
 8.62145   -0.129058E-04    0.307261E-05   -0.355118E-04
 8.63948   -0.128408E-04    0.309035E-05   -0.353603E-04
 8.65751   -0.127762E-04    0.310782E-05   -0.352092E-04
 8.67553   -0.127121E-04    0.312503E-05   -0.350584E-04
 8.69356   -0.126483E-04    0.314197E-05   -0.349078E-04
 8.71158   -0.125850E-04    0.315866E-05   -0.347576E-04
 8.72961   -0.125221E-04    0.317509E-05   -0.346077E-04
 8.74764   -0.124596E-04    0.319127E-05   -0.344581E-04
 8.76566   -0.123975E-04    0.320720E-05   -0.343089E-04
 8.78369   -0.123358E-04    0.322289E-05   -0.341599E-04
 8.80171   -0.122745E-04    0.323832E-05   -0.340113E-04
 8.81974   -0.122136E-04    0.325352E-05   -0.338631E-04
 8.83777   -0.121532E-04    0.326848E-05   -0.337151E-04
 8.85579   -0.120931E-04    0.328320E-05   -0.335675E-04
 8.87382   -0.120333E-04    0.329768E-05   -0.334203E-04
 8.89184   -0.119740E-04    0.331193E-05   -0.332734E-04
 8.90987   -0.119151E-04    0.332596E-05   -0.331269E-04
 8.92790   -0.118565E-04    0.333976E-05   -0.329807E-04
 8.94592   -0.117983E-04    0.335333E-05   -0.328349E-04
 8.96395   -0.117405E-04    0.336668E-05   -0.326894E-04
 8.98197   -0.116831E-04    0.337981E-05   -0.325443E-04
 9.00000   -0.116260E-04    0.339273E-05   -0.323996E-04
