 0.00500    0.458508E-02   -0.241849E-02    0.196570E-02
 0.01501    0.405802E-02   -0.215496E-02    0.176798E-02
 0.02501    0.370200E-02   -0.197694E-02    0.163441E-02
 0.03502    0.342542E-02   -0.183859E-02    0.153056E-02
 0.04502    0.319755E-02   -0.172458E-02    0.144493E-02
 0.05503    0.300336E-02   -0.162741E-02    0.137191E-02
 0.06503    0.283410E-02   -0.154269E-02    0.130821E-02
 0.07504    0.268423E-02   -0.146765E-02    0.125175E-02
 0.08504    0.254991E-02   -0.140038E-02    0.120109E-02
 0.09505    0.242839E-02   -0.133950E-02    0.115521E-02
 0.10506    0.231761E-02   -0.128398E-02    0.111334E-02
 0.11506    0.221598E-02   -0.123303E-02    0.107488E-02
 0.12507    0.212225E-02   -0.118602E-02    0.103937E-02
 0.13507    0.203542E-02   -0.114245E-02    0.100642E-02
 0.14508    0.195467E-02   -0.110191E-02    0.975732E-03
 0.15508    0.187931E-02   -0.106407E-02    0.947050E-03
 0.16509    0.180877E-02   -0.102863E-02    0.920160E-03
 0.17509    0.174257E-02   -0.995348E-03    0.894881E-03
 0.18510    0.168029E-02   -0.964024E-03    0.871058E-03
 0.19511    0.162157E-02   -0.934475E-03    0.848557E-03
 0.20511    0.156609E-02   -0.906544E-03    0.827261E-03
 0.21512    0.151359E-02   -0.880094E-03    0.807067E-03
 0.22512    0.146382E-02   -0.855007E-03    0.787887E-03
 0.23513    0.141657E-02   -0.831174E-03    0.769639E-03
 0.24513    0.137165E-02   -0.808502E-03    0.752255E-03
 0.25514    0.132889E-02   -0.786905E-03    0.735669E-03
 0.26514    0.128813E-02   -0.766306E-03    0.719829E-03
 0.27515    0.124923E-02   -0.746637E-03    0.704676E-03
 0.28516    0.121208E-02   -0.727837E-03    0.690169E-03
 0.29516    0.117656E-02   -0.709847E-03    0.676263E-03
 0.30517    0.114257E-02   -0.692618E-03    0.662922E-03
 0.31517    0.111001E-02   -0.676101E-03    0.650111E-03
 0.32518    0.107879E-02   -0.660255E-03    0.637796E-03
 0.33518    0.104884E-02   -0.645038E-03    0.625949E-03
 0.34519    0.102008E-02   -0.630416E-03    0.614543E-03
 0.35519    0.992444E-03   -0.616354E-03    0.603553E-03
 0.36520    0.965875E-03   -0.602822E-03    0.592956E-03
 0.37521    0.940313E-03   -0.589791E-03    0.582730E-03
 0.38521    0.915703E-03   -0.577235E-03    0.572856E-03
 0.39522    0.891997E-03   -0.565128E-03    0.563316E-03
 0.40522    0.869149E-03   -0.553448E-03    0.554092E-03
 0.41523    0.847114E-03   -0.542173E-03    0.545169E-03
 0.42523    0.825854E-03   -0.531283E-03    0.536531E-03
 0.43524    0.805329E-03   -0.520760E-03    0.528166E-03
 0.44524    0.785507E-03   -0.510587E-03    0.520058E-03
 0.45525    0.766352E-03   -0.500745E-03    0.512198E-03
 0.46526    0.747836E-03   -0.491222E-03    0.504573E-03
 0.47526    0.729927E-03   -0.482001E-03    0.497172E-03
 0.48527    0.712601E-03   -0.473069E-03    0.489986E-03
 0.49527    0.695829E-03   -0.464414E-03    0.483005E-03
 0.50528    0.679589E-03   -0.456024E-03    0.476220E-03
 0.51528    0.663857E-03   -0.447887E-03    0.469623E-03
 0.52529    0.648613E-03   -0.439992E-03    0.463205E-03
 0.53529    0.633835E-03   -0.432329E-03    0.456960E-03
 0.54530    0.619504E-03   -0.424889E-03    0.450880E-03
 0.55531    0.605602E-03   -0.417663E-03    0.444958E-03
 0.56531    0.592112E-03   -0.410642E-03    0.439188E-03
 0.57532    0.579017E-03   -0.403817E-03    0.433564E-03
 0.58532    0.566302E-03   -0.397182E-03    0.428081E-03
 0.59533    0.553952E-03   -0.390728E-03    0.422732E-03
 0.60533    0.541952E-03   -0.384449E-03    0.417513E-03
 0.61534    0.530291E-03   -0.378338E-03    0.412419E-03
 0.62534    0.518954E-03   -0.372390E-03    0.407445E-03
 0.63535    0.507931E-03   -0.366597E-03    0.402587E-03
 0.64536    0.497208E-03   -0.360954E-03    0.397841E-03
 0.65536    0.486776E-03   -0.355456E-03    0.393202E-03
 0.66537    0.476624E-03   -0.350098E-03    0.388666E-03
 0.67537    0.466743E-03   -0.344874E-03    0.384231E-03
 0.68538    0.457121E-03   -0.339780E-03    0.379892E-03
 0.69538    0.447751E-03   -0.334811E-03    0.375646E-03
 0.70539    0.438624E-03   -0.329963E-03    0.371491E-03
 0.71539    0.429731E-03   -0.325233E-03    0.367422E-03
 0.72540    0.421065E-03   -0.320615E-03    0.363438E-03
 0.73541    0.412618E-03   -0.316106E-03    0.359535E-03
 0.74541    0.404382E-03   -0.311703E-03    0.355710E-03
 0.75542    0.396351E-03   -0.307403E-03    0.351962E-03
 0.76542    0.388518E-03   -0.303201E-03    0.348288E-03
 0.77543    0.380877E-03   -0.299094E-03    0.344685E-03
 0.78543    0.373421E-03   -0.295081E-03    0.341151E-03
 0.79544    0.366145E-03   -0.291157E-03    0.337684E-03
 0.80544    0.359043E-03   -0.287319E-03    0.334281E-03
 0.81545    0.352109E-03   -0.283567E-03    0.330942E-03
 0.82546    0.345339E-03   -0.279895E-03    0.327664E-03
 0.83546    0.338727E-03   -0.276303E-03    0.324446E-03
 0.84547    0.332268E-03   -0.272788E-03    0.321284E-03
 0.85547    0.325959E-03   -0.269347E-03    0.318179E-03
 0.86548    0.319794E-03   -0.265978E-03    0.315127E-03
 0.87548    0.313769E-03   -0.262680E-03    0.312129E-03
 0.88549    0.307880E-03   -0.259450E-03    0.309181E-03
 0.89549    0.302124E-03   -0.256285E-03    0.306283E-03
 0.90550    0.296495E-03   -0.253185E-03    0.303434E-03
 0.91551    0.290992E-03   -0.250148E-03    0.300631E-03
 0.92551    0.285609E-03   -0.247171E-03    0.297874E-03
 0.93552    0.280345E-03   -0.244253E-03    0.295162E-03
 0.94552    0.275194E-03   -0.241392E-03    0.292493E-03
 0.95553    0.270155E-03   -0.238588E-03    0.289866E-03
 0.96553    0.265224E-03   -0.235837E-03    0.287280E-03
 0.97554    0.260398E-03   -0.233139E-03    0.284734E-03
 0.98555    0.255675E-03   -0.230493E-03    0.282226E-03
 0.99555    0.251051E-03   -0.227897E-03    0.279757E-03
 1.00556    0.246524E-03   -0.225349E-03    0.277325E-03
 1.01556    0.242092E-03   -0.222849E-03    0.274928E-03
 1.02557    0.237751E-03   -0.220394E-03    0.272567E-03
 1.03557    0.233500E-03   -0.217985E-03    0.270240E-03
 1.04558    0.229336E-03   -0.215620E-03    0.267946E-03
 1.05558    0.225257E-03   -0.213297E-03    0.265685E-03
 1.06559    0.221260E-03   -0.211017E-03    0.263455E-03
 1.07560    0.217345E-03   -0.208776E-03    0.261257E-03
 1.08560    0.213507E-03   -0.206575E-03    0.259089E-03
 1.09561    0.209747E-03   -0.204413E-03    0.256950E-03
 1.10561    0.206061E-03   -0.202289E-03    0.254840E-03
 1.11562    0.202448E-03   -0.200201E-03    0.252759E-03
 1.12562    0.198906E-03   -0.198149E-03    0.250705E-03
 1.13563    0.195433E-03   -0.196132E-03    0.248678E-03
 1.14563    0.192028E-03   -0.194149E-03    0.246677E-03
 1.15564    0.188689E-03   -0.192200E-03    0.244702E-03
 1.16565    0.185414E-03   -0.190283E-03    0.242752E-03
 1.17565    0.182202E-03   -0.188398E-03    0.240827E-03
 1.18566    0.179051E-03   -0.186544E-03    0.238926E-03
 1.19566    0.175961E-03   -0.184720E-03    0.237048E-03
 1.20567    0.172929E-03   -0.182926E-03    0.235193E-03
 1.21567    0.169954E-03   -0.181161E-03    0.233361E-03
 1.22568    0.167035E-03   -0.179425E-03    0.231551E-03
 1.23568    0.164170E-03   -0.177716E-03    0.229763E-03
 1.24569    0.161359E-03   -0.176034E-03    0.227995E-03
 1.25570    0.158600E-03   -0.174378E-03    0.226249E-03
 1.26570    0.155892E-03   -0.172749E-03    0.224522E-03
 1.27571    0.153234E-03   -0.171144E-03    0.222816E-03
 1.28571    0.150624E-03   -0.169565E-03    0.221129E-03
 1.29572    0.148062E-03   -0.168010E-03    0.219461E-03
 1.30572    0.145546E-03   -0.166478E-03    0.217812E-03
 1.31573    0.143076E-03   -0.164970E-03    0.216181E-03
 1.32573    0.140650E-03   -0.163484E-03    0.214568E-03
 1.33574    0.138268E-03   -0.162020E-03    0.212973E-03
 1.34575    0.135928E-03   -0.160579E-03    0.211395E-03
 1.35575    0.133631E-03   -0.159158E-03    0.209834E-03
 1.36576    0.131373E-03   -0.157759E-03    0.208289E-03
 1.37576    0.129156E-03   -0.156380E-03    0.206761E-03
 1.38577    0.126978E-03   -0.155021E-03    0.205249E-03
 1.39577    0.124838E-03   -0.153682E-03    0.203752E-03
 1.40578    0.122736E-03   -0.152361E-03    0.202271E-03
 1.41578    0.120670E-03   -0.151060E-03    0.200806E-03
 1.42579    0.118640E-03   -0.149776E-03    0.199355E-03
 1.43580    0.116645E-03   -0.148511E-03    0.197918E-03
 1.44580    0.114685E-03   -0.147264E-03    0.196496E-03
 1.45581    0.112758E-03   -0.146034E-03    0.195088E-03
 1.46581    0.110865E-03   -0.144821E-03    0.193694E-03
 1.47582    0.109003E-03   -0.143625E-03    0.192314E-03
 1.48582    0.107174E-03   -0.142445E-03    0.190946E-03
 1.49583    0.105375E-03   -0.141281E-03    0.189592E-03
 1.50583    0.103608E-03   -0.140133E-03    0.188251E-03
 1.51584    0.101869E-03   -0.139000E-03    0.186923E-03
 1.52585    0.100161E-03   -0.137883E-03    0.185607E-03
 1.53585    0.984804E-04   -0.136780E-03    0.184303E-03
 1.54586    0.968284E-04   -0.135692E-03    0.183012E-03
 1.55586    0.952039E-04   -0.134618E-03    0.181732E-03
 1.56587    0.936065E-04   -0.133558E-03    0.180464E-03
 1.57587    0.920356E-04   -0.132512E-03    0.179207E-03
 1.58588    0.904907E-04   -0.131479E-03    0.177962E-03
 1.59588    0.889713E-04   -0.130460E-03    0.176728E-03
 1.60589    0.874770E-04   -0.129454E-03    0.175505E-03
 1.61590    0.860072E-04   -0.128460E-03    0.174292E-03
 1.62590    0.845614E-04   -0.127480E-03    0.173090E-03
 1.63591    0.831393E-04   -0.126511E-03    0.171899E-03
 1.64591    0.817404E-04   -0.125555E-03    0.170718E-03
 1.65592    0.803643E-04   -0.124611E-03    0.169547E-03
 1.66592    0.790105E-04   -0.123678E-03    0.168386E-03
 1.67593    0.776787E-04   -0.122757E-03    0.167235E-03
 1.68593    0.763684E-04   -0.121847E-03    0.166093E-03
 1.69594    0.750792E-04   -0.120948E-03    0.164961E-03
 1.70595    0.738108E-04   -0.120061E-03    0.163839E-03
 1.71595    0.725628E-04   -0.119184E-03    0.162725E-03
 1.72596    0.713348E-04   -0.118317E-03    0.161621E-03
 1.73596    0.701265E-04   -0.117461E-03    0.160526E-03
 1.74597    0.689374E-04   -0.116616E-03    0.159440E-03
 1.75597    0.677675E-04   -0.115780E-03    0.158362E-03
 1.76598    0.666161E-04   -0.114954E-03    0.157293E-03
 1.77598    0.654830E-04   -0.114138E-03    0.156233E-03
 1.78599    0.643680E-04   -0.113331E-03    0.155181E-03
 1.79600    0.632707E-04   -0.112534E-03    0.154137E-03
 1.80600    0.621908E-04   -0.111746E-03    0.153102E-03
 1.81601    0.611279E-04   -0.110967E-03    0.152075E-03
 1.82601    0.600819E-04   -0.110197E-03    0.151055E-03
 1.83602    0.590525E-04   -0.109436E-03    0.150044E-03
 1.84602    0.580393E-04   -0.108683E-03    0.149040E-03
 1.85603    0.570421E-04   -0.107939E-03    0.148044E-03
 1.86603    0.560607E-04   -0.107204E-03    0.147055E-03
 1.87604    0.550947E-04   -0.106476E-03    0.146074E-03
 1.88605    0.541440E-04   -0.105757E-03    0.145100E-03
 1.89605    0.532082E-04   -0.105046E-03    0.144134E-03
 1.90606    0.522872E-04   -0.104343E-03    0.143175E-03
 1.91606    0.513808E-04   -0.103648E-03    0.142223E-03
 1.92607    0.504886E-04   -0.102961E-03    0.141278E-03
 1.93607    0.496105E-04   -0.102281E-03    0.140339E-03
 1.94608    0.487463E-04   -0.101608E-03    0.139408E-03
 1.95608    0.478958E-04   -0.100943E-03    0.138484E-03
 1.96609    0.470587E-04   -0.100285E-03    0.137566E-03
 1.97610    0.462349E-04   -0.996349E-04    0.136655E-03
 1.98610    0.454241E-04   -0.989914E-04    0.135751E-03
 1.99611    0.446262E-04   -0.983549E-04    0.134853E-03
 2.00611    0.438410E-04   -0.977253E-04    0.133962E-03
 2.01612    0.430683E-04   -0.971026E-04    0.133077E-03
 2.02612    0.423079E-04   -0.964864E-04    0.132198E-03
 2.03613    0.415597E-04   -0.958771E-04    0.131326E-03
 2.04613    0.408235E-04   -0.952742E-04    0.130459E-03
 2.05614    0.400992E-04   -0.946778E-04    0.129599E-03
 2.06615    0.393865E-04   -0.940878E-04    0.128745E-03
 2.07615    0.386853E-04   -0.935041E-04    0.127897E-03
 2.08616    0.379955E-04   -0.929267E-04    0.127055E-03
 2.09616    0.373169E-04   -0.923554E-04    0.126219E-03
 2.10617    0.366494E-04   -0.917903E-04    0.125388E-03
 2.11617    0.359929E-04   -0.912310E-04    0.124564E-03
 2.12618    0.353471E-04   -0.906779E-04    0.123745E-03
 2.13618    0.347121E-04   -0.901306E-04    0.122932E-03
 2.14619    0.340876E-04   -0.895891E-04    0.122124E-03
 2.15620    0.334734E-04   -0.890534E-04    0.121322E-03
 2.16620    0.328696E-04   -0.885234E-04    0.120526E-03
 2.17621    0.322759E-04   -0.879990E-04    0.119735E-03
 2.18621    0.316922E-04   -0.874801E-04    0.118950E-03
 2.19622    0.311185E-04   -0.869668E-04    0.118170E-03
 2.20622    0.305546E-04   -0.864589E-04    0.117395E-03
 2.21623    0.300003E-04   -0.859563E-04    0.116626E-03
 2.22623    0.294556E-04   -0.854592E-04    0.115862E-03
 2.23624    0.289203E-04   -0.849673E-04    0.115103E-03
 2.24625    0.283945E-04   -0.844806E-04    0.114349E-03
 2.25625    0.278778E-04   -0.839991E-04    0.113601E-03
 2.26626    0.273703E-04   -0.835227E-04    0.112858E-03
 2.27626    0.268718E-04   -0.830514E-04    0.112119E-03
 2.28627    0.263822E-04   -0.825850E-04    0.111386E-03
 2.29627    0.259014E-04   -0.821232E-04    0.110657E-03
 2.30628    0.254293E-04   -0.816670E-04    0.109934E-03
 2.31628    0.249658E-04   -0.812153E-04    0.109216E-03
 2.32629    0.245107E-04   -0.807684E-04    0.108502E-03
 2.33630    0.240641E-04   -0.803262E-04    0.107793E-03
 2.34630    0.236257E-04   -0.798886E-04    0.107089E-03
 2.35631    0.231955E-04   -0.794557E-04    0.106389E-03
 2.36631    0.227733E-04   -0.790273E-04    0.105695E-03
 2.37632    0.223590E-04   -0.786035E-04    0.105004E-03
 2.38632    0.219526E-04   -0.781841E-04    0.104319E-03
 2.39633    0.215539E-04   -0.777691E-04    0.103638E-03
 2.40633    0.211628E-04   -0.773584E-04    0.102961E-03
 2.41634    0.207791E-04   -0.769519E-04    0.102289E-03
 2.42635    0.204028E-04   -0.765497E-04    0.101622E-03
 2.43635    0.200338E-04   -0.761517E-04    0.100958E-03
 2.44636    0.196719E-04   -0.757577E-04    0.100299E-03
 2.45636    0.193170E-04   -0.753678E-04    0.996445E-04
 2.46637    0.189690E-04   -0.749817E-04    0.989939E-04
 2.47637    0.186277E-04   -0.745996E-04    0.983474E-04
 2.48638    0.182931E-04   -0.742214E-04    0.977051E-04
 2.49638    0.179649E-04   -0.738469E-04    0.970668E-04
 2.50639    0.176431E-04   -0.734760E-04    0.964325E-04
 2.51640    0.173274E-04   -0.731088E-04    0.958022E-04
 2.52640    0.170179E-04   -0.727452E-04    0.951757E-04
 2.53641    0.167143E-04   -0.723850E-04    0.945530E-04
 2.54641    0.164165E-04   -0.720282E-04    0.939340E-04
 2.55642    0.161244E-04   -0.716748E-04    0.933189E-04
 2.56642    0.158378E-04   -0.713247E-04    0.927074E-04
 2.57643    0.155565E-04   -0.709777E-04    0.920994E-04
 2.58643    0.152805E-04   -0.706338E-04    0.914951E-04
 2.59644    0.150095E-04   -0.702930E-04    0.908941E-04
 2.60645    0.147434E-04   -0.699551E-04    0.902966E-04
 2.61645    0.144821E-04   -0.696201E-04    0.897024E-04
 2.62646    0.142253E-04   -0.692879E-04    0.891114E-04
 2.63646    0.139730E-04   -0.689583E-04    0.885237E-04
 2.64647    0.137250E-04   -0.686314E-04    0.879392E-04
 2.65647    0.134811E-04   -0.683071E-04    0.873577E-04
 2.66648    0.132411E-04   -0.679853E-04    0.867793E-04
 2.67648    0.130050E-04   -0.676658E-04    0.862038E-04
 2.68649    0.127725E-04   -0.673486E-04    0.856311E-04
 2.69650    0.125434E-04   -0.670337E-04    0.850615E-04
 2.70650    0.123177E-04   -0.667208E-04    0.844944E-04
 2.71651    0.120952E-04   -0.664100E-04    0.839302E-04
 2.72651    0.118756E-04   -0.661013E-04    0.833684E-04
 2.73652    0.116589E-04   -0.657944E-04    0.828094E-04
 2.74652    0.114449E-04   -0.654893E-04    0.822527E-04
 2.75653    0.112333E-04   -0.651860E-04    0.816984E-04
 2.76654    0.110242E-04   -0.648843E-04    0.811466E-04
 2.77654    0.108172E-04   -0.645842E-04    0.805971E-04
 2.78655    0.106124E-04   -0.642855E-04    0.800498E-04
 2.79655    0.104094E-04   -0.639884E-04    0.795047E-04
 2.80656    0.102082E-04   -0.636925E-04    0.789617E-04
 2.81656    0.100086E-04   -0.633980E-04    0.784207E-04
 2.82657    0.981051E-05   -0.631046E-04    0.778818E-04
 2.83657    0.961373E-05   -0.628123E-04    0.773448E-04
 2.84658    0.941814E-05   -0.625211E-04    0.768097E-04
 2.85659    0.922362E-05   -0.622308E-04    0.762765E-04
 2.86659    0.903002E-05   -0.619415E-04    0.757450E-04
 2.87660    0.883720E-05   -0.616530E-04    0.752152E-04
 2.88660    0.864507E-05   -0.613653E-04    0.746872E-04
 2.89661    0.845350E-05   -0.610783E-04    0.741608E-04
 2.90661    0.826236E-05   -0.607920E-04    0.736359E-04
 2.91662    0.807157E-05   -0.605063E-04    0.731125E-04
 2.92662    0.788099E-05   -0.602211E-04    0.725907E-04
 2.93663    0.769050E-05   -0.599364E-04    0.720702E-04
 2.94664    0.750002E-05   -0.596521E-04    0.715512E-04
 2.95664    0.730945E-05   -0.593683E-04    0.710335E-04
 2.96665    0.711871E-05   -0.590848E-04    0.705172E-04
 2.97665    0.692769E-05   -0.588016E-04    0.700021E-04
 2.98666    0.673634E-05   -0.585187E-04    0.694882E-04
 2.99666    0.654451E-05   -0.582359E-04    0.689756E-04
 3.00667    0.635218E-05   -0.579533E-04    0.684641E-04
 3.01667    0.615927E-05   -0.576709E-04    0.679538E-04
 3.02668    0.596573E-05   -0.573885E-04    0.674445E-04
 3.03669    0.577143E-05   -0.571063E-04    0.669364E-04
 3.04669    0.557640E-05   -0.568240E-04    0.664294E-04
 3.05670    0.538051E-05   -0.565418E-04    0.659234E-04
 3.06670    0.518374E-05   -0.562595E-04    0.654183E-04
 3.07671    0.498605E-05   -0.559772E-04    0.649143E-04
 3.08671    0.478739E-05   -0.556941E-04    0.644113E-04
 3.09672    0.458773E-05   -0.554124E-04    0.639093E-04
 3.10672    0.438703E-05   -0.551298E-04    0.634081E-04
 3.11673    0.418525E-05   -0.548471E-04    0.629079E-04
 3.12674    0.398237E-05   -0.545643E-04    0.624087E-04
 3.13674    0.377835E-05   -0.542814E-04    0.619103E-04
 3.14675    0.357319E-05   -0.539982E-04    0.614129E-04
 3.15675    0.336686E-05   -0.537150E-04    0.609164E-04
 3.16676    0.315934E-05   -0.534315E-04    0.604207E-04
 3.17676    0.295064E-05   -0.531479E-04    0.599259E-04
 3.18677    0.274075E-05   -0.528640E-04    0.594319E-04
 3.19677    0.252965E-05   -0.525801E-04    0.589389E-04
 3.20678    0.231736E-05   -0.522959E-04    0.584468E-04
 3.21679    0.210387E-05   -0.520110E-04    0.579555E-04
 3.22679    0.188918E-05   -0.517270E-04    0.574651E-04
 3.23680    0.167332E-05   -0.514423E-04    0.569756E-04
 3.24680    0.145628E-05   -0.511574E-04    0.564869E-04
 3.25681    0.123808E-05   -0.508724E-04    0.559992E-04
 3.26681    0.101869E-05   -0.505872E-04    0.555125E-04
 3.27682    0.798259E-06   -0.503019E-04    0.550265E-04
 3.28682    0.576702E-06   -0.500165E-04    0.545415E-04
 3.29683    0.354043E-06   -0.497309E-04    0.540574E-04
 3.30684    0.130335E-06   -0.494452E-04    0.535743E-04
 3.31684   -0.944079E-07   -0.491594E-04    0.530921E-04
 3.32685   -0.320142E-06   -0.488736E-04    0.526109E-04
 3.33685   -0.546854E-06   -0.485877E-04    0.521307E-04
 3.34686   -0.774481E-06   -0.483017E-04    0.516515E-04
 3.35686   -0.100301E-05   -0.480158E-04    0.511733E-04
 3.36687   -0.123240E-05   -0.477298E-04    0.506961E-04
 3.37687   -0.146262E-05   -0.474438E-04    0.502199E-04
 3.38688   -0.169362E-05   -0.471579E-04    0.497447E-04
 3.39689   -0.192532E-05   -0.468721E-04    0.492707E-04
 3.40689   -0.215774E-05   -0.465864E-04    0.487978E-04
 3.41690   -0.239080E-05   -0.463005E-04    0.483261E-04
 3.42690   -0.262445E-05   -0.460153E-04    0.478553E-04
 3.43691   -0.285866E-05   -0.457300E-04    0.473859E-04
 3.44691   -0.309335E-05   -0.454448E-04    0.469175E-04
 3.45692   -0.332847E-05   -0.451599E-04    0.464504E-04
 3.46692   -0.356399E-05   -0.448753E-04    0.459844E-04
 3.47693   -0.379985E-05   -0.445909E-04    0.455198E-04
 3.48694   -0.403597E-05   -0.443069E-04    0.450564E-04
 3.49694   -0.427232E-05   -0.440232E-04    0.445944E-04
 3.50695   -0.450885E-05   -0.437398E-04    0.441336E-04
 3.51695   -0.474545E-05   -0.434569E-04    0.436742E-04
 3.52696   -0.498214E-05   -0.431743E-04    0.432164E-04
 3.53696   -0.521881E-05   -0.428923E-04    0.427596E-04
 3.54697   -0.545540E-05   -0.426107E-04    0.423045E-04
 3.55697   -0.569184E-05   -0.423296E-04    0.418507E-04
 3.56698   -0.592809E-05   -0.420492E-04    0.413985E-04
 3.57699   -0.616407E-05   -0.417693E-04    0.409477E-04
 3.58699   -0.639968E-05   -0.414901E-04    0.404985E-04
 3.59700   -0.663494E-05   -0.412115E-04    0.400508E-04
 3.60700   -0.686972E-05   -0.409336E-04    0.396048E-04
 3.61701   -0.710399E-05   -0.406564E-04    0.391603E-04
 3.62701   -0.733772E-05   -0.403800E-04    0.387175E-04
 3.63702   -0.757069E-05   -0.401044E-04    0.382771E-04
 3.64702   -0.780299E-05   -0.398296E-04    0.378376E-04
 3.65703   -0.803450E-05   -0.395557E-04    0.373998E-04
 3.66704   -0.826518E-05   -0.392827E-04    0.369639E-04
 3.67704   -0.849491E-05   -0.390106E-04    0.365297E-04
 3.68705   -0.872367E-05   -0.387396E-04    0.360973E-04
 3.69705   -0.895138E-05   -0.384695E-04    0.356667E-04
 3.70706   -0.917798E-05   -0.382004E-04    0.352381E-04
 3.71706   -0.940340E-05   -0.379324E-04    0.348113E-04
 3.72707   -0.962757E-05   -0.376655E-04    0.343864E-04
 3.73707   -0.985044E-05   -0.373998E-04    0.339635E-04
 3.74708   -0.100720E-04   -0.371352E-04    0.335420E-04
 3.75709   -0.102920E-04   -0.368718E-04    0.331230E-04
 3.76709   -0.105106E-04   -0.366097E-04    0.327060E-04
 3.77710   -0.107276E-04   -0.363488E-04    0.322911E-04
 3.78710   -0.109430E-04   -0.360892E-04    0.318782E-04
 3.79711   -0.111568E-04   -0.358310E-04    0.314673E-04
 3.80711   -0.113688E-04   -0.355741E-04    0.310586E-04
 3.81712   -0.115790E-04   -0.353186E-04    0.306521E-04
 3.82712   -0.117874E-04   -0.350644E-04    0.302477E-04
 3.83713   -0.119938E-04   -0.348118E-04    0.298454E-04
 3.84714   -0.121984E-04   -0.345606E-04    0.294453E-04
 3.85714   -0.124009E-04   -0.343109E-04    0.290475E-04
 3.86715   -0.126014E-04   -0.340627E-04    0.286518E-04
 3.87715   -0.127997E-04   -0.338160E-04    0.282584E-04
 3.88716   -0.129960E-04   -0.335710E-04    0.278672E-04
 3.89716   -0.131900E-04   -0.333275E-04    0.274784E-04
 3.90717   -0.133818E-04   -0.330856E-04    0.270919E-04
 3.91717   -0.135713E-04   -0.328454E-04    0.267077E-04
 3.92718   -0.137584E-04   -0.326068E-04    0.263257E-04
 3.93719   -0.139433E-04   -0.323699E-04    0.259462E-04
 3.94719   -0.141257E-04   -0.321347E-04    0.255690E-04
 3.95720   -0.143056E-04   -0.319012E-04    0.251941E-04
 3.96720   -0.144831E-04   -0.316694E-04    0.248216E-04
 3.97721   -0.146581E-04   -0.314394E-04    0.244516E-04
 3.98721   -0.148306E-04   -0.312112E-04    0.240839E-04
 3.99722   -0.150004E-04   -0.309847E-04    0.237186E-04
 4.00722   -0.151677E-04   -0.307600E-04    0.233558E-04
 4.01723   -0.153324E-04   -0.305371E-04    0.229954E-04
 4.02724   -0.154944E-04   -0.303161E-04    0.226375E-04
 4.03724   -0.156538E-04   -0.300968E-04    0.222819E-04
 4.04725   -0.158104E-04   -0.298794E-04    0.219289E-04
 4.05725   -0.159644E-04   -0.296639E-04    0.215782E-04
 4.06726   -0.161156E-04   -0.294502E-04    0.212300E-04
 4.07726   -0.162641E-04   -0.292383E-04    0.208843E-04
 4.08727   -0.164099E-04   -0.290284E-04    0.205411E-04
 4.09727   -0.165528E-04   -0.288203E-04    0.202003E-04
 4.10728   -0.166929E-04   -0.286141E-04    0.198620E-04
 4.11729   -0.168303E-04   -0.284097E-04    0.195262E-04
 4.12729   -0.169650E-04   -0.282073E-04    0.191928E-04
 4.13730   -0.170969E-04   -0.280067E-04    0.188619E-04
 4.14730   -0.172258E-04   -0.278080E-04    0.185334E-04
 4.15731   -0.173521E-04   -0.276112E-04    0.182073E-04
 4.16731   -0.174755E-04   -0.274162E-04    0.178838E-04
 4.17732   -0.175962E-04   -0.272232E-04    0.175627E-04
 4.18732   -0.177141E-04   -0.270320E-04    0.172440E-04
 4.19733   -0.178291E-04   -0.268427E-04    0.169278E-04
 4.20734   -0.179414E-04   -0.266553E-04    0.166140E-04
 4.21734   -0.180509E-04   -0.264697E-04    0.163027E-04
 4.22735   -0.181577E-04   -0.262860E-04    0.159937E-04
 4.23735   -0.182617E-04   -0.261041E-04    0.156872E-04
 4.24736   -0.183630E-04   -0.259242E-04    0.153831E-04
 4.25736   -0.184614E-04   -0.257459E-04    0.150814E-04
 4.26737   -0.185573E-04   -0.255696E-04    0.147820E-04
 4.27737   -0.186505E-04   -0.253950E-04    0.144851E-04
 4.28738   -0.187410E-04   -0.252223E-04    0.141905E-04
 4.29739   -0.188288E-04   -0.250514E-04    0.138982E-04
 4.30739   -0.189140E-04   -0.248822E-04    0.136083E-04
 4.31740   -0.189965E-04   -0.247149E-04    0.133208E-04
 4.32740   -0.190765E-04   -0.245493E-04    0.130355E-04
 4.33741   -0.191538E-04   -0.243854E-04    0.127526E-04
 4.34741   -0.192287E-04   -0.242233E-04    0.124720E-04
 4.35742   -0.193010E-04   -0.240629E-04    0.121935E-04
 4.36742   -0.193708E-04   -0.239042E-04    0.119175E-04
 4.37743   -0.194382E-04   -0.237472E-04    0.116437E-04
 4.38744   -0.195031E-04   -0.235920E-04    0.113721E-04
 4.39744   -0.195655E-04   -0.234383E-04    0.111027E-04
 4.40745   -0.196256E-04   -0.232863E-04    0.108355E-04
 4.41745   -0.196834E-04   -0.231360E-04    0.105705E-04
 4.42746   -0.197387E-04   -0.229872E-04    0.103077E-04
 4.43746   -0.197918E-04   -0.228401E-04    0.100470E-04
 4.44747   -0.198427E-04   -0.226945E-04    0.978852E-05
 4.45747   -0.198912E-04   -0.225506E-04    0.953215E-05
 4.46748   -0.199376E-04   -0.224081E-04    0.927787E-05
 4.47749   -0.199818E-04   -0.222672E-04    0.902569E-05
 4.48749   -0.200238E-04   -0.221278E-04    0.877560E-05
 4.49750   -0.200638E-04   -0.219900E-04    0.852757E-05
 4.50750   -0.201016E-04   -0.218536E-04    0.828158E-05
 4.51751   -0.201374E-04   -0.217186E-04    0.803761E-05
 4.52751   -0.201712E-04   -0.215851E-04    0.779567E-05
 4.53752   -0.202030E-04   -0.214531E-04    0.755570E-05
 4.54753   -0.202328E-04   -0.213224E-04    0.731772E-05
 4.55753   -0.202608E-04   -0.211931E-04    0.708170E-05
 4.56754   -0.202868E-04   -0.210653E-04    0.684763E-05
 4.57754   -0.203110E-04   -0.209387E-04    0.661549E-05
 4.58755   -0.203334E-04   -0.208136E-04    0.638530E-05
 4.59755   -0.203540E-04   -0.206896E-04    0.615695E-05
 4.60756   -0.203728E-04   -0.205671E-04    0.593047E-05
 4.61756   -0.203899E-04   -0.204458E-04    0.570586E-05
 4.62757   -0.204054E-04   -0.203257E-04    0.548308E-05
 4.63758   -0.204191E-04   -0.202070E-04    0.526208E-05
 4.64758   -0.204313E-04   -0.200894E-04    0.504293E-05
 4.65759   -0.204417E-04   -0.199731E-04    0.482557E-05
 4.66759   -0.204509E-04   -0.198579E-04    0.460998E-05
 4.67760   -0.204584E-04   -0.197439E-04    0.439614E-05
 4.68760   -0.204644E-04   -0.196311E-04    0.418404E-05
 4.69761   -0.204690E-04   -0.195194E-04    0.397366E-05
 4.70761   -0.204721E-04   -0.194089E-04    0.376498E-05
 4.71762   -0.204738E-04   -0.192994E-04    0.355800E-05
 4.72763   -0.204742E-04   -0.191911E-04    0.335268E-05
 4.73763   -0.204732E-04   -0.190838E-04    0.314902E-05
 4.74764   -0.204709E-04   -0.189776E-04    0.294698E-05
 4.75764   -0.204673E-04   -0.188724E-04    0.274658E-05
 4.76765   -0.204623E-04   -0.187682E-04    0.254778E-05
 4.77765   -0.204564E-04   -0.186651E-04    0.235058E-05
 4.78766   -0.204492E-04   -0.185629E-04    0.215495E-05
 4.79766   -0.204408E-04   -0.184618E-04    0.196089E-05
 4.80767   -0.204313E-04   -0.183615E-04    0.176838E-05
 4.81768   -0.204207E-04   -0.182623E-04    0.157738E-05
 4.82768   -0.204090E-04   -0.181639E-04    0.138790E-05
 4.83769   -0.203962E-04   -0.180665E-04    0.119990E-05
 4.84769   -0.203825E-04   -0.179700E-04    0.101341E-05
 4.85770   -0.203677E-04   -0.178743E-04    0.828382E-06
 4.86770   -0.203519E-04   -0.177796E-04    0.644812E-06
 4.87771   -0.203352E-04   -0.176857E-04    0.462667E-06
 4.88771   -0.203176E-04   -0.175926E-04    0.281971E-06
 4.89772   -0.202990E-04   -0.175004E-04    0.102679E-06
 4.90773   -0.202796E-04   -0.174090E-04   -0.752144E-07
 4.91773   -0.202593E-04   -0.173184E-04   -0.251722E-06
 4.92774   -0.202382E-04   -0.172286E-04   -0.426859E-06
 4.93774   -0.202163E-04   -0.171395E-04   -0.600634E-06
 4.94775   -0.201936E-04   -0.170513E-04   -0.773060E-06
 4.95775   -0.201702E-04   -0.169638E-04   -0.944150E-06
 4.96776   -0.201460E-04   -0.168770E-04   -0.111392E-05
 4.97776   -0.201210E-04   -0.167910E-04   -0.128240E-05
 4.98777   -0.200954E-04   -0.167057E-04   -0.144958E-05
 4.99778   -0.200691E-04   -0.166211E-04   -0.161546E-05
 5.00778   -0.200422E-04   -0.165371E-04   -0.178007E-05
 5.01779   -0.200146E-04   -0.164539E-04   -0.194338E-05
 5.02779   -0.199863E-04   -0.163713E-04   -0.210546E-05
 5.03780   -0.199575E-04   -0.162895E-04   -0.226631E-05
 5.04780   -0.199281E-04   -0.162082E-04   -0.242595E-05
 5.05781   -0.198980E-04   -0.161276E-04   -0.258435E-05
 5.06781   -0.198675E-04   -0.160477E-04   -0.274152E-05
 5.07782   -0.198365E-04   -0.159683E-04   -0.289754E-05
 5.08783   -0.198049E-04   -0.158896E-04   -0.305239E-05
 5.09783   -0.197728E-04   -0.158115E-04   -0.320603E-05
 5.10784   -0.197402E-04   -0.157339E-04   -0.335853E-05
 5.11784   -0.197071E-04   -0.156570E-04   -0.350983E-05
 5.12785   -0.196737E-04   -0.155806E-04   -0.366007E-05
 5.13785   -0.196397E-04   -0.155048E-04   -0.380913E-05
 5.14786   -0.196053E-04   -0.154296E-04   -0.395703E-05
 5.15786   -0.195704E-04   -0.153549E-04   -0.410384E-05
 5.16787   -0.195354E-04   -0.152807E-04   -0.424956E-05
 5.17788   -0.194999E-04   -0.152071E-04   -0.439419E-05
 5.18788   -0.194639E-04   -0.151340E-04   -0.453772E-05
 5.19789   -0.194277E-04   -0.150614E-04   -0.468018E-05
 5.20789   -0.193910E-04   -0.149893E-04   -0.482157E-05
 5.21790   -0.193541E-04   -0.149178E-04   -0.496191E-05
 5.22790   -0.193168E-04   -0.148467E-04   -0.510119E-05
 5.23791   -0.192792E-04   -0.147761E-04   -0.523943E-05
 5.24791   -0.192414E-04   -0.147060E-04   -0.537663E-05
 5.25792   -0.192032E-04   -0.146364E-04   -0.551284E-05
 5.26793   -0.191648E-04   -0.145672E-04   -0.564800E-05
 5.27793   -0.191261E-04   -0.144985E-04   -0.578216E-05
 5.28794   -0.190871E-04   -0.144302E-04   -0.591531E-05
 5.29794   -0.190479E-04   -0.143624E-04   -0.604748E-05
 5.30795   -0.190085E-04   -0.142951E-04   -0.617862E-05
 5.31795   -0.189689E-04   -0.142281E-04   -0.630882E-05
 5.32796   -0.189290E-04   -0.141616E-04   -0.643805E-05
 5.33796   -0.188890E-04   -0.140955E-04   -0.656632E-05
 5.34797   -0.188487E-04   -0.140299E-04   -0.669364E-05
 5.35798   -0.188083E-04   -0.139646E-04   -0.682002E-05
 5.36798   -0.187677E-04   -0.138998E-04   -0.694545E-05
 5.37799   -0.187269E-04   -0.138353E-04   -0.706995E-05
 5.38799   -0.186860E-04   -0.137713E-04   -0.719353E-05
 5.39800   -0.186449E-04   -0.137076E-04   -0.731619E-05
 5.40800   -0.186036E-04   -0.136443E-04   -0.743794E-05
 5.41801   -0.185623E-04   -0.135814E-04   -0.755878E-05
 5.42801   -0.185207E-04   -0.135189E-04   -0.767873E-05
 5.43802   -0.184791E-04   -0.134568E-04   -0.779779E-05
 5.44803   -0.184374E-04   -0.133950E-04   -0.791596E-05
 5.45803   -0.183955E-04   -0.133335E-04   -0.803325E-05
 5.46804   -0.183536E-04   -0.132725E-04   -0.814970E-05
 5.47804   -0.183115E-04   -0.132117E-04   -0.826525E-05
 5.48805   -0.182694E-04   -0.131514E-04   -0.837993E-05
 5.49805   -0.182272E-04   -0.130913E-04   -0.849379E-05
 5.50806   -0.181849E-04   -0.130317E-04   -0.860681E-05
 5.51806   -0.181425E-04   -0.129723E-04   -0.871897E-05
 5.52807   -0.181000E-04   -0.129133E-04   -0.883026E-05
 5.53808   -0.180575E-04   -0.128546E-04   -0.894072E-05
 5.54808   -0.180150E-04   -0.127962E-04   -0.905041E-05
 5.55809   -0.179724E-04   -0.127382E-04   -0.915926E-05
 5.56809   -0.179297E-04   -0.126804E-04   -0.926729E-05
 5.57810   -0.178870E-04   -0.126230E-04   -0.937452E-05
 5.58810   -0.178443E-04   -0.125659E-04   -0.948093E-05
 5.59811   -0.178015E-04   -0.125091E-04   -0.958658E-05
 5.60811   -0.177588E-04   -0.124526E-04   -0.969142E-05
 5.61812   -0.177159E-04   -0.123963E-04   -0.979547E-05
 5.62813   -0.176731E-04   -0.123404E-04   -0.989874E-05
 5.63813   -0.176303E-04   -0.122848E-04   -0.100012E-04
 5.64814   -0.175874E-04   -0.122295E-04   -0.101030E-04
 5.65814   -0.175445E-04   -0.121744E-04   -0.102039E-04
 5.66815   -0.175017E-04   -0.121197E-04   -0.103041E-04
 5.67815   -0.174588E-04   -0.120652E-04   -0.104036E-04
 5.68816   -0.174159E-04   -0.120110E-04   -0.105023E-04
 5.69816   -0.173731E-04   -0.119571E-04   -0.106002E-04
 5.70817   -0.173302E-04   -0.119034E-04   -0.106974E-04
 5.71818   -0.172874E-04   -0.118500E-04   -0.107939E-04
 5.72818   -0.172446E-04   -0.117969E-04   -0.108897E-04
 5.73819   -0.172018E-04   -0.117441E-04   -0.109847E-04
 5.74819   -0.171590E-04   -0.116915E-04   -0.110790E-04
 5.75820   -0.171163E-04   -0.116392E-04   -0.111726E-04
 5.76820   -0.170735E-04   -0.115871E-04   -0.112654E-04
 5.77821   -0.170308E-04   -0.115353E-04   -0.113576E-04
 5.78821   -0.169882E-04   -0.114837E-04   -0.114490E-04
 5.79822   -0.169456E-04   -0.114324E-04   -0.115398E-04
 5.80823   -0.169030E-04   -0.113813E-04   -0.116299E-04
 5.81823   -0.168604E-04   -0.113305E-04   -0.117192E-04
 5.82824   -0.168178E-04   -0.112799E-04   -0.118079E-04
 5.83824   -0.167754E-04   -0.112296E-04   -0.118959E-04
 5.84825   -0.167330E-04   -0.111795E-04   -0.119833E-04
 5.85825   -0.166906E-04   -0.111296E-04   -0.120699E-04
 5.86826   -0.166483E-04   -0.110800E-04   -0.121559E-04
 5.87826   -0.166061E-04   -0.110306E-04   -0.122412E-04
 5.88827   -0.165638E-04   -0.109815E-04   -0.123259E-04
 5.89828   -0.165216E-04   -0.109326E-04   -0.124099E-04
 5.90828   -0.164796E-04   -0.108839E-04   -0.124932E-04
 5.91829   -0.164375E-04   -0.108354E-04   -0.125759E-04
 5.92829   -0.163955E-04   -0.107872E-04   -0.126580E-04
 5.93830   -0.163536E-04   -0.107391E-04   -0.127394E-04
 5.94830   -0.163117E-04   -0.106913E-04   -0.128201E-04
 5.95831   -0.162699E-04   -0.106438E-04   -0.129003E-04
 5.96831   -0.162282E-04   -0.105964E-04   -0.129798E-04
 5.97832   -0.161865E-04   -0.105493E-04   -0.130586E-04
 5.98833   -0.161449E-04   -0.105023E-04   -0.131369E-04
 5.99833   -0.161034E-04   -0.104556E-04   -0.132145E-04
 6.00834   -0.160619E-04   -0.104091E-04   -0.132915E-04
 6.01834   -0.160205E-04   -0.103628E-04   -0.133679E-04
 6.02835   -0.159792E-04   -0.103167E-04   -0.134436E-04
 6.03835   -0.159380E-04   -0.102709E-04   -0.135188E-04
 6.04836   -0.158968E-04   -0.102252E-04   -0.135934E-04
 6.05836   -0.158557E-04   -0.101797E-04   -0.136673E-04
 6.06837   -0.158147E-04   -0.101345E-04   -0.137406E-04
 6.07838   -0.157738E-04   -0.100894E-04   -0.138134E-04
 6.08838   -0.157329E-04   -0.100445E-04   -0.138856E-04
 6.09839   -0.156921E-04   -0.999987E-05   -0.139571E-04
 6.10839   -0.156514E-04   -0.995541E-05   -0.140281E-04
 6.11840   -0.156108E-04   -0.991114E-05   -0.140986E-04
 6.12840   -0.155702E-04   -0.986707E-05   -0.141684E-04
 6.13841   -0.155298E-04   -0.982319E-05   -0.142376E-04
 6.14841   -0.154894E-04   -0.977950E-05   -0.143063E-04
 6.15842   -0.154491E-04   -0.973601E-05   -0.143745E-04
 6.16843   -0.154089E-04   -0.969270E-05   -0.144420E-04
 6.17843   -0.153688E-04   -0.964958E-05   -0.145090E-04
 6.18844   -0.153287E-04   -0.960666E-05   -0.145754E-04
 6.19844   -0.152888E-04   -0.956392E-05   -0.146413E-04
 6.20845   -0.152489E-04   -0.952136E-05   -0.147066E-04
 6.21845   -0.152091E-04   -0.947899E-05   -0.147714E-04
 6.22846   -0.151694E-04   -0.943681E-05   -0.148356E-04
 6.23846   -0.151298E-04   -0.939480E-05   -0.148993E-04
 6.24847   -0.150903E-04   -0.935298E-05   -0.149624E-04
 6.25848   -0.150509E-04   -0.931133E-05   -0.150250E-04
 6.26848   -0.150115E-04   -0.926987E-05   -0.150871E-04
 6.27849   -0.149723E-04   -0.922858E-05   -0.151487E-04
 6.28849   -0.149331E-04   -0.918747E-05   -0.152097E-04
 6.29850   -0.148940E-04   -0.914654E-05   -0.152702E-04
 6.30850   -0.148550E-04   -0.910578E-05   -0.153301E-04
 6.31851   -0.148162E-04   -0.906519E-05   -0.153896E-04
 6.32852   -0.147774E-04   -0.902478E-05   -0.154485E-04
 6.33852   -0.147387E-04   -0.898454E-05   -0.155069E-04
 6.34853   -0.147000E-04   -0.894446E-05   -0.155648E-04
 6.35853   -0.146615E-04   -0.890456E-05   -0.156222E-04
 6.36854   -0.146231E-04   -0.886483E-05   -0.156791E-04
 6.37854   -0.145848E-04   -0.882526E-05   -0.157355E-04
 6.38855   -0.145465E-04   -0.878587E-05   -0.157914E-04
 6.39855   -0.145084E-04   -0.874663E-05   -0.158468E-04
 6.40856   -0.144703E-04   -0.870756E-05   -0.159017E-04
 6.41857   -0.144324E-04   -0.866866E-05   -0.159561E-04
 6.42857   -0.143945E-04   -0.862992E-05   -0.160100E-04
 6.43858   -0.143567E-04   -0.859134E-05   -0.160635E-04
 6.44858   -0.143191E-04   -0.855292E-05   -0.161164E-04
 6.45859   -0.142815E-04   -0.851466E-05   -0.161689E-04
 6.46859   -0.142440E-04   -0.847657E-05   -0.162209E-04
 6.47860   -0.142066E-04   -0.843863E-05   -0.162725E-04
 6.48860   -0.141693E-04   -0.840085E-05   -0.163236E-04
 6.49861   -0.141321E-04   -0.836322E-05   -0.163742E-04
 6.50862   -0.140950E-04   -0.832575E-05   -0.164242E-04
 6.51862   -0.140580E-04   -0.828844E-05   -0.164739E-04
 6.52863   -0.140211E-04   -0.825128E-05   -0.165230E-04
 6.53863   -0.139843E-04   -0.821427E-05   -0.165717E-04
 6.54864   -0.139476E-04   -0.817742E-05   -0.166200E-04
 6.55864   -0.139109E-04   -0.814072E-05   -0.166678E-04
 6.56865   -0.138745E-04   -0.810572E-05   -0.167151E-04
 6.57865   -0.138380E-04   -0.806931E-05   -0.167620E-04
 6.58866   -0.138017E-04   -0.803152E-05   -0.168083E-04
 6.59867   -0.137655E-04   -0.799541E-05   -0.168544E-04
 6.60867   -0.137294E-04   -0.795946E-05   -0.169000E-04
 6.61868   -0.136933E-04   -0.792365E-05   -0.169451E-04
 6.62868   -0.136574E-04   -0.788799E-05   -0.169897E-04
 6.63869   -0.136216E-04   -0.785248E-05   -0.170339E-04
 6.64869   -0.135858E-04   -0.781711E-05   -0.170777E-04
 6.65870   -0.135502E-04   -0.778188E-05   -0.171211E-04
 6.66870   -0.135146E-04   -0.774680E-05   -0.171640E-04
 6.67871   -0.134792E-04   -0.771186E-05   -0.172065E-04
 6.68872   -0.134438E-04   -0.767706E-05   -0.172485E-04
 6.69872   -0.134086E-04   -0.764241E-05   -0.172902E-04
 6.70873   -0.133734E-04   -0.760789E-05   -0.173314E-04
 6.71873   -0.133384E-04   -0.757352E-05   -0.173722E-04
 6.72874   -0.133034E-04   -0.753928E-05   -0.174126E-04
 6.73874   -0.132686E-04   -0.750518E-05   -0.174525E-04
 6.74875   -0.132338E-04   -0.747122E-05   -0.174920E-04
 6.75875   -0.131991E-04   -0.743740E-05   -0.175312E-04
 6.76876   -0.131646E-04   -0.740371E-05   -0.175700E-04
 6.77877   -0.131301E-04   -0.737016E-05   -0.176083E-04
 6.78877   -0.130957E-04   -0.733674E-05   -0.176460E-04
 6.79878   -0.130614E-04   -0.730346E-05   -0.176838E-04
 6.80878   -0.130272E-04   -0.727031E-05   -0.177209E-04
 6.81879   -0.129932E-04   -0.723730E-05   -0.177576E-04
 6.82879   -0.129592E-04   -0.720442E-05   -0.177940E-04
 6.83880   -0.129253E-04   -0.717167E-05   -0.178299E-04
 6.84880   -0.128915E-04   -0.713905E-05   -0.178655E-04
 6.85881   -0.128578E-04   -0.710657E-05   -0.179006E-04
 6.86882   -0.128242E-04   -0.707421E-05   -0.179353E-04
 6.87882   -0.127907E-04   -0.704198E-05   -0.179698E-04
 6.88883   -0.127573E-04   -0.700988E-05   -0.180038E-04
 6.89883   -0.127239E-04   -0.697791E-05   -0.180375E-04
 6.90884   -0.126908E-04   -0.694607E-05   -0.180707E-04
 6.91884   -0.126576E-04   -0.691436E-05   -0.181036E-04
 6.92885   -0.126246E-04   -0.688277E-05   -0.181361E-04
 6.93885   -0.125917E-04   -0.685131E-05   -0.181683E-04
 6.94886   -0.125588E-04   -0.681997E-05   -0.182000E-04
 6.95887   -0.125261E-04   -0.678876E-05   -0.182315E-04
 6.96887   -0.124934E-04   -0.675767E-05   -0.182625E-04
 6.97888   -0.124609E-04   -0.672671E-05   -0.182932E-04
 6.98888   -0.124284E-04   -0.669587E-05   -0.183235E-04
 6.99889   -0.123961E-04   -0.666515E-05   -0.183535E-04
 7.00889   -0.123638E-04   -0.663456E-05   -0.183829E-04
 7.01890   -0.123316E-04   -0.660408E-05   -0.184123E-04
 7.02890   -0.122995E-04   -0.657373E-05   -0.184412E-04
 7.03891   -0.122675E-04   -0.654350E-05   -0.184697E-04
 7.04892   -0.122356E-04   -0.651339E-05   -0.184979E-04
 7.05892   -0.122038E-04   -0.648339E-05   -0.185258E-04
 7.06893   -0.121721E-04   -0.645352E-05   -0.185533E-04
 7.07893   -0.121405E-04   -0.642377E-05   -0.185805E-04
 7.08894   -0.121090E-04   -0.639413E-05   -0.186073E-04
 7.09894   -0.120776E-04   -0.636461E-05   -0.186338E-04
 7.10895   -0.120462E-04   -0.633521E-05   -0.186599E-04
 7.11895   -0.120150E-04   -0.630593E-05   -0.186857E-04
 7.12896   -0.119838E-04   -0.627676E-05   -0.187112E-04
 7.13897   -0.119527E-04   -0.624771E-05   -0.187363E-04
 7.14897   -0.119218E-04   -0.621877E-05   -0.187612E-04
 7.15898   -0.118909E-04   -0.618994E-05   -0.187856E-04
 7.16898   -0.118601E-04   -0.616123E-05   -0.188097E-04
 7.17899   -0.118294E-04   -0.613264E-05   -0.188336E-04
 7.18899   -0.117987E-04   -0.610415E-05   -0.188572E-04
 7.19900   -0.117682E-04   -0.607578E-05   -0.188803E-04
 7.20900   -0.117378E-04   -0.604752E-05   -0.189032E-04
 7.21901   -0.117074E-04   -0.601938E-05   -0.189258E-04
 7.22902   -0.116772E-04   -0.599134E-05   -0.189480E-04
 7.23902   -0.116470E-04   -0.596342E-05   -0.189700E-04
 7.24903   -0.116169E-04   -0.593561E-05   -0.189916E-04
 7.25903   -0.115869E-04   -0.590790E-05   -0.190129E-04
 7.26904   -0.115570E-04   -0.588030E-05   -0.190339E-04
 7.27904   -0.115272E-04   -0.585282E-05   -0.190546E-04
 7.28905   -0.114975E-04   -0.582544E-05   -0.190750E-04
 7.29905   -0.114678E-04   -0.579817E-05   -0.190950E-04
 7.30906   -0.114383E-04   -0.577101E-05   -0.191148E-04
 7.31907   -0.114088E-04   -0.574396E-05   -0.191343E-04
 7.32907   -0.113794E-04   -0.571701E-05   -0.191535E-04
 7.33908   -0.113501E-04   -0.569017E-05   -0.191724E-04
 7.34908   -0.113209E-04   -0.566343E-05   -0.191910E-04
 7.35909   -0.112918E-04   -0.563680E-05   -0.192093E-04
 7.36909   -0.112627E-04   -0.561028E-05   -0.192273E-04
 7.37910   -0.112338E-04   -0.558386E-05   -0.192450E-04
 7.38910   -0.112049E-04   -0.555755E-05   -0.192624E-04
 7.39911   -0.111761E-04   -0.553134E-05   -0.192796E-04
 7.40912   -0.111474E-04   -0.550523E-05   -0.192964E-04
 7.41912   -0.111188E-04   -0.547922E-05   -0.193130E-04
 7.42913   -0.110903E-04   -0.545332E-05   -0.193293E-04
 7.43913   -0.110618E-04   -0.542752E-05   -0.193453E-04
 7.44914   -0.110334E-04   -0.540182E-05   -0.193611E-04
 7.45914   -0.110052E-04   -0.537622E-05   -0.193765E-04
 7.46915   -0.109770E-04   -0.535073E-05   -0.193917E-04
 7.47915   -0.109488E-04   -0.532534E-05   -0.194066E-04
 7.48916   -0.109208E-04   -0.530004E-05   -0.194213E-04
 7.49917   -0.108928E-04   -0.527484E-05   -0.194356E-04
 7.50917   -0.108650E-04   -0.524974E-05   -0.194497E-04
 7.51918   -0.108372E-04   -0.522474E-05   -0.194636E-04
 7.52918   -0.108095E-04   -0.519986E-05   -0.194771E-04
 7.53919   -0.107818E-04   -0.517505E-05   -0.194903E-04
 7.54919   -0.107543E-04   -0.515035E-05   -0.195035E-04
 7.55920   -0.107268E-04   -0.512575E-05   -0.195163E-04
 7.56920   -0.106994E-04   -0.510124E-05   -0.195288E-04
 7.57921   -0.106721E-04   -0.507682E-05   -0.195410E-04
 7.58922   -0.106449E-04   -0.505250E-05   -0.195529E-04
 7.59922   -0.106177E-04   -0.502828E-05   -0.195648E-04
 7.60923   -0.105906E-04   -0.500416E-05   -0.195763E-04
 7.61923   -0.105636E-04   -0.498013E-05   -0.195875E-04
 7.62924   -0.105367E-04   -0.495619E-05   -0.195986E-04
 7.63924   -0.105099E-04   -0.493235E-05   -0.196093E-04
 7.64925   -0.104831E-04   -0.490860E-05   -0.196198E-04
 7.65925   -0.104564E-04   -0.488494E-05   -0.196301E-04
 7.66926   -0.104298E-04   -0.486138E-05   -0.196401E-04
 7.67927   -0.104033E-04   -0.483791E-05   -0.196498E-04
 7.68927   -0.103769E-04   -0.481453E-05   -0.196593E-04
 7.69928   -0.103505E-04   -0.479125E-05   -0.196686E-04
 7.70928   -0.103242E-04   -0.476805E-05   -0.196777E-04
 7.71929   -0.102980E-04   -0.474495E-05   -0.196865E-04
 7.72929   -0.102718E-04   -0.472194E-05   -0.196951E-04
 7.73930   -0.102458E-04   -0.469901E-05   -0.197034E-04
 7.74930   -0.102198E-04   -0.467618E-05   -0.197115E-04
 7.75931   -0.101939E-04   -0.465344E-05   -0.197194E-04
 7.76932   -0.101680E-04   -0.463078E-05   -0.197270E-04
 7.77932   -0.101423E-04   -0.460822E-05   -0.197345E-04
 7.78933   -0.101166E-04   -0.458574E-05   -0.197416E-04
 7.79933   -0.100910E-04   -0.456335E-05   -0.197486E-04
 7.80934   -0.100654E-04   -0.454105E-05   -0.197553E-04
 7.81934   -0.100400E-04   -0.451884E-05   -0.197618E-04
 7.82935   -0.100146E-04   -0.449671E-05   -0.197681E-04
 7.83935   -0.998928E-05   -0.447467E-05   -0.197742E-04
 7.84936   -0.996404E-05   -0.445272E-05   -0.197801E-04
 7.85937   -0.993887E-05   -0.443085E-05   -0.197857E-04
 7.86937   -0.991378E-05   -0.440907E-05   -0.197911E-04
 7.87938   -0.988876E-05   -0.438737E-05   -0.197963E-04
 7.88938   -0.986381E-05   -0.436584E-05   -0.198013E-04
 7.89939   -0.983894E-05   -0.434431E-05   -0.198061E-04
 7.90939   -0.981414E-05   -0.432286E-05   -0.198106E-04
 7.91940   -0.978941E-05   -0.430150E-05   -0.198150E-04
 7.92940   -0.976476E-05   -0.428023E-05   -0.198192E-04
 7.93941   -0.974017E-05   -0.425903E-05   -0.198231E-04
 7.94942   -0.971566E-05   -0.423792E-05   -0.198269E-04
 7.95942   -0.969122E-05   -0.421689E-05   -0.198304E-04
 7.96943   -0.966685E-05   -0.419594E-05   -0.198337E-04
 7.97943   -0.964256E-05   -0.417508E-05   -0.198368E-04
 7.98944   -0.961833E-05   -0.415429E-05   -0.198398E-04
 7.99944   -0.959418E-05   -0.413359E-05   -0.198425E-04
 8.00945   -0.957008E-05   -0.411296E-05   -0.198450E-04
 8.01945   -0.954608E-05   -0.409242E-05   -0.198474E-04
 8.02946   -0.952214E-05   -0.407196E-05   -0.198495E-04
 8.03947   -0.949827E-05   -0.405157E-05   -0.198514E-04
 8.04947   -0.947447E-05   -0.403127E-05   -0.198532E-04
 8.05948   -0.945074E-05   -0.401104E-05   -0.198547E-04
 8.06948   -0.942709E-05   -0.399089E-05   -0.198561E-04
 8.07949   -0.940350E-05   -0.397082E-05   -0.198573E-04
 8.08949   -0.937998E-05   -0.395083E-05   -0.198583E-04
 8.09950   -0.935653E-05   -0.393092E-05   -0.198591E-04
 8.10951   -0.933314E-05   -0.391108E-05   -0.198597E-04
 8.11951   -0.930983E-05   -0.389131E-05   -0.198601E-04
 8.12952   -0.928660E-05   -0.387163E-05   -0.198604E-04
 8.13952   -0.926343E-05   -0.385202E-05   -0.198604E-04
 8.14953   -0.924032E-05   -0.383249E-05   -0.198603E-04
 8.15953   -0.921729E-05   -0.381303E-05   -0.198600E-04
 8.16954   -0.919433E-05   -0.379364E-05   -0.198595E-04
 8.17954   -0.917143E-05   -0.377433E-05   -0.198589E-04
 8.18955   -0.914861E-05   -0.375510E-05   -0.198581E-04
 8.19956   -0.912584E-05   -0.373594E-05   -0.198571E-04
 8.20956   -0.910315E-05   -0.371685E-05   -0.198559E-04
 8.21957   -0.908053E-05   -0.369783E-05   -0.198545E-04
 8.22957   -0.905798E-05   -0.367889E-05   -0.198530E-04
 8.23958   -0.903549E-05   -0.366002E-05   -0.198513E-04
 8.24958   -0.901307E-05   -0.364122E-05   -0.198495E-04
 8.25959   -0.899072E-05   -0.362250E-05   -0.198474E-04
 8.26959   -0.896844E-05   -0.360384E-05   -0.198452E-04
 8.27960   -0.894622E-05   -0.358526E-05   -0.198429E-04
 8.28961   -0.892407E-05   -0.356675E-05   -0.198403E-04
 8.29961   -0.890199E-05   -0.354831E-05   -0.198376E-04
 8.30962   -0.887997E-05   -0.352993E-05   -0.198348E-04
 8.31962   -0.885802E-05   -0.351163E-05   -0.198318E-04
 8.32963   -0.883614E-05   -0.349340E-05   -0.198286E-04
 8.33963   -0.881433E-05   -0.347524E-05   -0.198252E-04
 8.34964   -0.879258E-05   -0.345715E-05   -0.198217E-04
 8.35964   -0.877089E-05   -0.343912E-05   -0.198181E-04
 8.36965   -0.874927E-05   -0.342117E-05   -0.198143E-04
 8.37966   -0.872773E-05   -0.340328E-05   -0.198103E-04
 8.38966   -0.870624E-05   -0.338540E-05   -0.198062E-04
 8.39967   -0.868482E-05   -0.336765E-05   -0.198019E-04
 8.40967   -0.866347E-05   -0.334997E-05   -0.197975E-04
 8.41968   -0.864218E-05   -0.333235E-05   -0.197929E-04
 8.42968   -0.862096E-05   -0.331479E-05   -0.197882E-04
 8.43969   -0.859980E-05   -0.329731E-05   -0.197833E-04
 8.44969   -0.857870E-05   -0.327989E-05   -0.197783E-04
 8.45970   -0.855767E-05   -0.326254E-05   -0.197731E-04
 8.46971   -0.853671E-05   -0.324525E-05   -0.197678E-04
 8.47971   -0.851581E-05   -0.322803E-05   -0.197624E-04
 8.48972   -0.849497E-05   -0.321087E-05   -0.197568E-04
 8.49972   -0.847420E-05   -0.319377E-05   -0.197510E-04
 8.50973   -0.845350E-05   -0.317675E-05   -0.197451E-04
 8.51973   -0.843285E-05   -0.315978E-05   -0.197391E-04
 8.52974   -0.841227E-05   -0.314288E-05   -0.197329E-04
 8.53974   -0.839176E-05   -0.312604E-05   -0.197266E-04
 8.54975   -0.837130E-05   -0.310927E-05   -0.197201E-04
 8.55976   -0.835091E-05   -0.309255E-05   -0.197136E-04
 8.56976   -0.833059E-05   -0.307591E-05   -0.197068E-04
 8.57977   -0.831033E-05   -0.305932E-05   -0.197000E-04
 8.58977   -0.829013E-05   -0.304279E-05   -0.196930E-04
 8.59978   -0.826998E-05   -0.302633E-05   -0.196859E-04
 8.60978   -0.824991E-05   -0.300993E-05   -0.196786E-04
 8.61979   -0.822990E-05   -0.299359E-05   -0.196712E-04
 8.62979   -0.820995E-05   -0.297731E-05   -0.196637E-04
 8.63980   -0.819006E-05   -0.296109E-05   -0.196561E-04
 8.64981   -0.817024E-05   -0.294494E-05   -0.196483E-04
 8.65981   -0.815047E-05   -0.292884E-05   -0.196404E-04
 8.66982   -0.813077E-05   -0.291280E-05   -0.196323E-04
 8.67982   -0.811113E-05   -0.289682E-05   -0.196242E-04
 8.68983   -0.809155E-05   -0.288091E-05   -0.196159E-04
 8.69983   -0.807203E-05   -0.286505E-05   -0.196075E-04
 8.70984   -0.805257E-05   -0.284925E-05   -0.195990E-04
 8.71984   -0.803317E-05   -0.283351E-05   -0.195903E-04
 8.72985   -0.801383E-05   -0.281782E-05   -0.195815E-04
 8.73986   -0.799456E-05   -0.280220E-05   -0.195726E-04
 8.74986   -0.797534E-05   -0.278664E-05   -0.195636E-04
 8.75987   -0.795618E-05   -0.277113E-05   -0.195545E-04
 8.76987   -0.793708E-05   -0.275568E-05   -0.195452E-04
 8.77988   -0.791805E-05   -0.274029E-05   -0.195359E-04
 8.78988   -0.789907E-05   -0.272495E-05   -0.195264E-04
 8.79989   -0.788015E-05   -0.270967E-05   -0.195168E-04
 8.80989   -0.786129E-05   -0.269445E-05   -0.195071E-04
 8.81990   -0.784249E-05   -0.267929E-05   -0.194972E-04
 8.82991   -0.782375E-05   -0.266418E-05   -0.194873E-04
 8.83991   -0.780507E-05   -0.264913E-05   -0.194772E-04
 8.84992   -0.778644E-05   -0.263413E-05   -0.194670E-04
 8.85992   -0.776788E-05   -0.261919E-05   -0.194567E-04
 8.86993   -0.774937E-05   -0.260430E-05   -0.194463E-04
 8.87993   -0.773092E-05   -0.258948E-05   -0.194358E-04
 8.88994   -0.771252E-05   -0.257470E-05   -0.194252E-04
 8.89994   -0.769419E-05   -0.255998E-05   -0.194145E-04
 8.90995   -0.767591E-05   -0.254531E-05   -0.194037E-04
 8.91996   -0.765769E-05   -0.253070E-05   -0.193927E-04
 8.92996   -0.763953E-05   -0.251614E-05   -0.193817E-04
 8.93997   -0.762142E-05   -0.250164E-05   -0.193705E-04
 8.94997   -0.760337E-05   -0.248719E-05   -0.193593E-04
 8.95998   -0.758537E-05   -0.247280E-05   -0.193480E-04
 8.96998   -0.756743E-05   -0.245845E-05   -0.193365E-04
 8.97999   -0.754955E-05   -0.244416E-05   -0.193250E-04
 8.98999   -0.753173E-05   -0.242993E-05   -0.193133E-04
 9.00000   -0.751395E-05   -0.241575E-05   -0.193015E-04
