 0.00500    0.475247E-01   -0.231605E-01    0.167975E-01
 0.01250    0.428271E-01   -0.208119E-01    0.150360E-01
 0.02000    0.394912E-01   -0.191445E-01    0.137860E-01
 0.02751    0.368416E-01   -0.178201E-01    0.127934E-01
 0.03501    0.346274E-01   -0.167133E-01    0.119641E-01
 0.04251    0.327207E-01   -0.157605E-01    0.112503E-01
 0.05001    0.310445E-01   -0.149230E-01    0.106232E-01
 0.05751    0.295493E-01   -0.141761E-01    0.100642E-01
 0.06502    0.282008E-01   -0.135026E-01    0.956034E-02
 0.07252    0.269739E-01   -0.128899E-01    0.910214E-02
 0.08002    0.258497E-01   -0.123287E-01    0.868264E-02
 0.08752    0.248134E-01   -0.118115E-01    0.829624E-02
 0.09503    0.238533E-01   -0.113324E-01    0.793855E-02
 0.10253    0.229601E-01   -0.108869E-01    0.760604E-02
 0.11003    0.221261E-01   -0.104709E-01    0.729582E-02
 0.11753    0.213447E-01   -0.100814E-01    0.700545E-02
 0.12503    0.206107E-01   -0.971548E-02    0.673290E-02
 0.13254    0.199193E-01   -0.937099E-02    0.647645E-02
 0.14004    0.192667E-01   -0.904588E-02    0.623458E-02
 0.14754    0.186494E-01   -0.873845E-02    0.600601E-02
 0.15504    0.180643E-01   -0.844721E-02    0.578963E-02
 0.16254    0.175089E-01   -0.817081E-02    0.558443E-02
 0.17005    0.169807E-01   -0.790807E-02    0.538952E-02
 0.17755    0.164778E-01   -0.765798E-02    0.520413E-02
 0.18505    0.159983E-01   -0.741962E-02    0.502758E-02
 0.19255    0.155406E-01   -0.719215E-02    0.485922E-02
 0.20005    0.151031E-01   -0.697484E-02    0.469852E-02
 0.20756    0.146845E-01   -0.676701E-02    0.454495E-02
 0.21506    0.142837E-01   -0.656804E-02    0.439806E-02
 0.22256    0.138994E-01   -0.637739E-02    0.425742E-02
 0.23006    0.135307E-01   -0.619454E-02    0.412266E-02
 0.23756    0.131766E-01   -0.601904E-02    0.399343E-02
 0.24507    0.128364E-01   -0.585045E-02    0.386941E-02
 0.25257    0.125092E-01   -0.568839E-02    0.375030E-02
 0.26007    0.121943E-01   -0.553250E-02    0.363583E-02
 0.26757    0.118910E-01   -0.538243E-02    0.352575E-02
 0.27508    0.115987E-01   -0.523787E-02    0.341982E-02
 0.28258    0.113168E-01   -0.509856E-02    0.331782E-02
 0.29008    0.110450E-01   -0.496421E-02    0.321957E-02
 0.29758    0.107825E-01   -0.483458E-02    0.312487E-02
 0.30508    0.105290E-01   -0.470945E-02    0.303354E-02
 0.31259    0.102840E-01   -0.458859E-02    0.294543E-02
 0.32009    0.100471E-01   -0.447180E-02    0.286039E-02
 0.32759    0.981803E-02   -0.435890E-02    0.277826E-02
 0.33509    0.959633E-02   -0.424971E-02    0.269892E-02
 0.34259    0.938170E-02   -0.414405E-02    0.262224E-02
 0.35010    0.917381E-02   -0.404178E-02    0.254811E-02
 0.35760    0.897239E-02   -0.394274E-02    0.247640E-02
 0.36510    0.877714E-02   -0.384679E-02    0.240702E-02
 0.37260    0.858782E-02   -0.375381E-02    0.233986E-02
 0.38010    0.840417E-02   -0.366367E-02    0.227484E-02
 0.38761    0.822597E-02   -0.357626E-02    0.221186E-02
 0.39511    0.805298E-02   -0.349146E-02    0.215085E-02
 0.40261    0.788502E-02   -0.340917E-02    0.209171E-02
 0.41011    0.772186E-02   -0.332929E-02    0.203439E-02
 0.41761    0.756334E-02   -0.325173E-02    0.197880E-02
 0.42512    0.740927E-02   -0.317640E-02    0.192488E-02
 0.43262    0.725947E-02   -0.310320E-02    0.187257E-02
 0.44012    0.711380E-02   -0.303207E-02    0.182180E-02
 0.44762    0.697210E-02   -0.296293E-02    0.177252E-02
 0.45513    0.683422E-02   -0.289569E-02    0.172467E-02
 0.46263    0.670002E-02   -0.283030E-02    0.167820E-02
 0.47013    0.656937E-02   -0.276669E-02    0.163306E-02
 0.47763    0.644215E-02   -0.270478E-02    0.158919E-02
 0.48513    0.631823E-02   -0.264453E-02    0.154657E-02
 0.49264    0.619750E-02   -0.258587E-02    0.150513E-02
 0.50014    0.607985E-02   -0.252876E-02    0.146485E-02
 0.50764    0.596518E-02   -0.247312E-02    0.142567E-02
 0.51514    0.585338E-02   -0.241893E-02    0.138757E-02
 0.52264    0.574436E-02   -0.236612E-02    0.135050E-02
 0.53015    0.563803E-02   -0.231466E-02    0.131443E-02
 0.53765    0.553430E-02   -0.226449E-02    0.127933E-02
 0.54515    0.543309E-02   -0.221558E-02    0.124517E-02
 0.55265    0.533431E-02   -0.216789E-02    0.121192E-02
 0.56015    0.523789E-02   -0.212138E-02    0.117953E-02
 0.56766    0.514375E-02   -0.207600E-02    0.114800E-02
 0.57516    0.505182E-02   -0.203172E-02    0.111729E-02
 0.58266    0.496203E-02   -0.198852E-02    0.108737E-02
 0.59016    0.487432E-02   -0.194635E-02    0.105822E-02
 0.59766    0.478863E-02   -0.190518E-02    0.102982E-02
 0.60517    0.470488E-02   -0.186499E-02    0.100214E-02
 0.61267    0.462304E-02   -0.182574E-02    0.975160E-03
 0.62017    0.454303E-02   -0.178703E-02    0.948861E-03
 0.62767    0.446480E-02   -0.174998E-02    0.923222E-03
 0.63518    0.438833E-02   -0.171340E-02    0.898221E-03
 0.64268    0.431352E-02   -0.167766E-02    0.873842E-03
 0.65018    0.424035E-02   -0.164274E-02    0.850065E-03
 0.65768    0.416877E-02   -0.160860E-02    0.826872E-03
 0.66518    0.409873E-02   -0.157524E-02    0.804247E-03
 0.67269    0.403019E-02   -0.154262E-02    0.782172E-03
 0.68019    0.396311E-02   -0.151072E-02    0.760633E-03
 0.68769    0.389745E-02   -0.147954E-02    0.739614E-03
 0.69519    0.383316E-02   -0.144903E-02    0.719100E-03
 0.70269    0.377022E-02   -0.141920E-02    0.699077E-03
 0.71020    0.370858E-02   -0.139001E-02    0.679532E-03
 0.71770    0.364821E-02   -0.136145E-02    0.660452E-03
 0.72520    0.358908E-02   -0.133351E-02    0.641823E-03
 0.73270    0.353115E-02   -0.130616E-02    0.623634E-03
 0.74020    0.347440E-02   -0.127940E-02    0.605871E-03
 0.74771    0.341879E-02   -0.125321E-02    0.588525E-03
 0.75521    0.336429E-02   -0.122756E-02    0.571584E-03
 0.76271    0.331087E-02   -0.120246E-02    0.555036E-03
 0.77021    0.325851E-02   -0.117787E-02    0.538871E-03
 0.77771    0.320718E-02   -0.115380E-02    0.523081E-03
 0.78522    0.315685E-02   -0.113023E-02    0.507654E-03
 0.79272    0.310750E-02   -0.110714E-02    0.492581E-03
 0.80022    0.305911E-02   -0.108452E-02    0.477853E-03
 0.80772    0.301165E-02   -0.106236E-02    0.463461E-03
 0.81523    0.296509E-02   -0.104066E-02    0.449397E-03
 0.82273    0.291943E-02   -0.101939E-02    0.435651E-03
 0.83023    0.287463E-02   -0.998551E-03    0.422217E-03
 0.83773    0.283067E-02   -0.978129E-03    0.409087E-03
 0.84523    0.278753E-02   -0.958114E-03    0.396252E-03
 0.85274    0.274521E-02   -0.938497E-03    0.383707E-03
 0.86024    0.270366E-02   -0.919268E-03    0.371443E-03
 0.86774    0.266289E-02   -0.900418E-03    0.359453E-03
 0.87524    0.262286E-02   -0.881938E-03    0.347730E-03
 0.88274    0.258357E-02   -0.863818E-03    0.336270E-03
 0.89025    0.254499E-02   -0.846053E-03    0.325063E-03
 0.89775    0.250711E-02   -0.828631E-03    0.314106E-03
 0.90525    0.246991E-02   -0.811545E-03    0.303392E-03
 0.91275    0.243338E-02   -0.794789E-03    0.292914E-03
 0.92025    0.239750E-02   -0.778355E-03    0.282667E-03
 0.92776    0.236227E-02   -0.762234E-03    0.272647E-03
 0.93526    0.232765E-02   -0.746420E-03    0.262847E-03
 0.94276    0.229365E-02   -0.730906E-03    0.253262E-03
 0.95026    0.226024E-02   -0.715686E-03    0.243888E-03
 0.95776    0.222742E-02   -0.700753E-03    0.234719E-03
 0.96527    0.219516E-02   -0.686101E-03    0.225751E-03
 0.97277    0.216347E-02   -0.671724E-03    0.216974E-03
 0.98027    0.213232E-02   -0.657615E-03    0.208394E-03
 0.98777    0.210171E-02   -0.643769E-03    0.200008E-03
 0.99528    0.207163E-02   -0.630180E-03    0.191798E-03
 1.00278    0.204206E-02   -0.616843E-03    0.183768E-03
 1.01028    0.201299E-02   -0.603752E-03    0.175913E-03
 1.01778    0.198441E-02   -0.590902E-03    0.168229E-03
 1.02528    0.195631E-02   -0.578288E-03    0.160712E-03
 1.03279    0.192869E-02   -0.565905E-03    0.153359E-03
 1.04029    0.190152E-02   -0.553747E-03    0.146165E-03
 1.04779    0.187481E-02   -0.541811E-03    0.139128E-03
 1.05529    0.184854E-02   -0.530092E-03    0.132244E-03
 1.06279    0.182271E-02   -0.518584E-03    0.125509E-03
 1.07030    0.179730E-02   -0.507284E-03    0.118920E-03
 1.07780    0.177231E-02   -0.496188E-03    0.112475E-03
 1.08530    0.174773E-02   -0.485291E-03    0.106169E-03
 1.09280    0.172355E-02   -0.474589E-03    0.100001E-03
 1.10030    0.169976E-02   -0.464078E-03    0.939663E-04
 1.10781    0.167635E-02   -0.453756E-03    0.880630E-04
 1.11531    0.165332E-02   -0.443617E-03    0.822882E-04
 1.12281    0.163067E-02   -0.433658E-03    0.766392E-04
 1.13031    0.160837E-02   -0.423876E-03    0.711131E-04
 1.13781    0.158644E-02   -0.414266E-03    0.657073E-04
 1.14532    0.156485E-02   -0.404827E-03    0.604200E-04
 1.15282    0.154360E-02   -0.395553E-03    0.552477E-04
 1.16032    0.152269E-02   -0.386443E-03    0.501886E-04
 1.16782    0.150211E-02   -0.377493E-03    0.452402E-04
 1.17533    0.148186E-02   -0.368699E-03    0.404001E-04
 1.18283    0.146192E-02   -0.360060E-03    0.356662E-04
 1.19033    0.144229E-02   -0.351571E-03    0.310363E-04
 1.19783    0.142297E-02   -0.343230E-03    0.265082E-04
 1.20533    0.140395E-02   -0.335034E-03    0.220798E-04
 1.21284    0.138522E-02   -0.326980E-03    0.177491E-04
 1.22034    0.136678E-02   -0.319066E-03    0.135142E-04
 1.22784    0.134863E-02   -0.311289E-03    0.937294E-05
 1.23534    0.133075E-02   -0.303646E-03    0.532354E-05
 1.24284    0.131315E-02   -0.296135E-03    0.136420E-05
 1.25035    0.129581E-02   -0.288754E-03   -0.250703E-05
 1.25785    0.127874E-02   -0.281500E-03   -0.629185E-05
 1.26535    0.126193E-02   -0.274370E-03   -0.999191E-05
 1.27285    0.124537E-02   -0.267362E-03   -0.136091E-04
 1.28035    0.122906E-02   -0.260475E-03   -0.171449E-04
 1.28786    0.121300E-02   -0.253706E-03   -0.206011E-04
 1.29536    0.119718E-02   -0.247053E-03   -0.239792E-04
 1.30286    0.118160E-02   -0.240513E-03   -0.272809E-04
 1.31036    0.116624E-02   -0.234084E-03   -0.305074E-04
 1.31786    0.115112E-02   -0.227765E-03   -0.336604E-04
 1.32537    0.113622E-02   -0.221554E-03   -0.367413E-04
 1.33287    0.112154E-02   -0.215449E-03   -0.397516E-04
 1.34037    0.110708E-02   -0.209447E-03   -0.426928E-04
 1.34787    0.109283E-02   -0.203546E-03   -0.455659E-04
 1.35538    0.107879E-02   -0.197746E-03   -0.483726E-04
 1.36288    0.106496E-02   -0.192044E-03   -0.511138E-04
 1.37038    0.105133E-02   -0.186439E-03   -0.537913E-04
 1.37788    0.103790E-02   -0.180929E-03   -0.564052E-04
 1.38538    0.102466E-02   -0.175512E-03   -0.589580E-04
 1.39289    0.101162E-02   -0.170187E-03   -0.614504E-04
 1.40039    0.998767E-03   -0.164951E-03   -0.638835E-04
 1.40789    0.986099E-03   -0.159804E-03   -0.662585E-04
 1.41539    0.973614E-03   -0.154745E-03   -0.685768E-04
 1.42289    0.961309E-03   -0.149764E-03   -0.708389E-04
 1.43040    0.949181E-03   -0.144873E-03   -0.730460E-04
 1.43790    0.937227E-03   -0.140065E-03   -0.751995E-04
 1.44540    0.925444E-03   -0.135344E-03   -0.773003E-04
 1.45290    0.913829E-03   -0.130697E-03   -0.793492E-04
 1.46040    0.902381E-03   -0.126128E-03   -0.813473E-04
 1.46791    0.891096E-03   -0.121636E-03   -0.832957E-04
 1.47541    0.879970E-03   -0.117220E-03   -0.851953E-04
 1.48291    0.869002E-03   -0.112879E-03   -0.870470E-04
 1.49041    0.858190E-03   -0.108610E-03   -0.888515E-04
 1.49791    0.847531E-03   -0.104414E-03   -0.906095E-04
 1.50542    0.837021E-03   -0.100289E-03   -0.923224E-04
 1.51292    0.826661E-03   -0.962325E-04   -0.939910E-04
 1.52042    0.816445E-03   -0.922451E-04   -0.956159E-04
 1.52792    0.806373E-03   -0.883251E-04   -0.971979E-04
 1.53543    0.796443E-03   -0.844713E-04   -0.987380E-04
 1.54293    0.786651E-03   -0.806827E-04   -0.100237E-03
 1.55043    0.776996E-03   -0.769584E-04   -0.101695E-03
 1.55793    0.767476E-03   -0.732969E-04   -0.103114E-03
 1.56543    0.758089E-03   -0.696977E-04   -0.104493E-03
 1.57294    0.748833E-03   -0.661595E-04   -0.105834E-03
 1.58044    0.739705E-03   -0.626815E-04   -0.107137E-03
 1.58794    0.730704E-03   -0.592626E-04   -0.108404E-03
 1.59544    0.721828E-03   -0.559020E-04   -0.109634E-03
 1.60294    0.713074E-03   -0.525988E-04   -0.110828E-03
 1.61045    0.704443E-03   -0.493520E-04   -0.111988E-03
 1.61795    0.695930E-03   -0.461606E-04   -0.113113E-03
 1.62545    0.687536E-03   -0.430240E-04   -0.114205E-03
 1.63295    0.679257E-03   -0.399412E-04   -0.115263E-03
 1.64045    0.671092E-03   -0.369114E-04   -0.116288E-03
 1.64796    0.663040E-03   -0.339338E-04   -0.117282E-03
 1.65546    0.655099E-03   -0.310076E-04   -0.118244E-03
 1.66296    0.647268E-03   -0.281320E-04   -0.119176E-03
 1.67046    0.639544E-03   -0.253062E-04   -0.120077E-03
 1.67796    0.631926E-03   -0.225297E-04   -0.120947E-03
 1.68547    0.624414E-03   -0.198014E-04   -0.121789E-03
 1.69297    0.617004E-03   -0.171210E-04   -0.122603E-03
 1.70047    0.609696E-03   -0.144872E-04   -0.123387E-03
 1.70797    0.602489E-03   -0.118999E-04   -0.124144E-03
 1.71548    0.595381E-03   -0.935813E-05   -0.124874E-03
 1.72298    0.588371E-03   -0.686131E-05   -0.125576E-03
 1.73048    0.581457E-03   -0.440886E-05   -0.126253E-03
 1.73798    0.574638E-03   -0.199986E-05   -0.126903E-03
 1.74548    0.567913E-03    0.365930E-06   -0.127527E-03
 1.75299    0.561281E-03    0.268927E-05   -0.128126E-03
 1.76049    0.554741E-03    0.497077E-05   -0.128701E-03
 1.76799    0.548290E-03    0.721105E-05   -0.129252E-03
 1.77549    0.541929E-03    0.941055E-05   -0.129778E-03
 1.78299    0.535655E-03    0.115699E-04   -0.130281E-03
 1.79050    0.529468E-03    0.136895E-04   -0.130760E-03
 1.79800    0.523368E-03    0.157701E-04   -0.131217E-03
 1.80550    0.517351E-03    0.178121E-04   -0.131651E-03
 1.81300    0.511419E-03    0.198161E-04   -0.132063E-03
 1.82050    0.505569E-03    0.217825E-04   -0.132454E-03
 1.82801    0.499801E-03    0.237118E-04   -0.132823E-03
 1.83551    0.494113E-03    0.256044E-04   -0.133170E-03
 1.84301    0.488505E-03    0.274612E-04   -0.133497E-03
 1.85051    0.482976E-03    0.292814E-04   -0.133803E-03
 1.85802    0.477526E-03    0.310668E-04   -0.134089E-03
 1.86552    0.472152E-03    0.328172E-04   -0.134355E-03
 1.87302    0.466854E-03    0.345331E-04   -0.134601E-03
 1.88052    0.461632E-03    0.362150E-04   -0.134828E-03
 1.88802    0.456484E-03    0.378632E-04   -0.135035E-03
 1.89553    0.451411E-03    0.394779E-04   -0.135224E-03
 1.90303    0.446410E-03    0.410597E-04   -0.135393E-03
 1.91053    0.441482E-03    0.426091E-04   -0.135545E-03
 1.91803    0.436626E-03    0.441257E-04   -0.135678E-03
 1.92553    0.431840E-03    0.456108E-04   -0.135793E-03
 1.93304    0.427125E-03    0.470639E-04   -0.135890E-03
 1.94054    0.422481E-03    0.484856E-04   -0.135970E-03
 1.94804    0.417903E-03    0.498766E-04   -0.136032E-03
 1.95554    0.413395E-03    0.512368E-04   -0.136076E-03
 1.96304    0.408955E-03    0.525668E-04   -0.136104E-03
 1.97055    0.404582E-03    0.538662E-04   -0.136115E-03
 1.97805    0.400276E-03    0.551359E-04   -0.136109E-03
 1.98555    0.396035E-03    0.563760E-04   -0.136087E-03
 1.99305    0.391860E-03    0.575865E-04   -0.136048E-03
 2.00055    0.387750E-03    0.587681E-04   -0.135993E-03
 2.00806    0.383705E-03    0.599207E-04   -0.135923E-03
 2.01556    0.379723E-03    0.610447E-04   -0.135836E-03
 2.02306    0.375805E-03    0.621404E-04   -0.135733E-03
 2.03056    0.371950E-03    0.632076E-04   -0.135614E-03
 2.03807    0.368158E-03    0.642470E-04   -0.135480E-03
 2.04557    0.364428E-03    0.652585E-04   -0.135331E-03
 2.05307    0.360759E-03    0.662426E-04   -0.135166E-03
 2.06057    0.357152E-03    0.671991E-04   -0.134986E-03
 2.06807    0.353606E-03    0.681283E-04   -0.134791E-03
 2.07558    0.350120E-03    0.690310E-04   -0.134581E-03
 2.08308    0.346694E-03    0.699060E-04   -0.134356E-03
 2.09058    0.343327E-03    0.707547E-04   -0.134116E-03
 2.09808    0.340021E-03    0.715770E-04   -0.133862E-03
 2.10558    0.336773E-03    0.723730E-04   -0.133593E-03
 2.11309    0.333584E-03    0.731428E-04   -0.133310E-03
 2.12059    0.330453E-03    0.738868E-04   -0.133012E-03
 2.12809    0.327380E-03    0.746046E-04   -0.132700E-03
 2.13559    0.324364E-03    0.752970E-04   -0.132374E-03
 2.14309    0.321405E-03    0.759639E-04   -0.132034E-03
 2.15060    0.318504E-03    0.766056E-04   -0.131679E-03
 2.15810    0.315658E-03    0.772221E-04   -0.131311E-03
 2.16560    0.312869E-03    0.778133E-04   -0.130929E-03
 2.17310    0.310135E-03    0.783801E-04   -0.130533E-03
 2.18060    0.307457E-03    0.789221E-04   -0.130124E-03
 2.18811    0.304833E-03    0.794394E-04   -0.129701E-03
 2.19561    0.302264E-03    0.799326E-04   -0.129265E-03
 2.20311    0.299749E-03    0.804017E-04   -0.128815E-03
 2.21061    0.297289E-03    0.808471E-04   -0.128352E-03
 2.21812    0.294881E-03    0.812685E-04   -0.127876E-03
 2.22562    0.292526E-03    0.816664E-04   -0.127388E-03
 2.23312    0.290223E-03    0.820409E-04   -0.126886E-03
 2.24062    0.287973E-03    0.823924E-04   -0.126371E-03
 2.24812    0.285773E-03    0.827211E-04   -0.125844E-03
 2.25563    0.283625E-03    0.830270E-04   -0.125304E-03
 2.26313    0.281528E-03    0.833106E-04   -0.124753E-03
 2.27063    0.279480E-03    0.835719E-04   -0.124188E-03
 2.27813    0.277482E-03    0.838114E-04   -0.123613E-03
 2.28563    0.275533E-03    0.840292E-04   -0.123025E-03
 2.29314    0.273631E-03    0.842256E-04   -0.122426E-03
 2.30064    0.271778E-03    0.844009E-04   -0.121815E-03
 2.30814    0.269971E-03    0.845555E-04   -0.121193E-03
 2.31564    0.268211E-03    0.846896E-04   -0.120560E-03
 2.32314    0.266497E-03    0.848036E-04   -0.119916E-03
 2.33065    0.264827E-03    0.848978E-04   -0.119261E-03
 2.33815    0.263202E-03    0.849726E-04   -0.118596E-03
 2.34565    0.261619E-03    0.850283E-04   -0.117921E-03
 2.35315    0.260080E-03    0.850654E-04   -0.117236E-03
 2.36065    0.258582E-03    0.850844E-04   -0.116542E-03
 2.36816    0.257126E-03    0.850855E-04   -0.115838E-03
 2.37566    0.255708E-03    0.850692E-04   -0.115126E-03
 2.38316    0.254330E-03    0.850362E-04   -0.114404E-03
 2.39066    0.252990E-03    0.849866E-04   -0.113675E-03
 2.39817    0.251687E-03    0.849209E-04   -0.112937E-03
 2.40567    0.250419E-03    0.848399E-04   -0.112192E-03
 2.41317    0.249187E-03    0.847440E-04   -0.111439E-03
 2.42067    0.247987E-03    0.846337E-04   -0.110679E-03
 2.42817    0.246821E-03    0.845097E-04   -0.109913E-03
 2.43568    0.245686E-03    0.843724E-04   -0.109141E-03
 2.44318    0.244581E-03    0.842224E-04   -0.108363E-03
 2.45068    0.243505E-03    0.840606E-04   -0.107579E-03
 2.45818    0.242457E-03    0.838872E-04   -0.106791E-03
 2.46568    0.241434E-03    0.837032E-04   -0.105999E-03
 2.47319    0.240437E-03    0.835091E-04   -0.105202E-03
 2.48069    0.239463E-03    0.833056E-04   -0.104402E-03
 2.48819    0.238511E-03    0.830934E-04   -0.103599E-03
 2.49569    0.237580E-03    0.828731E-04   -0.102794E-03
 2.50319    0.236668E-03    0.826455E-04   -0.101987E-03
 2.51070    0.235774E-03    0.824116E-04   -0.101178E-03
 2.51820    0.234896E-03    0.821717E-04   -0.100368E-03
 2.52570    0.234033E-03    0.819268E-04   -0.995580E-04
 2.53320    0.233182E-03    0.816775E-04   -0.987481E-04
 2.54070    0.232342E-03    0.814248E-04   -0.979388E-04
 2.54821    0.231514E-03    0.811693E-04   -0.971307E-04
 2.55571    0.230693E-03    0.809119E-04   -0.963246E-04
 2.56321    0.229878E-03    0.806533E-04   -0.955208E-04
 2.57071    0.229069E-03    0.803944E-04   -0.947201E-04
 2.57822    0.228263E-03    0.801359E-04   -0.939227E-04
 2.58572    0.227459E-03    0.798787E-04   -0.931295E-04
 2.59322    0.226654E-03    0.796236E-04   -0.923410E-04
 2.60072    0.225848E-03    0.793715E-04   -0.915579E-04
 2.60822    0.225039E-03    0.791231E-04   -0.907805E-04
 2.61573    0.224225E-03    0.788792E-04   -0.900094E-04
 2.62323    0.223403E-03    0.786407E-04   -0.892455E-04
 2.63073    0.222575E-03    0.784083E-04   -0.884893E-04
 2.63823    0.221735E-03    0.781828E-04   -0.877412E-04
 2.64573    0.220885E-03    0.779651E-04   -0.870018E-04
 2.65324    0.220021E-03    0.777559E-04   -0.862717E-04
 2.66074    0.219143E-03    0.775559E-04   -0.855512E-04
 2.66824    0.218249E-03    0.773660E-04   -0.848413E-04
 2.67574    0.217337E-03    0.771868E-04   -0.841423E-04
 2.68324    0.216406E-03    0.770192E-04   -0.834546E-04
 2.69075    0.215454E-03    0.768639E-04   -0.827787E-04
 2.69825    0.214481E-03    0.767214E-04   -0.821157E-04
 2.70575    0.213483E-03    0.765925E-04   -0.814654E-04
 2.71325    0.212461E-03    0.764778E-04   -0.808284E-04
 2.72075    0.211413E-03    0.763780E-04   -0.802053E-04
 2.72826    0.210338E-03    0.762937E-04   -0.795964E-04
 2.73576    0.209234E-03    0.762255E-04   -0.790022E-04
 2.74326    0.208101E-03    0.761738E-04   -0.784231E-04
 2.75076    0.206936E-03    0.761395E-04   -0.778594E-04
 2.75827    0.205740E-03    0.761229E-04   -0.773117E-04
 2.76577    0.204511E-03    0.761245E-04   -0.767801E-04
 2.77327    0.203248E-03    0.761448E-04   -0.762650E-04
 2.78077    0.201951E-03    0.761842E-04   -0.757668E-04
 2.78827    0.200618E-03    0.762431E-04   -0.752856E-04
 2.79578    0.199248E-03    0.763218E-04   -0.748218E-04
 2.80328    0.197842E-03    0.764207E-04   -0.743756E-04
 2.81078    0.196399E-03    0.765401E-04   -0.739472E-04
 2.81828    0.194917E-03    0.766803E-04   -0.735367E-04
 2.82578    0.193397E-03    0.768414E-04   -0.731443E-04
 2.83329    0.191837E-03    0.770239E-04   -0.727702E-04
 2.84079    0.190239E-03    0.772275E-04   -0.724145E-04
 2.84829    0.188600E-03    0.774527E-04   -0.720772E-04
 2.85579    0.186922E-03    0.776995E-04   -0.717584E-04
 2.86329    0.185204E-03    0.779682E-04   -0.714582E-04
 2.87080    0.183446E-03    0.782582E-04   -0.711765E-04
 2.87830    0.181648E-03    0.785699E-04   -0.709134E-04
 2.88580    0.179810E-03    0.789034E-04   -0.706688E-04
 2.89330    0.177931E-03    0.792585E-04   -0.704426E-04
 2.90080    0.176013E-03    0.796349E-04   -0.702347E-04
 2.90831    0.174056E-03    0.800328E-04   -0.700451E-04
 2.91581    0.172060E-03    0.804519E-04   -0.698736E-04
 2.92331    0.170025E-03    0.808920E-04   -0.697201E-04
 2.93081    0.167951E-03    0.813528E-04   -0.695842E-04
 2.93832    0.165840E-03    0.818341E-04   -0.694658E-04
 2.94582    0.163692E-03    0.823354E-04   -0.693648E-04
 2.95332    0.161507E-03    0.828566E-04   -0.692808E-04
 2.96082    0.159287E-03    0.833973E-04   -0.692136E-04
 2.96832    0.157031E-03    0.839570E-04   -0.691629E-04
 2.97583    0.154742E-03    0.845355E-04   -0.691283E-04
 2.98333    0.152419E-03    0.851321E-04   -0.691093E-04
 2.99083    0.150064E-03    0.857465E-04   -0.691059E-04
 2.99833    0.147678E-03    0.863782E-04   -0.691177E-04
 3.00583    0.145261E-03    0.870266E-04   -0.691444E-04
 3.01334    0.142815E-03    0.876912E-04   -0.691852E-04
 3.02084    0.140340E-03    0.883716E-04   -0.692399E-04
 3.02834    0.137839E-03    0.890671E-04   -0.693080E-04
 3.03584    0.135311E-03    0.897772E-04   -0.693891E-04
 3.04334    0.132759E-03    0.905012E-04   -0.694828E-04
 3.05085    0.130183E-03    0.912385E-04   -0.695886E-04
 3.05835    0.127585E-03    0.919884E-04   -0.697060E-04
 3.06585    0.124966E-03    0.927505E-04   -0.698345E-04
 3.07335    0.122328E-03    0.935239E-04   -0.699736E-04
 3.08085    0.119671E-03    0.943080E-04   -0.701229E-04
 3.08836    0.116997E-03    0.951022E-04   -0.702819E-04
 3.09586    0.114308E-03    0.959056E-04   -0.704498E-04
 3.10336    0.111604E-03    0.967178E-04   -0.706265E-04
 3.11086    0.108888E-03    0.975379E-04   -0.708111E-04
 3.11837    0.106160E-03    0.983653E-04   -0.710034E-04
 3.12587    0.103423E-03    0.991993E-04   -0.712026E-04
 3.13337    0.100677E-03    0.100039E-03   -0.714083E-04
 3.14087    0.979233E-04    0.100884E-03   -0.716201E-04
 3.14837    0.951643E-04    0.101733E-03   -0.718372E-04
 3.15588    0.924009E-04    0.102587E-03   -0.720592E-04
 3.16338    0.896346E-04    0.103443E-03   -0.722857E-04
 3.17088    0.868668E-04    0.104301E-03   -0.725160E-04
 3.17838    0.840987E-04    0.105162E-03   -0.727497E-04
 3.18588    0.813318E-04    0.106023E-03   -0.729862E-04
 3.19339    0.785674E-04    0.106885E-03   -0.732251E-04
 3.20089    0.758068E-04    0.107746E-03   -0.734659E-04
 3.20839    0.730515E-04    0.108606E-03   -0.737080E-04
 3.21589    0.703025E-04    0.109465E-03   -0.739510E-04
 3.22339    0.675612E-04    0.110321E-03   -0.741944E-04
 3.23090    0.648289E-04    0.111175E-03   -0.744378E-04
 3.23840    0.621067E-04    0.112025E-03   -0.746807E-04
 3.24590    0.593957E-04    0.112871E-03   -0.749227E-04
 3.25340    0.566974E-04    0.113712E-03   -0.751633E-04
 3.26090    0.540127E-04    0.114548E-03   -0.754019E-04
 3.26841    0.513427E-04    0.115378E-03   -0.756386E-04
 3.27591    0.486886E-04    0.116202E-03   -0.758726E-04
 3.28341    0.460513E-04    0.117020E-03   -0.761037E-04
 3.29091    0.434319E-04    0.117830E-03   -0.763316E-04
 3.29842    0.408313E-04    0.118632E-03   -0.765556E-04
 3.30592    0.382505E-04    0.119426E-03   -0.767755E-04
 3.31342    0.356906E-04    0.120211E-03   -0.769911E-04
 3.32092    0.331521E-04    0.120987E-03   -0.772018E-04
 3.32842    0.306361E-04    0.121753E-03   -0.774075E-04
 3.33593    0.281434E-04    0.122509E-03   -0.776079E-04
 3.34343    0.256748E-04    0.123255E-03   -0.778026E-04
 3.35093    0.232308E-04    0.123990E-03   -0.779914E-04
 3.35843    0.208123E-04    0.124714E-03   -0.781741E-04
 3.36593    0.184208E-04    0.125427E-03   -0.783503E-04
 3.37344    0.160542E-04    0.126128E-03   -0.785199E-04
 3.38094    0.137158E-04    0.126817E-03   -0.786826E-04
 3.38844    0.114052E-04    0.127493E-03   -0.788382E-04
 3.39594    0.912309E-05    0.128157E-03   -0.789866E-04
 3.40344    0.686966E-05    0.128809E-03   -0.791276E-04
 3.41095    0.464567E-05    0.129447E-03   -0.792610E-04
 3.41845    0.245129E-05    0.130072E-03   -0.793867E-04
 3.42595    0.287016E-06    0.130684E-03   -0.795044E-04
 3.43345   -0.184687E-05    0.131282E-03   -0.796141E-04
 3.44095   -0.394999E-05    0.131866E-03   -0.797155E-04
 3.44846   -0.602210E-05    0.132437E-03   -0.798089E-04
 3.45596   -0.806293E-05    0.132993E-03   -0.798938E-04
 3.46346   -0.100722E-04    0.133535E-03   -0.799705E-04
 3.47096   -0.120498E-04    0.134064E-03   -0.800386E-04
 3.47847   -0.139957E-04    0.134578E-03   -0.800982E-04
 3.48597   -0.159094E-04    0.135077E-03   -0.801490E-04
 3.49347   -0.177911E-04    0.135562E-03   -0.801913E-04
 3.50097   -0.196406E-04    0.136033E-03   -0.802249E-04
 3.50847   -0.214579E-04    0.136489E-03   -0.802498E-04
 3.51598   -0.232429E-04    0.136931E-03   -0.802659E-04
 3.52348   -0.249956E-04    0.137358E-03   -0.802733E-04
 3.53098   -0.267162E-04    0.137771E-03   -0.802721E-04
 3.53848   -0.284046E-04    0.138169E-03   -0.802621E-04
 3.54598   -0.300609E-04    0.138553E-03   -0.802434E-04
 3.55349   -0.316851E-04    0.138923E-03   -0.802161E-04
 3.56099   -0.332775E-04    0.139278E-03   -0.801803E-04
 3.56849   -0.348381E-04    0.139619E-03   -0.801358E-04
 3.57599   -0.363671E-04    0.139946E-03   -0.800829E-04
 3.58349   -0.378647E-04    0.140259E-03   -0.800215E-04
 3.59100   -0.393310E-04    0.140557E-03   -0.799517E-04
 3.59850   -0.407663E-04    0.140842E-03   -0.798736E-04
 3.60600   -0.421706E-04    0.141113E-03   -0.797873E-04
 3.61350   -0.435444E-04    0.141371E-03   -0.796928E-04
 3.62101   -0.448879E-04    0.141614E-03   -0.795902E-04
 3.62851   -0.462012E-04    0.141845E-03   -0.794797E-04
 3.63601   -0.474848E-04    0.142062E-03   -0.793613E-04
 3.64351   -0.487387E-04    0.142266E-03   -0.792349E-04
 3.65101   -0.499635E-04    0.142457E-03   -0.791017E-04
 3.65852   -0.511592E-04    0.142635E-03   -0.789598E-04
 3.66602   -0.523263E-04    0.142800E-03   -0.788109E-04
 3.67352   -0.534651E-04    0.142953E-03   -0.786546E-04
 3.68102   -0.545759E-04    0.143093E-03   -0.784911E-04
 3.68852   -0.556590E-04    0.143221E-03   -0.783205E-04
 3.69603   -0.567148E-04    0.143337E-03   -0.781429E-04
 3.70353   -0.577436E-04    0.143441E-03   -0.779584E-04
 3.71103   -0.587458E-04    0.143534E-03   -0.777672E-04
 3.71853   -0.597218E-04    0.143615E-03   -0.775694E-04
 3.72603   -0.606719E-04    0.143684E-03   -0.773651E-04
 3.73354   -0.615965E-04    0.143743E-03   -0.771544E-04
 3.74104   -0.624960E-04    0.143790E-03   -0.769375E-04
 3.74854   -0.633707E-04    0.143827E-03   -0.767145E-04
 3.75604   -0.642210E-04    0.143853E-03   -0.764855E-04
 3.76354   -0.650473E-04    0.143868E-03   -0.762506E-04
 3.77105   -0.658500E-04    0.143874E-03   -0.760101E-04
 3.77855   -0.666295E-04    0.143869E-03   -0.757640E-04
 3.78605   -0.673861E-04    0.143854E-03   -0.755125E-04
 3.79355   -0.681202E-04    0.143830E-03   -0.752560E-04
 3.80106   -0.688323E-04    0.143796E-03   -0.749936E-04
 3.80856   -0.695226E-04    0.143753E-03   -0.747264E-04
 3.81606   -0.701917E-04    0.143701E-03   -0.744546E-04
 3.82356   -0.708397E-04    0.143640E-03   -0.741779E-04
 3.83106   -0.714673E-04    0.143570E-03   -0.738967E-04
 3.83857   -0.720746E-04    0.143491E-03   -0.736109E-04
 3.84607   -0.726622E-04    0.143404E-03   -0.733207E-04
 3.85357   -0.732303E-04    0.143309E-03   -0.730263E-04
 3.86107   -0.737793E-04    0.143206E-03   -0.727277E-04
 3.86857   -0.743097E-04    0.143095E-03   -0.724251E-04
 3.87608   -0.748217E-04    0.142977E-03   -0.721187E-04
 3.88358   -0.753158E-04    0.142851E-03   -0.718086E-04
 3.89108   -0.757922E-04    0.142717E-03   -0.714948E-04
 3.89858   -0.762514E-04    0.142577E-03   -0.711775E-04
 3.90608   -0.766937E-04    0.142429E-03   -0.708568E-04
 3.91359   -0.771194E-04    0.142275E-03   -0.705329E-04
 3.92109   -0.775289E-04    0.142114E-03   -0.702058E-04
 3.92859   -0.779225E-04    0.141947E-03   -0.698756E-04
 3.93609   -0.783006E-04    0.141773E-03   -0.695426E-04
 3.94359   -0.786634E-04    0.141593E-03   -0.692066E-04
 3.95110   -0.790114E-04    0.141408E-03   -0.688680E-04
 3.95860   -0.793448E-04    0.141216E-03   -0.685270E-04
 3.96610   -0.796640E-04    0.141019E-03   -0.681834E-04
 3.97360   -0.799693E-04    0.140816E-03   -0.678374E-04
 3.98111   -0.802609E-04    0.140608E-03   -0.674891E-04
 3.98861   -0.805392E-04    0.140394E-03   -0.671387E-04
 3.99611   -0.808045E-04    0.140176E-03   -0.667861E-04
 4.00361   -0.810571E-04    0.139952E-03   -0.664316E-04
 4.01111   -0.812973E-04    0.139724E-03   -0.660753E-04
 4.01862   -0.815253E-04    0.139491E-03   -0.657172E-04
 4.02612   -0.817415E-04    0.139254E-03   -0.653573E-04
 4.03362   -0.819460E-04    0.139012E-03   -0.649959E-04
 4.04112   -0.821393E-04    0.138766E-03   -0.646329E-04
 4.04862   -0.823215E-04    0.138516E-03   -0.642686E-04
 4.05613   -0.824929E-04    0.138262E-03   -0.639028E-04
 4.06363   -0.826538E-04    0.138004E-03   -0.635358E-04
 4.07113   -0.828043E-04    0.137742E-03   -0.631677E-04
 4.07863   -0.829449E-04    0.137476E-03   -0.627984E-04
 4.08613   -0.830756E-04    0.137207E-03   -0.624281E-04
 4.09364   -0.831968E-04    0.136935E-03   -0.620569E-04
 4.10114   -0.833086E-04    0.136659E-03   -0.616848E-04
 4.10864   -0.834114E-04    0.136380E-03   -0.613119E-04
 4.11614   -0.835052E-04    0.136098E-03   -0.609383E-04
 4.12364   -0.835904E-04    0.135813E-03   -0.605640E-04
 4.13115   -0.836672E-04    0.135525E-03   -0.601891E-04
 4.13865   -0.837357E-04    0.135234E-03   -0.598137E-04
 4.14615   -0.837961E-04    0.134941E-03   -0.594378E-04
 4.15365   -0.838488E-04    0.134645E-03   -0.590615E-04
 4.16116   -0.838938E-04    0.134346E-03   -0.586849E-04
 4.16866   -0.839314E-04    0.134045E-03   -0.583080E-04
 4.17616   -0.839617E-04    0.133742E-03   -0.579309E-04
 4.18366   -0.839850E-04    0.133437E-03   -0.575536E-04
 4.19116   -0.840013E-04    0.133129E-03   -0.571762E-04
 4.19867   -0.840110E-04    0.132819E-03   -0.567987E-04
 4.20617   -0.840141E-04    0.132508E-03   -0.564213E-04
 4.21367   -0.840109E-04    0.132194E-03   -0.560439E-04
 4.22117   -0.840015E-04    0.131879E-03   -0.556666E-04
 4.22867   -0.839860E-04    0.131561E-03   -0.552894E-04
 4.23618   -0.839647E-04    0.131243E-03   -0.549124E-04
 4.24368   -0.839376E-04    0.130922E-03   -0.545357E-04
 4.25118   -0.839049E-04    0.130600E-03   -0.541592E-04
 4.25868   -0.838668E-04    0.130277E-03   -0.537830E-04
 4.26618   -0.838235E-04    0.129952E-03   -0.534072E-04
 4.27369   -0.837750E-04    0.129626E-03   -0.530319E-04
 4.28119   -0.837214E-04    0.129298E-03   -0.526569E-04
 4.28869   -0.836630E-04    0.128969E-03   -0.522824E-04
 4.29619   -0.835999E-04    0.128640E-03   -0.519084E-04
 4.30369   -0.835321E-04    0.128309E-03   -0.515350E-04
 4.31120   -0.834598E-04    0.127977E-03   -0.511621E-04
 4.31870   -0.833832E-04    0.127644E-03   -0.507899E-04
 4.32620   -0.833023E-04    0.127310E-03   -0.504183E-04
 4.33370   -0.832173E-04    0.126975E-03   -0.500473E-04
 4.34121   -0.831283E-04    0.126639E-03   -0.496771E-04
 4.34871   -0.830353E-04    0.126303E-03   -0.493076E-04
 4.35621   -0.829386E-04    0.125966E-03   -0.489389E-04
 4.36371   -0.828382E-04    0.125628E-03   -0.485710E-04
 4.37121   -0.827341E-04    0.125290E-03   -0.482039E-04
 4.37872   -0.826266E-04    0.124951E-03   -0.478376E-04
 4.38622   -0.825157E-04    0.124611E-03   -0.474722E-04
 4.39372   -0.824015E-04    0.124271E-03   -0.471076E-04
 4.40122   -0.822841E-04    0.123931E-03   -0.467440E-04
 4.40872   -0.821635E-04    0.123590E-03   -0.463813E-04
 4.41623   -0.820400E-04    0.123249E-03   -0.460196E-04
 4.42373   -0.819136E-04    0.122907E-03   -0.456588E-04
 4.43123   -0.817842E-04    0.122565E-03   -0.452990E-04
 4.43873   -0.816522E-04    0.122223E-03   -0.449402E-04
 4.44623   -0.815174E-04    0.121881E-03   -0.445825E-04
 4.45374   -0.813801E-04    0.121539E-03   -0.442258E-04
 4.46124   -0.812402E-04    0.121196E-03   -0.438701E-04
 4.46874   -0.810979E-04    0.120853E-03   -0.435155E-04
 4.47624   -0.809532E-04    0.120510E-03   -0.431621E-04
 4.48374   -0.808061E-04    0.120167E-03   -0.428097E-04
 4.49125   -0.806569E-04    0.119824E-03   -0.424585E-04
 4.49875   -0.805055E-04    0.119481E-03   -0.421083E-04
 4.50625   -0.803520E-04    0.119138E-03   -0.417593E-04
 4.51375   -0.801964E-04    0.118796E-03   -0.414115E-04
 4.52126   -0.800389E-04    0.118453E-03   -0.410648E-04
 4.52876   -0.798795E-04    0.118110E-03   -0.407193E-04
 4.53626   -0.797182E-04    0.117768E-03   -0.403748E-04
 4.54376   -0.795552E-04    0.117425E-03   -0.400317E-04
 4.55126   -0.793904E-04    0.117083E-03   -0.396898E-04
 4.55877   -0.792239E-04    0.116741E-03   -0.393492E-04
 4.56627   -0.790559E-04    0.116399E-03   -0.390097E-04
 4.57377   -0.788862E-04    0.116058E-03   -0.386715E-04
 4.58127   -0.787151E-04    0.115717E-03   -0.383346E-04
 4.58877   -0.785425E-04    0.115376E-03   -0.379989E-04
 4.59628   -0.783684E-04    0.115035E-03   -0.376645E-04
 4.60378   -0.781931E-04    0.114695E-03   -0.373313E-04
 4.61128   -0.780164E-04    0.114355E-03   -0.369995E-04
 4.61878   -0.778384E-04    0.114015E-03   -0.366690E-04
 4.62628   -0.776593E-04    0.113676E-03   -0.363376E-04
 4.63379   -0.774789E-04    0.113337E-03   -0.360117E-04
 4.64129   -0.772974E-04    0.112999E-03   -0.356850E-04
 4.64879   -0.771149E-04    0.112661E-03   -0.353599E-04
 4.65629   -0.769313E-04    0.112324E-03   -0.350360E-04
 4.66379   -0.767466E-04    0.111987E-03   -0.347134E-04
 4.67130   -0.765610E-04    0.111651E-03   -0.343922E-04
 4.67880   -0.763745E-04    0.111315E-03   -0.340724E-04
 4.68630   -0.761871E-04    0.110979E-03   -0.337525E-04
 4.69380   -0.759988E-04    0.110645E-03   -0.334354E-04
 4.70131   -0.758097E-04    0.110310E-03   -0.331197E-04
 4.70881   -0.756198E-04    0.109977E-03   -0.328054E-04
 4.71631   -0.754292E-04    0.109643E-03   -0.324924E-04
 4.72381   -0.752378E-04    0.109311E-03   -0.321809E-04
 4.73131   -0.750457E-04    0.108979E-03   -0.318708E-04
 4.73882   -0.748530E-04    0.108648E-03   -0.315622E-04
 4.74632   -0.746597E-04    0.108317E-03   -0.312549E-04
 4.75382   -0.744657E-04    0.107987E-03   -0.309491E-04
 4.76132   -0.742712E-04    0.107657E-03   -0.306460E-04
 4.76882   -0.740762E-04    0.107328E-03   -0.303431E-04
 4.77633   -0.738806E-04    0.107000E-03   -0.300415E-04
 4.78383   -0.736846E-04    0.106673E-03   -0.297415E-04
 4.79133   -0.734881E-04    0.106346E-03   -0.294429E-04
 4.79883   -0.732912E-04    0.106020E-03   -0.291457E-04
 4.80633   -0.730939E-04    0.105695E-03   -0.288500E-04
 4.81384   -0.728961E-04    0.105370E-03   -0.285558E-04
 4.82134   -0.726981E-04    0.105046E-03   -0.282630E-04
 4.82884   -0.724997E-04    0.104723E-03   -0.279717E-04
 4.83634   -0.723010E-04    0.104400E-03   -0.276819E-04
 4.84384   -0.721020E-04    0.104078E-03   -0.273935E-04
 4.85135   -0.719028E-04    0.103757E-03   -0.271066E-04
 4.85885   -0.717033E-04    0.103437E-03   -0.268212E-04
 4.86635   -0.715035E-04    0.103118E-03   -0.265372E-04
 4.87385   -0.713036E-04    0.102799E-03   -0.262547E-04
 4.88136   -0.711035E-04    0.102481E-03   -0.259737E-04
 4.88886   -0.709033E-04    0.102164E-03   -0.256941E-04
 4.89636   -0.707029E-04    0.101847E-03   -0.254160E-04
 4.90386   -0.705024E-04    0.101532E-03   -0.251393E-04
 4.91136   -0.703017E-04    0.101217E-03   -0.248641E-04
 4.91887   -0.701010E-04    0.100903E-03   -0.245904E-04
 4.92637   -0.699002E-04    0.100590E-03   -0.243181E-04
 4.93387   -0.696994E-04    0.100277E-03   -0.240472E-04
 4.94137   -0.694986E-04    0.999655E-04   -0.237778E-04
 4.94887   -0.692977E-04    0.996547E-04   -0.235099E-04
 4.95638   -0.690968E-04    0.993447E-04   -0.232433E-04
 4.96388   -0.688960E-04    0.990356E-04   -0.229782E-04
 4.97138   -0.686951E-04    0.987273E-04   -0.227145E-04
 4.97888   -0.684944E-04    0.984199E-04   -0.224522E-04
 4.98638   -0.682937E-04    0.981132E-04   -0.221913E-04
 4.99389   -0.680930E-04    0.978075E-04   -0.219319E-04
 5.00139   -0.678925E-04    0.975025E-04   -0.216738E-04
 5.00889   -0.676921E-04    0.971985E-04   -0.214171E-04
 5.01639   -0.674918E-04    0.968953E-04   -0.211618E-04
 5.02389   -0.672916E-04    0.965929E-04   -0.209079E-04
 5.03140   -0.670916E-04    0.962913E-04   -0.206554E-04
 5.03890   -0.668917E-04    0.959908E-04   -0.204042E-04
 5.04640   -0.666921E-04    0.956910E-04   -0.201545E-04
 5.05390   -0.664926E-04    0.953922E-04   -0.199060E-04
 5.06141   -0.662933E-04    0.950941E-04   -0.196590E-04
 5.06891   -0.660943E-04    0.947970E-04   -0.194132E-04
 5.07641   -0.658954E-04    0.945008E-04   -0.191688E-04
 5.08391   -0.656968E-04    0.942054E-04   -0.189257E-04
 5.09141   -0.654985E-04    0.939109E-04   -0.186840E-04
 5.09892   -0.653005E-04    0.936173E-04   -0.184436E-04
 5.10642   -0.651027E-04    0.933246E-04   -0.182045E-04
 5.11392   -0.649052E-04    0.930328E-04   -0.179667E-04
 5.12142   -0.647080E-04    0.927419E-04   -0.177303E-04
 5.12892   -0.645111E-04    0.924519E-04   -0.174951E-04
 5.13643   -0.643146E-04    0.921628E-04   -0.172612E-04
 5.14393   -0.641183E-04    0.918746E-04   -0.170286E-04
 5.15143   -0.639225E-04    0.915873E-04   -0.167973E-04
 5.15893   -0.637270E-04    0.913009E-04   -0.165673E-04
 5.16643   -0.635318E-04    0.910154E-04   -0.163385E-04
 5.17394   -0.633371E-04    0.907309E-04   -0.161110E-04
 5.18144   -0.631427E-04    0.904472E-04   -0.158848E-04
 5.18894   -0.629487E-04    0.901645E-04   -0.156598E-04
 5.19644   -0.627552E-04    0.898827E-04   -0.154361E-04
 5.20394   -0.625620E-04    0.896018E-04   -0.152137E-04
 5.21145   -0.623693E-04    0.893218E-04   -0.149925E-04
 5.21895   -0.621770E-04    0.890428E-04   -0.147726E-04
 5.22645   -0.619852E-04    0.887646E-04   -0.145541E-04
 5.23395   -0.617938E-04    0.884874E-04   -0.143366E-04
 5.24146   -0.616029E-04    0.882112E-04   -0.141204E-04
 5.24896   -0.614125E-04    0.879358E-04   -0.139054E-04
 5.25646   -0.612226E-04    0.876614E-04   -0.136917E-04
 5.26396   -0.610331E-04    0.873879E-04   -0.134791E-04
 5.27146   -0.608442E-04    0.871154E-04   -0.132676E-04
 5.27897   -0.606557E-04    0.868438E-04   -0.130577E-04
 5.28647   -0.604678E-04    0.865731E-04   -0.128488E-04
 5.29397   -0.602804E-04    0.863033E-04   -0.126411E-04
 5.30147   -0.600936E-04    0.860345E-04   -0.124347E-04
 5.30897   -0.599072E-04    0.857666E-04   -0.122295E-04
 5.31648   -0.597215E-04    0.854997E-04   -0.120254E-04
 5.32398   -0.595363E-04    0.852337E-04   -0.118226E-04
 5.33148   -0.593516E-04    0.849686E-04   -0.116209E-04
 5.33898   -0.591675E-04    0.847045E-04   -0.114205E-04
 5.34648   -0.589840E-04    0.844413E-04   -0.112212E-04
 5.35399   -0.588011E-04    0.841791E-04   -0.110232E-04
 5.36149   -0.586187E-04    0.839178E-04   -0.108263E-04
 5.36899   -0.584370E-04    0.836574E-04   -0.106306E-04
 5.37649   -0.582558E-04    0.833980E-04   -0.104361E-04
 5.38399   -0.580753E-04    0.831395E-04   -0.102427E-04
 5.39150   -0.578954E-04    0.828820E-04   -0.100505E-04
 5.39900   -0.577160E-04    0.826254E-04   -0.985955E-05
 5.40650   -0.575373E-04    0.823697E-04   -0.966972E-05
 5.41400   -0.573593E-04    0.821150E-04   -0.948105E-05
 5.42151   -0.571818E-04    0.818612E-04   -0.929357E-05
 5.42901   -0.570050E-04    0.816084E-04   -0.910722E-05
 5.43651   -0.568288E-04    0.813565E-04   -0.892203E-05
 5.44401   -0.566533E-04    0.811055E-04   -0.873797E-05
 5.45151   -0.564784E-04    0.808554E-04   -0.855506E-05
 5.45902   -0.563042E-04    0.806063E-04   -0.837331E-05
 5.46652   -0.561306E-04    0.803582E-04   -0.819269E-05
 5.47402   -0.559577E-04    0.801109E-04   -0.801321E-05
 5.48152   -0.557854E-04    0.798646E-04   -0.783486E-05
 5.48902   -0.556138E-04    0.796192E-04   -0.765764E-05
 5.49653   -0.554428E-04    0.793748E-04   -0.748154E-05
 5.50403   -0.552725E-04    0.791312E-04   -0.730655E-05
 5.51153   -0.551029E-04    0.788886E-04   -0.713269E-05
 5.51903   -0.549339E-04    0.786469E-04   -0.695993E-05
 5.52653   -0.547656E-04    0.784062E-04   -0.678829E-05
 5.53404   -0.545980E-04    0.781663E-04   -0.661771E-05
 5.54154   -0.544310E-04    0.779274E-04   -0.644826E-05
 5.54904   -0.542647E-04    0.776894E-04   -0.627977E-05
 5.55654   -0.540991E-04    0.774522E-04   -0.611250E-05
 5.56405   -0.539341E-04    0.772160E-04   -0.594630E-05
 5.57155   -0.537698E-04    0.769807E-04   -0.578120E-05
 5.57905   -0.536062E-04    0.767463E-04   -0.561716E-05
 5.58655   -0.534432E-04    0.765128E-04   -0.545418E-05
 5.59405   -0.532809E-04    0.762802E-04   -0.529230E-05
 5.60156   -0.531192E-04    0.760485E-04   -0.513145E-05
 5.60906   -0.529583E-04    0.758177E-04   -0.497167E-05
 5.61656   -0.527979E-04    0.755877E-04   -0.481292E-05
 5.62406   -0.526382E-04    0.753587E-04   -0.465522E-05
 5.63156   -0.524792E-04    0.751305E-04   -0.449854E-05
 5.63907   -0.523208E-04    0.749032E-04   -0.434289E-05
 5.64657   -0.521631E-04    0.746768E-04   -0.418827E-05
 5.65407   -0.520060E-04    0.744512E-04   -0.403467E-05
 5.66157   -0.518496E-04    0.742265E-04   -0.388208E-05
 5.66907   -0.516938E-04    0.740026E-04   -0.373049E-05
 5.67658   -0.515386E-04    0.737796E-04   -0.357990E-05
 5.68408   -0.513841E-04    0.735575E-04   -0.343029E-05
 5.69158   -0.512301E-04    0.733362E-04   -0.328169E-05
 5.69908   -0.510768E-04    0.731157E-04   -0.313406E-05
 5.70658   -0.509241E-04    0.728961E-04   -0.298740E-05
 5.71409   -0.507720E-04    0.726773E-04   -0.284171E-05
 5.72159   -0.506206E-04    0.724594E-04   -0.269697E-05
 5.72909   -0.504697E-04    0.722422E-04   -0.255320E-05
 5.73659   -0.503194E-04    0.720259E-04   -0.241037E-05
 5.74410   -0.501697E-04    0.718104E-04   -0.226849E-05
 5.75160   -0.500206E-04    0.715957E-04   -0.212754E-05
 5.75910   -0.498721E-04    0.713818E-04   -0.198749E-05
 5.76660   -0.497241E-04    0.711686E-04   -0.184838E-05
 5.77410   -0.495768E-04    0.709564E-04   -0.171020E-05
 5.78161   -0.494299E-04    0.707448E-04   -0.157293E-05
 5.78911   -0.492837E-04    0.705341E-04   -0.143655E-05
 5.79661   -0.491380E-04    0.703241E-04   -0.130109E-05
 5.80411   -0.489928E-04    0.701149E-04   -0.116651E-05
 5.81161   -0.488481E-04    0.699065E-04   -0.103280E-05
 5.81912   -0.487040E-04    0.696989E-04   -0.899976E-06
 5.82662   -0.485605E-04    0.694920E-04   -0.768016E-06
 5.83412   -0.484174E-04    0.692858E-04   -0.636917E-06
 5.84162   -0.482748E-04    0.690804E-04   -0.506667E-06
 5.84912   -0.481328E-04    0.688757E-04   -0.377286E-06
 5.85663   -0.479913E-04    0.686718E-04   -0.248736E-06
 5.86413   -0.478502E-04    0.684686E-04   -0.121035E-06
 5.87163   -0.477096E-04    0.682661E-04    0.584540E-08
 5.87913   -0.475695E-04    0.680643E-04    0.131895E-06
 5.88663   -0.474299E-04    0.678633E-04    0.257127E-06
 5.89414   -0.472908E-04    0.676630E-04    0.381549E-06
 5.90164   -0.471521E-04    0.674633E-04    0.505176E-06
 5.90914   -0.470138E-04    0.672644E-04    0.627978E-06
 5.91664   -0.468760E-04    0.670662E-04    0.750003E-06
 5.92415   -0.467387E-04    0.668686E-04    0.871221E-06
 5.93165   -0.466017E-04    0.666717E-04    0.991677E-06
 5.93915   -0.464652E-04    0.664755E-04    0.111136E-05
 5.94665   -0.463292E-04    0.662800E-04    0.123027E-05
 5.95415   -0.461935E-04    0.660851E-04    0.134842E-05
 5.96166   -0.460582E-04    0.658910E-04    0.146582E-05
 5.96916   -0.459234E-04    0.656974E-04    0.158247E-05
 5.97666   -0.457889E-04    0.655045E-04    0.169837E-05
 5.98416   -0.456548E-04    0.653123E-04    0.181353E-05
 5.99166   -0.455211E-04    0.651207E-04    0.192796E-05
 5.99917   -0.453878E-04    0.649297E-04    0.204167E-05
 6.00667   -0.452548E-04    0.647394E-04    0.215465E-05
 6.01417   -0.451222E-04    0.645497E-04    0.226694E-05
 6.02167   -0.449900E-04    0.643606E-04    0.237850E-05
 6.02917   -0.448581E-04    0.641722E-04    0.248936E-05
 6.03668   -0.447266E-04    0.639843E-04    0.259951E-05
 6.04418   -0.445954E-04    0.637971E-04    0.270899E-05
 6.05168   -0.444645E-04    0.636104E-04    0.281777E-05
 6.05918   -0.443340E-04    0.634244E-04    0.292586E-05
 6.06668   -0.442038E-04    0.632390E-04    0.303328E-05
 6.07419   -0.440739E-04    0.630541E-04    0.314003E-05
 6.08169   -0.439444E-04    0.628699E-04    0.324611E-05
 6.08919   -0.438151E-04    0.626861E-04    0.335151E-05
 6.09669   -0.436862E-04    0.625031E-04    0.345627E-05
 6.10420   -0.435575E-04    0.623206E-04    0.356036E-05
 6.11170   -0.434292E-04    0.621386E-04    0.366381E-05
 6.11920   -0.433012E-04    0.619573E-04    0.376663E-05
 6.12670   -0.431734E-04    0.617765E-04    0.386881E-05
 6.13420   -0.430460E-04    0.615962E-04    0.397036E-05
 6.14171   -0.429188E-04    0.614165E-04    0.407128E-05
 6.14921   -0.427919E-04    0.612374E-04    0.417157E-05
 6.15671   -0.426653E-04    0.610588E-04    0.427125E-05
 6.16421   -0.425389E-04    0.608808E-04    0.437030E-05
 6.17171   -0.424129E-04    0.607033E-04    0.446876E-05
 6.17922   -0.422871E-04    0.605263E-04    0.456659E-05
 6.18672   -0.421616E-04    0.603499E-04    0.466382E-05
 6.19422   -0.420363E-04    0.601740E-04    0.476045E-05
 6.20172   -0.419113E-04    0.599987E-04    0.485649E-05
 6.20922   -0.417866E-04    0.598239E-04    0.495195E-05
 6.21673   -0.416621E-04    0.596496E-04    0.504682E-05
 6.22423   -0.415379E-04    0.594759E-04    0.514109E-05
 6.23173   -0.414139E-04    0.593026E-04    0.523481E-05
 6.23923   -0.412902E-04    0.591299E-04    0.532793E-05
 6.24673   -0.411668E-04    0.589577E-04    0.542047E-05
 6.25424   -0.410436E-04    0.587861E-04    0.551244E-05
 6.26174   -0.409206E-04    0.586149E-04    0.560385E-05
 6.26924   -0.407979E-04    0.584442E-04    0.569469E-05
 6.27674   -0.406755E-04    0.582741E-04    0.578497E-05
 6.28425   -0.405533E-04    0.581045E-04    0.587469E-05
 6.29175   -0.404313E-04    0.579354E-04    0.596386E-05
 6.29925   -0.403096E-04    0.577667E-04    0.605247E-05
 6.30675   -0.401881E-04    0.575986E-04    0.614054E-05
 6.31425   -0.400669E-04    0.574310E-04    0.622807E-05
 6.32176   -0.399459E-04    0.572639E-04    0.631505E-05
 6.32926   -0.398252E-04    0.570973E-04    0.640149E-05
 6.33676   -0.397047E-04    0.569311E-04    0.648740E-05
 6.34426   -0.395844E-04    0.567655E-04    0.657277E-05
 6.35176   -0.394644E-04    0.566004E-04    0.665763E-05
 6.35927   -0.393447E-04    0.564357E-04    0.674194E-05
 6.36677   -0.392252E-04    0.562716E-04    0.682573E-05
 6.37427   -0.391059E-04    0.561079E-04    0.690900E-05
 6.38177   -0.389869E-04    0.559447E-04    0.699174E-05
 6.38927   -0.388681E-04    0.557820E-04    0.707397E-05
 6.39678   -0.387496E-04    0.556198E-04    0.715569E-05
 6.40428   -0.386313E-04    0.554581E-04    0.723689E-05
 6.41178   -0.385133E-04    0.552969E-04    0.731753E-05
 6.41928   -0.383955E-04    0.551361E-04    0.739775E-05
 6.42678   -0.382779E-04    0.549758E-04    0.747743E-05
 6.43429   -0.381607E-04    0.548160E-04    0.755660E-05
 6.44179   -0.380436E-04    0.546567E-04    0.763527E-05
 6.44929   -0.379268E-04    0.544979E-04    0.771342E-05
 6.45679   -0.378103E-04    0.543395E-04    0.779110E-05
 6.46430   -0.376940E-04    0.541816E-04    0.786828E-05
 6.47180   -0.375780E-04    0.540242E-04    0.794495E-05
 6.47930   -0.374622E-04    0.538672E-04    0.802115E-05
 6.48680   -0.373467E-04    0.537108E-04    0.809689E-05
 6.49430   -0.372315E-04    0.535548E-04    0.817211E-05
 6.50181   -0.371165E-04    0.533992E-04    0.824685E-05
 6.50931   -0.370018E-04    0.532442E-04    0.832113E-05
 6.51681   -0.368873E-04    0.530896E-04    0.839488E-05
 6.52431   -0.367731E-04    0.529355E-04    0.846818E-05
 6.53181   -0.366591E-04    0.527818E-04    0.854099E-05
 6.53932   -0.365455E-04    0.526286E-04    0.861334E-05
 6.54682   -0.364321E-04    0.524759E-04    0.868521E-05
 6.55432   -0.363189E-04    0.523237E-04    0.875661E-05
 6.56182   -0.362061E-04    0.521719E-04    0.882756E-05
 6.56932   -0.360935E-04    0.520206E-04    0.889803E-05
 6.57683   -0.359811E-04    0.518697E-04    0.896803E-05
 6.58433   -0.358691E-04    0.517194E-04    0.903757E-05
 6.59183   -0.357573E-04    0.515694E-04    0.910664E-05
 6.59933   -0.356458E-04    0.514200E-04    0.917527E-05
 6.60683   -0.355346E-04    0.512710E-04    0.924341E-05
 6.61434   -0.354237E-04    0.511224E-04    0.931111E-05
 6.62184   -0.353130E-04    0.509743E-04    0.937833E-05
 6.62934   -0.352026E-04    0.508267E-04    0.944513E-05
 6.63684   -0.350925E-04    0.506796E-04    0.951147E-05
 6.64435   -0.349827E-04    0.505329E-04    0.957736E-05
 6.65185   -0.348732E-04    0.503866E-04    0.964281E-05
 6.65935   -0.347640E-04    0.502408E-04    0.970781E-05
 6.66685   -0.346550E-04    0.500955E-04    0.977239E-05
 6.67435   -0.345464E-04    0.499506E-04    0.983652E-05
 6.68186   -0.344380E-04    0.498062E-04    0.990018E-05
 6.68936   -0.343299E-04    0.496622E-04    0.996341E-05
 6.69686   -0.342221E-04    0.495187E-04    0.100262E-04
 6.70436   -0.341146E-04    0.493757E-04    0.100886E-04
 6.71186   -0.340074E-04    0.492331E-04    0.101505E-04
 6.71937   -0.339005E-04    0.490909E-04    0.102120E-04
 6.72687   -0.337939E-04    0.489492E-04    0.102731E-04
 6.73437   -0.336876E-04    0.488080E-04    0.103337E-04
 6.74187   -0.335816E-04    0.486672E-04    0.103939E-04
 6.74937   -0.334759E-04    0.485268E-04    0.104537E-04
 6.75688   -0.333705E-04    0.483869E-04    0.105131E-04
 6.76438   -0.332654E-04    0.482474E-04    0.105720E-04
 6.77188   -0.331606E-04    0.481084E-04    0.106305E-04
 6.77938   -0.330561E-04    0.479699E-04    0.106886E-04
 6.78688   -0.329519E-04    0.478317E-04    0.107463E-04
 6.79439   -0.328480E-04    0.476941E-04    0.108036E-04
 6.80189   -0.327445E-04    0.475568E-04    0.108605E-04
 6.80939   -0.326412E-04    0.474200E-04    0.109169E-04
 6.81689   -0.325382E-04    0.472837E-04    0.109729E-04
 6.82440   -0.324355E-04    0.471478E-04    0.110286E-04
 6.83190   -0.323332E-04    0.470123E-04    0.110838E-04
 6.83940   -0.322311E-04    0.468773E-04    0.111386E-04
 6.84690   -0.321294E-04    0.467427E-04    0.111930E-04
 6.85440   -0.320280E-04    0.466085E-04    0.112470E-04
 6.86191   -0.319269E-04    0.464748E-04    0.113007E-04
 6.86941   -0.318261E-04    0.463415E-04    0.113539E-04
 6.87691   -0.317256E-04    0.462087E-04    0.114067E-04
 6.88441   -0.316254E-04    0.460763E-04    0.114592E-04
 6.89191   -0.315255E-04    0.459443E-04    0.115112E-04
 6.89942   -0.314259E-04    0.458127E-04    0.115628E-04
 6.90692   -0.313267E-04    0.456816E-04    0.116141E-04
 6.91442   -0.312278E-04    0.455509E-04    0.116650E-04
 6.92192   -0.311291E-04    0.454207E-04    0.117155E-04
 6.92942   -0.310308E-04    0.452908E-04    0.117656E-04
 6.93693   -0.309328E-04    0.451614E-04    0.118153E-04
 6.94443   -0.308352E-04    0.450324E-04    0.118646E-04
 6.95193   -0.307378E-04    0.449039E-04    0.119136E-04
 6.95943   -0.306407E-04    0.447758E-04    0.119622E-04
 6.96693   -0.305440E-04    0.446481E-04    0.120104E-04
 6.97444   -0.304476E-04    0.445208E-04    0.120582E-04
 6.98194   -0.303515E-04    0.443939E-04    0.121057E-04
 6.98944   -0.302557E-04    0.442675E-04    0.121528E-04
 6.99694   -0.301602E-04    0.441415E-04    0.121995E-04
 7.00445   -0.300651E-04    0.440159E-04    0.122459E-04
 7.01195   -0.299702E-04    0.438907E-04    0.122918E-04
 7.01945   -0.298757E-04    0.437659E-04    0.123375E-04
 7.02695   -0.297815E-04    0.436416E-04    0.123827E-04
 7.03445   -0.296876E-04    0.435176E-04    0.124276E-04
 7.04196   -0.295940E-04    0.433941E-04    0.124722E-04
 7.04946   -0.295008E-04    0.432710E-04    0.125163E-04
 7.05696   -0.294078E-04    0.431483E-04    0.125602E-04
 7.06446   -0.293152E-04    0.430260E-04    0.126036E-04
 7.07196   -0.292229E-04    0.429041E-04    0.126468E-04
 7.07947   -0.291309E-04    0.427827E-04    0.126895E-04
 7.08697   -0.290392E-04    0.426616E-04    0.127320E-04
 7.09447   -0.289479E-04    0.425410E-04    0.127740E-04
 7.10197   -0.288568E-04    0.424207E-04    0.128158E-04
 7.10947   -0.287661E-04    0.423009E-04    0.128572E-04
 7.11698   -0.286757E-04    0.421814E-04    0.128982E-04
 7.12448   -0.285856E-04    0.420624E-04    0.129389E-04
 7.13198   -0.284958E-04    0.419438E-04    0.129793E-04
 7.13948   -0.284064E-04    0.418255E-04    0.130193E-04
 7.14698   -0.283172E-04    0.417077E-04    0.130589E-04
 7.15449   -0.282284E-04    0.415902E-04    0.130983E-04
 7.16199   -0.281398E-04    0.414732E-04    0.131373E-04
 7.16949   -0.280516E-04    0.413566E-04    0.131760E-04
 7.17699   -0.279637E-04    0.412403E-04    0.132144E-04
 7.18450   -0.278762E-04    0.411245E-04    0.132523E-04
 7.19200   -0.277889E-04    0.410090E-04    0.132901E-04
 7.19950   -0.277020E-04    0.408939E-04    0.133275E-04
 7.20700   -0.276153E-04    0.407792E-04    0.133645E-04
 7.21450   -0.275290E-04    0.406650E-04    0.134012E-04
 7.22201   -0.274430E-04    0.405511E-04    0.134376E-04
 7.22951   -0.273573E-04    0.404375E-04    0.134737E-04
 7.23701   -0.272719E-04    0.403244E-04    0.135095E-04
 7.24451   -0.271868E-04    0.402117E-04    0.135449E-04
 7.25201   -0.271020E-04    0.400993E-04    0.135801E-04
 7.25952   -0.270176E-04    0.399873E-04    0.136149E-04
 7.26702   -0.269334E-04    0.398757E-04    0.136494E-04
 7.27452   -0.268496E-04    0.397645E-04    0.136836E-04
 7.28202   -0.267661E-04    0.396537E-04    0.137176E-04
 7.28952   -0.266829E-04    0.395433E-04    0.137512E-04
 7.29703   -0.266000E-04    0.394332E-04    0.137844E-04
 7.30453   -0.265174E-04    0.393235E-04    0.138174E-04
 7.31203   -0.264351E-04    0.392142E-04    0.138501E-04
 7.31953   -0.263531E-04    0.391052E-04    0.138825E-04
 7.32704   -0.262714E-04    0.389966E-04    0.139146E-04
 7.33454   -0.261900E-04    0.388884E-04    0.139464E-04
 7.34204   -0.261089E-04    0.387806E-04    0.139778E-04
 7.34954   -0.260282E-04    0.386731E-04    0.140090E-04
 7.35704   -0.259477E-04    0.385660E-04    0.140399E-04
 7.36455   -0.258675E-04    0.384593E-04    0.140705E-04
 7.37205   -0.257877E-04    0.383529E-04    0.141009E-04
 7.37955   -0.257081E-04    0.382469E-04    0.141309E-04
 7.38705   -0.256289E-04    0.381413E-04    0.141606E-04
 7.39455   -0.255499E-04    0.380360E-04    0.141901E-04
 7.40206   -0.254713E-04    0.379311E-04    0.142193E-04
 7.40956   -0.253929E-04    0.378266E-04    0.142482E-04
 7.41706   -0.253149E-04    0.377224E-04    0.142768E-04
 7.42456   -0.252371E-04    0.376186E-04    0.143051E-04
 7.43206   -0.251596E-04    0.375151E-04    0.143331E-04
 7.43957   -0.250825E-04    0.374120E-04    0.143609E-04
 7.44707   -0.250056E-04    0.373092E-04    0.143884E-04
 7.45457   -0.249290E-04    0.372068E-04    0.144157E-04
 7.46207   -0.248527E-04    0.371047E-04    0.144426E-04
 7.46957   -0.247767E-04    0.370030E-04    0.144693E-04
 7.47708   -0.247010E-04    0.369016E-04    0.144957E-04
 7.48458   -0.246256E-04    0.368006E-04    0.145219E-04
 7.49208   -0.245505E-04    0.366999E-04    0.145478E-04
 7.49958   -0.244757E-04    0.365996E-04    0.145734E-04
 7.50709   -0.244011E-04    0.364996E-04    0.145988E-04
 7.51459   -0.243268E-04    0.364000E-04    0.146238E-04
 7.52209   -0.242529E-04    0.363007E-04    0.146487E-04
 7.52959   -0.241792E-04    0.362018E-04    0.146733E-04
 7.53709   -0.241058E-04    0.361032E-04    0.146976E-04
 7.54460   -0.240327E-04    0.360049E-04    0.147217E-04
 7.55210   -0.239598E-04    0.359069E-04    0.147455E-04
 7.55960   -0.238873E-04    0.358093E-04    0.147690E-04
 7.56710   -0.238150E-04    0.357121E-04    0.147923E-04
 7.57460   -0.237430E-04    0.356151E-04    0.148154E-04
 7.58211   -0.236713E-04    0.355185E-04    0.148382E-04
 7.58961   -0.235998E-04    0.354223E-04    0.148608E-04
 7.59711   -0.235287E-04    0.353263E-04    0.148831E-04
 7.60461   -0.234578E-04    0.352307E-04    0.149052E-04
 7.61211   -0.233872E-04    0.351354E-04    0.149270E-04
 7.61962   -0.233168E-04    0.350405E-04    0.149486E-04
 7.62712   -0.232468E-04    0.349459E-04    0.149699E-04
 7.63462   -0.231770E-04    0.348515E-04    0.149910E-04
 7.64212   -0.231074E-04    0.347576E-04    0.150119E-04
 7.64962   -0.230382E-04    0.346639E-04    0.150325E-04
 7.65713   -0.229692E-04    0.345705E-04    0.150530E-04
 7.66463   -0.229005E-04    0.344775E-04    0.150731E-04
 7.67213   -0.228320E-04    0.343848E-04    0.150931E-04
 7.67963   -0.227638E-04    0.342924E-04    0.151128E-04
 7.68714   -0.226959E-04    0.342003E-04    0.151323E-04
 7.69464   -0.226282E-04    0.341086E-04    0.151515E-04
 7.70214   -0.225608E-04    0.340171E-04    0.151705E-04
 7.70964   -0.224937E-04    0.339260E-04    0.151893E-04
 7.71714   -0.224268E-04    0.338351E-04    0.152079E-04
 7.72465   -0.223602E-04    0.337446E-04    0.152263E-04
 7.73215   -0.222938E-04    0.336544E-04    0.152444E-04
 7.73965   -0.222277E-04    0.335645E-04    0.152623E-04
 7.74715   -0.221618E-04    0.334749E-04    0.152801E-04
 7.75465   -0.220962E-04    0.333856E-04    0.152975E-04
 7.76216   -0.220309E-04    0.332966E-04    0.153148E-04
 7.76966   -0.219658E-04    0.332079E-04    0.153318E-04
 7.77716   -0.219009E-04    0.331195E-04    0.153487E-04
 7.78466   -0.218364E-04    0.330314E-04    0.153653E-04
 7.79216   -0.217720E-04    0.329436E-04    0.153817E-04
 7.79967   -0.217079E-04    0.328561E-04    0.153979E-04
 7.80717   -0.216440E-04    0.327689E-04    0.154139E-04
 7.81467   -0.215804E-04    0.326819E-04    0.154297E-04
 7.82217   -0.215171E-04    0.325953E-04    0.154453E-04
 7.82967   -0.214540E-04    0.325090E-04    0.154607E-04
 7.83718   -0.213911E-04    0.324229E-04    0.154759E-04
 7.84468   -0.213284E-04    0.323372E-04    0.154909E-04
 7.85218   -0.212660E-04    0.322517E-04    0.155057E-04
 7.85968   -0.212039E-04    0.321666E-04    0.155203E-04
 7.86719   -0.211420E-04    0.320817E-04    0.155347E-04
 7.87469   -0.210803E-04    0.319971E-04    0.155489E-04
 7.88219   -0.210188E-04    0.319128E-04    0.155629E-04
 7.88969   -0.209576E-04    0.318287E-04    0.155767E-04
 7.89719   -0.208966E-04    0.317450E-04    0.155903E-04
 7.90470   -0.208359E-04    0.316615E-04    0.156037E-04
 7.91220   -0.207754E-04    0.315783E-04    0.156170E-04
 7.91970   -0.207151E-04    0.314954E-04    0.156300E-04
 7.92720   -0.206550E-04    0.314127E-04    0.156429E-04
 7.93470   -0.205952E-04    0.313304E-04    0.156555E-04
 7.94221   -0.205356E-04    0.312483E-04    0.156680E-04
 7.94971   -0.204762E-04    0.311665E-04    0.156803E-04
 7.95721   -0.204171E-04    0.310849E-04    0.156925E-04
 7.96471   -0.203582E-04    0.310036E-04    0.157044E-04
 7.97221   -0.202995E-04    0.309226E-04    0.157162E-04
 7.97972   -0.202410E-04    0.308419E-04    0.157277E-04
 7.98722   -0.201827E-04    0.307614E-04    0.157391E-04
 7.99472   -0.201247E-04    0.306813E-04    0.157504E-04
 8.00222   -0.200669E-04    0.306013E-04    0.157614E-04
 8.00972   -0.200093E-04    0.305216E-04    0.157723E-04
 8.01723   -0.199519E-04    0.304422E-04    0.157830E-04
 8.02473   -0.198947E-04    0.303631E-04    0.157935E-04
 8.03223   -0.198378E-04    0.302842E-04    0.158039E-04
 8.03973   -0.197810E-04    0.302056E-04    0.158141E-04
 8.04724   -0.197245E-04    0.301272E-04    0.158241E-04
 8.05474   -0.196682E-04    0.300491E-04    0.158339E-04
 8.06224   -0.196121E-04    0.299713E-04    0.158436E-04
 8.06974   -0.195562E-04    0.298937E-04    0.158531E-04
 8.07724   -0.195005E-04    0.298164E-04    0.158625E-04
 8.08475   -0.194450E-04    0.297393E-04    0.158717E-04
 8.09225   -0.193898E-04    0.296625E-04    0.158807E-04
 8.09975   -0.193347E-04    0.295859E-04    0.158896E-04
 8.10725   -0.192799E-04    0.295096E-04    0.158983E-04
 8.11475   -0.192252E-04    0.294335E-04    0.159068E-04
 8.12226   -0.191708E-04    0.293577E-04    0.159152E-04
 8.12976   -0.191165E-04    0.292821E-04    0.159234E-04
 8.13726   -0.190625E-04    0.292068E-04    0.159315E-04
 8.14476   -0.190087E-04    0.291317E-04    0.159394E-04
 8.15226   -0.189550E-04    0.290569E-04    0.159472E-04
 8.15977   -0.189016E-04    0.289823E-04    0.159548E-04
 8.16727   -0.188484E-04    0.289080E-04    0.159622E-04
 8.17477   -0.187953E-04    0.288339E-04    0.159695E-04
 8.18227   -0.187425E-04    0.287600E-04    0.159767E-04
 8.18977   -0.186898E-04    0.286864E-04    0.159837E-04
 8.19728   -0.186374E-04    0.286130E-04    0.159905E-04
 8.20478   -0.185851E-04    0.285399E-04    0.159972E-04
 8.21228   -0.185331E-04    0.284670E-04    0.160038E-04
 8.21978   -0.184812E-04    0.283943E-04    0.160102E-04
 8.22729   -0.184295E-04    0.283219E-04    0.160165E-04
 8.23479   -0.183781E-04    0.282497E-04    0.160226E-04
 8.24229   -0.183268E-04    0.281777E-04    0.160286E-04
 8.24979   -0.182757E-04    0.281060E-04    0.160344E-04
 8.25729   -0.182247E-04    0.280345E-04    0.160401E-04
 8.26480   -0.181740E-04    0.279633E-04    0.160456E-04
 8.27230   -0.181235E-04    0.278922E-04    0.160510E-04
 8.27980   -0.180731E-04    0.278214E-04    0.160563E-04
 8.28730   -0.180230E-04    0.277509E-04    0.160615E-04
 8.29480   -0.179730E-04    0.276805E-04    0.160665E-04
 8.30231   -0.179232E-04    0.276104E-04    0.160713E-04
 8.30981   -0.178736E-04    0.275405E-04    0.160761E-04
 8.31731   -0.178242E-04    0.274709E-04    0.160806E-04
 8.32481   -0.177749E-04    0.274014E-04    0.160851E-04
 8.33231   -0.177259E-04    0.273322E-04    0.160894E-04
 8.33982   -0.176770E-04    0.272632E-04    0.160936E-04
 8.34732   -0.176283E-04    0.271945E-04    0.160977E-04
 8.35482   -0.175798E-04    0.271259E-04    0.161016E-04
 8.36232   -0.175314E-04    0.270576E-04    0.161054E-04
 8.36982   -0.174833E-04    0.269895E-04    0.161091E-04
 8.37733   -0.174353E-04    0.269216E-04    0.161126E-04
 8.38483   -0.173875E-04    0.268540E-04    0.161160E-04
 8.39233   -0.173398E-04    0.267865E-04    0.161193E-04
 8.39983   -0.172924E-04    0.267193E-04    0.161225E-04
 8.40734   -0.172451E-04    0.266523E-04    0.161255E-04
 8.41484   -0.171980E-04    0.265855E-04    0.161284E-04
 8.42234   -0.171511E-04    0.265189E-04    0.161312E-04
 8.42984   -0.171043E-04    0.264525E-04    0.161339E-04
 8.43734   -0.170577E-04    0.263864E-04    0.161364E-04
 8.44485   -0.170113E-04    0.263204E-04    0.161389E-04
 8.45235   -0.169651E-04    0.262547E-04    0.161412E-04
 8.45985   -0.169190E-04    0.261892E-04    0.161433E-04
 8.46735   -0.168731E-04    0.261239E-04    0.161454E-04
 8.47485   -0.168274E-04    0.260588E-04    0.161474E-04
 8.48236   -0.167818E-04    0.259939E-04    0.161492E-04
 8.48986   -0.167364E-04    0.259292E-04    0.161509E-04
 8.49736   -0.166912E-04    0.258647E-04    0.161525E-04
 8.50486   -0.166461E-04    0.258005E-04    0.161540E-04
 8.51236   -0.166013E-04    0.257364E-04    0.161553E-04
 8.51987   -0.165565E-04    0.256725E-04    0.161566E-04
 8.52737   -0.165120E-04    0.256089E-04    0.161577E-04
 8.53487   -0.164676E-04    0.255454E-04    0.161587E-04
 8.54237   -0.164234E-04    0.254822E-04    0.161596E-04
 8.54987   -0.163793E-04    0.254191E-04    0.161604E-04
 8.55738   -0.163354E-04    0.253563E-04    0.161611E-04
 8.56488   -0.162917E-04    0.252937E-04    0.161617E-04
 8.57238   -0.162481E-04    0.252312E-04    0.161622E-04
 8.57988   -0.162047E-04    0.251690E-04    0.161625E-04
 8.58739   -0.161614E-04    0.251069E-04    0.161628E-04
 8.59489   -0.161183E-04    0.250451E-04    0.161629E-04
 8.60239   -0.160754E-04    0.249834E-04    0.161630E-04
 8.60989   -0.160326E-04    0.249220E-04    0.161629E-04
 8.61739   -0.159900E-04    0.248607E-04    0.161628E-04
 8.62490   -0.159475E-04    0.247996E-04    0.161625E-04
 8.63240   -0.159052E-04    0.247387E-04    0.161621E-04
 8.63990   -0.158631E-04    0.246781E-04    0.161616E-04
 8.64740   -0.158211E-04    0.246176E-04    0.161610E-04
 8.65490   -0.157793E-04    0.245573E-04    0.161603E-04
 8.66241   -0.157376E-04    0.244972E-04    0.161596E-04
 8.66991   -0.156961E-04    0.244373E-04    0.161586E-04
 8.67741   -0.156547E-04    0.243776E-04    0.161577E-04
 8.68491   -0.156135E-04    0.243181E-04    0.161566E-04
 8.69241   -0.155724E-04    0.242587E-04    0.161554E-04
 8.69992   -0.155315E-04    0.241996E-04    0.161541E-04
 8.70742   -0.154908E-04    0.241406E-04    0.161527E-04
 8.71492   -0.154502E-04    0.240819E-04    0.161513E-04
 8.72242   -0.154097E-04    0.240233E-04    0.161497E-04
 8.72992   -0.153694E-04    0.239649E-04    0.161480E-04
 8.73743   -0.153292E-04    0.239066E-04    0.161463E-04
 8.74493   -0.152892E-04    0.238486E-04    0.161444E-04
 8.75243   -0.152493E-04    0.237907E-04    0.161425E-04
 8.75993   -0.152096E-04    0.237331E-04    0.161404E-04
 8.76744   -0.151700E-04    0.236756E-04    0.161383E-04
 8.77494   -0.151306E-04    0.236183E-04    0.161361E-04
 8.78244   -0.150913E-04    0.235611E-04    0.161338E-04
 8.78994   -0.150521E-04    0.235042E-04    0.161313E-04
 8.79744   -0.150131E-04    0.234474E-04    0.161289E-04
 8.80495   -0.149743E-04    0.233908E-04    0.161263E-04
 8.81245   -0.149356E-04    0.233344E-04    0.161236E-04
 8.81995   -0.148970E-04    0.232782E-04    0.161208E-04
 8.82745   -0.148585E-04    0.232221E-04    0.161180E-04
 8.83495   -0.148202E-04    0.231662E-04    0.161151E-04
 8.84246   -0.147820E-04    0.231105E-04    0.161120E-04
 8.84996   -0.147440E-04    0.230549E-04    0.161089E-04
 8.85746   -0.147061E-04    0.229995E-04    0.161058E-04
 8.86496   -0.146684E-04    0.229443E-04    0.161025E-04
 8.87246   -0.146307E-04    0.228893E-04    0.160991E-04
 8.87997   -0.145932E-04    0.228344E-04    0.160957E-04
 8.88747   -0.145559E-04    0.227798E-04    0.160922E-04
 8.89497   -0.145186E-04    0.227252E-04    0.160886E-04
 8.90247   -0.144815E-04    0.226709E-04    0.160849E-04
 8.90997   -0.144446E-04    0.226167E-04    0.160812E-04
 8.91748   -0.144077E-04    0.225627E-04    0.160774E-04
 8.92498   -0.143710E-04    0.225088E-04    0.160734E-04
 8.93248   -0.143344E-04    0.224551E-04    0.160695E-04
 8.93998   -0.142980E-04    0.224016E-04    0.160654E-04
 8.94749   -0.142616E-04    0.223482E-04    0.160613E-04
 8.95499   -0.142254E-04    0.222950E-04    0.160571E-04
 8.96249   -0.141893E-04    0.222420E-04    0.160528E-04
 8.96999   -0.141534E-04    0.221891E-04    0.160484E-04
 8.97749   -0.141175E-04    0.221363E-04    0.160440E-04
 8.98500   -0.140818E-04    0.220838E-04    0.160395E-04
 8.99250   -0.140462E-04    0.220314E-04    0.160349E-04
 9.00000   -0.140107E-04    0.219791E-04    0.160302E-04
