 0.00500    0.260300E-01   -0.133285E-01    0.101499E-01
 0.02303    0.213788E-01   -0.110027E-01    0.840481E-02
 0.04105    0.186483E-01   -0.963674E-02    0.737915E-02
 0.05908    0.166579E-01   -0.864051E-02    0.663028E-02
 0.07710    0.150884E-01   -0.785447E-02    0.603868E-02
 0.09513    0.137968E-01   -0.720720E-02    0.555079E-02
 0.11316    0.127042E-01   -0.665921E-02    0.513712E-02
 0.13118    0.117619E-01   -0.618623E-02    0.477946E-02
 0.14921    0.109375E-01   -0.577204E-02    0.446569E-02
 0.16723    0.102081E-01   -0.540526E-02    0.418728E-02
 0.18526    0.955705E-02   -0.507754E-02    0.393802E-02
 0.20329    0.897154E-02   -0.478248E-02    0.371313E-02
 0.22131    0.844174E-02   -0.451520E-02    0.350897E-02
 0.23934    0.795983E-02   -0.427179E-02    0.332261E-02
 0.25736    0.751946E-02   -0.404908E-02    0.315173E-02
 0.27539    0.711547E-02   -0.384450E-02    0.299436E-02
 0.29342    0.674353E-02   -0.365591E-02    0.284892E-02
 0.31144    0.640000E-02   -0.348148E-02    0.271407E-02
 0.32947    0.608183E-02   -0.331969E-02    0.258867E-02
 0.34749    0.578640E-02   -0.316924E-02    0.247174E-02
 0.36552    0.551144E-02   -0.302899E-02    0.236246E-02
 0.38355    0.525498E-02   -0.289798E-02    0.226010E-02
 0.40157    0.501530E-02   -0.277534E-02    0.216401E-02
 0.41960    0.479089E-02   -0.266032E-02    0.207365E-02
 0.43763    0.458042E-02   -0.255227E-02    0.198851E-02
 0.45565    0.438271E-02   -0.245058E-02    0.190817E-02
 0.47368    0.419672E-02   -0.235476E-02    0.183225E-02
 0.49170    0.402151E-02   -0.226431E-02    0.176038E-02
 0.50973    0.385623E-02   -0.217885E-02    0.169226E-02
 0.52776    0.370013E-02   -0.209797E-02    0.162762E-02
 0.54578    0.355253E-02   -0.202134E-02    0.156621E-02
 0.56381    0.341280E-02   -0.194865E-02    0.150778E-02
 0.58183    0.328038E-02   -0.187963E-02    0.145214E-02
 0.59986    0.315478E-02   -0.181402E-02    0.139910E-02
 0.61789    0.303551E-02   -0.175159E-02    0.134848E-02
 0.63591    0.292217E-02   -0.169214E-02    0.130014E-02
 0.65394    0.281435E-02   -0.163546E-02    0.125392E-02
 0.67196    0.271171E-02   -0.158138E-02    0.120970E-02
 0.68999    0.261391E-02   -0.152975E-02    0.116736E-02
 0.70802    0.252067E-02   -0.148040E-02    0.112677E-02
 0.72604    0.243169E-02   -0.143321E-02    0.108786E-02
 0.74407    0.234673E-02   -0.138804E-02    0.105050E-02
 0.76209    0.226554E-02   -0.134478E-02    0.101463E-02
 0.78012    0.218792E-02   -0.130331E-02    0.980160E-03
 0.79815    0.211365E-02   -0.126355E-02    0.947011E-03
 0.81617    0.204255E-02   -0.122538E-02    0.915116E-03
 0.83420    0.197444E-02   -0.118874E-02    0.884410E-03
 0.85222    0.190917E-02   -0.115353E-02    0.854832E-03
 0.87025    0.184657E-02   -0.111968E-02    0.826326E-03
 0.88828    0.178651E-02   -0.108713E-02    0.798841E-03
 0.90630    0.172886E-02   -0.105579E-02    0.772325E-03
 0.92433    0.167348E-02   -0.102563E-02    0.746734E-03
 0.94235    0.162028E-02   -0.996564E-03    0.722024E-03
 0.96038    0.156914E-02   -0.968555E-03    0.698155E-03
 0.97841    0.151996E-02   -0.941547E-03    0.675090E-03
 0.99643    0.147264E-02   -0.915494E-03    0.652791E-03
 1.01446    0.142709E-02   -0.890351E-03    0.631227E-03
 1.03248    0.138324E-02   -0.866076E-03    0.610363E-03
 1.05051    0.134100E-02   -0.842630E-03    0.590173E-03
 1.06854    0.130029E-02   -0.819976E-03    0.570627E-03
 1.08656    0.126106E-02   -0.798079E-03    0.551699E-03
 1.10459    0.122322E-02   -0.776906E-03    0.533364E-03
 1.12262    0.118673E-02   -0.756427E-03    0.515598E-03
 1.14064    0.115151E-02   -0.736610E-03    0.498379E-03
 1.15867    0.111752E-02   -0.717430E-03    0.481686E-03
 1.17669    0.108471E-02   -0.698859E-03    0.465498E-03
 1.19472    0.105301E-02   -0.680873E-03    0.449796E-03
 1.21275    0.102240E-02   -0.663447E-03    0.434561E-03
 1.23077    0.992808E-03   -0.646560E-03    0.419778E-03
 1.24880    0.964209E-03   -0.630190E-03    0.405429E-03
 1.26682    0.936558E-03   -0.614316E-03    0.391499E-03
 1.28485    0.909817E-03   -0.598920E-03    0.377972E-03
 1.30288    0.883950E-03   -0.583984E-03    0.364836E-03
 1.32090    0.858923E-03   -0.569490E-03    0.352076E-03
 1.33893    0.834702E-03   -0.555421E-03    0.339680E-03
 1.35695    0.811256E-03   -0.541763E-03    0.327634E-03
 1.37498    0.788556E-03   -0.528499E-03    0.315928E-03
 1.39301    0.766573E-03   -0.515615E-03    0.304550E-03
 1.41103    0.745280E-03   -0.503099E-03    0.293507E-03
 1.42906    0.724651E-03   -0.490936E-03    0.282754E-03
 1.44708    0.704662E-03   -0.479113E-03    0.272282E-03
 1.46511    0.685289E-03   -0.467620E-03    0.262114E-03
 1.48314    0.666509E-03   -0.456448E-03    0.252225E-03
 1.50116    0.648301E-03   -0.445579E-03    0.242606E-03
 1.51919    0.630645E-03   -0.435009E-03    0.233249E-03
 1.53721    0.613520E-03   -0.424725E-03    0.224146E-03
 1.55524    0.596909E-03   -0.414718E-03    0.215289E-03
 1.57327    0.580793E-03   -0.404980E-03    0.206671E-03
 1.59129    0.565155E-03   -0.395501E-03    0.198284E-03
 1.60932    0.549979E-03   -0.386272E-03    0.190123E-03
 1.62734    0.535249E-03   -0.377287E-03    0.182180E-03
 1.64537    0.520949E-03   -0.368537E-03    0.174450E-03
 1.66340    0.507067E-03   -0.360014E-03    0.166925E-03
 1.68142    0.493587E-03   -0.351712E-03    0.159601E-03
 1.69945    0.480495E-03   -0.343625E-03    0.152472E-03
 1.71747    0.467781E-03   -0.335744E-03    0.145532E-03
 1.73550    0.455431E-03   -0.328064E-03    0.138776E-03
 1.75353    0.443434E-03   -0.320579E-03    0.132199E-03
 1.77155    0.431778E-03   -0.313283E-03    0.125796E-03
 1.78958    0.420452E-03   -0.306172E-03    0.119563E-03
 1.80761    0.409446E-03   -0.299238E-03    0.113496E-03
 1.82563    0.398751E-03   -0.292478E-03    0.107589E-03
 1.84366    0.388358E-03   -0.285885E-03    0.101839E-03
 1.86168    0.378255E-03   -0.279456E-03    0.962411E-04
 1.87971    0.368436E-03   -0.273187E-03    0.907923E-04
 1.89774    0.358892E-03   -0.267072E-03    0.854885E-04
 1.91576    0.349614E-03   -0.261107E-03    0.803262E-04
 1.93379    0.340596E-03   -0.255288E-03    0.753020E-04
 1.95181    0.331829E-03   -0.249612E-03    0.704124E-04
 1.96984    0.323306E-03   -0.244075E-03    0.656543E-04
 1.98787    0.315021E-03   -0.238673E-03    0.610245E-04
 2.00589    0.306967E-03   -0.233402E-03    0.565199E-04
 2.02392    0.299139E-03   -0.228261E-03    0.521376E-04
 2.04194    0.291529E-03   -0.223244E-03    0.478751E-04
 2.05997    0.284134E-03   -0.218350E-03    0.437296E-04
 2.07800    0.276946E-03   -0.213576E-03    0.396988E-04
 2.09602    0.269961E-03   -0.208919E-03    0.357796E-04
 2.11405    0.263175E-03   -0.204375E-03    0.319699E-04
 2.13207    0.256582E-03   -0.199944E-03    0.282676E-04
 2.15010    0.250179E-03   -0.195622E-03    0.246706E-04
 2.16813    0.243961E-03   -0.191407E-03    0.211765E-04
 2.18615    0.237924E-03   -0.187297E-03    0.177830E-04
 2.20418    0.232065E-03   -0.183290E-03    0.144893E-04
 2.22220    0.226380E-03   -0.179384E-03    0.112925E-04
 2.24023    0.220865E-03   -0.175578E-03    0.819130E-05
 2.25826    0.215518E-03   -0.171868E-03    0.518393E-05
 2.27628    0.210336E-03   -0.168255E-03    0.226865E-05
 2.29431    0.205316E-03   -0.164736E-03   -0.555968E-06
 2.31233    0.200454E-03   -0.161310E-03   -0.329160E-05
 2.33036    0.195749E-03   -0.157975E-03   -0.593966E-05
 2.34839    0.191197E-03   -0.154730E-03   -0.850159E-05
 2.36641    0.186799E-03   -0.151573E-03   -0.109789E-04
 2.38444    0.182548E-03   -0.148504E-03   -0.133731E-04
 2.40246    0.178445E-03   -0.145520E-03   -0.156849E-04
 2.42049    0.174487E-03   -0.142621E-03   -0.179162E-04
 2.43852    0.170671E-03   -0.139805E-03   -0.200681E-04
 2.45654    0.166996E-03   -0.137071E-03   -0.221421E-04
 2.47457    0.163458E-03   -0.134417E-03   -0.241395E-04
 2.49260    0.160056E-03   -0.131843E-03   -0.260616E-04
 2.51062    0.156787E-03   -0.129347E-03   -0.279101E-04
 2.52865    0.153648E-03   -0.126934E-03   -0.296865E-04
 2.54667    0.150637E-03   -0.124589E-03   -0.313921E-04
 2.56470    0.147752E-03   -0.122317E-03   -0.330285E-04
 2.58273    0.144988E-03   -0.120116E-03   -0.345974E-04
 2.60075    0.142342E-03   -0.117985E-03   -0.361005E-04
 2.61878    0.139812E-03   -0.115915E-03   -0.375398E-04
 2.63680    0.137392E-03   -0.113917E-03   -0.389171E-04
 2.65483    0.135078E-03   -0.111982E-03   -0.402346E-04
 2.67286    0.132867E-03   -0.110108E-03   -0.414944E-04
 2.69088    0.130754E-03   -0.108293E-03   -0.426990E-04
 2.70891    0.128733E-03   -0.106533E-03   -0.438506E-04
 2.72693    0.126799E-03   -0.104825E-03   -0.449516E-04
 2.74496    0.124947E-03   -0.103167E-03   -0.460051E-04
 2.76299    0.123169E-03   -0.101555E-03   -0.470133E-04
 2.78101    0.121459E-03   -0.999866E-04   -0.479795E-04
 2.79904    0.119812E-03   -0.984571E-04   -0.489068E-04
 2.81706    0.118220E-03   -0.969630E-04   -0.497981E-04
 2.83509    0.116675E-03   -0.955013E-04   -0.506577E-04
 2.85312    0.115170E-03   -0.940670E-04   -0.514870E-04
 2.87114    0.113697E-03   -0.926563E-04   -0.522902E-04
 2.88917    0.112249E-03   -0.912655E-04   -0.530705E-04
 2.90719    0.110816E-03   -0.898903E-04   -0.538318E-04
 2.92522    0.109392E-03   -0.885264E-04   -0.545773E-04
 2.94325    0.107969E-03   -0.871695E-04   -0.553106E-04
 2.96127    0.106537E-03   -0.858156E-04   -0.560347E-04
 2.97930    0.105089E-03   -0.844606E-04   -0.567833E-04
 2.99732    0.103618E-03   -0.831004E-04   -0.574710E-04
 3.01535    0.102116E-03   -0.817308E-04   -0.581892E-04
 3.03338    0.100575E-03   -0.803487E-04   -0.589117E-04
 3.05140    0.989888E-04   -0.789497E-04   -0.596415E-04
 3.06943    0.973505E-04   -0.775305E-04   -0.603812E-04
 3.08745    0.956539E-04   -0.760883E-04   -0.611336E-04
 3.10548    0.938935E-04   -0.746200E-04   -0.619009E-04
 3.12351    0.920643E-04   -0.731229E-04   -0.626855E-04
 3.14153    0.901615E-04   -0.715946E-04   -0.634896E-04
 3.15956    0.881814E-04   -0.700331E-04   -0.643147E-04
 3.17759    0.861209E-04   -0.684368E-04   -0.651622E-04
 3.19561    0.839771E-04   -0.668042E-04   -0.660329E-04
 3.21364    0.817488E-04   -0.651343E-04   -0.669287E-04
 3.23166    0.794340E-04   -0.634266E-04   -0.678498E-04
 3.24969    0.770324E-04   -0.616807E-04   -0.687977E-04
 3.26772    0.745445E-04   -0.598964E-04   -0.697701E-04
 3.28574    0.719716E-04   -0.580745E-04   -0.707681E-04
 3.30377    0.693148E-04   -0.562156E-04   -0.717907E-04
 3.32179    0.665764E-04   -0.543208E-04   -0.728378E-04
 3.33982    0.637597E-04   -0.523917E-04   -0.739083E-04
 3.35785    0.608680E-04   -0.504299E-04   -0.750010E-04
 3.37587    0.579056E-04   -0.484375E-04   -0.761141E-04
 3.39390    0.548768E-04   -0.464168E-04   -0.772459E-04
 3.41192    0.517871E-04   -0.443701E-04   -0.783950E-04
 3.42995    0.486415E-04   -0.423003E-04   -0.795590E-04
 3.44798    0.454462E-04   -0.402104E-04   -0.807361E-04
 3.46600    0.422073E-04   -0.381033E-04   -0.819240E-04
 3.48403    0.389311E-04   -0.359824E-04   -0.831198E-04
 3.50205    0.356246E-04   -0.338509E-04   -0.843216E-04
 3.52008    0.322945E-04   -0.317122E-04   -0.855265E-04
 3.53811    0.289474E-04   -0.295699E-04   -0.867320E-04
 3.55613    0.255907E-04   -0.274275E-04   -0.879355E-04
 3.57416    0.222309E-04   -0.252881E-04   -0.891346E-04
 3.59218    0.188748E-04   -0.231556E-04   -0.903264E-04
 3.61021    0.155294E-04   -0.210330E-04   -0.915086E-04
 3.62824    0.122011E-04   -0.189236E-04   -0.926785E-04
 3.64626    0.889612E-05   -0.168307E-04   -0.938340E-04
 3.66429    0.562079E-05   -0.147575E-04   -0.949725E-04
 3.68231    0.238093E-05   -0.127066E-04   -0.960921E-04
 3.70034   -0.817903E-06   -0.106812E-04   -0.971905E-04
 3.71837   -0.397005E-05   -0.868378E-05   -0.982658E-04
 3.73639   -0.707096E-05   -0.671689E-05   -0.993161E-04
 3.75442   -0.101159E-04   -0.478272E-05   -0.100339E-03
 3.77244   -0.131011E-04   -0.288352E-05   -0.101334E-03
 3.79047   -0.160211E-04   -0.102118E-05   -0.102299E-03
 3.80850   -0.188740E-04    0.802457E-06   -0.103233E-03
 3.82652   -0.216564E-04    0.258622E-05   -0.104134E-03
 3.84455   -0.243654E-04    0.432782E-05   -0.105002E-03
 3.86258   -0.269983E-04    0.602718E-05   -0.105836E-03
 3.88060   -0.295534E-04    0.768266E-05   -0.106635E-03
 3.89863   -0.320290E-04    0.929353E-05   -0.107398E-03
 3.91665   -0.344234E-04    0.108592E-04   -0.108125E-03
 3.93468   -0.367359E-04    0.123790E-04   -0.108816E-03
 3.95271   -0.389658E-04    0.138527E-04   -0.109470E-03
 3.97073   -0.411125E-04    0.152798E-04   -0.110086E-03
 3.98876   -0.431760E-04    0.166609E-04   -0.110667E-03
 4.00678   -0.451564E-04    0.179955E-04   -0.111210E-03
 4.02481   -0.470541E-04    0.192842E-04   -0.111717E-03
 4.04284   -0.488696E-04    0.205269E-04   -0.112187E-03
 4.06086   -0.506039E-04    0.217244E-04   -0.112622E-03
 4.07889   -0.522579E-04    0.228772E-04   -0.113021E-03
 4.09691   -0.538327E-04    0.239857E-04   -0.113384E-03
 4.11494   -0.553298E-04    0.250506E-04   -0.113714E-03
 4.13297   -0.567505E-04    0.260729E-04   -0.114010E-03
 4.15099   -0.580964E-04    0.270533E-04   -0.114273E-03
 4.16902   -0.593692E-04    0.279925E-04   -0.114503E-03
 4.18704   -0.605707E-04    0.288917E-04   -0.114701E-03
 4.20507   -0.617027E-04    0.297517E-04   -0.114868E-03
 4.22310   -0.627672E-04    0.305734E-04   -0.115006E-03
 4.24112   -0.637662E-04    0.313581E-04   -0.115113E-03
 4.25915   -0.647016E-04    0.321065E-04   -0.115193E-03
 4.27717   -0.655756E-04    0.328200E-04   -0.115244E-03
 4.29520   -0.663900E-04    0.334994E-04   -0.115269E-03
 4.31323   -0.671470E-04    0.341460E-04   -0.115268E-03
 4.33125   -0.678487E-04    0.347606E-04   -0.115242E-03
 4.34928   -0.684969E-04    0.353444E-04   -0.115192E-03
 4.36730   -0.690939E-04    0.358985E-04   -0.115117E-03
 4.38533   -0.696416E-04    0.364238E-04   -0.115021E-03
 4.40336   -0.701419E-04    0.369214E-04   -0.114902E-03
 4.42138   -0.705968E-04    0.373923E-04   -0.114762E-03
 4.43941   -0.710081E-04    0.378375E-04   -0.114603E-03
 4.45743   -0.713779E-04    0.382580E-04   -0.114424E-03
 4.47546   -0.717077E-04    0.386547E-04   -0.114227E-03
 4.49349   -0.719995E-04    0.390286E-04   -0.114012E-03
 4.51151   -0.722550E-04    0.393806E-04   -0.113780E-03
 4.52954   -0.724758E-04    0.397115E-04   -0.113531E-03
 4.54757   -0.726635E-04    0.400221E-04   -0.113267E-03
 4.56559   -0.728198E-04    0.403134E-04   -0.112988E-03
 4.58362   -0.729458E-04    0.405861E-04   -0.112694E-03
 4.60164   -0.730438E-04    0.408409E-04   -0.112387E-03
 4.61967   -0.731144E-04    0.410787E-04   -0.112066E-03
 4.63770   -0.731593E-04    0.413001E-04   -0.111734E-03
 4.65572   -0.731792E-04    0.415058E-04   -0.111389E-03
 4.67375   -0.731769E-04    0.416966E-04   -0.111033E-03
 4.69177   -0.731521E-04    0.418730E-04   -0.110666E-03
 4.70980   -0.731064E-04    0.420356E-04   -0.110289E-03
 4.72783   -0.730409E-04    0.421851E-04   -0.109902E-03
 4.74585   -0.729568E-04    0.423221E-04   -0.109505E-03
 4.76388   -0.728549E-04    0.424469E-04   -0.109100E-03
 4.78190   -0.727364E-04    0.425604E-04   -0.108686E-03
 4.79993   -0.726020E-04    0.426628E-04   -0.108265E-03
 4.81796   -0.724526E-04    0.427547E-04   -0.107836E-03
 4.83598   -0.722892E-04    0.428365E-04   -0.107399E-03
 4.85401   -0.721125E-04    0.429087E-04   -0.106956E-03
 4.87203   -0.719232E-04    0.429716E-04   -0.106506E-03
 4.89006   -0.717222E-04    0.430258E-04   -0.106050E-03
 4.90809   -0.715100E-04    0.430715E-04   -0.105589E-03
 4.92611   -0.712873E-04    0.431092E-04   -0.105122E-03
 4.94414   -0.710549E-04    0.431392E-04   -0.104649E-03
 4.96216   -0.708131E-04    0.431618E-04   -0.104172E-03
 4.98019   -0.705627E-04    0.431773E-04   -0.103690E-03
 4.99822   -0.703042E-04    0.431861E-04   -0.103204E-03
 5.01624   -0.700381E-04    0.431885E-04   -0.102714E-03
 5.03427   -0.697648E-04    0.431847E-04   -0.102220E-03
 5.05229   -0.694849E-04    0.431750E-04   -0.101723E-03
 5.07032   -0.691987E-04    0.431597E-04   -0.101222E-03
 5.08835   -0.689068E-04    0.431388E-04   -0.100718E-03
 5.10637   -0.686094E-04    0.431130E-04   -0.100211E-03
 5.12440   -0.683070E-04    0.430822E-04   -0.997010E-04
 5.14242   -0.680000E-04    0.430467E-04   -0.991887E-04
 5.16045   -0.676886E-04    0.430066E-04   -0.986739E-04
 5.17848   -0.673733E-04    0.429622E-04   -0.981572E-04
 5.19650   -0.670542E-04    0.429137E-04   -0.976384E-04
 5.21453   -0.667318E-04    0.428612E-04   -0.971178E-04
 5.23256   -0.664062E-04    0.428049E-04   -0.965956E-04
 5.25058   -0.660778E-04    0.427450E-04   -0.960719E-04
 5.26861   -0.657468E-04    0.426817E-04   -0.955469E-04
 5.28663   -0.654135E-04    0.426150E-04   -0.950208E-04
 5.30466   -0.650780E-04    0.425451E-04   -0.944937E-04
 5.32269   -0.647406E-04    0.424723E-04   -0.939658E-04
 5.34071   -0.644015E-04    0.423965E-04   -0.934372E-04
 5.35874   -0.640608E-04    0.423179E-04   -0.929081E-04
 5.37676   -0.637189E-04    0.422368E-04   -0.923785E-04
 5.39479   -0.633758E-04    0.421530E-04   -0.918487E-04
 5.41282   -0.630317E-04    0.420669E-04   -0.913186E-04
 5.43084   -0.626868E-04    0.419784E-04   -0.907886E-04
 5.44887   -0.623412E-04    0.418878E-04   -0.902585E-04
 5.46689   -0.619950E-04    0.417950E-04   -0.897286E-04
 5.48492   -0.616485E-04    0.417003E-04   -0.891989E-04
 5.50295   -0.613017E-04    0.416035E-04   -0.886695E-04
 5.52097   -0.609548E-04    0.415050E-04   -0.881405E-04
 5.53900   -0.606079E-04    0.414047E-04   -0.876120E-04
 5.55702   -0.602610E-04    0.413028E-04   -0.870841E-04
 5.57505   -0.599144E-04    0.411993E-04   -0.865568E-04
 5.59308   -0.595681E-04    0.410942E-04   -0.860302E-04
 5.61110   -0.592221E-04    0.409878E-04   -0.855042E-04
 5.62913   -0.588767E-04    0.408799E-04   -0.849791E-04
 5.64715   -0.585318E-04    0.407708E-04   -0.844549E-04
 5.66518   -0.581877E-04    0.406605E-04   -0.839316E-04
 5.68321   -0.578442E-04    0.405490E-04   -0.834092E-04
 5.70123   -0.575017E-04    0.404364E-04   -0.828879E-04
 5.71926   -0.571600E-04    0.403227E-04   -0.823677E-04
 5.73728   -0.568194E-04    0.402081E-04   -0.818486E-04
 5.75531   -0.564798E-04    0.400926E-04   -0.813307E-04
 5.77334   -0.561413E-04    0.399762E-04   -0.808140E-04
 5.79136   -0.558041E-04    0.398590E-04   -0.802986E-04
 5.80939   -0.554681E-04    0.397411E-04   -0.797846E-04
 5.82741   -0.551334E-04    0.396225E-04   -0.792719E-04
 5.84544   -0.548001E-04    0.395032E-04   -0.787606E-04
 5.86347   -0.544682E-04    0.393833E-04   -0.782507E-04
 5.88149   -0.541378E-04    0.392628E-04   -0.777424E-04
 5.89952   -0.538090E-04    0.391419E-04   -0.772356E-04
 5.91755   -0.534817E-04    0.390205E-04   -0.767303E-04
 5.93557   -0.531561E-04    0.388986E-04   -0.762266E-04
 5.95360   -0.528322E-04    0.387764E-04   -0.757246E-04
 5.97162   -0.525099E-04    0.386538E-04   -0.752243E-04
 5.98965   -0.521894E-04    0.385309E-04   -0.747257E-04
 6.00768   -0.518708E-04    0.384078E-04   -0.742288E-04
 6.02570   -0.515539E-04    0.382844E-04   -0.737336E-04
 6.04373   -0.512389E-04    0.381608E-04   -0.732403E-04
 6.06175   -0.509258E-04    0.380371E-04   -0.727489E-04
 6.07978   -0.506146E-04    0.379132E-04   -0.722592E-04
 6.09781   -0.503054E-04    0.377892E-04   -0.717715E-04
 6.11583   -0.499981E-04    0.376651E-04   -0.712857E-04
 6.13386   -0.496928E-04    0.375410E-04   -0.708019E-04
 6.15188   -0.493895E-04    0.374169E-04   -0.703200E-04
 6.16991   -0.490882E-04    0.372927E-04   -0.698401E-04
 6.18794   -0.487889E-04    0.371686E-04   -0.693623E-04
 6.20596   -0.484917E-04    0.370445E-04   -0.688864E-04
 6.22399   -0.481965E-04    0.369204E-04   -0.684127E-04
 6.24201   -0.479034E-04    0.367965E-04   -0.679410E-04
 6.26004   -0.476123E-04    0.366726E-04   -0.674714E-04
 6.27807   -0.473232E-04    0.365488E-04   -0.670039E-04
 6.29609   -0.470362E-04    0.364251E-04   -0.665385E-04
 6.31412   -0.467512E-04    0.363016E-04   -0.660752E-04
 6.33214   -0.464682E-04    0.361781E-04   -0.656140E-04
 6.35017   -0.461872E-04    0.360548E-04   -0.651550E-04
 6.36820   -0.459082E-04    0.359317E-04   -0.646982E-04
 6.38622   -0.456312E-04    0.358087E-04   -0.642435E-04
 6.40425   -0.453561E-04    0.356859E-04   -0.637909E-04
 6.42227   -0.450830E-04    0.355632E-04   -0.633405E-04
 6.44030   -0.448118E-04    0.354407E-04   -0.628922E-04
 6.45833   -0.445426E-04    0.353183E-04   -0.624461E-04
 6.47635   -0.442751E-04    0.351961E-04   -0.620022E-04
 6.49438   -0.440096E-04    0.350741E-04   -0.615604E-04
 6.51240   -0.437458E-04    0.349522E-04   -0.611207E-04
 6.53043   -0.434838E-04    0.348305E-04   -0.606832E-04
 6.54846   -0.432237E-04    0.347089E-04   -0.602478E-04
 6.56648   -0.429652E-04    0.345875E-04   -0.598145E-04
 6.58451   -0.427084E-04    0.344662E-04   -0.593834E-04
 6.60254   -0.424534E-04    0.343451E-04   -0.589544E-04
 6.62056   -0.421999E-04    0.342241E-04   -0.585275E-04
 6.63859   -0.419481E-04    0.341033E-04   -0.581027E-04
 6.65661   -0.416978E-04    0.339826E-04   -0.576800E-04
 6.67464   -0.414491E-04    0.338620E-04   -0.572594E-04
 6.69267   -0.412019E-04    0.337415E-04   -0.568408E-04
 6.71069   -0.409562E-04    0.336211E-04   -0.564244E-04
 6.72872   -0.407120E-04    0.335008E-04   -0.560100E-04
 6.74674   -0.404692E-04    0.333807E-04   -0.555976E-04
 6.76477   -0.402277E-04    0.332606E-04   -0.551873E-04
 6.78280   -0.399877E-04    0.331406E-04   -0.547790E-04
 6.80082   -0.397490E-04    0.330207E-04   -0.543728E-04
 6.81885   -0.395116E-04    0.329009E-04   -0.539686E-04
 6.83687   -0.392754E-04    0.327812E-04   -0.535664E-04
 6.85490   -0.390406E-04    0.326615E-04   -0.531662E-04
 6.87293   -0.388070E-04    0.325419E-04   -0.527680E-04
 6.89095   -0.385746E-04    0.324224E-04   -0.523718E-04
 6.90898   -0.383435E-04    0.323030E-04   -0.519775E-04
 6.92700   -0.381135E-04    0.321837E-04   -0.515853E-04
 6.94503   -0.378847E-04    0.320644E-04   -0.511950E-04
 6.96306   -0.376570E-04    0.319452E-04   -0.508067E-04
 6.98108   -0.374305E-04    0.318260E-04   -0.504204E-04
 6.99911   -0.372051E-04    0.317070E-04   -0.500360E-04
 7.01713   -0.369809E-04    0.315880E-04   -0.496536E-04
 7.03516   -0.367577E-04    0.314691E-04   -0.492731E-04
 7.05319   -0.365357E-04    0.313503E-04   -0.488946E-04
 7.07121   -0.363147E-04    0.312316E-04   -0.485180E-04
 7.08924   -0.360948E-04    0.311130E-04   -0.481434E-04
 7.10726   -0.358760E-04    0.309944E-04   -0.477707E-04
 7.12529   -0.356583E-04    0.308760E-04   -0.473999E-04
 7.14332   -0.354416E-04    0.307577E-04   -0.470311E-04
 7.16134   -0.352260E-04    0.306395E-04   -0.466642E-04
 7.17937   -0.350115E-04    0.305214E-04   -0.463019E-04
 7.19739   -0.347980E-04    0.304035E-04   -0.459388E-04
 7.21542   -0.345856E-04    0.302856E-04   -0.455777E-04
 7.23345   -0.343742E-04    0.301679E-04   -0.452184E-04
 7.25147   -0.341639E-04    0.300504E-04   -0.448611E-04
 7.26950   -0.339546E-04    0.299330E-04   -0.445057E-04
 7.28753   -0.337464E-04    0.298158E-04   -0.441523E-04
 7.30555   -0.335393E-04    0.296987E-04   -0.438007E-04
 7.32358   -0.333333E-04    0.295818E-04   -0.434485E-04
 7.34160   -0.331283E-04    0.294651E-04   -0.431008E-04
 7.35963   -0.329244E-04    0.293486E-04   -0.427549E-04
 7.37766   -0.327216E-04    0.292323E-04   -0.424110E-04
 7.39568   -0.325198E-04    0.291162E-04   -0.420691E-04
 7.41371   -0.323192E-04    0.290004E-04   -0.417290E-04
 7.43173   -0.321196E-04    0.288847E-04   -0.413909E-04
 7.44976   -0.319212E-04    0.287693E-04   -0.410546E-04
 7.46779   -0.317238E-04    0.286542E-04   -0.407202E-04
 7.48581   -0.315276E-04    0.285393E-04   -0.403878E-04
 7.50384   -0.313324E-04    0.284246E-04   -0.400573E-04
 7.52186   -0.311384E-04    0.283102E-04   -0.397286E-04
 7.53989   -0.309455E-04    0.281961E-04   -0.394019E-04
 7.55792   -0.307537E-04    0.280823E-04   -0.390771E-04
 7.57594   -0.305630E-04    0.279688E-04   -0.387541E-04
 7.59397   -0.303735E-04    0.278555E-04   -0.384331E-04
 7.61199   -0.301851E-04    0.277426E-04   -0.381139E-04
 7.63002   -0.299979E-04    0.276300E-04   -0.377967E-04
 7.64805   -0.298117E-04    0.275176E-04   -0.374813E-04
 7.66607   -0.296268E-04    0.274057E-04   -0.371678E-04
 7.68410   -0.294429E-04    0.272940E-04   -0.368562E-04
 7.70212   -0.292602E-04    0.271827E-04   -0.365465E-04
 7.72015   -0.290787E-04    0.270717E-04   -0.362386E-04
 7.73818   -0.288983E-04    0.269611E-04   -0.359326E-04
 7.75620   -0.287190E-04    0.268508E-04   -0.356285E-04
 7.77423   -0.285409E-04    0.267408E-04   -0.353263E-04
 7.79225   -0.283640E-04    0.266313E-04   -0.350259E-04
 7.81028   -0.281882E-04    0.265221E-04   -0.347274E-04
 7.82831   -0.280135E-04    0.264132E-04   -0.344307E-04
 7.84633   -0.278401E-04    0.263048E-04   -0.341358E-04
 7.86436   -0.276677E-04    0.261967E-04   -0.338433E-04
 7.88238   -0.274965E-04    0.260890E-04   -0.335517E-04
 7.90041   -0.273265E-04    0.259817E-04   -0.332624E-04
 7.91844   -0.271576E-04    0.258748E-04   -0.329749E-04
 7.93646   -0.269899E-04    0.257683E-04   -0.326893E-04
 7.95449   -0.268233E-04    0.256622E-04   -0.324054E-04
 7.97252   -0.266579E-04    0.255565E-04   -0.321234E-04
 7.99054   -0.264936E-04    0.254512E-04   -0.318432E-04
 8.00857   -0.263305E-04    0.253463E-04   -0.315647E-04
 8.02659   -0.261685E-04    0.252419E-04   -0.312881E-04
 8.04462   -0.260076E-04    0.251378E-04   -0.310133E-04
 8.06265   -0.258479E-04    0.250342E-04   -0.307403E-04
 8.08067   -0.256894E-04    0.249310E-04   -0.304690E-04
 8.09870   -0.255319E-04    0.248282E-04   -0.301995E-04
 8.11672   -0.253756E-04    0.247258E-04   -0.299318E-04
 8.13475   -0.252204E-04    0.246238E-04   -0.296659E-04
 8.15278   -0.250664E-04    0.245223E-04   -0.294017E-04
 8.17080   -0.249134E-04    0.244212E-04   -0.291392E-04
 8.18883   -0.247616E-04    0.243206E-04   -0.288785E-04
 8.20685   -0.246109E-04    0.242203E-04   -0.286195E-04
 8.22488   -0.244613E-04    0.241205E-04   -0.283623E-04
 8.24291   -0.243128E-04    0.240212E-04   -0.281067E-04
 8.26093   -0.241654E-04    0.239223E-04   -0.278529E-04
 8.27896   -0.240190E-04    0.238238E-04   -0.276008E-04
 8.29698   -0.238738E-04    0.237257E-04   -0.273504E-04
 8.31501   -0.237296E-04    0.236281E-04   -0.271017E-04
 8.33304   -0.235866E-04    0.235309E-04   -0.268548E-04
 8.35106   -0.234445E-04    0.234341E-04   -0.266093E-04
 8.36909   -0.233036E-04    0.233378E-04   -0.263656E-04
 8.38711   -0.231637E-04    0.232419E-04   -0.261235E-04
 8.40514   -0.230248E-04    0.231465E-04   -0.258832E-04
 8.42317   -0.228870E-04    0.230515E-04   -0.256444E-04
 8.44119   -0.227503E-04    0.229569E-04   -0.254073E-04
 8.45922   -0.226145E-04    0.228627E-04   -0.251719E-04
 8.47724   -0.224798E-04    0.227690E-04   -0.249380E-04
 8.49527   -0.223461E-04    0.226757E-04   -0.247058E-04
 8.51330   -0.222134E-04    0.225829E-04   -0.244752E-04
 8.53132   -0.220817E-04    0.224905E-04   -0.242461E-04
 8.54935   -0.219510E-04    0.223985E-04   -0.240187E-04
 8.56737   -0.218213E-04    0.223069E-04   -0.237928E-04
 8.58540   -0.216926E-04    0.222157E-04   -0.235685E-04
 8.60343   -0.215649E-04    0.221250E-04   -0.233458E-04
 8.62145   -0.214381E-04    0.220347E-04   -0.231246E-04
 8.63948   -0.213123E-04    0.219449E-04   -0.229050E-04
 8.65751   -0.211874E-04    0.218554E-04   -0.226869E-04
 8.67553   -0.210635E-04    0.217664E-04   -0.224703E-04
 8.69356   -0.209405E-04    0.216778E-04   -0.222553E-04
 8.71158   -0.208184E-04    0.215896E-04   -0.220417E-04
 8.72961   -0.206973E-04    0.215018E-04   -0.218297E-04
 8.74764   -0.205771E-04    0.214144E-04   -0.216191E-04
 8.76566   -0.204578E-04    0.213275E-04   -0.214101E-04
 8.78369   -0.203394E-04    0.212409E-04   -0.212025E-04
 8.80171   -0.202219E-04    0.211548E-04   -0.209964E-04
 8.81974   -0.201052E-04    0.210691E-04   -0.207918E-04
 8.83777   -0.199895E-04    0.209837E-04   -0.205886E-04
 8.85579   -0.198746E-04    0.208988E-04   -0.203868E-04
 8.87382   -0.197606E-04    0.208143E-04   -0.201865E-04
 8.89184   -0.196474E-04    0.207302E-04   -0.199876E-04
 8.90987   -0.195351E-04    0.206465E-04   -0.197901E-04
 8.92790   -0.194237E-04    0.205631E-04   -0.195941E-04
 8.94592   -0.193130E-04    0.204802E-04   -0.193994E-04
 8.96395   -0.192032E-04    0.203976E-04   -0.192062E-04
 8.98197   -0.190942E-04    0.203155E-04   -0.190143E-04
 9.00000   -0.189861E-04    0.202337E-04   -0.188238E-04
