 0.00500    0.234222E-01   -0.118688E-01    0.898762E-02
 0.01250    0.213324E-01   -0.108239E-01    0.820375E-02
 0.02000    0.198291E-01   -0.100723E-01    0.763984E-02
 0.02751    0.186238E-01   -0.946960E-02    0.718780E-02
 0.03501    0.176096E-01   -0.896236E-02    0.680722E-02
 0.04251    0.167305E-01   -0.852267E-02    0.647722E-02
 0.05001    0.159539E-01   -0.813417E-02    0.618558E-02
 0.05751    0.152575E-01   -0.778584E-02    0.592406E-02
 0.06502    0.146266E-01   -0.747019E-02    0.568702E-02
 0.07252    0.140501E-01   -0.718176E-02    0.547036E-02
 0.08002    0.135197E-01   -0.691631E-02    0.527091E-02
 0.08752    0.130288E-01   -0.667066E-02    0.508629E-02
 0.09503    0.125725E-01   -0.644226E-02    0.491457E-02
 0.10253    0.121464E-01   -0.622896E-02    0.475419E-02
 0.11003    0.117471E-01   -0.602906E-02    0.460382E-02
 0.11753    0.113718E-01   -0.584114E-02    0.446243E-02
 0.12503    0.110181E-01   -0.566398E-02    0.432909E-02
 0.13254    0.106839E-01   -0.549657E-02    0.420304E-02
 0.14004    0.103673E-01   -0.533800E-02    0.408361E-02
 0.14754    0.100670E-01   -0.518752E-02    0.397023E-02
 0.15504    0.978153E-02   -0.504445E-02    0.386240E-02
 0.16254    0.950970E-02   -0.490820E-02    0.375967E-02
 0.17005    0.925049E-02   -0.477825E-02    0.366165E-02
 0.17755    0.900298E-02   -0.465415E-02    0.356799E-02
 0.18505    0.876632E-02   -0.453546E-02    0.347839E-02
 0.19255    0.853975E-02   -0.442182E-02    0.339257E-02
 0.20005    0.832262E-02   -0.431288E-02    0.331027E-02
 0.20756    0.811430E-02   -0.420834E-02    0.323126E-02
 0.21506    0.791426E-02   -0.410794E-02    0.315534E-02
 0.22256    0.772199E-02   -0.401142E-02    0.308232E-02
 0.23006    0.753703E-02   -0.391854E-02    0.301203E-02
 0.23756    0.735897E-02   -0.382911E-02    0.294431E-02
 0.24507    0.718740E-02   -0.374292E-02    0.287902E-02
 0.25257    0.702199E-02   -0.365981E-02    0.281603E-02
 0.26007    0.686239E-02   -0.357959E-02    0.275520E-02
 0.26757    0.670830E-02   -0.350213E-02    0.269644E-02
 0.27508    0.655945E-02   -0.342729E-02    0.263963E-02
 0.28258    0.641558E-02   -0.335492E-02    0.258468E-02
 0.29008    0.627643E-02   -0.328492E-02    0.253149E-02
 0.29758    0.614179E-02   -0.321716E-02    0.247998E-02
 0.30508    0.601144E-02   -0.315155E-02    0.243008E-02
 0.31259    0.588517E-02   -0.308797E-02    0.238170E-02
 0.32009    0.576281E-02   -0.302635E-02    0.233478E-02
 0.32759    0.564418E-02   -0.296659E-02    0.228925E-02
 0.33509    0.552912E-02   -0.290861E-02    0.224506E-02
 0.34259    0.541748E-02   -0.285233E-02    0.220214E-02
 0.35010    0.530911E-02   -0.279769E-02    0.216044E-02
 0.35760    0.520388E-02   -0.274462E-02    0.211992E-02
 0.36510    0.510165E-02   -0.269305E-02    0.208052E-02
 0.37260    0.500231E-02   -0.264291E-02    0.204219E-02
 0.38010    0.490574E-02   -0.259416E-02    0.200491E-02
 0.38761    0.481183E-02   -0.254675E-02    0.196862E-02
 0.39511    0.472049E-02   -0.250060E-02    0.193328E-02
 0.40261    0.463160E-02   -0.245569E-02    0.189887E-02
 0.41011    0.454508E-02   -0.241196E-02    0.186534E-02
 0.41761    0.446085E-02   -0.236937E-02    0.183266E-02
 0.42512    0.437881E-02   -0.232788E-02    0.180081E-02
 0.43262    0.429888E-02   -0.228744E-02    0.176975E-02
 0.44012    0.422100E-02   -0.224802E-02    0.173945E-02
 0.44762    0.414509E-02   -0.220959E-02    0.170989E-02
 0.45513    0.407109E-02   -0.217211E-02    0.168104E-02
 0.46263    0.399891E-02   -0.213554E-02    0.165288E-02
 0.47013    0.392851E-02   -0.209986E-02    0.162538E-02
 0.47763    0.385983E-02   -0.206504E-02    0.159853E-02
 0.48513    0.379280E-02   -0.203104E-02    0.157229E-02
 0.49264    0.372737E-02   -0.199784E-02    0.154666E-02
 0.50014    0.366350E-02   -0.196542E-02    0.152161E-02
 0.50764    0.360112E-02   -0.193375E-02    0.149712E-02
 0.51514    0.354020E-02   -0.190280E-02    0.147317E-02
 0.52264    0.348068E-02   -0.187256E-02    0.144975E-02
 0.53015    0.342252E-02   -0.184299E-02    0.142685E-02
 0.53765    0.336568E-02   -0.181409E-02    0.140444E-02
 0.54515    0.331013E-02   -0.178582E-02    0.138251E-02
 0.55265    0.325581E-02   -0.175818E-02    0.136104E-02
 0.56015    0.320269E-02   -0.173113E-02    0.134003E-02
 0.56766    0.315075E-02   -0.170467E-02    0.131945E-02
 0.57516    0.309993E-02   -0.167877E-02    0.129930E-02
 0.58266    0.305021E-02   -0.165343E-02    0.127957E-02
 0.59016    0.300156E-02   -0.162862E-02    0.126023E-02
 0.59766    0.295395E-02   -0.160432E-02    0.124129E-02
 0.60517    0.290734E-02   -0.158053E-02    0.122273E-02
 0.61267    0.286171E-02   -0.155723E-02    0.120453E-02
 0.62017    0.281703E-02   -0.153440E-02    0.118669E-02
 0.62767    0.277328E-02   -0.151204E-02    0.116920E-02
 0.63518    0.273042E-02   -0.149013E-02    0.115205E-02
 0.64268    0.268844E-02   -0.146865E-02    0.113523E-02
 0.65018    0.264731E-02   -0.144760E-02    0.111873E-02
 0.65768    0.260701E-02   -0.142696E-02    0.110254E-02
 0.66518    0.256751E-02   -0.140673E-02    0.108666E-02
 0.67269    0.252879E-02   -0.138688E-02    0.107107E-02
 0.68019    0.249084E-02   -0.136742E-02    0.105577E-02
 0.68769    0.245363E-02   -0.134834E-02    0.104076E-02
 0.69519    0.241715E-02   -0.132961E-02    0.102601E-02
 0.70269    0.238136E-02   -0.131124E-02    0.101153E-02
 0.71020    0.234627E-02   -0.129321E-02    0.997319E-03
 0.71770    0.231185E-02   -0.127552E-02    0.983356E-03
 0.72520    0.227808E-02   -0.125815E-02    0.969642E-03
 0.73270    0.224495E-02   -0.124111E-02    0.956168E-03
 0.74020    0.221243E-02   -0.122437E-02    0.942931E-03
 0.74771    0.218053E-02   -0.120794E-02    0.929924E-03
 0.75521    0.214921E-02   -0.119180E-02    0.917141E-03
 0.76271    0.211847E-02   -0.117595E-02    0.904577E-03
 0.77021    0.208829E-02   -0.116039E-02    0.892227E-03
 0.77771    0.205866E-02   -0.114510E-02    0.880087E-03
 0.78522    0.202957E-02   -0.113008E-02    0.868150E-03
 0.79272    0.200100E-02   -0.111532E-02    0.856412E-03
 0.80022    0.197294E-02   -0.110082E-02    0.844870E-03
 0.80772    0.194538E-02   -0.108656E-02    0.833518E-03
 0.81523    0.191831E-02   -0.107256E-02    0.822351E-03
 0.82273    0.189171E-02   -0.105879E-02    0.811367E-03
 0.83023    0.186558E-02   -0.104525E-02    0.800560E-03
 0.83773    0.183990E-02   -0.103194E-02    0.790064E-03
 0.84523    0.181466E-02   -0.101886E-02    0.779465E-03
 0.85274    0.178986E-02   -0.100599E-02    0.769169E-03
 0.86024    0.176549E-02   -0.993341E-03    0.759036E-03
 0.86774    0.174153E-02   -0.980897E-03    0.749062E-03
 0.87524    0.171797E-02   -0.968656E-03    0.739244E-03
 0.88274    0.169481E-02   -0.956615E-03    0.729578E-03
 0.89025    0.167204E-02   -0.944770E-03    0.720062E-03
 0.89775    0.164966E-02   -0.933115E-03    0.710691E-03
 0.90525    0.162764E-02   -0.921647E-03    0.701465E-03
 0.91275    0.160598E-02   -0.910362E-03    0.692378E-03
 0.92025    0.158469E-02   -0.899257E-03    0.683428E-03
 0.92776    0.156374E-02   -0.888327E-03    0.674613E-03
 0.93526    0.154313E-02   -0.877568E-03    0.665930E-03
 0.94276    0.152286E-02   -0.866978E-03    0.657376E-03
 0.95026    0.150291E-02   -0.856553E-03    0.648948E-03
 0.95776    0.148328E-02   -0.846289E-03    0.640645E-03
 0.96527    0.146397E-02   -0.836183E-03    0.632463E-03
 0.97277    0.144497E-02   -0.826232E-03    0.624400E-03
 0.98027    0.142626E-02   -0.816432E-03    0.616454E-03
 0.98777    0.140785E-02   -0.806782E-03    0.608623E-03
 0.99528    0.138973E-02   -0.797277E-03    0.600904E-03
 1.00278    0.137190E-02   -0.787915E-03    0.593295E-03
 1.01028    0.135434E-02   -0.778693E-03    0.585795E-03
 1.01778    0.133705E-02   -0.769609E-03    0.578400E-03
 1.02528    0.132003E-02   -0.760659E-03    0.571110E-03
 1.03279    0.130328E-02   -0.751841E-03    0.563922E-03
 1.04029    0.128678E-02   -0.743153E-03    0.556833E-03
 1.04779    0.127053E-02   -0.734592E-03    0.549844E-03
 1.05529    0.125452E-02   -0.726155E-03    0.542951E-03
 1.06279    0.123876E-02   -0.717841E-03    0.536152E-03
 1.07030    0.122324E-02   -0.709646E-03    0.529447E-03
 1.07780    0.120795E-02   -0.701570E-03    0.522833E-03
 1.08530    0.119289E-02   -0.693609E-03    0.516309E-03
 1.09280    0.117805E-02   -0.685761E-03    0.509873E-03
 1.10030    0.116343E-02   -0.678024E-03    0.503524E-03
 1.10781    0.114903E-02   -0.670397E-03    0.497259E-03
 1.11531    0.113484E-02   -0.662877E-03    0.491079E-03
 1.12281    0.112086E-02   -0.655462E-03    0.484980E-03
 1.13031    0.110708E-02   -0.648151E-03    0.478962E-03
 1.13781    0.109350E-02   -0.640941E-03    0.473023E-03
 1.14532    0.108012E-02   -0.633831E-03    0.467162E-03
 1.15282    0.106694E-02   -0.626819E-03    0.461378E-03
 1.16032    0.105394E-02   -0.619903E-03    0.455669E-03
 1.16782    0.104113E-02   -0.613082E-03    0.450034E-03
 1.17533    0.102850E-02   -0.606354E-03    0.444471E-03
 1.18283    0.101605E-02   -0.599717E-03    0.438981E-03
 1.19033    0.100378E-02   -0.593170E-03    0.433560E-03
 1.19783    0.991685E-03   -0.586710E-03    0.428209E-03
 1.20533    0.979759E-03   -0.580338E-03    0.422926E-03
 1.21284    0.967999E-03   -0.574050E-03    0.417710E-03
 1.22034    0.956405E-03   -0.567847E-03    0.412560E-03
 1.22784    0.944972E-03   -0.561725E-03    0.407474E-03
 1.23534    0.933699E-03   -0.555685E-03    0.402452E-03
 1.24284    0.922581E-03   -0.549724E-03    0.397493E-03
 1.25035    0.911618E-03   -0.543841E-03    0.392596E-03
 1.25785    0.900805E-03   -0.538035E-03    0.387759E-03
 1.26535    0.890141E-03   -0.532304E-03    0.382982E-03
 1.27285    0.879622E-03   -0.526648E-03    0.378264E-03
 1.28035    0.869248E-03   -0.521065E-03    0.373604E-03
 1.28786    0.859014E-03   -0.515554E-03    0.369000E-03
 1.29536    0.848919E-03   -0.510113E-03    0.364453E-03
 1.30286    0.838961E-03   -0.504743E-03    0.359961E-03
 1.31036    0.829137E-03   -0.499440E-03    0.355523E-03
 1.31786    0.819445E-03   -0.494205E-03    0.351140E-03
 1.32537    0.809883E-03   -0.489037E-03    0.346808E-03
 1.33287    0.800449E-03   -0.483933E-03    0.342529E-03
 1.34037    0.791140E-03   -0.478894E-03    0.338301E-03
 1.34787    0.781955E-03   -0.473918E-03    0.334123E-03
 1.35538    0.772892E-03   -0.469005E-03    0.329995E-03
 1.36288    0.763949E-03   -0.464152E-03    0.325916E-03
 1.37038    0.755124E-03   -0.459360E-03    0.321885E-03
 1.37788    0.746414E-03   -0.454627E-03    0.317901E-03
 1.38538    0.737816E-03   -0.449953E-03    0.313964E-03
 1.39289    0.729336E-03   -0.445336E-03    0.310074E-03
 1.40039    0.720963E-03   -0.440775E-03    0.306228E-03
 1.40789    0.712700E-03   -0.436271E-03    0.302428E-03
 1.41539    0.704543E-03   -0.431821E-03    0.298672E-03
 1.42289    0.696492E-03   -0.427426E-03    0.294959E-03
 1.43040    0.688545E-03   -0.423084E-03    0.291289E-03
 1.43790    0.680700E-03   -0.418794E-03    0.287661E-03
 1.44540    0.672956E-03   -0.414556E-03    0.284075E-03
 1.45290    0.665311E-03   -0.410368E-03    0.280530E-03
 1.46040    0.657763E-03   -0.406231E-03    0.277026E-03
 1.46791    0.650312E-03   -0.402144E-03    0.273560E-03
 1.47541    0.642955E-03   -0.398104E-03    0.270136E-03
 1.48291    0.635691E-03   -0.394113E-03    0.266749E-03
 1.49041    0.628520E-03   -0.390169E-03    0.263401E-03
 1.49791    0.621439E-03   -0.386272E-03    0.260091E-03
 1.50542    0.614446E-03   -0.382421E-03    0.256818E-03
 1.51292    0.607542E-03   -0.378614E-03    0.253582E-03
 1.52042    0.600724E-03   -0.374853E-03    0.250382E-03
 1.52792    0.593991E-03   -0.371135E-03    0.247217E-03
 1.53543    0.587339E-03   -0.367460E-03    0.244088E-03
 1.54293    0.580776E-03   -0.363828E-03    0.240994E-03
 1.55043    0.574291E-03   -0.360238E-03    0.237934E-03
 1.55793    0.567887E-03   -0.356690E-03    0.234908E-03
 1.56543    0.561561E-03   -0.353182E-03    0.231915E-03
 1.57294    0.555314E-03   -0.349715E-03    0.228955E-03
 1.58044    0.549143E-03   -0.346287E-03    0.226028E-03
 1.58794    0.543048E-03   -0.342899E-03    0.223133E-03
 1.59544    0.537028E-03   -0.339549E-03    0.220269E-03
 1.60294    0.531081E-03   -0.336237E-03    0.217437E-03
 1.61045    0.525207E-03   -0.332963E-03    0.214636E-03
 1.61795    0.519405E-03   -0.329726E-03    0.211865E-03
 1.62545    0.513672E-03   -0.326525E-03    0.209125E-03
 1.63295    0.508010E-03   -0.323361E-03    0.206414E-03
 1.64045    0.502415E-03   -0.320232E-03    0.203732E-03
 1.64796    0.496888E-03   -0.317138E-03    0.201082E-03
 1.65546    0.491428E-03   -0.314078E-03    0.198458E-03
 1.66296    0.486034E-03   -0.311053E-03    0.195862E-03
 1.67046    0.480704E-03   -0.308061E-03    0.193294E-03
 1.67796    0.475438E-03   -0.305103E-03    0.190753E-03
 1.68547    0.470236E-03   -0.302177E-03    0.188240E-03
 1.69297    0.465095E-03   -0.299284E-03    0.185753E-03
 1.70047    0.460015E-03   -0.296422E-03    0.183293E-03
 1.70797    0.454996E-03   -0.293592E-03    0.180859E-03
 1.71548    0.450037E-03   -0.290793E-03    0.178451E-03
 1.72298    0.445136E-03   -0.288025E-03    0.176069E-03
 1.73048    0.440294E-03   -0.285287E-03    0.173712E-03
 1.73798    0.435508E-03   -0.282579E-03    0.171380E-03
 1.74548    0.430779E-03   -0.279901E-03    0.169072E-03
 1.75299    0.426106E-03   -0.277251E-03    0.166789E-03
 1.76049    0.421488E-03   -0.274630E-03    0.164530E-03
 1.76799    0.416923E-03   -0.272038E-03    0.162294E-03
 1.77549    0.412413E-03   -0.269473E-03    0.160082E-03
 1.78299    0.407955E-03   -0.266936E-03    0.157893E-03
 1.79050    0.403549E-03   -0.264426E-03    0.155727E-03
 1.79800    0.399195E-03   -0.261944E-03    0.153584E-03
 1.80550    0.394891E-03   -0.259487E-03    0.151462E-03
 1.81300    0.390638E-03   -0.257058E-03    0.149363E-03
 1.82050    0.386434E-03   -0.254654E-03    0.147286E-03
 1.82801    0.382279E-03   -0.252275E-03    0.145231E-03
 1.83551    0.378171E-03   -0.249922E-03    0.143197E-03
 1.84301    0.374112E-03   -0.247594E-03    0.141184E-03
 1.85051    0.370100E-03   -0.245317E-03    0.139193E-03
 1.85802    0.366134E-03   -0.243012E-03    0.137221E-03
 1.86552    0.362213E-03   -0.240756E-03    0.135271E-03
 1.87302    0.358338E-03   -0.238525E-03    0.133340E-03
 1.88052    0.354508E-03   -0.236318E-03    0.131430E-03
 1.88802    0.350721E-03   -0.234133E-03    0.129539E-03
 1.89553    0.346978E-03   -0.231972E-03    0.127668E-03
 1.90303    0.343278E-03   -0.229833E-03    0.125816E-03
 1.91053    0.339621E-03   -0.227716E-03    0.123983E-03
 1.91803    0.336005E-03   -0.225622E-03    0.122169E-03
 1.92553    0.332431E-03   -0.223550E-03    0.120374E-03
 1.93304    0.328898E-03   -0.221499E-03    0.118597E-03
 1.94054    0.325406E-03   -0.219469E-03    0.116838E-03
 1.94804    0.321953E-03   -0.217461E-03    0.115098E-03
 1.95554    0.318540E-03   -0.215474E-03    0.113375E-03
 1.96304    0.315166E-03   -0.213507E-03    0.111671E-03
 1.97055    0.311830E-03   -0.211560E-03    0.109983E-03
 1.97805    0.308531E-03   -0.209634E-03    0.108313E-03
 1.98555    0.305272E-03   -0.207728E-03    0.106661E-03
 1.99305    0.302050E-03   -0.205841E-03    0.105025E-03
 2.00055    0.298864E-03   -0.203974E-03    0.103406E-03
 2.00806    0.295714E-03   -0.202126E-03    0.101804E-03
 2.01556    0.292600E-03   -0.200298E-03    0.100218E-03
 2.02306    0.289522E-03   -0.198488E-03    0.986483E-04
 2.03056    0.286479E-03   -0.196697E-03    0.970948E-04
 2.03807    0.283470E-03   -0.194924E-03    0.955572E-04
 2.04557    0.280496E-03   -0.193170E-03    0.940355E-04
 2.05307    0.277556E-03   -0.191433E-03    0.925295E-04
 2.06057    0.274649E-03   -0.189715E-03    0.910389E-04
 2.06807    0.271776E-03   -0.188014E-03    0.895637E-04
 2.07558    0.268935E-03   -0.186331E-03    0.881037E-04
 2.08308    0.266127E-03   -0.184665E-03    0.866587E-04
 2.09058    0.263351E-03   -0.183016E-03    0.852287E-04
 2.09808    0.260607E-03   -0.181384E-03    0.838134E-04
 2.10558    0.257894E-03   -0.179769E-03    0.824127E-04
 2.11309    0.255213E-03   -0.178171E-03    0.810265E-04
 2.12059    0.252562E-03   -0.176589E-03    0.796548E-04
 2.12809    0.249941E-03   -0.175023E-03    0.782972E-04
 2.13559    0.247351E-03   -0.173474E-03    0.769537E-04
 2.14309    0.244791E-03   -0.171940E-03    0.756242E-04
 2.15060    0.242260E-03   -0.170423E-03    0.743085E-04
 2.15810    0.239759E-03   -0.168921E-03    0.730065E-04
 2.16560    0.237286E-03   -0.167434E-03    0.717182E-04
 2.17310    0.234843E-03   -0.165963E-03    0.704434E-04
 2.18060    0.232427E-03   -0.164508E-03    0.691819E-04
 2.18811    0.230040E-03   -0.163067E-03    0.679331E-04
 2.19561    0.227681E-03   -0.161642E-03    0.666986E-04
 2.20311    0.225350E-03   -0.160231E-03    0.654766E-04
 2.21061    0.223046E-03   -0.158835E-03    0.642675E-04
 2.21812    0.220769E-03   -0.157453E-03    0.630711E-04
 2.22562    0.218519E-03   -0.156086E-03    0.618875E-04
 2.23312    0.216296E-03   -0.154734E-03    0.607165E-04
 2.24062    0.214099E-03   -0.153395E-03    0.595580E-04
 2.24812    0.211929E-03   -0.152071E-03    0.584119E-04
 2.25563    0.209784E-03   -0.150760E-03    0.572781E-04
 2.26313    0.207665E-03   -0.149464E-03    0.561566E-04
 2.27063    0.205572E-03   -0.148181E-03    0.550472E-04
 2.27813    0.203504E-03   -0.146912E-03    0.539498E-04
 2.28563    0.201462E-03   -0.145657E-03    0.528644E-04
 2.29314    0.199444E-03   -0.144415E-03    0.517908E-04
 2.30064    0.197451E-03   -0.143186E-03    0.507290E-04
 2.30814    0.195483E-03   -0.141971E-03    0.496789E-04
 2.31564    0.193539E-03   -0.140769E-03    0.486404E-04
 2.32314    0.191620E-03   -0.139579E-03    0.476135E-04
 2.33065    0.189724E-03   -0.138403E-03    0.465980E-04
 2.33815    0.187853E-03   -0.137240E-03    0.455938E-04
 2.34565    0.186005E-03   -0.136089E-03    0.446009E-04
 2.35315    0.184180E-03   -0.134954E-03    0.436193E-04
 2.36065    0.182379E-03   -0.133828E-03    0.426487E-04
 2.36816    0.180601E-03   -0.132716E-03    0.416893E-04
 2.37566    0.178845E-03   -0.131615E-03    0.407408E-04
 2.38316    0.177113E-03   -0.130527E-03    0.398032E-04
 2.39066    0.175403E-03   -0.129452E-03    0.388765E-04
 2.39817    0.173716E-03   -0.128388E-03    0.379605E-04
 2.40567    0.172052E-03   -0.127337E-03    0.370553E-04
 2.41317    0.170409E-03   -0.126298E-03    0.361607E-04
 2.42067    0.168789E-03   -0.125270E-03    0.352766E-04
 2.42817    0.167191E-03   -0.124255E-03    0.344031E-04
 2.43568    0.165614E-03   -0.123251E-03    0.335400E-04
 2.44318    0.164060E-03   -0.122260E-03    0.326873E-04
 2.45068    0.162527E-03   -0.121279E-03    0.318448E-04
 2.45818    0.161015E-03   -0.120311E-03    0.310126E-04
 2.46568    0.159525E-03   -0.119354E-03    0.301907E-04
 2.47319    0.158056E-03   -0.118408E-03    0.293787E-04
 2.48069    0.156608E-03   -0.117474E-03    0.285770E-04
 2.48819    0.155180E-03   -0.116551E-03    0.277851E-04
 2.49569    0.153774E-03   -0.115640E-03    0.270032E-04
 2.50319    0.152388E-03   -0.114739E-03    0.262311E-04
 2.51070    0.151023E-03   -0.113850E-03    0.254688E-04
 2.51820    0.149678E-03   -0.112972E-03    0.247164E-04
 2.52570    0.148353E-03   -0.112104E-03    0.239736E-04
 2.53320    0.147049E-03   -0.111248E-03    0.232405E-04
 2.54070    0.145764E-03   -0.110402E-03    0.225167E-04
 2.54821    0.144499E-03   -0.109567E-03    0.218026E-04
 2.55571    0.143254E-03   -0.108743E-03    0.210978E-04
 2.56321    0.142028E-03   -0.107930E-03    0.204025E-04
 2.57071    0.140822E-03   -0.107127E-03    0.197163E-04
 2.57822    0.139635E-03   -0.106334E-03    0.190394E-04
 2.58572    0.138467E-03   -0.105552E-03    0.183716E-04
 2.59322    0.137318E-03   -0.104780E-03    0.177129E-04
 2.60072    0.136188E-03   -0.104016E-03    0.170633E-04
 2.60822    0.135077E-03   -0.103265E-03    0.164225E-04
 2.61573    0.133983E-03   -0.102523E-03    0.157906E-04
 2.62323    0.132909E-03   -0.101791E-03    0.151673E-04
 2.63073    0.131852E-03   -0.101070E-03    0.145529E-04
 2.63823    0.130814E-03   -0.100358E-03    0.139474E-04
 2.64573    0.129793E-03   -0.996554E-04    0.133500E-04
 2.65324    0.128790E-03   -0.989626E-04    0.127615E-04
 2.66074    0.127804E-03   -0.982794E-04    0.121812E-04
 2.66824    0.126836E-03   -0.976056E-04    0.116090E-04
 2.67574    0.125884E-03   -0.969411E-04    0.110453E-04
 2.68324    0.124950E-03   -0.962857E-04    0.104897E-04
 2.69075    0.124032E-03   -0.956395E-04    0.994213E-05
 2.69825    0.123131E-03   -0.950023E-04    0.940256E-05
 2.70575    0.122246E-03   -0.943740E-04    0.887085E-05
 2.71325    0.121377E-03   -0.937542E-04    0.834692E-05
 2.72075    0.120524E-03   -0.931435E-04    0.783068E-05
 2.72826    0.119687E-03   -0.925410E-04    0.732199E-05
 2.73576    0.118865E-03   -0.919470E-04    0.682079E-05
 2.74326    0.118058E-03   -0.913613E-04    0.632695E-05
 2.75076    0.117265E-03   -0.907837E-04    0.584037E-05
 2.75827    0.116488E-03   -0.902141E-04    0.536096E-05
 2.76577    0.115724E-03   -0.896524E-04    0.488860E-05
 2.77327    0.114975E-03   -0.890985E-04    0.442318E-05
 2.78077    0.114240E-03   -0.885520E-04    0.396453E-05
 2.78827    0.113517E-03   -0.880129E-04    0.351258E-05
 2.79578    0.112809E-03   -0.874814E-04    0.306719E-05
 2.80328    0.112113E-03   -0.869569E-04    0.262824E-05
 2.81078    0.111430E-03   -0.864394E-04    0.219561E-05
 2.81828    0.110759E-03   -0.859289E-04    0.176919E-05
 2.82578    0.110100E-03   -0.854247E-04    0.134879E-05
 2.83329    0.109452E-03   -0.849271E-04    0.934289E-06
 2.84079    0.108816E-03   -0.844359E-04    0.525596E-06
 2.84829    0.108191E-03   -0.839508E-04    0.122522E-06
 2.85579    0.107577E-03   -0.834717E-04   -0.275064E-06
 2.86329    0.106972E-03   -0.829984E-04   -0.667263E-06
 2.87080    0.106378E-03   -0.825306E-04   -0.105427E-05
 2.87830    0.105793E-03   -0.820684E-04   -0.143624E-05
 2.88580    0.105218E-03   -0.816113E-04   -0.181331E-05
 2.89330    0.104651E-03   -0.811593E-04   -0.218562E-05
 2.90080    0.104093E-03   -0.807121E-04   -0.255335E-05
 2.90831    0.103542E-03   -0.802695E-04   -0.291665E-05
 2.91581    0.102999E-03   -0.798313E-04   -0.327569E-05
 2.92331    0.102464E-03   -0.793974E-04   -0.363061E-05
 2.93081    0.101935E-03   -0.789676E-04   -0.398160E-05
 2.93832    0.101413E-03   -0.785415E-04   -0.432883E-05
 2.94582    0.100896E-03   -0.781190E-04   -0.467242E-05
 2.95332    0.100385E-03   -0.776998E-04   -0.501262E-05
 2.96082    0.998797E-04   -0.772842E-04   -0.534950E-05
 2.96832    0.993788E-04   -0.768713E-04   -0.568332E-05
 2.97583    0.988819E-04   -0.764609E-04   -0.601422E-05
 2.98333    0.983891E-04   -0.760532E-04   -0.634236E-05
 2.99083    0.978992E-04   -0.756478E-04   -0.666796E-05
 2.99833    0.974127E-04   -0.752445E-04   -0.699110E-05
 3.00583    0.969288E-04   -0.748430E-04   -0.731204E-05
 3.01334    0.964470E-04   -0.744431E-04   -0.763092E-05
 3.02084    0.959670E-04   -0.740447E-04   -0.794792E-05
 3.02834    0.954883E-04   -0.736474E-04   -0.826327E-05
 3.03584    0.950102E-04   -0.732511E-04   -0.857708E-05
 3.04334    0.945324E-04   -0.728555E-04   -0.888952E-05
 3.05085    0.940541E-04   -0.724605E-04   -0.920085E-05
 3.05835    0.935761E-04   -0.720657E-04   -0.951118E-05
 3.06585    0.930963E-04   -0.716710E-04   -0.982064E-05
 3.07335    0.926156E-04   -0.712762E-04   -0.101295E-04
 3.08085    0.921329E-04   -0.708809E-04   -0.104385E-04
 3.08836    0.916481E-04   -0.704850E-04   -0.107459E-04
 3.09586    0.911610E-04   -0.700883E-04   -0.110538E-04
 3.10336    0.906704E-04   -0.696907E-04   -0.113621E-04
 3.11086    0.901762E-04   -0.692918E-04   -0.116699E-04
 3.11837    0.896782E-04   -0.688914E-04   -0.119785E-04
 3.12587    0.891754E-04   -0.684895E-04   -0.122875E-04
 3.13337    0.886684E-04   -0.680856E-04   -0.125972E-04
 3.14087    0.881559E-04   -0.676798E-04   -0.129078E-04
 3.14837    0.876382E-04   -0.672717E-04   -0.132194E-04
 3.15588    0.871146E-04   -0.668612E-04   -0.135322E-04
 3.16338    0.865847E-04   -0.664482E-04   -0.138460E-04
 3.17088    0.860484E-04   -0.660322E-04   -0.141614E-04
 3.17838    0.855049E-04   -0.656134E-04   -0.144782E-04
 3.18588    0.849549E-04   -0.651916E-04   -0.147969E-04
 3.19339    0.843961E-04   -0.647660E-04   -0.151174E-04
 3.20089    0.838300E-04   -0.643371E-04   -0.154399E-04
 3.20839    0.832556E-04   -0.639049E-04   -0.157645E-04
 3.21589    0.826725E-04   -0.634685E-04   -0.160917E-04
 3.22339    0.820811E-04   -0.630284E-04   -0.164205E-04
 3.23090    0.814799E-04   -0.625844E-04   -0.167518E-04
 3.23840    0.808696E-04   -0.621360E-04   -0.170859E-04
 3.24590    0.802499E-04   -0.616833E-04   -0.174231E-04
 3.25340    0.796201E-04   -0.612259E-04   -0.177624E-04
 3.26090    0.789803E-04   -0.607642E-04   -0.181043E-04
 3.26841    0.783302E-04   -0.602978E-04   -0.184494E-04
 3.27591    0.776697E-04   -0.598267E-04   -0.187978E-04
 3.28341    0.769984E-04   -0.593506E-04   -0.191489E-04
 3.29091    0.763163E-04   -0.588696E-04   -0.195033E-04
 3.29842    0.756233E-04   -0.583835E-04   -0.198611E-04
 3.30592    0.749192E-04   -0.578924E-04   -0.202217E-04
 3.31342    0.742037E-04   -0.573961E-04   -0.205859E-04
 3.32092    0.734769E-04   -0.568946E-04   -0.209534E-04
 3.32842    0.727387E-04   -0.563878E-04   -0.213244E-04
 3.33593    0.719889E-04   -0.558757E-04   -0.216988E-04
 3.34343    0.712275E-04   -0.553583E-04   -0.220767E-04
 3.35093    0.704545E-04   -0.548351E-04   -0.224583E-04
 3.35843    0.696697E-04   -0.543068E-04   -0.228429E-04
 3.36593    0.688731E-04   -0.537735E-04   -0.232313E-04
 3.37344    0.680648E-04   -0.532344E-04   -0.236234E-04
 3.38094    0.672449E-04   -0.526896E-04   -0.240188E-04
 3.38844    0.664136E-04   -0.521398E-04   -0.244180E-04
 3.39594    0.655703E-04   -0.515846E-04   -0.248205E-04
 3.40344    0.647149E-04   -0.510239E-04   -0.252266E-04
 3.41095    0.638484E-04   -0.504578E-04   -0.256364E-04
 3.41845    0.629705E-04   -0.498864E-04   -0.260492E-04
 3.42595    0.620811E-04   -0.493098E-04   -0.264658E-04
 3.43345    0.611803E-04   -0.487278E-04   -0.268860E-04
 3.44095    0.602684E-04   -0.481410E-04   -0.273090E-04
 3.44846    0.593454E-04   -0.475489E-04   -0.277358E-04
 3.45596    0.584115E-04   -0.469518E-04   -0.281654E-04
 3.46346    0.574667E-04   -0.463498E-04   -0.285988E-04
 3.47096    0.565117E-04   -0.457430E-04   -0.290351E-04
 3.47847    0.555459E-04   -0.451314E-04   -0.294744E-04
 3.48597    0.545706E-04   -0.445152E-04   -0.299167E-04
 3.49347    0.535849E-04   -0.438944E-04   -0.303618E-04
 3.50097    0.525895E-04   -0.432692E-04   -0.308101E-04
 3.50847    0.515846E-04   -0.426396E-04   -0.312608E-04
 3.51598    0.505704E-04   -0.420058E-04   -0.317144E-04
 3.52348    0.495472E-04   -0.413679E-04   -0.321705E-04
 3.53098    0.485153E-04   -0.407261E-04   -0.326292E-04
 3.53848    0.474749E-04   -0.400805E-04   -0.330903E-04
 3.54598    0.464262E-04   -0.394312E-04   -0.335536E-04
 3.55349    0.453696E-04   -0.387783E-04   -0.340192E-04
 3.56099    0.443055E-04   -0.381221E-04   -0.344866E-04
 3.56849    0.432340E-04   -0.374627E-04   -0.349563E-04
 3.57599    0.421552E-04   -0.368002E-04   -0.354277E-04
 3.58349    0.410703E-04   -0.361347E-04   -0.359008E-04
 3.59100    0.399788E-04   -0.354665E-04   -0.363757E-04
 3.59850    0.388813E-04   -0.347958E-04   -0.368519E-04
 3.60600    0.377780E-04   -0.341226E-04   -0.373293E-04
 3.61350    0.366694E-04   -0.334472E-04   -0.378082E-04
 3.62101    0.355558E-04   -0.327697E-04   -0.382882E-04
 3.62851    0.344375E-04   -0.320903E-04   -0.387691E-04
 3.63601    0.333149E-04   -0.314092E-04   -0.392509E-04
 3.64351    0.321883E-04   -0.307265E-04   -0.397332E-04
 3.65101    0.310583E-04   -0.300425E-04   -0.402162E-04
 3.65852    0.299250E-04   -0.293572E-04   -0.407000E-04
 3.66602    0.287888E-04   -0.286710E-04   -0.411837E-04
 3.67352    0.276501E-04   -0.279839E-04   -0.416679E-04
 3.68102    0.265093E-04   -0.272962E-04   -0.421515E-04
 3.68852    0.253667E-04   -0.266081E-04   -0.426357E-04
 3.69603    0.242227E-04   -0.259196E-04   -0.431194E-04
 3.70353    0.230777E-04   -0.252311E-04   -0.436027E-04
 3.71103    0.219320E-04   -0.245427E-04   -0.440856E-04
 3.71853    0.207861E-04   -0.238545E-04   -0.445677E-04
 3.72603    0.196402E-04   -0.231668E-04   -0.450491E-04
 3.73354    0.184947E-04   -0.224797E-04   -0.455296E-04
 3.74104    0.173501E-04   -0.217936E-04   -0.460090E-04
 3.74854    0.162064E-04   -0.211083E-04   -0.464871E-04
 3.75604    0.150646E-04   -0.204243E-04   -0.469640E-04
 3.76354    0.139245E-04   -0.197416E-04   -0.474395E-04
 3.77105    0.127865E-04   -0.190605E-04   -0.479134E-04
 3.77855    0.116511E-04   -0.183810E-04   -0.483855E-04
 3.78605    0.105186E-04   -0.177034E-04   -0.488559E-04
 3.79355    0.938933E-05   -0.170279E-04   -0.493243E-04
 3.80106    0.826359E-05   -0.163546E-04   -0.497905E-04
 3.80856    0.714172E-05   -0.156836E-04   -0.502546E-04
 3.81606    0.602403E-05   -0.150152E-04   -0.507165E-04
 3.82356    0.491083E-05   -0.143494E-04   -0.511759E-04
 3.83106    0.380242E-05   -0.136865E-04   -0.516324E-04
 3.83857    0.269915E-05   -0.130265E-04   -0.520870E-04
 3.84607    0.160133E-05   -0.123697E-04   -0.525382E-04
 3.85357    0.509178E-06   -0.117162E-04   -0.529866E-04
 3.86107   -0.577013E-06   -0.110660E-04   -0.534321E-04
 3.86857   -0.165696E-05   -0.104195E-04   -0.538744E-04
 3.87608   -0.273040E-05   -0.977656E-05   -0.543137E-04
 3.88358   -0.379705E-05   -0.913747E-05   -0.547496E-04
 3.89108   -0.485668E-05   -0.850233E-05   -0.551820E-04
 3.89858   -0.590898E-05   -0.787126E-05   -0.556113E-04
 3.90608   -0.695380E-05   -0.724425E-05   -0.560368E-04
 3.91359   -0.799085E-05   -0.662167E-05   -0.564586E-04
 3.92109   -0.901993E-05   -0.600351E-05   -0.568766E-04
 3.92859   -0.100408E-04   -0.539011E-05   -0.572909E-04
 3.93609   -0.110533E-04   -0.478090E-05   -0.577014E-04
 3.94359   -0.120573E-04   -0.417664E-05   -0.581079E-04
 3.95110   -0.130522E-04   -0.357721E-05   -0.585103E-04
 3.95860   -0.140382E-04   -0.298269E-05   -0.589086E-04
 3.96610   -0.150151E-04   -0.239321E-05   -0.593027E-04
 3.97360   -0.159827E-04   -0.180882E-05   -0.596927E-04
 3.98111   -0.169407E-04   -0.122960E-05   -0.600786E-04
 3.98861   -0.178891E-04   -0.655636E-06   -0.604598E-04
 3.99611   -0.188277E-04   -0.869999E-07   -0.608364E-04
 4.00361   -0.197564E-04    0.476237E-06   -0.612090E-04
 4.01111   -0.206749E-04    0.103400E-05   -0.615769E-04
 4.01862   -0.215833E-04    0.158622E-05   -0.619403E-04
 4.02612   -0.224814E-04    0.213281E-05   -0.622990E-04
 4.03362   -0.233690E-04    0.267385E-05   -0.626531E-04
 4.04112   -0.242462E-04    0.320920E-05   -0.630024E-04
 4.04862   -0.251127E-04    0.373892E-05   -0.633472E-04
 4.05613   -0.259686E-04    0.426281E-05   -0.636873E-04
 4.06363   -0.268136E-04    0.478083E-05   -0.640224E-04
 4.07113   -0.276479E-04    0.529301E-05   -0.643531E-04
 4.07863   -0.284711E-04    0.579929E-05   -0.646788E-04
 4.08613   -0.292834E-04    0.629968E-05   -0.649996E-04
 4.09364   -0.300847E-04    0.679406E-05   -0.653156E-04
 4.10114   -0.308749E-04    0.728256E-05   -0.656267E-04
 4.10864   -0.316539E-04    0.776507E-05   -0.659331E-04
 4.11614   -0.324219E-04    0.824159E-05   -0.662345E-04
 4.12364   -0.331787E-04    0.871211E-05   -0.665310E-04
 4.13115   -0.339242E-04    0.917663E-05   -0.668228E-04
 4.13865   -0.346586E-04    0.963508E-05   -0.671095E-04
 4.14615   -0.353818E-04    0.100875E-04   -0.673912E-04
 4.15365   -0.360937E-04    0.105339E-04   -0.676681E-04
 4.16116   -0.367943E-04    0.109743E-04   -0.679401E-04
 4.16866   -0.374838E-04    0.114087E-04   -0.682072E-04
 4.17616   -0.381621E-04    0.118371E-04   -0.684695E-04
 4.18366   -0.388292E-04    0.122594E-04   -0.687269E-04
 4.19116   -0.394852E-04    0.126758E-04   -0.689793E-04
 4.19867   -0.401300E-04    0.130862E-04   -0.692269E-04
 4.20617   -0.407638E-04    0.134906E-04   -0.694697E-04
 4.21367   -0.413864E-04    0.138890E-04   -0.697077E-04
 4.22117   -0.419981E-04    0.142816E-04   -0.699408E-04
 4.22867   -0.425988E-04    0.146683E-04   -0.701692E-04
 4.23618   -0.431886E-04    0.150491E-04   -0.703928E-04
 4.24368   -0.437674E-04    0.154240E-04   -0.706118E-04
 4.25118   -0.443354E-04    0.157932E-04   -0.708259E-04
 4.25868   -0.448928E-04    0.161565E-04   -0.710354E-04
 4.26618   -0.454394E-04    0.165141E-04   -0.712402E-04
 4.27369   -0.459756E-04    0.168660E-04   -0.714403E-04
 4.28119   -0.465011E-04    0.172122E-04   -0.716358E-04
 4.28869   -0.470161E-04    0.175528E-04   -0.718268E-04
 4.29619   -0.475207E-04    0.178878E-04   -0.720132E-04
 4.30369   -0.480150E-04    0.182172E-04   -0.721951E-04
 4.31120   -0.484991E-04    0.185411E-04   -0.723725E-04
 4.31870   -0.489731E-04    0.188595E-04   -0.725455E-04
 4.32620   -0.494370E-04    0.191725E-04   -0.727143E-04
 4.33370   -0.498909E-04    0.194800E-04   -0.728784E-04
 4.34121   -0.503349E-04    0.197824E-04   -0.730382E-04
 4.34871   -0.507691E-04    0.200794E-04   -0.731937E-04
 4.35621   -0.511936E-04    0.203711E-04   -0.733450E-04
 4.36371   -0.516087E-04    0.206577E-04   -0.734921E-04
 4.37121   -0.520139E-04    0.209391E-04   -0.736350E-04
 4.37872   -0.524100E-04    0.212154E-04   -0.737737E-04
 4.38622   -0.527967E-04    0.214867E-04   -0.739084E-04
 4.39372   -0.531743E-04    0.217530E-04   -0.740389E-04
 4.40122   -0.535427E-04    0.220143E-04   -0.741655E-04
 4.40872   -0.539022E-04    0.222709E-04   -0.742881E-04
 4.41623   -0.542528E-04    0.225224E-04   -0.744067E-04
 4.42373   -0.545946E-04    0.227693E-04   -0.745215E-04
 4.43123   -0.549277E-04    0.230114E-04   -0.746324E-04
 4.43873   -0.552523E-04    0.232489E-04   -0.747396E-04
 4.44623   -0.555684E-04    0.234817E-04   -0.748429E-04
 4.45374   -0.558762E-04    0.237100E-04   -0.749425E-04
 4.46124   -0.561756E-04    0.239339E-04   -0.750383E-04
 4.46874   -0.564670E-04    0.241532E-04   -0.751306E-04
 4.47624   -0.567504E-04    0.243682E-04   -0.752194E-04
 4.48374   -0.570258E-04    0.245788E-04   -0.753046E-04
 4.49125   -0.572935E-04    0.247852E-04   -0.753862E-04
 4.49875   -0.575534E-04    0.249874E-04   -0.754645E-04
 4.50625   -0.578058E-04    0.251853E-04   -0.755394E-04
 4.51375   -0.580506E-04    0.253792E-04   -0.756109E-04
 4.52126   -0.582882E-04    0.255691E-04   -0.756790E-04
 4.52876   -0.585184E-04    0.257549E-04   -0.757438E-04
 4.53626   -0.587415E-04    0.259368E-04   -0.758054E-04
 4.54376   -0.589576E-04    0.261148E-04   -0.758638E-04
 4.55126   -0.591668E-04    0.262890E-04   -0.759193E-04
 4.55877   -0.593691E-04    0.264594E-04   -0.759715E-04
 4.56627   -0.595646E-04    0.266261E-04   -0.760205E-04
 4.57377   -0.597537E-04    0.267891E-04   -0.760666E-04
 4.58127   -0.599362E-04    0.269485E-04   -0.761099E-04
 4.58877   -0.601123E-04    0.271043E-04   -0.761501E-04
 4.59628   -0.602821E-04    0.272567E-04   -0.761874E-04
 4.60378   -0.604457E-04    0.274056E-04   -0.762219E-04
 4.61128   -0.606032E-04    0.275510E-04   -0.762535E-04
 4.61878   -0.607548E-04    0.276932E-04   -0.762825E-04
 4.62628   -0.609005E-04    0.278320E-04   -0.763087E-04
 4.63379   -0.610404E-04    0.279676E-04   -0.763323E-04
 4.64129   -0.611745E-04    0.281000E-04   -0.763532E-04
 4.64879   -0.613031E-04    0.282293E-04   -0.763715E-04
 4.65629   -0.614261E-04    0.283555E-04   -0.763872E-04
 4.66379   -0.615439E-04    0.284786E-04   -0.764005E-04
 4.67130   -0.616563E-04    0.285988E-04   -0.764112E-04
 4.67880   -0.617635E-04    0.287159E-04   -0.764194E-04
 4.68630   -0.618656E-04    0.288302E-04   -0.764253E-04
 4.69380   -0.619627E-04    0.289417E-04   -0.764288E-04
 4.70131   -0.620548E-04    0.290503E-04   -0.764300E-04
 4.70881   -0.621421E-04    0.291562E-04   -0.764289E-04
 4.71631   -0.622247E-04    0.292594E-04   -0.764256E-04
 4.72381   -0.623026E-04    0.293599E-04   -0.764199E-04
 4.73131   -0.623759E-04    0.294578E-04   -0.764122E-04
 4.73882   -0.624447E-04    0.295531E-04   -0.764024E-04
 4.74632   -0.625092E-04    0.296459E-04   -0.763904E-04
 4.75382   -0.625693E-04    0.297362E-04   -0.763763E-04
 4.76132   -0.626254E-04    0.298241E-04   -0.763601E-04
 4.76882   -0.626769E-04    0.299095E-04   -0.763420E-04
 4.77633   -0.627246E-04    0.299926E-04   -0.763218E-04
 4.78383   -0.627683E-04    0.300734E-04   -0.762998E-04
 4.79133   -0.628081E-04    0.301519E-04   -0.762759E-04
 4.79883   -0.628441E-04    0.302281E-04   -0.762501E-04
 4.80633   -0.628761E-04    0.303021E-04   -0.762225E-04
 4.81384   -0.629046E-04    0.303740E-04   -0.761929E-04
 4.82134   -0.629295E-04    0.304438E-04   -0.761616E-04
 4.82884   -0.629508E-04    0.305115E-04   -0.761286E-04
 4.83634   -0.629686E-04    0.305771E-04   -0.760939E-04
 4.84384   -0.629831E-04    0.306407E-04   -0.760574E-04
 4.85135   -0.629942E-04    0.307023E-04   -0.760193E-04
 4.85885   -0.630021E-04    0.307620E-04   -0.759797E-04
 4.86635   -0.630067E-04    0.308198E-04   -0.759383E-04
 4.87385   -0.630083E-04    0.308757E-04   -0.758955E-04
 4.88136   -0.630067E-04    0.309298E-04   -0.758510E-04
 4.88886   -0.630022E-04    0.309821E-04   -0.758050E-04
 4.89636   -0.629947E-04    0.310326E-04   -0.757575E-04
 4.90386   -0.629844E-04    0.310814E-04   -0.757085E-04
 4.91136   -0.629713E-04    0.311284E-04   -0.756581E-04
 4.91887   -0.629553E-04    0.311738E-04   -0.756063E-04
 4.92637   -0.629368E-04    0.312175E-04   -0.755531E-04
 4.93387   -0.629155E-04    0.312597E-04   -0.754985E-04
 4.94137   -0.628917E-04    0.313002E-04   -0.754426E-04
 4.94887   -0.628654E-04    0.313391E-04   -0.753853E-04
 4.95638   -0.628366E-04    0.313766E-04   -0.753267E-04
 4.96388   -0.628054E-04    0.314125E-04   -0.752670E-04
 4.97138   -0.627718E-04    0.314470E-04   -0.752060E-04
 4.97888   -0.627359E-04    0.314800E-04   -0.751438E-04
 4.98638   -0.626978E-04    0.315116E-04   -0.750802E-04
 4.99389   -0.626574E-04    0.315419E-04   -0.750155E-04
 5.00139   -0.626149E-04    0.315707E-04   -0.749496E-04
 5.00889   -0.625703E-04    0.315982E-04   -0.748826E-04
 5.01639   -0.625236E-04    0.316244E-04   -0.748145E-04
 5.02389   -0.624744E-04    0.316493E-04   -0.747453E-04
 5.03140   -0.624241E-04    0.316729E-04   -0.746750E-04
 5.03890   -0.623715E-04    0.316953E-04   -0.746036E-04
 5.04640   -0.623170E-04    0.317165E-04   -0.745312E-04
 5.05390   -0.622607E-04    0.317365E-04   -0.744578E-04
 5.06141   -0.622026E-04    0.317552E-04   -0.743834E-04
 5.06891   -0.621426E-04    0.317729E-04   -0.743081E-04
 5.07641   -0.620810E-04    0.317894E-04   -0.742317E-04
 5.08391   -0.620177E-04    0.318048E-04   -0.741542E-04
 5.09141   -0.619528E-04    0.318191E-04   -0.740760E-04
 5.09892   -0.618862E-04    0.318324E-04   -0.739968E-04
 5.10642   -0.618181E-04    0.318445E-04   -0.739167E-04
 5.11392   -0.617485E-04    0.318557E-04   -0.738358E-04
 5.12142   -0.616774E-04    0.318659E-04   -0.737540E-04
 5.12892   -0.616049E-04    0.318750E-04   -0.736713E-04
 5.13643   -0.615309E-04    0.318832E-04   -0.735878E-04
 5.14393   -0.614555E-04    0.318904E-04   -0.735034E-04
 5.15143   -0.613788E-04    0.318967E-04   -0.734183E-04
 5.15893   -0.613008E-04    0.319021E-04   -0.733324E-04
 5.16643   -0.612215E-04    0.319066E-04   -0.732457E-04
 5.17394   -0.611410E-04    0.319102E-04   -0.731582E-04
 5.18144   -0.610592E-04    0.319129E-04   -0.730702E-04
 5.18894   -0.609762E-04    0.319148E-04   -0.729813E-04
 5.19644   -0.608921E-04    0.319159E-04   -0.728916E-04
 5.20394   -0.608068E-04    0.319161E-04   -0.728013E-04
 5.21145   -0.607205E-04    0.319155E-04   -0.727103E-04
 5.21895   -0.606330E-04    0.319141E-04   -0.726185E-04
 5.22645   -0.605445E-04    0.319120E-04   -0.725262E-04
 5.23395   -0.604550E-04    0.319091E-04   -0.724332E-04
 5.24146   -0.603645E-04    0.319055E-04   -0.723395E-04
 5.24896   -0.602730E-04    0.319011E-04   -0.722452E-04
 5.25646   -0.601806E-04    0.318960E-04   -0.721504E-04
 5.26396   -0.600873E-04    0.318902E-04   -0.720549E-04
 5.27146   -0.599930E-04    0.318837E-04   -0.719588E-04
 5.27897   -0.598980E-04    0.318766E-04   -0.718621E-04
 5.28647   -0.598021E-04    0.318688E-04   -0.717649E-04
 5.29397   -0.597053E-04    0.318603E-04   -0.716672E-04
 5.30147   -0.596077E-04    0.318512E-04   -0.715689E-04
 5.30897   -0.595094E-04    0.318414E-04   -0.714700E-04
 5.31648   -0.594103E-04    0.318311E-04   -0.713708E-04
 5.32398   -0.593104E-04    0.318201E-04   -0.712709E-04
 5.33148   -0.592099E-04    0.318086E-04   -0.711705E-04
 5.33898   -0.591086E-04    0.317965E-04   -0.710697E-04
 5.34648   -0.590067E-04    0.317838E-04   -0.709684E-04
 5.35399   -0.589041E-04    0.317706E-04   -0.708666E-04
 5.36149   -0.588008E-04    0.317568E-04   -0.707643E-04
 5.36899   -0.586970E-04    0.317424E-04   -0.706616E-04
 5.37649   -0.585925E-04    0.317276E-04   -0.705585E-04
 5.38399   -0.584876E-04    0.317122E-04   -0.704550E-04
 5.39150   -0.583820E-04    0.316963E-04   -0.703510E-04
 5.39900   -0.582759E-04    0.316800E-04   -0.702465E-04
 5.40650   -0.581692E-04    0.316631E-04   -0.701417E-04
 5.41400   -0.580621E-04    0.316458E-04   -0.700365E-04
 5.42151   -0.579544E-04    0.316280E-04   -0.699309E-04
 5.42901   -0.578463E-04    0.316097E-04   -0.698251E-04
 5.43651   -0.577377E-04    0.315910E-04   -0.697185E-04
 5.44401   -0.576286E-04    0.315718E-04   -0.696118E-04
 5.45151   -0.575192E-04    0.315523E-04   -0.695048E-04
 5.45902   -0.574093E-04    0.315322E-04   -0.693974E-04
 5.46652   -0.572990E-04    0.315118E-04   -0.692896E-04
 5.47402   -0.571883E-04    0.314910E-04   -0.691815E-04
 5.48152   -0.570772E-04    0.314698E-04   -0.690731E-04
 5.48902   -0.569658E-04    0.314481E-04   -0.689644E-04
 5.49653   -0.568540E-04    0.314261E-04   -0.688554E-04
 5.50403   -0.567419E-04    0.314037E-04   -0.687460E-04
 5.51153   -0.566297E-04    0.313810E-04   -0.686364E-04
 5.51903   -0.565168E-04    0.313578E-04   -0.685265E-04
 5.52653   -0.564037E-04    0.313344E-04   -0.684163E-04
 5.53404   -0.562903E-04    0.313105E-04   -0.683058E-04
 5.54154   -0.561767E-04    0.312864E-04   -0.681951E-04
 5.54904   -0.560628E-04    0.312619E-04   -0.680841E-04
 5.55654   -0.559487E-04    0.312370E-04   -0.679728E-04
 5.56405   -0.558343E-04    0.312119E-04   -0.678614E-04
 5.57155   -0.557198E-04    0.311864E-04   -0.677496E-04
 5.57905   -0.556049E-04    0.311607E-04   -0.676377E-04
 5.58655   -0.554899E-04    0.311346E-04   -0.675255E-04
 5.59405   -0.553747E-04    0.311082E-04   -0.674131E-04
 5.60156   -0.552592E-04    0.310816E-04   -0.673005E-04
 5.60906   -0.551437E-04    0.310546E-04   -0.671877E-04
 5.61656   -0.550280E-04    0.310274E-04   -0.670746E-04
 5.62406   -0.549119E-04    0.309999E-04   -0.669615E-04
 5.63156   -0.547958E-04    0.309721E-04   -0.668481E-04
 5.63907   -0.546796E-04    0.309441E-04   -0.667345E-04
 5.64657   -0.545633E-04    0.309158E-04   -0.666207E-04
 5.65407   -0.544468E-04    0.308873E-04   -0.665068E-04
 5.66157   -0.543302E-04    0.308585E-04   -0.663928E-04
 5.66907   -0.542135E-04    0.308295E-04   -0.662785E-04
 5.67658   -0.540967E-04    0.308003E-04   -0.661641E-04
 5.68408   -0.539800E-04    0.307708E-04   -0.660495E-04
 5.69158   -0.538629E-04    0.307411E-04   -0.659349E-04
 5.69908   -0.537458E-04    0.307111E-04   -0.658200E-04
 5.70658   -0.536287E-04    0.306810E-04   -0.657051E-04
 5.71409   -0.535116E-04    0.306506E-04   -0.655900E-04
 5.72159   -0.533944E-04    0.306201E-04   -0.654747E-04
 5.72909   -0.532771E-04    0.305893E-04   -0.653594E-04
 5.73659   -0.531598E-04    0.305583E-04   -0.652439E-04
 5.74410   -0.530427E-04    0.305272E-04   -0.651284E-04
 5.75160   -0.529253E-04    0.304958E-04   -0.650127E-04
 5.75910   -0.528077E-04    0.304643E-04   -0.648971E-04
 5.76660   -0.526904E-04    0.304326E-04   -0.647812E-04
 5.77410   -0.525729E-04    0.304007E-04   -0.646653E-04
 5.78161   -0.524555E-04    0.303686E-04   -0.645495E-04
 5.78911   -0.523382E-04    0.303364E-04   -0.644332E-04
 5.79661   -0.522208E-04    0.303040E-04   -0.643170E-04
 5.80411   -0.521035E-04    0.302714E-04   -0.642008E-04
 5.81161   -0.519861E-04    0.302387E-04   -0.640845E-04
 5.81912   -0.518689E-04    0.302058E-04   -0.639681E-04
 5.82662   -0.517516E-04    0.301728E-04   -0.638517E-04
 5.83412   -0.516344E-04    0.301397E-04   -0.637352E-04
 5.84162   -0.515172E-04    0.301064E-04   -0.636186E-04
 5.84912   -0.514001E-04    0.300729E-04   -0.635020E-04
 5.85663   -0.512831E-04    0.300393E-04   -0.633853E-04
 5.86413   -0.511661E-04    0.300056E-04   -0.632686E-04
 5.87163   -0.510492E-04    0.299718E-04   -0.631519E-04
 5.87913   -0.509323E-04    0.299378E-04   -0.630351E-04
 5.88663   -0.508156E-04    0.299037E-04   -0.629183E-04
 5.89414   -0.506989E-04    0.298694E-04   -0.628014E-04
 5.90164   -0.505823E-04    0.298351E-04   -0.626847E-04
 5.90914   -0.504658E-04    0.298007E-04   -0.625676E-04
 5.91664   -0.503494E-04    0.297661E-04   -0.624507E-04
 5.92415   -0.502331E-04    0.297315E-04   -0.623337E-04
 5.93165   -0.501169E-04    0.296967E-04   -0.622167E-04
 5.93915   -0.500008E-04    0.296618E-04   -0.620997E-04
 5.94665   -0.498849E-04    0.296268E-04   -0.619827E-04
 5.95415   -0.497690E-04    0.295918E-04   -0.618657E-04
 5.96166   -0.496533E-04    0.295566E-04   -0.617486E-04
 5.96916   -0.495377E-04    0.295214E-04   -0.616315E-04
 5.97666   -0.494222E-04    0.294861E-04   -0.615145E-04
 5.98416   -0.493069E-04    0.294507E-04   -0.613974E-04
 5.99166   -0.491917E-04    0.294152E-04   -0.612803E-04
 5.99917   -0.490766E-04    0.293796E-04   -0.611633E-04
 6.00667   -0.489617E-04    0.293439E-04   -0.610462E-04
 6.01417   -0.488470E-04    0.293081E-04   -0.609291E-04
 6.02167   -0.487324E-04    0.292724E-04   -0.608122E-04
 6.02917   -0.486180E-04    0.292366E-04   -0.606950E-04
 6.03668   -0.485037E-04    0.292006E-04   -0.605780E-04
 6.04418   -0.483896E-04    0.291646E-04   -0.604610E-04
 6.05168   -0.482756E-04    0.291286E-04   -0.603440E-04
 6.05918   -0.481618E-04    0.290925E-04   -0.602270E-04
 6.06668   -0.480482E-04    0.290563E-04   -0.601100E-04
 6.07419   -0.479348E-04    0.290201E-04   -0.599931E-04
 6.08169   -0.478216E-04    0.289838E-04   -0.598762E-04
 6.08919   -0.477085E-04    0.289475E-04   -0.597593E-04
 6.09669   -0.475956E-04    0.289111E-04   -0.596424E-04
 6.10420   -0.474829E-04    0.288747E-04   -0.595256E-04
 6.11170   -0.473704E-04    0.288382E-04   -0.594087E-04
 6.11920   -0.472581E-04    0.288017E-04   -0.592920E-04
 6.12670   -0.471460E-04    0.287652E-04   -0.591752E-04
 6.13420   -0.470341E-04    0.287286E-04   -0.590585E-04
 6.14171   -0.469224E-04    0.286920E-04   -0.589419E-04
 6.14921   -0.468109E-04    0.286553E-04   -0.588253E-04
 6.15671   -0.466996E-04    0.286187E-04   -0.587087E-04
 6.16421   -0.465885E-04    0.285820E-04   -0.585921E-04
 6.17171   -0.464777E-04    0.285452E-04   -0.584757E-04
 6.17922   -0.463670E-04    0.285085E-04   -0.583592E-04
 6.18672   -0.462566E-04    0.284717E-04   -0.582429E-04
 6.19422   -0.461464E-04    0.284349E-04   -0.581265E-04
 6.20172   -0.460364E-04    0.283980E-04   -0.580103E-04
 6.20922   -0.459266E-04    0.283612E-04   -0.578941E-04
 6.21673   -0.458171E-04    0.283243E-04   -0.577779E-04
 6.22423   -0.457078E-04    0.282875E-04   -0.576618E-04
 6.23173   -0.455987E-04    0.282506E-04   -0.575458E-04
 6.23923   -0.454898E-04    0.282137E-04   -0.574299E-04
 6.24673   -0.453812E-04    0.281768E-04   -0.573140E-04
 6.25424   -0.452729E-04    0.281398E-04   -0.571981E-04
 6.26174   -0.451647E-04    0.281029E-04   -0.570825E-04
 6.26924   -0.450568E-04    0.280660E-04   -0.569667E-04
 6.27674   -0.449492E-04    0.280290E-04   -0.568511E-04
 6.28425   -0.448418E-04    0.279923E-04   -0.567356E-04
 6.29175   -0.447346E-04    0.279553E-04   -0.566201E-04
 6.29925   -0.446277E-04    0.279184E-04   -0.565048E-04
 6.30675   -0.445210E-04    0.278815E-04   -0.563896E-04
 6.31425   -0.444146E-04    0.278445E-04   -0.562743E-04
 6.32176   -0.443084E-04    0.278076E-04   -0.561592E-04
 6.32926   -0.442025E-04    0.277707E-04   -0.560442E-04
 6.33676   -0.440968E-04    0.277338E-04   -0.559292E-04
 6.34426   -0.439914E-04    0.276969E-04   -0.558144E-04
 6.35176   -0.438862E-04    0.276600E-04   -0.556996E-04
 6.35927   -0.437813E-04    0.276231E-04   -0.555849E-04
 6.36677   -0.436767E-04    0.275862E-04   -0.554703E-04
 6.37427   -0.435723E-04    0.275493E-04   -0.553558E-04
 6.38177   -0.434682E-04    0.275125E-04   -0.552415E-04
 6.38927   -0.433643E-04    0.274757E-04   -0.551272E-04
 6.39678   -0.432607E-04    0.274388E-04   -0.550130E-04
 6.40428   -0.431574E-04    0.274020E-04   -0.548989E-04
 6.41178   -0.430543E-04    0.273652E-04   -0.547850E-04
 6.41928   -0.429515E-04    0.273285E-04   -0.546710E-04
 6.42678   -0.428489E-04    0.272917E-04   -0.545573E-04
 6.43429   -0.427466E-04    0.272550E-04   -0.544436E-04
 6.44179   -0.426446E-04    0.272183E-04   -0.543300E-04
 6.44929   -0.425429E-04    0.271816E-04   -0.542166E-04
 6.45679   -0.424414E-04    0.271450E-04   -0.541032E-04
 6.46430   -0.423402E-04    0.271083E-04   -0.539900E-04
 6.47180   -0.422392E-04    0.270717E-04   -0.538769E-04
 6.47930   -0.421386E-04    0.270352E-04   -0.537638E-04
 6.48680   -0.420381E-04    0.269986E-04   -0.536510E-04
 6.49430   -0.419380E-04    0.269621E-04   -0.535381E-04
 6.50181   -0.418381E-04    0.269256E-04   -0.534255E-04
 6.50931   -0.417385E-04    0.268891E-04   -0.533129E-04
 6.51681   -0.416392E-04    0.268527E-04   -0.532005E-04
 6.52431   -0.415401E-04    0.268162E-04   -0.530882E-04
 6.53181   -0.414413E-04    0.267799E-04   -0.529760E-04
 6.53932   -0.413428E-04    0.267435E-04   -0.528639E-04
 6.54682   -0.412446E-04    0.267072E-04   -0.527519E-04
 6.55432   -0.411466E-04    0.266709E-04   -0.526401E-04
 6.56182   -0.410489E-04    0.266346E-04   -0.525284E-04
 6.56932   -0.409514E-04    0.265984E-04   -0.524168E-04
 6.57683   -0.408542E-04    0.265622E-04   -0.523055E-04
 6.58433   -0.407573E-04    0.265260E-04   -0.521942E-04
 6.59183   -0.406607E-04    0.264899E-04   -0.520828E-04
 6.59933   -0.405643E-04    0.264538E-04   -0.519717E-04
 6.60683   -0.404682E-04    0.264177E-04   -0.518608E-04
 6.61434   -0.403724E-04    0.263817E-04   -0.517500E-04
 6.62184   -0.402768E-04    0.263457E-04   -0.516435E-04
 6.62934   -0.401815E-04    0.263098E-04   -0.515329E-04
 6.63684   -0.400865E-04    0.262738E-04   -0.514224E-04
 6.64435   -0.399917E-04    0.262379E-04   -0.513121E-04
 6.65185   -0.398972E-04    0.262021E-04   -0.511978E-04
 6.65935   -0.398029E-04    0.261663E-04   -0.510877E-04
 6.66685   -0.397089E-04    0.261305E-04   -0.509778E-04
 6.67435   -0.396152E-04    0.260947E-04   -0.508680E-04
 6.68186   -0.395217E-04    0.260590E-04   -0.507584E-04
 6.68936   -0.394285E-04    0.260233E-04   -0.506488E-04
 6.69686   -0.393355E-04    0.259877E-04   -0.505394E-04
 6.70436   -0.392428E-04    0.259521E-04   -0.504303E-04
 6.71186   -0.391504E-04    0.259165E-04   -0.503212E-04
 6.71937   -0.390582E-04    0.258810E-04   -0.502121E-04
 6.72687   -0.389662E-04    0.258455E-04   -0.501032E-04
 6.73437   -0.388745E-04    0.258100E-04   -0.499945E-04
 6.74187   -0.387831E-04    0.257745E-04   -0.498859E-04
 6.74937   -0.386919E-04    0.257391E-04   -0.497775E-04
 6.75688   -0.386010E-04    0.257038E-04   -0.496691E-04
 6.76438   -0.385103E-04    0.256684E-04   -0.495610E-04
 6.77188   -0.384199E-04    0.256331E-04   -0.494529E-04
 6.77938   -0.383297E-04    0.255979E-04   -0.493450E-04
 6.78688   -0.382398E-04    0.255626E-04   -0.492372E-04
 6.79439   -0.381501E-04    0.255274E-04   -0.491296E-04
 6.80189   -0.380606E-04    0.254923E-04   -0.490221E-04
 6.80939   -0.379714E-04    0.254572E-04   -0.489147E-04
 6.81689   -0.378824E-04    0.254221E-04   -0.488075E-04
 6.82440   -0.377937E-04    0.253870E-04   -0.487004E-04
 6.83190   -0.377051E-04    0.253520E-04   -0.485935E-04
 6.83940   -0.376169E-04    0.253170E-04   -0.484867E-04
 6.84690   -0.375288E-04    0.252820E-04   -0.483800E-04
 6.85440   -0.374410E-04    0.252470E-04   -0.482734E-04
 6.86191   -0.373534E-04    0.252121E-04   -0.481672E-04
 6.86941   -0.372661E-04    0.251773E-04   -0.480609E-04
 6.87691   -0.371789E-04    0.251424E-04   -0.479546E-04
 6.88441   -0.370920E-04    0.251076E-04   -0.478486E-04
 6.89191   -0.370054E-04    0.250728E-04   -0.477428E-04
 6.89942   -0.369189E-04    0.250381E-04   -0.476370E-04
 6.90692   -0.368327E-04    0.250033E-04   -0.475314E-04
 6.91442   -0.367467E-04    0.249686E-04   -0.474260E-04
 6.92192   -0.366609E-04    0.249340E-04   -0.473207E-04
 6.92942   -0.365753E-04    0.248993E-04   -0.472155E-04
 6.93693   -0.364899E-04    0.248647E-04   -0.471105E-04
 6.94443   -0.364048E-04    0.248301E-04   -0.470055E-04
 6.95193   -0.363198E-04    0.247955E-04   -0.469008E-04
 6.95943   -0.362351E-04    0.247610E-04   -0.467961E-04
 6.96693   -0.361506E-04    0.247265E-04   -0.466916E-04
 6.97444   -0.360663E-04    0.246920E-04   -0.465873E-04
 6.98194   -0.359822E-04    0.246576E-04   -0.464831E-04
 6.98944   -0.358983E-04    0.246231E-04   -0.463790E-04
 6.99694   -0.358146E-04    0.245887E-04   -0.462754E-04
 7.00445   -0.357311E-04    0.245543E-04   -0.461712E-04
 7.01195   -0.356478E-04    0.245200E-04   -0.460675E-04
 7.01945   -0.355647E-04    0.244857E-04   -0.459640E-04
 7.02695   -0.354818E-04    0.244513E-04   -0.458606E-04
 7.03445   -0.353991E-04    0.244171E-04   -0.457573E-04
 7.04196   -0.353166E-04    0.243828E-04   -0.456541E-04
 7.04946   -0.352343E-04    0.243486E-04   -0.455511E-04
 7.05696   -0.351522E-04    0.243143E-04   -0.454483E-04
 7.06446   -0.350702E-04    0.242801E-04   -0.453456E-04
 7.07196   -0.349885E-04    0.242460E-04   -0.452429E-04
 7.07947   -0.349069E-04    0.242118E-04   -0.451405E-04
 7.08697   -0.348255E-04    0.241777E-04   -0.450381E-04
 7.09447   -0.347444E-04    0.241436E-04   -0.449359E-04
 7.10197   -0.346633E-04    0.241095E-04   -0.448339E-04
 7.10947   -0.345825E-04    0.240754E-04   -0.447319E-04
 7.11698   -0.345019E-04    0.240413E-04   -0.446301E-04
 7.12448   -0.344214E-04    0.240073E-04   -0.445285E-04
 7.13198   -0.343411E-04    0.239733E-04   -0.444270E-04
 7.13948   -0.342610E-04    0.239393E-04   -0.443256E-04
 7.14698   -0.341811E-04    0.239053E-04   -0.442243E-04
 7.15449   -0.341013E-04    0.238714E-04   -0.441232E-04
 7.16199   -0.340217E-04    0.238374E-04   -0.440222E-04
 7.16949   -0.339423E-04    0.238035E-04   -0.439213E-04
 7.17699   -0.338631E-04    0.237696E-04   -0.438206E-04
 7.18450   -0.337840E-04    0.237357E-04   -0.437200E-04
 7.19200   -0.337051E-04    0.237018E-04   -0.436195E-04
 7.19950   -0.336263E-04    0.236680E-04   -0.435192E-04
 7.20700   -0.335478E-04    0.236341E-04   -0.434190E-04
 7.21450   -0.334694E-04    0.236003E-04   -0.433190E-04
 7.22201   -0.333911E-04    0.235665E-04   -0.432190E-04
 7.22951   -0.333130E-04    0.235327E-04   -0.431192E-04
 7.23701   -0.332351E-04    0.234989E-04   -0.430196E-04
 7.24451   -0.331573E-04    0.234652E-04   -0.429201E-04
 7.25201   -0.330798E-04    0.234314E-04   -0.428207E-04
 7.25952   -0.330023E-04    0.233977E-04   -0.427214E-04
 7.26702   -0.329250E-04    0.233640E-04   -0.426223E-04
 7.27452   -0.328479E-04    0.233303E-04   -0.425233E-04
 7.28202   -0.327709E-04    0.232966E-04   -0.424244E-04
 7.28952   -0.326941E-04    0.232629E-04   -0.423257E-04
 7.29703   -0.326175E-04    0.232293E-04   -0.422271E-04
 7.30453   -0.325409E-04    0.231956E-04   -0.421287E-04
 7.31203   -0.324646E-04    0.231620E-04   -0.420303E-04
 7.31953   -0.323884E-04    0.231284E-04   -0.419321E-04
 7.32704   -0.323123E-04    0.230948E-04   -0.418342E-04
 7.33454   -0.322365E-04    0.230612E-04   -0.417363E-04
 7.34204   -0.321607E-04    0.230277E-04   -0.416385E-04
 7.34954   -0.320851E-04    0.229941E-04   -0.415407E-04
 7.35704   -0.320097E-04    0.229606E-04   -0.414432E-04
 7.36455   -0.319344E-04    0.229271E-04   -0.413458E-04
 7.37205   -0.318592E-04    0.228936E-04   -0.412486E-04
 7.37955   -0.317842E-04    0.228601E-04   -0.411514E-04
 7.38705   -0.317094E-04    0.228266E-04   -0.410544E-04
 7.39455   -0.316347E-04    0.227932E-04   -0.409576E-04
 7.40206   -0.315601E-04    0.227597E-04   -0.408609E-04
 7.40956   -0.314857E-04    0.227263E-04   -0.407643E-04
 7.41706   -0.314115E-04    0.226929E-04   -0.406679E-04
 7.42456   -0.313373E-04    0.226595E-04   -0.405715E-04
 7.43206   -0.312634E-04    0.226262E-04   -0.404754E-04
 7.43957   -0.311896E-04    0.225928E-04   -0.403793E-04
 7.44707   -0.311159E-04    0.225595E-04   -0.402834E-04
 7.45457   -0.310423E-04    0.225261E-04   -0.401877E-04
 7.46207   -0.309690E-04    0.224928E-04   -0.400920E-04
 7.46957   -0.308957E-04    0.224595E-04   -0.399965E-04
 7.47708   -0.308226E-04    0.224263E-04   -0.399012E-04
 7.48458   -0.307497E-04    0.223930E-04   -0.398059E-04
 7.49208   -0.306769E-04    0.223598E-04   -0.397109E-04
 7.49958   -0.306042E-04    0.223266E-04   -0.396159E-04
 7.50709   -0.305317E-04    0.222934E-04   -0.395211E-04
 7.51459   -0.304593E-04    0.222602E-04   -0.394264E-04
 7.52209   -0.303871E-04    0.222270E-04   -0.393319E-04
 7.52959   -0.303150E-04    0.221939E-04   -0.392375E-04
 7.53709   -0.302430E-04    0.221607E-04   -0.391432E-04
 7.54460   -0.301712E-04    0.221276E-04   -0.390491E-04
 7.55210   -0.300996E-04    0.220945E-04   -0.389551E-04
 7.55960   -0.300280E-04    0.220615E-04   -0.388612E-04
 7.56710   -0.299567E-04    0.220284E-04   -0.387675E-04
 7.57460   -0.298854E-04    0.219954E-04   -0.386740E-04
 7.58211   -0.298144E-04    0.219624E-04   -0.385805E-04
 7.58961   -0.297434E-04    0.219294E-04   -0.384873E-04
 7.59711   -0.296726E-04    0.218964E-04   -0.383941E-04
 7.60461   -0.296020E-04    0.218636E-04   -0.383011E-04
 7.61211   -0.295314E-04    0.218306E-04   -0.382082E-04
 7.61962   -0.294611E-04    0.217977E-04   -0.381155E-04
 7.62712   -0.293908E-04    0.217649E-04   -0.380229E-04
 7.63462   -0.293208E-04    0.217320E-04   -0.379304E-04
 7.64212   -0.292508E-04    0.216992E-04   -0.378381E-04
 7.64962   -0.291810E-04    0.216663E-04   -0.377460E-04
 7.65713   -0.291114E-04    0.216335E-04   -0.376539E-04
 7.66463   -0.290419E-04    0.216008E-04   -0.375620E-04
 7.67213   -0.289725E-04    0.215680E-04   -0.374703E-04
 7.67963   -0.289033E-04    0.215353E-04   -0.373787E-04
 7.68714   -0.288342E-04    0.215026E-04   -0.372872E-04
 7.69464   -0.287653E-04    0.214700E-04   -0.371959E-04
 7.70214   -0.286965E-04    0.214373E-04   -0.371047E-04
 7.70964   -0.286279E-04    0.214047E-04   -0.370137E-04
 7.71714   -0.285594E-04    0.213722E-04   -0.369228E-04
 7.72465   -0.284910E-04    0.213396E-04   -0.368321E-04
 7.73215   -0.284228E-04    0.213071E-04   -0.367415E-04
 7.73965   -0.283548E-04    0.212746E-04   -0.366510E-04
 7.74715   -0.282869E-04    0.212421E-04   -0.365607E-04
 7.75465   -0.282191E-04    0.212097E-04   -0.364706E-04
 7.76216   -0.281515E-04    0.211772E-04   -0.363805E-04
 7.76966   -0.280840E-04    0.211448E-04   -0.362907E-04
 7.77716   -0.280166E-04    0.211125E-04   -0.362009E-04
 7.78466   -0.279495E-04    0.210802E-04   -0.361113E-04
 7.79216   -0.278824E-04    0.210479E-04   -0.360219E-04
 7.79967   -0.278155E-04    0.210156E-04   -0.359326E-04
 7.80717   -0.277488E-04    0.209834E-04   -0.358435E-04
 7.81467   -0.276822E-04    0.209512E-04   -0.357545E-04
 7.82217   -0.276158E-04    0.209190E-04   -0.356656E-04
 7.82967   -0.275495E-04    0.208868E-04   -0.355769E-04
 7.83718   -0.274833E-04    0.208547E-04   -0.354884E-04
 7.84468   -0.274173E-04    0.208226E-04   -0.353999E-04
 7.85218   -0.273515E-04    0.207906E-04   -0.353117E-04
 7.85968   -0.272858E-04    0.207586E-04   -0.352236E-04
 7.86719   -0.272202E-04    0.207266E-04   -0.351356E-04
 7.87469   -0.271548E-04    0.206946E-04   -0.350478E-04
 7.88219   -0.270896E-04    0.206627E-04   -0.349601E-04
 7.88969   -0.270245E-04    0.206308E-04   -0.348726E-04
 7.89719   -0.269595E-04    0.205990E-04   -0.347852E-04
 7.90470   -0.268947E-04    0.205672E-04   -0.346979E-04
 7.91220   -0.268301E-04    0.205354E-04   -0.346109E-04
 7.91970   -0.267656E-04    0.205036E-04   -0.345239E-04
 7.92720   -0.267012E-04    0.204719E-04   -0.344371E-04
 7.93470   -0.266370E-04    0.204403E-04   -0.343505E-04
 7.94221   -0.265729E-04    0.204086E-04   -0.342640E-04
 7.94971   -0.265090E-04    0.203770E-04   -0.341777E-04
 7.95721   -0.264453E-04    0.203455E-04   -0.340915E-04
 7.96471   -0.263817E-04    0.203139E-04   -0.340055E-04
 7.97221   -0.263182E-04    0.202824E-04   -0.339196E-04
 7.97972   -0.262549E-04    0.202510E-04   -0.338339E-04
 7.98722   -0.261918E-04    0.202196E-04   -0.337483E-04
 7.99472   -0.261288E-04    0.201882E-04   -0.336629E-04
 8.00222   -0.260659E-04    0.201569E-04   -0.335776E-04
 8.00972   -0.260033E-04    0.201256E-04   -0.334925E-04
 8.01723   -0.259407E-04    0.200944E-04   -0.334075E-04
 8.02473   -0.258783E-04    0.200631E-04   -0.333227E-04
 8.03223   -0.258161E-04    0.200320E-04   -0.332381E-04
 8.03973   -0.257540E-04    0.200008E-04   -0.331536E-04
 8.04724   -0.256921E-04    0.199697E-04   -0.330692E-04
 8.05474   -0.256303E-04    0.199387E-04   -0.329850E-04
 8.06224   -0.255687E-04    0.199077E-04   -0.329008E-04
 8.06974   -0.255073E-04    0.198767E-04   -0.328169E-04
 8.07724   -0.254459E-04    0.198458E-04   -0.327331E-04
 8.08475   -0.253848E-04    0.198149E-04   -0.326495E-04
 8.09225   -0.253238E-04    0.197840E-04   -0.325660E-04
 8.09975   -0.252629E-04    0.197533E-04   -0.324827E-04
 8.10725   -0.252022E-04    0.197225E-04   -0.323996E-04
 8.11475   -0.251417E-04    0.196918E-04   -0.323166E-04
 8.12226   -0.250813E-04    0.196611E-04   -0.322338E-04
 8.12976   -0.250210E-04    0.196303E-04   -0.321511E-04
 8.13726   -0.249609E-04    0.195997E-04   -0.320685E-04
 8.14476   -0.249010E-04    0.195693E-04   -0.319861E-04
 8.15226   -0.248412E-04    0.195388E-04   -0.319039E-04
 8.15977   -0.247816E-04    0.195083E-04   -0.318218E-04
 8.16727   -0.247221E-04    0.194779E-04   -0.317399E-04
 8.17477   -0.246628E-04    0.194475E-04   -0.316581E-04
 8.18227   -0.246036E-04    0.194172E-04   -0.315765E-04
 8.18977   -0.245446E-04    0.193869E-04   -0.314950E-04
 8.19728   -0.244858E-04    0.193567E-04   -0.314137E-04
 8.20478   -0.244271E-04    0.193265E-04   -0.313326E-04
 8.21228   -0.243685E-04    0.192963E-04   -0.312516E-04
 8.21978   -0.243101E-04    0.192662E-04   -0.311707E-04
 8.22729   -0.242519E-04    0.192362E-04   -0.310900E-04
 8.23479   -0.241938E-04    0.192061E-04   -0.310095E-04
 8.24229   -0.241358E-04    0.191762E-04   -0.309291E-04
 8.24979   -0.240780E-04    0.191462E-04   -0.308488E-04
 8.25729   -0.240204E-04    0.191164E-04   -0.307688E-04
 8.26480   -0.239629E-04    0.190865E-04   -0.306888E-04
 8.27230   -0.239056E-04    0.190568E-04   -0.306090E-04
 8.27980   -0.238484E-04    0.190270E-04   -0.305294E-04
 8.28730   -0.237914E-04    0.189973E-04   -0.304499E-04
 8.29480   -0.237345E-04    0.189677E-04   -0.303706E-04
 8.30231   -0.236778E-04    0.189381E-04   -0.302915E-04
 8.30981   -0.236212E-04    0.189085E-04   -0.302125E-04
 8.31731   -0.235648E-04    0.188790E-04   -0.301336E-04
 8.32481   -0.235086E-04    0.188496E-04   -0.300549E-04
 8.33231   -0.234525E-04    0.188202E-04   -0.299763E-04
 8.33982   -0.233965E-04    0.187908E-04   -0.298980E-04
 8.34732   -0.233407E-04    0.187615E-04   -0.298197E-04
 8.35482   -0.232851E-04    0.187323E-04   -0.297416E-04
 8.36232   -0.232296E-04    0.187031E-04   -0.296638E-04
 8.36982   -0.231742E-04    0.186739E-04   -0.295861E-04
 8.37733   -0.231190E-04    0.186447E-04   -0.295083E-04
 8.38483   -0.230640E-04    0.186157E-04   -0.294308E-04
 8.39233   -0.230091E-04    0.185866E-04   -0.293535E-04
 8.39983   -0.229543E-04    0.185576E-04   -0.292763E-04
 8.40734   -0.228997E-04    0.185287E-04   -0.291993E-04
 8.41484   -0.228453E-04    0.184998E-04   -0.291224E-04
 8.42234   -0.227910E-04    0.184710E-04   -0.290457E-04
 8.42984   -0.227369E-04    0.184422E-04   -0.289691E-04
 8.43734   -0.226829E-04    0.184134E-04   -0.288927E-04
 8.44485   -0.226290E-04    0.183848E-04   -0.288166E-04
 8.45235   -0.225753E-04    0.183561E-04   -0.287405E-04
 8.45985   -0.225218E-04    0.183276E-04   -0.286645E-04
 8.46735   -0.224684E-04    0.182990E-04   -0.285887E-04
 8.47485   -0.224152E-04    0.182705E-04   -0.285131E-04
 8.48236   -0.223621E-04    0.182421E-04   -0.284376E-04
 8.48986   -0.223092E-04    0.182137E-04   -0.283623E-04
 8.49736   -0.222564E-04    0.181853E-04   -0.282871E-04
 8.50486   -0.222037E-04    0.181570E-04   -0.282121E-04
 8.51236   -0.221512E-04    0.181288E-04   -0.281373E-04
 8.51987   -0.220989E-04    0.181006E-04   -0.280625E-04
 8.52737   -0.220467E-04    0.180725E-04   -0.279880E-04
 8.53487   -0.219946E-04    0.180444E-04   -0.279136E-04
 8.54237   -0.219427E-04    0.180163E-04   -0.278393E-04
 8.54987   -0.218910E-04    0.179883E-04   -0.277652E-04
 8.55738   -0.218394E-04    0.179604E-04   -0.276912E-04
 8.56488   -0.217879E-04    0.179325E-04   -0.276174E-04
 8.57238   -0.217366E-04    0.179046E-04   -0.275439E-04
 8.57988   -0.216854E-04    0.178768E-04   -0.274704E-04
 8.58739   -0.216344E-04    0.178490E-04   -0.273970E-04
 8.59489   -0.215835E-04    0.178213E-04   -0.273237E-04
 8.60239   -0.215328E-04    0.177937E-04   -0.272507E-04
 8.60989   -0.214822E-04    0.177661E-04   -0.271784E-04
 8.61739   -0.214318E-04    0.177385E-04   -0.271056E-04
 8.62490   -0.213815E-04    0.177110E-04   -0.270330E-04
 8.63240   -0.213313E-04    0.176836E-04   -0.269600E-04
 8.63990   -0.212813E-04    0.176562E-04   -0.268877E-04
 8.64740   -0.212315E-04    0.176288E-04   -0.268156E-04
 8.65490   -0.211818E-04    0.176015E-04   -0.267436E-04
 8.66241   -0.211322E-04    0.175743E-04   -0.266717E-04
 8.66991   -0.210828E-04    0.175471E-04   -0.266000E-04
 8.67741   -0.210335E-04    0.175199E-04   -0.265285E-04
 8.68491   -0.209843E-04    0.174928E-04   -0.264571E-04
 8.69241   -0.209353E-04    0.174658E-04   -0.263859E-04
 8.69992   -0.208865E-04    0.174388E-04   -0.263148E-04
 8.70742   -0.208378E-04    0.174118E-04   -0.262439E-04
 8.71492   -0.207892E-04    0.173849E-04   -0.261731E-04
 8.72242   -0.207408E-04    0.173581E-04   -0.261027E-04
 8.72992   -0.206925E-04    0.173313E-04   -0.260322E-04
 8.73743   -0.206443E-04    0.173045E-04   -0.259619E-04
 8.74493   -0.205963E-04    0.172778E-04   -0.258917E-04
 8.75243   -0.205485E-04    0.172512E-04   -0.258216E-04
 8.75993   -0.205007E-04    0.172246E-04   -0.257518E-04
 8.76744   -0.204532E-04    0.171980E-04   -0.256820E-04
 8.77494   -0.204057E-04    0.171715E-04   -0.256124E-04
 8.78244   -0.203584E-04    0.171450E-04   -0.255429E-04
 8.78994   -0.203112E-04    0.171186E-04   -0.254736E-04
 8.79744   -0.202642E-04    0.170923E-04   -0.254045E-04
 8.80495   -0.202173E-04    0.170660E-04   -0.253355E-04
 8.81245   -0.201705E-04    0.170397E-04   -0.252666E-04
 8.81995   -0.201239E-04    0.170135E-04   -0.251979E-04
 8.82745   -0.200774E-04    0.169874E-04   -0.251293E-04
 8.83495   -0.200311E-04    0.169613E-04   -0.250609E-04
 8.84246   -0.199849E-04    0.169352E-04   -0.249926E-04
 8.84996   -0.199388E-04    0.169092E-04   -0.249245E-04
 8.85746   -0.198929E-04    0.168832E-04   -0.248565E-04
 8.86496   -0.198471E-04    0.168573E-04   -0.247887E-04
 8.87246   -0.198014E-04    0.168315E-04   -0.247210E-04
 8.87997   -0.197559E-04    0.168057E-04   -0.246534E-04
 8.88747   -0.197105E-04    0.167799E-04   -0.245860E-04
 8.89497   -0.196652E-04    0.167542E-04   -0.245188E-04
 8.90247   -0.196201E-04    0.167285E-04   -0.244517E-04
 8.90997   -0.195751E-04    0.167029E-04   -0.243847E-04
 8.91748   -0.195302E-04    0.166773E-04   -0.243179E-04
 8.92498   -0.194855E-04    0.166518E-04   -0.242512E-04
 8.93248   -0.194409E-04    0.166264E-04   -0.241847E-04
 8.93998   -0.193964E-04    0.166009E-04   -0.241183E-04
 8.94749   -0.193521E-04    0.165756E-04   -0.240521E-04
 8.95499   -0.193079E-04    0.165502E-04   -0.239860E-04
 8.96249   -0.192638E-04    0.165250E-04   -0.239201E-04
 8.96999   -0.192199E-04    0.164997E-04   -0.238542E-04
 8.97749   -0.191760E-04    0.164746E-04   -0.237886E-04
 8.98500   -0.191324E-04    0.164494E-04   -0.237231E-04
 8.99250   -0.190888E-04    0.164244E-04   -0.236577E-04
 9.00000   -0.190454E-04    0.163993E-04   -0.235925E-04
