 0.00500    0.698200E-01   -0.338297E-01    0.243765E-01
 0.02303    0.576545E-01   -0.277482E-01    0.198168E-01
 0.04105    0.504580E-01   -0.241513E-01    0.171216E-01
 0.05908    0.451892E-01   -0.215195E-01    0.151504E-01
 0.07710    0.410202E-01   -0.194374E-01    0.135930E-01
 0.09513    0.375797E-01   -0.177200E-01    0.123098E-01
 0.11316    0.346620E-01   -0.162644E-01    0.112232E-01
 0.13118    0.321400E-01   -0.150071E-01    0.102863E-01
 0.14921    0.299291E-01   -0.139051E-01    0.946666E-02
 0.16723    0.279693E-01   -0.129295E-01    0.874220E-02
 0.18526    0.262169E-01   -0.120577E-01    0.809563E-02
 0.20329    0.246383E-01   -0.112732E-01    0.751478E-02
 0.22131    0.232077E-01   -0.105627E-01    0.698981E-02
 0.23934    0.219044E-01   -0.991609E-02    0.651298E-02
 0.25736    0.207118E-01   -0.932498E-02    0.607799E-02
 0.27539    0.196162E-01   -0.878251E-02    0.567967E-02
 0.29342    0.186062E-01   -0.828299E-02    0.531373E-02
 0.31144    0.176723E-01   -0.782162E-02    0.497655E-02
 0.32947    0.168070E-01   -0.739429E-02    0.466503E-02
 0.34749    0.160020E-01   -0.699754E-02    0.437655E-02
 0.36552    0.152520E-01   -0.662836E-02    0.410884E-02
 0.38355    0.145517E-01   -0.628414E-02    0.385993E-02
 0.40157    0.138967E-01   -0.596259E-02    0.362808E-02
 0.41960    0.132829E-01   -0.566170E-02    0.341177E-02
 0.43763    0.127067E-01   -0.537966E-02    0.320966E-02
 0.45565    0.121651E-01   -0.511492E-02    0.302054E-02
 0.47368    0.116551E-01   -0.486607E-02    0.284337E-02
 0.49170    0.111744E-01   -0.463184E-02    0.267718E-02
 0.50973    0.107206E-01   -0.441113E-02    0.252112E-02
 0.52776    0.102917E-01   -0.420289E-02    0.237442E-02
 0.54578    0.988597E-02   -0.400621E-02    0.223638E-02
 0.56381    0.950168E-02   -0.382028E-02    0.210638E-02
 0.58183    0.913732E-02   -0.364431E-02    0.198384E-02
 0.59986    0.879152E-02   -0.347762E-02    0.186816E-02
 0.61789    0.846302E-02   -0.331959E-02    0.175902E-02
 0.63591    0.815071E-02   -0.316964E-02    0.165591E-02
 0.65394    0.785353E-02   -0.302726E-02    0.155842E-02
 0.67196    0.757051E-02   -0.289194E-02    0.146619E-02
 0.68999    0.730076E-02   -0.276325E-02    0.137889E-02
 0.70802    0.704348E-02   -0.264078E-02    0.129620E-02
 0.72604    0.679791E-02   -0.252414E-02    0.121784E-02
 0.74407    0.656336E-02   -0.241300E-02    0.114354E-02
 0.76209    0.633919E-02   -0.230703E-02    0.107306E-02
 0.78012    0.612481E-02   -0.220593E-02    0.100617E-02
 0.79815    0.591966E-02   -0.210943E-02    0.942673E-03
 0.81617    0.572323E-02   -0.201726E-02    0.882359E-03
 0.83420    0.553503E-02   -0.192918E-02    0.825051E-03
 0.85222    0.535463E-02   -0.184497E-02    0.770580E-03
 0.87025    0.518161E-02   -0.176443E-02    0.718790E-03
 0.88828    0.501558E-02   -0.168736E-02    0.669534E-03
 0.90630    0.485619E-02   -0.161357E-02    0.622676E-03
 0.92433    0.470309E-02   -0.154290E-02    0.578085E-03
 0.94235    0.455597E-02   -0.147520E-02    0.535643E-03
 0.96038    0.441454E-02   -0.141030E-02    0.495236E-03
 0.97841    0.427852E-02   -0.134808E-02    0.456760E-03
 0.99643    0.414764E-02   -0.128839E-02    0.420116E-03
 1.01446    0.402167E-02   -0.123113E-02    0.385213E-03
 1.03248    0.390037E-02   -0.117616E-02    0.351962E-03
 1.05051    0.378352E-02   -0.112339E-02    0.320282E-03
 1.06854    0.367092E-02   -0.107271E-02    0.290095E-03
 1.08656    0.356238E-02   -0.102402E-02    0.261329E-03
 1.10459    0.345771E-02   -0.977238E-03    0.233914E-03
 1.12262    0.335674E-02   -0.932267E-03    0.207787E-03
 1.14064    0.325931E-02   -0.889032E-03    0.182885E-03
 1.15867    0.316527E-02   -0.847452E-03    0.159152E-03
 1.17669    0.307448E-02   -0.807461E-03    0.136533E-03
 1.19472    0.298679E-02   -0.768987E-03    0.114977E-03
 1.21275    0.290208E-02   -0.731966E-03    0.944352E-04
 1.23077    0.282022E-02   -0.696334E-03    0.748617E-04
 1.24880    0.274109E-02   -0.662034E-03    0.562121E-04
 1.26682    0.266459E-02   -0.629008E-03    0.384446E-04
 1.28485    0.259061E-02   -0.597204E-03    0.215198E-04
 1.30288    0.251904E-02   -0.566572E-03    0.539974E-05
 1.32090    0.244979E-02   -0.537064E-03   -0.995078E-05
 1.33893    0.238278E-02   -0.508636E-03   -0.245650E-04
 1.35695    0.231791E-02   -0.481243E-03   -0.384750E-04
 1.37498    0.225510E-02   -0.454846E-03   -0.517111E-04
 1.39301    0.219428E-02   -0.429404E-03   -0.643020E-04
 1.41103    0.213537E-02   -0.404881E-03   -0.762760E-04
 1.42906    0.207830E-02   -0.381241E-03   -0.876585E-04
 1.44708    0.202300E-02   -0.358450E-03   -0.984750E-04
 1.46511    0.196940E-02   -0.336474E-03   -0.108750E-03
 1.48314    0.191745E-02   -0.315284E-03   -0.118505E-03
 1.50116    0.186708E-02   -0.294851E-03   -0.127763E-03
 1.51919    0.181824E-02   -0.275145E-03   -0.136545E-03
 1.53721    0.177087E-02   -0.256139E-03   -0.144869E-03
 1.55524    0.172492E-02   -0.237808E-03   -0.152754E-03
 1.57327    0.168034E-02   -0.220127E-03   -0.160220E-03
 1.59129    0.163709E-02   -0.203071E-03   -0.167283E-03
 1.60932    0.159511E-02   -0.186619E-03   -0.173960E-03
 1.62734    0.155436E-02   -0.170749E-03   -0.180267E-03
 1.64537    0.151475E-02   -0.155440E-03   -0.186218E-03
 1.66340    0.147634E-02   -0.140671E-03   -0.191829E-03
 1.68142    0.143906E-02   -0.126425E-03   -0.197112E-03
 1.69945    0.140285E-02   -0.112683E-03   -0.202081E-03
 1.71747    0.136768E-02   -0.994268E-04   -0.206748E-03
 1.73550    0.133351E-02   -0.866405E-04   -0.211126E-03
 1.75353    0.130032E-02   -0.743075E-04   -0.215226E-03
 1.77155    0.126808E-02   -0.624135E-04   -0.219060E-03
 1.78958    0.123674E-02   -0.509402E-04   -0.222637E-03
 1.80761    0.120629E-02   -0.398766E-04   -0.225968E-03
 1.82563    0.117670E-02   -0.292078E-04   -0.229064E-03
 1.84366    0.114793E-02   -0.189208E-04   -0.231932E-03
 1.86168    0.111997E-02   -0.900308E-05   -0.234583E-03
 1.87971    0.109279E-02    0.556372E-06   -0.237023E-03
 1.89774    0.106636E-02    0.977087E-05   -0.239263E-03
 1.91576    0.104066E-02    0.186525E-04   -0.241308E-03
 1.93379    0.101568E-02    0.272090E-04   -0.243168E-03
 1.95181    0.991382E-03    0.354521E-04   -0.244849E-03
 1.96984    0.967757E-03    0.433916E-04   -0.246358E-03
 1.98787    0.944782E-03    0.510366E-04   -0.247701E-03
 2.00589    0.922439E-03    0.583967E-04   -0.248884E-03
 2.02392    0.900709E-03    0.654804E-04   -0.249915E-03
 2.04194    0.879576E-03    0.722963E-04   -0.250798E-03
 2.05997    0.859024E-03    0.788522E-04   -0.251538E-03
 2.07800    0.839035E-03    0.851553E-04   -0.252142E-03
 2.09602    0.819596E-03    0.912135E-04   -0.252614E-03
 2.11405    0.800692E-03    0.970341E-04   -0.252958E-03
 2.13207    0.782309E-03    0.102623E-03   -0.253180E-03
 2.15010    0.764432E-03    0.107987E-03   -0.253284E-03
 2.16813    0.747051E-03    0.113132E-03   -0.253272E-03
 2.18615    0.730152E-03    0.118065E-03   -0.253151E-03
 2.20418    0.713724E-03    0.122790E-03   -0.252922E-03
 2.22220    0.697757E-03    0.127313E-03   -0.252590E-03
 2.24023    0.682240E-03    0.131639E-03   -0.252158E-03
 2.25826    0.667162E-03    0.135772E-03   -0.251629E-03
 2.27628    0.652514E-03    0.139718E-03   -0.251005E-03
 2.29431    0.638288E-03    0.143480E-03   -0.250290E-03
 2.31233    0.624476E-03    0.147062E-03   -0.249485E-03
 2.33036    0.611068E-03    0.150469E-03   -0.248594E-03
 2.34839    0.598058E-03    0.153702E-03   -0.247617E-03
 2.36641    0.585439E-03    0.156766E-03   -0.246558E-03
 2.38444    0.573204E-03    0.159665E-03   -0.245417E-03
 2.40246    0.561347E-03    0.162399E-03   -0.244198E-03
 2.42049    0.549862E-03    0.164974E-03   -0.242900E-03
 2.43852    0.538743E-03    0.167390E-03   -0.241536E-03
 2.45654    0.527985E-03    0.169651E-03   -0.240087E-03
 2.47457    0.517582E-03    0.171759E-03   -0.238563E-03
 2.49260    0.507532E-03    0.173716E-03   -0.236967E-03
 2.51062    0.497828E-03    0.175523E-03   -0.235299E-03
 2.52865    0.488468E-03    0.177183E-03   -0.233560E-03
 2.54667    0.479445E-03    0.178698E-03   -0.231751E-03
 2.56470    0.470758E-03    0.180069E-03   -0.229873E-03
 2.58273    0.462398E-03    0.181298E-03   -0.227926E-03
 2.60075    0.454366E-03    0.182388E-03   -0.225913E-03
 2.61878    0.446656E-03    0.183339E-03   -0.223832E-03
 2.63680    0.439281E-03    0.184153E-03   -0.221677E-03
 2.65483    0.432202E-03    0.184834E-03   -0.219465E-03
 2.67286    0.425433E-03    0.185381E-03   -0.217190E-03
 2.69088    0.418969E-03    0.185799E-03   -0.214853E-03
 2.70891    0.412803E-03    0.186087E-03   -0.212454E-03
 2.72693    0.406932E-03    0.186251E-03   -0.209995E-03
 2.74496    0.401350E-03    0.186291E-03   -0.207477E-03
 2.76299    0.396049E-03    0.186212E-03   -0.204902E-03
 2.78101    0.391022E-03    0.186017E-03   -0.202273E-03
 2.79904    0.386262E-03    0.185707E-03   -0.199590E-03
 2.81706    0.381762E-03    0.185289E-03   -0.196857E-03
 2.83509    0.377510E-03    0.184765E-03   -0.194077E-03
 2.85312    0.373498E-03    0.184142E-03   -0.191251E-03
 2.87114    0.369716E-03    0.183422E-03   -0.188385E-03
 2.88917    0.366152E-03    0.182613E-03   -0.185480E-03
 2.90719    0.362795E-03    0.181720E-03   -0.182541E-03
 2.92522    0.359631E-03    0.180748E-03   -0.179572E-03
 2.94325    0.356645E-03    0.179706E-03   -0.176577E-03
 2.96127    0.353824E-03    0.178599E-03   -0.173562E-03
 2.97930    0.351151E-03    0.177436E-03   -0.170532E-03
 2.99732    0.348612E-03    0.176223E-03   -0.167491E-03
 3.01535    0.346175E-03    0.174970E-03   -0.164446E-03
 3.03338    0.343863E-03    0.173685E-03   -0.161402E-03
 3.05140    0.341619E-03    0.172376E-03   -0.158366E-03
 3.06943    0.339422E-03    0.171054E-03   -0.155344E-03
 3.08745    0.337281E-03    0.169726E-03   -0.152341E-03
 3.10548    0.335179E-03    0.168402E-03   -0.149366E-03
 3.12351    0.333047E-03    0.167093E-03   -0.146425E-03
 3.14153    0.330916E-03    0.165808E-03   -0.143525E-03
 3.15956    0.328749E-03    0.164555E-03   -0.140669E-03
 3.17759    0.326526E-03    0.163346E-03   -0.137869E-03
 3.19561    0.324240E-03    0.162188E-03   -0.135129E-03
 3.21364    0.321849E-03    0.161092E-03   -0.132456E-03
 3.23166    0.319347E-03    0.160066E-03   -0.129856E-03
 3.24969    0.316715E-03    0.159119E-03   -0.127334E-03
 3.26772    0.313938E-03    0.158258E-03   -0.124898E-03
 3.28574    0.311000E-03    0.157491E-03   -0.122551E-03
 3.30377    0.307886E-03    0.156826E-03   -0.120298E-03
 3.32179    0.304584E-03    0.156268E-03   -0.118146E-03
 3.33982    0.301081E-03    0.155824E-03   -0.116097E-03
 3.35785    0.297365E-03    0.155500E-03   -0.114154E-03
 3.37587    0.293427E-03    0.155298E-03   -0.112322E-03
 3.39390    0.289264E-03    0.155223E-03   -0.110601E-03
 3.41192    0.284866E-03    0.155277E-03   -0.108995E-03
 3.42995    0.280229E-03    0.155462E-03   -0.107504E-03
 3.44798    0.275341E-03    0.155780E-03   -0.106129E-03
 3.46600    0.270222E-03    0.156232E-03   -0.104871E-03
 3.48403    0.264861E-03    0.156816E-03   -0.103727E-03
 3.50205    0.259263E-03    0.157532E-03   -0.102698E-03
 3.52008    0.253427E-03    0.158377E-03   -0.101782E-03
 3.53811    0.247364E-03    0.159349E-03   -0.100976E-03
 3.55613    0.241078E-03    0.160443E-03   -0.100278E-03
 3.57416    0.234579E-03    0.161656E-03   -0.996834E-04
 3.59218    0.227876E-03    0.162982E-03   -0.991893E-04
 3.61021    0.220980E-03    0.164416E-03   -0.987909E-04
 3.62824    0.213904E-03    0.165952E-03   -0.984839E-04
 3.64626    0.206660E-03    0.167584E-03   -0.982633E-04
 3.66429    0.199264E-03    0.169303E-03   -0.981233E-04
 3.68231    0.191728E-03    0.171103E-03   -0.980583E-04
 3.70034    0.184070E-03    0.172976E-03   -0.980627E-04
 3.71837    0.176306E-03    0.174913E-03   -0.981304E-04
 3.73639    0.168452E-03    0.176906E-03   -0.982551E-04
 3.75442    0.160525E-03    0.178948E-03   -0.984304E-04
 3.77244    0.152542E-03    0.181030E-03   -0.986501E-04
 3.79047    0.144519E-03    0.183143E-03   -0.989078E-04
 3.80850    0.136474E-03    0.185278E-03   -0.991972E-04
 3.82652    0.128423E-03    0.187428E-03   -0.995119E-04
 3.84455    0.120383E-03    0.189584E-03   -0.998465E-04
 3.86258    0.112369E-03    0.191739E-03   -0.100194E-03
 3.88060    0.104398E-03    0.193884E-03   -0.100549E-03
 3.89863    0.964824E-04    0.196014E-03   -0.100907E-03
 3.91665    0.886382E-04    0.198118E-03   -0.101262E-03
 3.93468    0.808786E-04    0.200192E-03   -0.101609E-03
 3.95271    0.732163E-04    0.202229E-03   -0.101942E-03
 3.97073    0.656634E-04    0.204223E-03   -0.102259E-03
 3.98876    0.582311E-04    0.206170E-03   -0.102554E-03
 4.00678    0.509298E-04    0.208062E-03   -0.102824E-03
 4.02481    0.437690E-04    0.209896E-03   -0.103065E-03
 4.04284    0.367571E-04    0.211668E-03   -0.103274E-03
 4.06086    0.299018E-04    0.213373E-03   -0.103448E-03
 4.07889    0.232103E-04    0.215008E-03   -0.103585E-03
 4.09691    0.166881E-04    0.216571E-03   -0.103682E-03
 4.11494    0.103406E-04    0.218058E-03   -0.103738E-03
 4.13297    0.417192E-05    0.219467E-03   -0.103751E-03
 4.15099   -0.181423E-05    0.220798E-03   -0.103720E-03
 4.16902   -0.761509E-05    0.222048E-03   -0.103643E-03
 4.18704   -0.132287E-04    0.223216E-03   -0.103520E-03
 4.20507   -0.186533E-04    0.224303E-03   -0.103350E-03
 4.22310   -0.238887E-04    0.225306E-03   -0.103133E-03
 4.24112   -0.289345E-04    0.226226E-03   -0.102870E-03
 4.25915   -0.337913E-04    0.227064E-03   -0.102558E-03
 4.27717   -0.384601E-04    0.227820E-03   -0.102201E-03
 4.29520   -0.429425E-04    0.228495E-03   -0.101797E-03
 4.31323   -0.472405E-04    0.229089E-03   -0.101348E-03
 4.33125   -0.513565E-04    0.229605E-03   -0.100855E-03
 4.34928   -0.552930E-04    0.230043E-03   -0.100318E-03
 4.36730   -0.590537E-04    0.230404E-03   -0.997380E-04
 4.38533   -0.626414E-04    0.230691E-03   -0.991169E-04
 4.40336   -0.660595E-04    0.230905E-03   -0.984559E-04
 4.42138   -0.693123E-04    0.231049E-03   -0.977560E-04
 4.43941   -0.724040E-04    0.231123E-03   -0.970192E-04
 4.45743   -0.753382E-04    0.231130E-03   -0.962458E-04
 4.47546   -0.781195E-04    0.231073E-03   -0.954380E-04
 4.49349   -0.807524E-04    0.230953E-03   -0.945974E-04
 4.51151   -0.832414E-04    0.230773E-03   -0.937255E-04
 4.52954   -0.855909E-04    0.230534E-03   -0.928248E-04
 4.54757   -0.878057E-04    0.230239E-03   -0.918942E-04
 4.56559   -0.898900E-04    0.229891E-03   -0.909377E-04
 4.58362   -0.918488E-04    0.229491E-03   -0.899557E-04
 4.60164   -0.936863E-04    0.229042E-03   -0.889506E-04
 4.61967   -0.954073E-04    0.228546E-03   -0.879234E-04
 4.63770   -0.970161E-04    0.228005E-03   -0.868759E-04
 4.65572   -0.985169E-04    0.227422E-03   -0.858090E-04
 4.67375   -0.999142E-04    0.226796E-03   -0.847248E-04
 4.69177   -0.101212E-03    0.226133E-03   -0.836243E-04
 4.70980   -0.102415E-03    0.225433E-03   -0.825089E-04
 4.72783   -0.103526E-03    0.224698E-03   -0.813801E-04
 4.74585   -0.104551E-03    0.223930E-03   -0.802391E-04
 4.76388   -0.105495E-03    0.223131E-03   -0.790871E-04
 4.78190   -0.106356E-03    0.222303E-03   -0.779253E-04
 4.79993   -0.107141E-03    0.221447E-03   -0.767552E-04
 4.81796   -0.107853E-03    0.220566E-03   -0.755774E-04
 4.83598   -0.108496E-03    0.219660E-03   -0.743931E-04
 4.85401   -0.109073E-03    0.218731E-03   -0.732035E-04
 4.87203   -0.109587E-03    0.217781E-03   -0.720095E-04
 4.89006   -0.110040E-03    0.216811E-03   -0.708119E-04
 4.90809   -0.110437E-03    0.215822E-03   -0.696117E-04
 4.92611   -0.110779E-03    0.214826E-03   -0.684100E-04
 4.94414   -0.111070E-03    0.213804E-03   -0.672071E-04
 4.96216   -0.111312E-03    0.212768E-03   -0.660043E-04
 4.98019   -0.111507E-03    0.211718E-03   -0.648018E-04
 4.99822   -0.111657E-03    0.210656E-03   -0.636006E-04
 5.01624   -0.111766E-03    0.209582E-03   -0.624014E-04
 5.03427   -0.111834E-03    0.208498E-03   -0.612046E-04
 5.05229   -0.111865E-03    0.207405E-03   -0.600111E-04
 5.07032   -0.111856E-03    0.206302E-03   -0.588209E-04
 5.08835   -0.111817E-03    0.205192E-03   -0.576351E-04
 5.10637   -0.111746E-03    0.204076E-03   -0.564538E-04
 5.12440   -0.111649E-03    0.202953E-03   -0.552777E-04
 5.14242   -0.111513E-03    0.201824E-03   -0.541069E-04
 5.16045   -0.111355E-03    0.200691E-03   -0.529423E-04
 5.17848   -0.111171E-03    0.199554E-03   -0.517835E-04
 5.19650   -0.110962E-03    0.198413E-03   -0.506318E-04
 5.21453   -0.110731E-03    0.197270E-03   -0.494870E-04
 5.23256   -0.110477E-03    0.196124E-03   -0.483488E-04
 5.25058   -0.110203E-03    0.194977E-03   -0.472182E-04
 5.26861   -0.109909E-03    0.193828E-03   -0.460955E-04
 5.28663   -0.109597E-03    0.192678E-03   -0.449807E-04
 5.30466   -0.109267E-03    0.191528E-03   -0.438741E-04
 5.32269   -0.108921E-03    0.190379E-03   -0.427758E-04
 5.34071   -0.108560E-03    0.189230E-03   -0.416860E-04
 5.35874   -0.108184E-03    0.188081E-03   -0.406049E-04
 5.37676   -0.107795E-03    0.186934E-03   -0.395326E-04
 5.39479   -0.107392E-03    0.185789E-03   -0.384692E-04
 5.41282   -0.106978E-03    0.184645E-03   -0.374148E-04
 5.43084   -0.106552E-03    0.183497E-03   -0.363694E-04
 5.44887   -0.106116E-03    0.182365E-03   -0.353332E-04
 5.46689   -0.105670E-03    0.181228E-03   -0.343065E-04
 5.48492   -0.105215E-03    0.180095E-03   -0.332890E-04
 5.50295   -0.104751E-03    0.178965E-03   -0.322806E-04
 5.52097   -0.104279E-03    0.177839E-03   -0.312819E-04
 5.53900   -0.103799E-03    0.176716E-03   -0.302927E-04
 5.55702   -0.103312E-03    0.175597E-03   -0.293130E-04
 5.57505   -0.102819E-03    0.174482E-03   -0.283430E-04
 5.59308   -0.102320E-03    0.173371E-03   -0.273826E-04
 5.61110   -0.101815E-03    0.172265E-03   -0.264325E-04
 5.62913   -0.101305E-03    0.171163E-03   -0.254912E-04
 5.64715   -0.100791E-03    0.170066E-03   -0.245602E-04
 5.66518   -0.100272E-03    0.168974E-03   -0.236393E-04
 5.68321   -0.997490E-04    0.167887E-03   -0.227281E-04
 5.70123   -0.992225E-04    0.166804E-03   -0.218271E-04
 5.71926   -0.986927E-04    0.165727E-03   -0.209361E-04
 5.73728   -0.981598E-04    0.164655E-03   -0.200550E-04
 5.75531   -0.976244E-04    0.163588E-03   -0.191840E-04
 5.77334   -0.970867E-04    0.162527E-03   -0.183230E-04
 5.79136   -0.965470E-04    0.161471E-03   -0.174724E-04
 5.80939   -0.960056E-04    0.160421E-03   -0.166320E-04
 5.82741   -0.954625E-04    0.159376E-03   -0.158014E-04
 5.84544   -0.949180E-04    0.158337E-03   -0.149812E-04
 5.86347   -0.943725E-04    0.157304E-03   -0.141711E-04
 5.88149   -0.938261E-04    0.156277E-03   -0.133712E-04
 5.89952   -0.932791E-04    0.155255E-03   -0.125812E-04
 5.91755   -0.927316E-04    0.154240E-03   -0.118011E-04
 5.93557   -0.921838E-04    0.153230E-03   -0.110310E-04
 5.95360   -0.916360E-04    0.152226E-03   -0.102708E-04
 5.97162   -0.910884E-04    0.151229E-03   -0.952016E-05
 5.98965   -0.905410E-04    0.150237E-03   -0.877912E-05
 6.00768   -0.899940E-04    0.149251E-03   -0.804761E-05
 6.02570   -0.894477E-04    0.148272E-03   -0.732551E-05
 6.04373   -0.889021E-04    0.147298E-03   -0.661277E-05
 6.06175   -0.883574E-04    0.146331E-03   -0.590912E-05
 6.07978   -0.878139E-04    0.145370E-03   -0.521454E-05
 6.09781   -0.872716E-04    0.144415E-03   -0.452898E-05
 6.11583   -0.867305E-04    0.143466E-03   -0.385224E-05
 6.13386   -0.861909E-04    0.142523E-03   -0.318427E-05
 6.15188   -0.856530E-04    0.141587E-03   -0.252494E-05
 6.16991   -0.851167E-04    0.140651E-03   -0.187417E-05
 6.18794   -0.845824E-04    0.139727E-03   -0.123188E-05
 6.20596   -0.840501E-04    0.138810E-03   -0.597954E-06
 6.22399   -0.835199E-04    0.137899E-03    0.276689E-07
 6.24201   -0.829919E-04    0.136994E-03    0.645088E-06
 6.26004   -0.824662E-04    0.136095E-03    0.125434E-05
 6.27807   -0.819430E-04    0.135203E-03    0.185552E-05
 6.29609   -0.814223E-04    0.134317E-03    0.244871E-05
 6.31412   -0.809044E-04    0.133437E-03    0.303392E-05
 6.33214   -0.803892E-04    0.132563E-03    0.361122E-05
 6.35017   -0.798768E-04    0.131696E-03    0.418064E-05
 6.36820   -0.793674E-04    0.130835E-03    0.474226E-05
 6.38622   -0.788611E-04    0.129980E-03    0.529621E-05
 6.40425   -0.783579E-04    0.129132E-03    0.584230E-05
 6.42227   -0.778579E-04    0.128290E-03    0.638075E-05
 6.44030   -0.773612E-04    0.127454E-03    0.691168E-05
 6.45833   -0.768678E-04    0.126625E-03    0.743489E-05
 6.47635   -0.763779E-04    0.125802E-03    0.795041E-05
 6.49438   -0.758915E-04    0.124985E-03    0.845853E-05
 6.51240   -0.754086E-04    0.124175E-03    0.895929E-05
 6.53043   -0.749294E-04    0.123371E-03    0.945260E-05
 6.54846   -0.744538E-04    0.122573E-03    0.993856E-05
 6.56648   -0.739819E-04    0.121782E-03    0.104172E-04
 6.58451   -0.735138E-04    0.120996E-03    0.108886E-04
 6.60254   -0.730495E-04    0.120217E-03    0.113528E-04
 6.62056   -0.725889E-04    0.119443E-03    0.118098E-04
 6.63859   -0.721322E-04    0.118676E-03    0.122598E-04
 6.65661   -0.716793E-04    0.117916E-03    0.127028E-04
 6.67464   -0.712302E-04    0.117161E-03    0.131388E-04
 6.69267   -0.707851E-04    0.116412E-03    0.135679E-04
 6.71069   -0.703437E-04    0.115669E-03    0.139903E-04
 6.72872   -0.699062E-04    0.114933E-03    0.144059E-04
 6.74674   -0.694725E-04    0.114202E-03    0.148150E-04
 6.76477   -0.690425E-04    0.113477E-03    0.152174E-04
 6.78280   -0.686164E-04    0.112757E-03    0.156134E-04
 6.80082   -0.681939E-04    0.112044E-03    0.160029E-04
 6.81885   -0.677751E-04    0.111336E-03    0.163862E-04
 6.83687   -0.673599E-04    0.110634E-03    0.167632E-04
 6.85490   -0.669484E-04    0.109937E-03    0.171341E-04
 6.87293   -0.665403E-04    0.109246E-03    0.174989E-04
 6.89095   -0.661357E-04    0.108560E-03    0.178578E-04
 6.90898   -0.657344E-04    0.107880E-03    0.182108E-04
 6.92700   -0.653365E-04    0.107205E-03    0.185579E-04
 6.94503   -0.649419E-04    0.106536E-03    0.188994E-04
 6.96306   -0.645505E-04    0.105871E-03    0.192352E-04
 6.98108   -0.641622E-04    0.105212E-03    0.195656E-04
 6.99911   -0.637770E-04    0.104558E-03    0.198904E-04
 7.01713   -0.633947E-04    0.103908E-03    0.202100E-04
 7.03516   -0.630152E-04    0.103264E-03    0.205242E-04
 7.05319   -0.626385E-04    0.102625E-03    0.208333E-04
 7.07121   -0.622646E-04    0.101990E-03    0.211373E-04
 7.08924   -0.618933E-04    0.101360E-03    0.214362E-04
 7.10726   -0.615246E-04    0.100734E-03    0.217303E-04
 7.12529   -0.611582E-04    0.100113E-03    0.220195E-04
 7.14332   -0.607942E-04    0.994971E-04    0.223039E-04
 7.16134   -0.604326E-04    0.988852E-04    0.225837E-04
 7.17937   -0.600731E-04    0.982775E-04    0.228588E-04
 7.19739   -0.597157E-04    0.976742E-04    0.231294E-04
 7.21542   -0.593604E-04    0.970751E-04    0.233957E-04
 7.23345   -0.590071E-04    0.964805E-04    0.236575E-04
 7.25147   -0.586558E-04    0.958893E-04    0.239151E-04
 7.26950   -0.583062E-04    0.953024E-04    0.241684E-04
 7.28753   -0.579584E-04    0.947196E-04    0.244176E-04
 7.30555   -0.576123E-04    0.941406E-04    0.246627E-04
 7.32358   -0.572678E-04    0.935655E-04    0.249038E-04
 7.34160   -0.569250E-04    0.929942E-04    0.251410E-04
 7.35963   -0.565837E-04    0.924267E-04    0.253743E-04
 7.37766   -0.562439E-04    0.918628E-04    0.256038E-04
 7.39568   -0.559055E-04    0.913027E-04    0.258295E-04
 7.41371   -0.555686E-04    0.907461E-04    0.260515E-04
 7.43173   -0.552331E-04    0.901931E-04    0.262699E-04
 7.44976   -0.548989E-04    0.896437E-04    0.264847E-04
 7.46779   -0.545661E-04    0.890978E-04    0.266960E-04
 7.48581   -0.542344E-04    0.885552E-04    0.269038E-04
 7.50384   -0.539042E-04    0.880161E-04    0.271082E-04
 7.52186   -0.535752E-04    0.874804E-04    0.273091E-04
 7.53989   -0.532474E-04    0.869481E-04    0.275067E-04
 7.55792   -0.529209E-04    0.864192E-04    0.277011E-04
 7.57594   -0.525956E-04    0.858935E-04    0.278921E-04
 7.59397   -0.522714E-04    0.853711E-04    0.280799E-04
 7.61199   -0.519486E-04    0.848520E-04    0.282646E-04
 7.63002   -0.516270E-04    0.843365E-04    0.284461E-04
 7.64805   -0.513066E-04    0.838235E-04    0.286245E-04
 7.66607   -0.509875E-04    0.833141E-04    0.287999E-04
 7.68410   -0.506696E-04    0.828079E-04    0.289721E-04
 7.70212   -0.503530E-04    0.823048E-04    0.291414E-04
 7.72015   -0.500376E-04    0.818049E-04    0.293078E-04
 7.73818   -0.497235E-04    0.813081E-04    0.294712E-04
 7.75620   -0.494107E-04    0.808145E-04    0.296315E-04
 7.77423   -0.490992E-04    0.803239E-04    0.297892E-04
 7.79225   -0.487891E-04    0.798365E-04    0.299439E-04
 7.81028   -0.484802E-04    0.793521E-04    0.300958E-04
 7.82831   -0.481728E-04    0.788708E-04    0.302449E-04
 7.84633   -0.478667E-04    0.783925E-04    0.303912E-04
 7.86436   -0.475620E-04    0.779174E-04    0.305347E-04
 7.88238   -0.472588E-04    0.774452E-04    0.306756E-04
 7.90041   -0.469569E-04    0.769761E-04    0.308137E-04
 7.91844   -0.466565E-04    0.765101E-04    0.309492E-04
 7.93646   -0.463576E-04    0.760470E-04    0.310820E-04
 7.95449   -0.460602E-04    0.755870E-04    0.312122E-04
 7.97252   -0.457643E-04    0.751302E-04    0.313397E-04
 7.99054   -0.454699E-04    0.746759E-04    0.314647E-04
 8.00857   -0.451770E-04    0.742248E-04    0.315872E-04
 8.02659   -0.448857E-04    0.737766E-04    0.317071E-04
 8.04462   -0.445960E-04    0.733314E-04    0.318245E-04
 8.06265   -0.443078E-04    0.728892E-04    0.319394E-04
 8.08067   -0.440213E-04    0.724499E-04    0.320518E-04
 8.09870   -0.437363E-04    0.720135E-04    0.321619E-04
 8.11672   -0.434530E-04    0.715800E-04    0.322695E-04
 8.13475   -0.431713E-04    0.711493E-04    0.323747E-04
 8.15278   -0.428913E-04    0.707217E-04    0.324775E-04
 8.17080   -0.426129E-04    0.702968E-04    0.325780E-04
 8.18883   -0.423362E-04    0.698748E-04    0.326762E-04
 8.20685   -0.420612E-04    0.694556E-04    0.327720E-04
 8.22488   -0.417878E-04    0.690393E-04    0.328656E-04
 8.24291   -0.415161E-04    0.686259E-04    0.329569E-04
 8.26093   -0.412461E-04    0.682152E-04    0.330460E-04
 8.27896   -0.409778E-04    0.678073E-04    0.331329E-04
 8.29698   -0.407113E-04    0.674022E-04    0.332176E-04
 8.31501   -0.404464E-04    0.669998E-04    0.333001E-04
 8.33304   -0.401832E-04    0.666002E-04    0.333807E-04
 8.35106   -0.399218E-04    0.662034E-04    0.334588E-04
 8.36909   -0.396620E-04    0.658095E-04    0.335350E-04
 8.38711   -0.394040E-04    0.654180E-04    0.336092E-04
 8.40514   -0.391477E-04    0.650291E-04    0.336813E-04
 8.42317   -0.388931E-04    0.646430E-04    0.337513E-04
 8.44119   -0.386403E-04    0.642596E-04    0.338193E-04
 8.45922   -0.383891E-04    0.638789E-04    0.338853E-04
 8.47724   -0.381397E-04    0.635008E-04    0.339494E-04
 8.49527   -0.378920E-04    0.631253E-04    0.340115E-04
 8.51330   -0.376461E-04    0.627525E-04    0.340717E-04
 8.53132   -0.374018E-04    0.623822E-04    0.341300E-04
 8.54935   -0.371593E-04    0.620145E-04    0.341864E-04
 8.56737   -0.369186E-04    0.616494E-04    0.342409E-04
 8.58540   -0.366795E-04    0.612868E-04    0.342936E-04
 8.60343   -0.364421E-04    0.609268E-04    0.343445E-04
 8.62145   -0.362065E-04    0.605692E-04    0.343936E-04
 8.63948   -0.359726E-04    0.602142E-04    0.344409E-04
 8.65751   -0.357404E-04    0.598617E-04    0.344865E-04
 8.67553   -0.355099E-04    0.595116E-04    0.345303E-04
 8.69356   -0.352811E-04    0.591640E-04    0.345724E-04
 8.71158   -0.350540E-04    0.588191E-04    0.346128E-04
 8.72961   -0.348286E-04    0.584762E-04    0.346515E-04
 8.74764   -0.346050E-04    0.581359E-04    0.346886E-04
 8.76566   -0.343830E-04    0.578012E-04    0.347240E-04
 8.78369   -0.341626E-04    0.574625E-04    0.347578E-04
 8.80171   -0.339440E-04    0.571293E-04    0.347900E-04
 8.81974   -0.337271E-04    0.567985E-04    0.348207E-04
 8.83777   -0.335118E-04    0.564701E-04    0.348497E-04
 8.85579   -0.332982E-04    0.561440E-04    0.348772E-04
 8.87382   -0.330862E-04    0.558202E-04    0.349032E-04
 8.89184   -0.328759E-04    0.554987E-04    0.349277E-04
 8.90987   -0.326673E-04    0.551795E-04    0.349507E-04
 8.92790   -0.324602E-04    0.548625E-04    0.349723E-04
 8.94592   -0.322548E-04    0.545478E-04    0.349923E-04
 8.96395   -0.320510E-04    0.542353E-04    0.350110E-04
 8.98197   -0.318488E-04    0.539250E-04    0.350282E-04
 9.00000   -0.316483E-04    0.536170E-04    0.350441E-04
