 0.00500    0.883448E-01   -0.423187E-01    0.301672E-01
 0.02303    0.733339E-01   -0.348152E-01    0.245409E-01
 0.04105    0.643998E-01   -0.303508E-01    0.211972E-01
 0.05908    0.578338E-01   -0.270712E-01    0.187434E-01
 0.07710    0.526235E-01   -0.244706E-01    0.168004E-01
 0.09513    0.483124E-01   -0.223203E-01    0.151963E-01
 0.11316    0.446486E-01   -0.204945E-01    0.138368E-01
 0.13118    0.414751E-01   -0.189144E-01    0.126626E-01
 0.14921    0.386876E-01   -0.175279E-01    0.116344E-01
 0.16723    0.362124E-01   -0.162980E-01    0.107244E-01
 0.18526    0.339951E-01   -0.151974E-01    0.991213E-02
 0.20329    0.319947E-01   -0.142058E-01    0.918206E-02
 0.22131    0.301788E-01   -0.133067E-01    0.852196E-02
 0.23934    0.285220E-01   -0.124875E-01    0.792222E-02
 0.25736    0.270038E-01   -0.117379E-01    0.737503E-02
 0.27539    0.256071E-01   -0.110493E-01    0.687394E-02
 0.29342    0.243177E-01   -0.104145E-01    0.641357E-02
 0.31144    0.231239E-01   -0.982781E-02    0.598945E-02
 0.32947    0.220155E-01   -0.928396E-02    0.559772E-02
 0.34749    0.209838E-01   -0.877862E-02    0.523506E-02
 0.36552    0.200214E-01   -0.830807E-02    0.489864E-02
 0.38355    0.191218E-01   -0.786905E-02    0.458599E-02
 0.40157    0.182794E-01   -0.745869E-02    0.429494E-02
 0.41960    0.174890E-01   -0.707449E-02    0.402359E-02
 0.43763    0.167463E-01   -0.671421E-02    0.377025E-02
 0.45565    0.160474E-01   -0.637586E-02    0.353339E-02
 0.47368    0.153886E-01   -0.605768E-02    0.331169E-02
 0.49170    0.147670E-01   -0.575811E-02    0.310395E-02
 0.50973    0.141797E-01   -0.547571E-02    0.290908E-02
 0.52776    0.136241E-01   -0.520922E-02    0.272612E-02
 0.54578    0.130979E-01   -0.495781E-02    0.255418E-02
 0.56381    0.125991E-01   -0.471941E-02    0.239247E-02
 0.58183    0.121258E-01   -0.449410E-02    0.224026E-02
 0.59986    0.116762E-01   -0.428066E-02    0.209688E-02
 0.61789    0.112487E-01   -0.407829E-02    0.196174E-02
 0.63591    0.108420E-01   -0.388626E-02    0.183427E-02
 0.65394    0.104546E-01   -0.370391E-02    0.171397E-02
 0.67196    0.100854E-01   -0.353063E-02    0.160038E-02
 0.68999    0.973331E-02   -0.336585E-02    0.149306E-02
 0.70802    0.939722E-02   -0.320907E-02    0.139162E-02
 0.72604    0.907620E-02   -0.305978E-02    0.129570E-02
 0.74407    0.876935E-02   -0.291754E-02    0.120495E-02
 0.76209    0.847588E-02   -0.278195E-02    0.111906E-02
 0.78012    0.819502E-02   -0.265263E-02    0.103774E-02
 0.79815    0.792609E-02   -0.252922E-02    0.960735E-03
 0.81617    0.766842E-02   -0.241140E-02    0.887783E-03
 0.83420    0.742139E-02   -0.229885E-02    0.818650E-03
 0.85222    0.718445E-02   -0.219130E-02    0.753123E-03
 0.87025    0.695706E-02   -0.208846E-02    0.690997E-03
 0.88828    0.673872E-02   -0.199010E-02    0.632086E-03
 0.90630    0.652899E-02   -0.189597E-02    0.576212E-03
 0.92433    0.632742E-02   -0.180588E-02    0.523212E-03
 0.94235    0.613361E-02   -0.171960E-02    0.472932E-03
 0.96038    0.594718E-02   -0.163695E-02    0.425225E-03
 0.97841    0.576777E-02   -0.155774E-02    0.379956E-03
 0.99643    0.559505E-02   -0.148182E-02    0.336998E-03
 1.01446    0.542870E-02   -0.140901E-02    0.296231E-03
 1.03248    0.526842E-02   -0.133919E-02    0.257544E-03
 1.05051    0.511395E-02   -0.127219E-02    0.220831E-03
 1.06854    0.496502E-02   -0.120789E-02    0.185993E-03
 1.08656    0.482137E-02   -0.114617E-02    0.152936E-03
 1.10459    0.468277E-02   -0.108690E-02    0.121571E-03
 1.12262    0.454900E-02   -0.102998E-02    0.918163E-04
 1.14064    0.441985E-02   -0.975304E-03    0.635920E-04
 1.15867    0.429513E-02   -0.922764E-03    0.368238E-04
 1.17669    0.417464E-02   -0.872269E-03    0.114413E-04
 1.19472    0.405821E-02   -0.823732E-03   -0.126223E-04
 1.21275    0.394566E-02   -0.777071E-03   -0.354292E-04
 1.23077    0.383685E-02   -0.732202E-03   -0.570388E-04
 1.24880    0.373162E-02   -0.689053E-03   -0.775065E-04
 1.26682    0.362983E-02   -0.647550E-03   -0.968849E-04
 1.28485    0.353133E-02   -0.607626E-03   -0.115226E-03
 1.30288    0.343600E-02   -0.569212E-03   -0.132578E-03
 1.32090    0.334371E-02   -0.532250E-03   -0.148986E-03
 1.33893    0.325435E-02   -0.496678E-03   -0.164495E-03
 1.35695    0.316781E-02   -0.462440E-03   -0.179144E-03
 1.37498    0.308396E-02   -0.429485E-03   -0.192974E-03
 1.39301    0.300273E-02   -0.397759E-03   -0.206021E-03
 1.41103    0.292400E-02   -0.367215E-03   -0.218321E-03
 1.42906    0.284769E-02   -0.337809E-03   -0.229887E-03
 1.44708    0.277370E-02   -0.309496E-03   -0.240790E-03
 1.46511    0.270196E-02   -0.282233E-03   -0.251041E-03
 1.48314    0.263238E-02   -0.255981E-03   -0.260685E-03
 1.50116    0.256488E-02   -0.230701E-03   -0.269718E-03
 1.51919    0.249940E-02   -0.206355E-03   -0.278182E-03
 1.53721    0.243585E-02   -0.182909E-03   -0.286102E-03
 1.55524    0.237418E-02   -0.160330E-03   -0.293503E-03
 1.57327    0.231432E-02   -0.138585E-03   -0.300407E-03
 1.59129    0.225619E-02   -0.117644E-03   -0.306836E-03
 1.60932    0.219976E-02   -0.974771E-04   -0.312811E-03
 1.62734    0.214495E-02   -0.780560E-04   -0.318352E-03
 1.64537    0.209172E-02   -0.593533E-04   -0.323479E-03
 1.66340    0.204001E-02   -0.413440E-04   -0.328208E-03
 1.68142    0.198976E-02   -0.240026E-04   -0.332557E-03
 1.69945    0.194094E-02   -0.730474E-05   -0.336545E-03
 1.71747    0.189349E-02    0.877112E-05   -0.340186E-03
 1.73550    0.184738E-02    0.242468E-04   -0.343496E-03
 1.75353    0.180255E-02    0.391451E-04   -0.346489E-03
 1.77155    0.175897E-02    0.534576E-04   -0.349178E-03
 1.78958    0.171660E-02    0.672833E-04   -0.351578E-03
 1.80761    0.167540E-02    0.805620E-04   -0.353700E-03
 1.82563    0.163533E-02    0.933378E-04   -0.355557E-03
 1.84366    0.159636E-02    0.105628E-03   -0.357161E-03
 1.86168    0.155845E-02    0.117449E-03   -0.358522E-03
 1.87971    0.152158E-02    0.128817E-03   -0.359652E-03
 1.89774    0.148570E-02    0.139748E-03   -0.360561E-03
 1.91576    0.145080E-02    0.150255E-03   -0.361259E-03
 1.93379    0.141683E-02    0.160353E-03   -0.361754E-03
 1.95181    0.138378E-02    0.170054E-03   -0.362057E-03
 1.96984    0.135162E-02    0.179373E-03   -0.362174E-03
 1.98787    0.132031E-02    0.188322E-03   -0.362115E-03
 2.00589    0.128984E-02    0.196911E-03   -0.361887E-03
 2.02392    0.126019E-02    0.205154E-03   -0.361498E-03
 2.04194    0.123132E-02    0.213060E-03   -0.360954E-03
 2.05997    0.120322E-02    0.220641E-03   -0.360264E-03
 2.07800    0.117586E-02    0.227907E-03   -0.359432E-03
 2.09602    0.114923E-02    0.234867E-03   -0.358465E-03
 2.11405    0.112330E-02    0.241531E-03   -0.357370E-03
 2.13207    0.109806E-02    0.247909E-03   -0.356151E-03
 2.15010    0.107349E-02    0.254007E-03   -0.354815E-03
 2.16813    0.104956E-02    0.259836E-03   -0.353366E-03
 2.18615    0.102627E-02    0.265403E-03   -0.351810E-03
 2.20418    0.100360E-02    0.270716E-03   -0.350150E-03
 2.22220    0.981531E-03    0.275781E-03   -0.348392E-03
 2.24023    0.960047E-03    0.280605E-03   -0.346539E-03
 2.25826    0.939135E-03    0.285198E-03   -0.344596E-03
 2.27628    0.918782E-03    0.289563E-03   -0.342565E-03
 2.29431    0.898975E-03    0.293706E-03   -0.340452E-03
 2.31233    0.879700E-03    0.297634E-03   -0.338258E-03
 2.33036    0.860947E-03    0.301353E-03   -0.335987E-03
 2.34839    0.842703E-03    0.304867E-03   -0.333642E-03
 2.36641    0.824959E-03    0.308181E-03   -0.331226E-03
 2.38444    0.807703E-03    0.311300E-03   -0.328740E-03
 2.40246    0.790927E-03    0.314229E-03   -0.326189E-03
 2.42049    0.774621E-03    0.316971E-03   -0.323573E-03
 2.43852    0.758777E-03    0.319529E-03   -0.320894E-03
 2.45654    0.743387E-03    0.321910E-03   -0.318155E-03
 2.47457    0.728441E-03    0.324117E-03   -0.315355E-03
 2.49260    0.713935E-03    0.326149E-03   -0.312499E-03
 2.51062    0.699860E-03    0.328013E-03   -0.309585E-03
 2.52865    0.686209E-03    0.329709E-03   -0.306617E-03
 2.54667    0.672977E-03    0.331242E-03   -0.303593E-03
 2.56470    0.660158E-03    0.332613E-03   -0.300517E-03
 2.58273    0.647746E-03    0.333824E-03   -0.297387E-03
 2.60075    0.635737E-03    0.334878E-03   -0.294206E-03
 2.61878    0.624125E-03    0.335779E-03   -0.290973E-03
 2.63680    0.612906E-03    0.336526E-03   -0.287689E-03
 2.65483    0.602076E-03    0.337121E-03   -0.284354E-03
 2.67286    0.591627E-03    0.337566E-03   -0.280970E-03
 2.69088    0.581561E-03    0.337862E-03   -0.277535E-03
 2.70891    0.571869E-03    0.338013E-03   -0.274051E-03
 2.72693    0.562548E-03    0.338019E-03   -0.270518E-03
 2.74496    0.553594E-03    0.337878E-03   -0.266935E-03
 2.76299    0.545004E-03    0.337603E-03   -0.263304E-03
 2.78101    0.536772E-03    0.337185E-03   -0.259626E-03
 2.79904    0.528893E-03    0.336630E-03   -0.255899E-03
 2.81706    0.521364E-03    0.335936E-03   -0.252125E-03
 2.83509    0.514179E-03    0.335110E-03   -0.248305E-03
 2.85312    0.507332E-03    0.334152E-03   -0.244440E-03
 2.87114    0.500817E-03    0.333066E-03   -0.240530E-03
 2.88917    0.494628E-03    0.331851E-03   -0.236600E-03
 2.90719    0.488758E-03    0.330517E-03   -0.232581E-03
 2.92522    0.483198E-03    0.329061E-03   -0.228544E-03
 2.94325    0.477943E-03    0.327488E-03   -0.224471E-03
 2.96127    0.472981E-03    0.325804E-03   -0.220360E-03
 2.97930    0.468303E-03    0.324012E-03   -0.216216E-03
 2.99732    0.463899E-03    0.322116E-03   -0.212039E-03
 3.01535    0.459758E-03    0.320123E-03   -0.207835E-03
 3.03338    0.455866E-03    0.318039E-03   -0.203606E-03
 3.05140    0.452210E-03    0.315868E-03   -0.199355E-03
 3.06943    0.448778E-03    0.313616E-03   -0.195088E-03
 3.08745    0.445554E-03    0.311293E-03   -0.190808E-03
 3.10548    0.442522E-03    0.308905E-03   -0.186519E-03
 3.12351    0.439665E-03    0.306459E-03   -0.182227E-03
 3.14153    0.436967E-03    0.303966E-03   -0.177938E-03
 3.15956    0.434408E-03    0.301429E-03   -0.173656E-03
 3.17759    0.431969E-03    0.298863E-03   -0.169388E-03
 3.19561    0.429631E-03    0.296275E-03   -0.165140E-03
 3.21364    0.427374E-03    0.293674E-03   -0.160917E-03
 3.23166    0.425178E-03    0.291071E-03   -0.156728E-03
 3.24969    0.423020E-03    0.288475E-03   -0.152578E-03
 3.26772    0.420880E-03    0.285898E-03   -0.148474E-03
 3.28574    0.418737E-03    0.283348E-03   -0.144423E-03
 3.30377    0.416567E-03    0.280837E-03   -0.140433E-03
 3.32179    0.414350E-03    0.278375E-03   -0.136510E-03
 3.33982    0.412065E-03    0.275971E-03   -0.132661E-03
 3.35785    0.409691E-03    0.273638E-03   -0.128893E-03
 3.37587    0.407205E-03    0.271383E-03   -0.125212E-03
 3.39390    0.404589E-03    0.269217E-03   -0.121626E-03
 3.41192    0.401824E-03    0.267149E-03   -0.118139E-03
 3.42995    0.398891E-03    0.265187E-03   -0.114759E-03
 3.44798    0.395773E-03    0.263339E-03   -0.111491E-03
 3.46600    0.392454E-03    0.261618E-03   -0.108339E-03
 3.48403    0.388918E-03    0.260021E-03   -0.105309E-03
 3.50205    0.385152E-03    0.258566E-03   -0.102405E-03
 3.52008    0.381144E-03    0.257251E-03   -0.996307E-04
 3.53811    0.376883E-03    0.256083E-03   -0.969890E-04
 3.55613    0.372360E-03    0.255066E-03   -0.944827E-04
 3.57416    0.367567E-03    0.254204E-03   -0.921138E-04
 3.59218    0.362500E-03    0.253500E-03   -0.898843E-04
 3.61021    0.357153E-03    0.252953E-03   -0.877946E-04
 3.62824    0.351524E-03    0.252569E-03   -0.858446E-04
 3.64626    0.345613E-03    0.252345E-03   -0.840348E-04
 3.66429    0.339424E-03    0.252278E-03   -0.823636E-04
 3.68231    0.332956E-03    0.252370E-03   -0.808293E-04
 3.70034    0.326215E-03    0.252616E-03   -0.794303E-04
 3.71837    0.319208E-03    0.253013E-03   -0.781634E-04
 3.73639    0.311942E-03    0.253558E-03   -0.770251E-04
 3.75442    0.304427E-03    0.254248E-03   -0.760119E-04
 3.77244    0.296673E-03    0.255073E-03   -0.751194E-04
 3.79047    0.288693E-03    0.256030E-03   -0.743428E-04
 3.80850    0.280500E-03    0.257111E-03   -0.736769E-04
 3.82652    0.272107E-03    0.258309E-03   -0.731161E-04
 3.84455    0.263532E-03    0.259617E-03   -0.726545E-04
 3.86258    0.254789E-03    0.261027E-03   -0.722860E-04
 3.88060    0.245895E-03    0.262528E-03   -0.720036E-04
 3.89863    0.236870E-03    0.264114E-03   -0.718018E-04
 3.91665    0.227728E-03    0.265776E-03   -0.716729E-04
 3.93468    0.218491E-03    0.267502E-03   -0.716101E-04
 3.95271    0.209173E-03    0.269285E-03   -0.716089E-04
 3.97073    0.199799E-03    0.271116E-03   -0.716564E-04
 3.98876    0.190382E-03    0.272986E-03   -0.717514E-04
 4.00678    0.180942E-03    0.274884E-03   -0.718849E-04
 4.02481    0.171496E-03    0.276802E-03   -0.720506E-04
 4.04284    0.162064E-03    0.278732E-03   -0.722420E-04
 4.06086    0.152663E-03    0.280664E-03   -0.724520E-04
 4.07889    0.143307E-03    0.282590E-03   -0.726751E-04
 4.09691    0.134014E-03    0.284503E-03   -0.729053E-04
 4.11494    0.124801E-03    0.286394E-03   -0.731363E-04
 4.13297    0.115680E-03    0.288257E-03   -0.733634E-04
 4.15099    0.106666E-03    0.290083E-03   -0.735810E-04
 4.16902    0.977653E-04    0.291868E-03   -0.737846E-04
 4.18704    0.890111E-04    0.293605E-03   -0.739695E-04
 4.20507    0.803930E-04    0.295287E-03   -0.741318E-04
 4.22310    0.719289E-04    0.296911E-03   -0.742679E-04
 4.24112    0.636301E-04    0.298471E-03   -0.743729E-04
 4.25915    0.555021E-04    0.299962E-03   -0.744457E-04
 4.27717    0.475533E-04    0.301383E-03   -0.744821E-04
 4.29520    0.397934E-04    0.302727E-03   -0.744799E-04
 4.31323    0.322254E-04    0.303994E-03   -0.744374E-04
 4.33125    0.248554E-04    0.305180E-03   -0.743523E-04
 4.34928    0.176874E-04    0.306283E-03   -0.742231E-04
 4.36730    0.107252E-04    0.307301E-03   -0.740486E-04
 4.38533    0.397110E-05    0.308234E-03   -0.738291E-04
 4.40336   -0.257270E-05    0.309079E-03   -0.735599E-04
 4.42138   -0.890525E-05    0.309838E-03   -0.732449E-04
 4.43941   -0.150260E-04    0.310508E-03   -0.728813E-04
 4.45743   -0.209349E-04    0.311091E-03   -0.724712E-04
 4.47546   -0.266326E-04    0.311587E-03   -0.720129E-04
 4.49349   -0.321201E-04    0.311996E-03   -0.715086E-04
 4.51151   -0.373994E-04    0.312319E-03   -0.709572E-04
 4.52954   -0.424725E-04    0.312557E-03   -0.703598E-04
 4.54757   -0.473420E-04    0.312711E-03   -0.697185E-04
 4.56559   -0.520109E-04    0.312784E-03   -0.690330E-04
 4.58362   -0.564823E-04    0.312775E-03   -0.683046E-04
 4.60164   -0.607598E-04    0.312688E-03   -0.675349E-04
 4.61967   -0.648474E-04    0.312523E-03   -0.667255E-04
 4.63770   -0.687494E-04    0.312284E-03   -0.658770E-04
 4.65572   -0.724697E-04    0.311972E-03   -0.649918E-04
 4.67375   -0.760131E-04    0.311589E-03   -0.640706E-04
 4.69177   -0.793840E-04    0.311137E-03   -0.631153E-04
 4.70980   -0.825869E-04    0.310619E-03   -0.621292E-04
 4.72783   -0.856270E-04    0.310038E-03   -0.611088E-04
 4.74585   -0.885089E-04    0.309395E-03   -0.600606E-04
 4.76388   -0.912377E-04    0.308692E-03   -0.589855E-04
 4.78190   -0.938181E-04    0.307933E-03   -0.578841E-04
 4.79993   -0.962549E-04    0.307119E-03   -0.567580E-04
 4.81796   -0.985532E-04    0.306253E-03   -0.556096E-04
 4.83598   -0.100718E-03    0.305338E-03   -0.544403E-04
 4.85401   -0.102753E-03    0.304374E-03   -0.532513E-04
 4.87203   -0.104665E-03    0.303366E-03   -0.520439E-04
 4.89006   -0.106456E-03    0.302314E-03   -0.508202E-04
 4.90809   -0.108133E-03    0.301222E-03   -0.495819E-04
 4.92611   -0.109700E-03    0.300091E-03   -0.483301E-04
 4.94414   -0.111160E-03    0.298923E-03   -0.470651E-04
 4.96216   -0.112519E-03    0.297721E-03   -0.457903E-04
 4.98019   -0.113780E-03    0.296486E-03   -0.445051E-04
 4.99822   -0.114947E-03    0.295221E-03   -0.432130E-04
 5.01624   -0.116026E-03    0.293927E-03   -0.419132E-04
 5.03427   -0.117018E-03    0.292606E-03   -0.406076E-04
 5.05229   -0.117928E-03    0.291260E-03   -0.392974E-04
 5.07032   -0.118760E-03    0.289890E-03   -0.379838E-04
 5.08835   -0.119518E-03    0.288498E-03   -0.366677E-04
 5.10637   -0.120203E-03    0.287086E-03   -0.353511E-04
 5.12440   -0.120821E-03    0.285655E-03   -0.340318E-04
 5.14242   -0.121373E-03    0.284207E-03   -0.327138E-04
 5.16045   -0.121864E-03    0.282743E-03   -0.313975E-04
 5.17848   -0.122295E-03    0.281264E-03   -0.300821E-04
 5.19650   -0.122670E-03    0.279772E-03   -0.287702E-04
 5.21453   -0.122991E-03    0.278267E-03   -0.274619E-04
 5.23256   -0.123261E-03    0.276752E-03   -0.261578E-04
 5.25058   -0.123482E-03    0.275226E-03   -0.248584E-04
 5.26861   -0.123657E-03    0.273692E-03   -0.235644E-04
 5.28663   -0.123788E-03    0.272150E-03   -0.222766E-04
 5.30466   -0.123877E-03    0.270601E-03   -0.209957E-04
 5.32269   -0.123926E-03    0.269047E-03   -0.197215E-04
 5.34071   -0.123937E-03    0.267487E-03   -0.184556E-04
 5.35874   -0.123912E-03    0.265922E-03   -0.171968E-04
 5.37676   -0.123853E-03    0.264355E-03   -0.159469E-04
 5.39479   -0.123762E-03    0.262784E-03   -0.147055E-04
 5.41282   -0.123640E-03    0.261212E-03   -0.134729E-04
 5.43084   -0.123489E-03    0.259638E-03   -0.122506E-04
 5.44887   -0.123310E-03    0.258064E-03   -0.110384E-04
 5.46689   -0.123104E-03    0.256489E-03   -0.983552E-05
 5.48492   -0.122874E-03    0.254915E-03   -0.864258E-05
 5.50295   -0.122620E-03    0.253341E-03   -0.746107E-05
 5.52097   -0.122344E-03    0.251770E-03   -0.629010E-05
 5.53900   -0.122047E-03    0.250200E-03   -0.512980E-05
 5.55702   -0.121729E-03    0.248632E-03   -0.398259E-05
 5.57505   -0.121393E-03    0.247068E-03   -0.284325E-05
 5.59308   -0.121039E-03    0.245506E-03   -0.171691E-05
 5.61110   -0.120668E-03    0.243949E-03   -0.602104E-06
 5.62913   -0.120281E-03    0.242395E-03    0.500724E-06
 5.64715   -0.119879E-03    0.240846E-03    0.159214E-05
 5.66518   -0.119462E-03    0.239301E-03    0.267245E-05
 5.68321   -0.119032E-03    0.237761E-03    0.374020E-05
 5.70123   -0.118590E-03    0.236226E-03    0.479610E-05
 5.71926   -0.118136E-03    0.234697E-03    0.583999E-05
 5.73728   -0.117670E-03    0.233174E-03    0.687218E-05
 5.75531   -0.117194E-03    0.231656E-03    0.789208E-05
 5.77334   -0.116708E-03    0.230145E-03    0.890000E-05
 5.79136   -0.116213E-03    0.228640E-03    0.989595E-05
 5.80939   -0.115710E-03    0.227142E-03    0.108791E-04
 5.82741   -0.115198E-03    0.225650E-03    0.118518E-04
 5.84544   -0.114678E-03    0.224166E-03    0.128121E-04
 5.86347   -0.114152E-03    0.222688E-03    0.137599E-04
 5.88149   -0.113619E-03    0.221218E-03    0.146960E-04
 5.89952   -0.113080E-03    0.219755E-03    0.156143E-04
 5.91755   -0.112536E-03    0.218299E-03    0.165261E-04
 5.93557   -0.111986E-03    0.216851E-03    0.174260E-04
 5.95360   -0.111431E-03    0.215411E-03    0.183137E-04
 5.97162   -0.110872E-03    0.213978E-03    0.191894E-04
 5.98965   -0.110309E-03    0.212553E-03    0.200582E-04
 6.00768   -0.109742E-03    0.211137E-03    0.209098E-04
 6.02570   -0.109172E-03    0.209728E-03    0.217492E-04
 6.04373   -0.108598E-03    0.208327E-03    0.225766E-04
 6.06175   -0.108022E-03    0.206935E-03    0.233921E-04
 6.07978   -0.107444E-03    0.205551E-03    0.241955E-04
 6.09781   -0.106863E-03    0.204175E-03    0.249870E-04
 6.11583   -0.106280E-03    0.202807E-03    0.257663E-04
 6.13386   -0.105696E-03    0.201448E-03    0.265338E-04
 6.15188   -0.105110E-03    0.200096E-03    0.272897E-04
 6.16991   -0.104523E-03    0.198754E-03    0.280335E-04
 6.18794   -0.103935E-03    0.197419E-03    0.287655E-04
 6.20596   -0.103346E-03    0.196094E-03    0.294859E-04
 6.22399   -0.102757E-03    0.194776E-03    0.301946E-04
 6.24201   -0.102167E-03    0.193467E-03    0.308920E-04
 6.26004   -0.101577E-03    0.192167E-03    0.315779E-04
 6.27807   -0.100987E-03    0.190875E-03    0.322526E-04
 6.29609   -0.100398E-03    0.189592E-03    0.329166E-04
 6.31412   -0.998085E-04    0.188317E-03    0.335692E-04
 6.33214   -0.992197E-04    0.187050E-03    0.342111E-04
 6.35017   -0.986317E-04    0.185792E-03    0.348423E-04
 6.36820   -0.980444E-04    0.184543E-03    0.354630E-04
 6.38622   -0.974582E-04    0.183302E-03    0.360733E-04
 6.40425   -0.968731E-04    0.182069E-03    0.366735E-04
 6.42227   -0.962894E-04    0.180846E-03    0.372636E-04
 6.44030   -0.957070E-04    0.179630E-03    0.378438E-04
 6.45833   -0.951263E-04    0.178423E-03    0.384144E-04
 6.47635   -0.945473E-04    0.177225E-03    0.389754E-04
 6.49438   -0.939701E-04    0.176035E-03    0.395268E-04
 6.51240   -0.933949E-04    0.174853E-03    0.400690E-04
 6.53043   -0.928218E-04    0.173680E-03    0.406019E-04
 6.54846   -0.922510E-04    0.172516E-03    0.411257E-04
 6.56648   -0.916825E-04    0.171360E-03    0.416406E-04
 6.58451   -0.911165E-04    0.170212E-03    0.421465E-04
 6.60254   -0.905530E-04    0.169073E-03    0.426437E-04
 6.62056   -0.899923E-04    0.167942E-03    0.431321E-04
 6.63859   -0.894344E-04    0.166820E-03    0.436118E-04
 6.65661   -0.888795E-04    0.165706E-03    0.440830E-04
 6.67464   -0.883276E-04    0.164600E-03    0.445456E-04
 6.69267   -0.877788E-04    0.163503E-03    0.449998E-04
 6.71069   -0.872332E-04    0.162414E-03    0.454456E-04
 6.72872   -0.866910E-04    0.161334E-03    0.458830E-04
 6.74674   -0.861522E-04    0.160261E-03    0.463122E-04
 6.76477   -0.856169E-04    0.159197E-03    0.467331E-04
 6.78280   -0.850851E-04    0.158142E-03    0.471457E-04
 6.80082   -0.845571E-04    0.157094E-03    0.475503E-04
 6.81885   -0.840327E-04    0.156055E-03    0.479468E-04
 6.83687   -0.835122E-04    0.155024E-03    0.483353E-04
 6.85490   -0.829955E-04    0.154001E-03    0.487158E-04
 6.87293   -0.824827E-04    0.152986E-03    0.490885E-04
 6.89095   -0.819738E-04    0.151980E-03    0.494529E-04
 6.90898   -0.814690E-04    0.150981E-03    0.498099E-04
 6.92700   -0.809682E-04    0.149991E-03    0.501593E-04
 6.94503   -0.804714E-04    0.149008E-03    0.505010E-04
 6.96306   -0.799788E-04    0.148034E-03    0.508352E-04
 6.98108   -0.794903E-04    0.147067E-03    0.511620E-04
 6.99911   -0.790059E-04    0.146108E-03    0.514814E-04
 7.01713   -0.785256E-04    0.145157E-03    0.517936E-04
 7.03516   -0.780495E-04    0.144214E-03    0.520985E-04
 7.05319   -0.775775E-04    0.143278E-03    0.523964E-04
 7.07121   -0.771096E-04    0.142350E-03    0.526873E-04
 7.08924   -0.766458E-04    0.141430E-03    0.529712E-04
 7.10726   -0.761861E-04    0.140517E-03    0.532484E-04
 7.12529   -0.757305E-04    0.139612E-03    0.535188E-04
 7.14332   -0.752788E-04    0.138714E-03    0.537826E-04
 7.16134   -0.748312E-04    0.137823E-03    0.540400E-04
 7.17937   -0.743874E-04    0.136939E-03    0.542909E-04
 7.19739   -0.739475E-04    0.136063E-03    0.545355E-04
 7.21542   -0.735114E-04    0.135194E-03    0.547738E-04
 7.23345   -0.730791E-04    0.134331E-03    0.550061E-04
 7.25147   -0.726504E-04    0.133476E-03    0.552324E-04
 7.26950   -0.722253E-04    0.132628E-03    0.554527E-04
 7.28753   -0.718038E-04    0.131786E-03    0.556673E-04
 7.30555   -0.713857E-04    0.130951E-03    0.558761E-04
 7.32358   -0.709709E-04    0.130122E-03    0.560794E-04
 7.34160   -0.705594E-04    0.129300E-03    0.562771E-04
 7.35963   -0.701512E-04    0.128485E-03    0.564695E-04
 7.37766   -0.697460E-04    0.127676E-03    0.566568E-04
 7.39568   -0.693438E-04    0.126873E-03    0.568386E-04
 7.41371   -0.689446E-04    0.126076E-03    0.570150E-04
 7.43173   -0.685482E-04    0.125285E-03    0.571867E-04
 7.44976   -0.681546E-04    0.124500E-03    0.573534E-04
 7.46779   -0.677636E-04    0.123722E-03    0.575154E-04
 7.48581   -0.673751E-04    0.122948E-03    0.576726E-04
 7.50384   -0.669891E-04    0.122181E-03    0.578252E-04
 7.52186   -0.666055E-04    0.121419E-03    0.579733E-04
 7.53989   -0.662242E-04    0.120663E-03    0.581169E-04
 7.55792   -0.658452E-04    0.119913E-03    0.582561E-04
 7.57594   -0.654682E-04    0.119167E-03    0.583910E-04
 7.59397   -0.650933E-04    0.118427E-03    0.585217E-04
 7.61199   -0.647204E-04    0.117693E-03    0.586483E-04
 7.63002   -0.643493E-04    0.116963E-03    0.587710E-04
 7.64805   -0.639801E-04    0.116239E-03    0.588895E-04
 7.66607   -0.636127E-04    0.115519E-03    0.590043E-04
 7.68410   -0.632469E-04    0.114805E-03    0.591152E-04
 7.70212   -0.628828E-04    0.114095E-03    0.592224E-04
 7.72015   -0.625202E-04    0.113391E-03    0.593259E-04
 7.73818   -0.621591E-04    0.112691E-03    0.594259E-04
 7.75620   -0.617995E-04    0.111996E-03    0.595224E-04
 7.77423   -0.614413E-04    0.111305E-03    0.596154E-04
 7.79225   -0.610845E-04    0.110619E-03    0.597050E-04
 7.81028   -0.607291E-04    0.109938E-03    0.597913E-04
 7.82831   -0.603749E-04    0.109261E-03    0.598743E-04
 7.84633   -0.600220E-04    0.108588E-03    0.599541E-04
 7.86436   -0.596704E-04    0.107920E-03    0.600308E-04
 7.88238   -0.593200E-04    0.107256E-03    0.601044E-04
 7.90041   -0.589708E-04    0.106597E-03    0.601749E-04
 7.91844   -0.586227E-04    0.105942E-03    0.602425E-04
 7.93646   -0.582759E-04    0.105291E-03    0.603070E-04
 7.95449   -0.579303E-04    0.104644E-03    0.603687E-04
 7.97252   -0.575858E-04    0.104001E-03    0.604275E-04
 7.99054   -0.572425E-04    0.103363E-03    0.604834E-04
 8.00857   -0.569003E-04    0.102729E-03    0.605366E-04
 8.02659   -0.565594E-04    0.102099E-03    0.605871E-04
 8.04462   -0.562196E-04    0.101472E-03    0.606348E-04
 8.06265   -0.558810E-04    0.100850E-03    0.606799E-04
 8.08067   -0.555437E-04    0.100232E-03    0.607223E-04
 8.09870   -0.552075E-04    0.996181E-04    0.607621E-04
 8.11672   -0.548726E-04    0.990079E-04    0.607994E-04
 8.13475   -0.545390E-04    0.984017E-04    0.608341E-04
 8.15278   -0.542066E-04    0.977994E-04    0.608663E-04
 8.17080   -0.538755E-04    0.972010E-04    0.608960E-04
 8.18883   -0.535457E-04    0.966065E-04    0.609233E-04
 8.20685   -0.532172E-04    0.960159E-04    0.609482E-04
 8.22488   -0.528900E-04    0.954291E-04    0.609707E-04
 8.24291   -0.525643E-04    0.948461E-04    0.609908E-04
 8.26093   -0.522399E-04    0.942670E-04    0.610085E-04
 8.27896   -0.519169E-04    0.936917E-04    0.610240E-04
 8.29698   -0.515953E-04    0.931201E-04    0.610371E-04
 8.31501   -0.512752E-04    0.925524E-04    0.610480E-04
 8.33304   -0.509565E-04    0.919883E-04    0.610567E-04
 8.35106   -0.506393E-04    0.914280E-04    0.610631E-04
 8.36909   -0.503236E-04    0.908715E-04    0.610674E-04
 8.38711   -0.500095E-04    0.903186E-04    0.610695E-04
 8.40514   -0.496969E-04    0.897694E-04    0.610694E-04
 8.42317   -0.493858E-04    0.892239E-04    0.610673E-04
 8.44119   -0.490763E-04    0.886820E-04    0.610630E-04
 8.45922   -0.487684E-04    0.881438E-04    0.610567E-04
 8.47724   -0.484621E-04    0.876092E-04    0.610484E-04
 8.49527   -0.481574E-04    0.870783E-04    0.610380E-04
 8.51330   -0.478544E-04    0.865509E-04    0.610257E-04
 8.53132   -0.475530E-04    0.860270E-04    0.610114E-04
 8.54935   -0.472533E-04    0.855067E-04    0.609951E-04
 8.56737   -0.469552E-04    0.849900E-04    0.609770E-04
 8.58540   -0.466588E-04    0.844767E-04    0.609565E-04
 8.60343   -0.463641E-04    0.839671E-04    0.609345E-04
 8.62145   -0.460712E-04    0.834609E-04    0.609107E-04
 8.63948   -0.457799E-04    0.829582E-04    0.608854E-04
 8.65751   -0.454904E-04    0.824589E-04    0.608580E-04
 8.67553   -0.452025E-04    0.819630E-04    0.608287E-04
 8.69356   -0.449165E-04    0.814705E-04    0.607977E-04
 8.71158   -0.446321E-04    0.809815E-04    0.607649E-04
 8.72961   -0.443495E-04    0.804958E-04    0.607304E-04
 8.74764   -0.440687E-04    0.800135E-04    0.606943E-04
 8.76566   -0.437896E-04    0.795345E-04    0.606564E-04
 8.78369   -0.435123E-04    0.790588E-04    0.606169E-04
 8.80171   -0.432367E-04    0.785864E-04    0.605758E-04
 8.81974   -0.429629E-04    0.781173E-04    0.605331E-04
 8.83777   -0.426909E-04    0.776515E-04    0.604888E-04
 8.85579   -0.424206E-04    0.771889E-04    0.604429E-04
 8.87382   -0.421521E-04    0.767296E-04    0.603955E-04
 8.89184   -0.418853E-04    0.762734E-04    0.603466E-04
 8.90987   -0.416204E-04    0.758204E-04    0.602961E-04
 8.92790   -0.413572E-04    0.753706E-04    0.602442E-04
 8.94592   -0.410957E-04    0.749239E-04    0.601909E-04
 8.96395   -0.408361E-04    0.744804E-04    0.601361E-04
 8.98197   -0.405782E-04    0.740399E-04    0.600798E-04
 9.00000   -0.403220E-04    0.736026E-04    0.600222E-04
