 0.00500    0.240140E-02   -0.123661E-02    0.992314E-03
 0.02303    0.196780E-02   -0.101982E-02    0.829702E-03
 0.04105    0.171369E-02   -0.892755E-03    0.734384E-03
 0.05908    0.152865E-02   -0.800219E-03    0.664949E-03
 0.07710    0.138286E-02   -0.727310E-03    0.610226E-03
 0.09513    0.126299E-02   -0.667348E-03    0.565203E-03
 0.11316    0.116165E-02   -0.616655E-03    0.527125E-03
 0.13118    0.107431E-02   -0.572957E-03    0.494286E-03
 0.14921    0.997946E-03   -0.534744E-03    0.465552E-03
 0.16723    0.930427E-03   -0.500950E-03    0.440126E-03
 0.18526    0.870193E-03   -0.470795E-03    0.417421E-03
 0.20329    0.816055E-03   -0.443686E-03    0.396995E-03
 0.22131    0.767094E-03   -0.419162E-03    0.378502E-03
 0.23934    0.722581E-03   -0.396861E-03    0.361670E-03
 0.25736    0.681928E-03   -0.376487E-03    0.346277E-03
 0.27539    0.644649E-03   -0.357798E-03    0.332142E-03
 0.29342    0.610346E-03   -0.340594E-03    0.319116E-03
 0.31144    0.578679E-03   -0.324708E-03    0.307073E-03
 0.32947    0.549371E-03   -0.309994E-03    0.295905E-03
 0.34749    0.522161E-03   -0.296332E-03    0.285523E-03
 0.36552    0.496849E-03   -0.283617E-03    0.275844E-03
 0.38355    0.473249E-03   -0.271756E-03    0.266801E-03
 0.40157    0.451202E-03   -0.260671E-03    0.258337E-03
 0.41960    0.430569E-03   -0.250292E-03    0.250399E-03
 0.43763    0.411220E-03   -0.240556E-03    0.242939E-03
 0.45565    0.393058E-03   -0.231408E-03    0.235917E-03
 0.47368    0.375979E-03   -0.222801E-03    0.229296E-03
 0.49170    0.359895E-03   -0.214690E-03    0.223045E-03
 0.50973    0.344729E-03   -0.207038E-03    0.217134E-03
 0.52776    0.330411E-03   -0.199807E-03    0.211537E-03
 0.54578    0.316877E-03   -0.192968E-03    0.206230E-03
 0.56381    0.304070E-03   -0.186492E-03    0.201193E-03
 0.58183    0.291939E-03   -0.180352E-03    0.196405E-03
 0.59986    0.280435E-03   -0.174526E-03    0.191849E-03
 0.61789    0.269516E-03   -0.168990E-03    0.187509E-03
 0.63591    0.259144E-03   -0.163727E-03    0.183371E-03
 0.65394    0.249281E-03   -0.158718E-03    0.179421E-03
 0.67196    0.239895E-03   -0.153947E-03    0.175647E-03
 0.68999    0.230955E-03   -0.149398E-03    0.172038E-03
 0.70802    0.222435E-03   -0.145058E-03    0.168583E-03
 0.72604    0.214307E-03   -0.140914E-03    0.165273E-03
 0.74407    0.206550E-03   -0.136954E-03    0.162099E-03
 0.76209    0.199140E-03   -0.133167E-03    0.159052E-03
 0.78012    0.192058E-03   -0.129544E-03    0.156127E-03
 0.79815    0.185285E-03   -0.126074E-03    0.153315E-03
 0.81617    0.178803E-03   -0.122750E-03    0.150610E-03
 0.83420    0.172597E-03   -0.119563E-03    0.148006E-03
 0.85222    0.166651E-03   -0.116505E-03    0.145498E-03
 0.87025    0.160951E-03   -0.113570E-03    0.143080E-03
 0.88828    0.155485E-03   -0.110751E-03    0.140748E-03
 0.90630    0.150240E-03   -0.108043E-03    0.138497E-03
 0.92433    0.145205E-03   -0.105439E-03    0.136323E-03
 0.94235    0.140368E-03   -0.102933E-03    0.134222E-03
 0.96038    0.135721E-03   -0.100523E-03    0.132190E-03
 0.97841    0.131253E-03   -0.982013E-04    0.130223E-03
 0.99643    0.126957E-03   -0.959652E-04    0.128320E-03
 1.01446    0.122824E-03   -0.938101E-04    0.126476E-03
 1.03248    0.118845E-03   -0.917323E-04    0.124688E-03
 1.05051    0.115015E-03   -0.897280E-04    0.122955E-03
 1.06854    0.111325E-03   -0.877940E-04    0.121273E-03
 1.08656    0.107770E-03   -0.859269E-04    0.119641E-03
 1.10459    0.104344E-03   -0.841238E-04    0.118055E-03
 1.12262    0.101040E-03   -0.823817E-04    0.116514E-03
 1.14064    0.978534E-04   -0.806980E-04    0.115016E-03
 1.15867    0.947789E-04   -0.790702E-04    0.113558E-03
 1.17669    0.918118E-04   -0.774958E-04    0.112140E-03
 1.19472    0.889474E-04   -0.759725E-04    0.110759E-03
 1.21275    0.861815E-04   -0.744983E-04    0.109415E-03
 1.23077    0.835099E-04   -0.730710E-04    0.108104E-03
 1.24880    0.809287E-04   -0.716887E-04    0.106827E-03
 1.26682    0.784340E-04   -0.703496E-04    0.105581E-03
 1.28485    0.760226E-04   -0.690519E-04    0.104365E-03
 1.30288    0.736909E-04   -0.677939E-04    0.103179E-03
 1.32090    0.714359E-04   -0.665741E-04    0.102020E-03
 1.33893    0.692544E-04   -0.653909E-04    0.100889E-03
 1.35695    0.671436E-04   -0.642430E-04    0.997826E-04
 1.37498    0.651007E-04   -0.631290E-04    0.987014E-04
 1.39301    0.631238E-04   -0.620475E-04    0.976441E-04
 1.41103    0.612096E-04   -0.609975E-04    0.966097E-04
 1.42906    0.593559E-04   -0.599776E-04    0.955973E-04
 1.44708    0.575604E-04   -0.589867E-04    0.946063E-04
 1.46511    0.558212E-04   -0.580238E-04    0.936357E-04
 1.48314    0.541360E-04   -0.570879E-04    0.926849E-04
 1.50116    0.525030E-04   -0.561780E-04    0.917532E-04
 1.51919    0.509203E-04   -0.552932E-04    0.908398E-04
 1.53721    0.493860E-04   -0.544325E-04    0.899441E-04
 1.55524    0.478986E-04   -0.535952E-04    0.890655E-04
 1.57327    0.464560E-04   -0.527804E-04    0.882034E-04
 1.59129    0.450574E-04   -0.519873E-04    0.873572E-04
 1.60932    0.437006E-04   -0.512152E-04    0.865265E-04
 1.62734    0.423846E-04   -0.504634E-04    0.857106E-04
 1.64537    0.411078E-04   -0.497312E-04    0.849092E-04
 1.66340    0.398689E-04   -0.490180E-04    0.841217E-04
 1.68142    0.386667E-04   -0.483231E-04    0.833476E-04
 1.69945    0.375001E-04   -0.476460E-04    0.825867E-04
 1.71747    0.363678E-04   -0.469858E-04    0.818384E-04
 1.73550    0.352688E-04   -0.463425E-04    0.811023E-04
 1.75353    0.342021E-04   -0.457154E-04    0.803782E-04
 1.77155    0.331665E-04   -0.451038E-04    0.796656E-04
 1.78958    0.321613E-04   -0.445073E-04    0.789641E-04
 1.80761    0.311853E-04   -0.439255E-04    0.782735E-04
 1.82563    0.302379E-04   -0.433579E-04    0.775936E-04
 1.84366    0.293180E-04   -0.428042E-04    0.769238E-04
 1.86168    0.284250E-04   -0.422639E-04    0.762641E-04
 1.87971    0.275580E-04   -0.417366E-04    0.756140E-04
 1.89774    0.267164E-04   -0.412221E-04    0.749734E-04
 1.91576    0.258994E-04   -0.407199E-04    0.743420E-04
 1.93379    0.251072E-04   -0.402297E-04    0.737196E-04
 1.95181    0.243374E-04   -0.397512E-04    0.731060E-04
 1.96984    0.235904E-04   -0.392841E-04    0.725008E-04
 1.98787    0.228655E-04   -0.388282E-04    0.719041E-04
 2.00589    0.221621E-04   -0.383829E-04    0.713154E-04
 2.02392    0.214798E-04   -0.379483E-04    0.707347E-04
 2.04194    0.208179E-04   -0.375240E-04    0.701618E-04
 2.05997    0.201760E-04   -0.371097E-04    0.695964E-04
 2.07800    0.195535E-04   -0.367052E-04    0.690385E-04
 2.09602    0.189500E-04   -0.363102E-04    0.684878E-04
 2.11405    0.183651E-04   -0.359246E-04    0.679442E-04
 2.13207    0.177982E-04   -0.355481E-04    0.674075E-04
 2.15010    0.172484E-04   -0.351804E-04    0.668775E-04
 2.16813    0.167162E-04   -0.348214E-04    0.663542E-04
 2.18615    0.162008E-04   -0.344708E-04    0.658373E-04
 2.20418    0.157017E-04   -0.341284E-04    0.653268E-04
 2.22220    0.152184E-04   -0.337940E-04    0.648224E-04
 2.24023    0.147504E-04   -0.334674E-04    0.643240E-04
 2.25826    0.142974E-04   -0.331483E-04    0.638315E-04
 2.27628    0.138590E-04   -0.328366E-04    0.633446E-04
 2.29431    0.134346E-04   -0.325319E-04    0.628633E-04
 2.31233    0.130237E-04   -0.322342E-04    0.623874E-04
 2.33036    0.126260E-04   -0.319430E-04    0.619166E-04
 2.34839    0.122410E-04   -0.316584E-04    0.614509E-04
 2.36641    0.118682E-04   -0.313799E-04    0.609901E-04
 2.38444    0.115072E-04   -0.311074E-04    0.605340E-04
 2.40246    0.111574E-04   -0.308406E-04    0.600824E-04
 2.42049    0.108184E-04   -0.305792E-04    0.596352E-04
 2.43852    0.104897E-04   -0.303232E-04    0.591923E-04
 2.45654    0.101709E-04   -0.300721E-04    0.587533E-04
 2.47457    0.986143E-05   -0.298258E-04    0.583182E-04
 2.49260    0.956091E-05   -0.295841E-04    0.578869E-04
 2.51062    0.926885E-05   -0.293467E-04    0.574590E-04
 2.52865    0.898483E-05   -0.291134E-04    0.570346E-04
 2.54667    0.870839E-05   -0.288840E-04    0.566135E-04
 2.56470    0.843916E-05   -0.286583E-04    0.561953E-04
 2.58273    0.817670E-05   -0.284361E-04    0.557802E-04
 2.60075    0.792063E-05   -0.282172E-04    0.553678E-04
 2.61878    0.767059E-05   -0.280014E-04    0.549580E-04
 2.63680    0.742626E-05   -0.277885E-04    0.545509E-04
 2.65483    0.718731E-05   -0.275784E-04    0.541462E-04
 2.67286    0.695343E-05   -0.273710E-04    0.537438E-04
 2.69088    0.672435E-05   -0.271660E-04    0.533436E-04
 2.70891    0.649987E-05   -0.269635E-04    0.529456E-04
 2.72693    0.627967E-05   -0.267632E-04    0.525497E-04
 2.74496    0.606359E-05   -0.265650E-04    0.521558E-04
 2.76299    0.585145E-05   -0.263689E-04    0.517638E-04
 2.78101    0.564306E-05   -0.261748E-04    0.513737E-04
 2.79904    0.543824E-05   -0.259826E-04    0.509854E-04
 2.81706    0.523692E-05   -0.257923E-04    0.505989E-04
 2.83509    0.503893E-05   -0.256037E-04    0.502141E-04
 2.85312    0.484414E-05   -0.254168E-04    0.498310E-04
 2.87114    0.465246E-05   -0.252316E-04    0.494496E-04
 2.88917    0.446377E-05   -0.250480E-04    0.490699E-04
 2.90719    0.427797E-05   -0.248660E-04    0.486918E-04
 2.92522    0.409494E-05   -0.246854E-04    0.483152E-04
 2.94325    0.391460E-05   -0.245063E-04    0.479401E-04
 2.96127    0.373680E-05   -0.243286E-04    0.475666E-04
 2.97930    0.356145E-05   -0.241523E-04    0.471946E-04
 2.99732    0.338840E-05   -0.239772E-04    0.468240E-04
 3.01535    0.321751E-05   -0.238034E-04    0.464550E-04
 3.03338    0.304864E-05   -0.236306E-04    0.460872E-04
 3.05140    0.288162E-05   -0.234590E-04    0.457206E-04
 3.06943    0.271627E-05   -0.232883E-04    0.453554E-04
 3.08745    0.255241E-05   -0.231185E-04    0.449913E-04
 3.10548    0.238984E-05   -0.229495E-04    0.446284E-04
 3.12351    0.222836E-05   -0.227812E-04    0.442665E-04
 3.14153    0.206773E-05   -0.226135E-04    0.439057E-04
 3.15956    0.190776E-05   -0.224463E-04    0.435457E-04
 3.17759    0.174818E-05   -0.222794E-04    0.431867E-04
 3.19561    0.158877E-05   -0.221128E-04    0.428284E-04
 3.21364    0.142929E-05   -0.219463E-04    0.424709E-04
 3.23166    0.126950E-05   -0.217798E-04    0.421139E-04
 3.24969    0.110916E-05   -0.216133E-04    0.417577E-04
 3.26772    0.948039E-06   -0.214466E-04    0.414019E-04
 3.28574    0.785927E-06   -0.212795E-04    0.410463E-04
 3.30377    0.622599E-06   -0.211121E-04    0.406914E-04
 3.32179    0.457856E-06   -0.209442E-04    0.403367E-04
 3.33982    0.291521E-06   -0.207757E-04    0.399823E-04
 3.35785    0.123421E-06   -0.206065E-04    0.396281E-04
 3.37587   -0.465972E-07   -0.204365E-04    0.392740E-04
 3.39390   -0.218658E-06   -0.202658E-04    0.389201E-04
 3.41192   -0.392864E-06   -0.200943E-04    0.385663E-04
 3.42995   -0.569295E-06   -0.199218E-04    0.382126E-04
 3.44798   -0.747998E-06   -0.197485E-04    0.378590E-04
 3.46600   -0.929008E-06   -0.195743E-04    0.375056E-04
 3.48403   -0.111232E-05   -0.193992E-04    0.371521E-04
 3.50205   -0.129791E-05   -0.192232E-04    0.367989E-04
 3.52008   -0.148573E-05   -0.190463E-04    0.364459E-04
 3.53811   -0.167568E-05   -0.188686E-04    0.360930E-04
 3.55613   -0.186770E-05   -0.186902E-04    0.357404E-04
 3.57416   -0.206162E-05   -0.185111E-04    0.353882E-04
 3.59218   -0.225730E-05   -0.183314E-04    0.350364E-04
 3.61021   -0.245456E-05   -0.181512E-04    0.346850E-04
 3.62824   -0.265322E-05   -0.179707E-04    0.343343E-04
 3.64626   -0.285302E-05   -0.177897E-04    0.339841E-04
 3.66429   -0.305376E-05   -0.176086E-04    0.336347E-04
 3.68231   -0.325517E-05   -0.174275E-04    0.332862E-04
 3.70034   -0.345699E-05   -0.172464E-04    0.329387E-04
 3.71837   -0.365896E-05   -0.170656E-04    0.325935E-04
 3.73639   -0.386078E-05   -0.168852E-04    0.322482E-04
 3.75442   -0.406217E-05   -0.167052E-04    0.319041E-04
 3.77244   -0.426284E-05   -0.165260E-04    0.315615E-04
 3.79047   -0.446249E-05   -0.163475E-04    0.312205E-04
 3.80850   -0.466084E-05   -0.161700E-04    0.308811E-04
 3.82652   -0.485757E-05   -0.159937E-04    0.305434E-04
 3.84455   -0.505240E-05   -0.158185E-04    0.302076E-04
 3.86258   -0.524506E-05   -0.156448E-04    0.298738E-04
 3.88060   -0.543526E-05   -0.154726E-04    0.295422E-04
 3.89863   -0.562274E-05   -0.153020E-04    0.292114E-04
 3.91665   -0.580725E-05   -0.151333E-04    0.288841E-04
 3.93468   -0.598856E-05   -0.149665E-04    0.285593E-04
 3.95271   -0.616643E-05   -0.148017E-04    0.282369E-04
 3.97073   -0.634063E-05   -0.146390E-04    0.279170E-04
 3.98876   -0.651100E-05   -0.144785E-04    0.275998E-04
 4.00678   -0.667735E-05   -0.143204E-04    0.272852E-04
 4.02481   -0.683950E-05   -0.141646E-04    0.269734E-04
 4.04284   -0.699732E-05   -0.140114E-04    0.266644E-04
 4.06086   -0.715066E-05   -0.138606E-04    0.263583E-04
 4.07889   -0.729941E-05   -0.137125E-04    0.260550E-04
 4.09691   -0.744346E-05   -0.135670E-04    0.257546E-04
 4.11494   -0.758274E-05   -0.134242E-04    0.254572E-04
 4.13297   -0.771720E-05   -0.132841E-04    0.251628E-04
 4.15099   -0.784677E-05   -0.131468E-04    0.248714E-04
 4.16902   -0.797142E-05   -0.130121E-04    0.245829E-04
 4.18704   -0.809112E-05   -0.128803E-04    0.242975E-04
 4.20507   -0.820589E-05   -0.127512E-04    0.240151E-04
 4.22310   -0.831572E-05   -0.126249E-04    0.237357E-04
 4.24112   -0.842064E-05   -0.125013E-04    0.234593E-04
 4.25915   -0.852066E-05   -0.123804E-04    0.231859E-04
 4.27717   -0.861585E-05   -0.122623E-04    0.229154E-04
 4.29520   -0.870624E-05   -0.121468E-04    0.226479E-04
 4.31323   -0.879190E-05   -0.120340E-04    0.223832E-04
 4.33125   -0.887291E-05   -0.119238E-04    0.221215E-04
 4.34928   -0.894934E-05   -0.118161E-04    0.218626E-04
 4.36730   -0.902127E-05   -0.117110E-04    0.216065E-04
 4.38533   -0.908879E-05   -0.116083E-04    0.213532E-04
 4.40336   -0.915201E-05   -0.115081E-04    0.211027E-04
 4.42138   -0.921102E-05   -0.114103E-04    0.208548E-04
 4.43941   -0.926593E-05   -0.113147E-04    0.206096E-04
 4.45743   -0.931686E-05   -0.112215E-04    0.203670E-04
 4.47546   -0.936391E-05   -0.111304E-04    0.201270E-04
 4.49349   -0.940718E-05   -0.110415E-04    0.198895E-04
 4.51151   -0.944680E-05   -0.109547E-04    0.196544E-04
 4.52954   -0.948289E-05   -0.108699E-04    0.194218E-04
 4.54757   -0.951554E-05   -0.107871E-04    0.191916E-04
 4.56559   -0.954491E-05   -0.107062E-04    0.189637E-04
 4.58362   -0.957108E-05   -0.106272E-04    0.187381E-04
 4.60164   -0.959420E-05   -0.105499E-04    0.185147E-04
 4.61967   -0.961431E-05   -0.104744E-04    0.182935E-04
 4.63770   -0.963159E-05   -0.104006E-04    0.180745E-04
 4.65572   -0.964614E-05   -0.103284E-04    0.178576E-04
 4.67375   -0.965807E-05   -0.102578E-04    0.176427E-04
 4.69177   -0.966748E-05   -0.101887E-04    0.174298E-04
 4.70980   -0.967448E-05   -0.101210E-04    0.172190E-04
 4.72783   -0.967916E-05   -0.100547E-04    0.170100E-04
 4.74585   -0.968164E-05   -0.998979E-05    0.168030E-04
 4.76388   -0.968201E-05   -0.992618E-05    0.165978E-04
 4.78190   -0.968036E-05   -0.986383E-05    0.163945E-04
 4.79993   -0.967678E-05   -0.980268E-05    0.161928E-04
 4.81796   -0.967138E-05   -0.974270E-05    0.159930E-04
 4.83598   -0.966421E-05   -0.968384E-05    0.157948E-04
 4.85401   -0.965539E-05   -0.962605E-05    0.155984E-04
 4.87203   -0.964499E-05   -0.956929E-05    0.154036E-04
 4.89006   -0.963308E-05   -0.951353E-05    0.152104E-04
 4.90809   -0.961974E-05   -0.945872E-05    0.150187E-04
 4.92611   -0.960505E-05   -0.940483E-05    0.148287E-04
 4.94414   -0.958908E-05   -0.935182E-05    0.146401E-04
 4.96216   -0.957187E-05   -0.929966E-05    0.144531E-04
 4.98019   -0.955353E-05   -0.924830E-05    0.142675E-04
 4.99822   -0.953408E-05   -0.919773E-05    0.140834E-04
 5.01624   -0.951362E-05   -0.914791E-05    0.139006E-04
 5.03427   -0.949218E-05   -0.909881E-05    0.137193E-04
 5.05229   -0.946981E-05   -0.905041E-05    0.135393E-04
 5.07032   -0.944658E-05   -0.900266E-05    0.133607E-04
 5.08835   -0.942253E-05   -0.895556E-05    0.131834E-04
 5.10637   -0.939772E-05   -0.890907E-05    0.130075E-04
 5.12440   -0.937218E-05   -0.886318E-05    0.128327E-04
 5.14242   -0.934595E-05   -0.881785E-05    0.126593E-04
 5.16045   -0.931909E-05   -0.877307E-05    0.124871E-04
 5.17848   -0.929162E-05   -0.872882E-05    0.123162E-04
 5.19650   -0.926359E-05   -0.868507E-05    0.121464E-04
 5.21453   -0.923504E-05   -0.864181E-05    0.119779E-04
 5.23256   -0.920600E-05   -0.859902E-05    0.118105E-04
 5.25058   -0.917649E-05   -0.855669E-05    0.116443E-04
 5.26861   -0.914657E-05   -0.851479E-05    0.114793E-04
 5.28663   -0.911623E-05   -0.847331E-05    0.113154E-04
 5.30466   -0.908553E-05   -0.843224E-05    0.111526E-04
 5.32269   -0.905449E-05   -0.839156E-05    0.109910E-04
 5.34071   -0.902312E-05   -0.835126E-05    0.108304E-04
 5.35874   -0.899146E-05   -0.831133E-05    0.106709E-04
 5.37676   -0.895952E-05   -0.827175E-05    0.105125E-04
 5.39479   -0.892733E-05   -0.823252E-05    0.103552E-04
 5.41282   -0.889492E-05   -0.819362E-05    0.101989E-04
 5.43084   -0.886229E-05   -0.815504E-05    0.100437E-04
 5.44887   -0.882947E-05   -0.811677E-05    0.988951E-05
 5.46689   -0.879647E-05   -0.807880E-05    0.973634E-05
 5.48492   -0.876329E-05   -0.804113E-05    0.958419E-05
 5.50295   -0.872999E-05   -0.800374E-05    0.943304E-05
 5.52097   -0.869656E-05   -0.796663E-05    0.928289E-05
 5.53900   -0.866301E-05   -0.792979E-05    0.913374E-05
 5.55702   -0.862935E-05   -0.789321E-05    0.898557E-05
 5.57505   -0.859561E-05   -0.785688E-05    0.883837E-05
 5.59308   -0.856179E-05   -0.782080E-05    0.869215E-05
 5.61110   -0.852790E-05   -0.778496E-05    0.854689E-05
 5.62913   -0.849396E-05   -0.774936E-05    0.840258E-05
 5.64715   -0.845996E-05   -0.771399E-05    0.825923E-05
 5.66518   -0.842594E-05   -0.767884E-05    0.811683E-05
 5.68321   -0.839189E-05   -0.764391E-05    0.797535E-05
 5.70123   -0.835782E-05   -0.760920E-05    0.783481E-05
 5.71926   -0.832374E-05   -0.757469E-05    0.769519E-05
 5.73728   -0.828965E-05   -0.754041E-05    0.755649E-05
 5.75531   -0.825557E-05   -0.750631E-05    0.741870E-05
 5.77334   -0.822151E-05   -0.747240E-05    0.728182E-05
 5.79136   -0.818747E-05   -0.743869E-05    0.714583E-05
 5.80939   -0.815345E-05   -0.740516E-05    0.701073E-05
 5.82741   -0.811946E-05   -0.737180E-05    0.687651E-05
 5.84544   -0.808550E-05   -0.733863E-05    0.674323E-05
 5.86347   -0.805160E-05   -0.730565E-05    0.661070E-05
 5.88149   -0.801773E-05   -0.727283E-05    0.647910E-05
 5.89952   -0.798394E-05   -0.724019E-05    0.634835E-05
 5.91755   -0.795019E-05   -0.720771E-05    0.621846E-05
 5.93557   -0.791652E-05   -0.717540E-05    0.608941E-05
 5.95360   -0.788291E-05   -0.714324E-05    0.596121E-05
 5.97162   -0.784937E-05   -0.711125E-05    0.583384E-05
 5.98965   -0.781591E-05   -0.707941E-05    0.570730E-05
 6.00768   -0.778254E-05   -0.704772E-05    0.558160E-05
 6.02570   -0.774925E-05   -0.701618E-05    0.545671E-05
 6.04373   -0.771605E-05   -0.698479E-05    0.533265E-05
 6.06175   -0.768294E-05   -0.695354E-05    0.520941E-05
 6.07978   -0.764994E-05   -0.692244E-05    0.508698E-05
 6.09781   -0.761703E-05   -0.689147E-05    0.496537E-05
 6.11583   -0.758423E-05   -0.686064E-05    0.484454E-05
 6.13386   -0.755153E-05   -0.682995E-05    0.472454E-05
 6.15188   -0.751894E-05   -0.679938E-05    0.460533E-05
 6.16991   -0.748647E-05   -0.676896E-05    0.448693E-05
 6.18794   -0.745411E-05   -0.673865E-05    0.436930E-05
 6.20596   -0.742187E-05   -0.670849E-05    0.425248E-05
 6.22399   -0.738975E-05   -0.667844E-05    0.413645E-05
 6.24201   -0.735776E-05   -0.664851E-05    0.402120E-05
 6.26004   -0.732589E-05   -0.661871E-05    0.390674E-05
 6.27807   -0.729415E-05   -0.658902E-05    0.379305E-05
 6.29609   -0.726254E-05   -0.655943E-05    0.368015E-05
 6.31412   -0.723107E-05   -0.652998E-05    0.356801E-05
 6.33214   -0.719973E-05   -0.650063E-05    0.345663E-05
 6.35017   -0.716854E-05   -0.647140E-05    0.334602E-05
 6.36820   -0.713749E-05   -0.644228E-05    0.323618E-05
 6.38622   -0.710657E-05   -0.641327E-05    0.312709E-05
 6.40425   -0.707580E-05   -0.638437E-05    0.301875E-05
 6.42227   -0.704519E-05   -0.635557E-05    0.291116E-05
 6.44030   -0.701471E-05   -0.632688E-05    0.280431E-05
 6.45833   -0.698438E-05   -0.629829E-05    0.269821E-05
 6.47635   -0.695420E-05   -0.626978E-05    0.259284E-05
 6.49438   -0.692417E-05   -0.624140E-05    0.248820E-05
 6.51240   -0.689430E-05   -0.621312E-05    0.238428E-05
 6.53043   -0.686458E-05   -0.618493E-05    0.228110E-05
 6.54846   -0.683501E-05   -0.615684E-05    0.217863E-05
 6.56648   -0.680560E-05   -0.612884E-05    0.207687E-05
 6.58451   -0.677635E-05   -0.610094E-05    0.197583E-05
 6.60254   -0.674725E-05   -0.607313E-05    0.187548E-05
 6.62056   -0.671831E-05   -0.604542E-05    0.177584E-05
 6.63859   -0.668953E-05   -0.601780E-05    0.167692E-05
 6.65661   -0.666091E-05   -0.599025E-05    0.157870E-05
 6.67464   -0.663244E-05   -0.596282E-05    0.148118E-05
 6.69267   -0.660414E-05   -0.593547E-05    0.138434E-05
 6.71069   -0.657599E-05   -0.590821E-05    0.128821E-05
 6.72872   -0.654800E-05   -0.588104E-05    0.119273E-05
 6.74674   -0.652017E-05   -0.585396E-05    0.109792E-05
 6.76477   -0.649250E-05   -0.582697E-05    0.100380E-05
 6.78280   -0.646498E-05   -0.580007E-05    0.910355E-06
 6.80082   -0.643763E-05   -0.577325E-05    0.817594E-06
 6.81885   -0.641042E-05   -0.574652E-05    0.725505E-06
 6.83687   -0.638338E-05   -0.571988E-05    0.634079E-06
 6.85490   -0.635648E-05   -0.569333E-05    0.543318E-06
 6.87293   -0.632975E-05   -0.566686E-05    0.453211E-06
 6.89095   -0.630316E-05   -0.564048E-05    0.363759E-06
 6.90898   -0.627672E-05   -0.561419E-05    0.274963E-06
 6.92700   -0.625044E-05   -0.558799E-05    0.186822E-06
 6.94503   -0.622430E-05   -0.556187E-05    0.993406E-07
 6.96306   -0.619831E-05   -0.553585E-05    0.125117E-07
 6.98108   -0.617247E-05   -0.550991E-05   -0.736728E-07
 6.99911   -0.614677E-05   -0.548405E-05   -0.159217E-06
 7.01713   -0.612121E-05   -0.545828E-05   -0.244125E-06
 7.03516   -0.609580E-05   -0.543261E-05   -0.328397E-06
 7.05319   -0.607052E-05   -0.540702E-05   -0.412030E-06
 7.07121   -0.604538E-05   -0.538152E-05   -0.495027E-06
 7.08924   -0.602038E-05   -0.535610E-05   -0.577391E-06
 7.10726   -0.599551E-05   -0.533078E-05   -0.659138E-06
 7.12529   -0.597078E-05   -0.530555E-05   -0.740259E-06
 7.14332   -0.594617E-05   -0.528040E-05   -0.820747E-06
 7.16134   -0.592169E-05   -0.525535E-05   -0.900634E-06
 7.17937   -0.589734E-05   -0.523038E-05   -0.979876E-06
 7.19739   -0.587311E-05   -0.520551E-05   -0.105850E-05
 7.21542   -0.584901E-05   -0.518073E-05   -0.113652E-05
 7.23345   -0.582503E-05   -0.515604E-05   -0.121391E-05
 7.25147   -0.580117E-05   -0.513145E-05   -0.129070E-05
 7.26950   -0.577743E-05   -0.510695E-05   -0.136689E-05
 7.28753   -0.575381E-05   -0.508253E-05   -0.144249E-05
 7.30555   -0.573029E-05   -0.505821E-05   -0.151749E-05
 7.32358   -0.570689E-05   -0.503399E-05   -0.159191E-05
 7.34160   -0.568361E-05   -0.500985E-05   -0.166572E-05
 7.35963   -0.566043E-05   -0.498581E-05   -0.173894E-05
 7.37766   -0.563737E-05   -0.496186E-05   -0.181155E-05
 7.39568   -0.561441E-05   -0.493800E-05   -0.188358E-05
 7.41371   -0.559155E-05   -0.491424E-05   -0.195503E-05
 7.43173   -0.556880E-05   -0.489058E-05   -0.202589E-05
 7.44976   -0.554616E-05   -0.486700E-05   -0.209618E-05
 7.46779   -0.552361E-05   -0.484352E-05   -0.216588E-05
 7.48581   -0.550117E-05   -0.482014E-05   -0.223502E-05
 7.50384   -0.547883E-05   -0.479685E-05   -0.230357E-05
 7.52186   -0.545659E-05   -0.477365E-05   -0.237156E-05
 7.53989   -0.543445E-05   -0.475055E-05   -0.243899E-05
 7.55792   -0.541240E-05   -0.472753E-05   -0.250585E-05
 7.57594   -0.539045E-05   -0.470462E-05   -0.257215E-05
 7.59397   -0.536860E-05   -0.468179E-05   -0.263789E-05
 7.61199   -0.534685E-05   -0.465906E-05   -0.270308E-05
 7.63002   -0.532519E-05   -0.463642E-05   -0.276771E-05
 7.64805   -0.530363E-05   -0.461387E-05   -0.283179E-05
 7.66607   -0.528216E-05   -0.459141E-05   -0.289533E-05
 7.68410   -0.526079E-05   -0.456905E-05   -0.295833E-05
 7.70212   -0.523951E-05   -0.454677E-05   -0.302074E-05
 7.72015   -0.521833E-05   -0.452458E-05   -0.308269E-05
 7.73818   -0.519724E-05   -0.450249E-05   -0.314407E-05
 7.75620   -0.517624E-05   -0.448048E-05   -0.320492E-05
 7.77423   -0.515534E-05   -0.445858E-05   -0.326523E-05
 7.79225   -0.513453E-05   -0.443675E-05   -0.332502E-05
 7.81028   -0.511381E-05   -0.441501E-05   -0.338429E-05
 7.82831   -0.509319E-05   -0.439336E-05   -0.344304E-05
 7.84633   -0.507266E-05   -0.437179E-05   -0.350127E-05
 7.86436   -0.505223E-05   -0.435031E-05   -0.355898E-05
 7.88238   -0.503189E-05   -0.432892E-05   -0.361619E-05
 7.90041   -0.501164E-05   -0.430761E-05   -0.367288E-05
 7.91844   -0.499149E-05   -0.428639E-05   -0.372906E-05
 7.93646   -0.497142E-05   -0.426525E-05   -0.378475E-05
 7.95449   -0.495145E-05   -0.424419E-05   -0.383993E-05
 7.97252   -0.493158E-05   -0.422339E-05   -0.389461E-05
 7.99054   -0.491179E-05   -0.420250E-05   -0.394880E-05
 8.00857   -0.489211E-05   -0.418169E-05   -0.400250E-05
 8.02659   -0.487251E-05   -0.416097E-05   -0.405570E-05
 8.04462   -0.485301E-05   -0.414033E-05   -0.410842E-05
 8.06265   -0.483360E-05   -0.411977E-05   -0.416066E-05
 8.08067   -0.481428E-05   -0.409929E-05   -0.421242E-05
 8.09870   -0.479506E-05   -0.407892E-05   -0.426370E-05
 8.11672   -0.477594E-05   -0.405860E-05   -0.431450E-05
 8.13475   -0.475690E-05   -0.403836E-05   -0.436483E-05
 8.15278   -0.473796E-05   -0.401820E-05   -0.441469E-05
 8.17080   -0.471911E-05   -0.399812E-05   -0.446408E-05
 8.18883   -0.470036E-05   -0.397811E-05   -0.451301E-05
 8.20685   -0.468170E-05   -0.395818E-05   -0.456148E-05
 8.22488   -0.466313E-05   -0.393833E-05   -0.460948E-05
 8.24291   -0.464465E-05   -0.391856E-05   -0.465703E-05
 8.26093   -0.462627E-05   -0.389886E-05   -0.470413E-05
 8.27896   -0.460798E-05   -0.387924E-05   -0.475078E-05
 8.29698   -0.458978E-05   -0.385970E-05   -0.479697E-05
 8.31501   -0.457168E-05   -0.384023E-05   -0.484272E-05
 8.33304   -0.455366E-05   -0.382067E-05   -0.488802E-05
 8.35106   -0.453574E-05   -0.380135E-05   -0.493289E-05
 8.36909   -0.451791E-05   -0.378210E-05   -0.497732E-05
 8.38711   -0.450017E-05   -0.376293E-05   -0.502132E-05
 8.40514   -0.448252E-05   -0.374383E-05   -0.506487E-05
 8.42317   -0.446496E-05   -0.372480E-05   -0.510800E-05
 8.44119   -0.444749E-05   -0.370585E-05   -0.515070E-05
 8.45922   -0.443011E-05   -0.368697E-05   -0.519298E-05
 8.47724   -0.441282E-05   -0.366816E-05   -0.523483E-05
 8.49527   -0.439562E-05   -0.364943E-05   -0.527626E-05
 8.51330   -0.437851E-05   -0.363076E-05   -0.531727E-05
 8.53132   -0.436149E-05   -0.361217E-05   -0.535787E-05
 8.54935   -0.434455E-05   -0.359365E-05   -0.539805E-05
 8.56737   -0.432770E-05   -0.357521E-05   -0.543782E-05
 8.58540   -0.431094E-05   -0.355683E-05   -0.547718E-05
 8.60343   -0.429427E-05   -0.353852E-05   -0.551614E-05
 8.62145   -0.427768E-05   -0.352028E-05   -0.555469E-05
 8.63948   -0.426117E-05   -0.350212E-05   -0.559284E-05
 8.65751   -0.424475E-05   -0.348402E-05   -0.563059E-05
 8.67553   -0.422842E-05   -0.346599E-05   -0.566794E-05
 8.69356   -0.421217E-05   -0.344804E-05   -0.570490E-05
 8.71158   -0.419601E-05   -0.343015E-05   -0.574147E-05
 8.72961   -0.417993E-05   -0.341233E-05   -0.577764E-05
 8.74764   -0.416393E-05   -0.339458E-05   -0.581343E-05
 8.76566   -0.414802E-05   -0.337690E-05   -0.584883E-05
 8.78369   -0.413219E-05   -0.335929E-05   -0.588385E-05
 8.80171   -0.411644E-05   -0.334174E-05   -0.591849E-05
 8.81974   -0.410077E-05   -0.332427E-05   -0.595275E-05
 8.83777   -0.408518E-05   -0.330686E-05   -0.598664E-05
 8.85579   -0.406967E-05   -0.328951E-05   -0.602016E-05
 8.87382   -0.405425E-05   -0.327224E-05   -0.605330E-05
 8.89184   -0.403890E-05   -0.325503E-05   -0.608606E-05
 8.90987   -0.402364E-05   -0.323789E-05   -0.611845E-05
 8.92790   -0.400845E-05   -0.322082E-05   -0.615048E-05
 8.94592   -0.399334E-05   -0.320382E-05   -0.618215E-05
 8.96395   -0.397831E-05   -0.318688E-05   -0.621346E-05
 8.98197   -0.396336E-05   -0.317000E-05   -0.624440E-05
 9.00000   -0.394849E-05   -0.315320E-05   -0.627500E-05
