 0.00500    0.196349E-02   -0.101033E-02    0.807901E-03
 0.02303    0.161087E-02   -0.834024E-03    0.675641E-03
 0.04105    0.140406E-02   -0.730594E-03    0.598037E-03
 0.05908    0.125338E-02   -0.655223E-03    0.541456E-03
 0.07710    0.113462E-02   -0.595805E-03    0.496827E-03
 0.09513    0.103692E-02   -0.546911E-03    0.460080E-03
 0.11316    0.954304E-03   -0.505554E-03    0.428978E-03
 0.13118    0.883072E-03   -0.469885E-03    0.402134E-03
 0.14921    0.820771E-03   -0.438676E-03    0.378628E-03
 0.16723    0.765666E-03   -0.411062E-03    0.357811E-03
 0.18526    0.716488E-03   -0.386409E-03    0.339209E-03
 0.20329    0.672275E-03   -0.364234E-03    0.322461E-03
 0.22131    0.632275E-03   -0.344164E-03    0.307288E-03
 0.23934    0.595898E-03   -0.325903E-03    0.293467E-03
 0.25736    0.562663E-03   -0.309212E-03    0.280820E-03
 0.27539    0.532178E-03   -0.293893E-03    0.269198E-03
 0.29342    0.504115E-03   -0.279783E-03    0.258481E-03
 0.31144    0.478202E-03   -0.266748E-03    0.248567E-03
 0.32947    0.454204E-03   -0.254668E-03    0.239368E-03
 0.34749    0.431924E-03   -0.243446E-03    0.230809E-03
 0.36552    0.411189E-03   -0.232996E-03    0.222828E-03
 0.38355    0.391851E-03   -0.223244E-03    0.215367E-03
 0.40157    0.373781E-03   -0.214125E-03    0.208380E-03
 0.41960    0.356864E-03   -0.205582E-03    0.201824E-03
 0.43763    0.341000E-03   -0.197564E-03    0.195660E-03
 0.45565    0.326098E-03   -0.190027E-03    0.189856E-03
 0.47368    0.312081E-03   -0.182933E-03    0.184382E-03
 0.49170    0.298877E-03   -0.176244E-03    0.179212E-03
 0.50973    0.286422E-03   -0.169929E-03    0.174322E-03
 0.52776    0.274660E-03   -0.163961E-03    0.169690E-03
 0.54578    0.263538E-03   -0.158313E-03    0.165298E-03
 0.56381    0.253011E-03   -0.152962E-03    0.161127E-03
 0.58183    0.243036E-03   -0.147887E-03    0.157163E-03
 0.59986    0.233575E-03   -0.143068E-03    0.153391E-03
 0.61789    0.224592E-03   -0.138489E-03    0.149797E-03
 0.63591    0.216055E-03   -0.134132E-03    0.146371E-03
 0.65394    0.207935E-03   -0.129985E-03    0.143100E-03
 0.67196    0.200206E-03   -0.126032E-03    0.139976E-03
 0.68999    0.192843E-03   -0.122263E-03    0.136988E-03
 0.70802    0.185822E-03   -0.118665E-03    0.134128E-03
 0.72604    0.179124E-03   -0.115228E-03    0.131389E-03
 0.74407    0.172728E-03   -0.111943E-03    0.128764E-03
 0.76209    0.166618E-03   -0.108801E-03    0.126245E-03
 0.78012    0.160776E-03   -0.105792E-03    0.123826E-03
 0.79815    0.155187E-03   -0.102911E-03    0.121503E-03
 0.81617    0.149838E-03   -0.100150E-03    0.119269E-03
 0.83420    0.144714E-03   -0.975012E-04    0.117119E-03
 0.85222    0.139804E-03   -0.949597E-04    0.115050E-03
 0.87025    0.135096E-03   -0.925194E-04    0.113057E-03
 0.88828    0.130579E-03   -0.901752E-04    0.111135E-03
 0.90630    0.126244E-03   -0.879219E-04    0.109281E-03
 0.92433    0.122081E-03   -0.857550E-04    0.107492E-03
 0.94235    0.118082E-03   -0.836701E-04    0.105765E-03
 0.96038    0.114238E-03   -0.816631E-04    0.104095E-03
 0.97841    0.110542E-03   -0.797302E-04    0.102481E-03
 0.99643    0.106986E-03   -0.778679E-04    0.100920E-03
 1.01446    0.103565E-03   -0.760728E-04    0.994097E-04
 1.03248    0.100270E-03   -0.743417E-04    0.979470E-04
 1.05051    0.970976E-04   -0.726716E-04    0.965299E-04
 1.06854    0.940409E-04   -0.710598E-04    0.951565E-04
 1.08656    0.910948E-04   -0.695036E-04    0.938248E-04
 1.10459    0.882545E-04   -0.680005E-04    0.925328E-04
 1.12262    0.855151E-04   -0.665481E-04    0.912789E-04
 1.14064    0.828722E-04   -0.651443E-04    0.900614E-04
 1.15867    0.803216E-04   -0.637869E-04    0.888786E-04
 1.17669    0.778594E-04   -0.624740E-04    0.877292E-04
 1.19472    0.754818E-04   -0.612037E-04    0.866117E-04
 1.21275    0.731853E-04   -0.599742E-04    0.855249E-04
 1.23077    0.709665E-04   -0.587839E-04    0.844673E-04
 1.24880    0.688221E-04   -0.576310E-04    0.834380E-04
 1.26682    0.667491E-04   -0.565142E-04    0.824356E-04
 1.28485    0.647447E-04   -0.554319E-04    0.814591E-04
 1.30288    0.628061E-04   -0.543828E-04    0.805076E-04
 1.32090    0.609307E-04   -0.533656E-04    0.795799E-04
 1.33893    0.591159E-04   -0.523790E-04    0.786753E-04
 1.35695    0.573595E-04   -0.514219E-04    0.777928E-04
 1.37498    0.556591E-04   -0.504931E-04    0.769316E-04
 1.39301    0.540130E-04   -0.495916E-04    0.760908E-04
 1.41103    0.524187E-04   -0.487164E-04    0.752698E-04
 1.42906    0.508743E-04   -0.478665E-04    0.744677E-04
 1.44708    0.493782E-04   -0.470409E-04    0.736841E-04
 1.46511    0.479284E-04   -0.462387E-04    0.729180E-04
 1.48314    0.465233E-04   -0.454592E-04    0.721690E-04
 1.50116    0.451613E-04   -0.447015E-04    0.714364E-04
 1.51919    0.438408E-04   -0.439649E-04    0.707196E-04
 1.53721    0.425604E-04   -0.432486E-04    0.700181E-04
 1.55524    0.413187E-04   -0.425519E-04    0.693314E-04
 1.57327    0.401143E-04   -0.418741E-04    0.686589E-04
 1.59129    0.389461E-04   -0.412146E-04    0.680002E-04
 1.60932    0.378125E-04   -0.405728E-04    0.673549E-04
 1.62734    0.367127E-04   -0.399481E-04    0.667224E-04
 1.64537    0.356453E-04   -0.393399E-04    0.661024E-04
 1.66340    0.346094E-04   -0.387477E-04    0.654944E-04
 1.68142    0.336039E-04   -0.381710E-04    0.648982E-04
 1.69945    0.326278E-04   -0.376092E-04    0.643132E-04
 1.71747    0.316802E-04   -0.370620E-04    0.637392E-04
 1.73550    0.307602E-04   -0.365288E-04    0.631758E-04
 1.75353    0.298670E-04   -0.360092E-04    0.626228E-04
 1.77155    0.289997E-04   -0.355029E-04    0.620797E-04
 1.78958    0.281575E-04   -0.350094E-04    0.615463E-04
 1.80761    0.273396E-04   -0.345283E-04    0.610223E-04
 1.82563    0.265455E-04   -0.340593E-04    0.605075E-04
 1.84366    0.257743E-04   -0.336020E-04    0.600016E-04
 1.86168    0.250254E-04   -0.331562E-04    0.595043E-04
 1.87971    0.242982E-04   -0.327214E-04    0.590155E-04
 1.89774    0.235921E-04   -0.322974E-04    0.585348E-04
 1.91576    0.229065E-04   -0.318839E-04    0.580621E-04
 1.93379    0.222408E-04   -0.314806E-04    0.575972E-04
 1.95181    0.215946E-04   -0.310870E-04    0.571491E-04
 1.96984    0.209673E-04   -0.307034E-04    0.566898E-04
 1.98787    0.203585E-04   -0.303293E-04    0.562471E-04
 2.00589    0.197677E-04   -0.299643E-04    0.558113E-04
 2.02392    0.191943E-04   -0.296084E-04    0.553824E-04
 2.04194    0.186379E-04   -0.292616E-04    0.549603E-04
 2.05997    0.180984E-04   -0.289230E-04    0.545446E-04
 2.07800    0.175751E-04   -0.285927E-04    0.541353E-04
 2.09602    0.170675E-04   -0.282706E-04    0.537322E-04
 2.11405    0.165754E-04   -0.279564E-04    0.533353E-04
 2.13207    0.160983E-04   -0.276500E-04    0.529442E-04
 2.15010    0.156358E-04   -0.273512E-04    0.525589E-04
 2.16813    0.151876E-04   -0.270596E-04    0.521793E-04
 2.18615    0.147533E-04   -0.267753E-04    0.518051E-04
 2.20418    0.143324E-04   -0.264978E-04    0.514363E-04
 2.22220    0.139247E-04   -0.262272E-04    0.510727E-04
 2.24023    0.135296E-04   -0.259631E-04    0.507142E-04
 2.25826    0.131468E-04   -0.257054E-04    0.503607E-04
 2.27628    0.127759E-04   -0.254539E-04    0.500119E-04
 2.29431    0.124165E-04   -0.252083E-04    0.496677E-04
 2.31233    0.120682E-04   -0.249684E-04    0.493279E-04
 2.33036    0.117305E-04   -0.247341E-04    0.489925E-04
 2.34839    0.114030E-04   -0.245052E-04    0.486612E-04
 2.36641    0.110854E-04   -0.242813E-04    0.483338E-04
 2.38444    0.107771E-04   -0.240623E-04    0.480104E-04
 2.40246    0.104777E-04   -0.238480E-04    0.476905E-04
 2.42049    0.101869E-04   -0.236382E-04    0.473742E-04
 2.43852    0.990410E-05   -0.234326E-04    0.470612E-04
 2.45654    0.962898E-05   -0.232311E-04    0.467514E-04
 2.47457    0.936107E-05   -0.230333E-04    0.464446E-04
 2.49260    0.909996E-05   -0.228392E-04    0.461406E-04
 2.51062    0.884526E-05   -0.226484E-04    0.458394E-04
 2.52865    0.859655E-05   -0.224609E-04    0.455408E-04
 2.54667    0.835347E-05   -0.222763E-04    0.452446E-04
 2.56470    0.811563E-05   -0.220946E-04    0.449507E-04
 2.58273    0.788270E-05   -0.219155E-04    0.446588E-04
 2.60075    0.765436E-05   -0.217389E-04    0.443691E-04
 2.61878    0.743030E-05   -0.215647E-04    0.440812E-04
 2.63680    0.721026E-05   -0.213925E-04    0.437951E-04
 2.65483    0.699396E-05   -0.212225E-04    0.435107E-04
 2.67286    0.678118E-05   -0.210544E-04    0.432280E-04
 2.69088    0.657172E-05   -0.208882E-04    0.429468E-04
 2.70891    0.636544E-05   -0.207237E-04    0.426671E-04
 2.72693    0.616214E-05   -0.205609E-04    0.423888E-04
 2.74496    0.596171E-05   -0.203996E-04    0.421119E-04
 2.76299    0.576407E-05   -0.202433E-04    0.418363E-04
 2.78101    0.556914E-05   -0.200819E-04    0.415621E-04
 2.79904    0.537685E-05   -0.199252E-04    0.412891E-04
 2.81706    0.518720E-05   -0.197700E-04    0.410174E-04
 2.83509    0.500016E-05   -0.196163E-04    0.407470E-04
 2.85312    0.481570E-05   -0.194641E-04    0.404779E-04
 2.87114    0.463386E-05   -0.193133E-04    0.402100E-04
 2.88917    0.445467E-05   -0.191640E-04    0.399434E-04
 2.90719    0.427813E-05   -0.190162E-04    0.396781E-04
 2.92522    0.410428E-05   -0.188699E-04    0.394141E-04
 2.94325    0.393314E-05   -0.187250E-04    0.391514E-04
 2.96127    0.376475E-05   -0.185817E-04    0.388901E-04
 2.97930    0.359912E-05   -0.184399E-04    0.386301E-04
 2.99732    0.343626E-05   -0.182997E-04    0.383714E-04
 3.01535    0.327618E-05   -0.181610E-04    0.381140E-04
 3.03338    0.311886E-05   -0.180239E-04    0.378581E-04
 3.05140    0.296429E-05   -0.178882E-04    0.376034E-04
 3.06943    0.281241E-05   -0.177540E-04    0.373501E-04
 3.08745    0.266318E-05   -0.176214E-04    0.370981E-04
 3.10548    0.251651E-05   -0.174902E-04    0.368474E-04
 3.12351    0.237232E-05   -0.173602E-04    0.365979E-04
 3.14153    0.223049E-05   -0.172317E-04    0.363496E-04
 3.15956    0.209090E-05   -0.171044E-04    0.361026E-04
 3.17759    0.195341E-05   -0.169784E-04    0.358566E-04
 3.19561    0.181785E-05   -0.168534E-04    0.356117E-04
 3.21364    0.168405E-05   -0.167294E-04    0.353679E-04
 3.23166    0.155183E-05   -0.166064E-04    0.351250E-04
 3.24969    0.142098E-05   -0.164842E-04    0.348829E-04
 3.26772    0.129130E-05   -0.163628E-04    0.346417E-04
 3.28574    0.116259E-05   -0.162420E-04    0.344013E-04
 3.30377    0.103460E-05   -0.161218E-04    0.341614E-04
 3.32179    0.907139E-06   -0.160019E-04    0.339221E-04
 3.33982    0.779982E-06   -0.158823E-04    0.336834E-04
 3.35785    0.652916E-06   -0.157630E-04    0.334451E-04
 3.37587    0.525727E-06   -0.156437E-04    0.332072E-04
 3.39390    0.398208E-06   -0.155245E-04    0.329696E-04
 3.41192    0.270174E-06   -0.154051E-04    0.327322E-04
 3.42995    0.141440E-06   -0.152856E-04    0.324949E-04
 3.44798    0.118450E-07   -0.151658E-04    0.322578E-04
 3.46600   -0.118764E-06   -0.150456E-04    0.320208E-04
 3.48403   -0.250519E-06   -0.149250E-04    0.317837E-04
 3.50205   -0.383576E-06   -0.148040E-04    0.315466E-04
 3.52008   -0.517921E-06   -0.146825E-04    0.313095E-04
 3.53811   -0.653726E-06   -0.145604E-04    0.310723E-04
 3.55613   -0.791025E-06   -0.144377E-04    0.308350E-04
 3.57416   -0.929843E-06   -0.143145E-04    0.305977E-04
 3.59218   -0.107018E-05   -0.141907E-04    0.303603E-04
 3.61021   -0.121206E-05   -0.140662E-04    0.301227E-04
 3.62824   -0.135540E-05   -0.139413E-04    0.298851E-04
 3.64626   -0.150018E-05   -0.138158E-04    0.296475E-04
 3.66429   -0.164630E-05   -0.136897E-04    0.294098E-04
 3.68231   -0.179368E-05   -0.135632E-04    0.291722E-04
 3.70034   -0.194221E-05   -0.134363E-04    0.289347E-04
 3.71837   -0.209176E-05   -0.133091E-04    0.286972E-04
 3.73639   -0.224218E-05   -0.131816E-04    0.284600E-04
 3.75442   -0.239331E-05   -0.130539E-04    0.282231E-04
 3.77244   -0.254500E-05   -0.129262E-04    0.279864E-04
 3.79047   -0.269705E-05   -0.127984E-04    0.277502E-04
 3.80850   -0.284928E-05   -0.126707E-04    0.275144E-04
 3.82652   -0.300148E-05   -0.125432E-04    0.272791E-04
 3.84455   -0.315345E-05   -0.124160E-04    0.270445E-04
 3.86258   -0.330498E-05   -0.122892E-04    0.268106E-04
 3.88060   -0.345586E-05   -0.121629E-04    0.265774E-04
 3.89863   -0.360588E-05   -0.120372E-04    0.263452E-04
 3.91665   -0.375482E-05   -0.119122E-04    0.261138E-04
 3.93468   -0.390249E-05   -0.117880E-04    0.258835E-04
 3.95271   -0.404868E-05   -0.116648E-04    0.256543E-04
 3.97073   -0.419319E-05   -0.115425E-04    0.254263E-04
 3.98876   -0.433584E-05   -0.114214E-04    0.251995E-04
 4.00678   -0.447642E-05   -0.113015E-04    0.249741E-04
 4.02481   -0.461478E-05   -0.111828E-04    0.247500E-04
 4.04284   -0.475073E-05   -0.110656E-04    0.245274E-04
 4.06086   -0.488412E-05   -0.109498E-04    0.243065E-04
 4.07889   -0.501480E-05   -0.108355E-04    0.240869E-04
 4.09691   -0.514263E-05   -0.107228E-04    0.238690E-04
 4.11494   -0.526748E-05   -0.106118E-04    0.236528E-04
 4.13297   -0.538924E-05   -0.105024E-04    0.234383E-04
 4.15099   -0.550781E-05   -0.103949E-04    0.232256E-04
 4.16902   -0.562310E-05   -0.102892E-04    0.230147E-04
 4.18704   -0.573503E-05   -0.101853E-04    0.228056E-04
 4.20507   -0.584352E-05   -0.100833E-04    0.225984E-04
 4.22310   -0.594853E-05   -0.998321E-05    0.223930E-04
 4.24112   -0.605002E-05   -0.988506E-05    0.221895E-04
 4.25915   -0.614793E-05   -0.978885E-05    0.219879E-04
 4.27717   -0.624226E-05   -0.969461E-05    0.217882E-04
 4.29520   -0.633297E-05   -0.960234E-05    0.215905E-04
 4.31323   -0.642008E-05   -0.951204E-05    0.213946E-04
 4.33125   -0.650358E-05   -0.942371E-05    0.212007E-04
 4.34928   -0.658349E-05   -0.933735E-05    0.210087E-04
 4.36730   -0.665982E-05   -0.925293E-05    0.208187E-04
 4.38533   -0.673261E-05   -0.917045E-05    0.206305E-04
 4.40336   -0.680189E-05   -0.908989E-05    0.204442E-04
 4.42138   -0.686770E-05   -0.901122E-05    0.202598E-04
 4.43941   -0.693009E-05   -0.893443E-05    0.200772E-04
 4.45743   -0.698913E-05   -0.885947E-05    0.198965E-04
 4.47546   -0.704486E-05   -0.878633E-05    0.197176E-04
 4.49349   -0.709735E-05   -0.871497E-05    0.195404E-04
 4.51151   -0.714666E-05   -0.864535E-05    0.193651E-04
 4.52954   -0.719287E-05   -0.857745E-05    0.191914E-04
 4.54757   -0.723605E-05   -0.851122E-05    0.190195E-04
 4.56559   -0.727626E-05   -0.844663E-05    0.188492E-04
 4.58362   -0.731359E-05   -0.838364E-05    0.186806E-04
 4.60164   -0.734812E-05   -0.832221E-05    0.185137E-04
 4.61967   -0.737993E-05   -0.826228E-05    0.183483E-04
 4.63770   -0.740909E-05   -0.820385E-05    0.181844E-04
 4.65572   -0.743570E-05   -0.814685E-05    0.180221E-04
 4.67375   -0.745983E-05   -0.809124E-05    0.178613E-04
 4.69177   -0.748156E-05   -0.803697E-05    0.177019E-04
 4.70980   -0.750098E-05   -0.798402E-05    0.175440E-04
 4.72783   -0.751817E-05   -0.793234E-05    0.173875E-04
 4.74585   -0.753320E-05   -0.788188E-05    0.172323E-04
 4.76388   -0.754617E-05   -0.783262E-05    0.170785E-04
 4.78190   -0.755715E-05   -0.778450E-05    0.169261E-04
 4.79993   -0.756620E-05   -0.773749E-05    0.167748E-04
 4.81796   -0.757341E-05   -0.769155E-05    0.166249E-04
 4.83598   -0.757885E-05   -0.764664E-05    0.164762E-04
 4.85401   -0.758260E-05   -0.760273E-05    0.163287E-04
 4.87203   -0.758472E-05   -0.755978E-05    0.161823E-04
 4.89006   -0.758529E-05   -0.751775E-05    0.160371E-04
 4.90809   -0.758438E-05   -0.747662E-05    0.158931E-04
 4.92611   -0.758204E-05   -0.743633E-05    0.157501E-04
 4.94414   -0.757835E-05   -0.739688E-05    0.156082E-04
 4.96216   -0.757335E-05   -0.735821E-05    0.154674E-04
 4.98019   -0.756715E-05   -0.732031E-05    0.153276E-04
 4.99822   -0.755974E-05   -0.728313E-05    0.151888E-04
 5.01624   -0.755124E-05   -0.724667E-05    0.150510E-04
 5.03427   -0.754166E-05   -0.721087E-05    0.149142E-04
 5.05229   -0.753107E-05   -0.717572E-05    0.147783E-04
 5.07032   -0.751952E-05   -0.714120E-05    0.146433E-04
 5.08835   -0.750705E-05   -0.710727E-05    0.145093E-04
 5.10637   -0.749368E-05   -0.707392E-05    0.143761E-04
 5.12440   -0.747956E-05   -0.704111E-05    0.142438E-04
 5.14242   -0.746462E-05   -0.700884E-05    0.141123E-04
 5.16045   -0.744895E-05   -0.697708E-05    0.139817E-04
 5.17848   -0.743257E-05   -0.694580E-05    0.138519E-04
 5.19650   -0.741554E-05   -0.691498E-05    0.137229E-04
 5.21453   -0.739788E-05   -0.688462E-05    0.135947E-04
 5.23256   -0.737964E-05   -0.685468E-05    0.134673E-04
 5.25058   -0.736085E-05   -0.682516E-05    0.133407E-04
 5.26861   -0.734153E-05   -0.679604E-05    0.132148E-04
 5.28663   -0.732172E-05   -0.676729E-05    0.130896E-04
 5.30466   -0.730145E-05   -0.673891E-05    0.129652E-04
 5.32269   -0.728074E-05   -0.671089E-05    0.128415E-04
 5.34071   -0.725963E-05   -0.668319E-05    0.127185E-04
 5.35874   -0.723812E-05   -0.665583E-05    0.125962E-04
 5.37676   -0.721626E-05   -0.662877E-05    0.124745E-04
 5.39479   -0.719406E-05   -0.660202E-05    0.123536E-04
 5.41282   -0.717155E-05   -0.657555E-05    0.122333E-04
 5.43084   -0.714875E-05   -0.654937E-05    0.121137E-04
 5.44887   -0.712566E-05   -0.652345E-05    0.119948E-04
 5.46689   -0.710232E-05   -0.649778E-05    0.118764E-04
 5.48492   -0.707872E-05   -0.647237E-05    0.117587E-04
 5.50295   -0.705493E-05   -0.644719E-05    0.116417E-04
 5.52097   -0.703093E-05   -0.642225E-05    0.115252E-04
 5.53900   -0.700673E-05   -0.639752E-05    0.114094E-04
 5.55702   -0.698236E-05   -0.637302E-05    0.112942E-04
 5.57505   -0.695782E-05   -0.634871E-05    0.111796E-04
 5.59308   -0.693314E-05   -0.632461E-05    0.110656E-04
 5.61110   -0.690832E-05   -0.630071E-05    0.109521E-04
 5.62913   -0.688337E-05   -0.627699E-05    0.108393E-04
 5.64715   -0.685831E-05   -0.625345E-05    0.107271E-04
 5.66518   -0.683314E-05   -0.623009E-05    0.106154E-04
 5.68321   -0.680788E-05   -0.620690E-05    0.105043E-04
 5.70123   -0.678254E-05   -0.618387E-05    0.103938E-04
 5.71926   -0.675712E-05   -0.616100E-05    0.102839E-04
 5.73728   -0.673164E-05   -0.613832E-05    0.101745E-04
 5.75531   -0.670609E-05   -0.611575E-05    0.100656E-04
 5.77334   -0.668050E-05   -0.609334E-05    0.995736E-05
 5.79136   -0.665487E-05   -0.607106E-05    0.984962E-05
 5.80939   -0.662919E-05   -0.604893E-05    0.974243E-05
 5.82741   -0.660349E-05   -0.602690E-05    0.963571E-05
 5.84544   -0.657777E-05   -0.600502E-05    0.952966E-05
 5.86347   -0.655202E-05   -0.598328E-05    0.942400E-05
 5.88149   -0.652623E-05   -0.596166E-05    0.931893E-05
 5.89952   -0.650052E-05   -0.594015E-05    0.921438E-05
 5.91755   -0.647477E-05   -0.591877E-05    0.911035E-05
 5.93557   -0.644902E-05   -0.589750E-05    0.900684E-05
 5.95360   -0.642329E-05   -0.587633E-05    0.890384E-05
 5.97162   -0.639757E-05   -0.585528E-05    0.880133E-05
 5.98965   -0.637188E-05   -0.583433E-05    0.869934E-05
 6.00768   -0.634620E-05   -0.581348E-05    0.859784E-05
 6.02570   -0.632057E-05   -0.579274E-05    0.849684E-05
 6.04373   -0.629496E-05   -0.577209E-05    0.839634E-05
 6.06175   -0.626939E-05   -0.575153E-05    0.829633E-05
 6.07978   -0.624386E-05   -0.573107E-05    0.819681E-05
 6.09781   -0.621838E-05   -0.571070E-05    0.809786E-05
 6.11583   -0.619295E-05   -0.569041E-05    0.799923E-05
 6.13386   -0.616758E-05   -0.567021E-05    0.790117E-05
 6.15188   -0.614226E-05   -0.565010E-05    0.780360E-05
 6.16991   -0.611700E-05   -0.563006E-05    0.770650E-05
 6.18794   -0.609180E-05   -0.561011E-05    0.760988E-05
 6.20596   -0.606667E-05   -0.559022E-05    0.751374E-05
 6.22399   -0.604161E-05   -0.557042E-05    0.741809E-05
 6.24201   -0.601662E-05   -0.555069E-05    0.732291E-05
 6.26004   -0.599170E-05   -0.553103E-05    0.722819E-05
 6.27807   -0.596686E-05   -0.551145E-05    0.713396E-05
 6.29609   -0.594210E-05   -0.549194E-05    0.704019E-05
 6.31412   -0.591743E-05   -0.547249E-05    0.694691E-05
 6.33214   -0.589284E-05   -0.545310E-05    0.685409E-05
 6.35017   -0.586835E-05   -0.543378E-05    0.676173E-05
 6.36820   -0.584394E-05   -0.541452E-05    0.666984E-05
 6.38622   -0.581963E-05   -0.539533E-05    0.657842E-05
 6.40425   -0.579541E-05   -0.537618E-05    0.648745E-05
 6.42227   -0.577129E-05   -0.535710E-05    0.639695E-05
 6.44030   -0.574727E-05   -0.533808E-05    0.630691E-05
 6.45833   -0.572335E-05   -0.531911E-05    0.621732E-05
 6.47635   -0.569952E-05   -0.530020E-05    0.612819E-05
 6.49438   -0.567581E-05   -0.528133E-05    0.603951E-05
 6.51240   -0.565220E-05   -0.526249E-05    0.595128E-05
 6.53043   -0.562870E-05   -0.524373E-05    0.586350E-05
 6.54846   -0.560532E-05   -0.522502E-05    0.577616E-05
 6.56648   -0.558204E-05   -0.520635E-05    0.568928E-05
 6.58451   -0.555888E-05   -0.518773E-05    0.560283E-05
 6.60254   -0.553583E-05   -0.516916E-05    0.551679E-05
 6.62056   -0.551289E-05   -0.515063E-05    0.543122E-05
 6.63859   -0.549007E-05   -0.513215E-05    0.534609E-05
 6.65661   -0.546737E-05   -0.511371E-05    0.526140E-05
 6.67464   -0.544479E-05   -0.509530E-05    0.517714E-05
 6.69267   -0.542232E-05   -0.507694E-05    0.509336E-05
 6.71069   -0.539998E-05   -0.505862E-05    0.500999E-05
 6.72872   -0.537776E-05   -0.504034E-05    0.492696E-05
 6.74674   -0.535565E-05   -0.502210E-05    0.484440E-05
 6.76477   -0.533367E-05   -0.500391E-05    0.476228E-05
 6.78280   -0.531181E-05   -0.498575E-05    0.468058E-05
 6.80082   -0.529007E-05   -0.496762E-05    0.459932E-05
 6.81885   -0.526846E-05   -0.494954E-05    0.451848E-05
 6.83687   -0.524697E-05   -0.493150E-05    0.443805E-05
 6.85490   -0.522560E-05   -0.491349E-05    0.435803E-05
 6.87293   -0.520435E-05   -0.489551E-05    0.427844E-05
 6.89095   -0.518323E-05   -0.487758E-05    0.419925E-05
 6.90898   -0.516223E-05   -0.485968E-05    0.412047E-05
 6.92700   -0.514134E-05   -0.484182E-05    0.404212E-05
 6.94503   -0.512058E-05   -0.482398E-05    0.396418E-05
 6.96306   -0.509994E-05   -0.480617E-05    0.388666E-05
 6.98108   -0.507942E-05   -0.478841E-05    0.380956E-05
 6.99911   -0.505902E-05   -0.477070E-05    0.373286E-05
 7.01713   -0.503873E-05   -0.475301E-05    0.365656E-05
 7.03516   -0.501857E-05   -0.473538E-05    0.358068E-05
 7.05319   -0.499852E-05   -0.471776E-05    0.350521E-05
 7.07121   -0.497858E-05   -0.470019E-05    0.343015E-05
 7.08924   -0.495876E-05   -0.468265E-05    0.335549E-05
 7.10726   -0.493905E-05   -0.466516E-05    0.328112E-05
 7.12529   -0.491945E-05   -0.464770E-05    0.320727E-05
 7.14332   -0.489996E-05   -0.463027E-05    0.313383E-05
 7.16134   -0.488058E-05   -0.461289E-05    0.306079E-05
 7.17937   -0.486131E-05   -0.459554E-05    0.298823E-05
 7.19739   -0.484213E-05   -0.457824E-05    0.291601E-05
 7.21542   -0.482307E-05   -0.456097E-05    0.284417E-05
 7.23345   -0.480411E-05   -0.454374E-05    0.277275E-05
 7.25147   -0.478526E-05   -0.452657E-05    0.270174E-05
 7.26950   -0.476650E-05   -0.450943E-05    0.263111E-05
 7.28753   -0.474784E-05   -0.449232E-05    0.256087E-05
 7.30555   -0.472927E-05   -0.447526E-05    0.249099E-05
 7.32358   -0.471081E-05   -0.445824E-05    0.242151E-05
 7.34160   -0.469244E-05   -0.444127E-05    0.235243E-05
 7.35963   -0.467416E-05   -0.442433E-05    0.228377E-05
 7.37766   -0.465598E-05   -0.440744E-05    0.221550E-05
 7.39568   -0.463788E-05   -0.439058E-05    0.214762E-05
 7.41371   -0.461987E-05   -0.437378E-05    0.208013E-05
 7.43173   -0.460195E-05   -0.435703E-05    0.201303E-05
 7.44976   -0.458412E-05   -0.434032E-05    0.194632E-05
 7.46779   -0.456637E-05   -0.432365E-05    0.188000E-05
 7.48581   -0.454870E-05   -0.430703E-05    0.181407E-05
 7.50384   -0.453112E-05   -0.429046E-05    0.174852E-05
 7.52186   -0.451361E-05   -0.427393E-05    0.168336E-05
 7.53989   -0.449619E-05   -0.425745E-05    0.161859E-05
 7.55792   -0.447885E-05   -0.424102E-05    0.155420E-05
 7.57594   -0.446158E-05   -0.422464E-05    0.149019E-05
 7.59397   -0.444439E-05   -0.420830E-05    0.142656E-05
 7.61199   -0.442728E-05   -0.419201E-05    0.136332E-05
 7.63002   -0.441025E-05   -0.417576E-05    0.130046E-05
 7.64805   -0.439329E-05   -0.415956E-05    0.123797E-05
 7.66607   -0.437640E-05   -0.414342E-05    0.117586E-05
 7.68410   -0.435959E-05   -0.412732E-05    0.111413E-05
 7.70212   -0.434285E-05   -0.411126E-05    0.105280E-05
 7.72015   -0.432619E-05   -0.409526E-05    0.991786E-06
 7.73818   -0.430959E-05   -0.407930E-05    0.931186E-06
 7.75620   -0.429307E-05   -0.406339E-05    0.870952E-06
 7.77423   -0.427662E-05   -0.404754E-05    0.811092E-06
 7.79225   -0.426024E-05   -0.403172E-05    0.751592E-06
 7.81028   -0.424393E-05   -0.401596E-05    0.692464E-06
 7.82831   -0.422769E-05   -0.400024E-05    0.633698E-06
 7.84633   -0.421153E-05   -0.398456E-05    0.575301E-06
 7.86436   -0.419543E-05   -0.396894E-05    0.517272E-06
 7.88238   -0.417940E-05   -0.395336E-05    0.459607E-06
 7.90041   -0.416344E-05   -0.393783E-05    0.402303E-06
 7.91844   -0.414755E-05   -0.392234E-05    0.345360E-06
 7.93646   -0.413172E-05   -0.390690E-05    0.288780E-06
 7.95449   -0.411596E-05   -0.389150E-05    0.232556E-06
 7.97252   -0.410027E-05   -0.387616E-05    0.176687E-06
 7.99054   -0.408466E-05   -0.386086E-05    0.121175E-06
 8.00857   -0.406911E-05   -0.384560E-05    0.660169E-07
 8.02659   -0.405362E-05   -0.383039E-05    0.112118E-07
 8.04462   -0.403821E-05   -0.381523E-05   -0.432480E-07
 8.06265   -0.402287E-05   -0.380011E-05   -0.973516E-07
 8.08067   -0.400759E-05   -0.378504E-05   -0.151101E-06
 8.09870   -0.399239E-05   -0.377001E-05   -0.204509E-06
 8.11672   -0.397725E-05   -0.375502E-05   -0.257570E-06
 8.13475   -0.396218E-05   -0.374008E-05   -0.310288E-06
 8.15278   -0.394718E-05   -0.372518E-05   -0.362662E-06
 8.17080   -0.393225E-05   -0.371034E-05   -0.414693E-06
 8.18883   -0.391739E-05   -0.369553E-05   -0.466382E-06
 8.20685   -0.390260E-05   -0.368076E-05   -0.517733E-06
 8.22488   -0.388787E-05   -0.366604E-05   -0.568743E-06
 8.24291   -0.387321E-05   -0.365136E-05   -0.619425E-06
 8.26093   -0.385862E-05   -0.363672E-05   -0.669765E-06
 8.27896   -0.384410E-05   -0.362212E-05   -0.719769E-06
 8.29698   -0.382965E-05   -0.360757E-05   -0.769439E-06
 8.31501   -0.381527E-05   -0.359305E-05   -0.818781E-06
 8.33304   -0.380095E-05   -0.357858E-05   -0.867789E-06
 8.35106   -0.378670E-05   -0.356415E-05   -0.916475E-06
 8.36909   -0.377251E-05   -0.354977E-05   -0.964830E-06
 8.38711   -0.375840E-05   -0.353542E-05   -0.101286E-05
 8.40514   -0.374436E-05   -0.352111E-05   -0.106056E-05
 8.42317   -0.373038E-05   -0.350684E-05   -0.110794E-05
 8.44119   -0.371647E-05   -0.349261E-05   -0.115500E-05
 8.45922   -0.370263E-05   -0.347843E-05   -0.120174E-05
 8.47724   -0.368885E-05   -0.346429E-05   -0.124816E-05
 8.49527   -0.367515E-05   -0.345018E-05   -0.129426E-05
 8.51330   -0.366150E-05   -0.343612E-05   -0.134004E-05
 8.53132   -0.364793E-05   -0.342210E-05   -0.138551E-05
 8.54935   -0.363442E-05   -0.340811E-05   -0.143066E-05
 8.56737   -0.362098E-05   -0.339417E-05   -0.147550E-05
 8.58540   -0.360760E-05   -0.338027E-05   -0.152003E-05
 8.60343   -0.359429E-05   -0.336640E-05   -0.156424E-05
 8.62145   -0.358105E-05   -0.335258E-05   -0.160815E-05
 8.63948   -0.356785E-05   -0.333879E-05   -0.165175E-05
 8.65751   -0.355474E-05   -0.332504E-05   -0.169504E-05
 8.67553   -0.354169E-05   -0.331134E-05   -0.173802E-05
 8.69356   -0.352870E-05   -0.329767E-05   -0.178070E-05
 8.71158   -0.351578E-05   -0.328404E-05   -0.182308E-05
 8.72961   -0.350292E-05   -0.327045E-05   -0.186515E-05
 8.74764   -0.349013E-05   -0.325689E-05   -0.190693E-05
 8.76566   -0.347740E-05   -0.324338E-05   -0.194840E-05
 8.78369   -0.346473E-05   -0.322991E-05   -0.198957E-05
 8.80171   -0.345212E-05   -0.321647E-05   -0.203045E-05
 8.81974   -0.343958E-05   -0.320307E-05   -0.207103E-05
 8.83777   -0.342709E-05   -0.318971E-05   -0.211132E-05
 8.85579   -0.341468E-05   -0.317639E-05   -0.215135E-05
 8.87382   -0.340232E-05   -0.316310E-05   -0.219105E-05
 8.89184   -0.339002E-05   -0.314986E-05   -0.223042E-05
 8.90987   -0.337779E-05   -0.313665E-05   -0.226954E-05
 8.92790   -0.336562E-05   -0.312348E-05   -0.230837E-05
 8.94592   -0.335350E-05   -0.311036E-05   -0.234693E-05
 8.96395   -0.334145E-05   -0.309727E-05   -0.238516E-05
 8.98197   -0.332946E-05   -0.308421E-05   -0.242312E-05
 9.00000   -0.331753E-05   -0.307119E-05   -0.246081E-05
