 0.00500    0.678702E-01   -0.328013E-01    0.235900E-01
 0.02303    0.557065E-01   -0.267209E-01    0.190309E-01
 0.04105    0.485587E-01   -0.231487E-01    0.163549E-01
 0.05908    0.433459E-01   -0.205448E-01    0.144063E-01
 0.07710    0.392343E-01   -0.184923E-01    0.128722E-01
 0.09513    0.358504E-01   -0.168042E-01    0.116122E-01
 0.11316    0.329876E-01   -0.153771E-01    0.105489E-01
 0.13118    0.305188E-01   -0.141474E-01    0.963420E-02
 0.14921    0.283590E-01   -0.130726E-01    0.883623E-02
 0.16723    0.264485E-01   -0.121227E-01    0.813242E-02
 0.18526    0.247435E-01   -0.112759E-01    0.750628E-02
 0.20329    0.232104E-01   -0.105153E-01    0.694517E-02
 0.22131    0.218235E-01   -0.982799E-02    0.643935E-02
 0.23934    0.205624E-01   -0.920373E-02    0.598107E-02
 0.25736    0.194103E-01   -0.863417E-02    0.556402E-02
 0.27539    0.183536E-01   -0.811250E-02    0.518307E-02
 0.29342    0.173812E-01   -0.763306E-02    0.483395E-02
 0.31144    0.164834E-01   -0.719105E-02    0.451303E-02
 0.32947    0.156522E-01   -0.678242E-02    0.421725E-02
 0.34749    0.148807E-01   -0.640374E-02    0.394400E-02
 0.36552    0.141630E-01   -0.605202E-02    0.369103E-02
 0.38355    0.134939E-01   -0.572466E-02    0.345637E-02
 0.40157    0.128689E-01   -0.541939E-02    0.323832E-02
 0.41960    0.122840E-01   -0.513422E-02    0.303535E-02
 0.43763    0.117357E-01   -0.486739E-02    0.284614E-02
 0.45565    0.112210E-01   -0.461735E-02    0.266952E-02
 0.47368    0.107370E-01   -0.438271E-02    0.250443E-02
 0.49170    0.102813E-01   -0.416223E-02    0.234992E-02
 0.50973    0.985168E-02   -0.395480E-02    0.220517E-02
 0.52776    0.944619E-02   -0.375943E-02    0.206942E-02
 0.54578    0.906300E-02   -0.357520E-02    0.194197E-02
 0.56381    0.870048E-02   -0.340129E-02    0.182221E-02
 0.58183    0.835715E-02   -0.323697E-02    0.170958E-02
 0.59986    0.803169E-02   -0.308157E-02    0.160356E-02
 0.61789    0.772287E-02   -0.293447E-02    0.150370E-02
 0.63591    0.742958E-02   -0.279510E-02    0.140957E-02
 0.65394    0.715079E-02   -0.266297E-02    0.132077E-02
 0.67196    0.688556E-02   -0.253758E-02    0.123696E-02
 0.68999    0.663303E-02   -0.241851E-02    0.115780E-02
 0.70802    0.639242E-02   -0.230537E-02    0.108300E-02
 0.72604    0.616300E-02   -0.219778E-02    0.101228E-02
 0.74407    0.594409E-02   -0.209542E-02    0.945376E-03
 0.76209    0.573508E-02   -0.199796E-02    0.882064E-03
 0.78012    0.553537E-02   -0.190512E-02    0.822119E-03
 0.79815    0.534444E-02   -0.181663E-02    0.765339E-03
 0.81617    0.516180E-02   -0.173224E-02    0.711538E-03
 0.83420    0.498698E-02   -0.165171E-02    0.660541E-03
 0.85222    0.481956E-02   -0.157484E-02    0.612187E-03
 0.87025    0.465913E-02   -0.150142E-02    0.566324E-03
 0.88828    0.450533E-02   -0.143127E-02    0.522814E-03
 0.90630    0.435781E-02   -0.136421E-02    0.481523E-03
 0.92433    0.421624E-02   -0.130008E-02    0.442330E-03
 0.94235    0.408033E-02   -0.123873E-02    0.405121E-03
 0.96038    0.394978E-02   -0.118001E-02    0.369789E-03
 0.97841    0.382434E-02   -0.112380E-02    0.336236E-03
 0.99643    0.370375E-02   -0.106997E-02    0.304366E-03
 1.01446    0.358777E-02   -0.101839E-02    0.274092E-03
 1.03248    0.347619E-02   -0.968960E-03    0.245331E-03
 1.05051    0.336881E-02   -0.921576E-03    0.218006E-03
 1.06854    0.326541E-02   -0.876138E-03    0.192044E-03
 1.08656    0.316583E-02   -0.832556E-03    0.167375E-03
 1.10459    0.306988E-02   -0.790742E-03    0.143937E-03
 1.12262    0.297741E-02   -0.750616E-03    0.121667E-03
 1.14064    0.288825E-02   -0.712101E-03    0.100510E-03
 1.15867    0.280228E-02   -0.675123E-03    0.804119E-04
 1.17669    0.271934E-02   -0.639613E-03    0.613202E-04
 1.19472    0.263930E-02   -0.605506E-03    0.431868E-04
 1.21275    0.256205E-02   -0.572740E-03    0.259660E-04
 1.23077    0.248746E-02   -0.541255E-03    0.961478E-05
 1.24880    0.241542E-02   -0.510997E-03   -0.590798E-05
 1.26682    0.234583E-02   -0.481914E-03   -0.206404E-04
 1.28485    0.227859E-02   -0.453956E-03   -0.346193E-04
 1.30288    0.221359E-02   -0.427075E-03   -0.478801E-04
 1.32090    0.215077E-02   -0.401227E-03   -0.604536E-04
 1.33893    0.209002E-02   -0.376370E-03   -0.723715E-04
 1.35695    0.203127E-02   -0.352462E-03   -0.836648E-04
 1.37498    0.197443E-02   -0.329464E-03   -0.943604E-04
 1.39301    0.191944E-02   -0.307340E-03   -0.104486E-03
 1.41103    0.186622E-02   -0.286056E-03   -0.114066E-03
 1.42906    0.181471E-02   -0.265577E-03   -0.123125E-03
 1.44708    0.176483E-02   -0.245882E-03   -0.131687E-03
 1.46511    0.171654E-02   -0.226909E-03   -0.139773E-03
 1.48314    0.166976E-02   -0.208661E-03   -0.147403E-03
 1.50116    0.162445E-02   -0.191099E-03   -0.154599E-03
 1.51919    0.158056E-02   -0.174198E-03   -0.161379E-03
 1.53721    0.153802E-02   -0.157931E-03   -0.167763E-03
 1.55524    0.149679E-02   -0.142275E-03   -0.173763E-03
 1.57327    0.145683E-02   -0.127206E-03   -0.179401E-03
 1.59129    0.141809E-02   -0.112704E-03   -0.184689E-03
 1.60932    0.138053E-02   -0.987465E-04   -0.189645E-03
 1.62734    0.134410E-02   -0.853138E-04   -0.194280E-03
 1.64537    0.130877E-02   -0.723868E-04   -0.198610E-03
 1.66340    0.127450E-02   -0.599469E-04   -0.202647E-03
 1.68142    0.124126E-02   -0.479765E-04   -0.206403E-03
 1.69945    0.120900E-02   -0.364593E-04   -0.209891E-03
 1.71747    0.117770E-02   -0.253778E-04   -0.213122E-03
 1.73550    0.114733E-02   -0.147170E-04   -0.216106E-03
 1.75353    0.111785E-02   -0.446204E-05   -0.218855E-03
 1.77155    0.108923E-02    0.540090E-05   -0.221377E-03
 1.78958    0.106145E-02    0.148853E-04   -0.223682E-03
 1.80761    0.103449E-02    0.240045E-04   -0.225779E-03
 1.82563    0.100830E-02    0.327711E-04   -0.227677E-03
 1.84366    0.982883E-03    0.411965E-04   -0.229384E-03
 1.86168    0.958198E-03    0.492925E-04   -0.230908E-03
 1.87971    0.934228E-03    0.570695E-04   -0.232255E-03
 1.89774    0.910951E-03    0.645387E-04   -0.233434E-03
 1.91576    0.888346E-03    0.717097E-04   -0.234451E-03
 1.93379    0.866392E-03    0.785923E-04   -0.235312E-03
 1.95181    0.845072E-03    0.851956E-04   -0.236024E-03
 1.96984    0.824367E-03    0.915278E-04   -0.236592E-03
 1.98787    0.804258E-03    0.975988E-04   -0.237022E-03
 2.00589    0.784731E-03    0.103415E-03   -0.237319E-03
 2.02392    0.765768E-03    0.108985E-03   -0.237489E-03
 2.04194    0.747354E-03    0.114316E-03   -0.237536E-03
 2.05997    0.729475E-03    0.119414E-03   -0.237464E-03
 2.07800    0.712117E-03    0.124287E-03   -0.237278E-03
 2.09602    0.695268E-03    0.128938E-03   -0.236982E-03
 2.11405    0.678913E-03    0.133377E-03   -0.236579E-03
 2.13207    0.663040E-03    0.137610E-03   -0.236074E-03
 2.15010    0.647643E-03    0.141639E-03   -0.235468E-03
 2.16813    0.632706E-03    0.145470E-03   -0.234767E-03
 2.18615    0.618221E-03    0.149108E-03   -0.233971E-03
 2.20418    0.604179E-03    0.152557E-03   -0.233084E-03
 2.22220    0.590570E-03    0.155822E-03   -0.232109E-03
 2.24023    0.577386E-03    0.158905E-03   -0.231048E-03
 2.25826    0.564620E-03    0.161812E-03   -0.229902E-03
 2.27628    0.552264E-03    0.164545E-03   -0.228673E-03
 2.29431    0.540311E-03    0.167107E-03   -0.227364E-03
 2.31233    0.528755E-03    0.169501E-03   -0.225975E-03
 2.33036    0.517590E-03    0.171730E-03   -0.224509E-03
 2.34839    0.506809E-03    0.173797E-03   -0.222966E-03
 2.36641    0.496408E-03    0.175703E-03   -0.221348E-03
 2.38444    0.486381E-03    0.177451E-03   -0.219655E-03
 2.40246    0.476724E-03    0.179044E-03   -0.217889E-03
 2.42049    0.467431E-03    0.180483E-03   -0.216051E-03
 2.43852    0.458499E-03    0.181770E-03   -0.214141E-03
 2.45654    0.449922E-03    0.182908E-03   -0.212161E-03
 2.47457    0.441695E-03    0.183897E-03   -0.210111E-03
 2.49260    0.433816E-03    0.184741E-03   -0.207992E-03
 2.51062    0.426277E-03    0.185441E-03   -0.205805E-03
 2.52865    0.419076E-03    0.185999E-03   -0.203551E-03
 2.54667    0.412208E-03    0.186418E-03   -0.201231E-03
 2.56470    0.405665E-03    0.186699E-03   -0.198847E-03
 2.58273    0.399443E-03    0.186846E-03   -0.196399E-03
 2.60075    0.393535E-03    0.186860E-03   -0.193888E-03
 2.61878    0.387934E-03    0.186747E-03   -0.191318E-03
 2.63680    0.382634E-03    0.186508E-03   -0.188689E-03
 2.65483    0.377625E-03    0.186147E-03   -0.186005E-03
 2.67286    0.372900E-03    0.185669E-03   -0.183266E-03
 2.69088    0.368447E-03    0.185078E-03   -0.180477E-03
 2.70891    0.364258E-03    0.184379E-03   -0.177641E-03
 2.72693    0.360319E-03    0.183578E-03   -0.174760E-03
 2.74496    0.356619E-03    0.182680E-03   -0.171838E-03
 2.76299    0.353144E-03    0.181692E-03   -0.168880E-03
 2.78101    0.349879E-03    0.180620E-03   -0.165890E-03
 2.79904    0.346810E-03    0.179473E-03   -0.162874E-03
 2.81706    0.343920E-03    0.178257E-03   -0.159836E-03
 2.83509    0.341192E-03    0.176981E-03   -0.156782E-03
 2.85312    0.338606E-03    0.175655E-03   -0.153717E-03
 2.87114    0.336146E-03    0.174286E-03   -0.150649E-03
 2.88917    0.333790E-03    0.172884E-03   -0.147584E-03
 2.90719    0.331519E-03    0.171461E-03   -0.144528E-03
 2.92522    0.329311E-03    0.170024E-03   -0.141489E-03
 2.94325    0.327144E-03    0.168586E-03   -0.138474E-03
 2.96127    0.324997E-03    0.167156E-03   -0.135489E-03
 2.97930    0.322849E-03    0.165746E-03   -0.132544E-03
 2.99732    0.320676E-03    0.164365E-03   -0.129644E-03
 3.01535    0.318458E-03    0.163025E-03   -0.126798E-03
 3.03338    0.316172E-03    0.161736E-03   -0.124012E-03
 3.05140    0.313798E-03    0.160508E-03   -0.121294E-03
 3.06943    0.311315E-03    0.159351E-03   -0.118652E-03
 3.08745    0.308703E-03    0.158275E-03   -0.116090E-03
 3.10548    0.305943E-03    0.157290E-03   -0.113617E-03
 3.12351    0.303017E-03    0.156402E-03   -0.111238E-03
 3.14153    0.299910E-03    0.155621E-03   -0.108958E-03
 3.15956    0.296606E-03    0.154954E-03   -0.106782E-03
 3.17759    0.293092E-03    0.154407E-03   -0.104716E-03
 3.19561    0.289355E-03    0.153986E-03   -0.102762E-03
 3.21364    0.285386E-03    0.153696E-03   -0.100925E-03
 3.23166    0.281176E-03    0.153542E-03   -0.992059E-04
 3.24969    0.276718E-03    0.153525E-03   -0.976082E-04
 3.26772    0.272008E-03    0.153648E-03   -0.961327E-04
 3.28574    0.267043E-03    0.153913E-03   -0.947800E-04
 3.30377    0.261822E-03    0.154319E-03   -0.935499E-04
 3.32179    0.256347E-03    0.154867E-03   -0.924418E-04
 3.33982    0.250621E-03    0.155553E-03   -0.914540E-04
 3.35785    0.244648E-03    0.156375E-03   -0.905844E-04
 3.37587    0.238437E-03    0.157331E-03   -0.898302E-04
 3.39390    0.231994E-03    0.158416E-03   -0.891880E-04
 3.41192    0.225330E-03    0.159624E-03   -0.886540E-04
 3.42995    0.218457E-03    0.160951E-03   -0.882237E-04
 3.44798    0.211386E-03    0.162388E-03   -0.878921E-04
 3.46600    0.204133E-03    0.163930E-03   -0.876538E-04
 3.48403    0.196712E-03    0.165569E-03   -0.875032E-04
 3.50205    0.189140E-03    0.167296E-03   -0.874336E-04
 3.52008    0.181434E-03    0.169103E-03   -0.874392E-04
 3.53811    0.173614E-03    0.170981E-03   -0.875129E-04
 3.55613    0.165693E-03    0.172921E-03   -0.876482E-04
 3.57416    0.157693E-03    0.174914E-03   -0.878380E-04
 3.59218    0.149631E-03    0.176951E-03   -0.880752E-04
 3.61021    0.141527E-03    0.179021E-03   -0.883532E-04
 3.62824    0.133398E-03    0.181117E-03   -0.886649E-04
 3.64626    0.125263E-03    0.183229E-03   -0.890039E-04
 3.66429    0.117140E-03    0.185348E-03   -0.893629E-04
 3.68231    0.109046E-03    0.187466E-03   -0.897359E-04
 3.70034    0.100998E-03    0.189573E-03   -0.901166E-04
 3.71837    0.930135E-04    0.191662E-03   -0.904988E-04
 3.73639    0.851065E-04    0.193726E-03   -0.908768E-04
 3.75442    0.772930E-04    0.195755E-03   -0.912451E-04
 3.77244    0.695857E-04    0.197745E-03   -0.915985E-04
 3.79047    0.619980E-04    0.199688E-03   -0.919326E-04
 3.80850    0.545414E-04    0.201579E-03   -0.922428E-04
 3.82652    0.472270E-04    0.203412E-03   -0.925254E-04
 3.84455    0.400645E-04    0.205182E-03   -0.927758E-04
 3.86258    0.330630E-04    0.206885E-03   -0.929919E-04
 3.88060    0.262307E-04    0.208517E-03   -0.931705E-04
 3.89863    0.195740E-04    0.210074E-03   -0.933078E-04
 3.91665    0.130996E-04    0.211554E-03   -0.934032E-04
 3.93468    0.681242E-05    0.212954E-03   -0.934541E-04
 3.95271    0.716481E-06    0.214271E-03   -0.934589E-04
 3.97073   -0.518491E-05    0.215504E-03   -0.934168E-04
 3.98876   -0.108894E-04    0.216652E-03   -0.933261E-04
 4.00678   -0.163953E-04    0.217715E-03   -0.931870E-04
 4.02481   -0.217021E-04    0.218691E-03   -0.929987E-04
 4.04284   -0.268095E-04    0.219581E-03   -0.927614E-04
 4.06086   -0.317180E-04    0.220385E-03   -0.924754E-04
 4.07889   -0.364287E-04    0.221103E-03   -0.921403E-04
 4.09691   -0.409435E-04    0.221737E-03   -0.917574E-04
 4.11494   -0.452643E-04    0.222287E-03   -0.913276E-04
 4.13297   -0.493936E-04    0.222755E-03   -0.908511E-04
 4.15099   -0.533348E-04    0.223142E-03   -0.903296E-04
 4.16902   -0.570912E-04    0.223449E-03   -0.897634E-04
 4.18704   -0.606664E-04    0.223679E-03   -0.891548E-04
 4.20507   -0.640647E-04    0.223834E-03   -0.885048E-04
 4.22310   -0.672903E-04    0.223916E-03   -0.878150E-04
 4.24112   -0.703478E-04    0.223926E-03   -0.870865E-04
 4.25915   -0.732417E-04    0.223868E-03   -0.863217E-04
 4.27717   -0.759769E-04    0.223743E-03   -0.855213E-04
 4.29520   -0.785583E-04    0.223555E-03   -0.846878E-04
 4.31323   -0.809909E-04    0.223304E-03   -0.838228E-04
 4.33125   -0.832795E-04    0.222995E-03   -0.829276E-04
 4.34928   -0.854292E-04    0.222628E-03   -0.820039E-04
 4.36730   -0.874451E-04    0.222207E-03   -0.810539E-04
 4.38533   -0.893320E-04    0.221735E-03   -0.800789E-04
 4.40336   -0.910949E-04    0.221212E-03   -0.790808E-04
 4.42138   -0.927387E-04    0.220643E-03   -0.780613E-04
 4.43941   -0.942682E-04    0.220029E-03   -0.770212E-04
 4.45743   -0.956882E-04    0.219372E-03   -0.759631E-04
 4.47546   -0.970033E-04    0.218674E-03   -0.748880E-04
 4.49349   -0.982183E-04    0.217939E-03   -0.737976E-04
 4.51151   -0.993371E-04    0.217168E-03   -0.726933E-04
 4.52954   -0.100364E-03    0.216362E-03   -0.715767E-04
 4.54757   -0.101304E-03    0.215525E-03   -0.704515E-04
 4.56559   -0.102160E-03    0.214658E-03   -0.693136E-04
 4.58362   -0.102937E-03    0.213762E-03   -0.681676E-04
 4.60164   -0.103638E-03    0.212840E-03   -0.670133E-04
 4.61967   -0.104267E-03    0.211894E-03   -0.658533E-04
 4.63770   -0.104827E-03    0.210924E-03   -0.646852E-04
 4.65572   -0.105322E-03    0.209933E-03   -0.635158E-04
 4.67375   -0.105755E-03    0.208922E-03   -0.623436E-04
 4.69177   -0.106129E-03    0.207893E-03   -0.611687E-04
 4.70980   -0.106448E-03    0.206847E-03   -0.599928E-04
 4.72783   -0.106713E-03    0.205786E-03   -0.588164E-04
 4.74585   -0.106929E-03    0.204710E-03   -0.576405E-04
 4.76388   -0.107096E-03    0.203620E-03   -0.564657E-04
 4.78190   -0.107219E-03    0.202519E-03   -0.552928E-04
 4.79993   -0.107299E-03    0.201407E-03   -0.541226E-04
 4.81796   -0.107339E-03    0.200286E-03   -0.529554E-04
 4.83598   -0.107340E-03    0.199155E-03   -0.517920E-04
 4.85401   -0.107305E-03    0.198017E-03   -0.506332E-04
 4.87203   -0.107236E-03    0.196871E-03   -0.494791E-04
 4.89006   -0.107135E-03    0.195720E-03   -0.483304E-04
 4.90809   -0.107003E-03    0.194563E-03   -0.471875E-04
 4.92611   -0.106842E-03    0.193401E-03   -0.460509E-04
 4.94414   -0.106654E-03    0.192236E-03   -0.449209E-04
 4.96216   -0.106441E-03    0.191067E-03   -0.437980E-04
 4.98019   -0.106203E-03    0.189896E-03   -0.426822E-04
 4.99822   -0.105943E-03    0.188723E-03   -0.415742E-04
 5.01624   -0.105661E-03    0.187549E-03   -0.404740E-04
 5.03427   -0.105359E-03    0.186374E-03   -0.393820E-04
 5.05229   -0.105038E-03    0.185198E-03   -0.382983E-04
 5.07032   -0.104699E-03    0.184023E-03   -0.372233E-04
 5.08835   -0.104343E-03    0.182849E-03   -0.361570E-04
 5.10637   -0.103971E-03    0.181675E-03   -0.350996E-04
 5.12440   -0.103585E-03    0.180503E-03   -0.340513E-04
 5.14242   -0.103185E-03    0.179333E-03   -0.330122E-04
 5.16045   -0.102772E-03    0.178165E-03   -0.319825E-04
 5.17848   -0.102346E-03    0.176999E-03   -0.309623E-04
 5.19650   -0.101910E-03    0.175836E-03   -0.299516E-04
 5.21453   -0.101463E-03    0.174677E-03   -0.289506E-04
 5.23256   -0.101005E-03    0.173521E-03   -0.279594E-04
 5.25058   -0.100539E-03    0.172368E-03   -0.269782E-04
 5.26861   -0.100064E-03    0.171219E-03   -0.260068E-04
 5.28663   -0.995814E-04    0.170075E-03   -0.250455E-04
 5.30466   -0.990912E-04    0.168935E-03   -0.240943E-04
 5.32269   -0.985942E-04    0.167799E-03   -0.231534E-04
 5.34071   -0.980909E-04    0.166668E-03   -0.222226E-04
 5.35874   -0.975818E-04    0.165543E-03   -0.213023E-04
 5.37676   -0.970674E-04    0.164422E-03   -0.203922E-04
 5.39479   -0.965480E-04    0.163306E-03   -0.194926E-04
 5.41282   -0.960243E-04    0.162196E-03   -0.186034E-04
 5.43084   -0.954965E-04    0.161091E-03   -0.177248E-04
 5.44887   -0.949651E-04    0.159991E-03   -0.168566E-04
 5.46689   -0.944304E-04    0.158898E-03   -0.159989E-04
 5.48492   -0.938927E-04    0.157810E-03   -0.151517E-04
 5.50295   -0.933524E-04    0.156728E-03   -0.143151E-04
 5.52097   -0.928098E-04    0.155652E-03   -0.134890E-04
 5.53900   -0.922653E-04    0.154582E-03   -0.126734E-04
 5.55702   -0.917190E-04    0.153518E-03   -0.118683E-04
 5.57505   -0.911713E-04    0.152461E-03   -0.110736E-04
 5.59308   -0.906224E-04    0.151409E-03   -0.102892E-04
 5.61110   -0.900725E-04    0.150364E-03   -0.951524E-05
 5.62913   -0.895219E-04    0.149326E-03   -0.875152E-05
 5.64715   -0.889709E-04    0.148293E-03   -0.799818E-05
 5.66518   -0.884196E-04    0.147267E-03   -0.725474E-05
 5.68321   -0.878683E-04    0.146248E-03   -0.652144E-05
 5.70123   -0.873171E-04    0.145235E-03   -0.579814E-05
 5.71926   -0.867663E-04    0.144229E-03   -0.508471E-05
 5.73728   -0.862160E-04    0.143229E-03   -0.438107E-05
 5.75531   -0.856665E-04    0.142236E-03   -0.368714E-05
 5.77334   -0.851178E-04    0.141250E-03   -0.300278E-05
 5.79136   -0.845703E-04    0.140270E-03   -0.232793E-05
 5.80939   -0.840239E-04    0.139297E-03   -0.166245E-05
 5.82741   -0.834790E-04    0.138330E-03   -0.100627E-05
 5.84544   -0.829356E-04    0.137371E-03   -0.359238E-06
 5.86347   -0.823939E-04    0.136418E-03    0.278701E-06
 5.88149   -0.818540E-04    0.135472E-03    0.907691E-06
 5.89952   -0.813162E-04    0.134532E-03    0.152782E-05
 5.91755   -0.807804E-04    0.133600E-03    0.213918E-05
 5.93557   -0.802470E-04    0.132674E-03    0.274191E-05
 5.95360   -0.797159E-04    0.131755E-03    0.333606E-05
 5.97162   -0.791873E-04    0.130843E-03    0.392171E-05
 5.98965   -0.786614E-04    0.129937E-03    0.449894E-05
 6.00768   -0.781382E-04    0.129039E-03    0.506784E-05
 6.02570   -0.776179E-04    0.128147E-03    0.562848E-05
 6.04373   -0.771006E-04    0.127262E-03    0.618092E-05
 6.06175   -0.765864E-04    0.126384E-03    0.672521E-05
 6.07978   -0.760754E-04    0.125513E-03    0.726142E-05
 6.09781   -0.755677E-04    0.124649E-03    0.778959E-05
 6.11583   -0.750633E-04    0.123791E-03    0.830994E-05
 6.13386   -0.745625E-04    0.122940E-03    0.882220E-05
 6.15188   -0.740651E-04    0.122096E-03    0.932658E-05
 6.16991   -0.735714E-04    0.121259E-03    0.982314E-05
 6.18794   -0.730815E-04    0.120429E-03    0.103119E-04
 6.20596   -0.725952E-04    0.119605E-03    0.107929E-04
 6.22399   -0.721128E-04    0.118788E-03    0.112663E-04
 6.24201   -0.716342E-04    0.117978E-03    0.117321E-04
 6.26004   -0.711596E-04    0.117174E-03    0.121904E-04
 6.27807   -0.706889E-04    0.116378E-03    0.126411E-04
 6.29609   -0.702222E-04    0.115587E-03    0.130844E-04
 6.31412   -0.697594E-04    0.114804E-03    0.135203E-04
 6.33214   -0.693007E-04    0.114027E-03    0.139489E-04
 6.35017   -0.688460E-04    0.113256E-03    0.143704E-04
 6.36820   -0.683953E-04    0.112492E-03    0.147847E-04
 6.38622   -0.679485E-04    0.111735E-03    0.151919E-04
 6.40425   -0.675058E-04    0.110984E-03    0.155922E-04
 6.42227   -0.670671E-04    0.110239E-03    0.159857E-04
 6.44030   -0.666323E-04    0.109500E-03    0.163723E-04
 6.45833   -0.662014E-04    0.108768E-03    0.167522E-04
 6.47635   -0.657744E-04    0.108042E-03    0.171255E-04
 6.49438   -0.653512E-04    0.107322E-03    0.174923E-04
 6.51240   -0.649318E-04    0.106608E-03    0.178526E-04
 6.53043   -0.645161E-04    0.105900E-03    0.182066E-04
 6.54846   -0.641042E-04    0.105197E-03    0.185544E-04
 6.56648   -0.636958E-04    0.104501E-03    0.188961E-04
 6.58451   -0.632909E-04    0.103811E-03    0.192317E-04
 6.60254   -0.628896E-04    0.103126E-03    0.195613E-04
 6.62056   -0.624916E-04    0.102447E-03    0.198851E-04
 6.63859   -0.620969E-04    0.101773E-03    0.202031E-04
 6.65661   -0.617054E-04    0.101105E-03    0.205155E-04
 6.67464   -0.613171E-04    0.100442E-03    0.208223E-04
 6.69267   -0.609318E-04    0.997842E-04    0.211237E-04
 6.71069   -0.605495E-04    0.991319E-04    0.214197E-04
 6.72872   -0.601700E-04    0.984847E-04    0.217104E-04
 6.74674   -0.597933E-04    0.978426E-04    0.219959E-04
 6.76477   -0.594193E-04    0.972055E-04    0.222763E-04
 6.78280   -0.590479E-04    0.965732E-04    0.225517E-04
 6.80082   -0.586790E-04    0.959458E-04    0.228223E-04
 6.81885   -0.583125E-04    0.953232E-04    0.230879E-04
 6.83687   -0.579484E-04    0.947053E-04    0.233489E-04
 6.85490   -0.575865E-04    0.940919E-04    0.236052E-04
 6.87293   -0.572268E-04    0.934831E-04    0.238570E-04
 6.89095   -0.568692E-04    0.928787E-04    0.241042E-04
 6.90898   -0.565136E-04    0.922788E-04    0.243471E-04
 6.92700   -0.561600E-04    0.916833E-04    0.245856E-04
 6.94503   -0.558082E-04    0.910918E-04    0.248199E-04
 6.96306   -0.554583E-04    0.905047E-04    0.250501E-04
 6.98108   -0.551102E-04    0.899218E-04    0.252761E-04
 6.99911   -0.547638E-04    0.893429E-04    0.254981E-04
 7.01713   -0.544190E-04    0.887681E-04    0.257161E-04
 7.03516   -0.540759E-04    0.881972E-04    0.259302E-04
 7.05319   -0.537344E-04    0.876303E-04    0.261405E-04
 7.07121   -0.533943E-04    0.870673E-04    0.263470E-04
 7.08924   -0.530558E-04    0.865081E-04    0.265498E-04
 7.10726   -0.527187E-04    0.859527E-04    0.267490E-04
 7.12529   -0.523831E-04    0.854011E-04    0.269446E-04
 7.14332   -0.520489E-04    0.848532E-04    0.271366E-04
 7.16134   -0.517160E-04    0.843091E-04    0.273251E-04
 7.17937   -0.513845E-04    0.837684E-04    0.275102E-04
 7.19739   -0.510544E-04    0.832314E-04    0.276919E-04
 7.21542   -0.507256E-04    0.826980E-04    0.278702E-04
 7.23345   -0.503982E-04    0.821682E-04    0.280452E-04
 7.25147   -0.500721E-04    0.816419E-04    0.282171E-04
 7.26950   -0.497473E-04    0.811190E-04    0.283857E-04
 7.28753   -0.494238E-04    0.805997E-04    0.285512E-04
 7.30555   -0.491017E-04    0.800838E-04    0.287135E-04
 7.32358   -0.487810E-04    0.795713E-04    0.288727E-04
 7.34160   -0.484616E-04    0.790622E-04    0.290289E-04
 7.35963   -0.481436E-04    0.785565E-04    0.291821E-04
 7.37766   -0.478269E-04    0.780542E-04    0.293322E-04
 7.39568   -0.475117E-04    0.775553E-04    0.294794E-04
 7.41371   -0.471978E-04    0.770598E-04    0.296237E-04
 7.43173   -0.468854E-04    0.765674E-04    0.297651E-04
 7.44976   -0.465745E-04    0.760784E-04    0.299036E-04
 7.46779   -0.462650E-04    0.755928E-04    0.300393E-04
 7.48581   -0.459570E-04    0.751104E-04    0.301721E-04
 7.50384   -0.456505E-04    0.746312E-04    0.303022E-04
 7.52186   -0.453455E-04    0.741554E-04    0.304296E-04
 7.53989   -0.450420E-04    0.736828E-04    0.305542E-04
 7.55792   -0.447401E-04    0.732134E-04    0.306761E-04
 7.57594   -0.444398E-04    0.727472E-04    0.307954E-04
 7.59397   -0.441410E-04    0.722842E-04    0.309120E-04
 7.61199   -0.438439E-04    0.718244E-04    0.310260E-04
 7.63002   -0.435483E-04    0.713678E-04    0.311374E-04
 7.64805   -0.432545E-04    0.709143E-04    0.312462E-04
 7.66607   -0.429622E-04    0.704641E-04    0.313525E-04
 7.68410   -0.426716E-04    0.700169E-04    0.314563E-04
 7.70212   -0.423828E-04    0.695728E-04    0.315576E-04
 7.72015   -0.420956E-04    0.691319E-04    0.316565E-04
 7.73818   -0.418101E-04    0.686941E-04    0.317529E-04
 7.75620   -0.415263E-04    0.682593E-04    0.318469E-04
 7.77423   -0.412442E-04    0.678276E-04    0.319385E-04
 7.79225   -0.409639E-04    0.673990E-04    0.320278E-04
 7.81028   -0.406854E-04    0.669735E-04    0.321147E-04
 7.82831   -0.404086E-04    0.665509E-04    0.321993E-04
 7.84633   -0.401335E-04    0.661314E-04    0.322816E-04
 7.86436   -0.398603E-04    0.657148E-04    0.323617E-04
 7.88238   -0.395888E-04    0.653012E-04    0.324395E-04
 7.90041   -0.393191E-04    0.648906E-04    0.325151E-04
 7.91844   -0.390512E-04    0.644830E-04    0.325885E-04
 7.93646   -0.387852E-04    0.640783E-04    0.326597E-04
 7.95449   -0.385209E-04    0.636765E-04    0.327288E-04
 7.97252   -0.382584E-04    0.632776E-04    0.327958E-04
 7.99054   -0.379978E-04    0.628816E-04    0.328607E-04
 8.00857   -0.377390E-04    0.624885E-04    0.329235E-04
 8.02659   -0.374820E-04    0.620982E-04    0.329843E-04
 8.04462   -0.372268E-04    0.617108E-04    0.330430E-04
 8.06265   -0.369734E-04    0.613262E-04    0.330997E-04
 8.08067   -0.367219E-04    0.609444E-04    0.331545E-04
 8.09870   -0.364722E-04    0.605655E-04    0.332073E-04
 8.11672   -0.362243E-04    0.601893E-04    0.332582E-04
 8.13475   -0.359783E-04    0.598158E-04    0.333071E-04
 8.15278   -0.357340E-04    0.594451E-04    0.333542E-04
 8.17080   -0.354916E-04    0.590772E-04    0.333994E-04
 8.18883   -0.352511E-04    0.587119E-04    0.334428E-04
 8.20685   -0.350123E-04    0.583493E-04    0.334843E-04
 8.22488   -0.347754E-04    0.579894E-04    0.335241E-04
 8.24291   -0.345402E-04    0.576322E-04    0.335620E-04
 8.26093   -0.343069E-04    0.572776E-04    0.335982E-04
 8.27896   -0.340754E-04    0.569257E-04    0.336327E-04
 8.29698   -0.338457E-04    0.565763E-04    0.336655E-04
 8.31501   -0.336178E-04    0.562295E-04    0.336965E-04
 8.33304   -0.333916E-04    0.558854E-04    0.337259E-04
 8.35106   -0.331673E-04    0.555437E-04    0.337537E-04
 8.36909   -0.329447E-04    0.552047E-04    0.337798E-04
 8.38711   -0.327239E-04    0.548681E-04    0.338043E-04
 8.40514   -0.325049E-04    0.545340E-04    0.338272E-04
 8.42317   -0.322876E-04    0.542024E-04    0.338486E-04
 8.44119   -0.320721E-04    0.538733E-04    0.338684E-04
 8.45922   -0.318583E-04    0.535467E-04    0.338867E-04
 8.47724   -0.316463E-04    0.532225E-04    0.339035E-04
 8.49527   -0.314360E-04    0.529007E-04    0.339188E-04
 8.51330   -0.312274E-04    0.525813E-04    0.339326E-04
 8.53132   -0.310205E-04    0.522643E-04    0.339450E-04
 8.54935   -0.308153E-04    0.519496E-04    0.339560E-04
 8.56737   -0.306118E-04    0.516373E-04    0.339655E-04
 8.58540   -0.304100E-04    0.513273E-04    0.339737E-04
 8.60343   -0.302098E-04    0.510197E-04    0.339805E-04
 8.62145   -0.300113E-04    0.507143E-04    0.339860E-04
 8.63948   -0.298145E-04    0.504112E-04    0.339901E-04
 8.65751   -0.296192E-04    0.501104E-04    0.339929E-04
 8.67553   -0.294256E-04    0.498118E-04    0.339945E-04
 8.69356   -0.292337E-04    0.495154E-04    0.339947E-04
 8.71158   -0.290433E-04    0.492212E-04    0.339937E-04
 8.72961   -0.288545E-04    0.489292E-04    0.339915E-04
 8.74764   -0.286672E-04    0.486394E-04    0.339881E-04
 8.76566   -0.284816E-04    0.483517E-04    0.339835E-04
 8.78369   -0.282974E-04    0.480662E-04    0.339777E-04
 8.80171   -0.281148E-04    0.477828E-04    0.339707E-04
 8.81974   -0.279338E-04    0.475014E-04    0.339626E-04
 8.83777   -0.277542E-04    0.472222E-04    0.339534E-04
 8.85579   -0.275761E-04    0.469450E-04    0.339430E-04
 8.87382   -0.273995E-04    0.466698E-04    0.339316E-04
 8.89184   -0.272244E-04    0.463967E-04    0.339191E-04
 8.90987   -0.270507E-04    0.461256E-04    0.339056E-04
 8.92790   -0.268785E-04    0.458564E-04    0.338910E-04
 8.94592   -0.267077E-04    0.455893E-04    0.338754E-04
 8.96395   -0.265383E-04    0.453241E-04    0.338588E-04
 8.98197   -0.263702E-04    0.450608E-04    0.338412E-04
 9.00000   -0.262036E-04    0.447994E-04    0.338227E-04
