 0.00500    0.551894E-01   -0.266164E-01    0.191179E-01
 0.02303    0.444805E-01   -0.212637E-01    0.151048E-01
 0.04105    0.383085E-01   -0.181795E-01    0.127956E-01
 0.05908    0.338599E-01   -0.159584E-01    0.111348E-01
 0.07710    0.303846E-01   -0.142246E-01    0.984064E-02
 0.09513    0.275477E-01   -0.128106E-01    0.878740E-02
 0.11316    0.251654E-01   -0.116245E-01    0.790585E-02
 0.13118    0.231251E-01   -0.106099E-01    0.715350E-02
 0.14921    0.213518E-01   -0.972905E-02    0.650208E-02
 0.16723    0.197929E-01   -0.895576E-02    0.593178E-02
 0.18526    0.184096E-01   -0.827058E-02    0.542793E-02
 0.20329    0.171730E-01   -0.765898E-02    0.497959E-02
 0.22131    0.160605E-01   -0.710961E-02    0.457817E-02
 0.23934    0.150541E-01   -0.661352E-02    0.421692E-02
 0.25736    0.141396E-01   -0.616349E-02    0.389037E-02
 0.27539    0.133051E-01   -0.575356E-02    0.359404E-02
 0.29342    0.125408E-01   -0.537885E-02    0.332420E-02
 0.31144    0.118385E-01   -0.503526E-02    0.307777E-02
 0.32947    0.111914E-01   -0.471931E-02    0.285210E-02
 0.34749    0.105935E-01   -0.442801E-02    0.264496E-02
 0.36552    0.100397E-01   -0.415881E-02    0.245437E-02
 0.38355    0.952556E-02   -0.390950E-02    0.227869E-02
 0.40157    0.904735E-02   -0.367814E-02    0.211645E-02
 0.41960    0.860168E-02   -0.346307E-02    0.196637E-02
 0.43763    0.818558E-02   -0.326279E-02    0.182732E-02
 0.45565    0.779647E-02   -0.307599E-02    0.169832E-02
 0.47368    0.743201E-02   -0.290150E-02    0.157847E-02
 0.49170    0.709012E-02   -0.273829E-02    0.146700E-02
 0.50973    0.676899E-02   -0.258542E-02    0.136319E-02
 0.52776    0.646695E-02   -0.244207E-02    0.126643E-02
 0.54578    0.618252E-02   -0.230750E-02    0.117614E-02
 0.56381    0.591436E-02   -0.218102E-02    0.109181E-02
 0.58183    0.566125E-02   -0.206202E-02    0.101298E-02
 0.59986    0.542208E-02   -0.194995E-02    0.939233E-03
 0.61789    0.519588E-02   -0.184432E-02    0.870194E-03
 0.63591    0.498174E-02   -0.174466E-02    0.805517E-03
 0.65394    0.477882E-02   -0.165057E-02    0.744887E-03
 0.67196    0.458636E-02   -0.156165E-02    0.688016E-03
 0.68999    0.440367E-02   -0.147756E-02    0.634641E-03
 0.70802    0.423012E-02   -0.139798E-02    0.584522E-03
 0.72604    0.406512E-02   -0.132262E-02    0.537440E-03
 0.74407    0.390814E-02   -0.125121E-02    0.493193E-03
 0.76209    0.375867E-02   -0.118349E-02    0.451593E-03
 0.78012    0.361627E-02   -0.111925E-02    0.412467E-03
 0.79815    0.348052E-02   -0.105827E-02    0.375657E-03
 0.81617    0.335101E-02   -0.100035E-02    0.341017E-03
 0.83420    0.322740E-02   -0.945312E-03    0.308411E-03
 0.85222    0.310935E-02   -0.892989E-03    0.277714E-03
 0.87025    0.299654E-02   -0.843224E-03    0.248808E-03
 0.88828    0.288868E-02   -0.795870E-03    0.221587E-03
 0.90630    0.278550E-02   -0.750792E-03    0.195949E-03
 0.92433    0.268676E-02   -0.707864E-03    0.171800E-03
 0.94235    0.259221E-02   -0.666969E-03    0.149052E-03
 0.96038    0.250163E-02   -0.627998E-03    0.127624E-03
 0.97841    0.241483E-02   -0.590849E-03    0.107441E-03
 0.99643    0.233160E-02   -0.555426E-03    0.884333E-04
 1.01446    0.225178E-02   -0.521639E-03    0.705339E-04
 1.03248    0.217519E-02   -0.489403E-03    0.536802E-04
 1.05051    0.210167E-02   -0.458637E-03    0.378137E-04
 1.06854    0.203107E-02   -0.429269E-03    0.228795E-04
 1.08656    0.196324E-02   -0.401228E-03    0.882669E-05
 1.10459    0.189807E-02   -0.374449E-03   -0.439241E-05
 1.12262    0.183543E-02   -0.348871E-03   -0.168220E-04
 1.14064    0.177519E-02   -0.324435E-03   -0.285046E-04
 1.15867    0.171726E-02   -0.301088E-03   -0.394801E-04
 1.17669    0.166151E-02   -0.278776E-03   -0.497858E-04
 1.19472    0.160787E-02   -0.257452E-03   -0.594576E-04
 1.21275    0.155622E-02   -0.237068E-03   -0.685276E-04
 1.23077    0.150649E-02   -0.217582E-03   -0.770283E-04
 1.24880    0.145860E-02   -0.198952E-03   -0.849887E-04
 1.26682    0.141245E-02   -0.181140E-03   -0.924367E-04
 1.28485    0.136798E-02   -0.164107E-03   -0.993988E-04
 1.30288    0.132511E-02   -0.147819E-03   -0.105900E-03
 1.32090    0.128378E-02   -0.132232E-03   -0.111964E-03
 1.33893    0.124393E-02   -0.117347E-03   -0.117614E-03
 1.35695    0.120549E-02   -0.103101E-03   -0.122870E-03
 1.37498    0.116840E-02   -0.894775E-04   -0.127751E-03
 1.39301    0.113262E-02   -0.764495E-04   -0.132278E-03
 1.41103    0.109808E-02   -0.639918E-04   -0.136468E-03
 1.42906    0.106475E-02   -0.520801E-04   -0.140335E-03
 1.44708    0.103257E-02   -0.406907E-04   -0.143900E-03
 1.46511    0.100149E-02   -0.298020E-04   -0.147175E-03
 1.48314    0.971475E-03   -0.193930E-04   -0.150175E-03
 1.50116    0.942485E-03   -0.944379E-05   -0.152913E-03
 1.51919    0.914479E-03    0.648008E-07   -0.155406E-03
 1.53721    0.887421E-03    0.914966E-05   -0.157661E-03
 1.55524    0.861275E-03    0.178286E-04   -0.159691E-03
 1.57327    0.836009E-03    0.261178E-04   -0.161509E-03
 1.59129    0.811589E-03    0.340315E-04   -0.163122E-03
 1.60932    0.787986E-03    0.415855E-04   -0.164543E-03
 1.62734    0.765171E-03    0.487936E-04   -0.165779E-03
 1.64537    0.743117E-03    0.556689E-04   -0.166841E-03
 1.66340    0.721796E-03    0.622240E-04   -0.167735E-03
 1.68142    0.701183E-03    0.684712E-04   -0.168470E-03
 1.69945    0.681255E-03    0.744216E-04   -0.169054E-03
 1.71747    0.661989E-03    0.800859E-04   -0.169493E-03
 1.73550    0.643364E-03    0.854744E-04   -0.169794E-03
 1.75353    0.625359E-03    0.905972E-04   -0.169963E-03
 1.77155    0.607956E-03    0.954626E-04   -0.170006E-03
 1.78958    0.591134E-03    0.100080E-03   -0.169928E-03
 1.80761    0.574878E-03    0.104457E-03   -0.169735E-03
 1.82563    0.559170E-03    0.108602E-03   -0.169432E-03
 1.84366    0.543995E-03    0.112522E-03   -0.169022E-03
 1.86168    0.529339E-03    0.116224E-03   -0.168510E-03
 1.87971    0.515188E-03    0.119714E-03   -0.167899E-03
 1.89774    0.501530E-03    0.122997E-03   -0.167193E-03
 1.91576    0.488352E-03    0.126080E-03   -0.166396E-03
 1.93379    0.475644E-03    0.128967E-03   -0.165509E-03
 1.95181    0.463396E-03    0.131662E-03   -0.164535E-03
 1.96984    0.451597E-03    0.134170E-03   -0.163477E-03
 1.98787    0.440240E-03    0.136495E-03   -0.162337E-03
 2.00589    0.429315E-03    0.138642E-03   -0.161116E-03
 2.02392    0.418816E-03    0.140611E-03   -0.159816E-03
 2.04194    0.408735E-03    0.142408E-03   -0.158439E-03
 2.05997    0.399065E-03    0.144035E-03   -0.156986E-03
 2.07800    0.389801E-03    0.145495E-03   -0.155457E-03
 2.09602    0.380936E-03    0.146789E-03   -0.153853E-03
 2.11405    0.372465E-03    0.147921E-03   -0.152177E-03
 2.13207    0.364382E-03    0.148892E-03   -0.150428E-03
 2.15010    0.356682E-03    0.149705E-03   -0.148607E-03
 2.16813    0.349360E-03    0.150363E-03   -0.146715E-03
 2.18615    0.342409E-03    0.150866E-03   -0.144752E-03
 2.20418    0.335825E-03    0.151218E-03   -0.142721E-03
 2.22220    0.329601E-03    0.151422E-03   -0.140622E-03
 2.24023    0.323730E-03    0.151480E-03   -0.138456E-03
 2.25826    0.318205E-03    0.151395E-03   -0.136224E-03
 2.27628    0.313017E-03    0.151172E-03   -0.133930E-03
 2.29431    0.308158E-03    0.150813E-03   -0.131574E-03
 2.31233    0.303618E-03    0.150324E-03   -0.129159E-03
 2.33036    0.299386E-03    0.149710E-03   -0.126689E-03
 2.34839    0.295449E-03    0.148977E-03   -0.124166E-03
 2.36641    0.291793E-03    0.148130E-03   -0.121595E-03
 2.38444    0.288403E-03    0.147177E-03   -0.118980E-03
 2.40246    0.285263E-03    0.146126E-03   -0.116326E-03
 2.42049    0.282353E-03    0.144985E-03   -0.113638E-03
 2.43852    0.279656E-03    0.143764E-03   -0.110923E-03
 2.45654    0.277150E-03    0.142472E-03   -0.108188E-03
 2.47457    0.274811E-03    0.141121E-03   -0.105439E-03
 2.49260    0.272616E-03    0.139722E-03   -0.102684E-03
 2.51062    0.270540E-03    0.138288E-03   -0.999320E-04
 2.52865    0.268557E-03    0.136829E-03   -0.971908E-04
 2.54667    0.266640E-03    0.135361E-03   -0.944696E-04
 2.56470    0.264761E-03    0.133895E-03   -0.917777E-04
 2.58273    0.262890E-03    0.132446E-03   -0.891246E-04
 2.60075    0.261001E-03    0.131028E-03   -0.865196E-04
 2.61878    0.259063E-03    0.129654E-03   -0.839725E-04
 2.63680    0.257049E-03    0.128339E-03   -0.814928E-04
 2.65483    0.254932E-03    0.127095E-03   -0.790896E-04
 2.67286    0.252684E-03    0.125936E-03   -0.767721E-04
 2.69088    0.250280E-03    0.124873E-03   -0.745487E-04
 2.70891    0.247695E-03    0.123919E-03   -0.724273E-04
 2.72693    0.244909E-03    0.123084E-03   -0.704155E-04
 2.74496    0.241899E-03    0.122378E-03   -0.685199E-04
 2.76299    0.238649E-03    0.121810E-03   -0.667466E-04
 2.78101    0.235142E-03    0.121387E-03   -0.651005E-04
 2.79904    0.231366E-03    0.121116E-03   -0.635858E-04
 2.81706    0.227310E-03    0.121000E-03   -0.622055E-04
 2.83509    0.222968E-03    0.121044E-03   -0.609615E-04
 2.85312    0.218335E-03    0.121249E-03   -0.598549E-04
 2.87114    0.213410E-03    0.121615E-03   -0.588856E-04
 2.88917    0.208195E-03    0.122142E-03   -0.580525E-04
 2.90719    0.202693E-03    0.122828E-03   -0.573536E-04
 2.92522    0.196913E-03    0.123667E-03   -0.567857E-04
 2.94325    0.190864E-03    0.124656E-03   -0.563445E-04
 2.96127    0.184560E-03    0.125787E-03   -0.560251E-04
 2.97930    0.178015E-03    0.127053E-03   -0.558214E-04
 2.99732    0.171248E-03    0.128445E-03   -0.557269E-04
 3.01535    0.164277E-03    0.129953E-03   -0.557341E-04
 3.03338    0.157122E-03    0.131568E-03   -0.558354E-04
 3.05140    0.149806E-03    0.133278E-03   -0.560222E-04
 3.06943    0.142352E-03    0.135071E-03   -0.562860E-04
 3.08745    0.134783E-03    0.136936E-03   -0.566178E-04
 3.10548    0.127125E-03    0.138860E-03   -0.570084E-04
 3.12351    0.119402E-03    0.140830E-03   -0.574484E-04
 3.14153    0.111638E-03    0.142836E-03   -0.579295E-04
 3.15956    0.103859E-03    0.144864E-03   -0.584418E-04
 3.17759    0.960883E-04    0.146902E-03   -0.589765E-04
 3.19561    0.883488E-04    0.148939E-03   -0.595250E-04
 3.21364    0.806630E-04    0.150964E-03   -0.600793E-04
 3.23166    0.730518E-04    0.152967E-03   -0.606314E-04
 3.24969    0.655354E-04    0.154936E-03   -0.611742E-04
 3.26772    0.581323E-04    0.156864E-03   -0.617007E-04
 3.28574    0.508599E-04    0.158741E-03   -0.622046E-04
 3.30377    0.437339E-04    0.160560E-03   -0.626802E-04
 3.32179    0.367689E-04    0.162314E-03   -0.631222E-04
 3.33982    0.299777E-04    0.163995E-03   -0.635258E-04
 3.35785    0.233714E-04    0.165600E-03   -0.638869E-04
 3.37587    0.169598E-04    0.167121E-03   -0.642021E-04
 3.39390    0.107506E-04    0.168557E-03   -0.644684E-04
 3.41192    0.475049E-05    0.169903E-03   -0.646835E-04
 3.42995   -0.103520E-05    0.171158E-03   -0.648454E-04
 3.44798   -0.660278E-05    0.172318E-03   -0.649528E-04
 3.46600   -0.119495E-04    0.173383E-03   -0.650046E-04
 3.48403   -0.170738E-04    0.174353E-03   -0.650003E-04
 3.50205   -0.219753E-04    0.175226E-03   -0.649399E-04
 3.52008   -0.266548E-04    0.176003E-03   -0.648234E-04
 3.53811   -0.311137E-04    0.176684E-03   -0.646515E-04
 3.55613   -0.353548E-04    0.177273E-03   -0.644250E-04
 3.57416   -0.393812E-04    0.177768E-03   -0.641450E-04
 3.59218   -0.431968E-04    0.178174E-03   -0.638130E-04
 3.61021   -0.468062E-04    0.178491E-03   -0.634305E-04
 3.62824   -0.502142E-04    0.178723E-03   -0.629993E-04
 3.64626   -0.534262E-04    0.178871E-03   -0.625211E-04
 3.66429   -0.564479E-04    0.178939E-03   -0.619981E-04
 3.68231   -0.592852E-04    0.178930E-03   -0.614323E-04
 3.70034   -0.619444E-04    0.178846E-03   -0.608258E-04
 3.71837   -0.644318E-04    0.178691E-03   -0.601808E-04
 3.73639   -0.667539E-04    0.178467E-03   -0.594996E-04
 3.75442   -0.689172E-04    0.178179E-03   -0.587843E-04
 3.77244   -0.709283E-04    0.177829E-03   -0.580372E-04
 3.79047   -0.727936E-04    0.177420E-03   -0.572605E-04
 3.80850   -0.745196E-04    0.176955E-03   -0.564565E-04
 3.82652   -0.761128E-04    0.176439E-03   -0.556272E-04
 3.84455   -0.775793E-04    0.175872E-03   -0.547748E-04
 3.86258   -0.789253E-04    0.175259E-03   -0.539011E-04
 3.88060   -0.801567E-04    0.174603E-03   -0.530087E-04
 3.89863   -0.812793E-04    0.173906E-03   -0.520990E-04
 3.91665   -0.822987E-04    0.173170E-03   -0.511737E-04
 3.93468   -0.832203E-04    0.172399E-03   -0.502348E-04
 3.95271   -0.840494E-04    0.171595E-03   -0.492840E-04
 3.97073   -0.847910E-04    0.170760E-03   -0.483228E-04
 3.98876   -0.854500E-04    0.169897E-03   -0.473528E-04
 4.00678   -0.860310E-04    0.169008E-03   -0.463755E-04
 4.02481   -0.865385E-04    0.168094E-03   -0.453923E-04
 4.04284   -0.869766E-04    0.167158E-03   -0.444044E-04
 4.06086   -0.873495E-04    0.166203E-03   -0.434129E-04
 4.07889   -0.876609E-04    0.165228E-03   -0.424192E-04
 4.09691   -0.879144E-04    0.164237E-03   -0.414243E-04
 4.11494   -0.881135E-04    0.163231E-03   -0.404292E-04
 4.13297   -0.882615E-04    0.162212E-03   -0.394348E-04
 4.15099   -0.883614E-04    0.161180E-03   -0.384419E-04
 4.16902   -0.884164E-04    0.160137E-03   -0.374515E-04
 4.18704   -0.884290E-04    0.159084E-03   -0.364620E-04
 4.20507   -0.884021E-04    0.158024E-03   -0.354787E-04
 4.22310   -0.883380E-04    0.156956E-03   -0.345024E-04
 4.24112   -0.882391E-04    0.155881E-03   -0.335288E-04
 4.25915   -0.881076E-04    0.154802E-03   -0.325607E-04
 4.27717   -0.879457E-04    0.153718E-03   -0.315989E-04
 4.29520   -0.877552E-04    0.152631E-03   -0.306441E-04
 4.31323   -0.875380E-04    0.151541E-03   -0.296962E-04
 4.33125   -0.872958E-04    0.150449E-03   -0.287559E-04
 4.34928   -0.870304E-04    0.149355E-03   -0.278233E-04
 4.36730   -0.867432E-04    0.148262E-03   -0.268992E-04
 4.38533   -0.864358E-04    0.147168E-03   -0.259834E-04
 4.40336   -0.861095E-04    0.146075E-03   -0.250762E-04
 4.42138   -0.857657E-04    0.144983E-03   -0.241780E-04
 4.43941   -0.854056E-04    0.143893E-03   -0.232888E-04
 4.45743   -0.850302E-04    0.142805E-03   -0.224089E-04
 4.47546   -0.846408E-04    0.141720E-03   -0.215384E-04
 4.49349   -0.842384E-04    0.140638E-03   -0.206773E-04
 4.51151   -0.838238E-04    0.139558E-03   -0.198259E-04
 4.52954   -0.833981E-04    0.138483E-03   -0.189840E-04
 4.54757   -0.829621E-04    0.137412E-03   -0.181519E-04
 4.56559   -0.825167E-04    0.136345E-03   -0.173295E-04
 4.58362   -0.820625E-04    0.135282E-03   -0.165169E-04
 4.60164   -0.816003E-04    0.134225E-03   -0.157142E-04
 4.61967   -0.811309E-04    0.133172E-03   -0.149214E-04
 4.63770   -0.806548E-04    0.132125E-03   -0.141387E-04
 4.65572   -0.801727E-04    0.131084E-03   -0.133661E-04
 4.67375   -0.796851E-04    0.130048E-03   -0.126037E-04
 4.69177   -0.791926E-04    0.129018E-03   -0.118516E-04
 4.70980   -0.786956E-04    0.127994E-03   -0.111098E-04
 4.72783   -0.781946E-04    0.126976E-03   -0.103786E-04
 4.74585   -0.776902E-04    0.125964E-03   -0.965793E-05
 4.76388   -0.771826E-04    0.124959E-03   -0.894793E-05
 4.78190   -0.766723E-04    0.123960E-03   -0.824867E-05
 4.79993   -0.761597E-04    0.122968E-03   -0.756019E-05
 4.81796   -0.756452E-04    0.121983E-03   -0.688253E-05
 4.83598   -0.751290E-04    0.121004E-03   -0.621569E-05
 4.85401   -0.746115E-04    0.120033E-03   -0.555964E-05
 4.87203   -0.740930E-04    0.119068E-03   -0.491432E-05
 4.89006   -0.735738E-04    0.118110E-03   -0.427965E-05
 4.90809   -0.730541E-04    0.117159E-03   -0.365548E-05
 4.92611   -0.725342E-04    0.116215E-03   -0.304175E-05
 4.94414   -0.720144E-04    0.115278E-03   -0.243819E-05
 4.96216   -0.714948E-04    0.114348E-03   -0.184469E-05
 4.98019   -0.709758E-04    0.113426E-03   -0.126107E-05
 4.99822   -0.704575E-04    0.112510E-03   -0.687117E-06
 5.01624   -0.699402E-04    0.111602E-03   -0.122636E-06
 5.03427   -0.694240E-04    0.110701E-03    0.432550E-06
 5.05229   -0.689091E-04    0.109807E-03    0.978661E-06
 5.07032   -0.683959E-04    0.108921E-03    0.151588E-05
 5.08835   -0.678843E-04    0.108041E-03    0.204435E-05
 5.10637   -0.673747E-04    0.107169E-03    0.256424E-05
 5.12440   -0.668671E-04    0.106305E-03    0.307561E-05
 5.14242   -0.663619E-04    0.105447E-03    0.357860E-05
 5.16045   -0.658591E-04    0.104597E-03    0.407331E-05
 5.17848   -0.653589E-04    0.103755E-03    0.455975E-05
 5.19650   -0.648615E-04    0.102919E-03    0.503807E-05
 5.21453   -0.643670E-04    0.102091E-03    0.550827E-05
 5.23256   -0.638756E-04    0.101271E-03    0.597037E-05
 5.25058   -0.633875E-04    0.100458E-03    0.642455E-05
 5.26861   -0.629028E-04    0.996519E-04    0.687065E-05
 5.28663   -0.624215E-04    0.988534E-04    0.730878E-05
 5.30466   -0.619440E-04    0.980624E-04    0.773898E-05
 5.32269   -0.614702E-04    0.972787E-04    0.816125E-05
 5.34071   -0.610003E-04    0.965024E-04    0.857556E-05
 5.35874   -0.605343E-04    0.957334E-04    0.898213E-05
 5.37676   -0.600725E-04    0.949718E-04    0.938092E-05
 5.39479   -0.596149E-04    0.942175E-04    0.977200E-05
 5.41282   -0.591615E-04    0.934705E-04    0.101554E-04
 5.43084   -0.587124E-04    0.927308E-04    0.105313E-04
 5.44887   -0.582677E-04    0.919983E-04    0.108996E-04
 5.46689   -0.578274E-04    0.912731E-04    0.112605E-04
 5.48492   -0.573917E-04    0.905550E-04    0.116141E-04
 5.50295   -0.569604E-04    0.898441E-04    0.119604E-04
 5.52097   -0.565337E-04    0.891402E-04    0.122996E-04
 5.53900   -0.561115E-04    0.884434E-04    0.126317E-04
 5.55702   -0.556938E-04    0.877536E-04    0.129569E-04
 5.57505   -0.552806E-04    0.870707E-04    0.132753E-04
 5.59308   -0.548719E-04    0.863946E-04    0.135869E-04
 5.61110   -0.544676E-04    0.857253E-04    0.138919E-04
 5.62913   -0.540677E-04    0.850627E-04    0.141904E-04
 5.64715   -0.536721E-04    0.844067E-04    0.144825E-04
 5.66518   -0.532807E-04    0.837572E-04    0.147683E-04
 5.68321   -0.528934E-04    0.831141E-04    0.150480E-04
 5.70123   -0.525102E-04    0.824774E-04    0.153216E-04
 5.71926   -0.521309E-04    0.818469E-04    0.155894E-04
 5.73728   -0.517555E-04    0.812225E-04    0.158513E-04
 5.75531   -0.513838E-04    0.806042E-04    0.161075E-04
 5.77334   -0.510157E-04    0.799918E-04    0.163581E-04
 5.79136   -0.506511E-04    0.793853E-04    0.166034E-04
 5.80939   -0.502898E-04    0.787844E-04    0.168432E-04
 5.82741   -0.499318E-04    0.781892E-04    0.170779E-04
 5.84544   -0.495770E-04    0.775994E-04    0.173074E-04
 5.86347   -0.492251E-04    0.770151E-04    0.175319E-04
 5.88149   -0.488761E-04    0.764360E-04    0.177516E-04
 5.89952   -0.485298E-04    0.758622E-04    0.179664E-04
 5.91755   -0.481861E-04    0.752934E-04    0.181767E-04
 5.93557   -0.478449E-04    0.747296E-04    0.183824E-04
 5.95360   -0.475061E-04    0.741707E-04    0.185837E-04
 5.97162   -0.471696E-04    0.736166E-04    0.187806E-04
 5.98965   -0.468352E-04    0.730672E-04    0.189733E-04
 6.00768   -0.465028E-04    0.725223E-04    0.191618E-04
 6.02570   -0.461724E-04    0.719820E-04    0.193463E-04
 6.04373   -0.458438E-04    0.714461E-04    0.195269E-04
 6.06175   -0.455170E-04    0.709147E-04    0.197036E-04
 6.07978   -0.451919E-04    0.703874E-04    0.198766E-04
 6.09781   -0.448684E-04    0.698644E-04    0.200459E-04
 6.11583   -0.445464E-04    0.693455E-04    0.202115E-04
 6.13386   -0.442260E-04    0.688306E-04    0.203736E-04
 6.15188   -0.439070E-04    0.683198E-04    0.205323E-04
 6.16991   -0.435894E-04    0.678130E-04    0.206875E-04
 6.18794   -0.432732E-04    0.673100E-04    0.208394E-04
 6.20596   -0.429584E-04    0.668110E-04    0.209880E-04
 6.22399   -0.426449E-04    0.663157E-04    0.211335E-04
 6.24201   -0.423327E-04    0.658243E-04    0.212757E-04
 6.26004   -0.420220E-04    0.653366E-04    0.214149E-04
 6.27807   -0.417125E-04    0.648527E-04    0.215509E-04
 6.29609   -0.414044E-04    0.643724E-04    0.216840E-04
 6.31412   -0.410976E-04    0.638958E-04    0.218141E-04
 6.33214   -0.407922E-04    0.634228E-04    0.219412E-04
 6.35017   -0.404882E-04    0.629535E-04    0.220654E-04
 6.36820   -0.401856E-04    0.624878E-04    0.221868E-04
 6.38622   -0.398844E-04    0.620256E-04    0.223053E-04
 6.40425   -0.395847E-04    0.615670E-04    0.224210E-04
 6.42227   -0.392865E-04    0.611119E-04    0.225339E-04
 6.44030   -0.389897E-04    0.606604E-04    0.226441E-04
 6.45833   -0.386945E-04    0.602124E-04    0.227517E-04
 6.47635   -0.384009E-04    0.597679E-04    0.228565E-04
 6.49438   -0.381088E-04    0.593269E-04    0.229587E-04
 6.51240   -0.378184E-04    0.588893E-04    0.230583E-04
 6.53043   -0.375296E-04    0.584552E-04    0.231553E-04
 6.54846   -0.372424E-04    0.580246E-04    0.232497E-04
 6.56648   -0.369570E-04    0.575973E-04    0.233417E-04
 6.58451   -0.366733E-04    0.571735E-04    0.234311E-04
 6.60254   -0.363914E-04    0.567531E-04    0.235181E-04
 6.62056   -0.361112E-04    0.563361E-04    0.236026E-04
 6.63859   -0.358328E-04    0.559224E-04    0.236847E-04
 6.65661   -0.355563E-04    0.555121E-04    0.237643E-04
 6.67464   -0.352816E-04    0.551052E-04    0.238416E-04
 6.69267   -0.350088E-04    0.547016E-04    0.239166E-04
 6.71069   -0.347378E-04    0.543012E-04    0.239893E-04
 6.72872   -0.344688E-04    0.539042E-04    0.240597E-04
 6.74674   -0.342016E-04    0.535105E-04    0.241279E-04
 6.76477   -0.339364E-04    0.531200E-04    0.241938E-04
 6.78280   -0.336731E-04    0.527327E-04    0.242575E-04
 6.80082   -0.334118E-04    0.523487E-04    0.243191E-04
 6.81885   -0.331524E-04    0.519678E-04    0.243785E-04
 6.83687   -0.328949E-04    0.515902E-04    0.244357E-04
 6.85490   -0.326395E-04    0.512157E-04    0.244909E-04
 6.87293   -0.323859E-04    0.508443E-04    0.245441E-04
 6.89095   -0.321344E-04    0.504761E-04    0.245952E-04
 6.90898   -0.318848E-04    0.501109E-04    0.246443E-04
 6.92700   -0.316373E-04    0.497489E-04    0.246913E-04
 6.94503   -0.313916E-04    0.493899E-04    0.247365E-04
 6.96306   -0.311480E-04    0.490339E-04    0.247797E-04
 6.98108   -0.309063E-04    0.486810E-04    0.248210E-04
 6.99911   -0.306667E-04    0.483310E-04    0.248604E-04
 7.01713   -0.304290E-04    0.479840E-04    0.248980E-04
 7.03516   -0.301932E-04    0.476400E-04    0.249338E-04
 7.05319   -0.299595E-04    0.472989E-04    0.249678E-04
 7.07121   -0.297277E-04    0.469607E-04    0.250000E-04
 7.08924   -0.294979E-04    0.466254E-04    0.250304E-04
 7.10726   -0.292701E-04    0.462930E-04    0.250591E-04
 7.12529   -0.290443E-04    0.459634E-04    0.250861E-04
 7.14332   -0.288204E-04    0.456366E-04    0.251114E-04
 7.16134   -0.285985E-04    0.453127E-04    0.251351E-04
 7.17937   -0.283785E-04    0.449916E-04    0.251571E-04
 7.19739   -0.281606E-04    0.446732E-04    0.251775E-04
 7.21542   -0.279446E-04    0.443576E-04    0.251964E-04
 7.23345   -0.277305E-04    0.440447E-04    0.252137E-04
 7.25147   -0.275184E-04    0.437345E-04    0.252294E-04
 7.26950   -0.273082E-04    0.434270E-04    0.252436E-04
 7.28753   -0.271000E-04    0.431222E-04    0.252564E-04
 7.30555   -0.268937E-04    0.428200E-04    0.252676E-04
 7.32358   -0.266894E-04    0.425205E-04    0.252774E-04
 7.34160   -0.264869E-04    0.422236E-04    0.252858E-04
 7.35963   -0.262864E-04    0.419292E-04    0.252927E-04
 7.37766   -0.260878E-04    0.416374E-04    0.252983E-04
 7.39568   -0.258910E-04    0.413482E-04    0.253025E-04
 7.41371   -0.256961E-04    0.410615E-04    0.253054E-04
 7.43173   -0.255031E-04    0.407773E-04    0.253069E-04
 7.44976   -0.253120E-04    0.404955E-04    0.253072E-04
 7.46779   -0.251226E-04    0.402162E-04    0.253062E-04
 7.48581   -0.249351E-04    0.399393E-04    0.253039E-04
 7.50384   -0.247494E-04    0.396649E-04    0.253004E-04
 7.52186   -0.245654E-04    0.393928E-04    0.252957E-04
 7.53989   -0.243833E-04    0.391231E-04    0.252898E-04
 7.55792   -0.242028E-04    0.388557E-04    0.252827E-04
 7.57594   -0.240241E-04    0.385906E-04    0.252745E-04
 7.59397   -0.238471E-04    0.383279E-04    0.252652E-04
 7.61199   -0.236718E-04    0.380674E-04    0.252547E-04
 7.63002   -0.234982E-04    0.378091E-04    0.252432E-04
 7.64805   -0.233263E-04    0.375530E-04    0.252306E-04
 7.66607   -0.231559E-04    0.372992E-04    0.252170E-04
 7.68410   -0.229872E-04    0.370475E-04    0.252024E-04
 7.70212   -0.228201E-04    0.367980E-04    0.251867E-04
 7.72015   -0.226546E-04    0.365506E-04    0.251702E-04
 7.73818   -0.224907E-04    0.363053E-04    0.251525E-04
 7.75620   -0.223283E-04    0.360621E-04    0.251340E-04
 7.77423   -0.221674E-04    0.358210E-04    0.251146E-04
 7.79225   -0.220081E-04    0.355819E-04    0.250942E-04
 7.81028   -0.218502E-04    0.353449E-04    0.250730E-04
 7.82831   -0.216938E-04    0.351098E-04    0.250509E-04
 7.84633   -0.215389E-04    0.348767E-04    0.250279E-04
 7.86436   -0.213855E-04    0.346456E-04    0.250041E-04
 7.88238   -0.212334E-04    0.344164E-04    0.249795E-04
 7.90041   -0.210828E-04    0.341892E-04    0.249541E-04
 7.91844   -0.209336E-04    0.339638E-04    0.249279E-04
 7.93646   -0.207857E-04    0.337404E-04    0.249010E-04
 7.95449   -0.206392E-04    0.335188E-04    0.248733E-04
 7.97252   -0.204941E-04    0.332990E-04    0.248448E-04
 7.99054   -0.203503E-04    0.330811E-04    0.248157E-04
 8.00857   -0.202079E-04    0.328650E-04    0.247858E-04
 8.02659   -0.200667E-04    0.326506E-04    0.247553E-04
 8.04462   -0.199268E-04    0.324380E-04    0.247240E-04
 8.06265   -0.197882E-04    0.322272E-04    0.246922E-04
 8.08067   -0.196509E-04    0.320182E-04    0.246596E-04
 8.09870   -0.195148E-04    0.318108E-04    0.246265E-04
 8.11672   -0.193800E-04    0.316051E-04    0.245927E-04
 8.13475   -0.192464E-04    0.314012E-04    0.245583E-04
 8.15278   -0.191140E-04    0.311989E-04    0.245233E-04
 8.17080   -0.189828E-04    0.309982E-04    0.244878E-04
 8.18883   -0.188528E-04    0.307992E-04    0.244517E-04
 8.20685   -0.187239E-04    0.306018E-04    0.244150E-04
 8.22488   -0.185962E-04    0.304060E-04    0.243778E-04
 8.24291   -0.184697E-04    0.302118E-04    0.243400E-04
 8.26093   -0.183443E-04    0.300192E-04    0.243018E-04
 8.27896   -0.182200E-04    0.298281E-04    0.242630E-04
 8.29698   -0.180969E-04    0.296386E-04    0.242237E-04
 8.31501   -0.179748E-04    0.294506E-04    0.241839E-04
 8.33304   -0.178539E-04    0.292641E-04    0.241437E-04
 8.35106   -0.177340E-04    0.290791E-04    0.241030E-04
 8.36909   -0.176152E-04    0.288957E-04    0.240618E-04
 8.38711   -0.174975E-04    0.287137E-04    0.240202E-04
 8.40514   -0.173808E-04    0.285331E-04    0.239782E-04
 8.42317   -0.172652E-04    0.283540E-04    0.239357E-04
 8.44119   -0.171506E-04    0.281764E-04    0.238928E-04
 8.45922   -0.170371E-04    0.280001E-04    0.238495E-04
 8.47724   -0.169246E-04    0.278253E-04    0.238058E-04
 8.49527   -0.168131E-04    0.276519E-04    0.237617E-04
 8.51330   -0.167026E-04    0.274799E-04    0.237172E-04
 8.53132   -0.165931E-04    0.273093E-04    0.236724E-04
 8.54935   -0.164846E-04    0.271400E-04    0.236271E-04
 8.56737   -0.163772E-04    0.269721E-04    0.235815E-04
 8.58540   -0.162707E-04    0.268055E-04    0.235356E-04
 8.60343   -0.161652E-04    0.266403E-04    0.234893E-04
 8.62145   -0.160606E-04    0.264764E-04    0.234426E-04
 8.63948   -0.159571E-04    0.263138E-04    0.233957E-04
 8.65751   -0.158545E-04    0.261525E-04    0.233484E-04
 8.67553   -0.157529E-04    0.259925E-04    0.233008E-04
 8.69356   -0.156522E-04    0.258338E-04    0.232529E-04
 8.71158   -0.155524E-04    0.256764E-04    0.232046E-04
 8.72961   -0.154536E-04    0.255202E-04    0.231561E-04
 8.74764   -0.153557E-04    0.253653E-04    0.231073E-04
 8.76566   -0.152587E-04    0.252116E-04    0.230583E-04
 8.78369   -0.151626E-04    0.250591E-04    0.230089E-04
 8.80171   -0.150675E-04    0.249078E-04    0.229593E-04
 8.81974   -0.149731E-04    0.247578E-04    0.229094E-04
 8.83777   -0.148797E-04    0.246089E-04    0.228593E-04
 8.85579   -0.147871E-04    0.244612E-04    0.228090E-04
 8.87382   -0.146953E-04    0.243146E-04    0.227584E-04
 8.89184   -0.146044E-04    0.241692E-04    0.227076E-04
 8.90987   -0.145143E-04    0.240249E-04    0.226566E-04
 8.92790   -0.144249E-04    0.238817E-04    0.226054E-04
 8.94592   -0.143363E-04    0.237397E-04    0.225540E-04
 8.96395   -0.142485E-04    0.235987E-04    0.225024E-04
 8.98197   -0.141614E-04    0.234588E-04    0.224507E-04
 9.00000   -0.140750E-04    0.233199E-04    0.223988E-04
