 0.00500    0.473028E-01   -0.234025E-01    0.172135E-01
 0.02303    0.390232E-01   -0.192632E-01    0.141089E-01
 0.04105    0.341338E-01   -0.168186E-01    0.122758E-01
 0.05908    0.305578E-01   -0.150307E-01    0.109351E-01
 0.07710    0.277303E-01   -0.136172E-01    0.987536E-02
 0.09513    0.253982E-01   -0.124514E-01    0.900145E-02
 0.11316    0.234216E-01   -0.114634E-01    0.826100E-02
 0.13118    0.217138E-01   -0.106099E-01    0.762146E-02
 0.14921    0.202173E-01   -0.986195E-02    0.706118E-02
 0.16723    0.188912E-01   -0.919932E-02    0.656490E-02
 0.18526    0.177059E-01   -0.860706E-02    0.612143E-02
 0.20329    0.166385E-01   -0.807379E-02    0.572226E-02
 0.22131    0.156714E-01   -0.759068E-02    0.536076E-02
 0.23934    0.147906E-01   -0.715077E-02    0.503167E-02
 0.25736    0.139848E-01   -0.674836E-02    0.473076E-02
 0.27539    0.132447E-01   -0.637882E-02    0.445452E-02
 0.29342    0.125627E-01   -0.603830E-02    0.420007E-02
 0.31144    0.119321E-01   -0.572354E-02    0.396497E-02
 0.32947    0.113475E-01   -0.543176E-02    0.374714E-02
 0.34749    0.108041E-01   -0.516063E-02    0.354481E-02
 0.36552    0.102979E-01   -0.490810E-02    0.335645E-02
 0.38355    0.982541E-02   -0.467241E-02    0.318075E-02
 0.40157    0.938347E-02   -0.445202E-02    0.301654E-02
 0.41960    0.896936E-02   -0.424555E-02    0.286279E-02
 0.43763    0.858068E-02   -0.405181E-02    0.271860E-02
 0.45565    0.821531E-02   -0.386972E-02    0.258319E-02
 0.47368    0.787135E-02   -0.369836E-02    0.245592E-02
 0.49170    0.754711E-02   -0.353685E-02    0.233597E-02
 0.50973    0.724108E-02   -0.338446E-02    0.222286E-02
 0.52776    0.695186E-02   -0.324048E-02    0.211600E-02
 0.54578    0.667823E-02   -0.310430E-02    0.201509E-02
 0.56381    0.641907E-02   -0.297535E-02    0.191963E-02
 0.58183    0.617335E-02   -0.285314E-02    0.182923E-02
 0.59986    0.594015E-02   -0.273719E-02    0.174353E-02
 0.61789    0.571862E-02   -0.262707E-02    0.166224E-02
 0.63591    0.550799E-02   -0.252242E-02    0.158504E-02
 0.65394    0.530756E-02   -0.242286E-02    0.151169E-02
 0.67196    0.511668E-02   -0.232809E-02    0.144194E-02
 0.68999    0.493473E-02   -0.223778E-02    0.137555E-02
 0.70802    0.476118E-02   -0.215168E-02    0.131232E-02
 0.72604    0.459553E-02   -0.206953E-02    0.125207E-02
 0.74407    0.443730E-02   -0.199109E-02    0.119461E-02
 0.76209    0.428606E-02   -0.191616E-02    0.113980E-02
 0.78012    0.414140E-02   -0.184452E-02    0.108746E-02
 0.79815    0.400297E-02   -0.177599E-02    0.103747E-02
 0.81617    0.387040E-02   -0.171040E-02    0.989691E-03
 0.83420    0.374338E-02   -0.164758E-02    0.944005E-03
 0.85222    0.362160E-02   -0.158739E-02    0.900300E-03
 0.87025    0.350480E-02   -0.152975E-02    0.858470E-03
 0.88828    0.339271E-02   -0.147440E-02    0.818417E-03
 0.90630    0.328508E-02   -0.142129E-02    0.780051E-03
 0.92433    0.318169E-02   -0.137030E-02    0.743285E-03
 0.94235    0.308233E-02   -0.132133E-02    0.708039E-03
 0.96038    0.298680E-02   -0.127423E-02    0.674238E-03
 0.97841    0.289490E-02   -0.122900E-02    0.641811E-03
 0.99643    0.280647E-02   -0.118550E-02    0.610694E-03
 1.01446    0.272135E-02   -0.114366E-02    0.580823E-03
 1.03248    0.263936E-02   -0.110338E-02    0.552140E-03
 1.05051    0.256038E-02   -0.106462E-02    0.524591E-03
 1.06854    0.248426E-02   -0.102728E-02    0.498123E-03
 1.08656    0.241087E-02   -0.991308E-03    0.472687E-03
 1.10459    0.234009E-02   -0.956645E-03    0.448237E-03
 1.12262    0.227180E-02   -0.923229E-03    0.424729E-03
 1.14064    0.220589E-02   -0.891008E-03    0.402123E-03
 1.15867    0.214227E-02   -0.859930E-03    0.380379E-03
 1.17669    0.208084E-02   -0.829946E-03    0.359461E-03
 1.19472    0.202150E-02   -0.801009E-03    0.339334E-03
 1.21275    0.196416E-02   -0.773077E-03    0.319965E-03
 1.23077    0.190874E-02   -0.746107E-03    0.301322E-03
 1.24880    0.185517E-02   -0.720059E-03    0.283376E-03
 1.26682    0.180336E-02   -0.694897E-03    0.266097E-03
 1.28485    0.175325E-02   -0.670587E-03    0.249459E-03
 1.30288    0.170477E-02   -0.647086E-03    0.233437E-03
 1.32090    0.165786E-02   -0.624372E-03    0.218006E-03
 1.33893    0.161245E-02   -0.602412E-03    0.203144E-03
 1.35695    0.156848E-02   -0.581175E-03    0.188826E-03
 1.37498    0.152591E-02   -0.560636E-03    0.175036E-03
 1.39301    0.148467E-02   -0.540766E-03    0.161749E-03
 1.41103    0.144473E-02   -0.521541E-03    0.148950E-03
 1.42906    0.140602E-02   -0.502937E-03    0.136617E-03
 1.44708    0.136851E-02   -0.484931E-03    0.124736E-03
 1.46511    0.133215E-02   -0.467501E-03    0.113288E-03
 1.48314    0.129689E-02   -0.450626E-03    0.102257E-03
 1.50116    0.126271E-02   -0.434285E-03    0.916294E-04
 1.51919    0.122955E-02   -0.418460E-03    0.813898E-04
 1.53721    0.119739E-02   -0.403132E-03    0.715244E-04
 1.55524    0.116619E-02   -0.388284E-03    0.620197E-04
 1.57327    0.113591E-02   -0.373900E-03    0.528629E-04
 1.59129    0.110653E-02   -0.359961E-03    0.440417E-04
 1.60932    0.107801E-02   -0.346454E-03    0.355450E-04
 1.62734    0.105032E-02   -0.333364E-03    0.273603E-04
 1.64537    0.102344E-02   -0.320677E-03    0.194776E-04
 1.66340    0.997332E-03   -0.308379E-03    0.118866E-04
 1.68142    0.971979E-03   -0.296457E-03    0.457737E-05
 1.69945    0.947353E-03   -0.284900E-03   -0.245968E-05
 1.71747    0.923431E-03   -0.273694E-03   -0.923366E-05
 1.73550    0.900189E-03   -0.262828E-03   -0.157534E-04
 1.75353    0.877605E-03   -0.252291E-03   -0.220271E-04
 1.77155    0.855658E-03   -0.242073E-03   -0.280634E-04
 1.78958    0.834329E-03   -0.232164E-03   -0.338695E-04
 1.80761    0.813597E-03   -0.222552E-03   -0.394534E-04
 1.82563    0.793445E-03   -0.213231E-03   -0.448220E-04
 1.84366    0.773853E-03   -0.204189E-03   -0.499827E-04
 1.86168    0.754805E-03   -0.195420E-03   -0.549411E-04
 1.87971    0.736285E-03   -0.186913E-03   -0.597042E-04
 1.89774    0.718276E-03   -0.178662E-03   -0.642781E-04
 1.91576    0.700764E-03   -0.170659E-03   -0.686684E-04
 1.93379    0.683732E-03   -0.162896E-03   -0.728811E-04
 1.95181    0.667169E-03   -0.155366E-03   -0.769214E-04
 1.96984    0.651060E-03   -0.148063E-03   -0.807947E-04
 1.98787    0.635391E-03   -0.140981E-03   -0.845060E-04
 2.00589    0.620151E-03   -0.134110E-03   -0.880600E-04
 2.02392    0.605328E-03   -0.127449E-03   -0.914615E-04
 2.04194    0.590909E-03   -0.120989E-03   -0.947149E-04
 2.05997    0.576885E-03   -0.114725E-03   -0.978244E-04
 2.07800    0.563244E-03   -0.108653E-03   -0.100794E-03
 2.09602    0.549977E-03   -0.102767E-03   -0.103628E-03
 2.11405    0.537073E-03   -0.970615E-04   -0.106330E-03
 2.13207    0.524524E-03   -0.915331E-04   -0.108903E-03
 2.15010    0.512320E-03   -0.861762E-04   -0.111352E-03
 2.16813    0.500453E-03   -0.809870E-04   -0.113678E-03
 2.18615    0.488916E-03   -0.759616E-04   -0.115886E-03
 2.20418    0.477700E-03   -0.710960E-04   -0.117978E-03
 2.22220    0.466799E-03   -0.663867E-04   -0.119958E-03
 2.24023    0.456205E-03   -0.618300E-04   -0.121827E-03
 2.25826    0.445913E-03   -0.574228E-04   -0.123589E-03
 2.27628    0.435915E-03   -0.531621E-04   -0.125246E-03
 2.29431    0.426206E-03   -0.490446E-04   -0.126800E-03
 2.31233    0.416780E-03   -0.450679E-04   -0.128254E-03
 2.33036    0.407634E-03   -0.412293E-04   -0.129608E-03
 2.34839    0.398761E-03   -0.375263E-04   -0.130866E-03
 2.36641    0.390156E-03   -0.339562E-04   -0.132031E-03
 2.38444    0.381814E-03   -0.305170E-04   -0.133100E-03
 2.40246    0.373734E-03   -0.272068E-04   -0.134079E-03
 2.42049    0.365911E-03   -0.240233E-04   -0.134969E-03
 2.43852    0.358339E-03   -0.209647E-04   -0.135770E-03
 2.45654    0.351017E-03   -0.180292E-04   -0.136483E-03
 2.47457    0.343939E-03   -0.152150E-04   -0.137112E-03
 2.49260    0.337105E-03   -0.125205E-04   -0.137656E-03
 2.51062    0.330509E-03   -0.994399E-05   -0.138118E-03
 2.52865    0.324149E-03   -0.748389E-05   -0.138497E-03
 2.54667    0.318021E-03   -0.513868E-05   -0.138797E-03
 2.56470    0.312124E-03   -0.290664E-05   -0.139018E-03
 2.58273    0.306452E-03   -0.786333E-06   -0.139161E-03
 2.60075    0.301003E-03    0.122364E-05   -0.139227E-03
 2.61878    0.295774E-03    0.312583E-05   -0.139218E-03
 2.63680    0.290761E-03    0.492194E-05   -0.139135E-03
 2.65483    0.285960E-03    0.661297E-05   -0.138980E-03
 2.67286    0.281370E-03    0.820158E-05   -0.138754E-03
 2.69088    0.276983E-03    0.968955E-05   -0.138459E-03
 2.70891    0.272796E-03    0.110796E-04   -0.138096E-03
 2.72693    0.268804E-03    0.123738E-04   -0.137669E-03
 2.74496    0.265001E-03    0.135751E-04   -0.137178E-03
 2.76299    0.261381E-03    0.146862E-04   -0.136627E-03
 2.78101    0.257940E-03    0.157103E-04   -0.136015E-03
 2.79904    0.254669E-03    0.166509E-04   -0.135348E-03
 2.81706    0.251563E-03    0.175112E-04   -0.134627E-03
 2.83509    0.248612E-03    0.182962E-04   -0.133857E-03
 2.85312    0.245808E-03    0.190090E-04   -0.133038E-03
 2.87114    0.243143E-03    0.196543E-04   -0.132176E-03
 2.88917    0.240608E-03    0.202369E-04   -0.131273E-03
 2.90719    0.238191E-03    0.207620E-04   -0.130334E-03
 2.92522    0.235884E-03    0.212342E-04   -0.129363E-03
 2.94325    0.233674E-03    0.216602E-04   -0.128362E-03
 2.96127    0.231550E-03    0.220449E-04   -0.127338E-03
 2.97930    0.229501E-03    0.223945E-04   -0.126294E-03
 2.99732    0.227512E-03    0.227153E-04   -0.125236E-03
 3.01535    0.225574E-03    0.230135E-04   -0.124167E-03
 3.03338    0.223671E-03    0.232958E-04   -0.123093E-03
 3.05140    0.221792E-03    0.235685E-04   -0.122024E-03
 3.06943    0.219922E-03    0.238386E-04   -0.120955E-03
 3.08745    0.218049E-03    0.241123E-04   -0.119891E-03
 3.10548    0.216157E-03    0.243973E-04   -0.118846E-03
 3.12351    0.214236E-03    0.246996E-04   -0.117822E-03
 3.14153    0.212270E-03    0.250259E-04   -0.116822E-03
 3.15956    0.210249E-03    0.253824E-04   -0.115853E-03
 3.17759    0.208158E-03    0.257752E-04   -0.114917E-03
 3.19561    0.205987E-03    0.262112E-04   -0.114020E-03
 3.21364    0.203724E-03    0.266948E-04   -0.113167E-03
 3.23166    0.201358E-03    0.272322E-04   -0.112360E-03
 3.24969    0.198879E-03    0.278280E-04   -0.111604E-03
 3.26772    0.196279E-03    0.284870E-04   -0.110903E-03
 3.28574    0.193547E-03    0.292133E-04   -0.110260E-03
 3.30377    0.190679E-03    0.300105E-04   -0.109676E-03
 3.32179    0.187666E-03    0.308818E-04   -0.109155E-03
 3.33982    0.184505E-03    0.318297E-04   -0.108698E-03
 3.35785    0.181191E-03    0.328564E-04   -0.108307E-03
 3.37587    0.177721E-03    0.339634E-04   -0.107984E-03
 3.39390    0.174092E-03    0.351514E-04   -0.107728E-03
 3.41192    0.170306E-03    0.364211E-04   -0.107540E-03
 3.42995    0.166360E-03    0.377720E-04   -0.107420E-03
 3.44798    0.162258E-03    0.392036E-04   -0.107368E-03
 3.46600    0.158002E-03    0.407145E-04   -0.107382E-03
 3.48403    0.153596E-03    0.423029E-04   -0.107461E-03
 3.50205    0.149043E-03    0.439662E-04   -0.107603E-03
 3.52008    0.144351E-03    0.457019E-04   -0.107807E-03
 3.53811    0.139526E-03    0.475063E-04   -0.108069E-03
 3.55613    0.134574E-03    0.493758E-04   -0.108386E-03
 3.57416    0.129507E-03    0.513060E-04   -0.108757E-03
 3.59218    0.124330E-03    0.532927E-04   -0.109176E-03
 3.61021    0.119055E-03    0.553309E-04   -0.109641E-03
 3.62824    0.113692E-03    0.574155E-04   -0.110147E-03
 3.64626    0.108251E-03    0.595413E-04   -0.110692E-03
 3.66429    0.102743E-03    0.617029E-04   -0.111270E-03
 3.68231    0.971791E-04    0.638945E-04   -0.111877E-03
 3.70034    0.915714E-04    0.661105E-04   -0.112510E-03
 3.71837    0.859312E-04    0.683451E-04   -0.113164E-03
 3.73639    0.802700E-04    0.705922E-04   -0.113834E-03
 3.75442    0.746001E-04    0.728464E-04   -0.114516E-03
 3.77244    0.689321E-04    0.751017E-04   -0.115206E-03
 3.79047    0.632775E-04    0.773527E-04   -0.115899E-03
 3.80850    0.576470E-04    0.795940E-04   -0.116592E-03
 3.82652    0.520515E-04    0.818201E-04   -0.117281E-03
 3.84455    0.465007E-04    0.840261E-04   -0.117961E-03
 3.86258    0.410048E-04    0.862072E-04   -0.118630E-03
 3.88060    0.355726E-04    0.883587E-04   -0.119283E-03
 3.89863    0.302132E-04    0.904762E-04   -0.119917E-03
 3.91665    0.249348E-04    0.925556E-04   -0.120531E-03
 3.93468    0.197448E-04    0.945932E-04   -0.121119E-03
 3.95271    0.146507E-04    0.965852E-04   -0.121681E-03
 3.97073    0.965872E-05    0.985285E-04   -0.122212E-03
 3.98876    0.477524E-05    0.100420E-03   -0.122712E-03
 4.00678    0.422444E-08    0.102258E-03   -0.123178E-03
 4.02481   -0.464836E-05    0.104039E-03   -0.123608E-03
 4.04284   -0.917907E-05    0.105762E-03   -0.124002E-03
 4.06086   -0.135844E-04    0.107424E-03   -0.124357E-03
 4.07889   -0.178613E-04    0.109024E-03   -0.124673E-03
 4.09691   -0.220078E-04    0.110562E-03   -0.124948E-03
 4.11494   -0.260217E-04    0.112036E-03   -0.125183E-03
 4.13297   -0.299018E-04    0.113445E-03   -0.125375E-03
 4.15099   -0.336473E-04    0.114790E-03   -0.125527E-03
 4.16902   -0.372577E-04    0.116070E-03   -0.125636E-03
 4.18704   -0.407331E-04    0.117284E-03   -0.125703E-03
 4.20507   -0.440740E-04    0.118434E-03   -0.125729E-03
 4.22310   -0.472810E-04    0.119520E-03   -0.125713E-03
 4.24112   -0.503555E-04    0.120542E-03   -0.125656E-03
 4.25915   -0.532989E-04    0.121500E-03   -0.125559E-03
 4.27717   -0.561129E-04    0.122398E-03   -0.125421E-03
 4.29520   -0.587996E-04    0.123233E-03   -0.125245E-03
 4.31323   -0.613613E-04    0.124008E-03   -0.125030E-03
 4.33125   -0.638003E-04    0.124725E-03   -0.124779E-03
 4.34928   -0.661195E-04    0.125384E-03   -0.124490E-03
 4.36730   -0.683215E-04    0.125987E-03   -0.124166E-03
 4.38533   -0.704090E-04    0.126535E-03   -0.123808E-03
 4.40336   -0.723852E-04    0.127030E-03   -0.123417E-03
 4.42138   -0.742531E-04    0.127474E-03   -0.122994E-03
 4.43941   -0.760159E-04    0.127867E-03   -0.122540E-03
 4.45743   -0.776768E-04    0.128212E-03   -0.122056E-03
 4.47546   -0.792390E-04    0.128511E-03   -0.121543E-03
 4.49349   -0.807060E-04    0.128764E-03   -0.121004E-03
 4.51151   -0.820808E-04    0.128974E-03   -0.120438E-03
 4.52954   -0.833668E-04    0.129141E-03   -0.119847E-03
 4.54757   -0.845671E-04    0.129269E-03   -0.119233E-03
 4.56559   -0.856851E-04    0.129358E-03   -0.118595E-03
 4.58362   -0.867239E-04    0.129410E-03   -0.117937E-03
 4.60164   -0.876866E-04    0.129425E-03   -0.117258E-03
 4.61967   -0.885763E-04    0.129408E-03   -0.116561E-03
 4.63770   -0.893959E-04    0.129358E-03   -0.115845E-03
 4.65572   -0.901484E-04    0.129276E-03   -0.115112E-03
 4.67375   -0.908367E-04    0.129165E-03   -0.114363E-03
 4.69177   -0.914634E-04    0.129026E-03   -0.113599E-03
 4.70980   -0.920315E-04    0.128859E-03   -0.112822E-03
 4.72783   -0.925434E-04    0.128668E-03   -0.112031E-03
 4.74585   -0.930017E-04    0.128451E-03   -0.111228E-03
 4.76388   -0.934090E-04    0.128212E-03   -0.110415E-03
 4.78190   -0.937675E-04    0.127951E-03   -0.109590E-03
 4.79993   -0.940797E-04    0.127669E-03   -0.108757E-03
 4.81796   -0.943478E-04    0.127368E-03   -0.107914E-03
 4.83598   -0.945735E-04    0.127047E-03   -0.107064E-03
 4.85401   -0.947595E-04    0.126710E-03   -0.106206E-03
 4.87203   -0.949073E-04    0.126355E-03   -0.105342E-03
 4.89006   -0.950190E-04    0.125985E-03   -0.104472E-03
 4.90809   -0.950964E-04    0.125600E-03   -0.103600E-03
 4.92611   -0.951413E-04    0.125202E-03   -0.102717E-03
 4.94414   -0.951552E-04    0.124790E-03   -0.101833E-03
 4.96216   -0.951398E-04    0.124366E-03   -0.100946E-03
 4.98019   -0.950965E-04    0.123930E-03   -0.100055E-03
 4.99822   -0.950270E-04    0.123484E-03   -0.991626E-04
 5.01624   -0.949325E-04    0.123027E-03   -0.982683E-04
 5.03427   -0.948144E-04    0.122561E-03   -0.973717E-04
 5.05229   -0.946738E-04    0.122086E-03   -0.964744E-04
 5.07032   -0.945122E-04    0.121603E-03   -0.955766E-04
 5.08835   -0.943306E-04    0.121112E-03   -0.946781E-04
 5.10637   -0.941301E-04    0.120613E-03   -0.937799E-04
 5.12440   -0.939118E-04    0.120109E-03   -0.928821E-04
 5.14242   -0.936766E-04    0.119598E-03   -0.919851E-04
 5.16045   -0.934255E-04    0.119081E-03   -0.910891E-04
 5.17848   -0.931594E-04    0.118559E-03   -0.901944E-04
 5.19650   -0.928791E-04    0.118032E-03   -0.893015E-04
 5.21453   -0.925855E-04    0.117501E-03   -0.884103E-04
 5.23256   -0.922794E-04    0.116966E-03   -0.875213E-04
 5.25058   -0.919615E-04    0.116427E-03   -0.866346E-04
 5.26861   -0.916325E-04    0.115885E-03   -0.857506E-04
 5.28663   -0.912932E-04    0.115339E-03   -0.848695E-04
 5.30466   -0.909440E-04    0.114792E-03   -0.839909E-04
 5.32269   -0.905857E-04    0.114241E-03   -0.831158E-04
 5.34071   -0.902188E-04    0.113689E-03   -0.822438E-04
 5.35874   -0.898440E-04    0.113134E-03   -0.813754E-04
 5.37676   -0.894615E-04    0.112578E-03   -0.805106E-04
 5.39479   -0.890721E-04    0.112020E-03   -0.796496E-04
 5.41282   -0.886762E-04    0.111462E-03   -0.787923E-04
 5.43084   -0.882743E-04    0.110902E-03   -0.779391E-04
 5.44887   -0.878667E-04    0.110342E-03   -0.770900E-04
 5.46689   -0.874539E-04    0.109781E-03   -0.762451E-04
 5.48492   -0.870362E-04    0.109220E-03   -0.754046E-04
 5.50295   -0.866141E-04    0.108658E-03   -0.745685E-04
 5.52097   -0.861879E-04    0.108097E-03   -0.737370E-04
 5.53900   -0.857580E-04    0.107536E-03   -0.729101E-04
 5.55702   -0.853246E-04    0.106975E-03   -0.720880E-04
 5.57505   -0.848880E-04    0.106414E-03   -0.712707E-04
 5.59308   -0.844485E-04    0.105854E-03   -0.704583E-04
 5.61110   -0.840067E-04    0.105295E-03   -0.696510E-04
 5.62913   -0.835622E-04    0.104737E-03   -0.688488E-04
 5.64715   -0.831158E-04    0.104179E-03   -0.680518E-04
 5.66518   -0.826676E-04    0.103623E-03   -0.672601E-04
 5.68321   -0.822178E-04    0.103067E-03   -0.664737E-04
 5.70123   -0.817666E-04    0.102513E-03   -0.656928E-04
 5.71926   -0.813142E-04    0.101960E-03   -0.649175E-04
 5.73728   -0.808609E-04    0.101409E-03   -0.641477E-04
 5.75531   -0.804067E-04    0.100859E-03   -0.633834E-04
 5.77334   -0.799520E-04    0.100311E-03   -0.626249E-04
 5.79136   -0.794968E-04    0.997639E-04   -0.618720E-04
 5.80939   -0.790413E-04    0.992190E-04   -0.611248E-04
 5.82741   -0.785857E-04    0.986758E-04   -0.603833E-04
 5.84544   -0.781301E-04    0.981346E-04   -0.596476E-04
 5.86347   -0.776747E-04    0.975952E-04   -0.589176E-04
 5.88149   -0.772196E-04    0.970578E-04   -0.581933E-04
 5.89952   -0.767650E-04    0.965224E-04   -0.574747E-04
 5.91755   -0.763109E-04    0.959892E-04   -0.567618E-04
 5.93557   -0.758575E-04    0.954580E-04   -0.560545E-04
 5.95360   -0.754049E-04    0.949291E-04   -0.553529E-04
 5.97162   -0.749532E-04    0.944023E-04   -0.546568E-04
 5.98965   -0.745026E-04    0.938779E-04   -0.539663E-04
 6.00768   -0.740531E-04    0.933557E-04   -0.532814E-04
 6.02570   -0.736049E-04    0.928359E-04   -0.526019E-04
 6.04373   -0.731579E-04    0.923185E-04   -0.519279E-04
 6.06175   -0.727124E-04    0.918036E-04   -0.512594E-04
 6.07978   -0.722685E-04    0.912912E-04   -0.505963E-04
 6.09781   -0.718261E-04    0.907812E-04   -0.499385E-04
 6.11583   -0.713855E-04    0.902738E-04   -0.492861E-04
 6.13386   -0.709466E-04    0.897690E-04   -0.486391E-04
 6.15188   -0.705097E-04    0.892668E-04   -0.479973E-04
 6.16991   -0.700747E-04    0.887672E-04   -0.473609E-04
 6.18794   -0.696417E-04    0.882703E-04   -0.467298E-04
 6.20596   -0.692109E-04    0.877762E-04   -0.461039E-04
 6.22399   -0.687822E-04    0.872847E-04   -0.454834E-04
 6.24201   -0.683558E-04    0.867962E-04   -0.448681E-04
 6.26004   -0.679317E-04    0.863100E-04   -0.442580E-04
 6.27807   -0.675100E-04    0.858268E-04   -0.436532E-04
 6.29609   -0.670907E-04    0.853465E-04   -0.430536E-04
 6.31412   -0.666739E-04    0.848690E-04   -0.424593E-04
 6.33214   -0.662597E-04    0.843943E-04   -0.418701E-04
 6.35017   -0.658481E-04    0.839225E-04   -0.412862E-04
 6.36820   -0.654391E-04    0.834536E-04   -0.407075E-04
 6.38622   -0.650328E-04    0.829875E-04   -0.401340E-04
 6.40425   -0.646293E-04    0.825244E-04   -0.395657E-04
 6.42227   -0.642285E-04    0.820642E-04   -0.390025E-04
 6.44030   -0.638305E-04    0.816068E-04   -0.384445E-04
 6.45833   -0.634353E-04    0.811525E-04   -0.378916E-04
 6.47635   -0.630430E-04    0.807010E-04   -0.373439E-04
 6.49438   -0.626536E-04    0.802525E-04   -0.368012E-04
 6.51240   -0.622671E-04    0.798069E-04   -0.362636E-04
 6.53043   -0.618834E-04    0.793642E-04   -0.357312E-04
 6.54846   -0.615029E-04    0.789245E-04   -0.352037E-04
 6.56648   -0.611250E-04    0.784877E-04   -0.346812E-04
 6.58451   -0.607502E-04    0.780538E-04   -0.341636E-04
 6.60254   -0.603783E-04    0.776228E-04   -0.336510E-04
 6.62056   -0.600093E-04    0.771947E-04   -0.331434E-04
 6.63859   -0.596432E-04    0.767695E-04   -0.326406E-04
 6.65661   -0.592801E-04    0.763471E-04   -0.321426E-04
 6.67464   -0.589198E-04    0.759275E-04   -0.316494E-04
 6.69267   -0.585623E-04    0.755110E-04   -0.311610E-04
 6.71069   -0.582077E-04    0.750969E-04   -0.306773E-04
 6.72872   -0.578558E-04    0.746858E-04   -0.301982E-04
 6.74674   -0.575067E-04    0.742774E-04   -0.297238E-04
 6.76477   -0.571604E-04    0.738717E-04   -0.292541E-04
 6.78280   -0.568167E-04    0.734687E-04   -0.287888E-04
 6.80082   -0.564757E-04    0.730684E-04   -0.283281E-04
 6.81885   -0.561373E-04    0.726708E-04   -0.278717E-04
 6.83687   -0.558014E-04    0.722757E-04   -0.274198E-04
 6.85490   -0.554680E-04    0.718832E-04   -0.269723E-04
 6.87293   -0.551371E-04    0.714932E-04   -0.265290E-04
 6.89095   -0.548085E-04    0.711058E-04   -0.260901E-04
 6.90898   -0.544823E-04    0.707208E-04   -0.256553E-04
 6.92700   -0.541586E-04    0.703382E-04   -0.252247E-04
 6.94503   -0.538368E-04    0.699581E-04   -0.247982E-04
 6.96306   -0.535173E-04    0.695803E-04   -0.243758E-04
 6.98108   -0.532000E-04    0.692047E-04   -0.239573E-04
 6.99911   -0.528847E-04    0.688317E-04   -0.235431E-04
 7.01713   -0.525715E-04    0.684608E-04   -0.231323E-04
 7.03516   -0.522602E-04    0.680921E-04   -0.227257E-04
 7.05319   -0.519508E-04    0.677256E-04   -0.223228E-04
 7.07121   -0.516434E-04    0.673612E-04   -0.219239E-04
 7.08924   -0.513376E-04    0.669992E-04   -0.215286E-04
 7.10726   -0.510337E-04    0.666389E-04   -0.211370E-04
 7.12529   -0.507314E-04    0.662808E-04   -0.207488E-04
 7.14332   -0.504308E-04    0.659248E-04   -0.203643E-04
 7.16134   -0.501318E-04    0.655707E-04   -0.199835E-04
 7.17937   -0.498344E-04    0.652186E-04   -0.196061E-04
 7.19739   -0.495385E-04    0.648685E-04   -0.192322E-04
 7.21542   -0.492440E-04    0.645202E-04   -0.188618E-04
 7.23345   -0.489510E-04    0.641738E-04   -0.184949E-04
 7.25147   -0.486594E-04    0.638293E-04   -0.181311E-04
 7.26950   -0.483692E-04    0.634866E-04   -0.177707E-04
 7.28753   -0.480803E-04    0.631457E-04   -0.174136E-04
 7.30555   -0.477927E-04    0.628066E-04   -0.170597E-04
 7.32358   -0.475064E-04    0.624693E-04   -0.167090E-04
 7.34160   -0.472214E-04    0.621337E-04   -0.163615E-04
 7.35963   -0.469376E-04    0.617999E-04   -0.160171E-04
 7.37766   -0.466550E-04    0.614677E-04   -0.156759E-04
 7.39568   -0.463737E-04    0.611373E-04   -0.153377E-04
 7.41371   -0.460935E-04    0.608086E-04   -0.150026E-04
 7.43173   -0.458146E-04    0.604815E-04   -0.146705E-04
 7.44976   -0.455368E-04    0.601561E-04   -0.143414E-04
 7.46779   -0.452603E-04    0.598324E-04   -0.140153E-04
 7.48581   -0.449848E-04    0.595103E-04   -0.136921E-04
 7.50384   -0.447105E-04    0.591899E-04   -0.133719E-04
 7.52186   -0.444390E-04    0.588709E-04   -0.130546E-04
 7.53989   -0.441656E-04    0.585539E-04   -0.127401E-04
 7.55792   -0.438948E-04    0.582384E-04   -0.124285E-04
 7.57594   -0.436268E-04    0.579245E-04   -0.121198E-04
 7.59397   -0.433584E-04    0.576122E-04   -0.118139E-04
 7.61199   -0.430912E-04    0.573015E-04   -0.115108E-04
 7.63002   -0.428252E-04    0.569924E-04   -0.112105E-04
 7.64805   -0.425604E-04    0.566849E-04   -0.109129E-04
 7.66607   -0.422967E-04    0.563790E-04   -0.106181E-04
 7.68410   -0.420343E-04    0.560747E-04   -0.103261E-04
 7.70212   -0.417732E-04    0.557720E-04   -0.100367E-04
 7.72015   -0.415132E-04    0.554709E-04   -0.975008E-05
 7.73818   -0.412545E-04    0.551714E-04   -0.946612E-05
 7.75620   -0.409971E-04    0.548736E-04   -0.918481E-05
 7.77423   -0.407409E-04    0.545773E-04   -0.890616E-05
 7.79225   -0.404860E-04    0.542826E-04   -0.863014E-05
 7.81028   -0.402324E-04    0.539895E-04   -0.835676E-05
 7.82831   -0.399801E-04    0.536980E-04   -0.808595E-05
 7.84633   -0.397291E-04    0.534080E-04   -0.781774E-05
 7.86436   -0.394795E-04    0.531197E-04   -0.755211E-05
 7.88238   -0.392311E-04    0.528330E-04   -0.728903E-05
 7.90041   -0.389842E-04    0.525479E-04   -0.702850E-05
 7.91844   -0.387385E-04    0.522644E-04   -0.677050E-05
 7.93646   -0.384943E-04    0.519824E-04   -0.651501E-05
 7.95449   -0.382514E-04    0.517021E-04   -0.626202E-05
 7.97252   -0.380099E-04    0.514233E-04   -0.601151E-05
 7.99054   -0.377698E-04    0.511462E-04   -0.576349E-05
 8.00857   -0.375311E-04    0.508706E-04   -0.551801E-05
 8.02659   -0.372938E-04    0.505966E-04   -0.527486E-05
 8.04462   -0.370579E-04    0.503242E-04   -0.503413E-05
 8.06265   -0.368234E-04    0.500533E-04   -0.479582E-05
 8.08067   -0.365904E-04    0.497841E-04   -0.455989E-05
 8.09870   -0.363588E-04    0.495164E-04   -0.432635E-05
 8.11672   -0.361286E-04    0.492503E-04   -0.409516E-05
 8.13475   -0.358999E-04    0.489858E-04   -0.386632E-05
 8.15278   -0.356726E-04    0.487228E-04   -0.363981E-05
 8.17080   -0.354468E-04    0.484614E-04   -0.341562E-05
 8.18883   -0.352223E-04    0.482016E-04   -0.319372E-05
 8.20685   -0.349994E-04    0.479433E-04   -0.297411E-05
 8.22488   -0.347779E-04    0.476865E-04   -0.275677E-05
 8.24291   -0.345578E-04    0.474313E-04   -0.254168E-05
 8.26093   -0.343392E-04    0.471776E-04   -0.232882E-05
 8.27896   -0.341221E-04    0.469255E-04   -0.211819E-05
 8.29698   -0.339064E-04    0.466749E-04   -0.190976E-05
 8.31501   -0.336922E-04    0.464256E-04   -0.170353E-05
 8.33304   -0.334794E-04    0.461782E-04   -0.149946E-05
 8.35106   -0.332681E-04    0.459322E-04   -0.129754E-05
 8.36909   -0.330582E-04    0.456876E-04   -0.109778E-05
 8.38711   -0.328498E-04    0.454446E-04   -0.900135E-06
 8.40514   -0.326428E-04    0.452031E-04   -0.704604E-06
 8.42317   -0.324372E-04    0.449630E-04   -0.511166E-06
 8.44119   -0.322332E-04    0.447245E-04   -0.319808E-06
 8.45922   -0.320305E-04    0.444874E-04   -0.130518E-06
 8.47724   -0.318293E-04    0.442518E-04    0.567226E-07
 8.49527   -0.316296E-04    0.440176E-04    0.241930E-06
 8.51330   -0.314312E-04    0.437850E-04    0.425131E-06
 8.53132   -0.312343E-04    0.435538E-04    0.606328E-06
 8.54935   -0.310389E-04    0.433240E-04    0.785536E-06
 8.56737   -0.308448E-04    0.430957E-04    0.962768E-06
 8.58540   -0.306522E-04    0.428688E-04    0.113805E-05
 8.60343   -0.304610E-04    0.426434E-04    0.131139E-05
 8.62145   -0.302712E-04    0.424193E-04    0.148280E-05
 8.63948   -0.300828E-04    0.421967E-04    0.165230E-05
 8.65751   -0.298959E-04    0.419755E-04    0.181991E-05
 8.67553   -0.297103E-04    0.417557E-04    0.198564E-05
 8.69356   -0.295261E-04    0.415374E-04    0.214950E-05
 8.71158   -0.293433E-04    0.413203E-04    0.231151E-05
 8.72961   -0.291619E-04    0.411046E-04    0.247169E-05
 8.74764   -0.289818E-04    0.408904E-04    0.263006E-05
 8.76566   -0.288031E-04    0.406775E-04    0.278661E-05
 8.78369   -0.286258E-04    0.404659E-04    0.294138E-05
 8.80171   -0.284499E-04    0.402557E-04    0.309437E-05
 8.81974   -0.282753E-04    0.400469E-04    0.324561E-05
 8.83777   -0.281020E-04    0.398393E-04    0.339510E-05
 8.85579   -0.279301E-04    0.396332E-04    0.354285E-05
 8.87382   -0.277595E-04    0.394283E-04    0.368890E-05
 8.89184   -0.275902E-04    0.392248E-04    0.383325E-05
 8.90987   -0.274222E-04    0.390225E-04    0.397591E-05
 8.92790   -0.272555E-04    0.388216E-04    0.411691E-05
 8.94592   -0.270901E-04    0.386219E-04    0.425624E-05
 8.96395   -0.269260E-04    0.384235E-04    0.439395E-05
 8.98197   -0.267631E-04    0.382264E-04    0.453002E-05
 9.00000   -0.266015E-04    0.380305E-04    0.466449E-05
