 0.00500    0.323060E-02   -0.170957E-02    0.140886E-02
 0.02303    0.264717E-02   -0.141786E-02    0.118999E-02
 0.04105    0.230539E-02   -0.124689E-02    0.106163E-02
 0.05908    0.205656E-02   -0.112237E-02    0.968041E-03
 0.07710    0.186054E-02   -0.102422E-02    0.894189E-03
 0.09513    0.169936E-02   -0.943466E-03    0.833341E-03
 0.11316    0.156311E-02   -0.875162E-03    0.781794E-03
 0.13118    0.144569E-02   -0.816251E-03    0.737259E-03
 0.14921    0.134302E-02   -0.764700E-03    0.698215E-03
 0.16723    0.125224E-02   -0.719081E-03    0.663593E-03
 0.18526    0.117126E-02   -0.678343E-03    0.632608E-03
 0.20329    0.109847E-02   -0.641690E-03    0.604666E-03
 0.22131    0.103263E-02   -0.608506E-03    0.579307E-03
 0.23934    0.972778E-03   -0.578301E-03    0.556164E-03
 0.25736    0.918110E-03   -0.550681E-03    0.534944E-03
 0.27539    0.867976E-03   -0.525320E-03    0.515404E-03
 0.29342    0.821840E-03   -0.501950E-03    0.497344E-03
 0.31144    0.779247E-03   -0.480346E-03    0.480598E-03
 0.32947    0.739813E-03   -0.460315E-03    0.465018E-03
 0.34749    0.703210E-03   -0.441694E-03    0.450486E-03
 0.36552    0.669154E-03   -0.424341E-03    0.436896E-03
 0.38355    0.637400E-03   -0.408136E-03    0.424158E-03
 0.40157    0.607734E-03   -0.392970E-03    0.412190E-03
 0.41960    0.579966E-03   -0.378750E-03    0.400926E-03
 0.43763    0.553932E-03   -0.365393E-03    0.390302E-03
 0.45565    0.529483E-03   -0.352826E-03    0.380265E-03
 0.47368    0.506489E-03   -0.340984E-03    0.370766E-03
 0.49170    0.484832E-03   -0.329808E-03    0.361762E-03
 0.50973    0.464409E-03   -0.319247E-03    0.353214E-03
 0.52776    0.445125E-03   -0.309253E-03    0.345087E-03
 0.54578    0.426894E-03   -0.299784E-03    0.337350E-03
 0.56381    0.409640E-03   -0.290802E-03    0.329974E-03
 0.58183    0.393293E-03   -0.282273E-03    0.322935E-03
 0.59986    0.377790E-03   -0.274164E-03    0.316208E-03
 0.61789    0.363073E-03   -0.266447E-03    0.309772E-03
 0.63591    0.349088E-03   -0.259096E-03    0.303608E-03
 0.65394    0.335789E-03   -0.252086E-03    0.297699E-03
 0.67196    0.323131E-03   -0.245397E-03    0.292027E-03
 0.68999    0.311073E-03   -0.239007E-03    0.286578E-03
 0.70802    0.299578E-03   -0.232898E-03    0.281338E-03
 0.72604    0.288611E-03   -0.227053E-03    0.276295E-03
 0.74407    0.278141E-03   -0.221457E-03    0.271437E-03
 0.76209    0.268139E-03   -0.216094E-03    0.266753E-03
 0.78012    0.258577E-03   -0.210951E-03    0.262233E-03
 0.79815    0.249430E-03   -0.206016E-03    0.257868E-03
 0.81617    0.240675E-03   -0.201277E-03    0.253650E-03
 0.83420    0.232290E-03   -0.196724E-03    0.249570E-03
 0.85222    0.224255E-03   -0.192345E-03    0.245621E-03
 0.87025    0.216552E-03   -0.188133E-03    0.241797E-03
 0.88828    0.209162E-03   -0.184078E-03    0.238090E-03
 0.90630    0.202069E-03   -0.180172E-03    0.234495E-03
 0.92433    0.195259E-03   -0.176408E-03    0.231006E-03
 0.94235    0.188716E-03   -0.172778E-03    0.227619E-03
 0.96038    0.182428E-03   -0.169276E-03    0.224327E-03
 0.97841    0.176382E-03   -0.165896E-03    0.221127E-03
 0.99643    0.170566E-03   -0.162632E-03    0.218014E-03
 1.01446    0.164970E-03   -0.159477E-03    0.214985E-03
 1.03248    0.159582E-03   -0.156428E-03    0.212035E-03
 1.05051    0.154393E-03   -0.153480E-03    0.209160E-03
 1.06854    0.149394E-03   -0.150627E-03    0.206358E-03
 1.08656    0.144576E-03   -0.147865E-03    0.203626E-03
 1.10459    0.139931E-03   -0.145191E-03    0.200960E-03
 1.12262    0.135452E-03   -0.142600E-03    0.198357E-03
 1.14064    0.131130E-03   -0.140089E-03    0.195815E-03
 1.15867    0.126960E-03   -0.137655E-03    0.193332E-03
 1.17669    0.122934E-03   -0.135294E-03    0.190904E-03
 1.19472    0.119047E-03   -0.133003E-03    0.188531E-03
 1.21275    0.115293E-03   -0.130780E-03    0.186208E-03
 1.23077    0.111665E-03   -0.128621E-03    0.183936E-03
 1.24880    0.108160E-03   -0.126524E-03    0.181711E-03
 1.26682    0.104771E-03   -0.124487E-03    0.179532E-03
 1.28485    0.101495E-03   -0.122507E-03    0.177398E-03
 1.30288    0.983264E-04   -0.120582E-03    0.175305E-03
 1.32090    0.952613E-04   -0.118709E-03    0.173254E-03
 1.33893    0.922954E-04   -0.116887E-03    0.171242E-03
 1.35695    0.894252E-04   -0.115115E-03    0.169269E-03
 1.37498    0.866467E-04   -0.113389E-03    0.167332E-03
 1.39301    0.839566E-04   -0.111708E-03    0.165430E-03
 1.41103    0.813516E-04   -0.110071E-03    0.163563E-03
 1.42906    0.788284E-04   -0.108476E-03    0.161729E-03
 1.44708    0.763839E-04   -0.106922E-03    0.159927E-03
 1.46511    0.740154E-04   -0.105407E-03    0.158156E-03
 1.48314    0.717201E-04   -0.103929E-03    0.156414E-03
 1.50116    0.694952E-04   -0.102488E-03    0.154702E-03
 1.51919    0.673383E-04   -0.101082E-03    0.153018E-03
 1.53721    0.652469E-04   -0.997103E-04    0.151361E-03
 1.55524    0.632188E-04   -0.983710E-04    0.149730E-03
 1.57327    0.612518E-04   -0.970634E-04    0.148125E-03
 1.59129    0.593437E-04   -0.957865E-04    0.146544E-03
 1.60932    0.574925E-04   -0.945392E-04    0.144988E-03
 1.62734    0.556964E-04   -0.933206E-04    0.143455E-03
 1.64537    0.539534E-04   -0.921297E-04    0.141945E-03
 1.66340    0.522617E-04   -0.909657E-04    0.140456E-03
 1.68142    0.506198E-04   -0.898277E-04    0.138989E-03
 1.69945    0.490260E-04   -0.887149E-04    0.137543E-03
 1.71747    0.474787E-04   -0.876266E-04    0.136117E-03
 1.73550    0.459764E-04   -0.865620E-04    0.134711E-03
 1.75353    0.445177E-04   -0.855203E-04    0.133324E-03
 1.77155    0.431013E-04   -0.845010E-04    0.131956E-03
 1.78958    0.417258E-04   -0.835034E-04    0.130606E-03
 1.80761    0.403901E-04   -0.825267E-04    0.129274E-03
 1.82563    0.390928E-04   -0.815705E-04    0.127959E-03
 1.84366    0.378330E-04   -0.806342E-04    0.126661E-03
 1.86168    0.366094E-04   -0.797172E-04    0.125379E-03
 1.87971    0.354211E-04   -0.788190E-04    0.124114E-03
 1.89774    0.342671E-04   -0.779391E-04    0.122864E-03
 1.91576    0.331464E-04   -0.770770E-04    0.121630E-03
 1.93379    0.320581E-04   -0.762323E-04    0.120411E-03
 1.95181    0.310013E-04   -0.754046E-04    0.119207E-03
 1.96984    0.299752E-04   -0.745934E-04    0.118017E-03
 1.98787    0.289790E-04   -0.737982E-04    0.116842E-03
 2.00589    0.280120E-04   -0.730189E-04    0.115680E-03
 2.02392    0.270735E-04   -0.722550E-04    0.114532E-03
 2.04194    0.261626E-04   -0.715059E-04    0.113398E-03
 2.05997    0.252789E-04   -0.707715E-04    0.112276E-03
 2.07800    0.244216E-04   -0.700518E-04    0.111168E-03
 2.09602    0.235902E-04   -0.693460E-04    0.110072E-03
 2.11405    0.227839E-04   -0.686540E-04    0.108989E-03
 2.13207    0.220024E-04   -0.679755E-04    0.107918E-03
 2.15010    0.212450E-04   -0.673101E-04    0.106859E-03
 2.16813    0.205111E-04   -0.666577E-04    0.105812E-03
 2.18615    0.198004E-04   -0.660180E-04    0.104777E-03
 2.20418    0.191122E-04   -0.653907E-04    0.103753E-03
 2.22220    0.184460E-04   -0.647756E-04    0.102741E-03
 2.24023    0.178014E-04   -0.641723E-04    0.101740E-03
 2.25826    0.171778E-04   -0.635807E-04    0.100749E-03
 2.27628    0.165748E-04   -0.630004E-04    0.997697E-04
 2.29431    0.159918E-04   -0.624314E-04    0.988006E-04
 2.31233    0.154284E-04   -0.618733E-04    0.978420E-04
 2.33036    0.148840E-04   -0.613257E-04    0.968935E-04
 2.34839    0.143582E-04   -0.607885E-04    0.959550E-04
 2.36641    0.138502E-04   -0.602614E-04    0.950263E-04
 2.38444    0.133598E-04   -0.597441E-04    0.941072E-04
 2.40246    0.128862E-04   -0.592363E-04    0.931975E-04
 2.42049    0.124288E-04   -0.587377E-04    0.922973E-04
 2.43852    0.119871E-04   -0.582481E-04    0.914052E-04
 2.45654    0.115606E-04   -0.577670E-04    0.905222E-04
 2.47457    0.111484E-04   -0.572944E-04    0.896476E-04
 2.49260    0.107501E-04   -0.568296E-04    0.887816E-04
 2.51062    0.103650E-04   -0.563725E-04    0.879232E-04
 2.52865    0.999258E-05   -0.559227E-04    0.870724E-04
 2.54667    0.963181E-05   -0.554800E-04    0.862292E-04
 2.56470    0.928222E-05   -0.550437E-04    0.853931E-04
 2.58273    0.894296E-05   -0.546137E-04    0.845638E-04
 2.60075    0.861368E-05   -0.541897E-04    0.837413E-04
 2.61878    0.829347E-05   -0.537713E-04    0.829251E-04
 2.63680    0.798175E-05   -0.533581E-04    0.821151E-04
 2.65483    0.767778E-05   -0.529497E-04    0.813110E-04
 2.67286    0.738093E-05   -0.525459E-04    0.805123E-04
 2.69088    0.709052E-05   -0.521464E-04    0.797191E-04
 2.70891    0.680603E-05   -0.517508E-04    0.789309E-04
 2.72693    0.652674E-05   -0.513588E-04    0.781476E-04
 2.74496    0.625210E-05   -0.509700E-04    0.773690E-04
 2.76299    0.598155E-05   -0.505843E-04    0.765948E-04
 2.78101    0.571457E-05   -0.502013E-04    0.758248E-04
 2.79904    0.545063E-05   -0.498207E-04    0.750587E-04
 2.81706    0.518927E-05   -0.494424E-04    0.742965E-04
 2.83509    0.493004E-05   -0.490661E-04    0.735380E-04
 2.85312    0.467253E-05   -0.486916E-04    0.727828E-04
 2.87114    0.441633E-05   -0.483188E-04    0.720310E-04
 2.88917    0.416111E-05   -0.479472E-04    0.712824E-04
 2.90719    0.390654E-05   -0.475768E-04    0.705368E-04
 2.92522    0.365232E-05   -0.472076E-04    0.697942E-04
 2.94325    0.339819E-05   -0.468393E-04    0.690543E-04
 2.96127    0.314391E-05   -0.464718E-04    0.683172E-04
 2.97930    0.288925E-05   -0.461050E-04    0.675827E-04
 2.99732    0.263403E-05   -0.457388E-04    0.668508E-04
 3.01535    0.237807E-05   -0.453732E-04    0.661213E-04
 3.03338    0.212122E-05   -0.450079E-04    0.653943E-04
 3.05140    0.186335E-05   -0.446431E-04    0.646697E-04
 3.06943    0.160434E-05   -0.442785E-04    0.639473E-04
 3.08745    0.134410E-05   -0.439141E-04    0.632273E-04
 3.10548    0.108253E-05   -0.435501E-04    0.625095E-04
 3.12351    0.819559E-06   -0.431861E-04    0.617962E-04
 3.14153    0.555116E-06   -0.428222E-04    0.610828E-04
 3.15956    0.289143E-06   -0.424585E-04    0.603716E-04
 3.17759    0.215999E-07   -0.420948E-04    0.596625E-04
 3.19561   -0.247556E-06   -0.417312E-04    0.589559E-04
 3.21364   -0.518347E-06   -0.413677E-04    0.582512E-04
 3.23166   -0.790794E-06   -0.410042E-04    0.575487E-04
 3.24969   -0.106490E-05   -0.406407E-04    0.568483E-04
 3.26772   -0.134065E-05   -0.402773E-04    0.561481E-04
 3.28574   -0.161805E-05   -0.399139E-04    0.554522E-04
 3.30377   -0.189707E-05   -0.395505E-04    0.547585E-04
 3.32179   -0.217768E-05   -0.391873E-04    0.540671E-04
 3.33982   -0.245983E-05   -0.388241E-04    0.533777E-04
 3.35785   -0.274347E-05   -0.384611E-04    0.526909E-04
 3.37587   -0.302853E-05   -0.380983E-04    0.520063E-04
 3.39390   -0.331492E-05   -0.377357E-04    0.513241E-04
 3.41192   -0.360255E-05   -0.373734E-04    0.506443E-04
 3.42995   -0.389124E-05   -0.370115E-04    0.499670E-04
 3.44798   -0.418092E-05   -0.366498E-04    0.492923E-04
 3.46600   -0.447141E-05   -0.362888E-04    0.486201E-04
 3.48403   -0.476257E-05   -0.359283E-04    0.479507E-04
 3.50205   -0.505421E-05   -0.355685E-04    0.472841E-04
 3.52008   -0.534615E-05   -0.352095E-04    0.466204E-04
 3.53811   -0.563817E-05   -0.348513E-04    0.459596E-04
 3.55613   -0.593006E-05   -0.344942E-04    0.453019E-04
 3.57416   -0.622157E-05   -0.341381E-04    0.446473E-04
 3.59218   -0.651246E-05   -0.337834E-04    0.439960E-04
 3.61021   -0.680245E-05   -0.334300E-04    0.433481E-04
 3.62824   -0.709130E-05   -0.330782E-04    0.427036E-04
 3.64626   -0.737871E-05   -0.327279E-04    0.420625E-04
 3.66429   -0.766442E-05   -0.323796E-04    0.414259E-04
 3.68231   -0.794813E-05   -0.320331E-04    0.407926E-04
 3.70034   -0.822957E-05   -0.316888E-04    0.401634E-04
 3.71837   -0.850844E-05   -0.313468E-04    0.395382E-04
 3.73639   -0.878445E-05   -0.310071E-04    0.389172E-04
 3.75442   -0.905731E-05   -0.306700E-04    0.383005E-04
 3.77244   -0.932673E-05   -0.303356E-04    0.376883E-04
 3.79047   -0.959243E-05   -0.300040E-04    0.370806E-04
 3.80850   -0.985415E-05   -0.296754E-04    0.364775E-04
 3.82652   -0.101116E-04   -0.293499E-04    0.358793E-04
 3.84455   -0.103645E-04   -0.290277E-04    0.352859E-04
 3.86258   -0.106127E-04   -0.287089E-04    0.346975E-04
 3.88060   -0.108559E-04   -0.283935E-04    0.341141E-04
 3.89863   -0.110938E-04   -0.280817E-04    0.335359E-04
 3.91665   -0.113263E-04   -0.277737E-04    0.329629E-04
 3.93468   -0.115533E-04   -0.274694E-04    0.323952E-04
 3.95271   -0.117744E-04   -0.271691E-04    0.318329E-04
 3.97073   -0.119896E-04   -0.268726E-04    0.312759E-04
 3.98876   -0.121987E-04   -0.265803E-04    0.307245E-04
 4.00678   -0.124016E-04   -0.262920E-04    0.301786E-04
 4.02481   -0.125981E-04   -0.260080E-04    0.296382E-04
 4.04284   -0.127882E-04   -0.257281E-04    0.291035E-04
 4.06086   -0.129718E-04   -0.254525E-04    0.285744E-04
 4.07889   -0.131488E-04   -0.251811E-04    0.280510E-04
 4.09691   -0.133192E-04   -0.249141E-04    0.275332E-04
 4.11494   -0.134829E-04   -0.246514E-04    0.270211E-04
 4.13297   -0.136400E-04   -0.243930E-04    0.265146E-04
 4.15099   -0.137904E-04   -0.241389E-04    0.260139E-04
 4.16902   -0.139342E-04   -0.238891E-04    0.255187E-04
 4.18704   -0.140713E-04   -0.236436E-04    0.250292E-04
 4.20507   -0.142019E-04   -0.234024E-04    0.245453E-04
 4.22310   -0.143260E-04   -0.231653E-04    0.240669E-04
 4.24112   -0.144436E-04   -0.229325E-04    0.235941E-04
 4.25915   -0.145549E-04   -0.227039E-04    0.231269E-04
 4.27717   -0.146598E-04   -0.224794E-04    0.226651E-04
 4.29520   -0.147585E-04   -0.222589E-04    0.222087E-04
 4.31323   -0.148512E-04   -0.220424E-04    0.217577E-04
 4.33125   -0.149379E-04   -0.218299E-04    0.213121E-04
 4.34928   -0.150187E-04   -0.216213E-04    0.208717E-04
 4.36730   -0.150938E-04   -0.214165E-04    0.204365E-04
 4.38533   -0.151632E-04   -0.212154E-04    0.200065E-04
 4.40336   -0.152273E-04   -0.210180E-04    0.195815E-04
 4.42138   -0.152859E-04   -0.208242E-04    0.191616E-04
 4.43941   -0.153394E-04   -0.206340E-04    0.187466E-04
 4.45743   -0.153879E-04   -0.204471E-04    0.183365E-04
 4.47546   -0.154314E-04   -0.202637E-04    0.179313E-04
 4.49349   -0.154703E-04   -0.200835E-04    0.175308E-04
 4.51151   -0.155045E-04   -0.199066E-04    0.171349E-04
 4.52954   -0.155342E-04   -0.197328E-04    0.167437E-04
 4.54757   -0.155597E-04   -0.195621E-04    0.163570E-04
 4.56559   -0.155810E-04   -0.193943E-04    0.159748E-04
 4.58362   -0.155983E-04   -0.192295E-04    0.155971E-04
 4.60164   -0.156117E-04   -0.190674E-04    0.152237E-04
 4.61967   -0.156214E-04   -0.189081E-04    0.148546E-04
 4.63770   -0.156276E-04   -0.187515E-04    0.144896E-04
 4.65572   -0.156303E-04   -0.185975E-04    0.141288E-04
 4.67375   -0.156297E-04   -0.184460E-04    0.137721E-04
 4.69177   -0.156260E-04   -0.182969E-04    0.134193E-04
 4.70980   -0.156193E-04   -0.181502E-04    0.130706E-04
 4.72783   -0.156096E-04   -0.180059E-04    0.127256E-04
 4.74585   -0.155972E-04   -0.178637E-04    0.123845E-04
 4.76388   -0.155822E-04   -0.177238E-04    0.120472E-04
 4.78190   -0.155646E-04   -0.175859E-04    0.117134E-04
 4.79993   -0.155446E-04   -0.174501E-04    0.113835E-04
 4.81796   -0.155223E-04   -0.173163E-04    0.110570E-04
 4.83598   -0.154978E-04   -0.171845E-04    0.107341E-04
 4.85401   -0.154712E-04   -0.170544E-04    0.104146E-04
 4.87203   -0.154427E-04   -0.169262E-04    0.100985E-04
 4.89006   -0.154123E-04   -0.167998E-04    0.978580E-05
 4.90809   -0.153800E-04   -0.166751E-04    0.947650E-05
 4.92611   -0.153461E-04   -0.165520E-04    0.917038E-05
 4.94414   -0.153106E-04   -0.164305E-04    0.886743E-05
 4.96216   -0.152736E-04   -0.163106E-04    0.856769E-05
 4.98019   -0.152351E-04   -0.161922E-04    0.827107E-05
 4.99822   -0.151953E-04   -0.160752E-04    0.797754E-05
 5.01624   -0.151542E-04   -0.159597E-04    0.768704E-05
 5.03427   -0.151119E-04   -0.158456E-04    0.739953E-05
 5.05229   -0.150684E-04   -0.157328E-04    0.711498E-05
 5.07032   -0.150239E-04   -0.156213E-04    0.683335E-05
 5.08835   -0.149783E-04   -0.155111E-04    0.655460E-05
 5.10637   -0.149318E-04   -0.154022E-04    0.627871E-05
 5.12440   -0.148845E-04   -0.152944E-04    0.600561E-05
 5.14242   -0.148363E-04   -0.151878E-04    0.573528E-05
 5.16045   -0.147873E-04   -0.150824E-04    0.546770E-05
 5.17848   -0.147376E-04   -0.149780E-04    0.520277E-05
 5.19650   -0.146872E-04   -0.148748E-04    0.494064E-05
 5.21453   -0.146362E-04   -0.147725E-04    0.468105E-05
 5.23256   -0.145846E-04   -0.146714E-04    0.442409E-05
 5.25058   -0.145325E-04   -0.145712E-04    0.416970E-05
 5.26861   -0.144798E-04   -0.144719E-04    0.391787E-05
 5.28663   -0.144267E-04   -0.143737E-04    0.366854E-05
 5.30466   -0.143732E-04   -0.142763E-04    0.342169E-05
 5.32269   -0.143193E-04   -0.141798E-04    0.317732E-05
 5.34071   -0.142651E-04   -0.140843E-04    0.293538E-05
 5.35874   -0.142105E-04   -0.139896E-04    0.269584E-05
 5.37676   -0.141557E-04   -0.138957E-04    0.245870E-05
 5.39479   -0.141005E-04   -0.138027E-04    0.222391E-05
 5.41282   -0.140452E-04   -0.137104E-04    0.199144E-05
 5.43084   -0.139896E-04   -0.136190E-04    0.176131E-05
 5.44887   -0.139339E-04   -0.135283E-04    0.153342E-05
 5.46689   -0.138780E-04   -0.134384E-04    0.130783E-05
 5.48492   -0.138220E-04   -0.133492E-04    0.108446E-05
 5.50295   -0.137658E-04   -0.132608E-04    0.863317E-06
 5.52097   -0.137096E-04   -0.131730E-04    0.644367E-06
 5.53900   -0.136532E-04   -0.130860E-04    0.427595E-06
 5.55702   -0.135969E-04   -0.129996E-04    0.212977E-06
 5.57505   -0.135404E-04   -0.129140E-04    0.494199E-09
 5.59308   -0.134840E-04   -0.128289E-04   -0.209873E-06
 5.61110   -0.134275E-04   -0.127446E-04   -0.418142E-06
 5.62913   -0.133711E-04   -0.126608E-04   -0.624335E-06
 5.64715   -0.133147E-04   -0.125777E-04   -0.828466E-06
 5.66518   -0.132582E-04   -0.124953E-04   -0.103056E-05
 5.68321   -0.132019E-04   -0.124134E-04   -0.123063E-05
 5.70123   -0.131456E-04   -0.123321E-04   -0.142870E-05
 5.71926   -0.130893E-04   -0.122514E-04   -0.162477E-05
 5.73728   -0.130331E-04   -0.121713E-04   -0.181889E-05
 5.75531   -0.129770E-04   -0.120918E-04   -0.201104E-05
 5.77334   -0.129210E-04   -0.120129E-04   -0.220128E-05
 5.79136   -0.128651E-04   -0.119345E-04   -0.238957E-05
 5.80939   -0.128093E-04   -0.118566E-04   -0.257597E-05
 5.82741   -0.127536E-04   -0.117793E-04   -0.276050E-05
 5.84544   -0.126980E-04   -0.117026E-04   -0.294313E-05
 5.86347   -0.126426E-04   -0.116263E-04   -0.312390E-05
 5.88149   -0.125872E-04   -0.115506E-04   -0.330282E-05
 5.89952   -0.125321E-04   -0.114754E-04   -0.347991E-05
 5.91755   -0.124770E-04   -0.114008E-04   -0.365514E-05
 5.93557   -0.124221E-04   -0.113266E-04   -0.382862E-05
 5.95360   -0.123674E-04   -0.112529E-04   -0.400029E-05
 5.97162   -0.123128E-04   -0.111798E-04   -0.417019E-05
 5.98965   -0.122583E-04   -0.111075E-04   -0.433833E-05
 6.00768   -0.122041E-04   -0.110353E-04   -0.450471E-05
 6.02570   -0.121500E-04   -0.109636E-04   -0.466935E-05
 6.04373   -0.120961E-04   -0.108923E-04   -0.483226E-05
 6.06175   -0.120423E-04   -0.108216E-04   -0.499347E-05
 6.07978   -0.119888E-04   -0.107512E-04   -0.515296E-05
 6.09781   -0.119354E-04   -0.106814E-04   -0.531078E-05
 6.11583   -0.118822E-04   -0.106120E-04   -0.546692E-05
 6.13386   -0.118292E-04   -0.105430E-04   -0.562139E-05
 6.15188   -0.117764E-04   -0.104745E-04   -0.577423E-05
 6.16991   -0.117237E-04   -0.104064E-04   -0.592541E-05
 6.18794   -0.116713E-04   -0.103388E-04   -0.607497E-05
 6.20596   -0.116191E-04   -0.102715E-04   -0.622292E-05
 6.22399   -0.115671E-04   -0.102048E-04   -0.636928E-05
 6.24201   -0.115153E-04   -0.101380E-04   -0.651405E-05
 6.26004   -0.114637E-04   -0.100720E-04   -0.665728E-05
 6.27807   -0.114123E-04   -0.100065E-04   -0.679892E-05
 6.29609   -0.113612E-04   -0.994136E-05   -0.693901E-05
 6.31412   -0.113102E-04   -0.987663E-05   -0.707756E-05
 6.33214   -0.112595E-04   -0.981231E-05   -0.721459E-05
 6.35017   -0.112090E-04   -0.974838E-05   -0.735011E-05
 6.36820   -0.111587E-04   -0.968485E-05   -0.748412E-05
 6.38622   -0.111086E-04   -0.962170E-05   -0.761665E-05
 6.40425   -0.110588E-04   -0.955893E-05   -0.774769E-05
 6.42227   -0.110092E-04   -0.949655E-05   -0.787727E-05
 6.44030   -0.109598E-04   -0.943455E-05   -0.800539E-05
 6.45833   -0.109107E-04   -0.937292E-05   -0.813206E-05
 6.47635   -0.108618E-04   -0.931166E-05   -0.825730E-05
 6.49438   -0.108131E-04   -0.925077E-05   -0.838111E-05
 6.51240   -0.107647E-04   -0.919024E-05   -0.850353E-05
 6.53043   -0.107165E-04   -0.913008E-05   -0.862452E-05
 6.54846   -0.106685E-04   -0.907027E-05   -0.874412E-05
 6.56648   -0.106208E-04   -0.901081E-05   -0.886234E-05
 6.58451   -0.105733E-04   -0.895171E-05   -0.897915E-05
 6.60254   -0.105260E-04   -0.889296E-05   -0.909463E-05
 6.62056   -0.104790E-04   -0.883455E-05   -0.920876E-05
 6.63859   -0.104322E-04   -0.877649E-05   -0.932155E-05
 6.65661   -0.103856E-04   -0.871876E-05   -0.943300E-05
 6.67464   -0.103393E-04   -0.866138E-05   -0.954313E-05
 6.69267   -0.102933E-04   -0.860433E-05   -0.965195E-05
 6.71069   -0.102474E-04   -0.854761E-05   -0.975947E-05
 6.72872   -0.102018E-04   -0.849123E-05   -0.986570E-05
 6.74674   -0.101565E-04   -0.843517E-05   -0.997064E-05
 6.76477   -0.101114E-04   -0.837944E-05   -0.100743E-04
 6.78280   -0.100665E-04   -0.832403E-05   -0.101767E-04
 6.80082   -0.100218E-04   -0.826894E-05   -0.102779E-04
 6.81885   -0.997738E-05   -0.821418E-05   -0.103778E-04
 6.83687   -0.993319E-05   -0.815973E-05   -0.104765E-04
 6.85490   -0.988923E-05   -0.810560E-05   -0.105739E-04
 6.87293   -0.984549E-05   -0.805179E-05   -0.106701E-04
 6.89095   -0.980199E-05   -0.799828E-05   -0.107652E-04
 6.90898   -0.975871E-05   -0.794509E-05   -0.108590E-04
 6.92700   -0.971566E-05   -0.789221E-05   -0.109517E-04
 6.94503   -0.967282E-05   -0.783963E-05   -0.110431E-04
 6.96306   -0.963022E-05   -0.778736E-05   -0.111334E-04
 6.98108   -0.958783E-05   -0.773540E-05   -0.112225E-04
 6.99911   -0.954566E-05   -0.768373E-05   -0.113105E-04
 7.01713   -0.950371E-05   -0.763237E-05   -0.113973E-04
 7.03516   -0.946197E-05   -0.758131E-05   -0.114830E-04
 7.05319   -0.942045E-05   -0.753054E-05   -0.115676E-04
 7.07121   -0.937915E-05   -0.748007E-05   -0.116510E-04
 7.08924   -0.933805E-05   -0.742990E-05   -0.117334E-04
 7.10726   -0.929716E-05   -0.738001E-05   -0.118146E-04
 7.12529   -0.925648E-05   -0.733042E-05   -0.118947E-04
 7.14332   -0.921601E-05   -0.728112E-05   -0.119738E-04
 7.16134   -0.917575E-05   -0.723211E-05   -0.120517E-04
 7.17937   -0.913568E-05   -0.718339E-05   -0.121286E-04
 7.19739   -0.909582E-05   -0.713495E-05   -0.122045E-04
 7.21542   -0.905616E-05   -0.708680E-05   -0.122792E-04
 7.23345   -0.901670E-05   -0.703893E-05   -0.123530E-04
 7.25147   -0.897743E-05   -0.699134E-05   -0.124257E-04
 7.26950   -0.893836E-05   -0.694403E-05   -0.124973E-04
 7.28753   -0.889948E-05   -0.689701E-05   -0.125680E-04
 7.30555   -0.886080E-05   -0.685025E-05   -0.126376E-04
 7.32358   -0.882230E-05   -0.680378E-05   -0.127062E-04
 7.34160   -0.878400E-05   -0.675758E-05   -0.127738E-04
 7.35963   -0.874588E-05   -0.671165E-05   -0.128404E-04
 7.37766   -0.870795E-05   -0.666600E-05   -0.129061E-04
 7.39568   -0.867021E-05   -0.662062E-05   -0.129707E-04
 7.41371   -0.863265E-05   -0.657550E-05   -0.130344E-04
 7.43173   -0.859527E-05   -0.653065E-05   -0.130972E-04
 7.44976   -0.855808E-05   -0.648607E-05   -0.131589E-04
 7.46779   -0.852106E-05   -0.644175E-05   -0.132198E-04
 7.48581   -0.848423E-05   -0.639770E-05   -0.132797E-04
 7.50384   -0.844758E-05   -0.635390E-05   -0.133386E-04
 7.52186   -0.841110E-05   -0.631037E-05   -0.133966E-04
 7.53989   -0.837480E-05   -0.626709E-05   -0.134538E-04
 7.55792   -0.833868E-05   -0.622407E-05   -0.135100E-04
 7.57594   -0.830273E-05   -0.618131E-05   -0.135653E-04
 7.59397   -0.826696E-05   -0.613880E-05   -0.136197E-04
 7.61199   -0.823136E-05   -0.609654E-05   -0.136732E-04
 7.63002   -0.819593E-05   -0.605453E-05   -0.137259E-04
 7.64805   -0.816068E-05   -0.601277E-05   -0.137777E-04
 7.66607   -0.812560E-05   -0.597126E-05   -0.138286E-04
 7.68410   -0.809068E-05   -0.593000E-05   -0.138786E-04
 7.70212   -0.805594E-05   -0.588897E-05   -0.139278E-04
 7.72015   -0.802137E-05   -0.584819E-05   -0.139762E-04
 7.73818   -0.798697E-05   -0.580766E-05   -0.140237E-04
 7.75620   -0.795273E-05   -0.576736E-05   -0.140704E-04
 7.77423   -0.791866E-05   -0.572730E-05   -0.141163E-04
 7.79225   -0.788476E-05   -0.568748E-05   -0.141613E-04
 7.81028   -0.785102E-05   -0.564789E-05   -0.142056E-04
 7.82831   -0.781745E-05   -0.560854E-05   -0.142490E-04
 7.84633   -0.778404E-05   -0.556942E-05   -0.142917E-04
 7.86436   -0.775079E-05   -0.553053E-05   -0.143335E-04
 7.88238   -0.771772E-05   -0.549187E-05   -0.143746E-04
 7.90041   -0.768480E-05   -0.545344E-05   -0.144149E-04
 7.91844   -0.765205E-05   -0.541523E-05   -0.144544E-04
 7.93646   -0.761946E-05   -0.537725E-05   -0.144932E-04
 7.95449   -0.758703E-05   -0.533949E-05   -0.145312E-04
 7.97252   -0.755476E-05   -0.530195E-05   -0.145685E-04
 7.99054   -0.752266E-05   -0.526463E-05   -0.146050E-04
 8.00857   -0.749071E-05   -0.522753E-05   -0.146408E-04
 8.02659   -0.745893E-05   -0.519065E-05   -0.146758E-04
 8.04462   -0.742730E-05   -0.515398E-05   -0.147102E-04
 8.06265   -0.739584E-05   -0.511752E-05   -0.147438E-04
 8.08067   -0.736453E-05   -0.508128E-05   -0.147767E-04
 8.09870   -0.733338E-05   -0.504525E-05   -0.148089E-04
 8.11672   -0.730240E-05   -0.500943E-05   -0.148404E-04
 8.13475   -0.727157E-05   -0.497382E-05   -0.148713E-04
 8.15278   -0.724089E-05   -0.493842E-05   -0.149014E-04
 8.17080   -0.721038E-05   -0.490322E-05   -0.149309E-04
 8.18883   -0.718002E-05   -0.486822E-05   -0.149596E-04
 8.20685   -0.714981E-05   -0.483342E-05   -0.149877E-04
 8.22488   -0.711977E-05   -0.479883E-05   -0.150152E-04
 8.24291   -0.708988E-05   -0.476444E-05   -0.150420E-04
 8.26093   -0.706014E-05   -0.473025E-05   -0.150681E-04
 8.27896   -0.703056E-05   -0.469625E-05   -0.150936E-04
 8.29698   -0.700113E-05   -0.466245E-05   -0.151185E-04
 8.31501   -0.697185E-05   -0.462885E-05   -0.151428E-04
 8.33304   -0.694273E-05   -0.459544E-05   -0.151664E-04
 8.35106   -0.691376E-05   -0.456222E-05   -0.151894E-04
 8.36909   -0.688494E-05   -0.452919E-05   -0.152117E-04
 8.38711   -0.685627E-05   -0.449635E-05   -0.152335E-04
 8.40514   -0.682776E-05   -0.446370E-05   -0.152547E-04
 8.42317   -0.679939E-05   -0.443123E-05   -0.152753E-04
 8.44119   -0.677117E-05   -0.439896E-05   -0.152952E-04
 8.45922   -0.674310E-05   -0.436687E-05   -0.153146E-04
 8.47724   -0.671519E-05   -0.433496E-05   -0.153334E-04
 8.49527   -0.668742E-05   -0.430323E-05   -0.153517E-04
 8.51330   -0.665979E-05   -0.427168E-05   -0.153693E-04
 8.53132   -0.663231E-05   -0.424032E-05   -0.153864E-04
 8.54935   -0.660498E-05   -0.420913E-05   -0.154030E-04
 8.56737   -0.657780E-05   -0.417813E-05   -0.154189E-04
 8.58540   -0.655076E-05   -0.414730E-05   -0.154344E-04
 8.60343   -0.652386E-05   -0.411664E-05   -0.154493E-04
 8.62145   -0.649711E-05   -0.408695E-05   -0.154636E-04
 8.63948   -0.647050E-05   -0.405586E-05   -0.154774E-04
 8.65751   -0.644403E-05   -0.402572E-05   -0.154907E-04
 8.67553   -0.641771E-05   -0.399576E-05   -0.155034E-04
 8.69356   -0.639152E-05   -0.396597E-05   -0.155157E-04
 8.71158   -0.636547E-05   -0.393635E-05   -0.155274E-04
 8.72961   -0.633957E-05   -0.390690E-05   -0.155386E-04
 8.74764   -0.631380E-05   -0.387761E-05   -0.155493E-04
 8.76566   -0.628817E-05   -0.384849E-05   -0.155595E-04
 8.78369   -0.626268E-05   -0.381954E-05   -0.155692E-04
 8.80171   -0.623732E-05   -0.379075E-05   -0.155784E-04
 8.81974   -0.621210E-05   -0.376213E-05   -0.155872E-04
 8.83777   -0.618701E-05   -0.373367E-05   -0.155954E-04
 8.85579   -0.616205E-05   -0.370538E-05   -0.156032E-04
 8.87382   -0.613723E-05   -0.367724E-05   -0.156105E-04
 8.89184   -0.611254E-05   -0.364927E-05   -0.156173E-04
 8.90987   -0.608798E-05   -0.362145E-05   -0.156237E-04
 8.92790   -0.606356E-05   -0.359380E-05   -0.156296E-04
 8.94592   -0.603926E-05   -0.356630E-05   -0.156350E-04
 8.96395   -0.601509E-05   -0.353896E-05   -0.156400E-04
 8.98197   -0.599104E-05   -0.351177E-05   -0.156446E-04
 9.00000   -0.596713E-05   -0.348475E-05   -0.156487E-04
