 0.00500    0.687434E-02   -0.364098E-02    0.293955E-02
 0.02303    0.560280E-02   -0.300516E-02    0.246248E-02
 0.04105    0.486235E-02   -0.263471E-02    0.218428E-02
 0.05908    0.432517E-02   -0.236582E-02    0.198209E-02
 0.07710    0.390324E-02   -0.215448E-02    0.182292E-02
 0.09513    0.355717E-02   -0.198101E-02    0.169204E-02
 0.11316    0.326527E-02   -0.183457E-02    0.158134E-02
 0.13118    0.301423E-02   -0.170850E-02    0.148582E-02
 0.14921    0.279517E-02   -0.159837E-02    0.140217E-02
 0.16723    0.260184E-02   -0.150107E-02    0.132807E-02
 0.18526    0.242966E-02   -0.141430E-02    0.126181E-02
 0.20329    0.227516E-02   -0.133634E-02    0.120210E-02
 0.22131    0.213567E-02   -0.126586E-02    0.114793E-02
 0.23934    0.200904E-02   -0.120178E-02    0.109852E-02
 0.25736    0.189357E-02   -0.114324E-02    0.105323E-02
 0.27539    0.178783E-02   -0.108956E-02    0.101153E-02
 0.29342    0.169067E-02   -0.104014E-02    0.972992E-03
 0.31144    0.160110E-02   -0.994496E-03    0.937253E-03
 0.32947    0.151828E-02   -0.952214E-03    0.904005E-03
 0.34749    0.144152E-02   -0.912941E-03    0.872987E-03
 0.36552    0.137019E-02   -0.876372E-03    0.843971E-03
 0.38355    0.130377E-02   -0.842243E-03    0.816764E-03
 0.40157    0.124179E-02   -0.810324E-03    0.791193E-03
 0.41960    0.118385E-02   -0.780413E-03    0.767111E-03
 0.43763    0.112959E-02   -0.752333E-03    0.744384E-03
 0.45565    0.107870E-02   -0.725926E-03    0.722898E-03
 0.47368    0.103089E-02   -0.701052E-03    0.702549E-03
 0.49170    0.985906E-03   -0.677587E-03    0.683245E-03
 0.50973    0.943532E-03   -0.655419E-03    0.664903E-03
 0.52776    0.903563E-03   -0.634448E-03    0.647449E-03
 0.54578    0.865817E-03   -0.614582E-03    0.630818E-03
 0.56381    0.830128E-03   -0.595742E-03    0.614948E-03
 0.58183    0.796349E-03   -0.577851E-03    0.599785E-03
 0.59986    0.764343E-03   -0.560845E-03    0.585280E-03
 0.61789    0.733988E-03   -0.544661E-03    0.571388E-03
 0.63591    0.705172E-03   -0.529244E-03    0.558069E-03
 0.65394    0.677792E-03   -0.514542E-03    0.545284E-03
 0.67196    0.651753E-03   -0.500510E-03    0.532999E-03
 0.68999    0.626971E-03   -0.487105E-03    0.521184E-03
 0.70802    0.603365E-03   -0.474287E-03    0.509810E-03
 0.72604    0.580863E-03   -0.462021E-03    0.498850E-03
 0.74407    0.559397E-03   -0.450272E-03    0.488280E-03
 0.76209    0.538906E-03   -0.439012E-03    0.478078E-03
 0.78012    0.519332E-03   -0.428210E-03    0.468221E-03
 0.79815    0.500622E-03   -0.417841E-03    0.458693E-03
 0.81617    0.482728E-03   -0.407880E-03    0.449473E-03
 0.83420    0.465602E-03   -0.398305E-03    0.440547E-03
 0.85222    0.449204E-03   -0.389094E-03    0.431899E-03
 0.87025    0.433493E-03   -0.380229E-03    0.423514E-03
 0.88828    0.418432E-03   -0.371691E-03    0.415380E-03
 0.90630    0.403988E-03   -0.363463E-03    0.407483E-03
 0.92433    0.390129E-03   -0.355530E-03    0.399813E-03
 0.94235    0.376824E-03   -0.347875E-03    0.392358E-03
 0.96038    0.364045E-03   -0.340487E-03    0.385108E-03
 0.97841    0.351766E-03   -0.333351E-03    0.378055E-03
 0.99643    0.339963E-03   -0.326455E-03    0.371189E-03
 1.01446    0.328613E-03   -0.319788E-03    0.364501E-03
 1.03248    0.317693E-03   -0.313339E-03    0.357985E-03
 1.05051    0.307184E-03   -0.307099E-03    0.351633E-03
 1.06854    0.297066E-03   -0.301058E-03    0.345437E-03
 1.08656    0.287320E-03   -0.295206E-03    0.339391E-03
 1.10459    0.277932E-03   -0.289536E-03    0.333490E-03
 1.12262    0.268883E-03   -0.284039E-03    0.327727E-03
 1.14064    0.260160E-03   -0.278708E-03    0.322097E-03
 1.15867    0.251747E-03   -0.273536E-03    0.316595E-03
 1.17669    0.243631E-03   -0.268517E-03    0.311215E-03
 1.19472    0.235799E-03   -0.263643E-03    0.305954E-03
 1.21275    0.228240E-03   -0.258909E-03    0.300808E-03
 1.23077    0.220941E-03   -0.254309E-03    0.295770E-03
 1.24880    0.213893E-03   -0.249838E-03    0.290839E-03
 1.26682    0.207083E-03   -0.245490E-03    0.286010E-03
 1.28485    0.200504E-03   -0.241262E-03    0.281280E-03
 1.30288    0.194145E-03   -0.237147E-03    0.276645E-03
 1.32090    0.187998E-03   -0.233143E-03    0.272102E-03
 1.33893    0.182053E-03   -0.229244E-03    0.267649E-03
 1.35695    0.176304E-03   -0.225447E-03    0.263281E-03
 1.37498    0.170743E-03   -0.221748E-03    0.258997E-03
 1.39301    0.165362E-03   -0.218143E-03    0.254794E-03
 1.41103    0.160154E-03   -0.214629E-03    0.250669E-03
 1.42906    0.155114E-03   -0.211203E-03    0.246620E-03
 1.44708    0.150233E-03   -0.207862E-03    0.242645E-03
 1.46511    0.145508E-03   -0.204602E-03    0.238741E-03
 1.48314    0.140931E-03   -0.201420E-03    0.234906E-03
 1.50116    0.136498E-03   -0.198315E-03    0.231139E-03
 1.51919    0.132202E-03   -0.195284E-03    0.227438E-03
 1.53721    0.128041E-03   -0.192323E-03    0.223800E-03
 1.55524    0.124007E-03   -0.189431E-03    0.220224E-03
 1.57327    0.120098E-03   -0.186605E-03    0.216708E-03
 1.59129    0.116309E-03   -0.183844E-03    0.213251E-03
 1.60932    0.112635E-03   -0.181145E-03    0.209851E-03
 1.62734    0.109072E-03   -0.178506E-03    0.206506E-03
 1.64537    0.105618E-03   -0.175925E-03    0.203216E-03
 1.66340    0.102267E-03   -0.173401E-03    0.199979E-03
 1.68142    0.990173E-04   -0.170931E-03    0.196794E-03
 1.69945    0.958649E-04   -0.168515E-03    0.193658E-03
 1.71747    0.928067E-04   -0.166150E-03    0.190572E-03
 1.73550    0.898397E-04   -0.163836E-03    0.187534E-03
 1.75353    0.869610E-04   -0.161570E-03    0.184543E-03
 1.77155    0.841679E-04   -0.159351E-03    0.181598E-03
 1.78958    0.814576E-04   -0.157178E-03    0.178698E-03
 1.80761    0.788278E-04   -0.155049E-03    0.175842E-03
 1.82563    0.762758E-04   -0.152964E-03    0.173028E-03
 1.84366    0.737996E-04   -0.150921E-03    0.170257E-03
 1.86168    0.713968E-04   -0.148919E-03    0.167527E-03
 1.87971    0.690654E-04   -0.146958E-03    0.164838E-03
 1.89774    0.668034E-04   -0.145035E-03    0.162188E-03
 1.91576    0.646089E-04   -0.143151E-03    0.159577E-03
 1.93379    0.624801E-04   -0.141304E-03    0.157004E-03
 1.95181    0.604152E-04   -0.139493E-03    0.154469E-03
 1.96984    0.584127E-04   -0.137717E-03    0.151971E-03
 1.98787    0.564711E-04   -0.135977E-03    0.149509E-03
 2.00589    0.545887E-04   -0.134270E-03    0.147083E-03
 2.02392    0.527643E-04   -0.132597E-03    0.144692E-03
 2.04194    0.509965E-04   -0.130956E-03    0.142335E-03
 2.05997    0.492840E-04   -0.129346E-03    0.140012E-03
 2.07800    0.476257E-04   -0.127769E-03    0.137723E-03
 2.09602    0.460203E-04   -0.126222E-03    0.135467E-03
 2.11405    0.444669E-04   -0.124705E-03    0.133243E-03
 2.13207    0.429643E-04   -0.123218E-03    0.131051E-03
 2.15010    0.415116E-04   -0.121760E-03    0.128891E-03
 2.16813    0.401078E-04   -0.120331E-03    0.126763E-03
 2.18615    0.387520E-04   -0.118930E-03    0.124665E-03
 2.20418    0.374432E-04   -0.117556E-03    0.122597E-03
 2.22220    0.361805E-04   -0.116209E-03    0.120559E-03
 2.24023    0.349630E-04   -0.114889E-03    0.118551E-03
 2.25826    0.337898E-04   -0.113596E-03    0.116572E-03
 2.27628    0.326600E-04   -0.112327E-03    0.114622E-03
 2.29431    0.315727E-04   -0.111085E-03    0.112700E-03
 2.31233    0.305269E-04   -0.109867E-03    0.110806E-03
 2.33036    0.295216E-04   -0.108673E-03    0.108939E-03
 2.34839    0.285558E-04   -0.107503E-03    0.107099E-03
 2.36641    0.276285E-04   -0.106355E-03    0.105286E-03
 2.38444    0.267385E-04   -0.105231E-03    0.103498E-03
 2.40246    0.258846E-04   -0.104128E-03    0.101736E-03
 2.42049    0.250658E-04   -0.103047E-03    0.999987E-04
 2.43852    0.242805E-04   -0.101986E-03    0.982857E-04
 2.45654    0.235275E-04   -0.100945E-03    0.965963E-04
 2.47457    0.228053E-04   -0.999232E-04    0.949299E-04
 2.49260    0.221124E-04   -0.989197E-04    0.932859E-04
 2.51062    0.214472E-04   -0.979338E-04    0.916635E-04
 2.52865    0.208082E-04   -0.969646E-04    0.900624E-04
 2.54667    0.201936E-04   -0.960111E-04    0.884812E-04
 2.56470    0.196016E-04   -0.950726E-04    0.869195E-04
 2.58273    0.190303E-04   -0.941479E-04    0.853766E-04
 2.60075    0.184780E-04   -0.932363E-04    0.838514E-04
 2.61878    0.179427E-04   -0.923366E-04    0.823433E-04
 2.63680    0.174224E-04   -0.914478E-04    0.808515E-04
 2.65483    0.169152E-04   -0.905691E-04    0.793750E-04
 2.67286    0.164190E-04   -0.896992E-04    0.779130E-04
 2.69088    0.159318E-04   -0.888373E-04    0.764648E-04
 2.70891    0.154518E-04   -0.879822E-04    0.750294E-04
 2.72693    0.149768E-04   -0.871330E-04    0.736063E-04
 2.74496    0.145048E-04   -0.862886E-04    0.721941E-04
 2.76299    0.140341E-04   -0.854481E-04    0.707924E-04
 2.78101    0.135628E-04   -0.846105E-04    0.694002E-04
 2.79904    0.130889E-04   -0.837749E-04    0.680169E-04
 2.81706    0.126110E-04   -0.829404E-04    0.666417E-04
 2.83509    0.121272E-04   -0.821062E-04    0.652739E-04
 2.85312    0.116361E-04   -0.812715E-04    0.639130E-04
 2.87114    0.111362E-04   -0.804356E-04    0.625582E-04
 2.88917    0.106262E-04   -0.795977E-04    0.612090E-04
 2.90719    0.101049E-04   -0.787571E-04    0.598649E-04
 2.92522    0.957124E-05   -0.779138E-04    0.585255E-04
 2.94325    0.902427E-05   -0.770667E-04    0.571904E-04
 2.96127    0.846323E-05   -0.762156E-04    0.558591E-04
 2.97930    0.788742E-05   -0.753603E-04    0.545315E-04
 2.99732    0.729636E-05   -0.745004E-04    0.532072E-04
 3.01535    0.668960E-05   -0.736357E-04    0.518862E-04
 3.03338    0.606698E-05   -0.727662E-04    0.505682E-04
 3.05140    0.542844E-05   -0.718917E-04    0.492532E-04
 3.06943    0.477393E-05   -0.710122E-04    0.479412E-04
 3.08745    0.410369E-05   -0.701280E-04    0.466323E-04
 3.10548    0.341808E-05   -0.692392E-04    0.453266E-04
 3.12351    0.271751E-05   -0.683459E-04    0.440242E-04
 3.14153    0.200260E-05   -0.674486E-04    0.427253E-04
 3.15956    0.127404E-05   -0.665475E-04    0.414302E-04
 3.17759    0.532578E-06   -0.656430E-04    0.401392E-04
 3.19561   -0.220879E-06   -0.647357E-04    0.388526E-04
 3.21364   -0.985349E-06   -0.638259E-04    0.375708E-04
 3.23166   -0.175975E-05   -0.629142E-04    0.362942E-04
 3.24969   -0.254293E-05   -0.620014E-04    0.350231E-04
 3.26772   -0.333368E-05   -0.610878E-04    0.337582E-04
 3.28574   -0.413070E-05   -0.601743E-04    0.324999E-04
 3.30377   -0.493268E-05   -0.592614E-04    0.312486E-04
 3.32179   -0.573827E-05   -0.583499E-04    0.300050E-04
 3.33982   -0.654609E-05   -0.574405E-04    0.287695E-04
 3.35785   -0.735477E-05   -0.565338E-04    0.275426E-04
 3.37587   -0.816290E-05   -0.556307E-04    0.263251E-04
 3.39390   -0.896909E-05   -0.547317E-04    0.251171E-04
 3.41192   -0.977195E-05   -0.538376E-04    0.239194E-04
 3.42995   -0.105701E-04   -0.529491E-04    0.227325E-04
 3.44798   -0.113621E-04   -0.520669E-04    0.215568E-04
 3.46600   -0.121469E-04   -0.511916E-04    0.203930E-04
 3.48403   -0.129229E-04   -0.503239E-04    0.192425E-04
 3.50205   -0.136891E-04   -0.494645E-04    0.181025E-04
 3.52008   -0.144442E-04   -0.486138E-04    0.169768E-04
 3.53811   -0.151872E-04   -0.477726E-04    0.158646E-04
 3.55613   -0.159170E-04   -0.469412E-04    0.147664E-04
 3.57416   -0.166326E-04   -0.461202E-04    0.136826E-04
 3.59218   -0.173331E-04   -0.453101E-04    0.126134E-04
 3.61021   -0.180177E-04   -0.445113E-04    0.115591E-04
 3.62824   -0.186856E-04   -0.437241E-04    0.105201E-04
 3.64626   -0.193361E-04   -0.429489E-04    0.949654E-05
 3.66429   -0.199685E-04   -0.421860E-04    0.848871E-05
 3.68231   -0.205824E-04   -0.414358E-04    0.749675E-05
 3.70034   -0.211772E-04   -0.406984E-04    0.652076E-05
 3.71837   -0.217526E-04   -0.399740E-04    0.556093E-05
 3.73639   -0.223082E-04   -0.392628E-04    0.461736E-05
 3.75442   -0.228438E-04   -0.385649E-04    0.369012E-05
 3.77244   -0.233592E-04   -0.378804E-04    0.277922E-05
 3.79047   -0.238543E-04   -0.372093E-04    0.188463E-05
 3.80850   -0.243290E-04   -0.365517E-04    0.100637E-05
 3.82652   -0.247833E-04   -0.359075E-04    0.144402E-06
 3.84455   -0.252174E-04   -0.352768E-04   -0.701326E-06
 3.86258   -0.256312E-04   -0.346594E-04   -0.153090E-05
 3.88060   -0.260249E-04   -0.340553E-04   -0.234446E-05
 3.89863   -0.263988E-04   -0.334644E-04   -0.314208E-05
 3.91665   -0.267530E-04   -0.328864E-04   -0.392392E-05
 3.93468   -0.270880E-04   -0.323214E-04   -0.469011E-05
 3.95271   -0.274040E-04   -0.317689E-04   -0.544091E-05
 3.97073   -0.277013E-04   -0.312290E-04   -0.617642E-05
 3.98876   -0.279803E-04   -0.307014E-04   -0.689686E-05
 4.00678   -0.282415E-04   -0.301858E-04   -0.760246E-05
 4.02481   -0.284853E-04   -0.296821E-04   -0.829339E-05
 4.04284   -0.287120E-04   -0.291900E-04   -0.896991E-05
 4.06086   -0.289222E-04   -0.287093E-04   -0.963226E-05
 4.07889   -0.291163E-04   -0.282396E-04   -0.102806E-04
 4.09691   -0.292949E-04   -0.277809E-04   -0.109153E-04
 4.11494   -0.294582E-04   -0.273327E-04   -0.115364E-04
 4.13297   -0.296070E-04   -0.268948E-04   -0.121444E-04
 4.15099   -0.297417E-04   -0.264670E-04   -0.127394E-04
 4.16902   -0.298627E-04   -0.260490E-04   -0.133216E-04
 4.18704   -0.299706E-04   -0.256406E-04   -0.138914E-04
 4.20507   -0.300659E-04   -0.252414E-04   -0.144489E-04
 4.22310   -0.301489E-04   -0.248512E-04   -0.149945E-04
 4.24112   -0.302203E-04   -0.244697E-04   -0.155283E-04
 4.25915   -0.302804E-04   -0.240968E-04   -0.160505E-04
 4.27717   -0.303298E-04   -0.237321E-04   -0.165616E-04
 4.29520   -0.303690E-04   -0.233753E-04   -0.170616E-04
 4.31323   -0.303982E-04   -0.230264E-04   -0.175508E-04
 4.33125   -0.304180E-04   -0.226849E-04   -0.180294E-04
 4.34928   -0.304289E-04   -0.223507E-04   -0.184977E-04
 4.36730   -0.304312E-04   -0.220236E-04   -0.189558E-04
 4.38533   -0.304252E-04   -0.217033E-04   -0.194041E-04
 4.40336   -0.304116E-04   -0.213896E-04   -0.198426E-04
 4.42138   -0.303904E-04   -0.210823E-04   -0.202717E-04
 4.43941   -0.303623E-04   -0.207812E-04   -0.206915E-04
 4.45743   -0.303274E-04   -0.204861E-04   -0.211022E-04
 4.47546   -0.302862E-04   -0.201969E-04   -0.215040E-04
 4.49349   -0.302390E-04   -0.199133E-04   -0.218970E-04
 4.51151   -0.301861E-04   -0.196351E-04   -0.222816E-04
 4.52954   -0.301277E-04   -0.193622E-04   -0.226578E-04
 4.54757   -0.300642E-04   -0.190944E-04   -0.230258E-04
 4.56559   -0.299959E-04   -0.188316E-04   -0.233858E-04
 4.58362   -0.299230E-04   -0.185736E-04   -0.237379E-04
 4.60164   -0.298458E-04   -0.183202E-04   -0.240824E-04
 4.61967   -0.297645E-04   -0.180714E-04   -0.244193E-04
 4.63770   -0.296794E-04   -0.178269E-04   -0.247489E-04
 4.65572   -0.295907E-04   -0.175866E-04   -0.250713E-04
 4.67375   -0.294986E-04   -0.173505E-04   -0.253866E-04
 4.69177   -0.294033E-04   -0.171184E-04   -0.256949E-04
 4.70980   -0.293050E-04   -0.168901E-04   -0.259965E-04
 4.72783   -0.292039E-04   -0.166656E-04   -0.262914E-04
 4.74585   -0.291002E-04   -0.164448E-04   -0.265797E-04
 4.76388   -0.289940E-04   -0.162275E-04   -0.268616E-04
 4.78190   -0.288855E-04   -0.160136E-04   -0.271373E-04
 4.79993   -0.287748E-04   -0.158031E-04   -0.274067E-04
 4.81796   -0.286622E-04   -0.155959E-04   -0.276701E-04
 4.83598   -0.285477E-04   -0.153918E-04   -0.279275E-04
 4.85401   -0.284314E-04   -0.151908E-04   -0.281791E-04
 4.87203   -0.283136E-04   -0.149929E-04   -0.284250E-04
 4.89006   -0.281943E-04   -0.147978E-04   -0.286652E-04
 4.90809   -0.280736E-04   -0.146056E-04   -0.288999E-04
 4.92611   -0.279517E-04   -0.144162E-04   -0.291292E-04
 4.94414   -0.278286E-04   -0.142295E-04   -0.293531E-04
 4.96216   -0.277044E-04   -0.140454E-04   -0.295718E-04
 4.98019   -0.275793E-04   -0.138639E-04   -0.297853E-04
 4.99822   -0.274534E-04   -0.136849E-04   -0.299937E-04
 5.01624   -0.273266E-04   -0.135084E-04   -0.301971E-04
 5.03427   -0.271991E-04   -0.133342E-04   -0.303956E-04
 5.05229   -0.270710E-04   -0.131624E-04   -0.305893E-04
 5.07032   -0.269424E-04   -0.129929E-04   -0.307783E-04
 5.08835   -0.268133E-04   -0.128256E-04   -0.309625E-04
 5.10637   -0.266837E-04   -0.126605E-04   -0.311422E-04
 5.12440   -0.265538E-04   -0.124975E-04   -0.313173E-04
 5.14242   -0.264236E-04   -0.123367E-04   -0.314880E-04
 5.16045   -0.262932E-04   -0.121778E-04   -0.316543E-04
 5.17848   -0.261625E-04   -0.120210E-04   -0.318162E-04
 5.19650   -0.260318E-04   -0.118661E-04   -0.319740E-04
 5.21453   -0.259009E-04   -0.117131E-04   -0.321276E-04
 5.23256   -0.257700E-04   -0.115620E-04   -0.322771E-04
 5.25058   -0.256392E-04   -0.114128E-04   -0.324226E-04
 5.26861   -0.255083E-04   -0.112653E-04   -0.325641E-04
 5.28663   -0.253776E-04   -0.111196E-04   -0.327017E-04
 5.30466   -0.252470E-04   -0.109757E-04   -0.328354E-04
 5.32269   -0.251165E-04   -0.108334E-04   -0.329654E-04
 5.34071   -0.249863E-04   -0.106928E-04   -0.330917E-04
 5.35874   -0.248563E-04   -0.105538E-04   -0.332143E-04
 5.37676   -0.247265E-04   -0.104166E-04   -0.333333E-04
 5.39479   -0.245970E-04   -0.102808E-04   -0.334489E-04
 5.41282   -0.244678E-04   -0.101465E-04   -0.335609E-04
 5.43084   -0.243390E-04   -0.100138E-04   -0.336695E-04
 5.44887   -0.242105E-04   -0.988258E-05   -0.337747E-04
 5.46689   -0.240824E-04   -0.975282E-05   -0.338766E-04
 5.48492   -0.239547E-04   -0.962451E-05   -0.339752E-04
 5.50295   -0.238274E-04   -0.949761E-05   -0.340706E-04
 5.52097   -0.237006E-04   -0.937211E-05   -0.341628E-04
 5.53900   -0.235742E-04   -0.924798E-05   -0.342519E-04
 5.55702   -0.234483E-04   -0.912521E-05   -0.343379E-04
 5.57505   -0.233229E-04   -0.900376E-05   -0.344208E-04
 5.59308   -0.231980E-04   -0.888363E-05   -0.345008E-04
 5.61110   -0.230736E-04   -0.876479E-05   -0.345777E-04
 5.62913   -0.229497E-04   -0.864721E-05   -0.346518E-04
 5.64715   -0.228264E-04   -0.853090E-05   -0.347230E-04
 5.66518   -0.227036E-04   -0.841581E-05   -0.347913E-04
 5.68321   -0.225814E-04   -0.830195E-05   -0.348568E-04
 5.70123   -0.224597E-04   -0.818929E-05   -0.349196E-04
 5.71926   -0.223386E-04   -0.807781E-05   -0.349797E-04
 5.73728   -0.222181E-04   -0.796750E-05   -0.350371E-04
 5.75531   -0.220981E-04   -0.785834E-05   -0.350918E-04
 5.77334   -0.219787E-04   -0.775032E-05   -0.351440E-04
 5.79136   -0.218600E-04   -0.764342E-05   -0.351935E-04
 5.80939   -0.217418E-04   -0.753763E-05   -0.352406E-04
 5.82741   -0.216242E-04   -0.743294E-05   -0.352851E-04
 5.84544   -0.215073E-04   -0.732933E-05   -0.353272E-04
 5.86347   -0.213909E-04   -0.722679E-05   -0.353669E-04
 5.88149   -0.212751E-04   -0.712530E-05   -0.354042E-04
 5.89952   -0.211600E-04   -0.702486E-05   -0.354391E-04
 5.91755   -0.210455E-04   -0.692545E-05   -0.354717E-04
 5.93557   -0.209315E-04   -0.682705E-05   -0.355021E-04
 5.95360   -0.208182E-04   -0.672967E-05   -0.355302E-04
 5.97162   -0.207055E-04   -0.663328E-05   -0.355560E-04
 5.98965   -0.205934E-04   -0.653787E-05   -0.355797E-04
 6.00768   -0.204820E-04   -0.644344E-05   -0.356013E-04
 6.02570   -0.203711E-04   -0.634997E-05   -0.356207E-04
 6.04373   -0.202609E-04   -0.625746E-05   -0.356380E-04
 6.06175   -0.201513E-04   -0.616588E-05   -0.356532E-04
 6.07978   -0.200422E-04   -0.607524E-05   -0.356664E-04
 6.09781   -0.199338E-04   -0.598552E-05   -0.356777E-04
 6.11583   -0.198260E-04   -0.589671E-05   -0.356869E-04
 6.13386   -0.197189E-04   -0.580881E-05   -0.356942E-04
 6.15188   -0.196123E-04   -0.572179E-05   -0.356997E-04
 6.16991   -0.195063E-04   -0.563567E-05   -0.357030E-04
 6.18794   -0.194009E-04   -0.555041E-05   -0.357047E-04
 6.20596   -0.192962E-04   -0.546603E-05   -0.357044E-04
 6.22399   -0.191920E-04   -0.538250E-05   -0.357024E-04
 6.24201   -0.190884E-04   -0.529982E-05   -0.356986E-04
 6.26004   -0.189854E-04   -0.521799E-05   -0.356931E-04
 6.27807   -0.188830E-04   -0.513698E-05   -0.356858E-04
 6.29609   -0.187812E-04   -0.505678E-05   -0.356768E-04
 6.31412   -0.186800E-04   -0.497742E-05   -0.356662E-04
 6.33214   -0.185793E-04   -0.489887E-05   -0.356538E-04
 6.35017   -0.184792E-04   -0.482113E-05   -0.356399E-04
 6.36820   -0.183797E-04   -0.474418E-05   -0.356243E-04
 6.38622   -0.182808E-04   -0.466802E-05   -0.356072E-04
 6.40425   -0.181824E-04   -0.459264E-05   -0.355885E-04
 6.42227   -0.180846E-04   -0.451803E-05   -0.355683E-04
 6.44030   -0.179873E-04   -0.444420E-05   -0.355465E-04
 6.45833   -0.178906E-04   -0.437112E-05   -0.355233E-04
 6.47635   -0.177944E-04   -0.429880E-05   -0.354986E-04
 6.49438   -0.176988E-04   -0.422723E-05   -0.354725E-04
 6.51240   -0.176037E-04   -0.415640E-05   -0.354449E-04
 6.53043   -0.175091E-04   -0.408630E-05   -0.354159E-04
 6.54846   -0.174151E-04   -0.401692E-05   -0.353856E-04
 6.56648   -0.173216E-04   -0.394828E-05   -0.353539E-04
 6.58451   -0.172286E-04   -0.388034E-05   -0.353208E-04
 6.60254   -0.171361E-04   -0.381313E-05   -0.352865E-04
 6.62056   -0.170442E-04   -0.374660E-05   -0.352508E-04
 6.63859   -0.169527E-04   -0.368078E-05   -0.352139E-04
 6.65661   -0.168618E-04   -0.361565E-05   -0.351756E-04
 6.67464   -0.167713E-04   -0.355120E-05   -0.351362E-04
 6.69267   -0.166814E-04   -0.348744E-05   -0.350956E-04
 6.71069   -0.165919E-04   -0.342434E-05   -0.350537E-04
 6.72872   -0.165029E-04   -0.336192E-05   -0.350107E-04
 6.74674   -0.164145E-04   -0.330015E-05   -0.349664E-04
 6.76477   -0.163265E-04   -0.323905E-05   -0.349211E-04
 6.78280   -0.162389E-04   -0.317859E-05   -0.348746E-04
 6.80082   -0.161519E-04   -0.311877E-05   -0.348271E-04
 6.81885   -0.160653E-04   -0.305959E-05   -0.347784E-04
 6.83687   -0.159792E-04   -0.300104E-05   -0.347287E-04
 6.85490   -0.158935E-04   -0.294311E-05   -0.346780E-04
 6.87293   -0.158083E-04   -0.288581E-05   -0.346261E-04
 6.89095   -0.157236E-04   -0.282911E-05   -0.345733E-04
 6.90898   -0.156394E-04   -0.277302E-05   -0.345195E-04
 6.92700   -0.155556E-04   -0.271753E-05   -0.344647E-04
 6.94503   -0.154722E-04   -0.266263E-05   -0.344090E-04
 6.96306   -0.153893E-04   -0.260832E-05   -0.343523E-04
 6.98108   -0.153069E-04   -0.255459E-05   -0.342947E-04
 6.99911   -0.152249E-04   -0.250144E-05   -0.342362E-04
 7.01713   -0.151434E-04   -0.244885E-05   -0.341768E-04
 7.03516   -0.150623E-04   -0.239682E-05   -0.341165E-04
 7.05319   -0.149817E-04   -0.234535E-05   -0.340553E-04
 7.07121   -0.149015E-04   -0.229443E-05   -0.339934E-04
 7.08924   -0.148218E-04   -0.224406E-05   -0.339306E-04
 7.10726   -0.147425E-04   -0.219421E-05   -0.338670E-04
 7.12529   -0.146637E-04   -0.214490E-05   -0.338025E-04
 7.14332   -0.145853E-04   -0.209612E-05   -0.337374E-04
 7.16134   -0.145073E-04   -0.204802E-05   -0.336714E-04
 7.17937   -0.144298E-04   -0.200026E-05   -0.336047E-04
 7.19739   -0.143527E-04   -0.195301E-05   -0.335373E-04
 7.21542   -0.142761E-04   -0.190608E-05   -0.334692E-04
 7.23345   -0.141999E-04   -0.185983E-05   -0.334003E-04
 7.25147   -0.141242E-04   -0.181406E-05   -0.333308E-04
 7.26950   -0.140489E-04   -0.176878E-05   -0.332606E-04
 7.28753   -0.139740E-04   -0.172397E-05   -0.331898E-04
 7.30555   -0.138996E-04   -0.167964E-05   -0.331183E-04
 7.32358   -0.138256E-04   -0.163577E-05   -0.330461E-04
 7.34160   -0.137521E-04   -0.159236E-05   -0.329734E-04
 7.35963   -0.136790E-04   -0.154941E-05   -0.329001E-04
 7.37766   -0.136063E-04   -0.150691E-05   -0.328261E-04
 7.39568   -0.135341E-04   -0.146485E-05   -0.327516E-04
 7.41371   -0.134623E-04   -0.142323E-05   -0.326766E-04
 7.43173   -0.133909E-04   -0.138204E-05   -0.326010E-04
 7.44976   -0.133200E-04   -0.134128E-05   -0.325248E-04
 7.46779   -0.132495E-04   -0.130095E-05   -0.324482E-04
 7.48581   -0.131794E-04   -0.126103E-05   -0.323710E-04
 7.50384   -0.131098E-04   -0.122153E-05   -0.322933E-04
 7.52186   -0.130406E-04   -0.118243E-05   -0.322151E-04
 7.53989   -0.129718E-04   -0.114374E-05   -0.321365E-04
 7.55792   -0.129034E-04   -0.110545E-05   -0.320574E-04
 7.57594   -0.128355E-04   -0.106755E-05   -0.319779E-04
 7.59397   -0.127680E-04   -0.103005E-05   -0.318979E-04
 7.61199   -0.127009E-04   -0.992932E-06   -0.318175E-04
 7.63002   -0.126342E-04   -0.956190E-06   -0.317366E-04
 7.64805   -0.125680E-04   -0.919828E-06   -0.316554E-04
 7.66607   -0.125022E-04   -0.883839E-06   -0.315738E-04
 7.68410   -0.124367E-04   -0.848220E-06   -0.314918E-04
 7.70212   -0.123717E-04   -0.812964E-06   -0.314094E-04
 7.72015   -0.123072E-04   -0.778070E-06   -0.313266E-04
 7.73818   -0.122430E-04   -0.743532E-06   -0.312435E-04
 7.75620   -0.121792E-04   -0.709351E-06   -0.311600E-04
 7.77423   -0.121158E-04   -0.675513E-06   -0.310763E-04
 7.79225   -0.120529E-04   -0.642022E-06   -0.309921E-04
 7.81028   -0.119903E-04   -0.608873E-06   -0.309077E-04
 7.82831   -0.119282E-04   -0.576062E-06   -0.308230E-04
 7.84633   -0.118664E-04   -0.543586E-06   -0.307379E-04
 7.86436   -0.118051E-04   -0.511439E-06   -0.306526E-04
 7.88238   -0.117441E-04   -0.479619E-06   -0.305670E-04
 7.90041   -0.116835E-04   -0.448124E-06   -0.304812E-04
 7.91844   -0.116234E-04   -0.416953E-06   -0.303950E-04
 7.93646   -0.115636E-04   -0.386095E-06   -0.303087E-04
 7.95449   -0.115042E-04   -0.355551E-06   -0.302220E-04
 7.97252   -0.114452E-04   -0.325315E-06   -0.301352E-04
 7.99054   -0.113865E-04   -0.295389E-06   -0.300481E-04
 8.00857   -0.113283E-04   -0.265766E-06   -0.299608E-04
 8.02659   -0.112704E-04   -0.236444E-06   -0.298733E-04
 8.04462   -0.112129E-04   -0.207423E-06   -0.297855E-04
 8.06265   -0.111558E-04   -0.178695E-06   -0.296976E-04
 8.08067   -0.110990E-04   -0.150259E-06   -0.296095E-04
 8.09870   -0.110426E-04   -0.122111E-06   -0.295212E-04
 8.11672   -0.109866E-04   -0.942509E-07   -0.294328E-04
 8.13475   -0.109310E-04   -0.666727E-07   -0.293442E-04
 8.15278   -0.108757E-04   -0.393750E-07   -0.292554E-04
 8.17080   -0.108208E-04   -0.123551E-07   -0.291664E-04
 8.18883   -0.107662E-04    0.143903E-07   -0.290774E-04
 8.20685   -0.107120E-04    0.408658E-07   -0.289881E-04
 8.22488   -0.106582E-04    0.670690E-07   -0.288988E-04
 8.24291   -0.106047E-04    0.930053E-07   -0.288093E-04
 8.26093   -0.105515E-04    0.118675E-06   -0.287197E-04
 8.27896   -0.104987E-04    0.144085E-06   -0.286300E-04
 8.29698   -0.104462E-04    0.169235E-06   -0.285402E-04
 8.31501   -0.103941E-04    0.194130E-06   -0.284503E-04
 8.33304   -0.103424E-04    0.218769E-06   -0.283603E-04
 8.35106   -0.102909E-04    0.243159E-06   -0.282702E-04
 8.36909   -0.102398E-04    0.267295E-06   -0.281800E-04
 8.38711   -0.101890E-04    0.291183E-06   -0.280897E-04
 8.40514   -0.101386E-04    0.314827E-06   -0.279994E-04
 8.42317   -0.100885E-04    0.338232E-06   -0.279090E-04
 8.44119   -0.100387E-04    0.361393E-06   -0.278186E-04
 8.45922   -0.998926E-05    0.384314E-06   -0.277281E-04
 8.47724   -0.994012E-05    0.407002E-06   -0.276375E-04
 8.49527   -0.989131E-05    0.429452E-06   -0.275469E-04
 8.51330   -0.984281E-05    0.451672E-06   -0.274563E-04
 8.53132   -0.979462E-05    0.473662E-06   -0.273656E-04
 8.54935   -0.974675E-05    0.495424E-06   -0.272749E-04
 8.56737   -0.969919E-05    0.516960E-06   -0.271842E-04
 8.58540   -0.965193E-05    0.538272E-06   -0.270935E-04
 8.60343   -0.960498E-05    0.559361E-06   -0.270028E-04
 8.62145   -0.955833E-05    0.580233E-06   -0.269120E-04
 8.63948   -0.951198E-05    0.600885E-06   -0.268212E-04
 8.65751   -0.946593E-05    0.621320E-06   -0.267305E-04
 8.67553   -0.942018E-05    0.641539E-06   -0.266397E-04
 8.69356   -0.937472E-05    0.661550E-06   -0.265490E-04
 8.71158   -0.932955E-05    0.681346E-06   -0.264583E-04
 8.72961   -0.928467E-05    0.700934E-06   -0.263676E-04
 8.74764   -0.924007E-05    0.720314E-06   -0.262769E-04
 8.76566   -0.919576E-05    0.739488E-06   -0.261862E-04
 8.78369   -0.915172E-05    0.758459E-06   -0.260956E-04
 8.80171   -0.910797E-05    0.777226E-06   -0.260050E-04
 8.81974   -0.906449E-05    0.795793E-06   -0.259144E-04
 8.83777   -0.902129E-05    0.814162E-06   -0.258239E-04
 8.85579   -0.897835E-05    0.832331E-06   -0.257334E-04
 8.87382   -0.893569E-05    0.850304E-06   -0.256430E-04
 8.89184   -0.889329E-05    0.868082E-06   -0.255526E-04
 8.90987   -0.885115E-05    0.885669E-06   -0.254623E-04
 8.92790   -0.880928E-05    0.903062E-06   -0.253720E-04
 8.94592   -0.876767E-05    0.920265E-06   -0.252819E-04
 8.96395   -0.872631E-05    0.937280E-06   -0.251917E-04
 8.98197   -0.868520E-05    0.954107E-06   -0.251017E-04
 9.00000   -0.864435E-05    0.970748E-06   -0.250117E-04
