 0.00500    0.650110E-01   -0.313654E-01    0.225339E-01
 0.02303    0.531202E-01   -0.254214E-01    0.180775E-01
 0.04105    0.461667E-01   -0.219467E-01    0.154750E-01
 0.05908    0.411099E-01   -0.194213E-01    0.135860E-01
 0.07710    0.371309E-01   -0.174356E-01    0.121028E-01
 0.09513    0.338627E-01   -0.158059E-01    0.108877E-01
 0.11316    0.311027E-01   -0.144309E-01    0.986438E-02
 0.13118    0.287265E-01   -0.132482E-01    0.898607E-02
 0.14921    0.266511E-01   -0.122164E-01    0.822143E-02
 0.16723    0.248180E-01   -0.113061E-01    0.754842E-02
 0.18526    0.231844E-01   -0.104958E-01    0.695088E-02
 0.20329    0.217176E-01   -0.976911E-02    0.641646E-02
 0.22131    0.203924E-01   -0.911356E-02    0.593566E-02
 0.23934    0.191890E-01   -0.851903E-02    0.550090E-02
 0.25736    0.180910E-01   -0.797741E-02    0.510603E-02
 0.27539    0.170853E-01   -0.748209E-02    0.474605E-02
 0.29342    0.161608E-01   -0.702752E-02    0.441677E-02
 0.31144    0.153082E-01   -0.660903E-02    0.411467E-02
 0.32947    0.145199E-01   -0.622272E-02    0.383678E-02
 0.34749    0.137890E-01   -0.586522E-02    0.358055E-02
 0.36552    0.131098E-01   -0.553364E-02    0.334380E-02
 0.38355    0.124773E-01   -0.522545E-02    0.312461E-02
 0.40157    0.118870E-01   -0.493844E-02    0.292130E-02
 0.41960    0.113352E-01   -0.467069E-02    0.273243E-02
 0.43763    0.108185E-01   -0.442050E-02    0.255669E-02
 0.45565    0.103339E-01   -0.418637E-02    0.239296E-02
 0.47368    0.987863E-02   -0.396693E-02    0.224020E-02
 0.49170    0.945042E-02   -0.376102E-02    0.209752E-02
 0.50973    0.904711E-02   -0.356754E-02    0.196409E-02
 0.52776    0.866677E-02   -0.338553E-02    0.183920E-02
 0.54578    0.830766E-02   -0.321412E-02    0.172216E-02
 0.56381    0.796821E-02   -0.305252E-02    0.161240E-02
 0.58183    0.764702E-02   -0.290002E-02    0.150936E-02
 0.59986    0.734281E-02   -0.275598E-02    0.141256E-02
 0.61789    0.705438E-02   -0.261979E-02    0.132155E-02
 0.63591    0.678067E-02   -0.249093E-02    0.123592E-02
 0.65394    0.652070E-02   -0.236889E-02    0.115530E-02
 0.67196    0.627357E-02   -0.225323E-02    0.107935E-02
 0.68999    0.603846E-02   -0.214353E-02    0.100776E-02
 0.70802    0.581463E-02   -0.203942E-02    0.940236E-03
 0.72604    0.560135E-02   -0.194054E-02    0.876517E-03
 0.74407    0.539800E-02   -0.184658E-02    0.816358E-03
 0.76209    0.520397E-02   -0.175722E-02    0.759532E-03
 0.78012    0.501873E-02   -0.167219E-02    0.705835E-03
 0.79815    0.484175E-02   -0.159125E-02    0.655073E-03
 0.81617    0.467258E-02   -0.151414E-02    0.607069E-03
 0.83420    0.451076E-02   -0.144066E-02    0.561658E-03
 0.85222    0.435589E-02   -0.137060E-02    0.518685E-03
 0.87025    0.420760E-02   -0.130376E-02    0.478007E-03
 0.88828    0.406554E-02   -0.123998E-02    0.439494E-03
 0.90630    0.392937E-02   -0.117908E-02    0.403020E-03
 0.92433    0.379878E-02   -0.112091E-02    0.368471E-03
 0.94235    0.367349E-02   -0.106534E-02    0.335741E-03
 0.96038    0.355323E-02   -0.101221E-02    0.304727E-03
 0.97841    0.343775E-02   -0.961410E-03    0.275336E-03
 0.99643    0.332680E-02   -0.912817E-03    0.247480E-03
 1.01446    0.322018E-02   -0.866320E-03    0.221076E-03
 1.03248    0.311767E-02   -0.821816E-03    0.196047E-03
 1.05051    0.301907E-02   -0.779205E-03    0.172319E-03
 1.06854    0.292420E-02   -0.738399E-03    0.149827E-03
 1.08656    0.283288E-02   -0.699310E-03    0.128505E-03
 1.10459    0.274496E-02   -0.661856E-03    0.108295E-03
 1.12262    0.266028E-02   -0.625959E-03    0.891386E-04
 1.14064    0.257870E-02   -0.591549E-03    0.709833E-04
 1.15867    0.250007E-02   -0.558554E-03    0.537781E-04
 1.17669    0.242426E-02   -0.526910E-03    0.374750E-04
 1.19472    0.235116E-02   -0.496556E-03    0.220295E-04
 1.21275    0.228064E-02   -0.467435E-03    0.740014E-05
 1.23077    0.221260E-02   -0.439492E-03   -0.645369E-05
 1.24880    0.214694E-02   -0.412676E-03   -0.195689E-04
 1.26682    0.208355E-02   -0.386936E-03   -0.319810E-04
 1.28485    0.202234E-02   -0.362227E-03   -0.437237E-04
 1.30288    0.196321E-02   -0.338505E-03   -0.548291E-04
 1.32090    0.190609E-02   -0.315726E-03   -0.653275E-04
 1.33893    0.185090E-02   -0.293842E-03   -0.752476E-04
 1.35695    0.179756E-02   -0.272834E-03   -0.846167E-04
 1.37498    0.174599E-02   -0.252657E-03   -0.934603E-04
 1.39301    0.169612E-02   -0.233276E-03   -0.101804E-03
 1.41103    0.164790E-02   -0.214659E-03   -0.109668E-03
 1.42906    0.160125E-02   -0.196774E-03   -0.117077E-03
 1.44708    0.155612E-02   -0.179599E-03   -0.124052E-03
 1.46511    0.151244E-02   -0.163090E-03   -0.130613E-03
 1.48314    0.147017E-02   -0.147228E-03   -0.136778E-03
 1.50116    0.142924E-02   -0.131988E-03   -0.142566E-03
 1.51919    0.138962E-02   -0.117346E-03   -0.147994E-03
 1.53721    0.135126E-02   -0.103277E-03   -0.153077E-03
 1.55524    0.131410E-02   -0.897607E-04   -0.157832E-03
 1.57327    0.127811E-02   -0.767750E-04   -0.162273E-03
 1.59129    0.124324E-02   -0.642997E-04   -0.166414E-03
 1.60932    0.120946E-02   -0.523152E-04   -0.170269E-03
 1.62734    0.117672E-02   -0.408029E-04   -0.173851E-03
 1.64537    0.114499E-02   -0.297451E-04   -0.177171E-03
 1.66340    0.111424E-02   -0.191247E-04   -0.180241E-03
 1.68142    0.108442E-02   -0.892575E-05   -0.183073E-03
 1.69945    0.105551E-02    0.867034E-06   -0.185677E-03
 1.71747    0.102749E-02    0.102687E-04   -0.188063E-03
 1.73550    0.100031E-02    0.192932E-04   -0.190240E-03
 1.75353    0.973950E-03    0.279540E-04   -0.192217E-03
 1.77155    0.948387E-03    0.362639E-04   -0.194003E-03
 1.78958    0.923593E-03    0.442356E-04   -0.195607E-03
 1.80761    0.899544E-03    0.518804E-04   -0.197035E-03
 1.82563    0.876215E-03    0.592101E-04   -0.198297E-03
 1.84366    0.853585E-03    0.662352E-04   -0.199397E-03
 1.86168    0.831631E-03    0.729662E-04   -0.200345E-03
 1.87971    0.810334E-03    0.794129E-04   -0.201145E-03
 1.89774    0.789673E-03    0.855842E-04   -0.201803E-03
 1.91576    0.769630E-03    0.914894E-04   -0.202327E-03
 1.93379    0.750186E-03    0.971369E-04   -0.202720E-03
 1.95181    0.731331E-03    0.102535E-03   -0.202988E-03
 1.96984    0.713036E-03    0.107691E-03   -0.203137E-03
 1.98787    0.695290E-03    0.112612E-03   -0.203170E-03
 2.00589    0.678083E-03    0.117307E-03   -0.203092E-03
 2.02392    0.661398E-03    0.121780E-03   -0.202907E-03
 2.04194    0.645220E-03    0.126039E-03   -0.202620E-03
 2.05997    0.629538E-03    0.130089E-03   -0.202232E-03
 2.07800    0.614342E-03    0.133935E-03   -0.201748E-03
 2.09602    0.599617E-03    0.137583E-03   -0.201171E-03
 2.11405    0.585355E-03    0.141036E-03   -0.200503E-03
 2.13207    0.571547E-03    0.144302E-03   -0.199747E-03
 2.15010    0.558182E-03    0.147382E-03   -0.198906E-03
 2.16813    0.545251E-03    0.150282E-03   -0.197981E-03
 2.18615    0.532747E-03    0.153005E-03   -0.196974E-03
 2.20418    0.520662E-03    0.155553E-03   -0.195888E-03
 2.22220    0.508989E-03    0.157931E-03   -0.194723E-03
 2.24023    0.497721E-03    0.160141E-03   -0.193481E-03
 2.25826    0.486852E-03    0.162186E-03   -0.192164E-03
 2.27628    0.476376E-03    0.164069E-03   -0.190772E-03
 2.29431    0.466289E-03    0.165792E-03   -0.189307E-03
 2.31233    0.456584E-03    0.167356E-03   -0.187770E-03
 2.33036    0.447256E-03    0.168765E-03   -0.186160E-03
 2.34839    0.438301E-03    0.170019E-03   -0.184479E-03
 2.36641    0.429714E-03    0.171121E-03   -0.182729E-03
 2.38444    0.421490E-03    0.172073E-03   -0.180908E-03
 2.40246    0.413625E-03    0.172877E-03   -0.179018E-03
 2.42049    0.406115E-03    0.173534E-03   -0.177061E-03
 2.43852    0.398953E-03    0.174047E-03   -0.175036E-03
 2.45654    0.392135E-03    0.174418E-03   -0.172944E-03
 2.47457    0.385656E-03    0.174650E-03   -0.170787E-03
 2.49260    0.379505E-03    0.174744E-03   -0.168566E-03
 2.51062    0.373687E-03    0.174703E-03   -0.166281E-03
 2.52865    0.368185E-03    0.174532E-03   -0.163936E-03
 2.54667    0.362994E-03    0.174232E-03   -0.161530E-03
 2.56470    0.358107E-03    0.173809E-03   -0.159068E-03
 2.58273    0.353513E-03    0.173265E-03   -0.156550E-03
 2.60075    0.349202E-03    0.172607E-03   -0.153980E-03
 2.61878    0.345162E-03    0.171838E-03   -0.151362E-03
 2.63680    0.341382E-03    0.170966E-03   -0.148698E-03
 2.65483    0.337848E-03    0.169996E-03   -0.145992E-03
 2.67286    0.334546E-03    0.168934E-03   -0.143249E-03
 2.69088    0.331459E-03    0.167789E-03   -0.140474E-03
 2.70891    0.328572E-03    0.166568E-03   -0.137672E-03
 2.72693    0.325865E-03    0.165280E-03   -0.134848E-03
 2.74496    0.323321E-03    0.163933E-03   -0.132010E-03
 2.76299    0.320918E-03    0.162538E-03   -0.129162E-03
 2.78101    0.318637E-03    0.161105E-03   -0.126311E-03
 2.79904    0.316453E-03    0.159643E-03   -0.123466E-03
 2.81706    0.314351E-03    0.158164E-03   -0.120633E-03
 2.83509    0.312300E-03    0.156678E-03   -0.117820E-03
 2.85312    0.310280E-03    0.155198E-03   -0.115035E-03
 2.87114    0.308266E-03    0.153735E-03   -0.112285E-03
 2.88917    0.306234E-03    0.152300E-03   -0.109579E-03
 2.90719    0.304161E-03    0.150904E-03   -0.106924E-03
 2.92522    0.302023E-03    0.149560E-03   -0.104329E-03
 2.94325    0.299794E-03    0.148278E-03   -0.101802E-03
 2.96127    0.297456E-03    0.147069E-03   -0.993492E-04
 2.97930    0.294987E-03    0.145945E-03   -0.969789E-04
 2.99732    0.292363E-03    0.144914E-03   -0.946977E-04
 3.01535    0.289565E-03    0.143986E-03   -0.925123E-04
 3.03338    0.286575E-03    0.143171E-03   -0.904246E-04
 3.05140    0.283379E-03    0.142476E-03   -0.884521E-04
 3.06943    0.279960E-03    0.141908E-03   -0.865880E-04
 3.08745    0.276307E-03    0.141473E-03   -0.848400E-04
 3.10548    0.272405E-03    0.141177E-03   -0.832114E-04
 3.12351    0.268248E-03    0.141023E-03   -0.817062E-04
 3.14153    0.263828E-03    0.141016E-03   -0.803251E-04
 3.15956    0.259144E-03    0.141156E-03   -0.790676E-04
 3.17759    0.254189E-03    0.141445E-03   -0.779409E-04
 3.19561    0.248965E-03    0.141884E-03   -0.769381E-04
 3.21364    0.243474E-03    0.142470E-03   -0.760600E-04
 3.23166    0.237719E-03    0.143202E-03   -0.753047E-04
 3.24969    0.231707E-03    0.144076E-03   -0.746700E-04
 3.26772    0.225446E-03    0.145088E-03   -0.741525E-04
 3.28574    0.218948E-03    0.146233E-03   -0.737478E-04
 3.30377    0.212223E-03    0.147505E-03   -0.734515E-04
 3.32179    0.205287E-03    0.148896E-03   -0.732584E-04
 3.33982    0.198151E-03    0.150400E-03   -0.731598E-04
 3.35785    0.190834E-03    0.152008E-03   -0.731555E-04
 3.37587    0.183353E-03    0.153711E-03   -0.732357E-04
 3.39390    0.175727E-03    0.155501E-03   -0.733935E-04
 3.41192    0.167974E-03    0.157368E-03   -0.736223E-04
 3.42995    0.160113E-03    0.159301E-03   -0.739146E-04
 3.44798    0.152166E-03    0.161292E-03   -0.742630E-04
 3.46600    0.144152E-03    0.163329E-03   -0.746597E-04
 3.48403    0.136091E-03    0.165403E-03   -0.750975E-04
 3.50205    0.128005E-03    0.167504E-03   -0.755686E-04
 3.52008    0.119913E-03    0.169621E-03   -0.760658E-04
 3.53811    0.111834E-03    0.171745E-03   -0.765821E-04
 3.55613    0.103787E-03    0.173866E-03   -0.771128E-04
 3.57416    0.957900E-04    0.175977E-03   -0.776462E-04
 3.59218    0.878599E-04    0.178067E-03   -0.781787E-04
 3.61021    0.800140E-04    0.180129E-03   -0.787044E-04
 3.62824    0.722680E-04    0.182156E-03   -0.792172E-04
 3.64626    0.646354E-04    0.184139E-03   -0.797121E-04
 3.66429    0.571308E-04    0.186072E-03   -0.801840E-04
 3.68231    0.497664E-04    0.187950E-03   -0.806282E-04
 3.70034    0.425537E-04    0.189765E-03   -0.810408E-04
 3.71837    0.355028E-04    0.191514E-03   -0.814178E-04
 3.73639    0.286224E-04    0.193192E-03   -0.817559E-04
 3.75442    0.219204E-04    0.194794E-03   -0.820525E-04
 3.77244    0.154037E-04    0.196318E-03   -0.823054E-04
 3.79047    0.907790E-05    0.197760E-03   -0.825118E-04
 3.80850    0.294788E-05    0.199119E-03   -0.826703E-04
 3.82652   -0.298284E-05    0.200393E-03   -0.827796E-04
 3.84455   -0.871134E-05    0.201579E-03   -0.828389E-04
 3.86258   -0.142357E-04    0.202678E-03   -0.828471E-04
 3.88060   -0.195547E-04    0.203688E-03   -0.828039E-04
 3.89863   -0.246682E-04    0.204609E-03   -0.827093E-04
 3.91665   -0.295768E-04    0.205443E-03   -0.825635E-04
 3.93468   -0.342815E-04    0.206188E-03   -0.823663E-04
 3.95271   -0.387843E-04    0.206847E-03   -0.821192E-04
 3.97073   -0.430869E-04    0.207419E-03   -0.818223E-04
 3.98876   -0.471935E-04    0.207908E-03   -0.814769E-04
 4.00678   -0.511076E-04    0.208314E-03   -0.810845E-04
 4.02481   -0.548313E-04    0.208639E-03   -0.806460E-04
 4.04284   -0.583696E-04    0.208885E-03   -0.801627E-04
 4.06086   -0.617268E-04    0.209054E-03   -0.796365E-04
 4.07889   -0.649074E-04    0.209149E-03   -0.790687E-04
 4.09691   -0.679163E-04    0.209172E-03   -0.784610E-04
 4.11494   -0.707582E-04    0.209125E-03   -0.778152E-04
 4.13297   -0.734385E-04    0.209011E-03   -0.771328E-04
 4.15099   -0.759624E-04    0.208831E-03   -0.764161E-04
 4.16902   -0.783351E-04    0.208590E-03   -0.756663E-04
 4.18704   -0.805622E-04    0.208289E-03   -0.748856E-04
 4.20507   -0.826488E-04    0.207931E-03   -0.740756E-04
 4.22310   -0.846002E-04    0.207519E-03   -0.732384E-04
 4.24112   -0.864219E-04    0.207055E-03   -0.723755E-04
 4.25915   -0.881189E-04    0.206541E-03   -0.714888E-04
 4.27717   -0.896964E-04    0.205981E-03   -0.705800E-04
 4.29520   -0.911595E-04    0.205376E-03   -0.696507E-04
 4.31323   -0.925131E-04    0.204729E-03   -0.687026E-04
 4.33125   -0.937620E-04    0.204042E-03   -0.677374E-04
 4.34928   -0.949109E-04    0.203318E-03   -0.667562E-04
 4.36730   -0.959645E-04    0.202560E-03   -0.657610E-04
 4.38533   -0.969269E-04    0.201766E-03   -0.647530E-04
 4.40336   -0.978030E-04    0.200942E-03   -0.637335E-04
 4.42138   -0.985964E-04    0.200089E-03   -0.627039E-04
 4.43941   -0.993116E-04    0.199209E-03   -0.616654E-04
 4.45743   -0.999523E-04    0.198303E-03   -0.606198E-04
 4.47546   -0.100522E-03    0.197374E-03   -0.595676E-04
 4.49349   -0.101025E-03    0.196423E-03   -0.585103E-04
 4.51151   -0.101464E-03    0.195451E-03   -0.574484E-04
 4.52954   -0.101843E-03    0.194461E-03   -0.563836E-04
 4.54757   -0.102164E-03    0.193453E-03   -0.553163E-04
 4.56559   -0.102431E-03    0.192430E-03   -0.542477E-04
 4.58362   -0.102647E-03    0.191392E-03   -0.531785E-04
 4.60164   -0.102814E-03    0.190340E-03   -0.521097E-04
 4.61967   -0.102935E-03    0.189277E-03   -0.510415E-04
 4.63770   -0.103012E-03    0.188202E-03   -0.499754E-04
 4.65572   -0.103049E-03    0.187118E-03   -0.489113E-04
 4.67375   -0.103046E-03    0.186025E-03   -0.478505E-04
 4.69177   -0.103008E-03    0.184924E-03   -0.467933E-04
 4.70980   -0.102934E-03    0.183816E-03   -0.457400E-04
 4.72783   -0.102828E-03    0.182702E-03   -0.446916E-04
 4.74585   -0.102691E-03    0.181583E-03   -0.436482E-04
 4.76388   -0.102526E-03    0.180459E-03   -0.426098E-04
 4.78190   -0.102333E-03    0.179332E-03   -0.415782E-04
 4.79993   -0.102114E-03    0.178202E-03   -0.405526E-04
 4.81796   -0.101871E-03    0.177069E-03   -0.395337E-04
 4.83598   -0.101605E-03    0.175935E-03   -0.385217E-04
 4.85401   -0.101318E-03    0.174799E-03   -0.375171E-04
 4.87203   -0.101011E-03    0.173663E-03   -0.365199E-04
 4.89006   -0.100685E-03    0.172527E-03   -0.355305E-04
 4.90809   -0.100341E-03    0.171391E-03   -0.345490E-04
 4.92611   -0.999805E-04    0.170257E-03   -0.335760E-04
 4.94414   -0.996046E-04    0.169123E-03   -0.326108E-04
 4.96216   -0.992142E-04    0.167992E-03   -0.316542E-04
 4.98019   -0.988102E-04    0.166862E-03   -0.307060E-04
 4.99822   -0.983935E-04    0.165735E-03   -0.297665E-04
 5.01624   -0.979649E-04    0.164610E-03   -0.288359E-04
 5.03427   -0.975254E-04    0.163489E-03   -0.279141E-04
 5.05229   -0.970755E-04    0.162371E-03   -0.270012E-04
 5.07032   -0.966161E-04    0.161256E-03   -0.260972E-04
 5.08835   -0.961478E-04    0.160146E-03   -0.252020E-04
 5.10637   -0.956714E-04    0.159039E-03   -0.243163E-04
 5.12440   -0.951873E-04    0.157937E-03   -0.234398E-04
 5.14242   -0.946963E-04    0.156840E-03   -0.225726E-04
 5.16045   -0.941988E-04    0.155747E-03   -0.217148E-04
 5.17848   -0.936954E-04    0.154659E-03   -0.208666E-04
 5.19650   -0.931865E-04    0.153577E-03   -0.200280E-04
 5.21453   -0.926727E-04    0.152499E-03   -0.191992E-04
 5.23256   -0.921544E-04    0.151427E-03   -0.183803E-04
 5.25058   -0.916320E-04    0.150361E-03   -0.175711E-04
 5.26861   -0.911059E-04    0.149300E-03   -0.167721E-04
 5.28663   -0.905764E-04    0.148245E-03   -0.159832E-04
 5.30466   -0.900441E-04    0.147196E-03   -0.152045E-04
 5.32269   -0.895091E-04    0.146152E-03   -0.144357E-04
 5.34071   -0.889718E-04    0.145115E-03   -0.136772E-04
 5.35874   -0.884325E-04    0.144084E-03   -0.129289E-04
 5.37676   -0.878916E-04    0.143059E-03   -0.121906E-04
 5.39479   -0.873493E-04    0.142040E-03   -0.114624E-04
 5.41282   -0.868058E-04    0.141027E-03   -0.107443E-04
 5.43084   -0.862615E-04    0.140021E-03   -0.100360E-04
 5.44887   -0.857165E-04    0.139022E-03   -0.933759E-05
 5.46689   -0.851711E-04    0.138028E-03   -0.864887E-05
 5.48492   -0.846256E-04    0.137042E-03   -0.796971E-05
 5.50295   -0.840800E-04    0.136061E-03   -0.729997E-05
 5.52097   -0.835347E-04    0.135088E-03   -0.663938E-05
 5.53900   -0.829899E-04    0.134121E-03   -0.598798E-05
 5.55702   -0.824456E-04    0.133160E-03   -0.534564E-05
 5.57505   -0.819022E-04    0.132206E-03   -0.471215E-05
 5.59308   -0.813598E-04    0.131259E-03   -0.408736E-05
 5.61110   -0.808186E-04    0.130319E-03   -0.347119E-05
 5.62913   -0.802787E-04    0.129385E-03   -0.286354E-05
 5.64715   -0.797403E-04    0.128458E-03   -0.226429E-05
 5.66518   -0.792036E-04    0.127538E-03   -0.167337E-05
 5.68321   -0.786688E-04    0.126624E-03   -0.109068E-05
 5.70123   -0.781359E-04    0.125718E-03   -0.516158E-06
 5.71926   -0.776053E-04    0.124818E-03    0.502882E-07
 5.73728   -0.770769E-04    0.123925E-03    0.608640E-06
 5.75531   -0.765510E-04    0.123039E-03    0.115901E-05
 5.77334   -0.760276E-04    0.122159E-03    0.170146E-05
 5.79136   -0.755071E-04    0.121287E-03    0.223598E-05
 5.80939   -0.749893E-04    0.120421E-03    0.276262E-05
 5.82741   -0.744746E-04    0.119563E-03    0.328142E-05
 5.84544   -0.739629E-04    0.118711E-03    0.379244E-05
 5.86347   -0.734545E-04    0.117866E-03    0.429574E-05
 5.88149   -0.729494E-04    0.117028E-03    0.479129E-05
 5.89952   -0.724478E-04    0.116196E-03    0.527918E-05
 5.91755   -0.719497E-04    0.115372E-03    0.575948E-05
 5.93557   -0.714552E-04    0.114554E-03    0.623217E-05
 5.95360   -0.709645E-04    0.113744E-03    0.669739E-05
 5.97162   -0.704775E-04    0.112940E-03    0.715510E-05
 5.98965   -0.699945E-04    0.112143E-03    0.760550E-05
 6.00768   -0.695154E-04    0.111353E-03    0.804846E-05
 6.02570   -0.690403E-04    0.110569E-03    0.848413E-05
 6.04373   -0.685693E-04    0.109793E-03    0.891258E-05
 6.06175   -0.681024E-04    0.109023E-03    0.933388E-05
 6.07978   -0.676396E-04    0.108260E-03    0.974809E-05
 6.09781   -0.671811E-04    0.107503E-03    0.101552E-04
 6.11583   -0.667267E-04    0.106754E-03    0.105555E-04
 6.13386   -0.662765E-04    0.106010E-03    0.109489E-04
 6.15188   -0.658306E-04    0.105274E-03    0.113355E-04
 6.16991   -0.653888E-04    0.104544E-03    0.117154E-04
 6.18794   -0.649513E-04    0.103820E-03    0.120888E-04
 6.20596   -0.645179E-04    0.103103E-03    0.124556E-04
 6.22399   -0.640886E-04    0.102392E-03    0.128160E-04
 6.24201   -0.636634E-04    0.101687E-03    0.131700E-04
 6.26004   -0.632422E-04    0.100989E-03    0.135178E-04
 6.27807   -0.628250E-04    0.100297E-03    0.138594E-04
 6.29609   -0.624117E-04    0.996104E-04    0.141949E-04
 6.31412   -0.620022E-04    0.989302E-04    0.145245E-04
 6.33214   -0.615965E-04    0.982559E-04    0.148482E-04
 6.35017   -0.611945E-04    0.975875E-04    0.151661E-04
 6.36820   -0.607961E-04    0.969247E-04    0.154784E-04
 6.38622   -0.604012E-04    0.962677E-04    0.157850E-04
 6.40425   -0.600097E-04    0.956162E-04    0.160862E-04
 6.42227   -0.596215E-04    0.949704E-04    0.163820E-04
 6.44030   -0.592366E-04    0.943298E-04    0.166724E-04
 6.45833   -0.588548E-04    0.936946E-04    0.169577E-04
 6.47635   -0.584761E-04    0.930646E-04    0.172379E-04
 6.49438   -0.581002E-04    0.924399E-04    0.175131E-04
 6.51240   -0.577273E-04    0.918201E-04    0.177834E-04
 6.53043   -0.573570E-04    0.912054E-04    0.180488E-04
 6.54846   -0.569894E-04    0.905956E-04    0.183094E-04
 6.56648   -0.566243E-04    0.899906E-04    0.185657E-04
 6.58451   -0.562616E-04    0.893904E-04    0.188173E-04
 6.60254   -0.559013E-04    0.887948E-04    0.190644E-04
 6.62056   -0.555432E-04    0.882037E-04    0.193071E-04
 6.63859   -0.551872E-04    0.876172E-04    0.195456E-04
 6.65661   -0.548334E-04    0.870351E-04    0.197798E-04
 6.67464   -0.544814E-04    0.864573E-04    0.200100E-04
 6.69267   -0.541314E-04    0.858838E-04    0.202362E-04
 6.71069   -0.537832E-04    0.853146E-04    0.204586E-04
 6.72872   -0.534368E-04    0.847494E-04    0.206769E-04
 6.74674   -0.530920E-04    0.841884E-04    0.208914E-04
 6.76477   -0.527489E-04    0.836313E-04    0.211022E-04
 6.78280   -0.524074E-04    0.830782E-04    0.213093E-04
 6.80082   -0.520674E-04    0.825291E-04    0.215127E-04
 6.81885   -0.517289E-04    0.819838E-04    0.217127E-04
 6.83687   -0.513919E-04    0.814423E-04    0.219091E-04
 6.85490   -0.510564E-04    0.809046E-04    0.221020E-04
 6.87293   -0.507222E-04    0.803706E-04    0.222916E-04
 6.89095   -0.503894E-04    0.798404E-04    0.224780E-04
 6.90898   -0.500580E-04    0.793137E-04    0.226610E-04
 6.92700   -0.497280E-04    0.787908E-04    0.228407E-04
 6.94503   -0.493994E-04    0.782714E-04    0.230173E-04
 6.96306   -0.490721E-04    0.777555E-04    0.231908E-04
 6.98108   -0.487461E-04    0.772432E-04    0.233611E-04
 6.99911   -0.484215E-04    0.767344E-04    0.235284E-04
 7.01713   -0.480983E-04    0.762291E-04    0.236927E-04
 7.03516   -0.477764E-04    0.757273E-04    0.238539E-04
 7.05319   -0.474559E-04    0.752289E-04    0.240122E-04
 7.07121   -0.471368E-04    0.747339E-04    0.241676E-04
 7.08924   -0.468191E-04    0.742423E-04    0.243201E-04
 7.10726   -0.465027E-04    0.737542E-04    0.244698E-04
 7.12529   -0.461878E-04    0.732693E-04    0.246166E-04
 7.14332   -0.458744E-04    0.727878E-04    0.247607E-04
 7.16134   -0.455624E-04    0.723097E-04    0.249018E-04
 7.17937   -0.452519E-04    0.718349E-04    0.250405E-04
 7.19739   -0.449429E-04    0.713633E-04    0.251761E-04
 7.21542   -0.446354E-04    0.708951E-04    0.253093E-04
 7.23345   -0.443294E-04    0.704301E-04    0.254398E-04
 7.25147   -0.440250E-04    0.699684E-04    0.255677E-04
 7.26950   -0.437221E-04    0.695100E-04    0.256929E-04
 7.28753   -0.434209E-04    0.690548E-04    0.258157E-04
 7.30555   -0.431213E-04    0.686028E-04    0.259358E-04
 7.32358   -0.428233E-04    0.681540E-04    0.260535E-04
 7.34160   -0.425270E-04    0.677084E-04    0.261686E-04
 7.35963   -0.422324E-04    0.672661E-04    0.262813E-04
 7.37766   -0.419394E-04    0.668268E-04    0.263915E-04
 7.39568   -0.416482E-04    0.663907E-04    0.264993E-04
 7.41371   -0.413586E-04    0.659578E-04    0.266047E-04
 7.43173   -0.410709E-04    0.655280E-04    0.267077E-04
 7.44976   -0.407848E-04    0.651013E-04    0.268083E-04
 7.46779   -0.405006E-04    0.646777E-04    0.269067E-04
 7.48581   -0.402181E-04    0.642571E-04    0.270027E-04
 7.50384   -0.399373E-04    0.638397E-04    0.270965E-04
 7.52186   -0.396584E-04    0.634253E-04    0.271880E-04
 7.53989   -0.393813E-04    0.630140E-04    0.272772E-04
 7.55792   -0.391059E-04    0.626057E-04    0.273643E-04
 7.57594   -0.388324E-04    0.622004E-04    0.274492E-04
 7.59397   -0.385607E-04    0.617980E-04    0.275319E-04
 7.61199   -0.382909E-04    0.613987E-04    0.276125E-04
 7.63002   -0.380228E-04    0.610023E-04    0.276909E-04
 7.64805   -0.377566E-04    0.606088E-04    0.277673E-04
 7.66607   -0.374922E-04    0.602183E-04    0.278417E-04
 7.68410   -0.372297E-04    0.598306E-04    0.279139E-04
 7.70212   -0.369690E-04    0.594459E-04    0.279842E-04
 7.72015   -0.367102E-04    0.590640E-04    0.280525E-04
 7.73818   -0.364532E-04    0.586850E-04    0.281188E-04
 7.75620   -0.361980E-04    0.583088E-04    0.281831E-04
 7.77423   -0.359447E-04    0.579354E-04    0.282455E-04
 7.79225   -0.356933E-04    0.575649E-04    0.283060E-04
 7.81028   -0.354437E-04    0.571971E-04    0.283646E-04
 7.82831   -0.351960E-04    0.568322E-04    0.284214E-04
 7.84633   -0.349501E-04    0.564699E-04    0.284763E-04
 7.86436   -0.347061E-04    0.561104E-04    0.285294E-04
 7.88238   -0.344639E-04    0.557537E-04    0.285807E-04
 7.90041   -0.342236E-04    0.553996E-04    0.286302E-04
 7.91844   -0.339852E-04    0.550482E-04    0.286780E-04
 7.93646   -0.337486E-04    0.546996E-04    0.287240E-04
 7.95449   -0.335139E-04    0.543535E-04    0.287683E-04
 7.97252   -0.332811E-04    0.540102E-04    0.288109E-04
 7.99054   -0.330501E-04    0.536694E-04    0.288519E-04
 8.00857   -0.328209E-04    0.533312E-04    0.288912E-04
 8.02659   -0.325936E-04    0.529957E-04    0.289288E-04
 8.04462   -0.323682E-04    0.526627E-04    0.289648E-04
 8.06265   -0.321446E-04    0.523323E-04    0.289993E-04
 8.08067   -0.319228E-04    0.520044E-04    0.290321E-04
 8.09870   -0.317029E-04    0.516791E-04    0.290634E-04
 8.11672   -0.314847E-04    0.513562E-04    0.290932E-04
 8.13475   -0.312684E-04    0.510359E-04    0.291214E-04
 8.15278   -0.310539E-04    0.507179E-04    0.291481E-04
 8.17080   -0.308412E-04    0.504025E-04    0.291734E-04
 8.18883   -0.306303E-04    0.500895E-04    0.291972E-04
 8.20685   -0.304212E-04    0.497789E-04    0.292196E-04
 8.22488   -0.302139E-04    0.494707E-04    0.292405E-04
 8.24291   -0.300083E-04    0.491649E-04    0.292598E-04
 8.26093   -0.298044E-04    0.488614E-04    0.292782E-04
 8.27896   -0.296023E-04    0.485603E-04    0.292950E-04
 8.29698   -0.294019E-04    0.482615E-04    0.293105E-04
 8.31501   -0.292032E-04    0.479650E-04    0.293246E-04
 8.33304   -0.290062E-04    0.476708E-04    0.293375E-04
 8.35106   -0.288109E-04    0.473788E-04    0.293490E-04
 8.36909   -0.286173E-04    0.470891E-04    0.293593E-04
 8.38711   -0.284253E-04    0.468016E-04    0.293684E-04
 8.40514   -0.282350E-04    0.465163E-04    0.293762E-04
 8.42317   -0.280463E-04    0.462332E-04    0.293828E-04
 8.44119   -0.278592E-04    0.459523E-04    0.293882E-04
 8.45922   -0.276737E-04    0.456735E-04    0.293925E-04
 8.47724   -0.274898E-04    0.453969E-04    0.293956E-04
 8.49527   -0.273074E-04    0.451223E-04    0.293975E-04
 8.51330   -0.271267E-04    0.448499E-04    0.293984E-04
 8.53132   -0.269474E-04    0.445795E-04    0.293981E-04
 8.54935   -0.267697E-04    0.443112E-04    0.293968E-04
 8.56737   -0.265935E-04    0.440449E-04    0.293943E-04
 8.58540   -0.264188E-04    0.437806E-04    0.293909E-04
 8.60343   -0.262456E-04    0.435184E-04    0.293864E-04
 8.62145   -0.260738E-04    0.432581E-04    0.293809E-04
 8.63948   -0.259035E-04    0.429998E-04    0.293744E-04
 8.65751   -0.257347E-04    0.427434E-04    0.293669E-04
 8.67553   -0.255673E-04    0.424889E-04    0.293584E-04
 8.69356   -0.254012E-04    0.422364E-04    0.293492E-04
 8.71158   -0.252366E-04    0.419858E-04    0.293387E-04
 8.72961   -0.250734E-04    0.417370E-04    0.293274E-04
 8.74764   -0.249116E-04    0.414901E-04    0.293152E-04
 8.76566   -0.247511E-04    0.412450E-04    0.293009E-04
 8.78369   -0.245919E-04    0.410018E-04    0.292883E-04
 8.80171   -0.244341E-04    0.407604E-04    0.292735E-04
 8.81974   -0.242776E-04    0.405208E-04    0.292578E-04
 8.83777   -0.241224E-04    0.402829E-04    0.292414E-04
 8.85579   -0.239685E-04    0.400468E-04    0.292241E-04
 8.87382   -0.238159E-04    0.398125E-04    0.292060E-04
 8.89184   -0.236645E-04    0.395799E-04    0.291871E-04
 8.90987   -0.235145E-04    0.393490E-04    0.291675E-04
 8.92790   -0.233656E-04    0.391198E-04    0.291471E-04
 8.94592   -0.232180E-04    0.388923E-04    0.291259E-04
 8.96395   -0.230716E-04    0.386664E-04    0.291040E-04
 8.98197   -0.229264E-04    0.384422E-04    0.290814E-04
 9.00000   -0.227824E-04    0.382197E-04    0.290581E-04
