 0.00500    0.283368E-01   -0.142679E-01    0.106866E-01
 0.02303    0.229215E-01   -0.115602E-01    0.865540E-02
 0.04105    0.197931E-01   -0.999556E-02    0.748124E-02
 0.05908    0.175347E-01   -0.886575E-02    0.663292E-02
 0.07710    0.157679E-01   -0.798161E-02    0.596862E-02
 0.09513    0.143238E-01   -0.725873E-02    0.542510E-02
 0.11316    0.131096E-01   -0.665071E-02    0.496758E-02
 0.13118    0.120685E-01   -0.612909E-02    0.457473E-02
 0.14921    0.111625E-01   -0.567499E-02    0.423240E-02
 0.16723    0.103652E-01   -0.527511E-02    0.393064E-02
 0.18526    0.965681E-02   -0.491969E-02    0.366216E-02
 0.20329    0.902283E-02   -0.460140E-02    0.342146E-02
 0.22131    0.845178E-02   -0.431454E-02    0.320428E-02
 0.23934    0.793463E-02   -0.405459E-02    0.300725E-02
 0.25736    0.746414E-02   -0.381793E-02    0.282765E-02
 0.27539    0.703428E-02   -0.360157E-02    0.266326E-02
 0.29342    0.664014E-02   -0.340304E-02    0.251221E-02
 0.31144    0.627758E-02   -0.322027E-02    0.237298E-02
 0.32947    0.594309E-02   -0.305153E-02    0.224427E-02
 0.34749    0.563368E-02   -0.289533E-02    0.212495E-02
 0.36552    0.534676E-02   -0.275035E-02    0.201407E-02
 0.38355    0.508011E-02   -0.261550E-02    0.191079E-02
 0.40157    0.483178E-02   -0.248980E-02    0.181440E-02
 0.41960    0.460008E-02   -0.237242E-02    0.172426E-02
 0.43763    0.438350E-02   -0.226260E-02    0.163980E-02
 0.45565    0.418073E-02   -0.215968E-02    0.156055E-02
 0.47368    0.399058E-02   -0.206308E-02    0.148606E-02
 0.49170    0.381201E-02   -0.197227E-02    0.141595E-02
 0.50973    0.364408E-02   -0.188678E-02    0.134985E-02
 0.52776    0.348595E-02   -0.180620E-02    0.128747E-02
 0.54578    0.333687E-02   -0.173016E-02    0.122852E-02
 0.56381    0.319616E-02   -0.165830E-02    0.117274E-02
 0.58183    0.306318E-02   -0.159032E-02    0.111991E-02
 0.59986    0.293739E-02   -0.152595E-02    0.106982E-02
 0.61789    0.281828E-02   -0.146493E-02    0.102228E-02
 0.63591    0.270538E-02   -0.140702E-02    0.977112E-03
 0.65394    0.259828E-02   -0.135203E-02    0.934166E-03
 0.67196    0.249658E-02   -0.129975E-02    0.893295E-03
 0.68999    0.239993E-02   -0.125001E-02    0.854367E-03
 0.70802    0.230800E-02   -0.120264E-02    0.817256E-03
 0.72604    0.222051E-02   -0.115751E-02    0.781865E-03
 0.74407    0.213717E-02   -0.111446E-02    0.748079E-03
 0.76209    0.205773E-02   -0.107338E-02    0.715808E-03
 0.78012    0.198195E-02   -0.103415E-02    0.684964E-03
 0.79815    0.190963E-02   -0.996664E-03    0.655465E-03
 0.81617    0.184055E-02   -0.960815E-03    0.627236E-03
 0.83420    0.177454E-02   -0.926515E-03    0.600209E-03
 0.85222    0.171142E-02   -0.893677E-03    0.574318E-03
 0.87025    0.165104E-02   -0.862222E-03    0.549505E-03
 0.88828    0.159323E-02   -0.832075E-03    0.525712E-03
 0.90630    0.153788E-02   -0.803166E-03    0.502887E-03
 0.92433    0.148483E-02   -0.775431E-03    0.480981E-03
 0.94235    0.143398E-02   -0.748809E-03    0.459949E-03
 0.96038    0.138521E-02   -0.723244E-03    0.439748E-03
 0.97841    0.133841E-02   -0.698680E-03    0.420339E-03
 0.99643    0.129349E-02   -0.675075E-03    0.401683E-03
 1.01446    0.125036E-02   -0.652378E-03    0.383745E-03
 1.03248    0.120892E-02   -0.630546E-03    0.366493E-03
 1.05051    0.116909E-02   -0.609538E-03    0.349896E-03
 1.06854    0.113080E-02   -0.589314E-03    0.333922E-03
 1.08656    0.109397E-02   -0.569839E-03    0.318546E-03
 1.10459    0.105854E-02   -0.551078E-03    0.303740E-03
 1.12262    0.102444E-02   -0.533001E-03    0.289481E-03
 1.14064    0.991615E-03   -0.515574E-03    0.275744E-03
 1.15867    0.960001E-03   -0.498771E-03    0.262509E-03
 1.17669    0.929548E-03   -0.482565E-03    0.249754E-03
 1.19472    0.900203E-03   -0.466929E-03    0.237459E-03
 1.21275    0.871920E-03   -0.451839E-03    0.225606E-03
 1.23077    0.844651E-03   -0.437272E-03    0.214177E-03
 1.24880    0.818353E-03   -0.423207E-03    0.203155E-03
 1.26682    0.792985E-03   -0.409622E-03    0.192525E-03
 1.28485    0.768509E-03   -0.396500E-03    0.182271E-03
 1.30288    0.744887E-03   -0.383819E-03    0.172378E-03
 1.32090    0.722087E-03   -0.371564E-03    0.162834E-03
 1.33893    0.700066E-03   -0.359716E-03    0.153623E-03
 1.35695    0.678802E-03   -0.348260E-03    0.144734E-03
 1.37498    0.658262E-03   -0.337181E-03    0.136155E-03
 1.39301    0.638417E-03   -0.326464E-03    0.127876E-03
 1.41103    0.619240E-03   -0.316096E-03    0.119883E-03
 1.42906    0.600704E-03   -0.306063E-03    0.112169E-03
 1.44708    0.582786E-03   -0.296353E-03    0.104722E-03
 1.46511    0.565461E-03   -0.286954E-03    0.975329E-04
 1.48314    0.548708E-03   -0.277854E-03    0.905931E-04
 1.50116    0.532503E-03   -0.269043E-03    0.838939E-04
 1.51919    0.516828E-03   -0.260510E-03    0.774270E-04
 1.53721    0.501662E-03   -0.252246E-03    0.711843E-04
 1.55524    0.486988E-03   -0.244241E-03    0.651583E-04
 1.57327    0.472788E-03   -0.236485E-03    0.593419E-04
 1.59129    0.459044E-03   -0.228971E-03    0.537281E-04
 1.60932    0.445741E-03   -0.221690E-03    0.483103E-04
 1.62734    0.432863E-03   -0.214634E-03    0.430822E-04
 1.64537    0.420396E-03   -0.207797E-03    0.380377E-04
 1.66340    0.408326E-03   -0.201170E-03    0.331710E-04
 1.68142    0.396638E-03   -0.194746E-03    0.284766E-04
 1.69945    0.385321E-03   -0.188520E-03    0.239490E-04
 1.71747    0.374362E-03   -0.182486E-03    0.195831E-04
 1.73550    0.363750E-03   -0.176636E-03    0.153745E-04
 1.75353    0.353473E-03   -0.170966E-03    0.113175E-04
 1.77155    0.343522E-03   -0.165469E-03    0.740901E-05
 1.78958    0.333886E-03   -0.160142E-03    0.364428E-05
 1.80761    0.324556E-03   -0.154979E-03    0.187231E-07
 1.82563    0.315522E-03   -0.149975E-03   -0.347149E-05
 1.84366    0.306777E-03   -0.145127E-03   -0.683021E-05
 1.86168    0.298312E-03   -0.140429E-03   -0.100596E-04
 1.87971    0.290120E-03   -0.135878E-03   -0.131644E-04
 1.89774    0.282194E-03   -0.131470E-03   -0.161474E-04
 1.91576    0.274527E-03   -0.127202E-03   -0.190113E-04
 1.93379    0.267112E-03   -0.123070E-03   -0.217594E-04
 1.95181    0.259944E-03   -0.119072E-03   -0.243942E-04
 1.96984    0.253017E-03   -0.115204E-03   -0.269182E-04
 1.98787    0.246326E-03   -0.111463E-03   -0.293337E-04
 2.00589    0.239867E-03   -0.107848E-03   -0.316432E-04
 2.02392    0.233633E-03   -0.104355E-03   -0.338490E-04
 2.04194    0.227622E-03   -0.100982E-03   -0.359525E-04
 2.05997    0.221830E-03   -0.977279E-04   -0.379564E-04
 2.07800    0.216251E-03   -0.945896E-04   -0.398624E-04
 2.09602    0.210884E-03   -0.915654E-04   -0.416726E-04
 2.11405    0.205724E-03   -0.886534E-04   -0.433873E-04
 2.13207    0.200768E-03   -0.858518E-04   -0.450098E-04
 2.15010    0.196013E-03   -0.831589E-04   -0.465410E-04
 2.16813    0.191455E-03   -0.805727E-04   -0.479828E-04
 2.18615    0.187092E-03   -0.780920E-04   -0.493368E-04
 2.20418    0.182920E-03   -0.757144E-04   -0.506045E-04
 2.22220    0.178935E-03   -0.734383E-04   -0.517878E-04
 2.24023    0.175134E-03   -0.712619E-04   -0.528883E-04
 2.25826    0.171514E-03   -0.691821E-04   -0.539079E-04
 2.27628    0.168070E-03   -0.671984E-04   -0.548487E-04
 2.29431    0.164798E-03   -0.653076E-04   -0.557125E-04
 2.31233    0.161693E-03   -0.635073E-04   -0.565016E-04
 2.33036    0.158750E-03   -0.617946E-04   -0.572183E-04
 2.34839    0.155962E-03   -0.601665E-04   -0.578655E-04
 2.36641    0.153324E-03   -0.586198E-04   -0.584454E-04
 2.38444    0.150830E-03   -0.571509E-04   -0.589617E-04
 2.40246    0.148471E-03   -0.557557E-04   -0.594170E-04
 2.42049    0.146239E-03   -0.544303E-04   -0.598149E-04
 2.43852    0.144125E-03   -0.531701E-04   -0.601593E-04
 2.45654    0.142122E-03   -0.519702E-04   -0.604538E-04
 2.47457    0.140217E-03   -0.508255E-04   -0.607026E-04
 2.49260    0.138401E-03   -0.497302E-04   -0.609096E-04
 2.51062    0.136662E-03   -0.486790E-04   -0.610807E-04
 2.52865    0.134989E-03   -0.476659E-04   -0.612198E-04
 2.54667    0.133370E-03   -0.466845E-04   -0.613321E-04
 2.56470    0.131791E-03   -0.457282E-04   -0.614227E-04
 2.58273    0.130240E-03   -0.447906E-04   -0.614965E-04
 2.60075    0.128705E-03   -0.438649E-04   -0.615596E-04
 2.61878    0.127171E-03   -0.429444E-04   -0.616162E-04
 2.63680    0.125625E-03   -0.420224E-04   -0.616722E-04
 2.65483    0.124055E-03   -0.410923E-04   -0.617328E-04
 2.67286    0.122448E-03   -0.401472E-04   -0.618031E-04
 2.69088    0.120791E-03   -0.391811E-04   -0.618882E-04
 2.70891    0.119072E-03   -0.381878E-04   -0.619929E-04
 2.72693    0.117279E-03   -0.371615E-04   -0.621217E-04
 2.74496    0.115404E-03   -0.360967E-04   -0.622790E-04
 2.76299    0.113434E-03   -0.349886E-04   -0.624687E-04
 2.78101    0.111363E-03   -0.338326E-04   -0.626942E-04
 2.79904    0.109182E-03   -0.326247E-04   -0.629589E-04
 2.81706    0.106884E-03   -0.313616E-04   -0.632654E-04
 2.83509    0.104465E-03   -0.300407E-04   -0.636159E-04
 2.85312    0.101921E-03   -0.286598E-04   -0.640122E-04
 2.87114    0.992477E-04   -0.272173E-04   -0.644555E-04
 2.88917    0.964450E-04   -0.257127E-04   -0.649467E-04
 2.90719    0.935122E-04   -0.241454E-04   -0.654859E-04
 2.92522    0.904507E-04   -0.225163E-04   -0.660728E-04
 2.94325    0.872632E-04   -0.208264E-04   -0.667068E-04
 2.96127    0.839532E-04   -0.190778E-04   -0.673864E-04
 2.97930    0.805259E-04   -0.172726E-04   -0.681101E-04
 2.99732    0.769875E-04   -0.154141E-04   -0.688756E-04
 3.01535    0.733448E-04   -0.135054E-04   -0.696804E-04
 3.03338    0.696057E-04   -0.115509E-04   -0.705216E-04
 3.05140    0.657792E-04   -0.955471E-05   -0.713961E-04
 3.06943    0.618748E-04   -0.752161E-05   -0.723003E-04
 3.08745    0.579028E-04   -0.545667E-05   -0.732304E-04
 3.10548    0.538738E-04   -0.336520E-05   -0.741826E-04
 3.12351    0.497987E-04   -0.125271E-05   -0.751526E-04
 3.14153    0.456889E-04    0.875209E-06   -0.761366E-04
 3.15956    0.415557E-04    0.301292E-05   -0.771299E-04
 3.17759    0.374105E-04    0.515472E-05   -0.781285E-04
 3.19561    0.332645E-04    0.729498E-05   -0.791282E-04
 3.21364    0.291288E-04    0.942820E-05   -0.801248E-04
 3.23166    0.250140E-04    0.115490E-04   -0.811143E-04
 3.24969    0.209308E-04    0.136521E-04   -0.820928E-04
 3.26772    0.168889E-04    0.157324E-04   -0.830565E-04
 3.28574    0.128980E-04    0.177857E-04   -0.840019E-04
 3.30377    0.896702E-05    0.198069E-04   -0.849256E-04
 3.32179    0.510413E-05    0.217923E-04   -0.858244E-04
 3.33982    0.131707E-05    0.237378E-04   -0.866956E-04
 3.35785   -0.238724E-05    0.256399E-04   -0.875364E-04
 3.37587   -0.600261E-05    0.274956E-04   -0.883444E-04
 3.39390   -0.952330E-05    0.293021E-04   -0.891176E-04
 3.41192   -0.129445E-04    0.310569E-04   -0.898541E-04
 3.42995   -0.162621E-04    0.327579E-04   -0.905524E-04
 3.44798   -0.194721E-04    0.344033E-04   -0.912110E-04
 3.46600   -0.225726E-04    0.359918E-04   -0.918289E-04
 3.48403   -0.255604E-04    0.375220E-04   -0.924053E-04
 3.50205   -0.284342E-04    0.389933E-04   -0.929394E-04
 3.52008   -0.311927E-04    0.404051E-04   -0.934309E-04
 3.53811   -0.338356E-04    0.417570E-04   -0.938795E-04
 3.55613   -0.363628E-04    0.430492E-04   -0.942853E-04
 3.57416   -0.387747E-04    0.442818E-04   -0.946483E-04
 3.59218   -0.410723E-04    0.454553E-04   -0.949691E-04
 3.61021   -0.432568E-04    0.465704E-04   -0.952479E-04
 3.62824   -0.453297E-04    0.476277E-04   -0.954854E-04
 3.64626   -0.472930E-04    0.486283E-04   -0.956827E-04
 3.66429   -0.491488E-04    0.495732E-04   -0.958395E-04
 3.68231   -0.508994E-04    0.504638E-04   -0.959579E-04
 3.70034   -0.525476E-04    0.513012E-04   -0.960384E-04
 3.71837   -0.540961E-04    0.520869E-04   -0.960822E-04
 3.73639   -0.555478E-04    0.528223E-04   -0.960902E-04
 3.75442   -0.569058E-04    0.535091E-04   -0.960638E-04
 3.77244   -0.581731E-04    0.541487E-04   -0.960040E-04
 3.79047   -0.593531E-04    0.547429E-04   -0.959122E-04
 3.80850   -0.604489E-04    0.552932E-04   -0.957895E-04
 3.82652   -0.614638E-04    0.558013E-04   -0.956372E-04
 3.84455   -0.624010E-04    0.562688E-04   -0.954567E-04
 3.86258   -0.632637E-04    0.566973E-04   -0.952489E-04
 3.88060   -0.640551E-04    0.570886E-04   -0.950153E-04
 3.89863   -0.647783E-04    0.574441E-04   -0.947571E-04
 3.91665   -0.654365E-04    0.577654E-04   -0.944754E-04
 3.93468   -0.660326E-04    0.580541E-04   -0.941721E-04
 3.95271   -0.665697E-04    0.583116E-04   -0.938469E-04
 3.97073   -0.670507E-04    0.585395E-04   -0.935017E-04
 3.98876   -0.674783E-04    0.587392E-04   -0.931375E-04
 4.00678   -0.678553E-04    0.589121E-04   -0.927555E-04
 4.02481   -0.681842E-04    0.590594E-04   -0.923566E-04
 4.04284   -0.684676E-04    0.591825E-04   -0.919418E-04
 4.06086   -0.687079E-04    0.592826E-04   -0.915121E-04
 4.07889   -0.689075E-04    0.593610E-04   -0.910683E-04
 4.09691   -0.690686E-04    0.594186E-04   -0.906114E-04
 4.11494   -0.691933E-04    0.594568E-04   -0.901422E-04
 4.13297   -0.692837E-04    0.594764E-04   -0.896616E-04
 4.15099   -0.693417E-04    0.594785E-04   -0.891701E-04
 4.16902   -0.693693E-04    0.594641E-04   -0.886688E-04
 4.18704   -0.693681E-04    0.594340E-04   -0.881581E-04
 4.20507   -0.693399E-04    0.593892E-04   -0.876388E-04
 4.22310   -0.692863E-04    0.593305E-04   -0.871115E-04
 4.24112   -0.692088E-04    0.592586E-04   -0.865768E-04
 4.25915   -0.691089E-04    0.591744E-04   -0.860354E-04
 4.27717   -0.689880E-04    0.590785E-04   -0.854878E-04
 4.29520   -0.688473E-04    0.589716E-04   -0.849345E-04
 4.31323   -0.686881E-04    0.588543E-04   -0.843759E-04
 4.33125   -0.685115E-04    0.587273E-04   -0.838125E-04
 4.34928   -0.683187E-04    0.585911E-04   -0.832449E-04
 4.36730   -0.681107E-04    0.584463E-04   -0.826734E-04
 4.38533   -0.678885E-04    0.582934E-04   -0.820984E-04
 4.40336   -0.676531E-04    0.581329E-04   -0.815202E-04
 4.42138   -0.674053E-04    0.579653E-04   -0.809393E-04
 4.43941   -0.671459E-04    0.577909E-04   -0.803560E-04
 4.45743   -0.668759E-04    0.576103E-04   -0.797705E-04
 4.47546   -0.665958E-04    0.574238E-04   -0.791833E-04
 4.49349   -0.663065E-04    0.572318E-04   -0.785945E-04
 4.51151   -0.660085E-04    0.570346E-04   -0.780044E-04
 4.52954   -0.657025E-04    0.568326E-04   -0.774132E-04
 4.54757   -0.653892E-04    0.566261E-04   -0.768214E-04
 4.56559   -0.650690E-04    0.564154E-04   -0.762289E-04
 4.58362   -0.647426E-04    0.562008E-04   -0.756362E-04
 4.60164   -0.644103E-04    0.559826E-04   -0.750433E-04
 4.61967   -0.640728E-04    0.557610E-04   -0.744505E-04
 4.63770   -0.637303E-04    0.555362E-04   -0.738581E-04
 4.65572   -0.633835E-04    0.553086E-04   -0.732661E-04
 4.67375   -0.630326E-04    0.550782E-04   -0.726748E-04
 4.69177   -0.626780E-04    0.548453E-04   -0.720844E-04
 4.70980   -0.623201E-04    0.546102E-04   -0.714951E-04
 4.72783   -0.619592E-04    0.543730E-04   -0.709070E-04
 4.74585   -0.615957E-04    0.541338E-04   -0.703203E-04
 4.76388   -0.612298E-04    0.538929E-04   -0.697351E-04
 4.78190   -0.608618E-04    0.536504E-04   -0.691516E-04
 4.79993   -0.604920E-04    0.534064E-04   -0.685700E-04
 4.81796   -0.601206E-04    0.531611E-04   -0.679903E-04
 4.83598   -0.597479E-04    0.529147E-04   -0.674128E-04
 4.85401   -0.593742E-04    0.526672E-04   -0.668374E-04
 4.87203   -0.589995E-04    0.524187E-04   -0.662643E-04
 4.89006   -0.586242E-04    0.521695E-04   -0.656936E-04
 4.90809   -0.582483E-04    0.519196E-04   -0.651254E-04
 4.92611   -0.578722E-04    0.516691E-04   -0.645597E-04
 4.94414   -0.574959E-04    0.514181E-04   -0.639967E-04
 4.96216   -0.571196E-04    0.511667E-04   -0.634363E-04
 4.98019   -0.567436E-04    0.509150E-04   -0.628786E-04
 4.99822   -0.563678E-04    0.506631E-04   -0.623237E-04
 5.01624   -0.559926E-04    0.504110E-04   -0.617716E-04
 5.03427   -0.556179E-04    0.501590E-04   -0.612223E-04
 5.05229   -0.552440E-04    0.499069E-04   -0.606760E-04
 5.07032   -0.548709E-04    0.496550E-04   -0.601325E-04
 5.08835   -0.544989E-04    0.494033E-04   -0.595919E-04
 5.10637   -0.541279E-04    0.491518E-04   -0.590543E-04
 5.12440   -0.537581E-04    0.489006E-04   -0.585196E-04
 5.14242   -0.533897E-04    0.486498E-04   -0.579880E-04
 5.16045   -0.530227E-04    0.483995E-04   -0.574593E-04
 5.17848   -0.526572E-04    0.481496E-04   -0.569337E-04
 5.19650   -0.522933E-04    0.479003E-04   -0.564111E-04
 5.21453   -0.519312E-04    0.476517E-04   -0.558916E-04
 5.23256   -0.515708E-04    0.474037E-04   -0.553753E-04
 5.25058   -0.512123E-04    0.471565E-04   -0.548620E-04
 5.26861   -0.508557E-04    0.469100E-04   -0.543519E-04
 5.28663   -0.505012E-04    0.466644E-04   -0.538449E-04
 5.30466   -0.501488E-04    0.464197E-04   -0.533412E-04
 5.32269   -0.497985E-04    0.461758E-04   -0.528407E-04
 5.34071   -0.494505E-04    0.459330E-04   -0.523434E-04
 5.35874   -0.491048E-04    0.456911E-04   -0.518494E-04
 5.37676   -0.487615E-04    0.454503E-04   -0.513588E-04
 5.39479   -0.484206E-04    0.452106E-04   -0.508714E-04
 5.41282   -0.480821E-04    0.449720E-04   -0.503874E-04
 5.43084   -0.477461E-04    0.447345E-04   -0.499067E-04
 5.44887   -0.474127E-04    0.444982E-04   -0.494295E-04
 5.46689   -0.470818E-04    0.442631E-04   -0.489556E-04
 5.48492   -0.467536E-04    0.440292E-04   -0.484851E-04
 5.50295   -0.464279E-04    0.437965E-04   -0.480181E-04
 5.52097   -0.461049E-04    0.435651E-04   -0.475545E-04
 5.53900   -0.457846E-04    0.433349E-04   -0.470943E-04
 5.55702   -0.454670E-04    0.431061E-04   -0.466376E-04
 5.57505   -0.451520E-04    0.428785E-04   -0.461843E-04
 5.59308   -0.448397E-04    0.426523E-04   -0.457344E-04
 5.61110   -0.445300E-04    0.424273E-04   -0.452879E-04
 5.62913   -0.442231E-04    0.422036E-04   -0.448449E-04
 5.64715   -0.439187E-04    0.419813E-04   -0.444053E-04
 5.66518   -0.436170E-04    0.417602E-04   -0.439690E-04
 5.68321   -0.433178E-04    0.415404E-04   -0.435361E-04
 5.70123   -0.430213E-04    0.413219E-04   -0.431066E-04
 5.71926   -0.427272E-04    0.411047E-04   -0.426804E-04
 5.73728   -0.424357E-04    0.408888E-04   -0.422575E-04
 5.75531   -0.421466E-04    0.406741E-04   -0.418374E-04
 5.77334   -0.418599E-04    0.404606E-04   -0.414210E-04
 5.79136   -0.415756E-04    0.402483E-04   -0.410079E-04
 5.80939   -0.412936E-04    0.400372E-04   -0.405980E-04
 5.82741   -0.410139E-04    0.398274E-04   -0.401913E-04
 5.84544   -0.407364E-04    0.396186E-04   -0.397877E-04
 5.86347   -0.404611E-04    0.394110E-04   -0.393872E-04
 5.88149   -0.401878E-04    0.392045E-04   -0.389898E-04
 5.89952   -0.399167E-04    0.389991E-04   -0.385955E-04
 5.91755   -0.396475E-04    0.387948E-04   -0.382042E-04
 5.93557   -0.393803E-04    0.385915E-04   -0.378159E-04
 5.95360   -0.391150E-04    0.383892E-04   -0.374306E-04
 5.97162   -0.388515E-04    0.381879E-04   -0.370482E-04
 5.98965   -0.385898E-04    0.379876E-04   -0.366687E-04
 6.00768   -0.383298E-04    0.377882E-04   -0.362920E-04
 6.02570   -0.380716E-04    0.375898E-04   -0.359182E-04
 6.04373   -0.378149E-04    0.373923E-04   -0.355473E-04
 6.06175   -0.375598E-04    0.371956E-04   -0.351791E-04
 6.07978   -0.373063E-04    0.369999E-04   -0.348136E-04
 6.09781   -0.370543E-04    0.368050E-04   -0.344509E-04
 6.11583   -0.368037E-04    0.366109E-04   -0.340909E-04
 6.13386   -0.365546E-04    0.364176E-04   -0.337336E-04
 6.15188   -0.363068E-04    0.362252E-04   -0.333789E-04
 6.16991   -0.360604E-04    0.360335E-04   -0.330268E-04
 6.18794   -0.358154E-04    0.358426E-04   -0.326774E-04
 6.20596   -0.355717E-04    0.356525E-04   -0.323305E-04
 6.22399   -0.353292E-04    0.354632E-04   -0.319862E-04
 6.24201   -0.350880E-04    0.352746E-04   -0.316445E-04
 6.26004   -0.348481E-04    0.350868E-04   -0.313053E-04
 6.27807   -0.346094E-04    0.348997E-04   -0.309686E-04
 6.29609   -0.343719E-04    0.347134E-04   -0.306344E-04
 6.31412   -0.341357E-04    0.345278E-04   -0.303026E-04
 6.33214   -0.339006E-04    0.343430E-04   -0.299734E-04
 6.35017   -0.336668E-04    0.341589E-04   -0.296465E-04
 6.36820   -0.334342E-04    0.339755E-04   -0.293222E-04
 6.38622   -0.332027E-04    0.337929E-04   -0.290002E-04
 6.40425   -0.329725E-04    0.336110E-04   -0.286806E-04
 6.42227   -0.327434E-04    0.334299E-04   -0.283635E-04
 6.44030   -0.325156E-04    0.332496E-04   -0.280487E-04
 6.45833   -0.322889E-04    0.330699E-04   -0.277364E-04
 6.47635   -0.320635E-04    0.328911E-04   -0.274263E-04
 6.49438   -0.318393E-04    0.327131E-04   -0.271187E-04
 6.51240   -0.316164E-04    0.325358E-04   -0.268134E-04
 6.53043   -0.313947E-04    0.323593E-04   -0.265104E-04
 6.54846   -0.311742E-04    0.321836E-04   -0.262098E-04
 6.56648   -0.309550E-04    0.320086E-04   -0.259115E-04
 6.58451   -0.307371E-04    0.318345E-04   -0.256155E-04
 6.60254   -0.305204E-04    0.316612E-04   -0.253219E-04
 6.62056   -0.303050E-04    0.314886E-04   -0.250305E-04
 6.63859   -0.300910E-04    0.313169E-04   -0.247415E-04
 6.65661   -0.298782E-04    0.311461E-04   -0.244547E-04
 6.67464   -0.296668E-04    0.309760E-04   -0.241702E-04
 6.69267   -0.294566E-04    0.308068E-04   -0.238879E-04
 6.71069   -0.292479E-04    0.306385E-04   -0.236080E-04
 6.72872   -0.290404E-04    0.304710E-04   -0.233303E-04
 6.74674   -0.288344E-04    0.303043E-04   -0.230548E-04
 6.76477   -0.286296E-04    0.301385E-04   -0.227815E-04
 6.78280   -0.284263E-04    0.299736E-04   -0.225105E-04
 6.80082   -0.282243E-04    0.298095E-04   -0.222417E-04
 6.81885   -0.280237E-04    0.296463E-04   -0.219752E-04
 6.83687   -0.278245E-04    0.294840E-04   -0.217108E-04
 6.85490   -0.276266E-04    0.293226E-04   -0.214486E-04
 6.87293   -0.274302E-04    0.291620E-04   -0.211886E-04
 6.89095   -0.272352E-04    0.290024E-04   -0.209307E-04
 6.90898   -0.270415E-04    0.288436E-04   -0.206750E-04
 6.92700   -0.268493E-04    0.286857E-04   -0.204215E-04
 6.94503   -0.266585E-04    0.285287E-04   -0.201701E-04
 6.96306   -0.264691E-04    0.283726E-04   -0.199208E-04
 6.98108   -0.262811E-04    0.282174E-04   -0.196737E-04
 6.99911   -0.260945E-04    0.280632E-04   -0.194288E-04
 7.01713   -0.259093E-04    0.279098E-04   -0.191857E-04
 7.03516   -0.257256E-04    0.277573E-04   -0.189449E-04
 7.05319   -0.255432E-04    0.276057E-04   -0.187061E-04
 7.07121   -0.253623E-04    0.274550E-04   -0.184694E-04
 7.08924   -0.251827E-04    0.273052E-04   -0.182347E-04
 7.10726   -0.250046E-04    0.271563E-04   -0.180021E-04
 7.12529   -0.248279E-04    0.270083E-04   -0.177716E-04
 7.14332   -0.246526E-04    0.268613E-04   -0.175430E-04
 7.16134   -0.244787E-04    0.267151E-04   -0.173164E-04
 7.17937   -0.243062E-04    0.265698E-04   -0.170919E-04
 7.19739   -0.241351E-04    0.264254E-04   -0.168693E-04
 7.21542   -0.239654E-04    0.262820E-04   -0.166487E-04
 7.23345   -0.237971E-04    0.261394E-04   -0.164301E-04
 7.25147   -0.236302E-04    0.259977E-04   -0.162133E-04
 7.26950   -0.234647E-04    0.258569E-04   -0.159986E-04
 7.28753   -0.233005E-04    0.257170E-04   -0.157857E-04
 7.30555   -0.231377E-04    0.255780E-04   -0.155748E-04
 7.32358   -0.229763E-04    0.254398E-04   -0.153658E-04
 7.34160   -0.228162E-04    0.253026E-04   -0.151586E-04
 7.35963   -0.226575E-04    0.251662E-04   -0.149534E-04
 7.37766   -0.225002E-04    0.250307E-04   -0.147500E-04
 7.39568   -0.223441E-04    0.248961E-04   -0.145484E-04
 7.41371   -0.221895E-04    0.247624E-04   -0.143487E-04
 7.43173   -0.220361E-04    0.246295E-04   -0.141508E-04
 7.44976   -0.218841E-04    0.244975E-04   -0.139547E-04
 7.46779   -0.217333E-04    0.243663E-04   -0.137605E-04
 7.48581   -0.215839E-04    0.242360E-04   -0.135679E-04
 7.50384   -0.214358E-04    0.241065E-04   -0.133772E-04
 7.52186   -0.212889E-04    0.239779E-04   -0.131883E-04
 7.53989   -0.211434E-04    0.238502E-04   -0.130010E-04
 7.55792   -0.209990E-04    0.237233E-04   -0.128155E-04
 7.57594   -0.208560E-04    0.235972E-04   -0.126318E-04
 7.59397   -0.207142E-04    0.234719E-04   -0.124497E-04
 7.61199   -0.205736E-04    0.233475E-04   -0.122693E-04
 7.63002   -0.204343E-04    0.232238E-04   -0.120906E-04
 7.64805   -0.202961E-04    0.231010E-04   -0.119136E-04
 7.66607   -0.201592E-04    0.229790E-04   -0.117382E-04
 7.68410   -0.200235E-04    0.228578E-04   -0.115645E-04
 7.70212   -0.198889E-04    0.227374E-04   -0.113924E-04
 7.72015   -0.197556E-04    0.226178E-04   -0.112219E-04
 7.73818   -0.196233E-04    0.224990E-04   -0.110530E-04
 7.75620   -0.194923E-04    0.223809E-04   -0.108857E-04
 7.77423   -0.193624E-04    0.222636E-04   -0.107199E-04
 7.79225   -0.192336E-04    0.221471E-04   -0.105557E-04
 7.81028   -0.191059E-04    0.220314E-04   -0.103931E-04
 7.82831   -0.189793E-04    0.219164E-04   -0.102320E-04
 7.84633   -0.188538E-04    0.218022E-04   -0.100724E-04
 7.86436   -0.187295E-04    0.216887E-04   -0.991437E-05
 7.88238   -0.186061E-04    0.215759E-04   -0.975781E-05
 7.90041   -0.184839E-04    0.214639E-04   -0.960272E-05
 7.91844   -0.183627E-04    0.213526E-04   -0.944910E-05
 7.93646   -0.182426E-04    0.212420E-04   -0.929695E-05
 7.95449   -0.181234E-04    0.211322E-04   -0.914623E-05
 7.97252   -0.180053E-04    0.210231E-04   -0.899695E-05
 7.99054   -0.178883E-04    0.209146E-04   -0.884909E-05
 8.00857   -0.177722E-04    0.208069E-04   -0.870264E-05
 8.02659   -0.176571E-04    0.206999E-04   -0.855758E-05
 8.04462   -0.175430E-04    0.205935E-04   -0.841391E-05
 8.06265   -0.174298E-04    0.204879E-04   -0.827161E-05
 8.08067   -0.173176E-04    0.203829E-04   -0.813067E-05
 8.09870   -0.172064E-04    0.202786E-04   -0.799108E-05
 8.11672   -0.170961E-04    0.201749E-04   -0.785281E-05
 8.13475   -0.169868E-04    0.200720E-04   -0.771589E-05
 8.15278   -0.168783E-04    0.199697E-04   -0.758027E-05
 8.17080   -0.167708E-04    0.198680E-04   -0.744595E-05
 8.18883   -0.166642E-04    0.197670E-04   -0.731293E-05
 8.20685   -0.165585E-04    0.196666E-04   -0.718118E-05
 8.22488   -0.164536E-04    0.195669E-04   -0.705070E-05
 8.24291   -0.163497E-04    0.194678E-04   -0.692148E-05
 8.26093   -0.162466E-04    0.193693E-04   -0.679352E-05
 8.27896   -0.161444E-04    0.192715E-04   -0.666678E-05
 8.29698   -0.160430E-04    0.191743E-04   -0.654128E-05
 8.31501   -0.159425E-04    0.190777E-04   -0.641698E-05
 8.33304   -0.158428E-04    0.189817E-04   -0.629390E-05
 8.35106   -0.157439E-04    0.188863E-04   -0.617200E-05
 8.36909   -0.156459E-04    0.187915E-04   -0.605129E-05
 8.38711   -0.155486E-04    0.186973E-04   -0.593176E-05
 8.40514   -0.154522E-04    0.186038E-04   -0.581340E-05
 8.42317   -0.153566E-04    0.185108E-04   -0.569618E-05
 8.44119   -0.152618E-04    0.184184E-04   -0.558012E-05
 8.45922   -0.151678E-04    0.183266E-04   -0.546519E-05
 8.47724   -0.150745E-04    0.182353E-04   -0.535137E-05
 8.49527   -0.149820E-04    0.181447E-04   -0.523868E-05
 8.51330   -0.148903E-04    0.180546E-04   -0.512712E-05
 8.53132   -0.147994E-04    0.179650E-04   -0.501663E-05
 8.54935   -0.147092E-04    0.178761E-04   -0.490724E-05
 8.56737   -0.146197E-04    0.177877E-04   -0.479893E-05
 8.58540   -0.145310E-04    0.176998E-04   -0.469169E-05
 8.60343   -0.144431E-04    0.176126E-04   -0.458551E-05
 8.62145   -0.143558E-04    0.175258E-04   -0.448038E-05
 8.63948   -0.142693E-04    0.174396E-04   -0.437629E-05
 8.65751   -0.141835E-04    0.173540E-04   -0.427324E-05
 8.67553   -0.140984E-04    0.172689E-04   -0.417121E-05
 8.69356   -0.140140E-04    0.171843E-04   -0.407022E-05
 8.71158   -0.139303E-04    0.171002E-04   -0.397022E-05
 8.72961   -0.138473E-04    0.170167E-04   -0.387122E-05
 8.74764   -0.137650E-04    0.169337E-04   -0.377321E-05
 8.76566   -0.136833E-04    0.168512E-04   -0.367618E-05
 8.78369   -0.136023E-04    0.167693E-04   -0.358012E-05
 8.80171   -0.135220E-04    0.166878E-04   -0.348502E-05
 8.81974   -0.134423E-04    0.166068E-04   -0.339088E-05
 8.83777   -0.133633E-04    0.165264E-04   -0.329769E-05
 8.85579   -0.132849E-04    0.164464E-04   -0.320541E-05
 8.87382   -0.132071E-04    0.163670E-04   -0.311408E-05
 8.89184   -0.131299E-04    0.162880E-04   -0.302370E-05
 8.90987   -0.130534E-04    0.162095E-04   -0.293419E-05
 8.92790   -0.129774E-04    0.161314E-04   -0.284558E-05
 8.94592   -0.129021E-04    0.160539E-04   -0.275786E-05
 8.96395   -0.128273E-04    0.159768E-04   -0.267102E-05
 8.98197   -0.127531E-04    0.159002E-04   -0.258506E-05
 9.00000   -0.126794E-04    0.158240E-04   -0.249996E-05
