 0.00500    0.977185E-01   -0.465213E-01    0.329890E-01
 0.02303    0.814308E-01   -0.383799E-01    0.268849E-01
 0.04105    0.716926E-01   -0.335146E-01    0.232419E-01
 0.05908    0.645159E-01   -0.299306E-01    0.205616E-01
 0.07710    0.588083E-01   -0.270827E-01    0.184354E-01
 0.09513    0.540767E-01   -0.247239E-01    0.166775E-01
 0.11316    0.500491E-01   -0.227180E-01    0.151859E-01
 0.13118    0.465550E-01   -0.209797E-01    0.138963E-01
 0.14921    0.434817E-01   -0.194525E-01    0.127660E-01
 0.16723    0.407489E-01   -0.180962E-01    0.117649E-01
 0.18526    0.382978E-01   -0.168813E-01    0.108707E-01
 0.20329    0.360837E-01   -0.157855E-01    0.100665E-01
 0.22131    0.340716E-01   -0.147911E-01    0.933902E-02
 0.23934    0.322337E-01   -0.138842E-01    0.867775E-02
 0.25736    0.305476E-01   -0.130536E-01    0.807417E-02
 0.27539    0.289948E-01   -0.122899E-01    0.752126E-02
 0.29342    0.275599E-01   -0.115855E-01    0.701316E-02
 0.31144    0.262300E-01   -0.109339E-01    0.654491E-02
 0.32947    0.249941E-01   -0.103295E-01    0.611236E-02
 0.34749    0.238427E-01   -0.976749E-02    0.571187E-02
 0.36552    0.227675E-01   -0.924384E-02    0.534031E-02
 0.38355    0.217616E-01   -0.875498E-02    0.499495E-02
 0.40157    0.208188E-01   -0.829778E-02    0.467347E-02
 0.41960    0.199335E-01   -0.786949E-02    0.437375E-02
 0.43763    0.191010E-01   -0.746766E-02    0.409394E-02
 0.45565    0.183168E-01   -0.709012E-02    0.383239E-02
 0.47368    0.175772E-01   -0.673491E-02    0.358759E-02
 0.49170    0.168787E-01   -0.640033E-02    0.335825E-02
 0.50973    0.162182E-01   -0.608480E-02    0.314317E-02
 0.52776    0.155930E-01   -0.578693E-02    0.294128E-02
 0.54578    0.150004E-01   -0.550543E-02    0.275162E-02
 0.56381    0.144383E-01   -0.523916E-02    0.257329E-02
 0.58183    0.139045E-01   -0.498705E-02    0.240549E-02
 0.59986    0.133972E-01   -0.474816E-02    0.224751E-02
 0.61789    0.129145E-01   -0.452161E-02    0.209867E-02
 0.63591    0.124550E-01   -0.430659E-02    0.195834E-02
 0.65394    0.120170E-01   -0.410235E-02    0.182598E-02
 0.67196    0.115994E-01   -0.390823E-02    0.170106E-02
 0.68999    0.112008E-01   -0.372360E-02    0.158311E-02
 0.70802    0.108202E-01   -0.354789E-02    0.147169E-02
 0.72604    0.104564E-01   -0.338056E-02    0.136641E-02
 0.74407    0.101085E-01   -0.322113E-02    0.126687E-02
 0.76209    0.977553E-02   -0.306912E-02    0.117273E-02
 0.78012    0.945673E-02   -0.292412E-02    0.108366E-02
 0.79815    0.915129E-02   -0.278574E-02    0.999385E-03
 0.81617    0.885850E-02   -0.265361E-02    0.919609E-03
 0.83420    0.857768E-02   -0.252739E-02    0.844082E-03
 0.85222    0.830818E-02   -0.240677E-02    0.772558E-03
 0.87025    0.804942E-02   -0.229144E-02    0.704811E-03
 0.88828    0.780085E-02   -0.218112E-02    0.640631E-03
 0.90630    0.756195E-02   -0.207556E-02    0.579821E-03
 0.92433    0.733224E-02   -0.197452E-02    0.522197E-03
 0.94235    0.711127E-02   -0.187775E-02    0.467590E-03
 0.96038    0.689862E-02   -0.178507E-02    0.415836E-03
 0.97841    0.669389E-02   -0.169625E-02    0.366787E-03
 0.99643    0.649669E-02   -0.161111E-02    0.320298E-03
 1.01446    0.630667E-02   -0.152948E-02    0.276237E-03
 1.03248    0.612353E-02   -0.145118E-02    0.234477E-03
 1.05051    0.594693E-02   -0.137607E-02    0.194901E-03
 1.06854    0.577658E-02   -0.130399E-02    0.157398E-03
 1.08656    0.561221E-02   -0.123481E-02    0.121864E-03
 1.10459    0.545355E-02   -0.116839E-02    0.882011E-04
 1.12262    0.530036E-02   -0.110460E-02    0.563155E-04
 1.14064    0.515239E-02   -0.104334E-02    0.261195E-04
 1.15867    0.500943E-02   -0.984477E-03   -0.246957E-05
 1.17669    0.487126E-02   -0.927918E-03   -0.295303E-04
 1.19472    0.473769E-02   -0.873562E-03   -0.551371E-04
 1.21275    0.460853E-02   -0.821309E-03   -0.793605E-04
 1.23077    0.448359E-02   -0.771073E-03   -0.102267E-03
 1.24880    0.436271E-02   -0.722770E-03   -0.123920E-03
 1.26682    0.424572E-02   -0.676317E-03   -0.144377E-03
 1.28485    0.413248E-02   -0.631638E-03   -0.163695E-03
 1.30288    0.402284E-02   -0.588663E-03   -0.181926E-03
 1.32090    0.391665E-02   -0.547317E-03   -0.199123E-03
 1.33893    0.381378E-02   -0.507538E-03   -0.215352E-03
 1.35695    0.371412E-02   -0.469262E-03   -0.230601E-03
 1.37498    0.361752E-02   -0.432424E-03   -0.244972E-03
 1.39301    0.352389E-02   -0.396972E-03   -0.258489E-03
 1.41103    0.343311E-02   -0.362848E-03   -0.271188E-03
 1.42906    0.334506E-02   -0.330001E-03   -0.283110E-03
 1.44708    0.325967E-02   -0.298385E-03   -0.294290E-03
 1.46511    0.317684E-02   -0.267948E-03   -0.304760E-03
 1.48314    0.309646E-02   -0.238648E-03   -0.314553E-03
 1.50116    0.301846E-02   -0.210441E-03   -0.323697E-03
 1.51919    0.294275E-02   -0.183286E-03   -0.332225E-03
 1.53721    0.286925E-02   -0.157143E-03   -0.340162E-03
 1.55524    0.279789E-02   -0.131974E-03   -0.347536E-03
 1.57327    0.272859E-02   -0.107743E-03   -0.354373E-03
 1.59129    0.266127E-02   -0.844154E-04   -0.360698E-03
 1.60932    0.259588E-02   -0.619577E-04   -0.366531E-03
 1.62734    0.253235E-02   -0.403386E-04   -0.371897E-03
 1.64537    0.247061E-02   -0.195275E-04   -0.376816E-03
 1.66340    0.241061E-02    0.504524E-06   -0.381308E-03
 1.68142    0.235229E-02    0.197856E-04   -0.385392E-03
 1.69945    0.229560E-02    0.383428E-04   -0.389092E-03
 1.71747    0.224048E-02    0.562018E-04   -0.392415E-03
 1.73550    0.218688E-02    0.733875E-04   -0.395380E-03
 1.75353    0.213475E-02    0.899237E-04   -0.398015E-03
 1.77155    0.208405E-02    0.105833E-03   -0.400323E-03
 1.78958    0.203473E-02    0.121138E-03   -0.402322E-03
 1.80761    0.198675E-02    0.135858E-03   -0.404027E-03
 1.82563    0.194006E-02    0.150015E-03   -0.405451E-03
 1.84366    0.189463E-02    0.163626E-03   -0.406606E-03
 1.86168    0.185043E-02    0.176711E-03   -0.407505E-03
 1.87971    0.180740E-02    0.189288E-03   -0.408160E-03
 1.89774    0.176552E-02    0.201373E-03   -0.408582E-03
 1.91576    0.172475E-02    0.212984E-03   -0.408782E-03
 1.93379    0.168506E-02    0.224137E-03   -0.408769E-03
 1.95181    0.164641E-02    0.234846E-03   -0.408555E-03
 1.96984    0.160878E-02    0.245128E-03   -0.408149E-03
 1.98787    0.157214E-02    0.254995E-03   -0.407559E-03
 2.00589    0.153645E-02    0.264462E-03   -0.406795E-03
 2.02392    0.150169E-02    0.273541E-03   -0.405863E-03
 2.04194    0.146784E-02    0.282245E-03   -0.404774E-03
 2.05997    0.143486E-02    0.290586E-03   -0.403533E-03
 2.07800    0.140274E-02    0.298576E-03   -0.402149E-03
 2.09602    0.137144E-02    0.306226E-03   -0.400626E-03
 2.11405    0.134096E-02    0.313546E-03   -0.398973E-03
 2.13207    0.131126E-02    0.320548E-03   -0.397196E-03
 2.15010    0.128232E-02    0.327240E-03   -0.395301E-03
 2.16813    0.125412E-02    0.333632E-03   -0.393292E-03
 2.18615    0.122665E-02    0.339735E-03   -0.391177E-03
 2.20418    0.119987E-02    0.345556E-03   -0.388960E-03
 2.22220    0.117381E-02    0.351104E-03   -0.386645E-03
 2.24023    0.114840E-02    0.356389E-03   -0.384239E-03
 2.25826    0.112364E-02    0.361416E-03   -0.381744E-03
 2.27628    0.109952E-02    0.366193E-03   -0.379166E-03
 2.29431    0.107602E-02    0.370728E-03   -0.376508E-03
 2.31233    0.105312E-02    0.375027E-03   -0.373775E-03
 2.33036    0.103082E-02    0.379098E-03   -0.370970E-03
 2.34839    0.100909E-02    0.382946E-03   -0.368095E-03
 2.36641    0.987923E-03    0.386577E-03   -0.365155E-03
 2.38444    0.967310E-03    0.389998E-03   -0.362153E-03
 2.40246    0.947235E-03    0.393213E-03   -0.359087E-03
 2.42049    0.927688E-03    0.396229E-03   -0.355971E-03
 2.43852    0.908656E-03    0.399049E-03   -0.352797E-03
 2.45654    0.890130E-03    0.401679E-03   -0.349570E-03
 2.47457    0.872099E-03    0.404122E-03   -0.346294E-03
 2.49260    0.854556E-03    0.406383E-03   -0.342968E-03
 2.51062    0.837491E-03    0.408466E-03   -0.339593E-03
 2.52865    0.820894E-03    0.410374E-03   -0.336179E-03
 2.54667    0.804759E-03    0.412111E-03   -0.332722E-03
 2.56470    0.789078E-03    0.413680E-03   -0.329214E-03
 2.58273    0.773843E-03    0.415086E-03   -0.325669E-03
 2.60075    0.759047E-03    0.416328E-03   -0.322082E-03
 2.61878    0.744685E-03    0.417410E-03   -0.318453E-03
 2.63680    0.730749E-03    0.418333E-03   -0.314788E-03
 2.65483    0.717230E-03    0.419103E-03   -0.311084E-03
 2.67286    0.704135E-03    0.419721E-03   -0.307343E-03
 2.69088    0.691448E-03    0.420187E-03   -0.303563E-03
 2.70891    0.679166E-03    0.420505E-03   -0.299746E-03
 2.72693    0.667286E-03    0.420676E-03   -0.295894E-03
 2.74496    0.655804E-03    0.420701E-03   -0.292003E-03
 2.76299    0.644716E-03    0.420582E-03   -0.288074E-03
 2.78101    0.634019E-03    0.420322E-03   -0.284107E-03
 2.79904    0.623706E-03    0.419917E-03   -0.280105E-03
 2.81706    0.613772E-03    0.419374E-03   -0.276065E-03
 2.83509    0.604217E-03    0.418693E-03   -0.271989E-03
 2.85312    0.595034E-03    0.417875E-03   -0.267875E-03
 2.87114    0.586220E-03    0.416922E-03   -0.263724E-03
 2.88917    0.577770E-03    0.415834E-03   -0.259537E-03
 2.90719    0.569681E-03    0.414613E-03   -0.255312E-03
 2.92522    0.561948E-03    0.413262E-03   -0.251053E-03
 2.94325    0.554568E-03    0.411785E-03   -0.246755E-03
 2.96127    0.547531E-03    0.410175E-03   -0.242423E-03
 2.97930    0.540835E-03    0.408443E-03   -0.238055E-03
 2.99732    0.534474E-03    0.406591E-03   -0.233651E-03
 3.01535    0.528439E-03    0.404621E-03   -0.229216E-03
 3.03338    0.522725E-03    0.402530E-03   -0.224749E-03
 3.05140    0.517323E-03    0.400327E-03   -0.220251E-03
 3.06943    0.512226E-03    0.398017E-03   -0.215725E-03
 3.08745    0.507423E-03    0.395601E-03   -0.211172E-03
 3.10548    0.502905E-03    0.393084E-03   -0.206595E-03
 3.12351    0.498661E-03    0.390471E-03   -0.201995E-03
 3.14153    0.494677E-03    0.387767E-03   -0.197377E-03
 3.15956    0.490944E-03    0.384980E-03   -0.192743E-03
 3.17759    0.487445E-03    0.382111E-03   -0.188097E-03
 3.19561    0.484168E-03    0.379172E-03   -0.183442E-03
 3.21364    0.481098E-03    0.376166E-03   -0.178783E-03
 3.23166    0.478218E-03    0.373102E-03   -0.174125E-03
 3.24969    0.475513E-03    0.369988E-03   -0.169471E-03
 3.26772    0.472964E-03    0.366832E-03   -0.164828E-03
 3.28574    0.470554E-03    0.363643E-03   -0.160200E-03
 3.30377    0.468262E-03    0.360429E-03   -0.155593E-03
 3.32179    0.466072E-03    0.357197E-03   -0.151014E-03
 3.33982    0.463959E-03    0.353960E-03   -0.146467E-03
 3.35785    0.461903E-03    0.350728E-03   -0.141961E-03
 3.37587    0.459886E-03    0.347509E-03   -0.137501E-03
 3.39390    0.457885E-03    0.344313E-03   -0.133092E-03
 3.41192    0.455879E-03    0.341152E-03   -0.128743E-03
 3.42995    0.453846E-03    0.338034E-03   -0.124460E-03
 3.44798    0.451765E-03    0.334972E-03   -0.120249E-03
 3.46600    0.449614E-03    0.331974E-03   -0.116119E-03
 3.48403    0.447371E-03    0.329049E-03   -0.112074E-03
 3.50205    0.445017E-03    0.326209E-03   -0.108121E-03
 3.52008    0.442532E-03    0.323463E-03   -0.104267E-03
 3.53811    0.439897E-03    0.320820E-03   -0.100518E-03
 3.55613    0.437088E-03    0.318289E-03   -0.968788E-04
 3.57416    0.434093E-03    0.315879E-03   -0.933564E-04
 3.59218    0.430894E-03    0.313595E-03   -0.899544E-04
 3.61021    0.427476E-03    0.311447E-03   -0.866782E-04
 3.62824    0.423824E-03    0.309440E-03   -0.835320E-04
 3.64626    0.419927E-03    0.307583E-03   -0.805198E-04
 3.66429    0.415769E-03    0.305878E-03   -0.776442E-04
 3.68231    0.411344E-03    0.304331E-03   -0.749092E-04
 3.70034    0.406642E-03    0.302945E-03   -0.723160E-04
 3.71837    0.401658E-03    0.301724E-03   -0.698668E-04
 3.73639    0.396385E-03    0.300670E-03   -0.675619E-04
 3.75442    0.390820E-03    0.299784E-03   -0.654029E-04
 3.77244    0.384963E-03    0.299067E-03   -0.633893E-04
 3.79047    0.378813E-03    0.298519E-03   -0.615201E-04
 3.80850    0.372369E-03    0.298137E-03   -0.597945E-04
 3.82652    0.365638E-03    0.297920E-03   -0.582102E-04
 3.84455    0.358623E-03    0.297866E-03   -0.567649E-04
 3.86258    0.351332E-03    0.297971E-03   -0.554562E-04
 3.88060    0.343772E-03    0.298233E-03   -0.542804E-04
 3.89863    0.335953E-03    0.298643E-03   -0.532329E-04
 3.91665    0.327885E-03    0.299197E-03   -0.523105E-04
 3.93468    0.319581E-03    0.299891E-03   -0.515075E-04
 3.95271    0.311053E-03    0.300715E-03   -0.508190E-04
 3.97073    0.302317E-03    0.301664E-03   -0.502390E-04
 3.98876    0.293388E-03    0.302730E-03   -0.497618E-04
 4.00678    0.284281E-03    0.303904E-03   -0.493813E-04
 4.02481    0.275014E-03    0.305177E-03   -0.490913E-04
 4.04284    0.265604E-03    0.306542E-03   -0.488851E-04
 4.06086    0.256069E-03    0.307989E-03   -0.487552E-04
 4.07889    0.246426E-03    0.309509E-03   -0.486959E-04
 4.09691    0.236693E-03    0.311093E-03   -0.486998E-04
 4.11494    0.226890E-03    0.312732E-03   -0.487600E-04
 4.13297    0.217035E-03    0.314417E-03   -0.488699E-04
 4.15099    0.207147E-03    0.316138E-03   -0.490221E-04
 4.16902    0.197243E-03    0.317887E-03   -0.492107E-04
 4.18704    0.187342E-03    0.319654E-03   -0.494284E-04
 4.20507    0.177461E-03    0.321430E-03   -0.496692E-04
 4.22310    0.167616E-03    0.323205E-03   -0.499267E-04
 4.24112    0.157825E-03    0.324978E-03   -0.501951E-04
 4.25915    0.148103E-03    0.326734E-03   -0.504678E-04
 4.27717    0.138465E-03    0.328467E-03   -0.507400E-04
 4.29520    0.128926E-03    0.330171E-03   -0.510075E-04
 4.31323    0.119499E-03    0.331840E-03   -0.512628E-04
 4.33125    0.110197E-03    0.333465E-03   -0.515037E-04
 4.34928    0.101031E-03    0.335043E-03   -0.517245E-04
 4.36730    0.920123E-04    0.336567E-03   -0.519218E-04
 4.38533    0.831521E-04    0.338031E-03   -0.520920E-04
 4.40336    0.744593E-04    0.339433E-03   -0.522312E-04
 4.42138    0.659425E-04    0.340766E-03   -0.523369E-04
 4.43941    0.576085E-04    0.342028E-03   -0.524062E-04
 4.45743    0.494655E-04    0.343216E-03   -0.524367E-04
 4.47546    0.415181E-04    0.344326E-03   -0.524266E-04
 4.49349    0.337722E-04    0.345356E-03   -0.523734E-04
 4.51151    0.262310E-04    0.346303E-03   -0.522761E-04
 4.52954    0.188982E-04    0.347167E-03   -0.521338E-04
 4.54757    0.117768E-04    0.347945E-03   -0.519451E-04
 4.56559    0.486868E-05    0.348638E-03   -0.517096E-04
 4.58362   -0.182507E-05    0.349244E-03   -0.514268E-04
 4.60164   -0.830365E-05    0.349763E-03   -0.510964E-04
 4.61967   -0.145670E-04    0.350194E-03   -0.507188E-04
 4.63770   -0.206156E-04    0.350539E-03   -0.502930E-04
 4.65572   -0.264507E-04    0.350798E-03   -0.498214E-04
 4.67375   -0.320736E-04    0.350970E-03   -0.493032E-04
 4.69177   -0.374862E-04    0.351059E-03   -0.487389E-04
 4.70980   -0.426911E-04    0.351063E-03   -0.481299E-04
 4.72783   -0.476909E-04    0.350986E-03   -0.474770E-04
 4.74585   -0.524886E-04    0.350828E-03   -0.467815E-04
 4.76388   -0.570883E-04    0.350591E-03   -0.460443E-04
 4.78190   -0.614935E-04    0.350277E-03   -0.452674E-04
 4.79993   -0.657079E-04    0.349888E-03   -0.444511E-04
 4.81796   -0.697355E-04    0.349425E-03   -0.435977E-04
 4.83598   -0.735806E-04    0.348892E-03   -0.427081E-04
 4.85401   -0.772481E-04    0.348290E-03   -0.417843E-04
 4.87203   -0.807423E-04    0.347622E-03   -0.408278E-04
 4.89006   -0.840679E-04    0.346888E-03   -0.398396E-04
 4.90809   -0.872297E-04    0.346092E-03   -0.388222E-04
 4.92611   -0.902323E-04    0.345236E-03   -0.377768E-04
 4.94414   -0.930806E-04    0.344323E-03   -0.367048E-04
 4.96216   -0.957795E-04    0.343355E-03   -0.356081E-04
 4.98019   -0.983337E-04    0.342334E-03   -0.344881E-04
 4.99822   -0.100748E-03    0.341262E-03   -0.333465E-04
 5.01624   -0.103027E-03    0.340142E-03   -0.321847E-04
 5.03427   -0.105176E-03    0.338975E-03   -0.310049E-04
 5.05229   -0.107200E-03    0.337765E-03   -0.298079E-04
 5.07032   -0.109102E-03    0.336513E-03   -0.285954E-04
 5.08835   -0.110888E-03    0.335222E-03   -0.273689E-04
 5.10637   -0.112561E-03    0.333893E-03   -0.261295E-04
 5.12440   -0.114127E-03    0.332529E-03   -0.248792E-04
 5.14242   -0.115589E-03    0.331132E-03   -0.236189E-04
 5.16045   -0.116952E-03    0.329703E-03   -0.223499E-04
 5.17848   -0.118219E-03    0.328244E-03   -0.210734E-04
 5.19650   -0.119395E-03    0.326758E-03   -0.197909E-04
 5.21453   -0.120483E-03    0.325246E-03   -0.185033E-04
 5.23256   -0.121487E-03    0.323710E-03   -0.172081E-04
 5.25058   -0.122411E-03    0.322151E-03   -0.159172E-04
 5.26861   -0.123257E-03    0.320571E-03   -0.146208E-04
 5.28663   -0.124030E-03    0.318972E-03   -0.133236E-04
 5.30466   -0.124733E-03    0.317354E-03   -0.120265E-04
 5.32269   -0.125368E-03    0.315720E-03   -0.107302E-04
 5.34071   -0.125939E-03    0.314071E-03   -0.943590E-05
 5.35874   -0.126449E-03    0.312408E-03   -0.814401E-05
 5.37676   -0.126900E-03    0.310733E-03   -0.685543E-05
 5.39479   -0.127295E-03    0.309046E-03   -0.557098E-05
 5.41282   -0.127637E-03    0.307349E-03   -0.429134E-05
 5.43084   -0.127928E-03    0.305643E-03   -0.301701E-05
 5.44887   -0.128171E-03    0.303929E-03   -0.174875E-05
 5.46689   -0.128367E-03    0.302208E-03   -0.486976E-06
 5.48492   -0.128520E-03    0.300481E-03    0.767831E-06
 5.50295   -0.128630E-03    0.298748E-03    0.201511E-05
 5.52097   -0.128701E-03    0.297011E-03    0.325422E-05
 5.53900   -0.128733E-03    0.295271E-03    0.448492E-05
 5.55702   -0.128730E-03    0.293528E-03    0.570677E-05
 5.57505   -0.128691E-03    0.291783E-03    0.691939E-05
 5.59308   -0.128620E-03    0.290036E-03    0.812234E-05
 5.61110   -0.128519E-03    0.288290E-03    0.931531E-05
 5.62913   -0.128387E-03    0.286543E-03    0.104980E-04
 5.64715   -0.128227E-03    0.284797E-03    0.116702E-04
 5.66518   -0.128042E-03    0.283052E-03    0.128315E-04
 5.68321   -0.127829E-03    0.281308E-03    0.139821E-04
 5.70123   -0.127594E-03    0.279568E-03    0.151213E-04
 5.71926   -0.127335E-03    0.277830E-03    0.162492E-04
 5.73728   -0.127055E-03    0.276094E-03    0.173652E-04
 5.75531   -0.126754E-03    0.274363E-03    0.184698E-04
 5.77334   -0.126433E-03    0.272635E-03    0.195625E-04
 5.79136   -0.126094E-03    0.270912E-03    0.206432E-04
 5.80939   -0.125738E-03    0.269194E-03    0.217116E-04
 5.82741   -0.125365E-03    0.267481E-03    0.227681E-04
 5.84544   -0.124976E-03    0.265774E-03    0.238123E-04
 5.86347   -0.124573E-03    0.264072E-03    0.248441E-04
 5.88149   -0.124155E-03    0.262376E-03    0.258637E-04
 5.89952   -0.123724E-03    0.260687E-03    0.268710E-04
 5.91755   -0.123281E-03    0.259004E-03    0.278659E-04
 5.93557   -0.122826E-03    0.257327E-03    0.288483E-04
 5.95360   -0.122360E-03    0.255658E-03    0.298186E-04
 5.97162   -0.121883E-03    0.253996E-03    0.307764E-04
 5.98965   -0.121396E-03    0.252342E-03    0.317220E-04
 6.00768   -0.120901E-03    0.250695E-03    0.326552E-04
 6.02570   -0.120396E-03    0.249056E-03    0.335762E-04
 6.04373   -0.119884E-03    0.247425E-03    0.344849E-04
 6.06175   -0.119364E-03    0.245802E-03    0.353815E-04
 6.07978   -0.118836E-03    0.244187E-03    0.362658E-04
 6.09781   -0.118302E-03    0.242580E-03    0.371379E-04
 6.11583   -0.117762E-03    0.240982E-03    0.379979E-04
 6.13386   -0.117216E-03    0.239392E-03    0.388457E-04
 6.15188   -0.116665E-03    0.237811E-03    0.396814E-04
 6.16991   -0.116108E-03    0.236239E-03    0.405049E-04
 6.18794   -0.115547E-03    0.234675E-03    0.413163E-04
 6.20596   -0.114982E-03    0.233120E-03    0.421155E-04
 6.22399   -0.114413E-03    0.231575E-03    0.429025E-04
 6.24201   -0.113840E-03    0.230038E-03    0.436774E-04
 6.26004   -0.113265E-03    0.228510E-03    0.444401E-04
 6.27807   -0.112686E-03    0.226992E-03    0.451907E-04
 6.29609   -0.112104E-03    0.225482E-03    0.459291E-04
 6.31412   -0.111520E-03    0.223982E-03    0.466552E-04
 6.33214   -0.110934E-03    0.222491E-03    0.473693E-04
 6.35017   -0.110346E-03    0.221009E-03    0.480712E-04
 6.36820   -0.109756E-03    0.219537E-03    0.487610E-04
 6.38622   -0.109165E-03    0.218073E-03    0.494389E-04
 6.40425   -0.108573E-03    0.216619E-03    0.501048E-04
 6.42227   -0.107979E-03    0.215175E-03    0.507588E-04
 6.44030   -0.107385E-03    0.213739E-03    0.514011E-04
 6.45833   -0.106790E-03    0.212313E-03    0.520315E-04
 6.47635   -0.106195E-03    0.210896E-03    0.526506E-04
 6.49438   -0.105599E-03    0.209489E-03    0.532582E-04
 6.51240   -0.105004E-03    0.208091E-03    0.538548E-04
 6.53043   -0.104408E-03    0.206702E-03    0.544400E-04
 6.54846   -0.103813E-03    0.205322E-03    0.550143E-04
 6.56648   -0.103218E-03    0.203952E-03    0.555779E-04
 6.58451   -0.102624E-03    0.202591E-03    0.561309E-04
 6.60254   -0.102030E-03    0.201239E-03    0.566736E-04
 6.62056   -0.101438E-03    0.199897E-03    0.572060E-04
 6.63859   -0.100846E-03    0.198563E-03    0.577284E-04
 6.65661   -0.100256E-03    0.197239E-03    0.582409E-04
 6.67464   -0.996665E-04    0.195924E-03    0.587437E-04
 6.69267   -0.990787E-04    0.194619E-03    0.592370E-04
 6.71069   -0.984926E-04    0.193322E-03    0.597209E-04
 6.72872   -0.979079E-04    0.192035E-03    0.601956E-04
 6.74674   -0.973252E-04    0.190757E-03    0.606612E-04
 6.76477   -0.967445E-04    0.189488E-03    0.611178E-04
 6.78280   -0.961658E-04    0.188228E-03    0.615656E-04
 6.80082   -0.955893E-04    0.186977E-03    0.620046E-04
 6.81885   -0.950151E-04    0.185735E-03    0.624349E-04
 6.83687   -0.944432E-04    0.184503E-03    0.628568E-04
 6.85490   -0.938741E-04    0.183279E-03    0.632702E-04
 6.87293   -0.933074E-04    0.182065E-03    0.636751E-04
 6.89095   -0.927435E-04    0.180859E-03    0.640716E-04
 6.90898   -0.921824E-04    0.179662E-03    0.644599E-04
 6.92700   -0.916244E-04    0.178475E-03    0.648400E-04
 6.94503   -0.910695E-04    0.177296E-03    0.652119E-04
 6.96306   -0.905178E-04    0.176126E-03    0.655759E-04
 6.98108   -0.899691E-04    0.174966E-03    0.659320E-04
 6.99911   -0.894239E-04    0.173814E-03    0.662792E-04
 7.01713   -0.888822E-04    0.172671E-03    0.666189E-04
 7.03516   -0.883439E-04    0.171536E-03    0.669514E-04
 7.05319   -0.878093E-04    0.170411E-03    0.672754E-04
 7.07121   -0.872783E-04    0.169294E-03    0.675916E-04
 7.08924   -0.867511E-04    0.168186E-03    0.679000E-04
 7.10726   -0.862277E-04    0.167087E-03    0.682008E-04
 7.12529   -0.857081E-04    0.165996E-03    0.684939E-04
 7.14332   -0.851925E-04    0.164914E-03    0.687795E-04
 7.16134   -0.846809E-04    0.163841E-03    0.690577E-04
 7.17937   -0.841732E-04    0.162776E-03    0.693279E-04
 7.19739   -0.836697E-04    0.161720E-03    0.695918E-04
 7.21542   -0.831702E-04    0.160672E-03    0.698480E-04
 7.23345   -0.826747E-04    0.159633E-03    0.700970E-04
 7.25147   -0.821835E-04    0.158602E-03    0.703389E-04
 7.26950   -0.816964E-04    0.157579E-03    0.705739E-04
 7.28753   -0.812135E-04    0.156565E-03    0.708019E-04
 7.30555   -0.807347E-04    0.155558E-03    0.710231E-04
 7.32358   -0.802601E-04    0.154560E-03    0.712376E-04
 7.34160   -0.797896E-04    0.153571E-03    0.714454E-04
 7.35963   -0.793233E-04    0.152589E-03    0.716468E-04
 7.37766   -0.788610E-04    0.151615E-03    0.718417E-04
 7.39568   -0.784029E-04    0.150649E-03    0.720303E-04
 7.41371   -0.779488E-04    0.149691E-03    0.722126E-04
 7.43173   -0.774987E-04    0.148740E-03    0.723888E-04
 7.44976   -0.770526E-04    0.147797E-03    0.725589E-04
 7.46779   -0.766103E-04    0.146862E-03    0.727231E-04
 7.48581   -0.761719E-04    0.145934E-03    0.728815E-04
 7.50384   -0.757373E-04    0.145014E-03    0.730341E-04
 7.52186   -0.753063E-04    0.144101E-03    0.731812E-04
 7.53989   -0.748791E-04    0.143196E-03    0.733225E-04
 7.55792   -0.744554E-04    0.142297E-03    0.734585E-04
 7.57594   -0.740351E-04    0.141406E-03    0.735891E-04
 7.59397   -0.736183E-04    0.140522E-03    0.737145E-04
 7.61199   -0.732048E-04    0.139644E-03    0.738347E-04
 7.63002   -0.727945E-04    0.138774E-03    0.739499E-04
 7.64805   -0.723874E-04    0.137910E-03    0.740601E-04
 7.66607   -0.719833E-04    0.137053E-03    0.741655E-04
 7.68410   -0.715822E-04    0.136202E-03    0.742661E-04
 7.70212   -0.711840E-04    0.135358E-03    0.743621E-04
 7.72015   -0.707886E-04    0.134520E-03    0.744534E-04
 7.73818   -0.703958E-04    0.133688E-03    0.745403E-04
 7.75620   -0.700057E-04    0.132863E-03    0.746228E-04
 7.77423   -0.696181E-04    0.132044E-03    0.747010E-04
 7.79225   -0.692328E-04    0.131231E-03    0.747750E-04
 7.81028   -0.688500E-04    0.130423E-03    0.748449E-04
 7.82831   -0.684693E-04    0.129622E-03    0.749107E-04
 7.84633   -0.680908E-04    0.128826E-03    0.749726E-04
 7.86436   -0.677143E-04    0.128036E-03    0.750307E-04
 7.88238   -0.673398E-04    0.127252E-03    0.750849E-04
 7.90041   -0.669673E-04    0.126473E-03    0.751355E-04
 7.91844   -0.665965E-04    0.125700E-03    0.751825E-04
 7.93646   -0.662275E-04    0.124932E-03    0.752259E-04
 7.95449   -0.658603E-04    0.124169E-03    0.752659E-04
 7.97252   -0.654945E-04    0.123411E-03    0.753026E-04
 7.99054   -0.651304E-04    0.122659E-03    0.753357E-04
 8.00857   -0.647677E-04    0.121912E-03    0.753658E-04
 8.02659   -0.644065E-04    0.121169E-03    0.753926E-04
 8.04462   -0.640466E-04    0.120432E-03    0.754164E-04
 8.06265   -0.636881E-04    0.119699E-03    0.754371E-04
 8.08067   -0.633310E-04    0.118972E-03    0.754548E-04
 8.09870   -0.629750E-04    0.118249E-03    0.754696E-04
 8.11672   -0.626201E-04    0.117531E-03    0.754815E-04
 8.13475   -0.622665E-04    0.116817E-03    0.754906E-04
 8.15278   -0.619140E-04    0.116109E-03    0.754970E-04
 8.17080   -0.615627E-04    0.115404E-03    0.755007E-04
 8.18883   -0.612125E-04    0.114705E-03    0.755017E-04
 8.20685   -0.608634E-04    0.114009E-03    0.755001E-04
 8.22488   -0.605154E-04    0.113319E-03    0.754959E-04
 8.24291   -0.601684E-04    0.112632E-03    0.754893E-04
 8.26093   -0.598226E-04    0.111950E-03    0.754801E-04
 8.27896   -0.594778E-04    0.111273E-03    0.754685E-04
 8.29698   -0.591341E-04    0.110600E-03    0.754545E-04
 8.31501   -0.587915E-04    0.109931E-03    0.754380E-04
 8.33304   -0.584500E-04    0.109266E-03    0.754193E-04
 8.35106   -0.581096E-04    0.108606E-03    0.753982E-04
 8.36909   -0.577703E-04    0.107949E-03    0.753750E-04
 8.38711   -0.574321E-04    0.107297E-03    0.753495E-04
 8.40514   -0.570951E-04    0.106650E-03    0.753218E-04
 8.42317   -0.567593E-04    0.106006E-03    0.752919E-04
 8.44119   -0.564246E-04    0.105366E-03    0.752598E-04
 8.45922   -0.560911E-04    0.104731E-03    0.752256E-04
 8.47724   -0.557588E-04    0.104100E-03    0.751894E-04
 8.49527   -0.554278E-04    0.103472E-03    0.751510E-04
 8.51330   -0.550980E-04    0.102849E-03    0.751107E-04
 8.53132   -0.547694E-04    0.102230E-03    0.750683E-04
 8.54935   -0.544422E-04    0.101614E-03    0.750239E-04
 8.56737   -0.541163E-04    0.101003E-03    0.749775E-04
 8.58540   -0.537917E-04    0.100396E-03    0.749292E-04
 8.60343   -0.534685E-04    0.997924E-04    0.748790E-04
 8.62145   -0.531466E-04    0.991930E-04    0.748269E-04
 8.63948   -0.528261E-04    0.985976E-04    0.747729E-04
 8.65751   -0.525071E-04    0.980060E-04    0.747170E-04
 8.67553   -0.521895E-04    0.974183E-04    0.746594E-04
 8.69356   -0.518733E-04    0.968345E-04    0.745999E-04
 8.71158   -0.515586E-04    0.962545E-04    0.745387E-04
 8.72961   -0.512454E-04    0.956784E-04    0.744756E-04
 8.74764   -0.509338E-04    0.951061E-04    0.744109E-04
 8.76566   -0.506236E-04    0.945376E-04    0.743444E-04
 8.78369   -0.503150E-04    0.939729E-04    0.742762E-04
 8.80171   -0.500080E-04    0.934119E-04    0.742064E-04
 8.81974   -0.497025E-04    0.928547E-04    0.741349E-04
 8.83777   -0.493987E-04    0.923012E-04    0.740617E-04
 8.85579   -0.490964E-04    0.917514E-04    0.739869E-04
 8.87382   -0.487958E-04    0.912054E-04    0.739106E-04
 8.89184   -0.484968E-04    0.906630E-04    0.738327E-04
 8.90987   -0.481994E-04    0.901242E-04    0.737532E-04
 8.92790   -0.479037E-04    0.895891E-04    0.736721E-04
 8.94592   -0.476096E-04    0.890577E-04    0.735896E-04
 8.96395   -0.473172E-04    0.885298E-04    0.735055E-04
 8.98197   -0.470265E-04    0.880055E-04    0.734201E-04
 9.00000   -0.467374E-04    0.874847E-04    0.733331E-04
