 0.00500    0.447302E-02   -0.234592E-02    0.191301E-02
 0.02303    0.367908E-02   -0.194897E-02    0.161522E-02
 0.04105    0.321184E-02   -0.171531E-02    0.143991E-02
 0.05908    0.287073E-02   -0.154468E-02    0.131182E-02
 0.07710    0.260144E-02   -0.140996E-02    0.121063E-02
 0.09513    0.237961E-02   -0.129896E-02    0.112718E-02
 0.11316    0.219179E-02   -0.120495E-02    0.105646E-02
 0.13118    0.202968E-02   -0.112378E-02    0.995344E-03
 0.14921    0.188775E-02   -0.105269E-02    0.941756E-03
 0.16723    0.176210E-02   -0.989721E-03    0.894240E-03
 0.18526    0.164987E-02   -0.933452E-03    0.851721E-03
 0.20329    0.154887E-02   -0.882797E-03    0.813390E-03
 0.22131    0.145743E-02   -0.836907E-03    0.778614E-03
 0.23934    0.137420E-02   -0.795117E-03    0.746891E-03
 0.25736    0.129811E-02   -0.756886E-03    0.717818E-03
 0.27539    0.122826E-02   -0.721769E-03    0.691063E-03
 0.29342    0.116392E-02   -0.689398E-03    0.666350E-03
 0.31144    0.110447E-02   -0.659465E-03    0.643447E-03
 0.32947    0.104938E-02   -0.631705E-03    0.622159E-03
 0.34749    0.998205E-03   -0.605894E-03    0.602317E-03
 0.36552    0.950549E-03   -0.581839E-03    0.583777E-03
 0.38355    0.906079E-03   -0.559371E-03    0.566412E-03
 0.40157    0.864502E-03   -0.538343E-03    0.550115E-03
 0.41960    0.825557E-03   -0.518627E-03    0.534787E-03
 0.43763    0.789017E-03   -0.500107E-03    0.520345E-03
 0.45565    0.754679E-03   -0.482684E-03    0.506713E-03
 0.47368    0.722363E-03   -0.466267E-03    0.493823E-03
 0.49170    0.691908E-03   -0.450775E-03    0.481617E-03
 0.50973    0.663169E-03   -0.436137E-03    0.470040E-03
 0.52776    0.636016E-03   -0.422289E-03    0.459045E-03
 0.54578    0.610332E-03   -0.409171E-03    0.448587E-03
 0.56381    0.586011E-03   -0.396730E-03    0.438628E-03
 0.58183    0.562956E-03   -0.384918E-03    0.429132E-03
 0.59986    0.541079E-03   -0.373693E-03    0.420066E-03
 0.61789    0.520301E-03   -0.363013E-03    0.411401E-03
 0.63591    0.500547E-03   -0.352842E-03    0.403110E-03
 0.65394    0.481753E-03   -0.343148E-03    0.395168E-03
 0.67196    0.463856E-03   -0.333899E-03    0.387553E-03
 0.68999    0.446800E-03   -0.325068E-03    0.380243E-03
 0.70802    0.430533E-03   -0.316629E-03    0.373221E-03
 0.72604    0.415007E-03   -0.308558E-03    0.366468E-03
 0.74407    0.400178E-03   -0.300832E-03    0.359967E-03
 0.76209    0.386006E-03   -0.293432E-03    0.353705E-03
 0.78012    0.372451E-03   -0.286339E-03    0.347667E-03
 0.79815    0.359480E-03   -0.279536E-03    0.341840E-03
 0.81617    0.347060E-03   -0.273006E-03    0.336213E-03
 0.83420    0.335161E-03   -0.266734E-03    0.330774E-03
 0.85222    0.323754E-03   -0.260706E-03    0.325514E-03
 0.87025    0.312814E-03   -0.254909E-03    0.320422E-03
 0.88828    0.302315E-03   -0.249332E-03    0.315490E-03
 0.90630    0.292234E-03   -0.243962E-03    0.310710E-03
 0.92433    0.282552E-03   -0.238789E-03    0.306073E-03
 0.94235    0.273247E-03   -0.233804E-03    0.301573E-03
 0.96038    0.264300E-03   -0.228996E-03    0.297202E-03
 0.97841    0.255695E-03   -0.224358E-03    0.292955E-03
 0.99643    0.247415E-03   -0.219880E-03    0.288825E-03
 1.01446    0.239443E-03   -0.215556E-03    0.284807E-03
 1.03248    0.231767E-03   -0.211378E-03    0.280896E-03
 1.05051    0.224372E-03   -0.207340E-03    0.277086E-03
 1.06854    0.217245E-03   -0.203434E-03    0.273373E-03
 1.08656    0.210373E-03   -0.199655E-03    0.269753E-03
 1.10459    0.203747E-03   -0.195998E-03    0.266222E-03
 1.12262    0.197354E-03   -0.192456E-03    0.262775E-03
 1.14064    0.191184E-03   -0.189025E-03    0.259409E-03
 1.15867    0.185228E-03   -0.185701E-03    0.256120E-03
 1.17669    0.179477E-03   -0.182477E-03    0.252907E-03
 1.19472    0.173922E-03   -0.179351E-03    0.249764E-03
 1.21275    0.168554E-03   -0.176319E-03    0.246689E-03
 1.23077    0.163367E-03   -0.173375E-03    0.243681E-03
 1.24880    0.158352E-03   -0.170518E-03    0.240735E-03
 1.26682    0.153503E-03   -0.167742E-03    0.237850E-03
 1.28485    0.148812E-03   -0.165046E-03    0.235023E-03
 1.30288    0.144275E-03   -0.162425E-03    0.232251E-03
 1.32090    0.139884E-03   -0.159877E-03    0.229534E-03
 1.33893    0.135633E-03   -0.157400E-03    0.226868E-03
 1.35695    0.131519E-03   -0.154989E-03    0.224253E-03
 1.37498    0.127534E-03   -0.152644E-03    0.221685E-03
 1.39301    0.123675E-03   -0.150361E-03    0.219164E-03
 1.41103    0.119937E-03   -0.148138E-03    0.216688E-03
 1.42906    0.116314E-03   -0.145972E-03    0.214254E-03
 1.44708    0.112803E-03   -0.143863E-03    0.211863E-03
 1.46511    0.109401E-03   -0.141807E-03    0.209511E-03
 1.48314    0.106102E-03   -0.139803E-03    0.207199E-03
 1.50116    0.102903E-03   -0.137849E-03    0.204924E-03
 1.51919    0.998007E-04   -0.135944E-03    0.202685E-03
 1.53721    0.967916E-04   -0.134084E-03    0.200482E-03
 1.55524    0.938724E-04   -0.132270E-03    0.198313E-03
 1.57327    0.910400E-04   -0.130499E-03    0.196176E-03
 1.59129    0.882912E-04   -0.128770E-03    0.194072E-03
 1.60932    0.856234E-04   -0.127082E-03    0.191999E-03
 1.62734    0.830338E-04   -0.125433E-03    0.189956E-03
 1.64537    0.805196E-04   -0.123822E-03    0.187942E-03
 1.66340    0.780785E-04   -0.122247E-03    0.185956E-03
 1.68142    0.757080E-04   -0.120708E-03    0.183998E-03
 1.69945    0.734058E-04   -0.119203E-03    0.182066E-03
 1.71747    0.711697E-04   -0.117731E-03    0.180161E-03
 1.73550    0.689976E-04   -0.116292E-03    0.178281E-03
 1.75353    0.668875E-04   -0.114884E-03    0.176425E-03
 1.77155    0.648373E-04   -0.113506E-03    0.174593E-03
 1.78958    0.628452E-04   -0.112158E-03    0.172785E-03
 1.80761    0.609095E-04   -0.110838E-03    0.170999E-03
 1.82563    0.590284E-04   -0.109546E-03    0.169235E-03
 1.84366    0.572003E-04   -0.108280E-03    0.167493E-03
 1.86168    0.554236E-04   -0.107041E-03    0.165772E-03
 1.87971    0.536968E-04   -0.105827E-03    0.164071E-03
 1.89774    0.520184E-04   -0.104637E-03    0.162391E-03
 1.91576    0.503870E-04   -0.103472E-03    0.160730E-03
 1.93379    0.488014E-04   -0.102330E-03    0.159088E-03
 1.95181    0.472603E-04   -0.101211E-03    0.157465E-03
 1.96984    0.457623E-04   -0.100113E-03    0.155860E-03
 1.98787    0.443065E-04   -0.990378E-04    0.154274E-03
 2.00589    0.428917E-04   -0.979830E-04    0.152705E-03
 2.02392    0.415168E-04   -0.969487E-04    0.151153E-03
 2.04194    0.401808E-04   -0.959344E-04    0.149618E-03
 2.05997    0.388828E-04   -0.949396E-04    0.148100E-03
 2.07800    0.376217E-04   -0.939639E-04    0.146598E-03
 2.09602    0.363968E-04   -0.930068E-04    0.145112E-03
 2.11405    0.352071E-04   -0.920679E-04    0.143641E-03
 2.13207    0.340519E-04   -0.911468E-04    0.142187E-03
 2.15010    0.329304E-04   -0.902432E-04    0.140747E-03
 2.16813    0.318418E-04   -0.893567E-04    0.139323E-03
 2.18615    0.307853E-04   -0.884868E-04    0.137913E-03
 2.20418    0.297604E-04   -0.876334E-04    0.136518E-03
 2.22220    0.287663E-04   -0.867960E-04    0.135137E-03
 2.24023    0.278024E-04   -0.859743E-04    0.133770E-03
 2.25826    0.268679E-04   -0.851681E-04    0.132418E-03
 2.27628    0.259624E-04   -0.843770E-04    0.131078E-03
 2.29431    0.250851E-04   -0.836007E-04    0.129753E-03
 2.31233    0.242356E-04   -0.828389E-04    0.128441E-03
 2.33036    0.234131E-04   -0.820914E-04    0.127142E-03
 2.34839    0.226171E-04   -0.813579E-04    0.125856E-03
 2.36641    0.218470E-04   -0.806380E-04    0.124582E-03
 2.38444    0.211022E-04   -0.799314E-04    0.123321E-03
 2.40246    0.203820E-04   -0.792380E-04    0.122073E-03
 2.42049    0.196859E-04   -0.785572E-04    0.120837E-03
 2.43852    0.190131E-04   -0.778889E-04    0.119612E-03
 2.45654    0.183632E-04   -0.772327E-04    0.118400E-03
 2.47457    0.177353E-04   -0.765883E-04    0.117198E-03
 2.49260    0.171288E-04   -0.759554E-04    0.116008E-03
 2.51062    0.165431E-04   -0.753335E-04    0.114830E-03
 2.52865    0.159773E-04   -0.747224E-04    0.113661E-03
 2.54667    0.154307E-04   -0.741217E-04    0.112504E-03
 2.56470    0.149026E-04   -0.735312E-04    0.111356E-03
 2.58273    0.143922E-04   -0.729500E-04    0.110219E-03
 2.60075    0.138988E-04   -0.723782E-04    0.109091E-03
 2.61878    0.134214E-04   -0.718152E-04    0.107972E-03
 2.63680    0.129592E-04   -0.712605E-04    0.106863E-03
 2.65483    0.125116E-04   -0.707138E-04    0.105762E-03
 2.67286    0.120774E-04   -0.701749E-04    0.104670E-03
 2.69088    0.116561E-04   -0.696429E-04    0.103586E-03
 2.70891    0.112466E-04   -0.691178E-04    0.102510E-03
 2.72693    0.108483E-04   -0.685992E-04    0.101441E-03
 2.74496    0.104602E-04   -0.680862E-04    0.100380E-03
 2.76299    0.100815E-04   -0.675788E-04    0.993257E-04
 2.78101    0.971140E-05   -0.670766E-04    0.982781E-04
 2.79904    0.934916E-05   -0.665791E-04    0.972369E-04
 2.81706    0.899399E-05   -0.660860E-04    0.962017E-04
 2.83509    0.864515E-05   -0.655967E-04    0.951725E-04
 2.85312    0.830194E-05   -0.651110E-04    0.941488E-04
 2.87114    0.796368E-05   -0.646287E-04    0.931304E-04
 2.88917    0.762976E-05   -0.641493E-04    0.921171E-04
 2.90719    0.729953E-05   -0.636727E-04    0.911087E-04
 2.92522    0.697242E-05   -0.631983E-04    0.901049E-04
 2.94325    0.664792E-05   -0.627260E-04    0.891057E-04
 2.96127    0.632549E-05   -0.622556E-04    0.881104E-04
 2.97930    0.600469E-05   -0.617869E-04    0.871196E-04
 2.99732    0.568509E-05   -0.613193E-04    0.861326E-04
 3.01535    0.536630E-05   -0.608532E-04    0.851495E-04
 3.03338    0.504797E-05   -0.603881E-04    0.841701E-04
 3.05140    0.472979E-05   -0.599238E-04    0.831942E-04
 3.06943    0.441145E-05   -0.594604E-04    0.822219E-04
 3.08745    0.409269E-05   -0.589974E-04    0.812530E-04
 3.10548    0.377326E-05   -0.585351E-04    0.802874E-04
 3.12351    0.345295E-05   -0.580731E-04    0.793250E-04
 3.14153    0.313146E-05   -0.576113E-04    0.783659E-04
 3.15956    0.280886E-05   -0.571498E-04    0.774099E-04
 3.17759    0.248480E-05   -0.566885E-04    0.764569E-04
 3.19561    0.215918E-05   -0.562273E-04    0.755070E-04
 3.21364    0.183187E-05   -0.557659E-04    0.745603E-04
 3.23166    0.150278E-05   -0.553046E-04    0.736163E-04
 3.24969    0.117180E-05   -0.548432E-04    0.726754E-04
 3.26772    0.838820E-06   -0.543817E-04    0.717375E-04
 3.28574    0.503758E-06   -0.539201E-04    0.708025E-04
 3.30377    0.166532E-06   -0.534583E-04    0.698705E-04
 3.32179   -0.172928E-06   -0.529963E-04    0.689414E-04
 3.33982   -0.514672E-06   -0.525339E-04    0.680153E-04
 3.35785   -0.858757E-06   -0.520714E-04    0.670921E-04
 3.37587   -0.120522E-05   -0.516087E-04    0.661720E-04
 3.39390   -0.155405E-05   -0.511457E-04    0.652547E-04
 3.41192   -0.190529E-05   -0.506824E-04    0.643403E-04
 3.42995   -0.225896E-05   -0.502189E-04    0.634290E-04
 3.44798   -0.261503E-05   -0.497551E-04    0.625208E-04
 3.46600   -0.297344E-05   -0.492913E-04    0.616157E-04
 3.48403   -0.333422E-05   -0.488273E-04    0.607137E-04
 3.50205   -0.369726E-05   -0.483631E-04    0.598148E-04
 3.52008   -0.406248E-05   -0.478987E-04    0.589193E-04
 3.53811   -0.442977E-05   -0.474345E-04    0.580271E-04
 3.55613   -0.479902E-05   -0.469702E-04    0.571381E-04
 3.57416   -0.517008E-05   -0.465062E-04    0.562528E-04
 3.59218   -0.554276E-05   -0.460424E-04    0.553709E-04
 3.61021   -0.591687E-05   -0.455790E-04    0.544927E-04
 3.62824   -0.629221E-05   -0.451160E-04    0.536182E-04
 3.64626   -0.666856E-05   -0.446538E-04    0.527476E-04
 3.66429   -0.704562E-05   -0.441921E-04    0.518810E-04
 3.68231   -0.742318E-05   -0.437315E-04    0.510186E-04
 3.70034   -0.780089E-05   -0.432719E-04    0.501603E-04
 3.71837   -0.817841E-05   -0.428134E-04    0.493065E-04
 3.73639   -0.855549E-05   -0.423564E-04    0.484572E-04
 3.75442   -0.893174E-05   -0.419010E-04    0.476126E-04
 3.77244   -0.930677E-05   -0.414474E-04    0.467728E-04
 3.79047   -0.968026E-05   -0.409957E-04    0.459380E-04
 3.80850   -0.100518E-04   -0.405461E-04    0.451084E-04
 3.82652   -0.104211E-04   -0.400990E-04    0.442840E-04
 3.84455   -0.107875E-04   -0.396543E-04    0.434653E-04
 3.86258   -0.111509E-04   -0.392124E-04    0.426521E-04
 3.88060   -0.115107E-04   -0.387736E-04    0.418447E-04
 3.89863   -0.118667E-04   -0.383380E-04    0.410434E-04
 3.91665   -0.122183E-04   -0.379057E-04    0.402481E-04
 3.93468   -0.125653E-04   -0.374770E-04    0.394591E-04
 3.95271   -0.129073E-04   -0.370519E-04    0.386764E-04
 3.97073   -0.132438E-04   -0.366308E-04    0.379003E-04
 3.98876   -0.135745E-04   -0.362139E-04    0.371310E-04
 4.00678   -0.138992E-04   -0.358015E-04    0.363685E-04
 4.02481   -0.142175E-04   -0.353933E-04    0.356129E-04
 4.04284   -0.145291E-04   -0.349896E-04    0.348643E-04
 4.06086   -0.148335E-04   -0.345909E-04    0.341229E-04
 4.07889   -0.151308E-04   -0.341970E-04    0.333887E-04
 4.09691   -0.154206E-04   -0.338080E-04    0.326619E-04
 4.11494   -0.157026E-04   -0.334241E-04    0.319426E-04
 4.13297   -0.159767E-04   -0.330455E-04    0.312307E-04
 4.15099   -0.162427E-04   -0.326722E-04    0.305255E-04
 4.16902   -0.165005E-04   -0.323043E-04    0.298288E-04
 4.18704   -0.167498E-04   -0.319419E-04    0.291396E-04
 4.20507   -0.169907E-04   -0.315849E-04    0.284582E-04
 4.22310   -0.172230E-04   -0.312335E-04    0.277844E-04
 4.24112   -0.174467E-04   -0.308876E-04    0.271184E-04
 4.25915   -0.176617E-04   -0.305474E-04    0.264610E-04
 4.27717   -0.178679E-04   -0.302127E-04    0.258093E-04
 4.29520   -0.180655E-04   -0.298837E-04    0.251674E-04
 4.31323   -0.182544E-04   -0.295601E-04    0.245322E-04
 4.33125   -0.184346E-04   -0.292421E-04    0.239046E-04
 4.34928   -0.186062E-04   -0.289297E-04    0.232846E-04
 4.36730   -0.187693E-04   -0.286228E-04    0.226722E-04
 4.38533   -0.189240E-04   -0.283213E-04    0.220673E-04
 4.40336   -0.190702E-04   -0.280252E-04    0.214699E-04
 4.42138   -0.192083E-04   -0.277344E-04    0.208798E-04
 4.43941   -0.193383E-04   -0.274489E-04    0.202972E-04
 4.45743   -0.194602E-04   -0.271686E-04    0.197218E-04
 4.47546   -0.195744E-04   -0.268933E-04    0.191537E-04
 4.49349   -0.196808E-04   -0.266232E-04    0.185926E-04
 4.51151   -0.197799E-04   -0.263579E-04    0.180386E-04
 4.52954   -0.198716E-04   -0.260975E-04    0.174917E-04
 4.54757   -0.199561E-04   -0.258418E-04    0.169514E-04
 4.56559   -0.200336E-04   -0.255908E-04    0.164181E-04
 4.58362   -0.201044E-04   -0.253444E-04    0.158914E-04
 4.60164   -0.201686E-04   -0.251024E-04    0.153714E-04
 4.61967   -0.202263E-04   -0.248648E-04    0.148579E-04
 4.63770   -0.202779E-04   -0.246314E-04    0.143508E-04
 4.65572   -0.203234E-04   -0.244022E-04    0.138501E-04
 4.67375   -0.203631E-04   -0.241770E-04    0.133556E-04
 4.69177   -0.203972E-04   -0.239558E-04    0.128672E-04
 4.70980   -0.204259E-04   -0.237385E-04    0.123849E-04
 4.72783   -0.204493E-04   -0.235248E-04    0.119086E-04
 4.74585   -0.204677E-04   -0.233149E-04    0.114382E-04
 4.76388   -0.204813E-04   -0.231084E-04    0.109735E-04
 4.78190   -0.204901E-04   -0.229054E-04    0.105145E-04
 4.79993   -0.204945E-04   -0.227058E-04    0.100611E-04
 4.81796   -0.204946E-04   -0.225094E-04    0.961321E-05
 4.83598   -0.204906E-04   -0.223161E-04    0.917073E-05
 4.85401   -0.204826E-04   -0.221259E-04    0.873359E-05
 4.87203   -0.204708E-04   -0.219387E-04    0.830170E-05
 4.89006   -0.204554E-04   -0.217544E-04    0.787496E-05
 4.90809   -0.204365E-04   -0.215729E-04    0.745331E-05
 4.92611   -0.204143E-04   -0.213941E-04    0.703666E-05
 4.94414   -0.203890E-04   -0.212179E-04    0.662494E-05
 4.96216   -0.203606E-04   -0.210444E-04    0.621807E-05
 4.98019   -0.203294E-04   -0.208732E-04    0.581597E-05
 4.99822   -0.202955E-04   -0.207045E-04    0.541857E-05
 5.01624   -0.202590E-04   -0.205382E-04    0.502578E-05
 5.03427   -0.202199E-04   -0.203741E-04    0.463758E-05
 5.05229   -0.201786E-04   -0.202122E-04    0.425386E-05
 5.07032   -0.201350E-04   -0.200525E-04    0.387458E-05
 5.08835   -0.200893E-04   -0.198948E-04    0.349967E-05
 5.10637   -0.200416E-04   -0.197391E-04    0.312906E-05
 5.12440   -0.199920E-04   -0.195854E-04    0.276270E-05
 5.14242   -0.199406E-04   -0.194336E-04    0.240053E-05
 5.16045   -0.198876E-04   -0.192836E-04    0.204247E-05
 5.17848   -0.198329E-04   -0.191355E-04    0.168850E-05
 5.19650   -0.197767E-04   -0.189890E-04    0.133856E-05
 5.21453   -0.197191E-04   -0.188443E-04    0.992577E-06
 5.23256   -0.196602E-04   -0.187012E-04    0.650499E-06
 5.25058   -0.196000E-04   -0.185597E-04    0.312312E-06
 5.26861   -0.195386E-04   -0.184198E-04   -0.221389E-07
 5.28663   -0.194761E-04   -0.182814E-04   -0.352680E-06
 5.30466   -0.194126E-04   -0.181444E-04   -0.679571E-06
 5.32269   -0.193481E-04   -0.180089E-04   -0.100278E-05
 5.34071   -0.192827E-04   -0.178748E-04   -0.132233E-05
 5.35874   -0.192165E-04   -0.177421E-04   -0.163833E-05
 5.37676   -0.191494E-04   -0.176107E-04   -0.195077E-05
 5.39479   -0.190817E-04   -0.174806E-04   -0.225968E-05
 5.41282   -0.190132E-04   -0.173518E-04   -0.256512E-05
 5.43084   -0.189442E-04   -0.172242E-04   -0.286714E-05
 5.44887   -0.188746E-04   -0.170978E-04   -0.316575E-05
 5.46689   -0.188044E-04   -0.169726E-04   -0.346102E-05
 5.48492   -0.187338E-04   -0.168485E-04   -0.375296E-05
 5.50295   -0.186627E-04   -0.167256E-04   -0.404161E-05
 5.52097   -0.185912E-04   -0.166037E-04   -0.432699E-05
 5.53900   -0.185193E-04   -0.164830E-04   -0.460918E-05
 5.55702   -0.184472E-04   -0.163633E-04   -0.488818E-05
 5.57505   -0.183747E-04   -0.162446E-04   -0.516403E-05
 5.59308   -0.183020E-04   -0.161269E-04   -0.543676E-05
 5.61110   -0.182290E-04   -0.160102E-04   -0.570640E-05
 5.62913   -0.181558E-04   -0.158945E-04   -0.597299E-05
 5.64715   -0.180825E-04   -0.157798E-04   -0.623655E-05
 5.66518   -0.180090E-04   -0.156660E-04   -0.649711E-05
 5.68321   -0.179355E-04   -0.155531E-04   -0.675471E-05
 5.70123   -0.178618E-04   -0.154411E-04   -0.700937E-05
 5.71926   -0.177880E-04   -0.153300E-04   -0.726113E-05
 5.73728   -0.177142E-04   -0.152198E-04   -0.751000E-05
 5.75531   -0.176404E-04   -0.151104E-04   -0.775602E-05
 5.77334   -0.175665E-04   -0.150019E-04   -0.799921E-05
 5.79136   -0.174927E-04   -0.148941E-04   -0.823961E-05
 5.80939   -0.174188E-04   -0.147873E-04   -0.847723E-05
 5.82741   -0.173450E-04   -0.146812E-04   -0.871209E-05
 5.84544   -0.172713E-04   -0.145759E-04   -0.894426E-05
 5.86347   -0.171976E-04   -0.144714E-04   -0.917372E-05
 5.88149   -0.171241E-04   -0.143676E-04   -0.940049E-05
 5.89952   -0.170506E-04   -0.142646E-04   -0.962464E-05
 5.91755   -0.169772E-04   -0.141624E-04   -0.984614E-05
 5.93557   -0.169039E-04   -0.140609E-04   -0.100650E-04
 5.95360   -0.168307E-04   -0.139601E-04   -0.102814E-04
 5.97162   -0.167577E-04   -0.138601E-04   -0.104951E-04
 5.98965   -0.166848E-04   -0.137607E-04   -0.107063E-04
 6.00768   -0.166121E-04   -0.136621E-04   -0.109150E-04
 6.02570   -0.165396E-04   -0.135641E-04   -0.111212E-04
 6.04373   -0.164672E-04   -0.134669E-04   -0.113249E-04
 6.06175   -0.163950E-04   -0.133703E-04   -0.115262E-04
 6.07978   -0.163229E-04   -0.132744E-04   -0.117250E-04
 6.09781   -0.162511E-04   -0.131792E-04   -0.119214E-04
 6.11583   -0.161794E-04   -0.130846E-04   -0.121154E-04
 6.13386   -0.161079E-04   -0.129926E-04   -0.123070E-04
 6.15188   -0.160367E-04   -0.128993E-04   -0.124963E-04
 6.16991   -0.159656E-04   -0.128067E-04   -0.126832E-04
 6.18794   -0.158948E-04   -0.127128E-04   -0.128678E-04
 6.20596   -0.158242E-04   -0.126214E-04   -0.130501E-04
 6.22399   -0.157538E-04   -0.125307E-04   -0.132301E-04
 6.24201   -0.156836E-04   -0.124405E-04   -0.134079E-04
 6.26004   -0.156136E-04   -0.123510E-04   -0.135834E-04
 6.27807   -0.155439E-04   -0.122621E-04   -0.137567E-04
 6.29609   -0.154745E-04   -0.121737E-04   -0.139278E-04
 6.31412   -0.154052E-04   -0.120860E-04   -0.140966E-04
 6.33214   -0.153362E-04   -0.119988E-04   -0.142633E-04
 6.35017   -0.152675E-04   -0.119122E-04   -0.144279E-04
 6.36820   -0.151990E-04   -0.118262E-04   -0.145903E-04
 6.38622   -0.151308E-04   -0.117408E-04   -0.147506E-04
 6.40425   -0.150628E-04   -0.116559E-04   -0.149087E-04
 6.42227   -0.149951E-04   -0.115716E-04   -0.150648E-04
 6.44030   -0.149277E-04   -0.114878E-04   -0.152189E-04
 6.45833   -0.148605E-04   -0.114046E-04   -0.153709E-04
 6.47635   -0.147936E-04   -0.113218E-04   -0.155208E-04
 6.49438   -0.147269E-04   -0.112398E-04   -0.156687E-04
 6.51240   -0.146606E-04   -0.111582E-04   -0.158146E-04
 6.53043   -0.145945E-04   -0.110771E-04   -0.159586E-04
 6.54846   -0.145287E-04   -0.109966E-04   -0.161005E-04
 6.56648   -0.144632E-04   -0.109165E-04   -0.162405E-04
 6.58451   -0.143979E-04   -0.108370E-04   -0.163785E-04
 6.60254   -0.143330E-04   -0.107580E-04   -0.165146E-04
 6.62056   -0.142683E-04   -0.106795E-04   -0.166488E-04
 6.63859   -0.142040E-04   -0.106015E-04   -0.167811E-04
 6.65661   -0.141399E-04   -0.105240E-04   -0.169115E-04
 6.67464   -0.140762E-04   -0.104469E-04   -0.170401E-04
 6.69267   -0.140127E-04   -0.103704E-04   -0.171668E-04
 6.71069   -0.139495E-04   -0.102943E-04   -0.172916E-04
 6.72872   -0.138867E-04   -0.102188E-04   -0.174147E-04
 6.74674   -0.138241E-04   -0.101436E-04   -0.175360E-04
 6.76477   -0.137618E-04   -0.100690E-04   -0.176554E-04
 6.78280   -0.136999E-04   -0.999484E-05   -0.177731E-04
 6.80082   -0.136382E-04   -0.992111E-05   -0.178891E-04
 6.81885   -0.135769E-04   -0.984785E-05   -0.180033E-04
 6.83687   -0.135159E-04   -0.977505E-05   -0.181158E-04
 6.85490   -0.134552E-04   -0.970270E-05   -0.182265E-04
 6.87293   -0.133947E-04   -0.963079E-05   -0.183356E-04
 6.89095   -0.133346E-04   -0.955933E-05   -0.184430E-04
 6.90898   -0.132748E-04   -0.948831E-05   -0.185488E-04
 6.92700   -0.132154E-04   -0.941772E-05   -0.186528E-04
 6.94503   -0.131562E-04   -0.934757E-05   -0.187553E-04
 6.96306   -0.130973E-04   -0.927785E-05   -0.188561E-04
 6.98108   -0.130387E-04   -0.920856E-05   -0.189553E-04
 6.99911   -0.129805E-04   -0.913969E-05   -0.190529E-04
 7.01713   -0.129225E-04   -0.907124E-05   -0.191490E-04
 7.03516   -0.128649E-04   -0.900317E-05   -0.192435E-04
 7.05319   -0.128075E-04   -0.893561E-05   -0.193364E-04
 7.07121   -0.127505E-04   -0.886842E-05   -0.194278E-04
 7.08924   -0.126938E-04   -0.880164E-05   -0.195177E-04
 7.10726   -0.126373E-04   -0.873526E-05   -0.196060E-04
 7.12529   -0.125812E-04   -0.866930E-05   -0.196929E-04
 7.14332   -0.125253E-04   -0.860374E-05   -0.197783E-04
 7.16134   -0.124698E-04   -0.853859E-05   -0.198621E-04
 7.17937   -0.124145E-04   -0.847383E-05   -0.199446E-04
 7.19739   -0.123595E-04   -0.840947E-05   -0.200255E-04
 7.21542   -0.123048E-04   -0.834550E-05   -0.201051E-04
 7.23345   -0.122504E-04   -0.828195E-05   -0.201832E-04
 7.25147   -0.121963E-04   -0.821877E-05   -0.202599E-04
 7.26950   -0.121425E-04   -0.815599E-05   -0.203351E-04
 7.28753   -0.120889E-04   -0.809359E-05   -0.204090E-04
 7.30555   -0.120357E-04   -0.803159E-05   -0.204815E-04
 7.32358   -0.119827E-04   -0.796997E-05   -0.205527E-04
 7.34160   -0.119299E-04   -0.790873E-05   -0.206225E-04
 7.35963   -0.118775E-04   -0.784788E-05   -0.206909E-04
 7.37766   -0.118253E-04   -0.778740E-05   -0.207580E-04
 7.39568   -0.117734E-04   -0.772730E-05   -0.208238E-04
 7.41371   -0.117217E-04   -0.766758E-05   -0.208883E-04
 7.43173   -0.116703E-04   -0.760824E-05   -0.209514E-04
 7.44976   -0.116191E-04   -0.754927E-05   -0.210133E-04
 7.46779   -0.115682E-04   -0.749067E-05   -0.210739E-04
 7.48581   -0.115176E-04   -0.743244E-05   -0.211332E-04
 7.50384   -0.114672E-04   -0.737458E-05   -0.211913E-04
 7.52186   -0.114171E-04   -0.731708E-05   -0.212482E-04
 7.53989   -0.113672E-04   -0.725995E-05   -0.213038E-04
 7.55792   -0.113175E-04   -0.720318E-05   -0.213581E-04
 7.57594   -0.112681E-04   -0.714677E-05   -0.214113E-04
 7.59397   -0.112190E-04   -0.709072E-05   -0.214633E-04
 7.61199   -0.111700E-04   -0.703503E-05   -0.215140E-04
 7.63002   -0.111213E-04   -0.697970E-05   -0.215636E-04
 7.64805   -0.110729E-04   -0.692471E-05   -0.216121E-04
 7.66607   -0.110247E-04   -0.687008E-05   -0.216593E-04
 7.68410   -0.109767E-04   -0.681579E-05   -0.217055E-04
 7.70212   -0.109289E-04   -0.676186E-05   -0.217504E-04
 7.72015   -0.108814E-04   -0.670828E-05   -0.217943E-04
 7.73818   -0.108341E-04   -0.665504E-05   -0.218370E-04
 7.75620   -0.107870E-04   -0.660214E-05   -0.218787E-04
 7.77423   -0.107402E-04   -0.654958E-05   -0.219192E-04
 7.79225   -0.106935E-04   -0.649736E-05   -0.219587E-04
 7.81028   -0.106471E-04   -0.644548E-05   -0.219971E-04
 7.82831   -0.106009E-04   -0.639393E-05   -0.220344E-04
 7.84633   -0.105550E-04   -0.634271E-05   -0.220706E-04
 7.86436   -0.105092E-04   -0.629183E-05   -0.221059E-04
 7.88238   -0.104637E-04   -0.624127E-05   -0.221400E-04
 7.90041   -0.104183E-04   -0.619104E-05   -0.221732E-04
 7.91844   -0.103732E-04   -0.614114E-05   -0.222053E-04
 7.93646   -0.103284E-04   -0.609155E-05   -0.222365E-04
 7.95449   -0.102837E-04   -0.604229E-05   -0.222666E-04
 7.97252   -0.102392E-04   -0.599335E-05   -0.222958E-04
 7.99054   -0.101950E-04   -0.594471E-05   -0.223240E-04
 8.00857   -0.101509E-04   -0.589640E-05   -0.223512E-04
 8.02659   -0.101071E-04   -0.584840E-05   -0.223774E-04
 8.04462   -0.100635E-04   -0.580070E-05   -0.224027E-04
 8.06265   -0.100200E-04   -0.575332E-05   -0.224271E-04
 8.08067   -0.997684E-05   -0.570624E-05   -0.224506E-04
 8.09870   -0.993384E-05   -0.565946E-05   -0.224731E-04
 8.11672   -0.989105E-05   -0.561298E-05   -0.224946E-04
 8.13475   -0.984847E-05   -0.556680E-05   -0.225154E-04
 8.15278   -0.980610E-05   -0.552092E-05   -0.225352E-04
 8.17080   -0.976393E-05   -0.547534E-05   -0.225542E-04
 8.18883   -0.972197E-05   -0.543004E-05   -0.225723E-04
 8.20685   -0.968021E-05   -0.538504E-05   -0.225895E-04
 8.22488   -0.963866E-05   -0.534032E-05   -0.226058E-04
 8.24291   -0.959731E-05   -0.529589E-05   -0.226213E-04
 8.26093   -0.955617E-05   -0.525175E-05   -0.226360E-04
 8.27896   -0.951523E-05   -0.520789E-05   -0.226499E-04
 8.29698   -0.947450E-05   -0.516430E-05   -0.226629E-04
 8.31501   -0.943397E-05   -0.512100E-05   -0.226751E-04
 8.33304   -0.939364E-05   -0.507797E-05   -0.226865E-04
 8.35106   -0.935351E-05   -0.503521E-05   -0.226971E-04
 8.36909   -0.931358E-05   -0.499273E-05   -0.227070E-04
 8.38711   -0.927386E-05   -0.495052E-05   -0.227160E-04
 8.40514   -0.923434E-05   -0.490857E-05   -0.227243E-04
 8.42317   -0.919502E-05   -0.486690E-05   -0.227318E-04
 8.44119   -0.915589E-05   -0.482548E-05   -0.227386E-04
 8.45922   -0.911697E-05   -0.478433E-05   -0.227447E-04
 8.47724   -0.907824E-05   -0.474344E-05   -0.227500E-04
 8.49527   -0.903972E-05   -0.470281E-05   -0.227545E-04
 8.51330   -0.900139E-05   -0.466243E-05   -0.227584E-04
 8.53132   -0.896326E-05   -0.462231E-05   -0.227615E-04
 8.54935   -0.892532E-05   -0.458245E-05   -0.227639E-04
 8.56737   -0.888758E-05   -0.454284E-05   -0.227657E-04
 8.58540   -0.885004E-05   -0.450347E-05   -0.227667E-04
 8.60343   -0.881269E-05   -0.446436E-05   -0.227671E-04
 8.62145   -0.877554E-05   -0.442549E-05   -0.227668E-04
 8.63948   -0.873858E-05   -0.438686E-05   -0.227658E-04
 8.65751   -0.870181E-05   -0.434848E-05   -0.227642E-04
 8.67553   -0.866523E-05   -0.431034E-05   -0.227619E-04
 8.69356   -0.862885E-05   -0.427244E-05   -0.227589E-04
 8.71158   -0.859266E-05   -0.423478E-05   -0.227554E-04
 8.72961   -0.855666E-05   -0.419735E-05   -0.227512E-04
 8.74764   -0.852085E-05   -0.416017E-05   -0.227463E-04
 8.76566   -0.848522E-05   -0.412321E-05   -0.227409E-04
 8.78369   -0.844979E-05   -0.408649E-05   -0.227348E-04
 8.80171   -0.841455E-05   -0.404999E-05   -0.227282E-04
 8.81974   -0.837949E-05   -0.401372E-05   -0.227209E-04
 8.83777   -0.834461E-05   -0.397768E-05   -0.227131E-04
 8.85579   -0.830993E-05   -0.394187E-05   -0.227047E-04
 8.87382   -0.827543E-05   -0.390628E-05   -0.226957E-04
 8.89184   -0.824111E-05   -0.387092E-05   -0.226861E-04
 8.90987   -0.820697E-05   -0.383577E-05   -0.226760E-04
 8.92790   -0.817302E-05   -0.380085E-05   -0.226653E-04
 8.94592   -0.813924E-05   -0.376614E-05   -0.226541E-04
 8.96395   -0.810565E-05   -0.373166E-05   -0.226423E-04
 8.98197   -0.807224E-05   -0.369739E-05   -0.226300E-04
 9.00000   -0.803900E-05   -0.366333E-05   -0.226171E-04
