 0.00500    0.384295E-01   -0.187866E-01    0.136792E-01
 0.01250    0.344441E-01   -0.167942E-01    0.121848E-01
 0.02000    0.316326E-01   -0.153889E-01    0.111313E-01
 0.02751    0.294106E-01   -0.142782E-01    0.102989E-01
 0.03501    0.275604E-01   -0.133534E-01    0.960599E-02
 0.04251    0.259720E-01   -0.125597E-01    0.901148E-02
 0.05001    0.245795E-01   -0.118640E-01    0.849064E-02
 0.05751    0.233408E-01   -0.112453E-01    0.802757E-02
 0.06502    0.222261E-01   -0.106886E-01    0.761112E-02
 0.07252    0.212142E-01   -0.101834E-01    0.723336E-02
 0.08002    0.202890E-01   -0.972151E-02    0.688820E-02
 0.08752    0.194376E-01   -0.929669E-02    0.657090E-02
 0.09503    0.186505E-01   -0.890399E-02    0.627776E-02
 0.10253    0.179196E-01   -0.853944E-02    0.600577E-02
 0.11003    0.172383E-01   -0.819972E-02    0.575247E-02
 0.11753    0.166012E-01   -0.788213E-02    0.551581E-02
 0.12503    0.160036E-01   -0.758436E-02    0.529405E-02
 0.13254    0.154418E-01   -0.730445E-02    0.508574E-02
 0.14004    0.149123E-01   -0.704075E-02    0.488961E-02
 0.14754    0.144122E-01   -0.679179E-02    0.470457E-02
 0.15504    0.139389E-01   -0.655627E-02    0.452966E-02
 0.16254    0.134903E-01   -0.633309E-02    0.436403E-02
 0.17005    0.130644E-01   -0.612129E-02    0.420696E-02
 0.17755    0.126595E-01   -0.591999E-02    0.405779E-02
 0.18505    0.122740E-01   -0.572841E-02    0.391593E-02
 0.19255    0.119064E-01   -0.554585E-02    0.378086E-02
 0.20005    0.115557E-01   -0.537168E-02    0.365210E-02
 0.20756    0.112205E-01   -0.520536E-02    0.352923E-02
 0.21506    0.109000E-01   -0.504634E-02    0.341187E-02
 0.22256    0.105932E-01   -0.489418E-02    0.329966E-02
 0.23006    0.102992E-01   -0.474844E-02    0.319229E-02
 0.23756    0.100172E-01   -0.460875E-02    0.308946E-02
 0.24507    0.974662E-02   -0.447473E-02    0.299089E-02
 0.25257    0.948669E-02   -0.434604E-02    0.289635E-02
 0.26007    0.923684E-02   -0.422242E-02    0.280560E-02
 0.26757    0.899653E-02   -0.410358E-02    0.271844E-02
 0.27508    0.876522E-02   -0.398925E-02    0.263467E-02
 0.28258    0.854248E-02   -0.387919E-02    0.255412E-02
 0.29008    0.832783E-02   -0.377320E-02    0.247661E-02
 0.29758    0.812086E-02   -0.367105E-02    0.240199E-02
 0.30508    0.792119E-02   -0.357255E-02    0.233011E-02
 0.31259    0.772846E-02   -0.347753E-02    0.226084E-02
 0.32009    0.754234E-02   -0.338582E-02    0.219406E-02
 0.32759    0.736251E-02   -0.329726E-02    0.212963E-02
 0.33509    0.718867E-02   -0.321170E-02    0.206746E-02
 0.34259    0.702056E-02   -0.312900E-02    0.200744E-02
 0.35010    0.685792E-02   -0.304903E-02    0.194946E-02
 0.35760    0.670049E-02   -0.297168E-02    0.189345E-02
 0.36510    0.654806E-02   -0.289683E-02    0.183930E-02
 0.37260    0.640041E-02   -0.282436E-02    0.178695E-02
 0.38010    0.625732E-02   -0.275419E-02    0.173631E-02
 0.38761    0.611862E-02   -0.268620E-02    0.168731E-02
 0.39511    0.598412E-02   -0.262032E-02    0.163988E-02
 0.40261    0.585365E-02   -0.255644E-02    0.159395E-02
 0.41011    0.572704E-02   -0.249450E-02    0.154947E-02
 0.41761    0.560414E-02   -0.243442E-02    0.150638E-02
 0.42512    0.548480E-02   -0.237611E-02    0.146462E-02
 0.43262    0.536889E-02   -0.231952E-02    0.142413E-02
 0.44012    0.525627E-02   -0.226457E-02    0.138488E-02
 0.44762    0.514681E-02   -0.221120E-02    0.134681E-02
 0.45513    0.504041E-02   -0.215936E-02    0.130987E-02
 0.46263    0.493693E-02   -0.210898E-02    0.127402E-02
 0.47013    0.483628E-02   -0.206001E-02    0.123923E-02
 0.47763    0.473836E-02   -0.201240E-02    0.120545E-02
 0.48513    0.464306E-02   -0.196610E-02    0.117264E-02
 0.49264    0.455029E-02   -0.192106E-02    0.114078E-02
 0.50014    0.445997E-02   -0.187725E-02    0.110983E-02
 0.50764    0.437201E-02   -0.183461E-02    0.107975E-02
 0.51514    0.428632E-02   -0.179311E-02    0.105051E-02
 0.52264    0.420283E-02   -0.175270E-02    0.102209E-02
 0.53015    0.412146E-02   -0.171335E-02    0.994455E-03
 0.53765    0.404215E-02   -0.167502E-02    0.967580E-03
 0.54515    0.396482E-02   -0.163768E-02    0.941438E-03
 0.55265    0.388938E-02   -0.160130E-02    0.916006E-03
 0.56015    0.381585E-02   -0.156584E-02    0.891260E-03
 0.56766    0.374409E-02   -0.153128E-02    0.867177E-03
 0.57516    0.367407E-02   -0.149758E-02    0.843736E-03
 0.58266    0.360573E-02   -0.146472E-02    0.820916E-03
 0.59016    0.353903E-02   -0.143267E-02    0.798696E-03
 0.59766    0.347391E-02   -0.140141E-02    0.777059E-03
 0.60517    0.341032E-02   -0.137091E-02    0.755985E-03
 0.61267    0.334821E-02   -0.134115E-02    0.735456E-03
 0.62017    0.328754E-02   -0.131210E-02    0.715456E-03
 0.62767    0.322827E-02   -0.128375E-02    0.695968E-03
 0.63518    0.317035E-02   -0.125608E-02    0.676976E-03
 0.64268    0.311375E-02   -0.122905E-02    0.658466E-03
 0.65018    0.305842E-02   -0.120266E-02    0.640423E-03
 0.65768    0.300433E-02   -0.117688E-02    0.622832E-03
 0.66518    0.295145E-02   -0.115171E-02    0.605681E-03
 0.67269    0.289973E-02   -0.112711E-02    0.588957E-03
 0.68019    0.284915E-02   -0.110307E-02    0.572647E-03
 0.68769    0.279967E-02   -0.107958E-02    0.556739E-03
 0.69519    0.275126E-02   -0.105663E-02    0.541221E-03
 0.70269    0.270390E-02   -0.103419E-02    0.526082E-03
 0.71020    0.265755E-02   -0.101225E-02    0.511312E-03
 0.71770    0.261218E-02   -0.990803E-03    0.496899E-03
 0.72520    0.256778E-02   -0.969830E-03    0.482834E-03
 0.73270    0.252431E-02   -0.949319E-03    0.469108E-03
 0.74020    0.248175E-02   -0.929258E-03    0.455710E-03
 0.74771    0.244007E-02   -0.909635E-03    0.442633E-03
 0.75521    0.239925E-02   -0.890438E-03    0.429866E-03
 0.76271    0.235928E-02   -0.871656E-03    0.417402E-03
 0.77021    0.232012E-02   -0.853277E-03    0.405233E-03
 0.77771    0.228175E-02   -0.835292E-03    0.393350E-03
 0.78522    0.224416E-02   -0.817690E-03    0.381746E-03
 0.79272    0.220733E-02   -0.800461E-03    0.370414E-03
 0.80022    0.217123E-02   -0.783596E-03    0.359346E-03
 0.80772    0.213586E-02   -0.767086E-03    0.348535E-03
 0.81523    0.210118E-02   -0.750920E-03    0.337975E-03
 0.82273    0.206718E-02   -0.735092E-03    0.327660E-03
 0.83023    0.203385E-02   -0.719591E-03    0.317582E-03
 0.83773    0.200117E-02   -0.704411E-03    0.307736E-03
 0.84523    0.196912E-02   -0.689543E-03    0.298116E-03
 0.85274    0.193770E-02   -0.674980E-03    0.288716E-03
 0.86024    0.190687E-02   -0.660713E-03    0.279531E-03
 0.86774    0.187664E-02   -0.646736E-03    0.270555E-03
 0.87524    0.184698E-02   -0.633043E-03    0.261783E-03
 0.88274    0.181788E-02   -0.619625E-03    0.253210E-03
 0.89025    0.178932E-02   -0.606477E-03    0.244830E-03
 0.89775    0.176131E-02   -0.593592E-03    0.236641E-03
 0.90525    0.173382E-02   -0.580964E-03    0.228636E-03
 0.91275    0.170684E-02   -0.568587E-03    0.220811E-03
 0.92025    0.168036E-02   -0.556455E-03    0.213162E-03
 0.92776    0.165436E-02   -0.544563E-03    0.205685E-03
 0.93526    0.162885E-02   -0.532905E-03    0.198375E-03
 0.94276    0.160380E-02   -0.521476E-03    0.191229E-03
 0.95026    0.157921E-02   -0.510270E-03    0.184242E-03
 0.95776    0.155506E-02   -0.499282E-03    0.177412E-03
 0.96527    0.153135E-02   -0.488508E-03    0.170733E-03
 0.97277    0.150806E-02   -0.477942E-03    0.164204E-03
 0.98027    0.148520E-02   -0.467579E-03    0.157819E-03
 0.98777    0.146274E-02   -0.457417E-03    0.151576E-03
 0.99528    0.144067E-02   -0.447449E-03    0.145472E-03
 1.00278    0.141900E-02   -0.437671E-03    0.139503E-03
 1.01028    0.139771E-02   -0.428081E-03    0.133666E-03
 1.01778    0.137680E-02   -0.418672E-03    0.127958E-03
 1.02528    0.135625E-02   -0.409442E-03    0.122377E-03
 1.03279    0.133606E-02   -0.400387E-03    0.116919E-03
 1.04029    0.131621E-02   -0.391502E-03    0.111581E-03
 1.04779    0.129672E-02   -0.382785E-03    0.106362E-03
 1.05529    0.127756E-02   -0.374231E-03    0.101258E-03
 1.06279    0.125872E-02   -0.365838E-03    0.962669E-04
 1.07030    0.124022E-02   -0.357602E-03    0.913860E-04
 1.07780    0.122202E-02   -0.349519E-03    0.866130E-04
 1.08530    0.120414E-02   -0.341587E-03    0.819455E-04
 1.09280    0.118656E-02   -0.333801E-03    0.773812E-04
 1.10030    0.116927E-02   -0.326160E-03    0.729177E-04
 1.10781    0.115228E-02   -0.318661E-03    0.685529E-04
 1.11531    0.113557E-02   -0.311299E-03    0.642848E-04
 1.12281    0.111915E-02   -0.304073E-03    0.601111E-04
 1.13031    0.110299E-02   -0.296979E-03    0.560298E-04
 1.13781    0.108711E-02   -0.290016E-03    0.520390E-04
 1.14532    0.107148E-02   -0.283180E-03    0.481368E-04
 1.15282    0.105612E-02   -0.276469E-03    0.443211E-04
 1.16032    0.104101E-02   -0.269880E-03    0.405903E-04
 1.16782    0.102615E-02   -0.263411E-03    0.369425E-04
 1.17533    0.101153E-02   -0.257059E-03    0.333758E-04
 1.18283    0.997148E-03   -0.250823E-03    0.298887E-04
 1.19033    0.983001E-03   -0.244700E-03    0.264795E-04
 1.19783    0.969084E-03   -0.238687E-03    0.231465E-04
 1.20533    0.955392E-03   -0.232782E-03    0.198881E-04
 1.21284    0.941921E-03   -0.226984E-03    0.167028E-04
 1.22034    0.928667E-03   -0.221291E-03    0.135891E-04
 1.22784    0.915625E-03   -0.215699E-03    0.105453E-04
 1.23534    0.902793E-03   -0.210208E-03    0.757025E-05
 1.24284    0.890165E-03   -0.204815E-03    0.466233E-05
 1.25035    0.877738E-03   -0.199519E-03    0.182023E-05
 1.25785    0.865508E-03   -0.194317E-03   -0.957369E-06
 1.26535    0.853472E-03   -0.189208E-03   -0.367186E-05
 1.27285    0.841626E-03   -0.184190E-03   -0.632443E-05
 1.28035    0.829967E-03   -0.179262E-03   -0.891644E-05
 1.28786    0.818491E-03   -0.174421E-03   -0.114491E-04
 1.29536    0.807195E-03   -0.169667E-03   -0.139235E-04
 1.30286    0.796075E-03   -0.164996E-03   -0.163408E-04
 1.31036    0.785129E-03   -0.160409E-03   -0.187023E-04
 1.31786    0.774354E-03   -0.155903E-03   -0.210090E-04
 1.32537    0.763747E-03   -0.151478E-03   -0.232620E-04
 1.33287    0.753303E-03   -0.147130E-03   -0.254624E-04
 1.34037    0.743022E-03   -0.142859E-03   -0.276112E-04
 1.34787    0.732898E-03   -0.138664E-03   -0.297094E-04
 1.35538    0.722932E-03   -0.134543E-03   -0.317581E-04
 1.36288    0.713118E-03   -0.130495E-03   -0.337582E-04
 1.37038    0.703455E-03   -0.126518E-03   -0.357108E-04
 1.37788    0.693939E-03   -0.122612E-03   -0.376166E-04
 1.38538    0.684569E-03   -0.118775E-03   -0.394767E-04
 1.39289    0.675342E-03   -0.115005E-03   -0.412920E-04
 1.40039    0.666255E-03   -0.111302E-03   -0.430633E-04
 1.40789    0.657306E-03   -0.107664E-03   -0.447913E-04
 1.41539    0.648493E-03   -0.104091E-03   -0.464771E-04
 1.42289    0.639813E-03   -0.100580E-03   -0.481213E-04
 1.43040    0.631265E-03   -0.971321E-04   -0.497249E-04
 1.43790    0.622846E-03   -0.937446E-04   -0.512884E-04
 1.44540    0.614553E-03   -0.904169E-04   -0.528128E-04
 1.45290    0.606385E-03   -0.871481E-04   -0.542988E-04
 1.46040    0.598340E-03   -0.839368E-04   -0.557472E-04
 1.46791    0.590416E-03   -0.807827E-04   -0.571585E-04
 1.47541    0.582610E-03   -0.776844E-04   -0.585334E-04
 1.48291    0.574922E-03   -0.746410E-04   -0.598728E-04
 1.49041    0.567348E-03   -0.716517E-04   -0.611770E-04
 1.49791    0.559888E-03   -0.687155E-04   -0.624470E-04
 1.50542    0.552539E-03   -0.658315E-04   -0.636833E-04
 1.51292    0.545299E-03   -0.629989E-04   -0.648865E-04
 1.52042    0.538167E-03   -0.602168E-04   -0.660572E-04
 1.52792    0.531142E-03   -0.574844E-04   -0.671960E-04
 1.53543    0.524220E-03   -0.548008E-04   -0.683035E-04
 1.54293    0.517402E-03   -0.521654E-04   -0.693803E-04
 1.55043    0.510685E-03   -0.495773E-04   -0.704269E-04
 1.55793    0.504068E-03   -0.470357E-04   -0.714439E-04
 1.56543    0.497549E-03   -0.445399E-04   -0.724317E-04
 1.57294    0.491127E-03   -0.420892E-04   -0.733910E-04
 1.58044    0.484800E-03   -0.396828E-04   -0.743222E-04
 1.58794    0.478567E-03   -0.373201E-04   -0.752257E-04
 1.59544    0.472426E-03   -0.350005E-04   -0.761021E-04
 1.60294    0.466377E-03   -0.327231E-04   -0.769518E-04
 1.61045    0.460417E-03   -0.304875E-04   -0.777754E-04
 1.61795    0.454546E-03   -0.282929E-04   -0.785731E-04
 1.62545    0.448762E-03   -0.261387E-04   -0.793455E-04
 1.63295    0.443064E-03   -0.240244E-04   -0.800931E-04
 1.64045    0.437451E-03   -0.219495E-04   -0.808161E-04
 1.64796    0.431921E-03   -0.199132E-04   -0.815150E-04
 1.65546    0.426474E-03   -0.179150E-04   -0.821903E-04
 1.66296    0.421109E-03   -0.159544E-04   -0.828422E-04
 1.67046    0.415823E-03   -0.140309E-04   -0.834711E-04
 1.67796    0.410618E-03   -0.121439E-04   -0.840774E-04
 1.68547    0.405490E-03   -0.102930E-04   -0.846615E-04
 1.69297    0.400439E-03   -0.847761E-05   -0.852237E-04
 1.70047    0.395465E-03   -0.669731E-05   -0.857643E-04
 1.70797    0.390566E-03   -0.495167E-05   -0.862836E-04
 1.71548    0.385741E-03   -0.324013E-05   -0.867820E-04
 1.72298    0.380990E-03   -0.156237E-05   -0.872597E-04
 1.73048    0.376311E-03    0.821026E-07   -0.877171E-04
 1.73798    0.371704E-03    0.169368E-05   -0.881544E-04
 1.74548    0.367167E-03    0.327275E-05   -0.885716E-04
 1.75299    0.362701E-03    0.481967E-05   -0.889700E-04
 1.76049    0.358304E-03    0.633487E-05   -0.893487E-04
 1.76799    0.353976E-03    0.781869E-05   -0.897083E-04
 1.77549    0.349715E-03    0.927149E-05   -0.900492E-04
 1.78299    0.345521E-03    0.106936E-04   -0.903715E-04
 1.79050    0.341395E-03    0.120853E-04   -0.906754E-04
 1.79800    0.337333E-03    0.134470E-04   -0.909612E-04
 1.80550    0.333337E-03    0.147788E-04   -0.912290E-04
 1.81300    0.329406E-03    0.160812E-04   -0.914792E-04
 1.82050    0.325538E-03    0.173547E-04   -0.917117E-04
 1.82801    0.321734E-03    0.185990E-04   -0.919268E-04
 1.83551    0.317992E-03    0.198147E-04   -0.921248E-04
 1.84301    0.314313E-03    0.210020E-04   -0.923057E-04
 1.85051    0.310696E-03    0.221611E-04   -0.924696E-04
 1.85802    0.307140E-03    0.232925E-04   -0.926168E-04
 1.86552    0.303644E-03    0.243961E-04   -0.927476E-04
 1.87302    0.300209E-03    0.254723E-04   -0.928618E-04
 1.88052    0.296833E-03    0.265211E-04   -0.929597E-04
 1.88802    0.293517E-03    0.275432E-04   -0.930415E-04
 1.89553    0.290260E-03    0.285383E-04   -0.931072E-04
 1.90303    0.287062E-03    0.295067E-04   -0.931569E-04
 1.91053    0.283921E-03    0.304487E-04   -0.931909E-04
 1.91803    0.280839E-03    0.313645E-04   -0.932093E-04
 1.92553    0.277814E-03    0.322541E-04   -0.932122E-04
 1.93304    0.274846E-03    0.331179E-04   -0.931990E-04
 1.94054    0.271934E-03    0.339559E-04   -0.931707E-04
 1.94804    0.269078E-03    0.347684E-04   -0.931272E-04
 1.95554    0.266279E-03    0.355552E-04   -0.930685E-04
 1.96304    0.263535E-03    0.363170E-04   -0.929947E-04
 1.97055    0.260847E-03    0.370536E-04   -0.929058E-04
 1.97805    0.258213E-03    0.377651E-04   -0.928022E-04
 1.98555    0.255634E-03    0.384521E-04   -0.926837E-04
 1.99305    0.253109E-03    0.391141E-04   -0.925503E-04
 2.00055    0.250639E-03    0.397518E-04   -0.924023E-04
 2.00806    0.248221E-03    0.403651E-04   -0.922398E-04
 2.01556    0.245857E-03    0.409540E-04   -0.920628E-04
 2.02306    0.243546E-03    0.415192E-04   -0.918715E-04
 2.03056    0.241287E-03    0.420605E-04   -0.916660E-04
 2.03807    0.239081E-03    0.425780E-04   -0.914463E-04
 2.04557    0.236926E-03    0.430721E-04   -0.912124E-04
 2.05307    0.234823E-03    0.435429E-04   -0.909647E-04
 2.06057    0.232771E-03    0.439904E-04   -0.907032E-04
 2.06807    0.230769E-03    0.444151E-04   -0.904281E-04
 2.07558    0.228817E-03    0.448170E-04   -0.901394E-04
 2.08308    0.226915E-03    0.451965E-04   -0.898372E-04
 2.09058    0.225062E-03    0.455536E-04   -0.895213E-04
 2.09808    0.223258E-03    0.458887E-04   -0.891931E-04
 2.10558    0.221502E-03    0.462021E-04   -0.888517E-04
 2.11309    0.219793E-03    0.464937E-04   -0.884975E-04
 2.12059    0.218132E-03    0.467643E-04   -0.881305E-04
 2.12809    0.216516E-03    0.470139E-04   -0.877514E-04
 2.13559    0.214947E-03    0.472429E-04   -0.873600E-04
 2.14309    0.213423E-03    0.474515E-04   -0.869566E-04
 2.15060    0.211943E-03    0.476401E-04   -0.865416E-04
 2.15810    0.210506E-03    0.478091E-04   -0.861150E-04
 2.16560    0.209112E-03    0.479589E-04   -0.856770E-04
 2.17310    0.207761E-03    0.480899E-04   -0.852283E-04
 2.18060    0.206450E-03    0.482025E-04   -0.847689E-04
 2.18811    0.205179E-03    0.482968E-04   -0.842991E-04
 2.19561    0.203948E-03    0.483740E-04   -0.838194E-04
 2.20311    0.202756E-03    0.484339E-04   -0.833299E-04
 2.21061    0.201600E-03    0.484773E-04   -0.828310E-04
 2.21812    0.200481E-03    0.485047E-04   -0.823231E-04
 2.22562    0.199396E-03    0.485165E-04   -0.818066E-04
 2.23312    0.198346E-03    0.485135E-04   -0.812820E-04
 2.24062    0.197328E-03    0.484961E-04   -0.807495E-04
 2.24812    0.196342E-03    0.484650E-04   -0.802097E-04
 2.25563    0.195386E-03    0.484208E-04   -0.796629E-04
 2.26313    0.194459E-03    0.483641E-04   -0.791097E-04
 2.27063    0.193559E-03    0.482957E-04   -0.785505E-04
 2.27813    0.192686E-03    0.482163E-04   -0.779859E-04
 2.28563    0.191837E-03    0.481264E-04   -0.774162E-04
 2.29314    0.191011E-03    0.480270E-04   -0.768421E-04
 2.30064    0.190207E-03    0.479185E-04   -0.762642E-04
 2.30814    0.189422E-03    0.478020E-04   -0.756829E-04
 2.31564    0.188657E-03    0.476782E-04   -0.750987E-04
 2.32314    0.187908E-03    0.475478E-04   -0.745124E-04
 2.33065    0.187174E-03    0.474118E-04   -0.739244E-04
 2.33815    0.186454E-03    0.472708E-04   -0.733355E-04
 2.34565    0.185744E-03    0.471259E-04   -0.727461E-04
 2.35315    0.185046E-03    0.469778E-04   -0.721570E-04
 2.36065    0.184355E-03    0.468273E-04   -0.715687E-04
 2.36816    0.183671E-03    0.466755E-04   -0.709818E-04
 2.37566    0.182991E-03    0.465231E-04   -0.703971E-04
 2.38316    0.182314E-03    0.463710E-04   -0.698151E-04
 2.39066    0.181638E-03    0.462202E-04   -0.692365E-04
 2.39817    0.180962E-03    0.460716E-04   -0.686619E-04
 2.40567    0.180283E-03    0.459259E-04   -0.680920E-04
 2.41317    0.179599E-03    0.457842E-04   -0.675274E-04
 2.42067    0.178909E-03    0.456473E-04   -0.669689E-04
 2.42817    0.178211E-03    0.455160E-04   -0.664169E-04
 2.43568    0.177503E-03    0.453915E-04   -0.658722E-04
 2.44318    0.176783E-03    0.452744E-04   -0.653352E-04
 2.45068    0.176050E-03    0.451656E-04   -0.648071E-04
 2.45818    0.175302E-03    0.450660E-04   -0.642881E-04
 2.46568    0.174537E-03    0.449764E-04   -0.637787E-04
 2.47319    0.173754E-03    0.448977E-04   -0.632797E-04
 2.48069    0.172950E-03    0.448307E-04   -0.627916E-04
 2.48819    0.172125E-03    0.447761E-04   -0.623150E-04
 2.49569    0.171276E-03    0.447347E-04   -0.618504E-04
 2.50319    0.170402E-03    0.447073E-04   -0.613984E-04
 2.51070    0.169502E-03    0.446945E-04   -0.609595E-04
 2.51820    0.168575E-03    0.446970E-04   -0.605341E-04
 2.52570    0.167618E-03    0.447156E-04   -0.601229E-04
 2.53320    0.166631E-03    0.447508E-04   -0.597261E-04
 2.54070    0.165613E-03    0.448032E-04   -0.593443E-04
 2.54821    0.164562E-03    0.448733E-04   -0.589779E-04
 2.55571    0.163477E-03    0.449620E-04   -0.586272E-04
 2.56321    0.162357E-03    0.450694E-04   -0.582925E-04
 2.57071    0.161202E-03    0.451960E-04   -0.579743E-04
 2.57822    0.160010E-03    0.453424E-04   -0.576727E-04
 2.58572    0.158781E-03    0.455089E-04   -0.573880E-04
 2.59322    0.157514E-03    0.456958E-04   -0.571207E-04
 2.60072    0.156208E-03    0.459034E-04   -0.568707E-04
 2.60822    0.154863E-03    0.461320E-04   -0.566384E-04
 2.61573    0.153478E-03    0.463819E-04   -0.564236E-04
 2.62323    0.152053E-03    0.466531E-04   -0.562270E-04
 2.63073    0.150587E-03    0.469459E-04   -0.560482E-04
 2.63823    0.149081E-03    0.472603E-04   -0.558874E-04
 2.64573    0.147535E-03    0.475965E-04   -0.557447E-04
 2.65324    0.145947E-03    0.479543E-04   -0.556200E-04
 2.66074    0.144319E-03    0.483338E-04   -0.555134E-04
 2.66824    0.142651E-03    0.487349E-04   -0.554247E-04
 2.67574    0.140942E-03    0.491574E-04   -0.553539E-04
 2.68324    0.139193E-03    0.496013E-04   -0.553006E-04
 2.69075    0.137404E-03    0.500664E-04   -0.552650E-04
 2.69825    0.135576E-03    0.505523E-04   -0.552467E-04
 2.70575    0.133709E-03    0.510588E-04   -0.552456E-04
 2.71325    0.131805E-03    0.515856E-04   -0.552613E-04
 2.72075    0.129863E-03    0.521323E-04   -0.552937E-04
 2.72826    0.127884E-03    0.526986E-04   -0.553424E-04
 2.73576    0.125870E-03    0.532839E-04   -0.554071E-04
 2.74326    0.123821E-03    0.538881E-04   -0.554875E-04
 2.75076    0.121738E-03    0.545104E-04   -0.555832E-04
 2.75827    0.119622E-03    0.551504E-04   -0.556937E-04
 2.76577    0.117474E-03    0.558076E-04   -0.558188E-04
 2.77327    0.115296E-03    0.564814E-04   -0.559580E-04
 2.78077    0.113087E-03    0.571713E-04   -0.561107E-04
 2.78827    0.110851E-03    0.578764E-04   -0.562766E-04
 2.79578    0.108588E-03    0.585963E-04   -0.564551E-04
 2.80328    0.106299E-03    0.593302E-04   -0.566458E-04
 2.81078    0.103986E-03    0.600775E-04   -0.568480E-04
 2.81828    0.101649E-03    0.608372E-04   -0.570614E-04
 2.82578    0.992920E-04    0.616093E-04   -0.572853E-04
 2.83329    0.969146E-04    0.623923E-04   -0.575192E-04
 2.84079    0.945188E-04    0.631858E-04   -0.577625E-04
 2.84829    0.921061E-04    0.639889E-04   -0.580147E-04
 2.85579    0.896779E-04    0.648010E-04   -0.582751E-04
 2.86329    0.872358E-04    0.656212E-04   -0.585433E-04
 2.87080    0.847814E-04    0.664488E-04   -0.588186E-04
 2.87830    0.823161E-04    0.672831E-04   -0.591004E-04
 2.88580    0.798417E-04    0.681232E-04   -0.593882E-04
 2.89330    0.773596E-04    0.689682E-04   -0.596814E-04
 2.90080    0.748714E-04    0.698175E-04   -0.599793E-04
 2.90831    0.723786E-04    0.706704E-04   -0.602815E-04
 2.91581    0.698828E-04    0.715260E-04   -0.605872E-04
 2.92331    0.673856E-04    0.723837E-04   -0.608960E-04
 2.93081    0.648884E-04    0.732424E-04   -0.612073E-04
 2.93832    0.623928E-04    0.741015E-04   -0.615207E-04
 2.94582    0.599002E-04    0.749604E-04   -0.618353E-04
 2.95332    0.574121E-04    0.758182E-04   -0.621506E-04
 2.96082    0.549301E-04    0.766741E-04   -0.624663E-04
 2.96832    0.524553E-04    0.775277E-04   -0.627819E-04
 2.97583    0.499893E-04    0.783782E-04   -0.630967E-04
 2.98333    0.475333E-04    0.792249E-04   -0.634102E-04
 2.99083    0.450888E-04    0.800671E-04   -0.637219E-04
 2.99833    0.426570E-04    0.809038E-04   -0.640315E-04
 3.00583    0.402392E-04    0.817355E-04   -0.643383E-04
 3.01334    0.378365E-04    0.825603E-04   -0.646420E-04
 3.02084    0.354500E-04    0.833785E-04   -0.649422E-04
 3.02834    0.330812E-04    0.841889E-04   -0.652385E-04
 3.03584    0.307309E-04    0.849915E-04   -0.655302E-04
 3.04334    0.284001E-04    0.857856E-04   -0.658172E-04
 3.05085    0.260900E-04    0.865705E-04   -0.660991E-04
 3.05835    0.238014E-04    0.873457E-04   -0.663753E-04
 3.06585    0.215352E-04    0.881111E-04   -0.666457E-04
 3.07335    0.192925E-04    0.888660E-04   -0.669100E-04
 3.08085    0.170739E-04    0.896101E-04   -0.671679E-04
 3.08836    0.148803E-04    0.903430E-04   -0.674190E-04
 3.09586    0.127123E-04    0.910643E-04   -0.676631E-04
 3.10336    0.105708E-04    0.917737E-04   -0.678998E-04
 3.11086    0.845627E-05    0.924708E-04   -0.681289E-04
 3.11837    0.636943E-05    0.931553E-04   -0.683503E-04
 3.12587    0.431082E-05    0.938268E-04   -0.685637E-04
 3.13337    0.228095E-05    0.944854E-04   -0.687691E-04
 3.14087    0.280334E-06    0.951306E-04   -0.689660E-04
 3.14837   -0.169059E-05    0.957623E-04   -0.691545E-04
 3.15588   -0.363144E-05    0.963801E-04   -0.693342E-04
 3.16338   -0.554180E-05    0.969840E-04   -0.695052E-04
 3.17088   -0.742136E-05    0.975737E-04   -0.696673E-04
 3.17838   -0.926983E-05    0.981491E-04   -0.698203E-04
 3.18588   -0.110870E-04    0.987101E-04   -0.699642E-04
 3.19339   -0.128726E-04    0.992567E-04   -0.700989E-04
 3.20089   -0.146265E-04    0.997887E-04   -0.702244E-04
 3.20839   -0.163486E-04    0.100306E-03   -0.703407E-04
 3.21589   -0.180387E-04    0.100809E-03   -0.704475E-04
 3.22339   -0.196969E-04    0.101297E-03   -0.705452E-04
 3.23090   -0.213230E-04    0.101773E-03   -0.706333E-04
 3.23840   -0.229171E-04    0.102228E-03   -0.707121E-04
 3.24590   -0.244792E-04    0.102672E-03   -0.707815E-04
 3.25340   -0.260094E-04    0.103101E-03   -0.708416E-04
 3.26090   -0.275077E-04    0.103515E-03   -0.708924E-04
 3.26841   -0.289742E-04    0.103915E-03   -0.709339E-04
 3.27591   -0.304091E-04    0.104300E-03   -0.709662E-04
 3.28341   -0.318123E-04    0.104671E-03   -0.709891E-04
 3.29091   -0.331843E-04    0.105027E-03   -0.710032E-04
 3.29842   -0.345251E-04    0.105369E-03   -0.710083E-04
 3.30592   -0.358350E-04    0.105697E-03   -0.710043E-04
 3.31342   -0.371142E-04    0.106010E-03   -0.709914E-04
 3.32092   -0.383630E-04    0.106310E-03   -0.709697E-04
 3.32842   -0.395815E-04    0.106596E-03   -0.709394E-04
 3.33593   -0.407700E-04    0.106868E-03   -0.709003E-04
 3.34343   -0.419290E-04    0.107127E-03   -0.708529E-04
 3.35093   -0.430587E-04    0.107372E-03   -0.707971E-04
 3.35843   -0.441593E-04    0.107604E-03   -0.707331E-04
 3.36593   -0.452313E-04    0.107823E-03   -0.706609E-04
 3.37344   -0.462751E-04    0.108029E-03   -0.705807E-04
 3.38094   -0.472909E-04    0.108223E-03   -0.704927E-04
 3.38844   -0.482791E-04    0.108403E-03   -0.703969E-04
 3.39594   -0.492402E-04    0.108572E-03   -0.702935E-04
 3.40344   -0.501745E-04    0.108728E-03   -0.701827E-04
 3.41095   -0.510823E-04    0.108873E-03   -0.700645E-04
 3.41845   -0.519642E-04    0.109006E-03   -0.699391E-04
 3.42595   -0.528203E-04    0.109127E-03   -0.698068E-04
 3.43345   -0.536514E-04    0.109236E-03   -0.696673E-04
 3.44095   -0.544576E-04    0.109335E-03   -0.695213E-04
 3.44846   -0.552394E-04    0.109423E-03   -0.693688E-04
 3.45596   -0.559973E-04    0.109500E-03   -0.692097E-04
 3.46346   -0.567316E-04    0.109566E-03   -0.690445E-04
 3.47096   -0.574428E-04    0.109622E-03   -0.688730E-04
 3.47847   -0.581312E-04    0.109668E-03   -0.686954E-04
 3.48597   -0.587972E-04    0.109704E-03   -0.685122E-04
 3.49347   -0.594414E-04    0.109730E-03   -0.683232E-04
 3.50097   -0.600641E-04    0.109747E-03   -0.681286E-04
 3.50847   -0.606657E-04    0.109754E-03   -0.679285E-04
 3.51598   -0.612467E-04    0.109752E-03   -0.677235E-04
 3.52348   -0.618075E-04    0.109742E-03   -0.675131E-04
 3.53098   -0.623484E-04    0.109722E-03   -0.672978E-04
 3.53848   -0.628699E-04    0.109694E-03   -0.670778E-04
 3.54598   -0.633724E-04    0.109658E-03   -0.668530E-04
 3.55349   -0.638563E-04    0.109614E-03   -0.666237E-04
 3.56099   -0.643219E-04    0.109562E-03   -0.663900E-04
 3.56849   -0.647698E-04    0.109502E-03   -0.661521E-04
 3.57599   -0.652002E-04    0.109434E-03   -0.659101E-04
 3.58349   -0.656135E-04    0.109360E-03   -0.656640E-04
 3.59100   -0.660102E-04    0.109278E-03   -0.654141E-04
 3.59850   -0.663906E-04    0.109189E-03   -0.651604E-04
 3.60600   -0.667551E-04    0.109093E-03   -0.649033E-04
 3.61350   -0.671040E-04    0.108991E-03   -0.646426E-04
 3.62101   -0.674378E-04    0.108882E-03   -0.643786E-04
 3.62851   -0.677567E-04    0.108767E-03   -0.641115E-04
 3.63601   -0.680610E-04    0.108646E-03   -0.638412E-04
 3.64351   -0.683513E-04    0.108519E-03   -0.635679E-04
 3.65101   -0.686278E-04    0.108387E-03   -0.632918E-04
 3.65852   -0.688908E-04    0.108248E-03   -0.630130E-04
 3.66602   -0.691407E-04    0.108105E-03   -0.627316E-04
 3.67352   -0.693778E-04    0.107956E-03   -0.624477E-04
 3.68102   -0.696024E-04    0.107802E-03   -0.621614E-04
 3.68852   -0.698148E-04    0.107643E-03   -0.618728E-04
 3.69603   -0.700153E-04    0.107479E-03   -0.615820E-04
 3.70353   -0.702044E-04    0.107310E-03   -0.612891E-04
 3.71103   -0.703820E-04    0.107137E-03   -0.609942E-04
 3.71853   -0.705487E-04    0.106960E-03   -0.606974E-04
 3.72603   -0.707046E-04    0.106778E-03   -0.603989E-04
 3.73354   -0.708501E-04    0.106592E-03   -0.600987E-04
 3.74104   -0.709855E-04    0.106402E-03   -0.597968E-04
 3.74854   -0.711109E-04    0.106209E-03   -0.594934E-04
 3.75604   -0.712267E-04    0.106012E-03   -0.591886E-04
 3.76354   -0.713331E-04    0.105811E-03   -0.588825E-04
 3.77105   -0.714304E-04    0.105606E-03   -0.585750E-04
 3.77855   -0.715188E-04    0.105398E-03   -0.582664E-04
 3.78605   -0.715985E-04    0.105187E-03   -0.579567E-04
 3.79355   -0.716698E-04    0.104973E-03   -0.576460E-04
 3.80106   -0.717329E-04    0.104756E-03   -0.573342E-04
 3.80856   -0.717880E-04    0.104535E-03   -0.570216E-04
 3.81606   -0.718354E-04    0.104313E-03   -0.567083E-04
 3.82356   -0.718753E-04    0.104087E-03   -0.563941E-04
 3.83106   -0.719078E-04    0.103859E-03   -0.560793E-04
 3.83857   -0.719332E-04    0.103628E-03   -0.557639E-04
 3.84607   -0.719517E-04    0.103394E-03   -0.554479E-04
 3.85357   -0.719635E-04    0.103159E-03   -0.551315E-04
 3.86107   -0.719686E-04    0.102921E-03   -0.548146E-04
 3.86857   -0.719675E-04    0.102681E-03   -0.544974E-04
 3.87608   -0.719601E-04    0.102439E-03   -0.541797E-04
 3.88358   -0.719467E-04    0.102195E-03   -0.538619E-04
 3.89108   -0.719275E-04    0.101949E-03   -0.535441E-04
 3.89858   -0.719026E-04    0.101701E-03   -0.532259E-04
 3.90608   -0.718722E-04    0.101452E-03   -0.529075E-04
 3.91359   -0.718364E-04    0.101201E-03   -0.525891E-04
 3.92109   -0.717954E-04    0.100948E-03   -0.522708E-04
 3.92859   -0.717494E-04    0.100694E-03   -0.519525E-04
 3.93609   -0.716984E-04    0.100438E-03   -0.516343E-04
 3.94359   -0.716427E-04    0.100181E-03   -0.513162E-04
 3.95110   -0.715824E-04    0.999220E-04   -0.509983E-04
 3.95860   -0.715176E-04    0.996622E-04   -0.506805E-04
 3.96610   -0.714484E-04    0.994012E-04   -0.503630E-04
 3.97360   -0.713750E-04    0.991390E-04   -0.500457E-04
 3.98111   -0.712974E-04    0.988758E-04   -0.497288E-04
 3.98861   -0.712159E-04    0.986115E-04   -0.494122E-04
 3.99611   -0.711306E-04    0.983463E-04   -0.490961E-04
 4.00361   -0.710415E-04    0.980801E-04   -0.487804E-04
 4.01111   -0.709488E-04    0.978130E-04   -0.484651E-04
 4.01862   -0.708525E-04    0.975452E-04   -0.481503E-04
 4.02612   -0.707529E-04    0.972765E-04   -0.478360E-04
 4.03362   -0.706499E-04    0.970072E-04   -0.475222E-04
 4.04112   -0.705437E-04    0.967371E-04   -0.472090E-04
 4.04862   -0.704344E-04    0.964665E-04   -0.468963E-04
 4.05613   -0.703222E-04    0.961952E-04   -0.465843E-04
 4.06363   -0.702069E-04    0.959234E-04   -0.462730E-04
 4.07113   -0.700889E-04    0.956511E-04   -0.459623E-04
 4.07863   -0.699681E-04    0.953784E-04   -0.456523E-04
 4.08613   -0.698447E-04    0.951052E-04   -0.453430E-04
 4.09364   -0.697186E-04    0.948316E-04   -0.450344E-04
 4.10114   -0.695901E-04    0.945577E-04   -0.447266E-04
 4.10864   -0.694592E-04    0.942834E-04   -0.444196E-04
 4.11614   -0.693260E-04    0.940089E-04   -0.441134E-04
 4.12364   -0.691905E-04    0.937341E-04   -0.438079E-04
 4.13115   -0.690528E-04    0.934592E-04   -0.435033E-04
 4.13865   -0.689130E-04    0.931840E-04   -0.431996E-04
 4.14615   -0.687712E-04    0.929087E-04   -0.428968E-04
 4.15365   -0.686274E-04    0.926333E-04   -0.425948E-04
 4.16116   -0.684817E-04    0.923577E-04   -0.422937E-04
 4.16866   -0.683342E-04    0.920822E-04   -0.419935E-04
 4.17616   -0.681849E-04    0.918065E-04   -0.416943E-04
 4.18366   -0.680339E-04    0.915309E-04   -0.413960E-04
 4.19116   -0.678812E-04    0.912553E-04   -0.410986E-04
 4.19867   -0.677269E-04    0.909798E-04   -0.408023E-04
 4.20617   -0.675712E-04    0.907043E-04   -0.405069E-04
 4.21367   -0.674139E-04    0.904289E-04   -0.402124E-04
 4.22117   -0.672552E-04    0.901536E-04   -0.399190E-04
 4.22867   -0.670951E-04    0.898785E-04   -0.396267E-04
 4.23618   -0.669337E-04    0.896035E-04   -0.393353E-04
 4.24368   -0.667711E-04    0.893287E-04   -0.390450E-04
 4.25118   -0.666072E-04    0.890541E-04   -0.387558E-04
 4.25868   -0.664422E-04    0.887798E-04   -0.384675E-04
 4.26618   -0.662760E-04    0.885057E-04   -0.381804E-04
 4.27369   -0.661087E-04    0.882318E-04   -0.378943E-04
 4.28119   -0.659404E-04    0.879582E-04   -0.376093E-04
 4.28869   -0.657711E-04    0.876849E-04   -0.373254E-04
 4.29619   -0.656008E-04    0.874119E-04   -0.370425E-04
 4.30369   -0.654296E-04    0.871393E-04   -0.367608E-04
 4.31120   -0.652576E-04    0.868670E-04   -0.364802E-04
 4.31870   -0.650847E-04    0.865951E-04   -0.362007E-04
 4.32620   -0.649110E-04    0.863235E-04   -0.359223E-04
 4.33370   -0.647366E-04    0.860523E-04   -0.356450E-04
 4.34121   -0.645614E-04    0.857815E-04   -0.353689E-04
 4.34871   -0.643855E-04    0.855112E-04   -0.350940E-04
 4.35621   -0.642090E-04    0.852413E-04   -0.348202E-04
 4.36371   -0.640318E-04    0.849718E-04   -0.345475E-04
 4.37121   -0.638541E-04    0.847028E-04   -0.342760E-04
 4.37872   -0.636758E-04    0.844342E-04   -0.340056E-04
 4.38622   -0.634970E-04    0.841662E-04   -0.337364E-04
 4.39372   -0.633176E-04    0.838986E-04   -0.334684E-04
 4.40122   -0.631378E-04    0.836315E-04   -0.332015E-04
 4.40872   -0.629576E-04    0.833650E-04   -0.329359E-04
 4.41623   -0.627769E-04    0.830989E-04   -0.326714E-04
 4.42373   -0.625959E-04    0.828335E-04   -0.324081E-04
 4.43123   -0.624145E-04    0.825685E-04   -0.321460E-04
 4.43873   -0.622327E-04    0.823041E-04   -0.318851E-04
 4.44623   -0.620507E-04    0.820403E-04   -0.316255E-04
 4.45374   -0.618683E-04    0.817770E-04   -0.313670E-04
 4.46124   -0.616857E-04    0.815143E-04   -0.311098E-04
 4.46874   -0.615029E-04    0.812522E-04   -0.308537E-04
 4.47624   -0.613198E-04    0.809907E-04   -0.305989E-04
 4.48374   -0.611366E-04    0.807298E-04   -0.303454E-04
 4.49125   -0.609531E-04    0.804695E-04   -0.300930E-04
 4.49875   -0.607696E-04    0.802099E-04   -0.298419E-04
 4.50625   -0.605858E-04    0.799508E-04   -0.295921E-04
 4.51375   -0.604020E-04    0.796924E-04   -0.293434E-04
 4.52126   -0.602181E-04    0.794347E-04   -0.290961E-04
 4.52876   -0.600341E-04    0.791775E-04   -0.288499E-04
 4.53626   -0.598500E-04    0.789210E-04   -0.286050E-04
 4.54376   -0.596660E-04    0.786652E-04   -0.283614E-04
 4.55126   -0.594818E-04    0.784101E-04   -0.281189E-04
 4.55877   -0.592977E-04    0.781556E-04   -0.278778E-04
 4.56627   -0.591136E-04    0.779018E-04   -0.276379E-04
 4.57377   -0.589296E-04    0.776486E-04   -0.273992E-04
 4.58127   -0.587455E-04    0.773962E-04   -0.271617E-04
 4.58877   -0.585616E-04    0.771444E-04   -0.269256E-04
 4.59628   -0.583777E-04    0.768933E-04   -0.266906E-04
 4.60378   -0.581940E-04    0.766429E-04   -0.264569E-04
 4.61128   -0.580103E-04    0.763933E-04   -0.262244E-04
 4.61878   -0.578268E-04    0.761443E-04   -0.259932E-04
 4.62628   -0.576434E-04    0.758960E-04   -0.257631E-04
 4.63379   -0.574601E-04    0.756485E-04   -0.255343E-04
 4.64129   -0.572771E-04    0.754017E-04   -0.253067E-04
 4.64879   -0.570942E-04    0.751556E-04   -0.250803E-04
 4.65629   -0.569115E-04    0.749102E-04   -0.248552E-04
 4.66379   -0.567290E-04    0.746656E-04   -0.246312E-04
 4.67130   -0.565468E-04    0.744216E-04   -0.244084E-04
 4.67880   -0.563647E-04    0.741785E-04   -0.241869E-04
 4.68630   -0.561830E-04    0.739360E-04   -0.239665E-04
 4.69380   -0.560015E-04    0.736943E-04   -0.237473E-04
 4.70131   -0.558202E-04    0.734534E-04   -0.235292E-04
 4.70881   -0.556393E-04    0.732132E-04   -0.233123E-04
 4.71631   -0.554586E-04    0.729738E-04   -0.230966E-04
 4.72381   -0.552782E-04    0.727351E-04   -0.228821E-04
 4.73131   -0.550982E-04    0.724972E-04   -0.226686E-04
 4.73882   -0.549185E-04    0.722600E-04   -0.224564E-04
 4.74632   -0.547391E-04    0.720236E-04   -0.222452E-04
 4.75382   -0.545601E-04    0.717880E-04   -0.220352E-04
 4.76132   -0.543815E-04    0.715531E-04   -0.218263E-04
 4.76882   -0.542032E-04    0.713190E-04   -0.216186E-04
 4.77633   -0.540253E-04    0.710857E-04   -0.214119E-04
 4.78383   -0.538478E-04    0.708532E-04   -0.212064E-04
 4.79133   -0.536707E-04    0.706214E-04   -0.210020E-04
 4.79883   -0.534940E-04    0.703904E-04   -0.207987E-04
 4.80633   -0.533178E-04    0.701602E-04   -0.205964E-04
 4.81384   -0.531419E-04    0.699308E-04   -0.203952E-04
 4.82134   -0.529666E-04    0.697022E-04   -0.201951E-04
 4.82884   -0.527916E-04    0.694744E-04   -0.199961E-04
 4.83634   -0.526172E-04    0.692473E-04   -0.197982E-04
 4.84384   -0.524432E-04    0.690211E-04   -0.196013E-04
 4.85135   -0.522696E-04    0.687956E-04   -0.194055E-04
 4.85885   -0.520966E-04    0.685710E-04   -0.192108E-04
 4.86635   -0.519240E-04    0.683471E-04   -0.190172E-04
 4.87385   -0.517520E-04    0.681241E-04   -0.188245E-04
 4.88136   -0.515804E-04    0.679018E-04   -0.186330E-04
 4.88886   -0.514094E-04    0.676804E-04   -0.184425E-04
 4.89636   -0.512389E-04    0.674597E-04   -0.182531E-04
 4.90386   -0.510690E-04    0.672399E-04   -0.180647E-04
 4.91136   -0.508995E-04    0.670208E-04   -0.178773E-04
 4.91887   -0.507307E-04    0.668026E-04   -0.176911E-04
 4.92637   -0.505623E-04    0.665852E-04   -0.175058E-04
 4.93387   -0.503946E-04    0.663686E-04   -0.173216E-04
 4.94137   -0.502274E-04    0.661528E-04   -0.171385E-04
 4.94887   -0.500608E-04    0.659378E-04   -0.169564E-04
 4.95638   -0.498947E-04    0.657236E-04   -0.167753E-04
 4.96388   -0.497292E-04    0.655103E-04   -0.165953E-04
 4.97138   -0.495644E-04    0.652977E-04   -0.164163E-04
 4.97888   -0.494001E-04    0.650860E-04   -0.162383E-04
 4.98638   -0.492364E-04    0.648750E-04   -0.160614E-04
 4.99389   -0.490733E-04    0.646649E-04   -0.158855E-04
 5.00139   -0.489108E-04    0.644556E-04   -0.157107E-04
 5.00889   -0.487490E-04    0.642471E-04   -0.155369E-04
 5.01639   -0.485877E-04    0.640395E-04   -0.153641E-04
 5.02389   -0.484271E-04    0.638326E-04   -0.151923E-04
 5.03140   -0.482671E-04    0.636265E-04   -0.150215E-04
 5.03890   -0.481077E-04    0.634213E-04   -0.148518E-04
 5.04640   -0.479489E-04    0.632169E-04   -0.146831E-04
 5.05390   -0.477908E-04    0.630132E-04   -0.145154E-04
 5.06141   -0.476333E-04    0.628104E-04   -0.143487E-04
 5.06891   -0.474764E-04    0.626084E-04   -0.141830E-04
 5.07641   -0.473202E-04    0.624072E-04   -0.140183E-04
 5.08391   -0.471646E-04    0.622067E-04   -0.138547E-04
 5.09141   -0.470097E-04    0.620071E-04   -0.136920E-04
 5.09892   -0.468554E-04    0.618083E-04   -0.135303E-04
 5.10642   -0.467017E-04    0.616103E-04   -0.133696E-04
 5.11392   -0.465487E-04    0.614131E-04   -0.132099E-04
 5.12142   -0.463963E-04    0.612166E-04   -0.130512E-04
 5.12892   -0.462446E-04    0.610210E-04   -0.128935E-04
 5.13643   -0.460935E-04    0.608261E-04   -0.127367E-04
 5.14393   -0.459431E-04    0.606321E-04   -0.125809E-04
 5.15143   -0.457933E-04    0.604388E-04   -0.124261E-04
 5.15893   -0.456441E-04    0.602463E-04   -0.122723E-04
 5.16643   -0.454956E-04    0.600545E-04   -0.121194E-04
 5.17394   -0.453477E-04    0.598636E-04   -0.119674E-04
 5.18144   -0.452005E-04    0.596734E-04   -0.118164E-04
 5.18894   -0.450539E-04    0.594839E-04   -0.116664E-04
 5.19644   -0.449079E-04    0.592953E-04   -0.115173E-04
 5.20394   -0.447626E-04    0.591074E-04   -0.113691E-04
 5.21145   -0.446179E-04    0.589202E-04   -0.112218E-04
 5.21895   -0.444738E-04    0.587338E-04   -0.110754E-04
 5.22645   -0.443303E-04    0.585482E-04   -0.109300E-04
 5.23395   -0.441874E-04    0.583633E-04   -0.107855E-04
 5.24146   -0.440452E-04    0.581792E-04   -0.106419E-04
 5.24896   -0.439036E-04    0.579958E-04   -0.104992E-04
 5.25646   -0.437625E-04    0.578131E-04   -0.103573E-04
 5.26396   -0.436221E-04    0.576311E-04   -0.102164E-04
 5.27146   -0.434823E-04    0.574499E-04   -0.100763E-04
 5.27897   -0.433431E-04    0.572694E-04   -0.993714E-05
 5.28647   -0.432044E-04    0.570896E-04   -0.979883E-05
 5.29397   -0.430664E-04    0.569106E-04   -0.966141E-05
 5.30147   -0.429289E-04    0.567322E-04   -0.952480E-05
 5.30897   -0.427920E-04    0.565545E-04   -0.938902E-05
 5.31648   -0.426557E-04    0.563775E-04   -0.925413E-05
 5.32398   -0.425199E-04    0.562013E-04   -0.912006E-05
 5.33148   -0.423847E-04    0.560256E-04   -0.898682E-05
 5.33898   -0.422500E-04    0.558508E-04   -0.885440E-05
 5.34648   -0.421159E-04    0.556765E-04   -0.872281E-05
 5.35399   -0.419823E-04    0.555030E-04   -0.859193E-05
 5.36149   -0.418493E-04    0.553301E-04   -0.846195E-05
 5.36899   -0.417167E-04    0.551579E-04   -0.833278E-05
 5.37649   -0.415847E-04    0.549863E-04   -0.820438E-05
 5.38399   -0.414532E-04    0.548154E-04   -0.807679E-05
 5.39150   -0.413222E-04    0.546452E-04   -0.794996E-05
 5.39900   -0.411917E-04    0.544756E-04   -0.782393E-05
 5.40650   -0.410617E-04    0.543066E-04   -0.769866E-05
 5.41400   -0.409322E-04    0.541383E-04   -0.757420E-05
 5.42151   -0.408031E-04    0.539705E-04   -0.745041E-05
 5.42901   -0.406746E-04    0.538035E-04   -0.732742E-05
 5.43651   -0.405465E-04    0.536370E-04   -0.720516E-05
 5.44401   -0.404188E-04    0.534711E-04   -0.708365E-05
 5.45151   -0.402916E-04    0.533059E-04   -0.696287E-05
 5.45902   -0.401649E-04    0.531413E-04   -0.684283E-05
 5.46652   -0.400385E-04    0.529772E-04   -0.672350E-05
 5.47402   -0.399126E-04    0.528138E-04   -0.660489E-05
 5.48152   -0.397872E-04    0.526509E-04   -0.648699E-05
 5.48902   -0.396621E-04    0.524886E-04   -0.636980E-05
 5.49653   -0.395375E-04    0.523270E-04   -0.625330E-05
 5.50403   -0.394133E-04    0.521658E-04   -0.613752E-05
 5.51153   -0.392894E-04    0.520053E-04   -0.602239E-05
 5.51903   -0.391660E-04    0.518453E-04   -0.590796E-05
 5.52653   -0.390429E-04    0.516859E-04   -0.579421E-05
 5.53404   -0.389203E-04    0.515270E-04   -0.568113E-05
 5.54154   -0.387979E-04    0.513687E-04   -0.556871E-05
 5.54904   -0.386760E-04    0.512109E-04   -0.545696E-05
 5.55654   -0.385544E-04    0.510537E-04   -0.534586E-05
 5.56405   -0.384332E-04    0.508970E-04   -0.523541E-05
 5.57155   -0.383123E-04    0.507411E-04   -0.512560E-05
 5.57905   -0.381918E-04    0.505852E-04   -0.501644E-05
 5.58655   -0.380716E-04    0.504301E-04   -0.490791E-05
 5.59405   -0.379517E-04    0.502755E-04   -0.480000E-05
 5.60156   -0.378322E-04    0.501215E-04   -0.469273E-05
 5.60906   -0.377130E-04    0.499679E-04   -0.458607E-05
 5.61656   -0.375941E-04    0.498149E-04   -0.448003E-05
 5.62406   -0.374755E-04    0.496623E-04   -0.437460E-05
 5.63156   -0.373573E-04    0.495103E-04   -0.426977E-05
 5.63907   -0.372393E-04    0.493587E-04   -0.416555E-05
 5.64657   -0.371216E-04    0.492077E-04   -0.406192E-05
 5.65407   -0.370042E-04    0.490571E-04   -0.395888E-05
 5.66157   -0.368872E-04    0.489070E-04   -0.385643E-05
 5.66907   -0.367704E-04    0.487574E-04   -0.375456E-05
 5.67658   -0.366539E-04    0.486083E-04   -0.365328E-05
 5.68408   -0.365376E-04    0.484597E-04   -0.355257E-05
 5.69158   -0.364217E-04    0.483115E-04   -0.345243E-05
 5.69908   -0.363060E-04    0.481638E-04   -0.335286E-05
 5.70658   -0.361906E-04    0.480166E-04   -0.325384E-05
 5.71409   -0.360754E-04    0.478699E-04   -0.315539E-05
 5.72159   -0.359605E-04    0.477236E-04   -0.305749E-05
 5.72909   -0.358459E-04    0.475777E-04   -0.296015E-05
 5.73659   -0.357315E-04    0.474324E-04   -0.286335E-05
 5.74410   -0.356174E-04    0.472874E-04   -0.276709E-05
 5.75160   -0.355036E-04    0.471429E-04   -0.267138E-05
 5.75910   -0.353900E-04    0.469989E-04   -0.257619E-05
 5.76660   -0.352766E-04    0.468553E-04   -0.248155E-05
 5.77410   -0.351635E-04    0.467121E-04   -0.238743E-05
 5.78161   -0.350506E-04    0.465694E-04   -0.229384E-05
 5.78911   -0.349380E-04    0.464272E-04   -0.220078E-05
 5.79661   -0.348257E-04    0.462853E-04   -0.210823E-05
 5.80411   -0.347135E-04    0.461440E-04   -0.201621E-05
 5.81161   -0.346017E-04    0.460030E-04   -0.192470E-05
 5.81912   -0.344900E-04    0.458625E-04   -0.183370E-05
 5.82662   -0.343786E-04    0.457224E-04   -0.174321E-05
 5.83412   -0.342675E-04    0.455827E-04   -0.165322E-05
 5.84162   -0.341566E-04    0.454435E-04   -0.156375E-05
 5.84912   -0.340459E-04    0.453047E-04   -0.147477E-05
 5.85663   -0.339354E-04    0.451663E-04   -0.138629E-05
 5.86413   -0.338253E-04    0.450283E-04   -0.129831E-05
 5.87163   -0.337153E-04    0.448908E-04   -0.121082E-05
 5.87913   -0.336056E-04    0.447537E-04   -0.112383E-05
 5.88663   -0.334961E-04    0.446170E-04   -0.103731E-05
 5.89414   -0.333869E-04    0.444807E-04   -0.951288E-06
 5.90164   -0.332779E-04    0.443448E-04   -0.865753E-06
 5.90914   -0.331692E-04    0.442094E-04   -0.780701E-06
 5.91664   -0.330607E-04    0.440744E-04   -0.696136E-06
 5.92415   -0.329525E-04    0.439398E-04   -0.612044E-06
 5.93165   -0.328445E-04    0.438056E-04   -0.528423E-06
 5.93915   -0.327367E-04    0.436719E-04   -0.445293E-06
 5.94665   -0.326292E-04    0.435384E-04   -0.362618E-06
 5.95415   -0.325220E-04    0.434055E-04   -0.280429E-06
 5.96166   -0.324150E-04    0.432730E-04   -0.198706E-06
 5.96916   -0.323082E-04    0.431409E-04   -0.117448E-06
 5.97666   -0.322017E-04    0.430091E-04   -0.366535E-07
 5.98416   -0.320955E-04    0.428778E-04    0.436742E-07
 5.99166   -0.319895E-04    0.427469E-04    0.123540E-06
 5.99917   -0.318838E-04    0.426165E-04    0.202947E-06
 6.00667   -0.317783E-04    0.424864E-04    0.281895E-06
 6.01417   -0.316731E-04    0.423567E-04    0.360385E-06
 6.02167   -0.315682E-04    0.422275E-04    0.438419E-06
 6.02917   -0.314635E-04    0.420987E-04    0.515999E-06
 6.03668   -0.313591E-04    0.419702E-04    0.593134E-06
 6.04418   -0.312550E-04    0.418422E-04    0.669812E-06
 6.05168   -0.311511E-04    0.417146E-04    0.746040E-06
 6.05918   -0.310475E-04    0.415874E-04    0.821820E-06
 6.06668   -0.309442E-04    0.414605E-04    0.897155E-06
 6.07419   -0.308411E-04    0.413341E-04    0.972048E-06
 6.08169   -0.307383E-04    0.412081E-04    0.104648E-05
 6.08919   -0.306358E-04    0.410826E-04    0.112049E-05
 6.09669   -0.305336E-04    0.409574E-04    0.119406E-05
 6.10420   -0.304316E-04    0.408326E-04    0.126719E-05
 6.11170   -0.303300E-04    0.407082E-04    0.133988E-05
 6.11920   -0.302286E-04    0.405843E-04    0.141214E-05
 6.12670   -0.301275E-04    0.404607E-04    0.148396E-05
 6.13420   -0.300266E-04    0.403375E-04    0.155535E-05
 6.14171   -0.299261E-04    0.402147E-04    0.162631E-05
 6.14921   -0.298258E-04    0.400924E-04    0.169684E-05
 6.15671   -0.297259E-04    0.399704E-04    0.176695E-05
 6.16421   -0.296262E-04    0.398488E-04    0.183662E-05
 6.17171   -0.295268E-04    0.397277E-04    0.190587E-05
 6.17922   -0.294277E-04    0.396069E-04    0.197470E-05
 6.18672   -0.293289E-04    0.394865E-04    0.204311E-05
 6.19422   -0.292304E-04    0.393666E-04    0.211108E-05
 6.20172   -0.291322E-04    0.392471E-04    0.217867E-05
 6.20922   -0.290343E-04    0.391279E-04    0.224583E-05
 6.21673   -0.289367E-04    0.390091E-04    0.231257E-05
 6.22423   -0.288394E-04    0.388907E-04    0.237887E-05
 6.23173   -0.287424E-04    0.387727E-04    0.244479E-05
 6.23923   -0.286457E-04    0.386552E-04    0.251029E-05
 6.24673   -0.285493E-04    0.385380E-04    0.257538E-05
 6.25424   -0.284532E-04    0.384212E-04    0.264006E-05
 6.26174   -0.283574E-04    0.383048E-04    0.270434E-05
 6.26924   -0.282619E-04    0.381888E-04    0.276821E-05
 6.27674   -0.281667E-04    0.380732E-04    0.283168E-05
 6.28425   -0.280718E-04    0.379580E-04    0.289474E-05
 6.29175   -0.279773E-04    0.378432E-04    0.295741E-05
 6.29925   -0.278830E-04    0.377287E-04    0.301968E-05
 6.30675   -0.277891E-04    0.376147E-04    0.308155E-05
 6.31425   -0.276954E-04    0.375011E-04    0.314302E-05
 6.32176   -0.276021E-04    0.373878E-04    0.320411E-05
 6.32926   -0.275091E-04    0.372749E-04    0.326480E-05
 6.33676   -0.274164E-04    0.371624E-04    0.332510E-05
 6.34426   -0.273240E-04    0.370504E-04    0.338500E-05
 6.35176   -0.272319E-04    0.369386E-04    0.344451E-05
 6.35927   -0.271401E-04    0.368273E-04    0.350364E-05
 6.36677   -0.270487E-04    0.367164E-04    0.356239E-05
 6.37427   -0.269575E-04    0.366058E-04    0.362075E-05
 6.38177   -0.268667E-04    0.364957E-04    0.367874E-05
 6.38927   -0.267762E-04    0.363859E-04    0.373634E-05
 6.39678   -0.266860E-04    0.362765E-04    0.379356E-05
 6.40428   -0.265961E-04    0.361675E-04    0.385041E-05
 6.41178   -0.265065E-04    0.360588E-04    0.390688E-05
 6.41928   -0.264172E-04    0.359505E-04    0.396298E-05
 6.42678   -0.263283E-04    0.358427E-04    0.401870E-05
 6.43429   -0.262397E-04    0.357351E-04    0.407406E-05
 6.44179   -0.261514E-04    0.356280E-04    0.412905E-05
 6.44929   -0.260634E-04    0.355213E-04    0.418367E-05
 6.45679   -0.259757E-04    0.354149E-04    0.423792E-05
 6.46430   -0.258883E-04    0.353089E-04    0.429181E-05
 6.47180   -0.258013E-04    0.352032E-04    0.434534E-05
 6.47930   -0.257145E-04    0.350980E-04    0.439850E-05
 6.48680   -0.256281E-04    0.349931E-04    0.445131E-05
 6.49430   -0.255420E-04    0.348886E-04    0.450376E-05
 6.50181   -0.254562E-04    0.347844E-04    0.455585E-05
 6.50931   -0.253707E-04    0.346806E-04    0.460759E-05
 6.51681   -0.252856E-04    0.345772E-04    0.465920E-05
 6.52431   -0.252007E-04    0.344742E-04    0.471001E-05
 6.53181   -0.251162E-04    0.343715E-04    0.476069E-05
 6.53932   -0.250320E-04    0.342692E-04    0.481103E-05
 6.54682   -0.249481E-04    0.341672E-04    0.486102E-05
 6.55432   -0.248645E-04    0.340656E-04    0.491066E-05
 6.56182   -0.247812E-04    0.339644E-04    0.495995E-05
 6.56932   -0.246982E-04    0.338635E-04    0.500891E-05
 6.57683   -0.246155E-04    0.337630E-04    0.505753E-05
 6.58433   -0.245332E-04    0.336628E-04    0.510581E-05
 6.59183   -0.244511E-04    0.335630E-04    0.515377E-05
 6.59933   -0.243694E-04    0.334636E-04    0.520137E-05
 6.60683   -0.242880E-04    0.333645E-04    0.524865E-05
 6.61434   -0.242069E-04    0.332658E-04    0.529559E-05
 6.62184   -0.241261E-04    0.331674E-04    0.534220E-05
 6.62934   -0.240456E-04    0.330694E-04    0.538849E-05
 6.63684   -0.239654E-04    0.329717E-04    0.543444E-05
 6.64435   -0.238856E-04    0.328744E-04    0.548006E-05
 6.65185   -0.238060E-04    0.327774E-04    0.552537E-05
 6.65935   -0.237267E-04    0.326807E-04    0.557035E-05
 6.66685   -0.236478E-04    0.325845E-04    0.561501E-05
 6.67435   -0.235691E-04    0.324885E-04    0.565935E-05
 6.68186   -0.234908E-04    0.323929E-04    0.570337E-05
 6.68936   -0.234128E-04    0.322977E-04    0.574708E-05
 6.69686   -0.233350E-04    0.322028E-04    0.579046E-05
 6.70436   -0.232576E-04    0.321082E-04    0.583354E-05
 6.71186   -0.231805E-04    0.320140E-04    0.587630E-05
 6.71937   -0.231037E-04    0.319201E-04    0.591875E-05
 6.72687   -0.230272E-04    0.318266E-04    0.596089E-05
 6.73437   -0.229510E-04    0.317334E-04    0.600273E-05
 6.74187   -0.228751E-04    0.316405E-04    0.604425E-05
 6.74937   -0.227995E-04    0.315479E-04    0.608548E-05
 6.75688   -0.227241E-04    0.314557E-04    0.612640E-05
 6.76438   -0.226491E-04    0.313639E-04    0.616701E-05
 6.77188   -0.225744E-04    0.312723E-04    0.620733E-05
 6.77938   -0.225000E-04    0.311811E-04    0.624735E-05
 6.78688   -0.224259E-04    0.310903E-04    0.628707E-05
 6.79439   -0.223521E-04    0.309997E-04    0.632650E-05
 6.80189   -0.222786E-04    0.309095E-04    0.636563E-05
 6.80939   -0.222054E-04    0.308196E-04    0.640446E-05
 6.81689   -0.221325E-04    0.307301E-04    0.644301E-05
 6.82440   -0.220598E-04    0.306408E-04    0.648126E-05
 6.83190   -0.219875E-04    0.305519E-04    0.651923E-05
 6.83940   -0.219155E-04    0.304633E-04    0.655691E-05
 6.84690   -0.218437E-04    0.303750E-04    0.659429E-05
 6.85440   -0.217723E-04    0.302871E-04    0.663141E-05
 6.86191   -0.217011E-04    0.301995E-04    0.666824E-05
 6.86941   -0.216302E-04    0.301122E-04    0.670479E-05
 6.87691   -0.215596E-04    0.300252E-04    0.674105E-05
 6.88441   -0.214894E-04    0.299385E-04    0.677689E-05
 6.89191   -0.214193E-04    0.298521E-04    0.681260E-05
 6.89942   -0.213496E-04    0.297661E-04    0.684804E-05
 6.90692   -0.212802E-04    0.296804E-04    0.688320E-05
 6.91442   -0.212111E-04    0.295949E-04    0.691809E-05
 6.92192   -0.211422E-04    0.295098E-04    0.695270E-05
 6.92942   -0.210736E-04    0.294250E-04    0.698705E-05
 6.93693   -0.210053E-04    0.293405E-04    0.702113E-05
 6.94443   -0.209373E-04    0.292564E-04    0.705494E-05
 6.95193   -0.208696E-04    0.291725E-04    0.708849E-05
 6.95943   -0.208022E-04    0.290889E-04    0.712177E-05
 6.96693   -0.207350E-04    0.290056E-04    0.715479E-05
 6.97444   -0.206681E-04    0.289227E-04    0.718754E-05
 6.98194   -0.206015E-04    0.288400E-04    0.722004E-05
 6.98944   -0.205352E-04    0.287576E-04    0.725228E-05
 6.99694   -0.204691E-04    0.286756E-04    0.728426E-05
 7.00445   -0.204033E-04    0.285938E-04    0.731599E-05
 7.01195   -0.203378E-04    0.285123E-04    0.734746E-05
 7.01945   -0.202726E-04    0.284312E-04    0.737868E-05
 7.02695   -0.202076E-04    0.283503E-04    0.740964E-05
 7.03445   -0.201429E-04    0.282697E-04    0.744050E-05
 7.04196   -0.200785E-04    0.281894E-04    0.747097E-05
 7.04946   -0.200143E-04    0.281094E-04    0.750120E-05
 7.05696   -0.199504E-04    0.280297E-04    0.753117E-05
 7.06446   -0.198868E-04    0.279503E-04    0.756090E-05
 7.07196   -0.198234E-04    0.278711E-04    0.759039E-05
 7.07947   -0.197603E-04    0.277923E-04    0.761964E-05
 7.08697   -0.196975E-04    0.277137E-04    0.764864E-05
 7.09447   -0.196349E-04    0.276355E-04    0.767741E-05
 7.10197   -0.195726E-04    0.275575E-04    0.770594E-05
 7.10947   -0.195105E-04    0.274798E-04    0.773423E-05
 7.11698   -0.194487E-04    0.274023E-04    0.776229E-05
 7.12448   -0.193872E-04    0.273252E-04    0.779012E-05
 7.13198   -0.193259E-04    0.272483E-04    0.781771E-05
 7.13948   -0.192648E-04    0.271717E-04    0.784508E-05
 7.14698   -0.192040E-04    0.270954E-04    0.787221E-05
 7.15449   -0.191435E-04    0.270193E-04    0.789912E-05
 7.16199   -0.190832E-04    0.269435E-04    0.792580E-05
 7.16949   -0.190232E-04    0.268680E-04    0.795225E-05
 7.17699   -0.189634E-04    0.267928E-04    0.797848E-05
 7.18450   -0.189039E-04    0.267179E-04    0.800449E-05
 7.19200   -0.188446E-04    0.266432E-04    0.803028E-05
 7.19950   -0.187855E-04    0.265687E-04    0.805585E-05
 7.20700   -0.187267E-04    0.264946E-04    0.808120E-05
 7.21450   -0.186681E-04    0.264207E-04    0.810633E-05
 7.22201   -0.186098E-04    0.263471E-04    0.813126E-05
 7.22951   -0.185517E-04    0.262737E-04    0.815596E-05
 7.23701   -0.184939E-04    0.262006E-04    0.818045E-05
 7.24451   -0.184363E-04    0.261277E-04    0.820473E-05
 7.25201   -0.183789E-04    0.260552E-04    0.822879E-05
 7.25952   -0.183218E-04    0.259828E-04    0.825265E-05
 7.26702   -0.182649E-04    0.259108E-04    0.827630E-05
 7.27452   -0.182082E-04    0.258389E-04    0.829974E-05
 7.28202   -0.181517E-04    0.257674E-04    0.832297E-05
 7.28952   -0.180955E-04    0.256961E-04    0.834600E-05
 7.29703   -0.180395E-04    0.256250E-04    0.836883E-05
 7.30453   -0.179838E-04    0.255542E-04    0.839146E-05
 7.31203   -0.179282E-04    0.254837E-04    0.841388E-05
 7.31953   -0.178729E-04    0.254134E-04    0.843611E-05
 7.32704   -0.178179E-04    0.253433E-04    0.845814E-05
 7.33454   -0.177630E-04    0.252735E-04    0.847997E-05
 7.34204   -0.177084E-04    0.252040E-04    0.850160E-05
 7.34954   -0.176540E-04    0.251346E-04    0.852304E-05
 7.35704   -0.175998E-04    0.250656E-04    0.854429E-05
 7.36455   -0.175458E-04    0.249968E-04    0.856534E-05
 7.37205   -0.174920E-04    0.249282E-04    0.858618E-05
 7.37955   -0.174385E-04    0.248598E-04    0.860685E-05
 7.38705   -0.173852E-04    0.247917E-04    0.862736E-05
 7.39455   -0.173321E-04    0.247239E-04    0.864765E-05
 7.40206   -0.172792E-04    0.246562E-04    0.866775E-05
 7.40956   -0.172265E-04    0.245888E-04    0.868768E-05
 7.41706   -0.171740E-04    0.245217E-04    0.870741E-05
 7.42456   -0.171217E-04    0.244548E-04    0.872696E-05
 7.43206   -0.170697E-04    0.243881E-04    0.874634E-05
 7.43957   -0.170179E-04    0.243216E-04    0.876553E-05
 7.44707   -0.169662E-04    0.242554E-04    0.878455E-05
 7.45457   -0.169148E-04    0.241894E-04    0.880338E-05
 7.46207   -0.168636E-04    0.241237E-04    0.882204E-05
 7.46957   -0.168126E-04    0.240581E-04    0.884051E-05
 7.47708   -0.167618E-04    0.239928E-04    0.885882E-05
 7.48458   -0.167111E-04    0.239278E-04    0.887695E-05
 7.49208   -0.166607E-04    0.238629E-04    0.889490E-05
 7.49958   -0.166105E-04    0.237983E-04    0.891269E-05
 7.50709   -0.165605E-04    0.237339E-04    0.893030E-05
 7.51459   -0.165107E-04    0.236697E-04    0.894774E-05
 7.52209   -0.164611E-04    0.236058E-04    0.896501E-05
 7.52959   -0.164117E-04    0.235420E-04    0.898211E-05
 7.53709   -0.163625E-04    0.234785E-04    0.899904E-05
 7.54460   -0.163135E-04    0.234152E-04    0.901581E-05
 7.55210   -0.162647E-04    0.233522E-04    0.903241E-05
 7.55960   -0.162161E-04    0.232893E-04    0.904885E-05
 7.56710   -0.161676E-04    0.232267E-04    0.906513E-05
 7.57460   -0.161194E-04    0.231642E-04    0.908124E-05
 7.58211   -0.160714E-04    0.231020E-04    0.909719E-05
 7.58961   -0.160235E-04    0.230401E-04    0.911298E-05
 7.59711   -0.159758E-04    0.229783E-04    0.912861E-05
 7.60461   -0.159284E-04    0.229167E-04    0.914408E-05
 7.61211   -0.158811E-04    0.228554E-04    0.915939E-05
 7.61962   -0.158340E-04    0.227942E-04    0.917455E-05
 7.62712   -0.157871E-04    0.227333E-04    0.918955E-05
 7.63462   -0.157403E-04    0.226726E-04    0.920439E-05
 7.64212   -0.156938E-04    0.226121E-04    0.921908E-05
 7.64962   -0.156474E-04    0.225518E-04    0.923362E-05
 7.65713   -0.156013E-04    0.224917E-04    0.924800E-05
 7.66463   -0.155553E-04    0.224318E-04    0.926224E-05
 7.67213   -0.155095E-04    0.223721E-04    0.927632E-05
 7.67963   -0.154638E-04    0.223126E-04    0.929025E-05
 7.68714   -0.154184E-04    0.222533E-04    0.930404E-05
 7.69464   -0.153731E-04    0.221942E-04    0.931767E-05
 7.70214   -0.153280E-04    0.221354E-04    0.933116E-05
 7.70964   -0.152831E-04    0.220767E-04    0.934451E-05
 7.71714   -0.152384E-04    0.220182E-04    0.935770E-05
 7.72465   -0.151938E-04    0.219599E-04    0.937075E-05
 7.73215   -0.151495E-04    0.219019E-04    0.938367E-05
 7.73965   -0.151053E-04    0.218440E-04    0.939643E-05
 7.74715   -0.150612E-04    0.217863E-04    0.940907E-05
 7.75465   -0.150174E-04    0.217288E-04    0.942155E-05
 7.76216   -0.149737E-04    0.216715E-04    0.943390E-05
 7.76966   -0.149302E-04    0.216144E-04    0.944610E-05
 7.77716   -0.148868E-04    0.215575E-04    0.945817E-05
 7.78466   -0.148436E-04    0.215008E-04    0.947010E-05
 7.79216   -0.148006E-04    0.214443E-04    0.948189E-05
 7.79967   -0.147578E-04    0.213880E-04    0.949354E-05
 7.80717   -0.147151E-04    0.213319E-04    0.950507E-05
 7.81467   -0.146726E-04    0.212759E-04    0.951645E-05
 7.82217   -0.146303E-04    0.212202E-04    0.952770E-05
 7.82967   -0.145881E-04    0.211646E-04    0.953882E-05
 7.83718   -0.145461E-04    0.211092E-04    0.954983E-05
 7.84468   -0.145043E-04    0.210540E-04    0.956069E-05
 7.85218   -0.144626E-04    0.209990E-04    0.957141E-05
 7.85968   -0.144211E-04    0.209442E-04    0.958201E-05
 7.86719   -0.143797E-04    0.208896E-04    0.959248E-05
 7.87469   -0.143385E-04    0.208351E-04    0.960282E-05
 7.88219   -0.142975E-04    0.207809E-04    0.961303E-05
 7.88969   -0.142566E-04    0.207268E-04    0.962312E-05
 7.89719   -0.142159E-04    0.206729E-04    0.963308E-05
 7.90470   -0.141753E-04    0.206191E-04    0.964291E-05
 7.91220   -0.141349E-04    0.205656E-04    0.965263E-05
 7.91970   -0.140947E-04    0.205122E-04    0.966221E-05
 7.92720   -0.140546E-04    0.204591E-04    0.967168E-05
 7.93470   -0.140146E-04    0.204060E-04    0.968102E-05
 7.94221   -0.139749E-04    0.203532E-04    0.969024E-05
 7.94971   -0.139352E-04    0.203006E-04    0.969935E-05
 7.95721   -0.138958E-04    0.202481E-04    0.970833E-05
 7.96471   -0.138564E-04    0.201958E-04    0.971719E-05
 7.97221   -0.138173E-04    0.201436E-04    0.972594E-05
 7.97972   -0.137782E-04    0.200917E-04    0.973457E-05
 7.98722   -0.137394E-04    0.200399E-04    0.974308E-05
 7.99472   -0.137006E-04    0.199883E-04    0.975147E-05
 8.00222   -0.136621E-04    0.199369E-04    0.975974E-05
 8.00972   -0.136236E-04    0.198856E-04    0.976791E-05
 8.01723   -0.135853E-04    0.198345E-04    0.977597E-05
 8.02473   -0.135472E-04    0.197836E-04    0.978391E-05
 8.03223   -0.135092E-04    0.197328E-04    0.979174E-05
 8.03973   -0.134714E-04    0.196822E-04    0.979945E-05
 8.04724   -0.134337E-04    0.196318E-04    0.980706E-05
 8.05474   -0.133961E-04    0.195815E-04    0.981454E-05
 8.06224   -0.133587E-04    0.195314E-04    0.982193E-05
 8.06974   -0.133214E-04    0.194815E-04    0.982921E-05
 8.07724   -0.132843E-04    0.194317E-04    0.983637E-05
 8.08475   -0.132473E-04    0.193821E-04    0.984343E-05
 8.09225   -0.132104E-04    0.193327E-04    0.985038E-05
 8.09975   -0.131737E-04    0.192834E-04    0.985723E-05
 8.10725   -0.131371E-04    0.192343E-04    0.986397E-05
 8.11475   -0.131007E-04    0.191853E-04    0.987060E-05
 8.12226   -0.130644E-04    0.191365E-04    0.987713E-05
 8.12976   -0.130282E-04    0.190879E-04    0.988356E-05
 8.13726   -0.129922E-04    0.190394E-04    0.988988E-05
 8.14476   -0.129563E-04    0.189911E-04    0.989611E-05
 8.15226   -0.129206E-04    0.189430E-04    0.990223E-05
 8.15977   -0.128850E-04    0.188950E-04    0.990824E-05
 8.16727   -0.128495E-04    0.188471E-04    0.991416E-05
 8.17477   -0.128141E-04    0.187994E-04    0.991998E-05
 8.18227   -0.127789E-04    0.187519E-04    0.992570E-05
 8.18977   -0.127438E-04    0.187045E-04    0.993133E-05
 8.19728   -0.127089E-04    0.186573E-04    0.993685E-05
 8.20478   -0.126740E-04    0.186102E-04    0.994228E-05
 8.21228   -0.126393E-04    0.185633E-04    0.994761E-05
 8.21978   -0.126048E-04    0.185165E-04    0.995285E-05
 8.22729   -0.125703E-04    0.184699E-04    0.995799E-05
 8.23479   -0.125360E-04    0.184235E-04    0.996303E-05
 8.24229   -0.125018E-04    0.183772E-04    0.996799E-05
 8.24979   -0.124677E-04    0.183310E-04    0.997284E-05
 8.25729   -0.124338E-04    0.182850E-04    0.997761E-05
 8.26480   -0.124000E-04    0.182391E-04    0.998229E-05
 8.27230   -0.123663E-04    0.181934E-04    0.998686E-05
 8.27980   -0.123327E-04    0.181478E-04    0.999132E-05
 8.28730   -0.122993E-04    0.181024E-04    0.999572E-05
 8.29480   -0.122660E-04    0.180571E-04    0.100001E-04
 8.30231   -0.122328E-04    0.180120E-04    0.100043E-04
 8.30981   -0.121997E-04    0.179670E-04    0.100084E-04
 8.31731   -0.121668E-04    0.179221E-04    0.100125E-04
 8.32481   -0.121339E-04    0.178774E-04    0.100164E-04
 8.33231   -0.121012E-04    0.178329E-04    0.100203E-04
 8.33982   -0.120686E-04    0.177884E-04    0.100241E-04
 8.34732   -0.120361E-04    0.177442E-04    0.100278E-04
 8.35482   -0.120037E-04    0.177000E-04    0.100314E-04
 8.36232   -0.119715E-04    0.176560E-04    0.100350E-04
 8.36982   -0.119394E-04    0.176121E-04    0.100384E-04
 8.37733   -0.119073E-04    0.175684E-04    0.100418E-04
 8.38483   -0.118754E-04    0.175248E-04    0.100451E-04
 8.39233   -0.118436E-04    0.174814E-04    0.100483E-04
 8.39983   -0.118119E-04    0.174381E-04    0.100514E-04
 8.40734   -0.117804E-04    0.173949E-04    0.100544E-04
 8.41484   -0.117489E-04    0.173519E-04    0.100574E-04
 8.42234   -0.117175E-04    0.173089E-04    0.100603E-04
 8.42984   -0.116863E-04    0.172662E-04    0.100631E-04
 8.43734   -0.116552E-04    0.172235E-04    0.100658E-04
 8.44485   -0.116241E-04    0.171810E-04    0.100685E-04
 8.45235   -0.115932E-04    0.171386E-04    0.100711E-04
 8.45985   -0.115624E-04    0.170964E-04    0.100736E-04
 8.46735   -0.115317E-04    0.170543E-04    0.100760E-04
 8.47485   -0.115010E-04    0.170123E-04    0.100783E-04
 8.48236   -0.114705E-04    0.169704E-04    0.100806E-04
 8.48986   -0.114401E-04    0.169287E-04    0.100828E-04
 8.49736   -0.114098E-04    0.168871E-04    0.100849E-04
 8.50486   -0.113796E-04    0.168456E-04    0.100870E-04
 8.51236   -0.113495E-04    0.168043E-04    0.100890E-04
 8.51987   -0.113195E-04    0.167630E-04    0.100909E-04
 8.52737   -0.112896E-04    0.167219E-04    0.100927E-04
 8.53487   -0.112598E-04    0.166810E-04    0.100945E-04
 8.54237   -0.112301E-04    0.166401E-04    0.100962E-04
 8.54987   -0.112005E-04    0.165994E-04    0.100978E-04
 8.55738   -0.111709E-04    0.165588E-04    0.100994E-04
 8.56488   -0.111415E-04    0.165183E-04    0.101009E-04
 8.57238   -0.111122E-04    0.164779E-04    0.101023E-04
 8.57988   -0.110829E-04    0.164377E-04    0.101037E-04
 8.58739   -0.110538E-04    0.163976E-04    0.101050E-04
 8.59489   -0.110247E-04    0.163576E-04    0.101062E-04
 8.60239   -0.109958E-04    0.163177E-04    0.101074E-04
 8.60989   -0.109669E-04    0.162779E-04    0.101085E-04
 8.61739   -0.109381E-04    0.162383E-04    0.101095E-04
 8.62490   -0.109094E-04    0.161987E-04    0.101105E-04
 8.63240   -0.108808E-04    0.161593E-04    0.101114E-04
 8.63990   -0.108523E-04    0.161200E-04    0.101122E-04
 8.64740   -0.108238E-04    0.160809E-04    0.101130E-04
 8.65490   -0.107955E-04    0.160418E-04    0.101138E-04
 8.66241   -0.107672E-04    0.160028E-04    0.101144E-04
 8.66991   -0.107390E-04    0.159640E-04    0.101150E-04
 8.67741   -0.107109E-04    0.159253E-04    0.101156E-04
 8.68491   -0.106829E-04    0.158867E-04    0.101160E-04
 8.69241   -0.106550E-04    0.158482E-04    0.101165E-04
 8.69992   -0.106272E-04    0.158098E-04    0.101168E-04
 8.70742   -0.105994E-04    0.157715E-04    0.101171E-04
 8.71492   -0.105717E-04    0.157333E-04    0.101174E-04
 8.72242   -0.105442E-04    0.156953E-04    0.101176E-04
 8.72992   -0.105166E-04    0.156573E-04    0.101177E-04
 8.73743   -0.104892E-04    0.156195E-04    0.101178E-04
 8.74493   -0.104619E-04    0.155818E-04    0.101178E-04
 8.75243   -0.104346E-04    0.155442E-04    0.101178E-04
 8.75993   -0.104074E-04    0.155066E-04    0.101177E-04
 8.76744   -0.103803E-04    0.154692E-04    0.101175E-04
 8.77494   -0.103533E-04    0.154320E-04    0.101173E-04
 8.78244   -0.103263E-04    0.153948E-04    0.101171E-04
 8.78994   -0.102995E-04    0.153577E-04    0.101167E-04
 8.79744   -0.102727E-04    0.153207E-04    0.101164E-04
 8.80495   -0.102460E-04    0.152838E-04    0.101159E-04
 8.81245   -0.102193E-04    0.152471E-04    0.101155E-04
 8.81995   -0.101928E-04    0.152104E-04    0.101149E-04
 8.82745   -0.101663E-04    0.151739E-04    0.101144E-04
 8.83495   -0.101399E-04    0.151374E-04    0.101137E-04
 8.84246   -0.101136E-04    0.151011E-04    0.101130E-04
 8.84996   -0.100873E-04    0.150649E-04    0.101123E-04
 8.85746   -0.100612E-04    0.150287E-04    0.101115E-04
 8.86496   -0.100351E-04    0.149927E-04    0.101107E-04
 8.87246   -0.100091E-04    0.149568E-04    0.101098E-04
 8.87997   -0.998313E-05    0.149210E-04    0.101088E-04
 8.88747   -0.995728E-05    0.148852E-04    0.101078E-04
 8.89497   -0.993150E-05    0.148496E-04    0.101068E-04
 8.90247   -0.990580E-05    0.148141E-04    0.101057E-04
 8.90997   -0.988018E-05    0.147787E-04    0.101046E-04
 8.91748   -0.985463E-05    0.147434E-04    0.101034E-04
 8.92498   -0.982917E-05    0.147082E-04    0.101021E-04
 8.93248   -0.980378E-05    0.146731E-04    0.101008E-04
 8.93998   -0.977847E-05    0.146381E-04    0.100995E-04
 8.94749   -0.975324E-05    0.146032E-04    0.100981E-04
 8.95499   -0.972808E-05    0.145684E-04    0.100966E-04
 8.96249   -0.970300E-05    0.145337E-04    0.100951E-04
 8.96999   -0.967800E-05    0.144991E-04    0.100936E-04
 8.97749   -0.965308E-05    0.144646E-04    0.100920E-04
 8.98500   -0.962824E-05    0.144302E-04    0.100904E-04
 8.99250   -0.960348E-05    0.143959E-04    0.100887E-04
 9.00000   -0.957879E-05    0.143618E-04    0.100870E-04
