 0.00500    0.166396E-01   -0.863084E-02    0.668948E-02
 0.02303    0.135425E-01   -0.708216E-02    0.552747E-02
 0.04105    0.117425E-01   -0.618158E-02    0.485115E-02
 0.05908    0.104381E-01   -0.552864E-02    0.436019E-02
 0.07710    0.941452E-02   -0.501591E-02    0.397406E-02
 0.09513    0.857566E-02   -0.459539E-02    0.365682E-02
 0.11316    0.786860E-02   -0.424064E-02    0.338870E-02
 0.13118    0.726092E-02   -0.393545E-02    0.315753E-02
 0.14921    0.673099E-02   -0.366902E-02    0.295525E-02
 0.16723    0.626360E-02   -0.343377E-02    0.277620E-02
 0.18526    0.584756E-02   -0.322410E-02    0.261616E-02
 0.20329    0.547447E-02   -0.303583E-02    0.247209E-02
 0.22131    0.513779E-02   -0.286569E-02    0.234155E-02
 0.23934    0.483233E-02   -0.271110E-02    0.222253E-02
 0.25736    0.455391E-02   -0.256998E-02    0.211353E-02
 0.27539    0.429911E-02   -0.244061E-02    0.201327E-02
 0.29342    0.406507E-02   -0.232158E-02    0.192071E-02
 0.31144    0.384936E-02   -0.221170E-02    0.183495E-02
 0.32947    0.365008E-02   -0.210997E-02    0.175525E-02
 0.34749    0.346544E-02   -0.201553E-02    0.168099E-02
 0.36552    0.329395E-02   -0.192764E-02    0.161160E-02
 0.38355    0.313433E-02   -0.184566E-02    0.154662E-02
 0.40157    0.298545E-02   -0.176902E-02    0.148563E-02
 0.41960    0.284632E-02   -0.169725E-02    0.142826E-02
 0.43763    0.271612E-02   -0.162990E-02    0.137421E-02
 0.45565    0.259401E-02   -0.156661E-02    0.132318E-02
 0.47368    0.247934E-02   -0.150702E-02    0.127494E-02
 0.49170    0.237150E-02   -0.145084E-02    0.122924E-02
 0.50973    0.226995E-02   -0.139779E-02    0.118591E-02
 0.52776    0.217419E-02   -0.134764E-02    0.114474E-02
 0.54578    0.208378E-02   -0.130016E-02    0.110560E-02
 0.56381    0.199834E-02   -0.125516E-02    0.106832E-02
 0.58183    0.191750E-02   -0.121246E-02    0.103278E-02
 0.59986    0.184092E-02   -0.117189E-02    0.998856E-03
 0.61789    0.176832E-02   -0.113331E-02    0.966442E-03
 0.63591    0.169941E-02   -0.109658E-02    0.935437E-03
 0.65394    0.163396E-02   -0.106158E-02    0.905752E-03
 0.67196    0.157174E-02   -0.102820E-02    0.877304E-03
 0.68999    0.151254E-02   -0.996335E-03    0.850018E-03
 0.70802    0.145616E-02   -0.965890E-03    0.823822E-03
 0.72604    0.140244E-02   -0.936778E-03    0.798654E-03
 0.74407    0.135120E-02   -0.908918E-03    0.774453E-03
 0.76209    0.130230E-02   -0.882237E-03    0.751166E-03
 0.78012    0.125560E-02   -0.856665E-03    0.728742E-03
 0.79815    0.121098E-02   -0.832128E-03    0.707135E-03
 0.81617    0.116831E-02   -0.808591E-03    0.686302E-03
 0.83420    0.112749E-02   -0.785987E-03    0.666201E-03
 0.85222    0.108840E-02   -0.764267E-03    0.646796E-03
 0.87025    0.105097E-02   -0.743382E-03    0.628052E-03
 0.88828    0.101510E-02   -0.723289E-03    0.609937E-03
 0.90630    0.980698E-03   -0.703947E-03    0.592421E-03
 0.92433    0.947700E-03   -0.685318E-03    0.575476E-03
 0.94235    0.916029E-03   -0.667366E-03    0.559074E-03
 0.96038    0.885619E-03   -0.650058E-03    0.543192E-03
 0.97841    0.856405E-03   -0.633361E-03    0.527805E-03
 0.99643    0.828330E-03   -0.617248E-03    0.512893E-03
 1.01446    0.801337E-03   -0.601691E-03    0.498435E-03
 1.03248    0.775374E-03   -0.586663E-03    0.484412E-03
 1.05051    0.750393E-03   -0.572141E-03    0.470805E-03
 1.06854    0.726348E-03   -0.558110E-03    0.457598E-03
 1.08656    0.703194E-03   -0.544532E-03    0.444774E-03
 1.10459    0.680892E-03   -0.531394E-03    0.432319E-03
 1.12262    0.659403E-03   -0.518678E-03    0.420217E-03
 1.14064    0.638690E-03   -0.506366E-03    0.408455E-03
 1.15867    0.618718E-03   -0.494440E-03    0.397021E-03
 1.17669    0.599456E-03   -0.482884E-03    0.385903E-03
 1.19472    0.580873E-03   -0.471684E-03    0.375088E-03
 1.21275    0.562940E-03   -0.460824E-03    0.364567E-03
 1.23077    0.545630E-03   -0.450291E-03    0.354328E-03
 1.24880    0.529083E-03   -0.440072E-03    0.344361E-03
 1.26682    0.512772E-03   -0.430155E-03    0.334658E-03
 1.28485    0.497177E-03   -0.420528E-03    0.325208E-03
 1.30288    0.482108E-03   -0.411179E-03    0.316005E-03
 1.32090    0.467543E-03   -0.402098E-03    0.307039E-03
 1.33893    0.453462E-03   -0.393276E-03    0.298303E-03
 1.35695    0.439846E-03   -0.384702E-03    0.289789E-03
 1.37498    0.426678E-03   -0.376367E-03    0.281491E-03
 1.39301    0.413938E-03   -0.368263E-03    0.273401E-03
 1.41103    0.401612E-03   -0.360381E-03    0.265512E-03
 1.42906    0.389683E-03   -0.352714E-03    0.257820E-03
 1.44708    0.378136E-03   -0.345253E-03    0.250318E-03
 1.46511    0.366957E-03   -0.337992E-03    0.243000E-03
 1.48314    0.356132E-03   -0.330924E-03    0.235860E-03
 1.50116    0.345648E-03   -0.324042E-03    0.228894E-03
 1.51919    0.335493E-03   -0.317340E-03    0.222097E-03
 1.53721    0.325655E-03   -0.310811E-03    0.215463E-03
 1.55524    0.316123E-03   -0.304451E-03    0.208988E-03
 1.57327    0.306885E-03   -0.298254E-03    0.202668E-03
 1.59129    0.297931E-03   -0.292213E-03    0.196498E-03
 1.60932    0.289252E-03   -0.286325E-03    0.190475E-03
 1.62734    0.280838E-03   -0.280585E-03    0.184594E-03
 1.64537    0.272679E-03   -0.274987E-03    0.178851E-03
 1.66340    0.264768E-03   -0.269528E-03    0.173244E-03
 1.68142    0.257095E-03   -0.264201E-03    0.167768E-03
 1.69945    0.249654E-03   -0.259009E-03    0.162420E-03
 1.71747    0.242436E-03   -0.253941E-03    0.157196E-03
 1.73550    0.235435E-03   -0.248995E-03    0.152095E-03
 1.75353    0.228642E-03   -0.244168E-03    0.147112E-03
 1.77155    0.222053E-03   -0.239457E-03    0.142245E-03
 1.78958    0.215659E-03   -0.234859E-03    0.137491E-03
 1.80761    0.209457E-03   -0.230369E-03    0.132847E-03
 1.82563    0.203439E-03   -0.225986E-03    0.128312E-03
 1.84366    0.197600E-03   -0.221707E-03    0.123881E-03
 1.86168    0.191934E-03   -0.217528E-03    0.119553E-03
 1.87971    0.186438E-03   -0.213447E-03    0.115325E-03
 1.89774    0.181106E-03   -0.209462E-03    0.111197E-03
 1.91576    0.175934E-03   -0.205570E-03    0.107164E-03
 1.93379    0.170917E-03   -0.201769E-03    0.103225E-03
 1.95181    0.166052E-03   -0.198057E-03    0.993791E-04
 1.96984    0.161334E-03   -0.194432E-03    0.956232E-04
 1.98787    0.156760E-03   -0.190892E-03    0.919559E-04
 2.00589    0.152327E-03   -0.187435E-03    0.883754E-04
 2.02392    0.148031E-03   -0.184059E-03    0.848802E-04
 2.04194    0.143869E-03   -0.180763E-03    0.814686E-04
 2.05997    0.139839E-03   -0.177544E-03    0.781391E-04
 2.07800    0.135937E-03   -0.174403E-03    0.748901E-04
 2.09602    0.132162E-03   -0.171337E-03    0.717205E-04
 2.11405    0.128510E-03   -0.168345E-03    0.686289E-04
 2.13207    0.124980E-03   -0.165425E-03    0.656138E-04
 2.15010    0.121568E-03   -0.162577E-03    0.626741E-04
 2.16813    0.118274E-03   -0.159799E-03    0.598085E-04
 2.18615    0.115095E-03   -0.157090E-03    0.570158E-04
 2.20418    0.112030E-03   -0.154449E-03    0.542948E-04
 2.22220    0.109075E-03   -0.151875E-03    0.516444E-04
 2.24023    0.106230E-03   -0.149367E-03    0.490635E-04
 2.25826    0.103493E-03   -0.146924E-03    0.465509E-04
 2.27628    0.100861E-03   -0.144544E-03    0.441054E-04
 2.29431    0.983327E-04   -0.142227E-03    0.417259E-04
 2.31233    0.959065E-04   -0.139971E-03    0.394112E-04
 2.33036    0.935800E-04   -0.137776E-03    0.371602E-04
 2.34839    0.913510E-04   -0.135640E-03    0.349714E-04
 2.36641    0.892172E-04   -0.133561E-03    0.328436E-04
 2.38444    0.871762E-04   -0.131539E-03    0.307754E-04
 2.40246    0.852254E-04   -0.129572E-03    0.287654E-04
 2.42049    0.833619E-04   -0.127658E-03    0.268120E-04
 2.43852    0.815826E-04   -0.125796E-03    0.249139E-04
 2.45654    0.798842E-04   -0.123985E-03    0.230690E-04
 2.47457    0.782632E-04   -0.122221E-03    0.212758E-04
 2.49260    0.767159E-04   -0.120503E-03    0.195323E-04
 2.51062    0.752381E-04   -0.118829E-03    0.178365E-04
 2.52865    0.738254E-04   -0.117196E-03    0.161865E-04
 2.54667    0.724734E-04   -0.115602E-03    0.145799E-04
 2.56470    0.711771E-04   -0.114045E-03    0.130146E-04
 2.58273    0.699313E-04   -0.112522E-03    0.114882E-04
 2.60075    0.687307E-04   -0.111030E-03    0.999825E-05
 2.61878    0.675697E-04   -0.109565E-03    0.854208E-05
 2.63680    0.664424E-04   -0.108126E-03    0.711733E-05
 2.65483    0.653430E-04   -0.106708E-03    0.572112E-05
 2.67286    0.642654E-04   -0.105309E-03    0.435090E-05
 2.69088    0.632033E-04   -0.103925E-03    0.300390E-05
 2.70891    0.621508E-04   -0.102554E-03    0.167736E-05
 2.72693    0.611013E-04   -0.101191E-03    0.368541E-06
 2.74496    0.600487E-04   -0.998345E-04   -0.925263E-06
 2.76299    0.589868E-04   -0.984802E-04   -0.220681E-05
 2.78101    0.579099E-04   -0.971254E-04   -0.347867E-05
 2.79904    0.568121E-04   -0.957670E-04   -0.474310E-05
 2.81706    0.556879E-04   -0.944021E-04   -0.600289E-05
 2.83509    0.545320E-04   -0.930281E-04   -0.726017E-05
 2.85312    0.533394E-04   -0.916423E-04   -0.851715E-05
 2.87114    0.521058E-04   -0.902424E-04   -0.977586E-05
 2.88917    0.508269E-04   -0.888263E-04   -0.110381E-04
 2.90719    0.494991E-04   -0.873920E-04   -0.123056E-04
 2.92522    0.481193E-04   -0.859379E-04   -0.135797E-04
 2.94325    0.466849E-04   -0.844626E-04   -0.148617E-04
 2.96127    0.451938E-04   -0.829650E-04   -0.161526E-04
 2.97930    0.436445E-04   -0.814441E-04   -0.174533E-04
 2.99732    0.420361E-04   -0.798998E-04   -0.187642E-04
 3.01535    0.403681E-04   -0.783315E-04   -0.200857E-04
 3.03338    0.386406E-04   -0.767392E-04   -0.214180E-04
 3.05140    0.368544E-04   -0.751234E-04   -0.227609E-04
 3.06943    0.350108E-04   -0.734846E-04   -0.241141E-04
 3.08745    0.331116E-04   -0.718236E-04   -0.254771E-04
 3.10548    0.311592E-04   -0.701417E-04   -0.268491E-04
 3.12351    0.291564E-04   -0.684404E-04   -0.282292E-04
 3.14153    0.271064E-04   -0.667209E-04   -0.296163E-04
 3.15956    0.250128E-04   -0.649852E-04   -0.310091E-04
 3.17759    0.228794E-04   -0.632353E-04   -0.324062E-04
 3.19561    0.207107E-04   -0.614733E-04   -0.338060E-04
 3.21364    0.185110E-04   -0.597014E-04   -0.352070E-04
 3.23166    0.162852E-04   -0.579219E-04   -0.366073E-04
 3.24969    0.140383E-04   -0.561375E-04   -0.380052E-04
 3.26772    0.117753E-04   -0.543507E-04   -0.393988E-04
 3.28574    0.950149E-05   -0.525640E-04   -0.407861E-04
 3.30377    0.722202E-05   -0.507800E-04   -0.421653E-04
 3.32179    0.494194E-05   -0.490014E-04   -0.435344E-04
 3.33982    0.266634E-05   -0.472306E-04   -0.448915E-04
 3.35785    0.400332E-06   -0.454703E-04   -0.462348E-04
 3.37587   -0.185122E-05   -0.437229E-04   -0.475624E-04
 3.39390   -0.408360E-05   -0.419907E-04   -0.488725E-04
 3.41192   -0.629221E-05   -0.402760E-04   -0.501635E-04
 3.42995   -0.847272E-05   -0.385813E-04   -0.514338E-04
 3.44798   -0.106210E-04   -0.369081E-04   -0.526816E-04
 3.46600   -0.127332E-04   -0.352587E-04   -0.539059E-04
 3.48403   -0.148057E-04   -0.336348E-04   -0.551048E-04
 3.50205   -0.168353E-04   -0.320382E-04   -0.562775E-04
 3.52008   -0.188189E-04   -0.304702E-04   -0.574227E-04
 3.53811   -0.207539E-04   -0.289323E-04   -0.585395E-04
 3.55613   -0.226378E-04   -0.274257E-04   -0.596269E-04
 3.57416   -0.244686E-04   -0.259513E-04   -0.606843E-04
 3.59218   -0.262444E-04   -0.245101E-04   -0.617110E-04
 3.61021   -0.279638E-04   -0.231030E-04   -0.627063E-04
 3.62824   -0.296254E-04   -0.217303E-04   -0.636701E-04
 3.64626   -0.312281E-04   -0.203929E-04   -0.646017E-04
 3.66429   -0.327714E-04   -0.190909E-04   -0.655010E-04
 3.68231   -0.342547E-04   -0.178245E-04   -0.663679E-04
 3.70034   -0.356777E-04   -0.165940E-04   -0.672024E-04
 3.71837   -0.370405E-04   -0.153993E-04   -0.680044E-04
 3.73639   -0.383432E-04   -0.142403E-04   -0.687741E-04
 3.75442   -0.395864E-04   -0.131167E-04   -0.695119E-04
 3.77244   -0.407704E-04   -0.120282E-04   -0.702178E-04
 3.79047   -0.418955E-04   -0.109745E-04   -0.708923E-04
 3.80850   -0.429636E-04   -0.995517E-05   -0.715358E-04
 3.82652   -0.439750E-04   -0.896965E-05   -0.721486E-04
 3.84455   -0.449310E-04   -0.801739E-05   -0.727313E-04
 3.86258   -0.458326E-04   -0.709777E-05   -0.732844E-04
 3.88060   -0.466811E-04   -0.621015E-05   -0.738086E-04
 3.89863   -0.474779E-04   -0.535378E-05   -0.743043E-04
 3.91665   -0.482244E-04   -0.452792E-05   -0.747722E-04
 3.93468   -0.489222E-04   -0.373181E-05   -0.752128E-04
 3.95271   -0.495726E-04   -0.296465E-05   -0.756271E-04
 3.97073   -0.501772E-04   -0.222565E-05   -0.760156E-04
 3.98876   -0.507377E-04   -0.151400E-05   -0.763790E-04
 4.00678   -0.512554E-04   -0.828861E-06   -0.767179E-04
 4.02481   -0.517320E-04   -0.169438E-06   -0.770332E-04
 4.04284   -0.521690E-04    0.465104E-06   -0.773254E-04
 4.06086   -0.525679E-04    0.107557E-05   -0.775953E-04
 4.07889   -0.529305E-04    0.166276E-05   -0.778435E-04
 4.09691   -0.532586E-04    0.222748E-05   -0.780708E-04
 4.11494   -0.535526E-04    0.277053E-05   -0.782776E-04
 4.13297   -0.538137E-04    0.329265E-05   -0.784649E-04
 4.15099   -0.540457E-04    0.379464E-05   -0.786331E-04
 4.16902   -0.542478E-04    0.427721E-05   -0.787830E-04
 4.18704   -0.544220E-04    0.474111E-05   -0.789152E-04
 4.20507   -0.545696E-04    0.518703E-05   -0.790302E-04
 4.22310   -0.546919E-04    0.561565E-05   -0.791287E-04
 4.24112   -0.547902E-04    0.602765E-05   -0.792113E-04
 4.25915   -0.548656E-04    0.642365E-05   -0.792785E-04
 4.27717   -0.549193E-04    0.680429E-05   -0.793309E-04
 4.29520   -0.549524E-04    0.717014E-05   -0.793681E-04
 4.31323   -0.549660E-04    0.752182E-05   -0.793923E-04
 4.33125   -0.549610E-04    0.785987E-05   -0.794033E-04
 4.34928   -0.549386E-04    0.818483E-05   -0.794014E-04
 4.36730   -0.548995E-04    0.849721E-05   -0.793872E-04
 4.38533   -0.548447E-04    0.879753E-05   -0.793610E-04
 4.40336   -0.547752E-04    0.908625E-05   -0.793234E-04
 4.42138   -0.546916E-04    0.936385E-05   -0.792748E-04
 4.43941   -0.545949E-04    0.963076E-05   -0.792156E-04
 4.45743   -0.544857E-04    0.988740E-05   -0.791461E-04
 4.47546   -0.543648E-04    0.101342E-04   -0.790668E-04
 4.49349   -0.542328E-04    0.103715E-04   -0.789779E-04
 4.51151   -0.540905E-04    0.105997E-04   -0.788799E-04
 4.52954   -0.539383E-04    0.108191E-04   -0.787731E-04
 4.54757   -0.537770E-04    0.110302E-04   -0.786577E-04
 4.56559   -0.536071E-04    0.112331E-04   -0.785342E-04
 4.58362   -0.534291E-04    0.114283E-04   -0.784035E-04
 4.60164   -0.532435E-04    0.116160E-04   -0.782645E-04
 4.61967   -0.530508E-04    0.117965E-04   -0.781181E-04
 4.63770   -0.528515E-04    0.119700E-04   -0.779647E-04
 4.65572   -0.526460E-04    0.121370E-04   -0.778045E-04
 4.67375   -0.524347E-04    0.122975E-04   -0.776378E-04
 4.69177   -0.522181E-04    0.124519E-04   -0.774648E-04
 4.70980   -0.519964E-04    0.126003E-04   -0.772857E-04
 4.72783   -0.517701E-04    0.127430E-04   -0.771009E-04
 4.74585   -0.515394E-04    0.128802E-04   -0.769104E-04
 4.76388   -0.513047E-04    0.130120E-04   -0.767145E-04
 4.78190   -0.510663E-04    0.131388E-04   -0.765135E-04
 4.79993   -0.508245E-04    0.132606E-04   -0.763075E-04
 4.81796   -0.505795E-04    0.133776E-04   -0.760967E-04
 4.83598   -0.503316E-04    0.134900E-04   -0.758814E-04
 4.85401   -0.500811E-04    0.135980E-04   -0.756619E-04
 4.87203   -0.498282E-04    0.137017E-04   -0.754375E-04
 4.89006   -0.495731E-04    0.138013E-04   -0.752094E-04
 4.90809   -0.493159E-04    0.138968E-04   -0.749774E-04
 4.92611   -0.490570E-04    0.139886E-04   -0.747417E-04
 4.94414   -0.487965E-04    0.140765E-04   -0.745023E-04
 4.96216   -0.485346E-04    0.141609E-04   -0.742595E-04
 4.98019   -0.482714E-04    0.142418E-04   -0.740133E-04
 4.99822   -0.480071E-04    0.143194E-04   -0.737640E-04
 5.01624   -0.477418E-04    0.143936E-04   -0.735116E-04
 5.03427   -0.474758E-04    0.144647E-04   -0.732563E-04
 5.05229   -0.472090E-04    0.145328E-04   -0.729982E-04
 5.07032   -0.469418E-04    0.145979E-04   -0.727375E-04
 5.08835   -0.466741E-04    0.146602E-04   -0.724741E-04
 5.10637   -0.464061E-04    0.147197E-04   -0.722083E-04
 5.12440   -0.461380E-04    0.147765E-04   -0.719402E-04
 5.14242   -0.458697E-04    0.148307E-04   -0.716699E-04
 5.16045   -0.456015E-04    0.148824E-04   -0.713975E-04
 5.17848   -0.453334E-04    0.149317E-04   -0.711231E-04
 5.19650   -0.450655E-04    0.149787E-04   -0.708467E-04
 5.21453   -0.447979E-04    0.150234E-04   -0.705686E-04
 5.23256   -0.445307E-04    0.150658E-04   -0.702887E-04
 5.25058   -0.442640E-04    0.151062E-04   -0.700072E-04
 5.26861   -0.439977E-04    0.151444E-04   -0.697242E-04
 5.28663   -0.437321E-04    0.151807E-04   -0.694397E-04
 5.30466   -0.434672E-04    0.152150E-04   -0.691538E-04
 5.32269   -0.432030E-04    0.152475E-04   -0.688666E-04
 5.34071   -0.429396E-04    0.152781E-04   -0.685782E-04
 5.35874   -0.426770E-04    0.153070E-04   -0.682885E-04
 5.37676   -0.424154E-04    0.153342E-04   -0.679978E-04
 5.39479   -0.421547E-04    0.153597E-04   -0.677060E-04
 5.41282   -0.418951E-04    0.153836E-04   -0.674132E-04
 5.43084   -0.416365E-04    0.154060E-04   -0.671195E-04
 5.44887   -0.413791E-04    0.154269E-04   -0.668249E-04
 5.46689   -0.411228E-04    0.154464E-04   -0.665295E-04
 5.48492   -0.408678E-04    0.154644E-04   -0.662333E-04
 5.50295   -0.406139E-04    0.154811E-04   -0.659364E-04
 5.52097   -0.403614E-04    0.154965E-04   -0.656388E-04
 5.53900   -0.401102E-04    0.155106E-04   -0.653407E-04
 5.55702   -0.398603E-04    0.155235E-04   -0.650419E-04
 5.57505   -0.396118E-04    0.155352E-04   -0.647427E-04
 5.59308   -0.393647E-04    0.155458E-04   -0.644430E-04
 5.61110   -0.391190E-04    0.155552E-04   -0.641430E-04
 5.62913   -0.388748E-04    0.155635E-04   -0.638426E-04
 5.64715   -0.386321E-04    0.155709E-04   -0.635419E-04
 5.66518   -0.383909E-04    0.155772E-04   -0.632409E-04
 5.68321   -0.381512E-04    0.155825E-04   -0.629398E-04
 5.70123   -0.379130E-04    0.155868E-04   -0.626385E-04
 5.71926   -0.376763E-04    0.155903E-04   -0.623371E-04
 5.73728   -0.374412E-04    0.155928E-04   -0.620357E-04
 5.75531   -0.372077E-04    0.155945E-04   -0.617344E-04
 5.77334   -0.369757E-04    0.155953E-04   -0.614328E-04
 5.79136   -0.367453E-04    0.155953E-04   -0.611314E-04
 5.80939   -0.365164E-04    0.155944E-04   -0.608301E-04
 5.82741   -0.362892E-04    0.155928E-04   -0.605290E-04
 5.84544   -0.360635E-04    0.155904E-04   -0.602280E-04
 5.86347   -0.358393E-04    0.155873E-04   -0.599272E-04
 5.88149   -0.356167E-04    0.155834E-04   -0.596264E-04
 5.89952   -0.353957E-04    0.155789E-04   -0.593260E-04
 5.91755   -0.351762E-04    0.155736E-04   -0.590260E-04
 5.93557   -0.349582E-04    0.155676E-04   -0.587262E-04
 5.95360   -0.347418E-04    0.155609E-04   -0.584267E-04
 5.97162   -0.345268E-04    0.155536E-04   -0.581276E-04
 5.98965   -0.343133E-04    0.155456E-04   -0.578289E-04
 6.00768   -0.341014E-04    0.155369E-04   -0.575305E-04
 6.02570   -0.338908E-04    0.155276E-04   -0.572325E-04
 6.04373   -0.336817E-04    0.155177E-04   -0.569349E-04
 6.06175   -0.334740E-04    0.155071E-04   -0.566377E-04
 6.07978   -0.332678E-04    0.154960E-04   -0.563410E-04
 6.09781   -0.330629E-04    0.154842E-04   -0.560448E-04
 6.11583   -0.328593E-04    0.154718E-04   -0.557490E-04
 6.13386   -0.326571E-04    0.154588E-04   -0.554537E-04
 6.15188   -0.324562E-04    0.154452E-04   -0.551590E-04
 6.16991   -0.322566E-04    0.154310E-04   -0.548647E-04
 6.18794   -0.320583E-04    0.154162E-04   -0.545709E-04
 6.20596   -0.318612E-04    0.154008E-04   -0.542777E-04
 6.22399   -0.316654E-04    0.153849E-04   -0.539851E-04
 6.24201   -0.314708E-04    0.153684E-04   -0.536929E-04
 6.26004   -0.312773E-04    0.153513E-04   -0.534014E-04
 6.27807   -0.310850E-04    0.153336E-04   -0.531105E-04
 6.29609   -0.308939E-04    0.153153E-04   -0.528201E-04
 6.31412   -0.307039E-04    0.152965E-04   -0.525304E-04
 6.33214   -0.305150E-04    0.152772E-04   -0.522412E-04
 6.35017   -0.303272E-04    0.152573E-04   -0.519527E-04
 6.36820   -0.301404E-04    0.152368E-04   -0.516648E-04
 6.38622   -0.299548E-04    0.152158E-04   -0.513776E-04
 6.40425   -0.297701E-04    0.151943E-04   -0.510910E-04
 6.42227   -0.295865E-04    0.151722E-04   -0.508050E-04
 6.44030   -0.294039E-04    0.151496E-04   -0.505198E-04
 6.45833   -0.292223E-04    0.151265E-04   -0.502352E-04
 6.47635   -0.290417E-04    0.151029E-04   -0.499513E-04
 6.49438   -0.288621E-04    0.150787E-04   -0.496681E-04
 6.51240   -0.286834E-04    0.150541E-04   -0.493857E-04
 6.53043   -0.285057E-04    0.150290E-04   -0.491039E-04
 6.54846   -0.283290E-04    0.150033E-04   -0.488229E-04
 6.56648   -0.281532E-04    0.149773E-04   -0.485426E-04
 6.58451   -0.279783E-04    0.149507E-04   -0.482630E-04
 6.60254   -0.278043E-04    0.149237E-04   -0.479842E-04
 6.62056   -0.276313E-04    0.148962E-04   -0.477062E-04
 6.63859   -0.274592E-04    0.148683E-04   -0.474290E-04
 6.65661   -0.272880E-04    0.148400E-04   -0.471525E-04
 6.67464   -0.271178E-04    0.148112E-04   -0.468769E-04
 6.69267   -0.269484E-04    0.147821E-04   -0.466020E-04
 6.71069   -0.267800E-04    0.147525E-04   -0.463280E-04
 6.72872   -0.266124E-04    0.147226E-04   -0.460548E-04
 6.74674   -0.264458E-04    0.146922E-04   -0.457825E-04
 6.76477   -0.262801E-04    0.146615E-04   -0.455109E-04
 6.78280   -0.261153E-04    0.146304E-04   -0.452403E-04
 6.80082   -0.259514E-04    0.145990E-04   -0.449705E-04
 6.81885   -0.257885E-04    0.145673E-04   -0.447016E-04
 6.83687   -0.256264E-04    0.145352E-04   -0.444336E-04
 6.85490   -0.254653E-04    0.145028E-04   -0.441665E-04
 6.87293   -0.253051E-04    0.144701E-04   -0.439003E-04
 6.89095   -0.251458E-04    0.144371E-04   -0.436351E-04
 6.90898   -0.249875E-04    0.144039E-04   -0.433709E-04
 6.92700   -0.248301E-04    0.143703E-04   -0.431073E-04
 6.94503   -0.246736E-04    0.143366E-04   -0.428449E-04
 6.96306   -0.245181E-04    0.143025E-04   -0.425834E-04
 6.98108   -0.243635E-04    0.142682E-04   -0.423228E-04
 6.99911   -0.242098E-04    0.142337E-04   -0.420633E-04
 7.01713   -0.240571E-04    0.141990E-04   -0.418047E-04
 7.03516   -0.239053E-04    0.141641E-04   -0.415471E-04
 7.05319   -0.237545E-04    0.141289E-04   -0.412905E-04
 7.07121   -0.236046E-04    0.140936E-04   -0.410348E-04
 7.08924   -0.234557E-04    0.140581E-04   -0.407802E-04
 7.10726   -0.233077E-04    0.140224E-04   -0.405267E-04
 7.12529   -0.231607E-04    0.139866E-04   -0.402741E-04
 7.14332   -0.230146E-04    0.139506E-04   -0.400226E-04
 7.16134   -0.228695E-04    0.139144E-04   -0.397721E-04
 7.17937   -0.227254E-04    0.138782E-04   -0.395226E-04
 7.19739   -0.225822E-04    0.138418E-04   -0.392742E-04
 7.21542   -0.224400E-04    0.138053E-04   -0.390268E-04
 7.23345   -0.222987E-04    0.137686E-04   -0.387805E-04
 7.25147   -0.221584E-04    0.137319E-04   -0.385352E-04
 7.26950   -0.220190E-04    0.136951E-04   -0.382910E-04
 7.28753   -0.218807E-04    0.136581E-04   -0.380479E-04
 7.30555   -0.217432E-04    0.136211E-04   -0.378058E-04
 7.32358   -0.216068E-04    0.135841E-04   -0.375649E-04
 7.34160   -0.214712E-04    0.135469E-04   -0.373250E-04
 7.35963   -0.213367E-04    0.135097E-04   -0.370862E-04
 7.37766   -0.212031E-04    0.134725E-04   -0.368484E-04
 7.39568   -0.210704E-04    0.134352E-04   -0.366118E-04
 7.41371   -0.209387E-04    0.133978E-04   -0.363762E-04
 7.43173   -0.208079E-04    0.133604E-04   -0.361418E-04
 7.44976   -0.206781E-04    0.133230E-04   -0.359086E-04
 7.46779   -0.205492E-04    0.132855E-04   -0.356761E-04
 7.48581   -0.204213E-04    0.132481E-04   -0.354449E-04
 7.50384   -0.202943E-04    0.132106E-04   -0.352150E-04
 7.52186   -0.201682E-04    0.131730E-04   -0.349859E-04
 7.53989   -0.200431E-04    0.131355E-04   -0.347580E-04
 7.55792   -0.199189E-04    0.130980E-04   -0.345313E-04
 7.57594   -0.197956E-04    0.130605E-04   -0.343056E-04
 7.59397   -0.196732E-04    0.130230E-04   -0.340811E-04
 7.61199   -0.195517E-04    0.129855E-04   -0.338576E-04
 7.63002   -0.194312E-04    0.129480E-04   -0.336353E-04
 7.64805   -0.193115E-04    0.129105E-04   -0.334140E-04
 7.66607   -0.191927E-04    0.128730E-04   -0.331939E-04
 7.68410   -0.190749E-04    0.128356E-04   -0.329748E-04
 7.70212   -0.189579E-04    0.127982E-04   -0.327569E-04
 7.72015   -0.188418E-04    0.127608E-04   -0.325401E-04
 7.73818   -0.187266E-04    0.127234E-04   -0.323243E-04
 7.75620   -0.186123E-04    0.126861E-04   -0.321097E-04
 7.77423   -0.184988E-04    0.126488E-04   -0.318962E-04
 7.79225   -0.183862E-04    0.126183E-04   -0.316838E-04
 7.81028   -0.182745E-04    0.125744E-04   -0.314724E-04
 7.82831   -0.181636E-04    0.125372E-04   -0.312622E-04
 7.84633   -0.180536E-04    0.125001E-04   -0.310531E-04
 7.86436   -0.179444E-04    0.124630E-04   -0.308451E-04
 7.88238   -0.178361E-04    0.124260E-04   -0.306381E-04
 7.90041   -0.177286E-04    0.123891E-04   -0.304323E-04
 7.91844   -0.176219E-04    0.123522E-04   -0.302275E-04
 7.93646   -0.175160E-04    0.123154E-04   -0.300238E-04
 7.95449   -0.174110E-04    0.122786E-04   -0.298212E-04
 7.97252   -0.173067E-04    0.122419E-04   -0.296197E-04
 7.99054   -0.172033E-04    0.122052E-04   -0.294193E-04
 8.00857   -0.171007E-04    0.121686E-04   -0.292199E-04
 8.02659   -0.169988E-04    0.121321E-04   -0.290217E-04
 8.04462   -0.168978E-04    0.120956E-04   -0.288245E-04
 8.06265   -0.167975E-04    0.120593E-04   -0.286283E-04
 8.08067   -0.166980E-04    0.120229E-04   -0.284332E-04
 8.09870   -0.165992E-04    0.119867E-04   -0.282392E-04
 8.11672   -0.165013E-04    0.119505E-04   -0.280463E-04
 8.13475   -0.164040E-04    0.119144E-04   -0.278544E-04
 8.15278   -0.163076E-04    0.118784E-04   -0.276636E-04
 8.17080   -0.162118E-04    0.118424E-04   -0.274738E-04
 8.18883   -0.161168E-04    0.118065E-04   -0.272850E-04
 8.20685   -0.160225E-04    0.117707E-04   -0.270974E-04
 8.22488   -0.159290E-04    0.117350E-04   -0.269107E-04
 8.24291   -0.158361E-04    0.116993E-04   -0.267251E-04
 8.26093   -0.157440E-04    0.116638E-04   -0.265405E-04
 8.27896   -0.156526E-04    0.116283E-04   -0.263570E-04
 8.29698   -0.155618E-04    0.115928E-04   -0.261744E-04
 8.31501   -0.154718E-04    0.115575E-04   -0.259929E-04
 8.33304   -0.153825E-04    0.115222E-04   -0.258125E-04
 8.35106   -0.152938E-04    0.114871E-04   -0.256330E-04
 8.36909   -0.152058E-04    0.114520E-04   -0.254546E-04
 8.38711   -0.151184E-04    0.114170E-04   -0.252771E-04
 8.40514   -0.150317E-04    0.113820E-04   -0.251007E-04
 8.42317   -0.149457E-04    0.113472E-04   -0.249252E-04
 8.44119   -0.148603E-04    0.113124E-04   -0.247508E-04
 8.45922   -0.147756E-04    0.112777E-04   -0.245774E-04
 8.47724   -0.146915E-04    0.112431E-04   -0.244049E-04
 8.49527   -0.146081E-04    0.112086E-04   -0.242335E-04
 8.51330   -0.145252E-04    0.111741E-04   -0.240630E-04
 8.53132   -0.144430E-04    0.111398E-04   -0.238935E-04
 8.54935   -0.143614E-04    0.111055E-04   -0.237249E-04
 8.56737   -0.142804E-04    0.110714E-04   -0.235574E-04
 8.58540   -0.142000E-04    0.110373E-04   -0.233908E-04
 8.60343   -0.141202E-04    0.110033E-04   -0.232252E-04
 8.62145   -0.140411E-04    0.109693E-04   -0.230605E-04
 8.63948   -0.139625E-04    0.109355E-04   -0.228968E-04
 8.65751   -0.138845E-04    0.109018E-04   -0.227340E-04
 8.67553   -0.138070E-04    0.108681E-04   -0.225722E-04
 8.69356   -0.137302E-04    0.108345E-04   -0.224113E-04
 8.71158   -0.136539E-04    0.108011E-04   -0.222514E-04
 8.72961   -0.135782E-04    0.107677E-04   -0.220924E-04
 8.74764   -0.135030E-04    0.107344E-04   -0.219344E-04
 8.76566   -0.134284E-04    0.107012E-04   -0.217772E-04
 8.78369   -0.133543E-04    0.106680E-04   -0.216210E-04
 8.80171   -0.132808E-04    0.106350E-04   -0.214657E-04
 8.81974   -0.132079E-04    0.106021E-04   -0.213113E-04
 8.83777   -0.131354E-04    0.105692E-04   -0.211579E-04
 8.85579   -0.130635E-04    0.105365E-04   -0.210053E-04
 8.87382   -0.129922E-04    0.105038E-04   -0.208537E-04
 8.89184   -0.129213E-04    0.104712E-04   -0.207029E-04
 8.90987   -0.128510E-04    0.104387E-04   -0.205531E-04
 8.92790   -0.127811E-04    0.104063E-04   -0.204041E-04
 8.94592   -0.127118E-04    0.103740E-04   -0.202560E-04
 8.96395   -0.126430E-04    0.103418E-04   -0.201088E-04
 8.98197   -0.125747E-04    0.103096E-04   -0.199625E-04
 9.00000   -0.125068E-04    0.102776E-04   -0.198170E-04
