 0.00500    0.473178E-01   -0.229344E-01    0.165581E-01
 0.02303    0.379063E-01   -0.182300E-01    0.130311E-01
 0.04105    0.325171E-01   -0.155371E-01    0.110144E-01
 0.05908    0.286484E-01   -0.136053E-01    0.956970E-02
 0.07710    0.256359E-01   -0.121021E-01    0.844725E-02
 0.09513    0.231834E-01   -0.108795E-01    0.753613E-02
 0.11316    0.211291E-01   -0.985646E-02    0.677519E-02
 0.13118    0.193739E-01   -0.898320E-02    0.612707E-02
 0.14921    0.178517E-01   -0.822677E-02    0.556697E-02
 0.16723    0.165161E-01   -0.756390E-02    0.507739E-02
 0.18526    0.153335E-01   -0.697770E-02    0.464557E-02
 0.20329    0.142782E-01   -0.645536E-02    0.426186E-02
 0.22131    0.133306E-01   -0.598697E-02    0.391878E-02
 0.23934    0.124750E-01   -0.556471E-02    0.361042E-02
 0.25736    0.116987E-01   -0.518222E-02    0.333199E-02
 0.27539    0.109914E-01   -0.483435E-02    0.307958E-02
 0.29342    0.103448E-01   -0.451682E-02    0.284998E-02
 0.31144    0.975159E-02   -0.422607E-02    0.264048E-02
 0.32947    0.920577E-02   -0.395905E-02    0.244878E-02
 0.34749    0.870216E-02   -0.371316E-02    0.227293E-02
 0.36552    0.823639E-02   -0.348621E-02    0.211125E-02
 0.38355    0.780461E-02   -0.327626E-02    0.196229E-02
 0.40157    0.740351E-02   -0.308166E-02    0.182480E-02
 0.41960    0.703018E-02   -0.290094E-02    0.169765E-02
 0.43763    0.668207E-02   -0.273281E-02    0.157989E-02
 0.45565    0.635693E-02   -0.257616E-02    0.147067E-02
 0.47368    0.605274E-02   -0.242995E-02    0.136921E-02
 0.49170    0.576773E-02   -0.229331E-02    0.127484E-02
 0.50973    0.550032E-02   -0.216544E-02    0.118696E-02
 0.52776    0.524910E-02   -0.204563E-02    0.110504E-02
 0.54578    0.501276E-02   -0.193323E-02    0.102859E-02
 0.56381    0.479017E-02   -0.182765E-02    0.957171E-03
 0.58183    0.458029E-02   -0.172840E-02    0.890391E-03
 0.59986    0.438218E-02   -0.163499E-02    0.827898E-03
 0.61789    0.419499E-02   -0.154699E-02    0.769370E-03
 0.63591    0.401795E-02   -0.146402E-02    0.714512E-03
 0.65394    0.385033E-02   -0.138572E-02    0.663057E-03
 0.67196    0.369151E-02   -0.131176E-02    0.614763E-03
 0.68999    0.354089E-02   -0.124186E-02    0.569408E-03
 0.70802    0.339792E-02   -0.117573E-02    0.526791E-03
 0.72604    0.326213E-02   -0.111314E-02    0.486724E-03
 0.74407    0.313304E-02   -0.105385E-02    0.449035E-03
 0.76209    0.301024E-02   -0.997660E-03    0.413569E-03
 0.78012    0.289335E-02   -0.944367E-03    0.380180E-03
 0.79815    0.278201E-02   -0.893796E-03    0.348737E-03
 0.81617    0.267588E-02   -0.845782E-03    0.319114E-03
 0.83420    0.257467E-02   -0.800172E-03    0.291199E-03
 0.85222    0.247809E-02   -0.756824E-03    0.264887E-03
 0.87025    0.238587E-02   -0.715606E-03    0.240078E-03
 0.88828    0.229777E-02   -0.676395E-03    0.216682E-03
 0.90630    0.221356E-02   -0.639079E-03    0.194615E-03
 0.92433    0.213304E-02   -0.603553E-03    0.173798E-03
 0.94235    0.205600E-02   -0.569718E-03    0.154160E-03
 0.96038    0.198227E-02   -0.537483E-03    0.135633E-03
 0.97841    0.191166E-02   -0.506761E-03    0.118153E-03
 0.99643    0.184402E-02   -0.477471E-03    0.101660E-03
 1.01446    0.177919E-02   -0.449537E-03    0.860984E-04
 1.03248    0.171704E-02   -0.422889E-03    0.714169E-04
 1.05051    0.165742E-02   -0.397462E-03    0.575666E-04
 1.06854    0.160022E-02   -0.373194E-03    0.445027E-04
 1.08656    0.154532E-02   -0.350026E-03    0.321832E-04
 1.10459    0.149261E-02   -0.327904E-03    0.205675E-04
 1.12262    0.144198E-02   -0.306777E-03    0.961845E-05
 1.14064    0.139334E-02   -0.286595E-03   -0.699323E-06
 1.15867    0.134659E-02   -0.267313E-03   -0.104193E-04
 1.17669    0.130165E-02   -0.248889E-03   -0.195723E-04
 1.19472    0.125844E-02   -0.231280E-03   -0.281882E-04
 1.21275    0.121687E-02   -0.214453E-03   -0.362943E-04
 1.23077    0.117688E-02   -0.198362E-03   -0.439166E-04
 1.24880    0.113839E-02   -0.182980E-03   -0.510805E-04
 1.26682    0.110133E-02   -0.168274E-03   -0.578090E-04
 1.28485    0.106565E-02   -0.154211E-03   -0.641243E-04
 1.30288    0.103129E-02   -0.140763E-03   -0.700471E-04
 1.32090    0.998194E-03   -0.127903E-03   -0.755969E-04
 1.33893    0.966302E-03   -0.115605E-03   -0.807921E-04
 1.35695    0.935569E-03   -0.103844E-03   -0.856500E-04
 1.37498    0.905945E-03   -0.925974E-04   -0.901874E-04
 1.39301    0.877385E-03   -0.818418E-04   -0.944202E-04
 1.41103    0.849847E-03   -0.715564E-04   -0.983631E-04
 1.42906    0.823288E-03   -0.617210E-04   -0.102030E-03
 1.44708    0.797671E-03   -0.523168E-04   -0.105435E-03
 1.46511    0.772958E-03   -0.433260E-04   -0.108591E-03
 1.48314    0.749113E-03   -0.347315E-04   -0.111508E-03
 1.50116    0.726105E-03   -0.265168E-04   -0.114199E-03
 1.51919    0.703901E-03   -0.186669E-04   -0.116674E-03
 1.53721    0.682471E-03   -0.111670E-04   -0.118942E-03
 1.55524    0.661787E-03   -0.400347E-05   -0.121015E-03
 1.57327    0.641820E-03    0.283714E-05   -0.122900E-03
 1.59129    0.622546E-03    0.936748E-05   -0.124606E-03
 1.60932    0.603939E-03    0.155991E-04   -0.126142E-03
 1.62734    0.585976E-03    0.215434E-04   -0.127514E-03
 1.64537    0.568635E-03    0.272111E-04   -0.128732E-03
 1.66340    0.551895E-03    0.326122E-04   -0.129799E-03
 1.68142    0.535735E-03    0.377559E-04   -0.130724E-03
 1.69945    0.520139E-03    0.426517E-04   -0.131512E-03
 1.71747    0.505086E-03    0.473077E-04   -0.132169E-03
 1.73550    0.490562E-03    0.517326E-04   -0.132700E-03
 1.75353    0.476549E-03    0.559327E-04   -0.133110E-03
 1.77155    0.463033E-03    0.599157E-04   -0.133403E-03
 1.78958    0.450000E-03    0.636880E-04   -0.133584E-03
 1.80761    0.437438E-03    0.672554E-04   -0.133656E-03
 1.82563    0.425335E-03    0.706238E-04   -0.133624E-03
 1.84366    0.413679E-03    0.737975E-04   -0.133489E-03
 1.86168    0.402460E-03    0.767834E-04   -0.133255E-03
 1.87971    0.391668E-03    0.795838E-04   -0.132925E-03
 1.89774    0.381295E-03    0.822035E-04   -0.132500E-03
 1.91576    0.371332E-03    0.846462E-04   -0.131984E-03
 1.93379    0.361772E-03    0.869154E-04   -0.131378E-03
 1.95181    0.352607E-03    0.890142E-04   -0.130683E-03
 1.96984    0.343831E-03    0.909460E-04   -0.129902E-03
 1.98787    0.335438E-03    0.927124E-04   -0.129036E-03
 2.00589    0.327422E-03    0.943175E-04   -0.128086E-03
 2.02392    0.319775E-03    0.957630E-04   -0.127053E-03
 2.04194    0.312494E-03    0.970522E-04   -0.125938E-03
 2.05997    0.305574E-03    0.981861E-04   -0.124743E-03
 2.07800    0.299007E-03    0.991672E-04   -0.123469E-03
 2.09602    0.292788E-03    0.999994E-04   -0.122117E-03
 2.11405    0.286911E-03    0.100685E-03   -0.120689E-03
 2.13207    0.281370E-03    0.101226E-03   -0.119186E-03
 2.15010    0.276156E-03    0.101627E-03   -0.117610E-03
 2.16813    0.271262E-03    0.101891E-03   -0.115964E-03
 2.18615    0.266679E-03    0.102023E-03   -0.114249E-03
 2.20418    0.262397E-03    0.102026E-03   -0.112469E-03
 2.22220    0.258405E-03    0.101906E-03   -0.110626E-03
 2.24023    0.254691E-03    0.101669E-03   -0.108724E-03
 2.25826    0.251240E-03    0.101322E-03   -0.106769E-03
 2.27628    0.248039E-03    0.100871E-03   -0.104763E-03
 2.29431    0.245069E-03    0.100324E-03   -0.102714E-03
 2.31233    0.242313E-03    0.996894E-04   -0.100625E-03
 2.33036    0.239753E-03    0.989781E-04   -0.985051E-04
 2.34839    0.237366E-03    0.981991E-04   -0.963595E-04
 2.36641    0.235130E-03    0.973634E-04   -0.941962E-04
 2.38444    0.233021E-03    0.964831E-04   -0.920239E-04
 2.40246    0.231014E-03    0.955694E-04   -0.898501E-04
 2.42049    0.229085E-03    0.946350E-04   -0.876836E-04
 2.43852    0.227206E-03    0.936933E-04   -0.855337E-04
 2.45654    0.225350E-03    0.927569E-04   -0.834098E-04
 2.47457    0.223488E-03    0.918399E-04   -0.813210E-04
 2.49260    0.221594E-03    0.909555E-04   -0.792777E-04
 2.51062    0.219640E-03    0.901171E-04   -0.772885E-04
 2.52865    0.217598E-03    0.893381E-04   -0.753629E-04
 2.54667    0.215444E-03    0.886308E-04   -0.735100E-04
 2.56470    0.213152E-03    0.880074E-04   -0.717381E-04
 2.58273    0.210698E-03    0.874794E-04   -0.700555E-04
 2.60075    0.208062E-03    0.870572E-04   -0.684693E-04
 2.61878    0.205222E-03    0.867506E-04   -0.669865E-04
 2.63680    0.202161E-03    0.865706E-04   -0.656127E-04
 2.65483    0.198867E-03    0.865166E-04   -0.643533E-04
 2.67286    0.195323E-03    0.866023E-04   -0.632120E-04
 2.69088    0.191524E-03    0.868295E-04   -0.621918E-04
 2.70891    0.187461E-03    0.872011E-04   -0.612944E-04
 2.72693    0.183131E-03    0.877185E-04   -0.605213E-04
 2.74496    0.178533E-03    0.883823E-04   -0.598715E-04
 2.76299    0.173671E-03    0.891912E-04   -0.593443E-04
 2.78101    0.168547E-03    0.901422E-04   -0.589371E-04
 2.79904    0.163172E-03    0.912312E-04   -0.586467E-04
 2.81706    0.157556E-03    0.924526E-04   -0.584688E-04
 2.83509    0.151712E-03    0.937999E-04   -0.583979E-04
 2.85312    0.145657E-03    0.952644E-04   -0.584282E-04
 2.87114    0.139408E-03    0.968372E-04   -0.585528E-04
 2.88917    0.132983E-03    0.985094E-04   -0.587643E-04
 2.90719    0.126405E-03    0.100271E-03   -0.590549E-04
 2.92522    0.119693E-03    0.102109E-03   -0.594165E-04
 2.94325    0.112873E-03    0.104014E-03   -0.598399E-04
 2.96127    0.105966E-03    0.105973E-03   -0.603173E-04
 2.97930    0.989975E-04    0.107975E-03   -0.608392E-04
 2.99732    0.919911E-04    0.110007E-03   -0.613964E-04
 3.01535    0.849705E-04    0.112057E-03   -0.619804E-04
 3.03338    0.779588E-04    0.114115E-03   -0.625825E-04
 3.05140    0.709784E-04    0.116169E-03   -0.631942E-04
 3.06943    0.640509E-04    0.118207E-03   -0.638079E-04
 3.08745    0.571964E-04    0.120221E-03   -0.644157E-04
 3.10548    0.504348E-04    0.122200E-03   -0.650106E-04
 3.12351    0.437835E-04    0.124136E-03   -0.655858E-04
 3.14153    0.372592E-04    0.126019E-03   -0.661358E-04
 3.15956    0.308772E-04    0.127844E-03   -0.666545E-04
 3.17759    0.246509E-04    0.129602E-03   -0.671372E-04
 3.19561    0.185923E-04    0.131289E-03   -0.675793E-04
 3.21364    0.127118E-04    0.132898E-03   -0.679768E-04
 3.23166    0.701806E-05    0.134425E-03   -0.683269E-04
 3.24969    0.151828E-05    0.135868E-03   -0.686268E-04
 3.26772   -0.378184E-05    0.137223E-03   -0.688745E-04
 3.28574   -0.887795E-05    0.138488E-03   -0.690683E-04
 3.30377   -0.137669E-04    0.139661E-03   -0.692074E-04
 3.32179   -0.184466E-04    0.140741E-03   -0.692903E-04
 3.33982   -0.229164E-04    0.141729E-03   -0.693173E-04
 3.35785   -0.271765E-04    0.142623E-03   -0.692887E-04
 3.37587   -0.312283E-04    0.143426E-03   -0.692045E-04
 3.39390   -0.350742E-04    0.144137E-03   -0.690656E-04
 3.41192   -0.387161E-04    0.144759E-03   -0.688734E-04
 3.42995   -0.421613E-04    0.145293E-03   -0.686289E-04
 3.44798   -0.454106E-04    0.145741E-03   -0.683338E-04
 3.46600   -0.484698E-04    0.146106E-03   -0.679898E-04
 3.48403   -0.513442E-04    0.146391E-03   -0.675987E-04
 3.50205   -0.540392E-04    0.146598E-03   -0.671624E-04
 3.52008   -0.565608E-04    0.146730E-03   -0.666834E-04
 3.53811   -0.589153E-04    0.146790E-03   -0.661633E-04
 3.55613   -0.611086E-04    0.146780E-03   -0.656046E-04
 3.57416   -0.631474E-04    0.146705E-03   -0.650093E-04
 3.59218   -0.650380E-04    0.146568E-03   -0.643801E-04
 3.61021   -0.667868E-04    0.146370E-03   -0.637186E-04
 3.62824   -0.684001E-04    0.146116E-03   -0.630275E-04
 3.64626   -0.698843E-04    0.145809E-03   -0.623088E-04
 3.66429   -0.712458E-04    0.145451E-03   -0.615646E-04
 3.68231   -0.724904E-04    0.145046E-03   -0.607969E-04
 3.70034   -0.736241E-04    0.144597E-03   -0.600080E-04
 3.71837   -0.746526E-04    0.144105E-03   -0.591998E-04
 3.73639   -0.755815E-04    0.143575E-03   -0.583738E-04
 3.75442   -0.764164E-04    0.143008E-03   -0.575323E-04
 3.77244   -0.771623E-04    0.142407E-03   -0.566764E-04
 3.79047   -0.778243E-04    0.141775E-03   -0.558085E-04
 3.80850   -0.784073E-04    0.141114E-03   -0.549298E-04
 3.82652   -0.789158E-04    0.140425E-03   -0.540418E-04
 3.84455   -0.793543E-04    0.139712E-03   -0.531459E-04
 3.86258   -0.797269E-04    0.138976E-03   -0.522436E-04
 3.88060   -0.800377E-04    0.138219E-03   -0.513359E-04
 3.89863   -0.802904E-04    0.137443E-03   -0.504242E-04
 3.91665   -0.804885E-04    0.136649E-03   -0.495096E-04
 3.93468   -0.806355E-04    0.135839E-03   -0.485930E-04
 3.95271   -0.807346E-04    0.135015E-03   -0.476755E-04
 3.97073   -0.807888E-04    0.134178E-03   -0.467577E-04
 3.98876   -0.808011E-04    0.133329E-03   -0.458408E-04
 4.00678   -0.807741E-04    0.132470E-03   -0.449255E-04
 4.02481   -0.807105E-04    0.131601E-03   -0.440124E-04
 4.04284   -0.806127E-04    0.130725E-03   -0.431023E-04
 4.06086   -0.804829E-04    0.129841E-03   -0.421958E-04
 4.07889   -0.803232E-04    0.128952E-03   -0.412934E-04
 4.09691   -0.801357E-04    0.128057E-03   -0.403957E-04
 4.11494   -0.799222E-04    0.127158E-03   -0.395033E-04
 4.13297   -0.796845E-04    0.126255E-03   -0.386164E-04
 4.15099   -0.794243E-04    0.125350E-03   -0.377367E-04
 4.16902   -0.791432E-04    0.124442E-03   -0.368622E-04
 4.18704   -0.788427E-04    0.123533E-03   -0.359944E-04
 4.20507   -0.785242E-04    0.122623E-03   -0.351324E-04
 4.22310   -0.781889E-04    0.121713E-03   -0.342789E-04
 4.24112   -0.778382E-04    0.120803E-03   -0.334329E-04
 4.25915   -0.774731E-04    0.119894E-03   -0.325948E-04
 4.27717   -0.770948E-04    0.118985E-03   -0.317642E-04
 4.29520   -0.767043E-04    0.118079E-03   -0.309418E-04
 4.31323   -0.763025E-04    0.117174E-03   -0.301274E-04
 4.33125   -0.758904E-04    0.116272E-03   -0.293215E-04
 4.34928   -0.754688E-04    0.115372E-03   -0.285237E-04
 4.36730   -0.750385E-04    0.114476E-03   -0.277345E-04
 4.38533   -0.746003E-04    0.113582E-03   -0.269538E-04
 4.40336   -0.741548E-04    0.112692E-03   -0.261818E-04
 4.42138   -0.737029E-04    0.111806E-03   -0.254185E-04
 4.43941   -0.732450E-04    0.110924E-03   -0.246640E-04
 4.45743   -0.727818E-04    0.110047E-03   -0.239185E-04
 4.47546   -0.723137E-04    0.109173E-03   -0.231820E-04
 4.49349   -0.718414E-04    0.108305E-03   -0.224547E-04
 4.51151   -0.713654E-04    0.107441E-03   -0.217368E-04
 4.52954   -0.708860E-04    0.106582E-03   -0.210281E-04
 4.54757   -0.704037E-04    0.105728E-03   -0.203291E-04
 4.56559   -0.699188E-04    0.104879E-03   -0.196395E-04
 4.58362   -0.694319E-04    0.104035E-03   -0.189596E-04
 4.60164   -0.689433E-04    0.103197E-03   -0.182893E-04
 4.61967   -0.684532E-04    0.102364E-03   -0.176288E-04
 4.63770   -0.679621E-04    0.101537E-03   -0.169779E-04
 4.65572   -0.674701E-04    0.100716E-03   -0.163367E-04
 4.67375   -0.669777E-04    0.999001E-04   -0.157050E-04
 4.69177   -0.664850E-04    0.990902E-04   -0.150829E-04
 4.70980   -0.659924E-04    0.982861E-04   -0.144702E-04
 4.72783   -0.655000E-04    0.974880E-04   -0.138668E-04
 4.74585   -0.650082E-04    0.966958E-04   -0.132725E-04
 4.76388   -0.645170E-04    0.959096E-04   -0.126872E-04
 4.78190   -0.640269E-04    0.951294E-04   -0.121107E-04
 4.79993   -0.635379E-04    0.943552E-04   -0.115429E-04
 4.81796   -0.630502E-04    0.935872E-04   -0.109836E-04
 4.83598   -0.625641E-04    0.928252E-04   -0.104326E-04
 4.85401   -0.620798E-04    0.920694E-04   -0.988989E-05
 4.87203   -0.615974E-04    0.913199E-04   -0.935527E-05
 4.89006   -0.611170E-04    0.905766E-04   -0.882864E-05
 4.90809   -0.606390E-04    0.898395E-04   -0.830993E-05
 4.92611   -0.601635E-04    0.891087E-04   -0.779900E-05
 4.94414   -0.596905E-04    0.883844E-04   -0.729576E-05
 4.96216   -0.592203E-04    0.876660E-04   -0.680026E-05
 4.98019   -0.587530E-04    0.869541E-04   -0.631246E-05
 4.99822   -0.582888E-04    0.862487E-04   -0.583223E-05
 5.01624   -0.578279E-04    0.855496E-04   -0.535950E-05
 5.03427   -0.573702E-04    0.848568E-04   -0.489434E-05
 5.05229   -0.569160E-04    0.841703E-04   -0.443666E-05
 5.07032   -0.564654E-04    0.834902E-04   -0.398645E-05
 5.08835   -0.560185E-04    0.828166E-04   -0.354366E-05
 5.10637   -0.555755E-04    0.821493E-04   -0.310825E-05
 5.12440   -0.551363E-04    0.814884E-04   -0.268023E-05
 5.14242   -0.547010E-04    0.808338E-04   -0.225956E-05
 5.16045   -0.542699E-04    0.801857E-04   -0.184611E-05
 5.17848   -0.538429E-04    0.795438E-04   -0.143987E-05
 5.19650   -0.534200E-04    0.789083E-04   -0.104080E-05
 5.21453   -0.530014E-04    0.782790E-04   -0.648797E-06
 5.23256   -0.525871E-04    0.776561E-04   -0.263876E-06
 5.25058   -0.521771E-04    0.770393E-04    0.114230E-06
 5.26861   -0.517714E-04    0.764290E-04    0.485432E-06
 5.28663   -0.513700E-04    0.758244E-04    0.849888E-06
 5.30466   -0.509730E-04    0.752261E-04    0.120767E-05
 5.32269   -0.505802E-04    0.746338E-04    0.155887E-05
 5.34071   -0.501917E-04    0.740475E-04    0.190361E-05
 5.35874   -0.498075E-04    0.734671E-04    0.224197E-05
 5.37676   -0.494273E-04    0.728926E-04    0.257404E-05
 5.39479   -0.490513E-04    0.723238E-04    0.290009E-05
 5.41282   -0.486793E-04    0.717607E-04    0.321997E-05
 5.43084   -0.483113E-04    0.712032E-04    0.353396E-05
 5.44887   -0.479471E-04    0.706513E-04    0.384205E-05
 5.46689   -0.475866E-04    0.701048E-04    0.414440E-05
 5.48492   -0.472298E-04    0.695636E-04    0.444112E-05
 5.50295   -0.468766E-04    0.690278E-04    0.473237E-05
 5.52097   -0.465268E-04    0.684969E-04    0.501822E-05
 5.53900   -0.461803E-04    0.679712E-04    0.529879E-05
 5.55702   -0.458371E-04    0.674505E-04    0.557418E-05
 5.57505   -0.454969E-04    0.669347E-04    0.584449E-05
 5.59308   -0.451597E-04    0.664236E-04    0.610987E-05
 5.61110   -0.448253E-04    0.659172E-04    0.637038E-05
 5.62913   -0.444937E-04    0.654154E-04    0.662604E-05
 5.64715   -0.441647E-04    0.649180E-04    0.687715E-05
 5.66518   -0.438382E-04    0.644251E-04    0.712374E-05
 5.68321   -0.435141E-04    0.639365E-04    0.736590E-05
 5.70123   -0.431922E-04    0.634521E-04    0.760370E-05
 5.71926   -0.428726E-04    0.629719E-04    0.783724E-05
 5.73728   -0.425549E-04    0.624956E-04    0.806665E-05
 5.75531   -0.422393E-04    0.620234E-04    0.829200E-05
 5.77334   -0.419255E-04    0.615551E-04    0.851338E-05
 5.79136   -0.416136E-04    0.610905E-04    0.873089E-05
 5.80939   -0.413034E-04    0.606298E-04    0.894453E-05
 5.82741   -0.409948E-04    0.601727E-04    0.915447E-05
 5.84544   -0.406879E-04    0.597193E-04    0.936077E-05
 5.86347   -0.403825E-04    0.592694E-04    0.956350E-05
 5.88149   -0.400786E-04    0.588230E-04    0.976269E-05
 5.89952   -0.397762E-04    0.583802E-04    0.995846E-05
 5.91755   -0.394752E-04    0.579407E-04    0.101508E-04
 5.93557   -0.391757E-04    0.575047E-04    0.103398E-04
 5.95360   -0.388776E-04    0.570720E-04    0.105256E-04
 5.97162   -0.385809E-04    0.566427E-04    0.107080E-04
 5.98965   -0.382857E-04    0.562166E-04    0.108873E-04
 6.00768   -0.379918E-04    0.557939E-04    0.110634E-04
 6.02570   -0.376994E-04    0.553744E-04    0.112365E-04
 6.04373   -0.374083E-04    0.549581E-04    0.114064E-04
 6.06175   -0.371187E-04    0.545450E-04    0.115733E-04
 6.07978   -0.368306E-04    0.541351E-04    0.117373E-04
 6.09781   -0.365439E-04    0.537284E-04    0.118983E-04
 6.11583   -0.362587E-04    0.533248E-04    0.120563E-04
 6.13386   -0.359751E-04    0.529244E-04    0.122115E-04
 6.15188   -0.356929E-04    0.525270E-04    0.123638E-04
 6.16991   -0.354124E-04    0.521328E-04    0.125133E-04
 6.18794   -0.351334E-04    0.517417E-04    0.126600E-04
 6.20596   -0.348560E-04    0.513537E-04    0.128039E-04
 6.22399   -0.345803E-04    0.509688E-04    0.129451E-04
 6.24201   -0.343062E-04    0.505869E-04    0.130835E-04
 6.26004   -0.340339E-04    0.502081E-04    0.132193E-04
 6.27807   -0.337633E-04    0.498324E-04    0.133524E-04
 6.29609   -0.334944E-04    0.494597E-04    0.134829E-04
 6.31412   -0.332273E-04    0.490900E-04    0.136108E-04
 6.33214   -0.329620E-04    0.487234E-04    0.137361E-04
 6.35017   -0.326985E-04    0.483597E-04    0.138588E-04
 6.36820   -0.324368E-04    0.479990E-04    0.139791E-04
 6.38622   -0.321770E-04    0.476414E-04    0.140968E-04
 6.40425   -0.319191E-04    0.472866E-04    0.142120E-04
 6.42227   -0.316631E-04    0.469349E-04    0.143248E-04
 6.44030   -0.314090E-04    0.465861E-04    0.144352E-04
 6.45833   -0.311567E-04    0.462402E-04    0.145431E-04
 6.47635   -0.309064E-04    0.458972E-04    0.146488E-04
 6.49438   -0.306581E-04    0.455571E-04    0.147520E-04
 6.51240   -0.304117E-04    0.452199E-04    0.148530E-04
 6.53043   -0.301672E-04    0.448855E-04    0.149517E-04
 6.54846   -0.299247E-04    0.445540E-04    0.150481E-04
 6.56648   -0.296841E-04    0.442253E-04    0.151423E-04
 6.58451   -0.294455E-04    0.438994E-04    0.152343E-04
 6.60254   -0.292089E-04    0.435763E-04    0.153241E-04
 6.62056   -0.289742E-04    0.432560E-04    0.154118E-04
 6.63859   -0.287415E-04    0.429384E-04    0.154973E-04
 6.65661   -0.285108E-04    0.426236E-04    0.155808E-04
 6.67464   -0.282820E-04    0.423115E-04    0.156622E-04
 6.69267   -0.280552E-04    0.420021E-04    0.157414E-04
 6.71069   -0.278304E-04    0.416954E-04    0.158187E-04
 6.72872   -0.276075E-04    0.413913E-04    0.158940E-04
 6.74674   -0.273866E-04    0.410899E-04    0.159674E-04
 6.76477   -0.271676E-04    0.407910E-04    0.160388E-04
 6.78280   -0.269506E-04    0.404948E-04    0.161083E-04
 6.80082   -0.267356E-04    0.402012E-04    0.161759E-04
 6.81885   -0.265225E-04    0.399102E-04    0.162416E-04
 6.83687   -0.263113E-04    0.396217E-04    0.163055E-04
 6.85490   -0.261021E-04    0.393358E-04    0.163676E-04
 6.87293   -0.258949E-04    0.390523E-04    0.164279E-04
 6.89095   -0.256895E-04    0.387714E-04    0.164864E-04
 6.90898   -0.254861E-04    0.384929E-04    0.165431E-04
 6.92700   -0.252847E-04    0.382169E-04    0.165981E-04
 6.94503   -0.250851E-04    0.379434E-04    0.166514E-04
 6.96306   -0.248874E-04    0.376722E-04    0.167031E-04
 6.98108   -0.246917E-04    0.374035E-04    0.167530E-04
 6.99911   -0.244978E-04    0.371371E-04    0.168014E-04
 7.01713   -0.243059E-04    0.368732E-04    0.168481E-04
 7.03516   -0.241158E-04    0.366115E-04    0.168933E-04
 7.05319   -0.239275E-04    0.363522E-04    0.169369E-04
 7.07121   -0.237411E-04    0.360952E-04    0.169789E-04
 7.08924   -0.235566E-04    0.358405E-04    0.170194E-04
 7.10726   -0.233738E-04    0.355880E-04    0.170584E-04
 7.12529   -0.231929E-04    0.353378E-04    0.170959E-04
 7.14332   -0.230137E-04    0.350898E-04    0.171320E-04
 7.16134   -0.228364E-04    0.348440E-04    0.171667E-04
 7.17937   -0.226608E-04    0.346004E-04    0.172000E-04
 7.19739   -0.224869E-04    0.343589E-04    0.172319E-04
 7.21542   -0.223147E-04    0.341196E-04    0.172624E-04
 7.23345   -0.221443E-04    0.338824E-04    0.172916E-04
 7.25147   -0.219755E-04    0.336473E-04    0.173194E-04
 7.26950   -0.218085E-04    0.334142E-04    0.173461E-04
 7.28753   -0.216430E-04    0.331832E-04    0.173714E-04
 7.30555   -0.214792E-04    0.329543E-04    0.173954E-04
 7.32358   -0.213170E-04    0.327273E-04    0.174183E-04
 7.34160   -0.211564E-04    0.325023E-04    0.174399E-04
 7.35963   -0.209974E-04    0.322793E-04    0.174603E-04
 7.37766   -0.208400E-04    0.320583E-04    0.174795E-04
 7.39568   -0.206841E-04    0.318391E-04    0.174976E-04
 7.41371   -0.205297E-04    0.316219E-04    0.175146E-04
 7.43173   -0.203768E-04    0.314066E-04    0.175305E-04
 7.44976   -0.202255E-04    0.311931E-04    0.175452E-04
 7.46779   -0.200755E-04    0.309814E-04    0.175589E-04
 7.48581   -0.199271E-04    0.307716E-04    0.175715E-04
 7.50384   -0.197801E-04    0.305636E-04    0.175832E-04
 7.52186   -0.196345E-04    0.303574E-04    0.175938E-04
 7.53989   -0.194903E-04    0.301530E-04    0.176034E-04
 7.55792   -0.193475E-04    0.299503E-04    0.176120E-04
 7.57594   -0.192060E-04    0.297493E-04    0.176197E-04
 7.59397   -0.190660E-04    0.295501E-04    0.176264E-04
 7.61199   -0.189272E-04    0.293525E-04    0.176322E-04
 7.63002   -0.187898E-04    0.291567E-04    0.176371E-04
 7.64805   -0.186537E-04    0.289625E-04    0.176411E-04
 7.66607   -0.185189E-04    0.287699E-04    0.176443E-04
 7.68410   -0.183854E-04    0.285790E-04    0.176466E-04
 7.70212   -0.182532E-04    0.283896E-04    0.176480E-04
 7.72015   -0.181222E-04    0.282019E-04    0.176486E-04
 7.73818   -0.179924E-04    0.280158E-04    0.176483E-04
 7.75620   -0.178639E-04    0.278312E-04    0.176473E-04
 7.77423   -0.177365E-04    0.276481E-04    0.176455E-04
 7.79225   -0.176104E-04    0.274666E-04    0.176429E-04
 7.81028   -0.174855E-04    0.272866E-04    0.176395E-04
 7.82831   -0.173617E-04    0.271082E-04    0.176354E-04
 7.84633   -0.172391E-04    0.269311E-04    0.176306E-04
 7.86436   -0.171176E-04    0.267556E-04    0.176250E-04
 7.88238   -0.169973E-04    0.265815E-04    0.176187E-04
 7.90041   -0.168781E-04    0.264089E-04    0.176117E-04
 7.91844   -0.167600E-04    0.262377E-04    0.176041E-04
 7.93646   -0.166430E-04    0.260679E-04    0.175958E-04
 7.95449   -0.165271E-04    0.258995E-04    0.175868E-04
 7.97252   -0.164122E-04    0.257325E-04    0.175772E-04
 7.99054   -0.162985E-04    0.255669E-04    0.175670E-04
 8.00857   -0.161858E-04    0.254027E-04    0.175561E-04
 8.02659   -0.160741E-04    0.252398E-04    0.175446E-04
 8.04462   -0.159635E-04    0.250782E-04    0.175325E-04
 8.06265   -0.158539E-04    0.249179E-04    0.175198E-04
 8.08067   -0.157453E-04    0.247590E-04    0.175066E-04
 8.09870   -0.156377E-04    0.246014E-04    0.174928E-04
 8.11672   -0.155312E-04    0.244450E-04    0.174784E-04
 8.13475   -0.154256E-04    0.242900E-04    0.174634E-04
 8.15278   -0.153210E-04    0.241362E-04    0.174479E-04
 8.17080   -0.152174E-04    0.239836E-04    0.174319E-04
 8.18883   -0.151148E-04    0.238324E-04    0.174153E-04
 8.20685   -0.150132E-04    0.236823E-04    0.173983E-04
 8.22488   -0.149125E-04    0.235335E-04    0.173807E-04
 8.24291   -0.148127E-04    0.233859E-04    0.173626E-04
 8.26093   -0.147139E-04    0.232395E-04    0.173441E-04
 8.27896   -0.146161E-04    0.230943E-04    0.173250E-04
 8.29698   -0.145191E-04    0.229503E-04    0.173055E-04
 8.31501   -0.144231E-04    0.228074E-04    0.172855E-04
 8.33304   -0.143281E-04    0.226657E-04    0.172650E-04
 8.35106   -0.142339E-04    0.225252E-04    0.172442E-04
 8.36909   -0.141406E-04    0.223858E-04    0.172229E-04
 8.38711   -0.140482E-04    0.222475E-04    0.172012E-04
 8.40514   -0.139566E-04    0.221104E-04    0.171790E-04
 8.42317   -0.138659E-04    0.219744E-04    0.171564E-04
 8.44119   -0.137761E-04    0.218394E-04    0.171334E-04
 8.45922   -0.136871E-04    0.217055E-04    0.171101E-04
 8.47724   -0.135989E-04    0.215727E-04    0.170864E-04
 8.49527   -0.135115E-04    0.214410E-04    0.170622E-04
 8.51330   -0.134249E-04    0.213103E-04    0.170378E-04
 8.53132   -0.133391E-04    0.211806E-04    0.170129E-04
 8.54935   -0.132540E-04    0.210519E-04    0.169878E-04
 8.56737   -0.131697E-04    0.209243E-04    0.169623E-04
 8.58540   -0.130861E-04    0.207976E-04    0.169365E-04
 8.60343   -0.130032E-04    0.206719E-04    0.169103E-04
 8.62145   -0.129210E-04    0.205471E-04    0.168839E-04
 8.63948   -0.128394E-04    0.204233E-04    0.168572E-04
 8.65751   -0.127585E-04    0.203004E-04    0.168302E-04
 8.67553   -0.126782E-04    0.201785E-04    0.168030E-04
 8.69356   -0.125985E-04    0.200574E-04    0.167755E-04
 8.71158   -0.125195E-04    0.199372E-04    0.167477E-04
 8.72961   -0.124410E-04    0.198179E-04    0.167197E-04
 8.74764   -0.123631E-04    0.196995E-04    0.166914E-04
 8.76566   -0.122857E-04    0.195819E-04    0.166630E-04
 8.78369   -0.122089E-04    0.194651E-04    0.166343E-04
 8.80171   -0.121326E-04    0.193492E-04    0.166054E-04
 8.81974   -0.120568E-04    0.192341E-04    0.165763E-04
 8.83777   -0.119815E-04    0.191198E-04    0.165471E-04
 8.85579   -0.119067E-04    0.190063E-04    0.165176E-04
 8.87382   -0.118324E-04    0.188936E-04    0.164880E-04
 8.89184   -0.117586E-04    0.187817E-04    0.164582E-04
 8.90987   -0.116853E-04    0.186705E-04    0.164282E-04
 8.92790   -0.116124E-04    0.185601E-04    0.163981E-04
 8.94592   -0.115400E-04    0.184505E-04    0.163678E-04
 8.96395   -0.114681E-04    0.183416E-04    0.163373E-04
 8.98197   -0.113967E-04    0.182335E-04    0.163067E-04
 9.00000   -0.113257E-04    0.181261E-04    0.162759E-04
