 0.00500    0.848551E-02   -0.459902E-02    0.377240E-02
 0.02303    0.702369E-02   -0.386800E-02    0.322377E-02
 0.04105    0.615846E-02   -0.343502E-02    0.289845E-02
 0.05908    0.552439E-02   -0.311754E-02    0.265944E-02
 0.07710    0.502270E-02   -0.286596E-02    0.246964E-02
 0.09513    0.460824E-02   -0.265795E-02    0.231231E-02
 0.11316    0.425654E-02   -0.248123E-02    0.217827E-02
 0.13118    0.395232E-02   -0.232816E-02    0.206181E-02
 0.14921    0.368542E-02   -0.219365E-02    0.195915E-02
 0.16723    0.344867E-02   -0.207415E-02    0.186760E-02
 0.18526    0.323679E-02   -0.196701E-02    0.178520E-02
 0.20329    0.304578E-02   -0.187025E-02    0.171049E-02
 0.22131    0.287253E-02   -0.178230E-02    0.164231E-02
 0.23934    0.271456E-02   -0.170195E-02    0.157973E-02
 0.25736    0.256988E-02   -0.162820E-02    0.152202E-02
 0.27539    0.243684E-02   -0.156022E-02    0.146858E-02
 0.29342    0.231410E-02   -0.149735E-02    0.141890E-02
 0.31144    0.220049E-02   -0.143901E-02    0.137257E-02
 0.32947    0.209504E-02   -0.138472E-02    0.132923E-02
 0.34749    0.199692E-02   -0.133407E-02    0.128856E-02
 0.36552    0.190541E-02   -0.128669E-02    0.125031E-02
 0.38355    0.181989E-02   -0.124228E-02    0.121425E-02
 0.40157    0.173980E-02   -0.120057E-02    0.118018E-02
 0.41960    0.166467E-02   -0.116131E-02    0.114793E-02
 0.43763    0.159408E-02   -0.112431E-02    0.111734E-02
 0.45565    0.152764E-02   -0.108936E-02    0.108827E-02
 0.47368    0.146502E-02   -0.105631E-02    0.106060E-02
 0.49170    0.140592E-02   -0.102501E-02    0.103422E-02
 0.50973    0.135007E-02   -0.995321E-03    0.100905E-02
 0.52776    0.129722E-02   -0.967187E-03    0.984975E-03
 0.54578    0.124717E-02   -0.940314E-03    0.961933E-03
 0.56381    0.119970E-02   -0.914789E-03    0.939848E-03
 0.58183    0.115465E-02   -0.890462E-03    0.918655E-03
 0.59986    0.111184E-02   -0.867251E-03    0.898295E-03
 0.61789    0.107112E-02   -0.845082E-03    0.878714E-03
 0.63591    0.103236E-02   -0.823887E-03    0.859863E-03
 0.65394    0.995428E-03   -0.803605E-03    0.841696E-03
 0.67196    0.960214E-03   -0.784178E-03    0.824173E-03
 0.68999    0.926610E-03   -0.765554E-03    0.807255E-03
 0.70802    0.894519E-03   -0.747685E-03    0.790907E-03
 0.72604    0.863849E-03   -0.730527E-03    0.775098E-03
 0.74407    0.834517E-03   -0.714038E-03    0.759796E-03
 0.76209    0.806446E-03   -0.698180E-03    0.744976E-03
 0.78012    0.779566E-03   -0.682918E-03    0.730610E-03
 0.79815    0.753809E-03   -0.668221E-03    0.716677E-03
 0.81617    0.729114E-03   -0.654056E-03    0.703153E-03
 0.83420    0.705424E-03   -0.640396E-03    0.690018E-03
 0.85222    0.682684E-03   -0.627215E-03    0.677253E-03
 0.87025    0.660845E-03   -0.614488E-03    0.664841E-03
 0.88828    0.639861E-03   -0.602191E-03    0.652764E-03
 0.90630    0.619687E-03   -0.590305E-03    0.641008E-03
 0.92433    0.600285E-03   -0.578809E-03    0.629558E-03
 0.94235    0.581615E-03   -0.567683E-03    0.618400E-03
 0.96038    0.563641E-03   -0.556912E-03    0.607522E-03
 0.97841    0.546330E-03   -0.546476E-03    0.596912E-03
 0.99643    0.529651E-03   -0.536362E-03    0.586558E-03
 1.01446    0.513574E-03   -0.526556E-03    0.576450E-03
 1.03248    0.498072E-03   -0.517042E-03    0.566578E-03
 1.05051    0.483118E-03   -0.507809E-03    0.556932E-03
 1.06854    0.468687E-03   -0.498845E-03    0.547505E-03
 1.08656    0.454757E-03   -0.490137E-03    0.538287E-03
 1.10459    0.441304E-03   -0.481675E-03    0.529270E-03
 1.12262    0.428310E-03   -0.473449E-03    0.520448E-03
 1.14064    0.415752E-03   -0.465449E-03    0.511814E-03
 1.15867    0.403615E-03   -0.457666E-03    0.503359E-03
 1.17669    0.391878E-03   -0.450091E-03    0.495080E-03
 1.19472    0.380527E-03   -0.442716E-03    0.486968E-03
 1.21275    0.369544E-03   -0.435534E-03    0.479019E-03
 1.23077    0.358916E-03   -0.428536E-03    0.471227E-03
 1.24880    0.348628E-03   -0.421717E-03    0.463587E-03
 1.26682    0.338667E-03   -0.415069E-03    0.456095E-03
 1.28485    0.329019E-03   -0.408585E-03    0.448745E-03
 1.30288    0.319673E-03   -0.402261E-03    0.441533E-03
 1.32090    0.310617E-03   -0.396090E-03    0.434455E-03
 1.33893    0.301839E-03   -0.390067E-03    0.427507E-03
 1.35695    0.293330E-03   -0.384186E-03    0.420685E-03
 1.37498    0.285079E-03   -0.378443E-03    0.413986E-03
 1.39301    0.277076E-03   -0.372832E-03    0.407405E-03
 1.41103    0.269313E-03   -0.367350E-03    0.400940E-03
 1.42906    0.261781E-03   -0.361992E-03    0.394587E-03
 1.44708    0.254472E-03   -0.356754E-03    0.388344E-03
 1.46511    0.247377E-03   -0.351631E-03    0.382206E-03
 1.48314    0.240490E-03   -0.346621E-03    0.376172E-03
 1.50116    0.233802E-03   -0.341720E-03    0.370239E-03
 1.51919    0.227307E-03   -0.336923E-03    0.364404E-03
 1.53721    0.220998E-03   -0.332229E-03    0.358665E-03
 1.55524    0.214869E-03   -0.327632E-03    0.353018E-03
 1.57327    0.208914E-03   -0.323132E-03    0.347463E-03
 1.59129    0.203126E-03   -0.318724E-03    0.341997E-03
 1.60932    0.197501E-03   -0.314406E-03    0.336617E-03
 1.62734    0.192032E-03   -0.310175E-03    0.331321E-03
 1.64537    0.186715E-03   -0.306029E-03    0.326108E-03
 1.66340    0.181545E-03   -0.301965E-03    0.320976E-03
 1.68142    0.176517E-03   -0.297981E-03    0.315922E-03
 1.69945    0.171627E-03   -0.294074E-03    0.310945E-03
 1.71747    0.166869E-03   -0.290242E-03    0.306045E-03
 1.73550    0.162240E-03   -0.286484E-03    0.301217E-03
 1.75353    0.157737E-03   -0.282797E-03    0.296462E-03
 1.77155    0.153354E-03   -0.279178E-03    0.291777E-03
 1.78958    0.149088E-03   -0.275628E-03    0.287161E-03
 1.80761    0.144937E-03   -0.272142E-03    0.282613E-03
 1.82563    0.140895E-03   -0.268721E-03    0.278131E-03
 1.84366    0.136960E-03   -0.265361E-03    0.273714E-03
 1.86168    0.133130E-03   -0.262062E-03    0.269361E-03
 1.87971    0.129399E-03   -0.258822E-03    0.265069E-03
 1.89774    0.125767E-03   -0.255639E-03    0.260839E-03
 1.91576    0.122230E-03   -0.252513E-03    0.256669E-03
 1.93379    0.118785E-03   -0.249440E-03    0.252558E-03
 1.95181    0.115429E-03   -0.246422E-03    0.248505E-03
 1.96984    0.112161E-03   -0.243455E-03    0.244508E-03
 1.98787    0.108977E-03   -0.240539E-03    0.240567E-03
 2.00589    0.105876E-03   -0.237672E-03    0.236681E-03
 2.02392    0.102855E-03   -0.234854E-03    0.232848E-03
 2.04194    0.999115E-04   -0.232083E-03    0.229068E-03
 2.05997    0.970444E-04   -0.229358E-03    0.225340E-03
 2.07800    0.942512E-04   -0.226678E-03    0.221663E-03
 2.09602    0.915302E-04   -0.224043E-03    0.218036E-03
 2.11405    0.888795E-04   -0.221451E-03    0.214459E-03
 2.13207    0.862974E-04   -0.218901E-03    0.210930E-03
 2.15010    0.837822E-04   -0.216393E-03    0.207447E-03
 2.16813    0.813324E-04   -0.213926E-03    0.204015E-03
 2.18615    0.789462E-04   -0.211498E-03    0.200626E-03
 2.20418    0.766224E-04   -0.209110E-03    0.197284E-03
 2.22220    0.743596E-04   -0.206759E-03    0.193987E-03
 2.24023    0.721563E-04   -0.204447E-03    0.190734E-03
 2.25826    0.700113E-04   -0.202171E-03    0.187525E-03
 2.27628    0.679233E-04   -0.199932E-03    0.184359E-03
 2.29431    0.658911E-04   -0.197728E-03    0.181237E-03
 2.31233    0.639139E-04   -0.195559E-03    0.178155E-03
 2.33036    0.619901E-04   -0.193425E-03    0.175141E-03
 2.34839    0.601191E-04   -0.191325E-03    0.172116E-03
 2.36641    0.582996E-04   -0.189258E-03    0.169157E-03
 2.38444    0.565309E-04   -0.187224E-03    0.166238E-03
 2.40246    0.548119E-04   -0.185222E-03    0.163358E-03
 2.42049    0.531419E-04   -0.183252E-03    0.160518E-03
 2.43852    0.515201E-04   -0.181313E-03    0.157715E-03
 2.45654    0.499452E-04   -0.179406E-03    0.154950E-03
 2.47457    0.484167E-04   -0.177528E-03    0.152223E-03
 2.49260    0.469339E-04   -0.175681E-03    0.149533E-03
 2.51062    0.454958E-04   -0.173863E-03    0.146879E-03
 2.52865    0.441015E-04   -0.172075E-03    0.144261E-03
 2.54667    0.427505E-04   -0.170315E-03    0.141679E-03
 2.56470    0.414419E-04   -0.168583E-03    0.139132E-03
 2.58273    0.401748E-04   -0.166879E-03    0.136620E-03
 2.60075    0.389485E-04   -0.165202E-03    0.134142E-03
 2.61878    0.377619E-04   -0.163552E-03    0.131697E-03
 2.63680    0.366129E-04   -0.161928E-03    0.129286E-03
 2.65483    0.355033E-04   -0.160330E-03    0.126908E-03
 2.67286    0.344311E-04   -0.158757E-03    0.124562E-03
 2.69088    0.333951E-04   -0.157210E-03    0.122247E-03
 2.70891    0.323959E-04   -0.155686E-03    0.119964E-03
 2.72693    0.314293E-04   -0.154186E-03    0.117711E-03
 2.74496    0.304958E-04   -0.152709E-03    0.115488E-03
 2.76299    0.295943E-04   -0.151254E-03    0.113295E-03
 2.78101    0.287236E-04   -0.149821E-03    0.111131E-03
 2.79904    0.278826E-04   -0.148409E-03    0.108994E-03
 2.81706    0.270698E-04   -0.147018E-03    0.106885E-03
 2.83509    0.262842E-04   -0.145647E-03    0.104803E-03
 2.85312    0.255241E-04   -0.144294E-03    0.102747E-03
 2.87114    0.247884E-04   -0.142960E-03    0.100717E-03
 2.88917    0.240754E-04   -0.141643E-03    0.987121E-04
 2.90719    0.233837E-04   -0.140343E-03    0.967308E-04
 2.92522    0.227118E-04   -0.139058E-03    0.947729E-04
 2.94325    0.220581E-04   -0.137789E-03    0.928374E-04
 2.96127    0.214211E-04   -0.136533E-03    0.909239E-04
 2.97930    0.207990E-04   -0.135291E-03    0.890313E-04
 2.99732    0.201904E-04   -0.134061E-03    0.871588E-04
 3.01535    0.195934E-04   -0.132843E-03    0.853058E-04
 3.03338    0.190064E-04   -0.131636E-03    0.834712E-04
 3.05140    0.184277E-04   -0.130438E-03    0.816548E-04
 3.06943    0.178557E-04   -0.129249E-03    0.798551E-04
 3.08745    0.172886E-04   -0.128067E-03    0.780717E-04
 3.10548    0.167248E-04   -0.126893E-03    0.763037E-04
 3.12351    0.161628E-04   -0.125725E-03    0.745503E-04
 3.14153    0.156008E-04   -0.124562E-03    0.728107E-04
 3.15956    0.150373E-04   -0.123404E-03    0.710843E-04
 3.17759    0.144707E-04   -0.122249E-03    0.693701E-04
 3.19561    0.138997E-04   -0.121097E-03    0.676681E-04
 3.21364    0.133227E-04   -0.119947E-03    0.659760E-04
 3.23166    0.127385E-04   -0.118799E-03    0.642948E-04
 3.24969    0.121457E-04   -0.117651E-03    0.626234E-04
 3.26772    0.115430E-04   -0.116503E-03    0.609610E-04
 3.28574    0.109295E-04   -0.115354E-03    0.593071E-04
 3.30377    0.103041E-04   -0.114205E-03    0.576611E-04
 3.32179    0.966590E-05   -0.113053E-03    0.560226E-04
 3.33982    0.901392E-05   -0.111900E-03    0.543911E-04
 3.35785    0.834754E-05   -0.110744E-03    0.527664E-04
 3.37587    0.766603E-05   -0.109585E-03    0.511478E-04
 3.39390    0.696890E-05   -0.108422E-03    0.495353E-04
 3.41192    0.625578E-05   -0.107257E-03    0.479284E-04
 3.42995    0.552631E-05   -0.106087E-03    0.463271E-04
 3.44798    0.478036E-05   -0.104914E-03    0.447310E-04
 3.46600    0.401788E-05   -0.103737E-03    0.431402E-04
 3.48403    0.323887E-05   -0.102557E-03    0.415545E-04
 3.50205    0.244353E-05   -0.101372E-03    0.399739E-04
 3.52008    0.163218E-05   -0.100184E-03    0.383984E-04
 3.53811    0.805080E-06   -0.989925E-04    0.368283E-04
 3.55613   -0.371937E-07   -0.977976E-04    0.352633E-04
 3.57416   -0.894064E-06   -0.965997E-04    0.337039E-04
 3.59218   -0.176485E-05   -0.953991E-04    0.321501E-04
 3.61021   -0.264875E-05   -0.941967E-04    0.306023E-04
 3.62824   -0.354491E-05   -0.929922E-04    0.290607E-04
 3.64626   -0.445234E-05   -0.917864E-04    0.275256E-04
 3.66429   -0.536996E-05   -0.905795E-04    0.259973E-04
 3.68231   -0.629675E-05   -0.893726E-04    0.244762E-04
 3.70034   -0.723145E-05   -0.881659E-04    0.229631E-04
 3.71837   -0.817289E-05   -0.869603E-04    0.214580E-04
 3.73639   -0.911974E-05   -0.857561E-04    0.199612E-04
 3.75442   -0.100707E-04   -0.845541E-04    0.184737E-04
 3.77244   -0.110246E-04   -0.833549E-04    0.169957E-04
 3.79047   -0.119799E-04   -0.821592E-04    0.155276E-04
 3.80850   -0.129353E-04   -0.809678E-04    0.140701E-04
 3.82652   -0.138893E-04   -0.797814E-04    0.126235E-04
 3.84455   -0.148406E-04   -0.786006E-04    0.111886E-04
 3.86258   -0.157878E-04   -0.774262E-04    0.976571E-05
 3.88060   -0.167295E-04   -0.762588E-04    0.835536E-05
 3.89863   -0.176645E-04   -0.750991E-04    0.695798E-05
 3.91665   -0.185913E-04   -0.739478E-04    0.557426E-05
 3.93468   -0.195087E-04   -0.728054E-04    0.420461E-05
 3.95271   -0.204155E-04   -0.716727E-04    0.284939E-05
 3.97073   -0.213104E-04   -0.705502E-04    0.150909E-05
 3.98876   -0.221925E-04   -0.694386E-04    0.184152E-06
 4.00678   -0.230605E-04   -0.683383E-04   -0.112504E-05
 4.02481   -0.239135E-04   -0.672500E-04   -0.241813E-05
 4.04284   -0.247504E-04   -0.661738E-04   -0.369467E-05
 4.06086   -0.255706E-04   -0.651106E-04   -0.495442E-05
 4.07889   -0.263729E-04   -0.640606E-04   -0.619705E-05
 4.09691   -0.271568E-04   -0.630243E-04   -0.742219E-05
 4.11494   -0.279214E-04   -0.620019E-04   -0.862981E-05
 4.13297   -0.286664E-04   -0.609937E-04   -0.981951E-05
 4.15099   -0.293909E-04   -0.600002E-04   -0.109911E-04
 4.16902   -0.300946E-04   -0.590214E-04   -0.121421E-04
 4.18704   -0.307772E-04   -0.580576E-04   -0.132795E-04
 4.20507   -0.314380E-04   -0.571090E-04   -0.143961E-04
 4.22310   -0.320771E-04   -0.561756E-04   -0.154940E-04
 4.24112   -0.326941E-04   -0.552578E-04   -0.165734E-04
 4.25915   -0.332888E-04   -0.543553E-04   -0.176341E-04
 4.27717   -0.338613E-04   -0.534684E-04   -0.186761E-04
 4.29520   -0.344114E-04   -0.525971E-04   -0.196995E-04
 4.31323   -0.349392E-04   -0.517412E-04   -0.207043E-04
 4.33125   -0.354448E-04   -0.509008E-04   -0.216906E-04
 4.34928   -0.359282E-04   -0.500756E-04   -0.226584E-04
 4.36730   -0.363896E-04   -0.492662E-04   -0.236078E-04
 4.38533   -0.368293E-04   -0.484718E-04   -0.245389E-04
 4.40336   -0.372476E-04   -0.476925E-04   -0.254521E-04
 4.42138   -0.376446E-04   -0.469277E-04   -0.263472E-04
 4.43941   -0.380206E-04   -0.461781E-04   -0.272244E-04
 4.45743   -0.383760E-04   -0.454429E-04   -0.280842E-04
 4.47546   -0.387116E-04   -0.447222E-04   -0.289264E-04
 4.49349   -0.390272E-04   -0.440160E-04   -0.297515E-04
 4.51151   -0.393234E-04   -0.433229E-04   -0.305596E-04
 4.52954   -0.396007E-04   -0.426439E-04   -0.313509E-04
 4.54757   -0.398596E-04   -0.419783E-04   -0.321255E-04
 4.56559   -0.401005E-04   -0.413259E-04   -0.328839E-04
 4.58362   -0.403238E-04   -0.406865E-04   -0.336261E-04
 4.60164   -0.405301E-04   -0.400601E-04   -0.343526E-04
 4.61967   -0.407199E-04   -0.394455E-04   -0.350634E-04
 4.63770   -0.408936E-04   -0.388432E-04   -0.357588E-04
 4.65572   -0.410518E-04   -0.382529E-04   -0.364392E-04
 4.67375   -0.411949E-04   -0.376741E-04   -0.371047E-04
 4.69177   -0.413234E-04   -0.371068E-04   -0.377556E-04
 4.70980   -0.414379E-04   -0.365504E-04   -0.383921E-04
 4.72783   -0.415389E-04   -0.360049E-04   -0.390146E-04
 4.74585   -0.416268E-04   -0.354699E-04   -0.396232E-04
 4.76388   -0.417021E-04   -0.349451E-04   -0.402183E-04
 4.78190   -0.417652E-04   -0.344303E-04   -0.408000E-04
 4.79993   -0.418167E-04   -0.339253E-04   -0.413687E-04
 4.81796   -0.418570E-04   -0.334298E-04   -0.419244E-04
 4.83598   -0.418866E-04   -0.329434E-04   -0.424677E-04
 4.85401   -0.419059E-04   -0.324661E-04   -0.429985E-04
 4.87203   -0.419152E-04   -0.319977E-04   -0.435172E-04
 4.89006   -0.419152E-04   -0.315376E-04   -0.440241E-04
 4.90809   -0.419060E-04   -0.310859E-04   -0.445192E-04
 4.92611   -0.418882E-04   -0.306423E-04   -0.450029E-04
 4.94414   -0.418622E-04   -0.302066E-04   -0.454754E-04
 4.96216   -0.418281E-04   -0.297785E-04   -0.459369E-04
 4.98019   -0.417866E-04   -0.293578E-04   -0.463875E-04
 4.99822   -0.417379E-04   -0.289444E-04   -0.468276E-04
 5.01624   -0.416823E-04   -0.285380E-04   -0.472573E-04
 5.03427   -0.416202E-04   -0.281385E-04   -0.476766E-04
 5.05229   -0.415519E-04   -0.277456E-04   -0.480861E-04
 5.07032   -0.414776E-04   -0.273593E-04   -0.484858E-04
 5.08835   -0.413977E-04   -0.269793E-04   -0.488757E-04
 5.10637   -0.413125E-04   -0.266054E-04   -0.492563E-04
 5.12440   -0.412222E-04   -0.262376E-04   -0.496276E-04
 5.14242   -0.411271E-04   -0.258756E-04   -0.499899E-04
 5.16045   -0.410274E-04   -0.255192E-04   -0.503432E-04
 5.17848   -0.409233E-04   -0.251684E-04   -0.506879E-04
 5.19650   -0.408152E-04   -0.248230E-04   -0.510236E-04
 5.21453   -0.407032E-04   -0.244830E-04   -0.513511E-04
 5.23256   -0.405876E-04   -0.241480E-04   -0.516702E-04
 5.25058   -0.404685E-04   -0.238180E-04   -0.519813E-04
 5.26861   -0.403461E-04   -0.234930E-04   -0.522844E-04
 5.28663   -0.402206E-04   -0.231727E-04   -0.525796E-04
 5.30466   -0.400922E-04   -0.228570E-04   -0.528674E-04
 5.32269   -0.399611E-04   -0.225459E-04   -0.531474E-04
 5.34071   -0.398274E-04   -0.222392E-04   -0.534199E-04
 5.35874   -0.396912E-04   -0.219369E-04   -0.536852E-04
 5.37676   -0.395528E-04   -0.216389E-04   -0.539432E-04
 5.39479   -0.394123E-04   -0.213450E-04   -0.541943E-04
 5.41282   -0.392698E-04   -0.210550E-04   -0.544384E-04
 5.43084   -0.391254E-04   -0.207691E-04   -0.546756E-04
 5.44887   -0.389793E-04   -0.204871E-04   -0.549062E-04
 5.46689   -0.388315E-04   -0.202088E-04   -0.551302E-04
 5.48492   -0.386822E-04   -0.199343E-04   -0.553477E-04
 5.50295   -0.385315E-04   -0.196634E-04   -0.555588E-04
 5.52097   -0.383796E-04   -0.193960E-04   -0.557636E-04
 5.53900   -0.382264E-04   -0.191321E-04   -0.559622E-04
 5.55702   -0.380721E-04   -0.188716E-04   -0.561548E-04
 5.57505   -0.379168E-04   -0.186145E-04   -0.563414E-04
 5.59308   -0.377605E-04   -0.183606E-04   -0.565221E-04
 5.61110   -0.376034E-04   -0.181100E-04   -0.566970E-04
 5.62913   -0.374456E-04   -0.178625E-04   -0.568663E-04
 5.64715   -0.372870E-04   -0.176181E-04   -0.570299E-04
 5.66518   -0.371278E-04   -0.173768E-04   -0.571881E-04
 5.68321   -0.369681E-04   -0.171383E-04   -0.573408E-04
 5.70123   -0.368078E-04   -0.169028E-04   -0.574882E-04
 5.71926   -0.366471E-04   -0.166702E-04   -0.576304E-04
 5.73728   -0.364861E-04   -0.164405E-04   -0.577674E-04
 5.75531   -0.363248E-04   -0.162135E-04   -0.578994E-04
 5.77334   -0.361631E-04   -0.159891E-04   -0.580263E-04
 5.79136   -0.360013E-04   -0.157674E-04   -0.581484E-04
 5.80939   -0.358394E-04   -0.155484E-04   -0.582656E-04
 5.82741   -0.356773E-04   -0.153319E-04   -0.583781E-04
 5.84544   -0.355151E-04   -0.151180E-04   -0.584859E-04
 5.86347   -0.353529E-04   -0.149066E-04   -0.585891E-04
 5.88149   -0.351908E-04   -0.146976E-04   -0.586877E-04
 5.89952   -0.350287E-04   -0.144910E-04   -0.587819E-04
 5.91755   -0.348667E-04   -0.142867E-04   -0.588717E-04
 5.93557   -0.347048E-04   -0.140848E-04   -0.589572E-04
 5.95360   -0.345431E-04   -0.138853E-04   -0.590385E-04
 5.97162   -0.343816E-04   -0.136879E-04   -0.591155E-04
 5.98965   -0.342203E-04   -0.134927E-04   -0.591885E-04
 6.00768   -0.340592E-04   -0.132998E-04   -0.592574E-04
 6.02570   -0.338985E-04   -0.131090E-04   -0.593223E-04
 6.04373   -0.337381E-04   -0.129203E-04   -0.593884E-04
 6.06175   -0.335779E-04   -0.127338E-04   -0.594456E-04
 6.07978   -0.334182E-04   -0.125492E-04   -0.594938E-04
 6.09781   -0.332588E-04   -0.123667E-04   -0.595434E-04
 6.11583   -0.330999E-04   -0.121862E-04   -0.595893E-04
 6.13386   -0.329413E-04   -0.120076E-04   -0.596315E-04
 6.15188   -0.327832E-04   -0.118311E-04   -0.596703E-04
 6.16991   -0.326256E-04   -0.116564E-04   -0.597054E-04
 6.18794   -0.324684E-04   -0.114837E-04   -0.597372E-04
 6.20596   -0.323117E-04   -0.113127E-04   -0.597655E-04
 6.22399   -0.321556E-04   -0.111436E-04   -0.597905E-04
 6.24201   -0.319999E-04   -0.109763E-04   -0.598121E-04
 6.26004   -0.318448E-04   -0.108108E-04   -0.598305E-04
 6.27807   -0.316903E-04   -0.106471E-04   -0.598458E-04
 6.29609   -0.315363E-04   -0.104851E-04   -0.598578E-04
 6.31412   -0.313829E-04   -0.103248E-04   -0.598667E-04
 6.33214   -0.312300E-04   -0.101662E-04   -0.598725E-04
 6.35017   -0.310778E-04   -0.100092E-04   -0.598754E-04
 6.36820   -0.309261E-04   -0.985397E-05   -0.598752E-04
 6.38622   -0.307751E-04   -0.970033E-05   -0.598721E-04
 6.40425   -0.306247E-04   -0.954828E-05   -0.598661E-04
 6.42227   -0.304749E-04   -0.939782E-05   -0.598573E-04
 6.44030   -0.303258E-04   -0.924896E-05   -0.598456E-04
 6.45833   -0.301773E-04   -0.910162E-05   -0.598312E-04
 6.47635   -0.300295E-04   -0.895581E-05   -0.598141E-04
 6.49438   -0.298823E-04   -0.881152E-05   -0.597943E-04
 6.51240   -0.297357E-04   -0.866871E-05   -0.597718E-04
 6.53043   -0.295899E-04   -0.852736E-05   -0.597467E-04
 6.54846   -0.294447E-04   -0.838747E-05   -0.597191E-04
 6.56648   -0.293002E-04   -0.824903E-05   -0.596890E-04
 6.58451   -0.291564E-04   -0.811199E-05   -0.596563E-04
 6.60254   -0.290132E-04   -0.797637E-05   -0.596212E-04
 6.62056   -0.288708E-04   -0.784214E-05   -0.595838E-04
 6.63859   -0.287290E-04   -0.770927E-05   -0.595439E-04
 6.65661   -0.285879E-04   -0.757776E-05   -0.595017E-04
 6.67464   -0.284475E-04   -0.744759E-05   -0.594573E-04
 6.69267   -0.283079E-04   -0.731877E-05   -0.594105E-04
 6.71069   -0.281689E-04   -0.719124E-05   -0.593616E-04
 6.72872   -0.280306E-04   -0.706501E-05   -0.593105E-04
 6.74674   -0.278930E-04   -0.694005E-05   -0.592572E-04
 6.76477   -0.277561E-04   -0.681637E-05   -0.592018E-04
 6.78280   -0.276200E-04   -0.669394E-05   -0.591443E-04
 6.80082   -0.274845E-04   -0.657277E-05   -0.590849E-04
 6.81885   -0.273497E-04   -0.645280E-05   -0.590234E-04
 6.83687   -0.272156E-04   -0.633404E-05   -0.589599E-04
 6.85490   -0.270822E-04   -0.621648E-05   -0.588945E-04
 6.87293   -0.269496E-04   -0.610013E-05   -0.588272E-04
 6.89095   -0.268176E-04   -0.598495E-05   -0.587582E-04
 6.90898   -0.266863E-04   -0.587096E-05   -0.586869E-04
 6.92700   -0.265557E-04   -0.575810E-05   -0.586141E-04
 6.94503   -0.264258E-04   -0.564639E-05   -0.585394E-04
 6.96306   -0.262966E-04   -0.553579E-05   -0.584630E-04
 6.98108   -0.261680E-04   -0.542633E-05   -0.583848E-04
 6.99911   -0.260401E-04   -0.531798E-05   -0.583050E-04
 7.01713   -0.259130E-04   -0.521075E-05   -0.582235E-04
 7.03516   -0.257864E-04   -0.510460E-05   -0.581403E-04
 7.05319   -0.256606E-04   -0.499952E-05   -0.580555E-04
 7.07121   -0.255354E-04   -0.489552E-05   -0.579691E-04
 7.08924   -0.254109E-04   -0.479257E-05   -0.578812E-04
 7.10726   -0.252870E-04   -0.469069E-05   -0.577917E-04
 7.12529   -0.251638E-04   -0.458985E-05   -0.577007E-04
 7.14332   -0.250412E-04   -0.449004E-05   -0.576081E-04
 7.16134   -0.249192E-04   -0.439127E-05   -0.575142E-04
 7.17937   -0.247979E-04   -0.429352E-05   -0.574187E-04
 7.19739   -0.246772E-04   -0.419678E-05   -0.573219E-04
 7.21542   -0.245571E-04   -0.410105E-05   -0.572236E-04
 7.23345   -0.244377E-04   -0.400631E-05   -0.571240E-04
 7.25147   -0.243188E-04   -0.391255E-05   -0.570230E-04
 7.26950   -0.242006E-04   -0.381977E-05   -0.569207E-04
 7.28753   -0.240829E-04   -0.372796E-05   -0.568171E-04
 7.30555   -0.239659E-04   -0.363712E-05   -0.567121E-04
 7.32358   -0.238494E-04   -0.354723E-05   -0.566060E-04
 7.34160   -0.237335E-04   -0.345830E-05   -0.564986E-04
 7.35963   -0.236182E-04   -0.337030E-05   -0.563899E-04
 7.37766   -0.235034E-04   -0.328324E-05   -0.562801E-04
 7.39568   -0.233892E-04   -0.319711E-05   -0.561691E-04
 7.41371   -0.232756E-04   -0.311190E-05   -0.560570E-04
 7.43173   -0.231625E-04   -0.302760E-05   -0.559436E-04
 7.44976   -0.230500E-04   -0.294421E-05   -0.558292E-04
 7.46779   -0.229380E-04   -0.286172E-05   -0.557137E-04
 7.48581   -0.228265E-04   -0.278039E-05   -0.555971E-04
 7.50384   -0.227156E-04   -0.269939E-05   -0.554795E-04
 7.52186   -0.226052E-04   -0.261954E-05   -0.553608E-04
 7.53989   -0.224953E-04   -0.254057E-05   -0.552411E-04
 7.55792   -0.223859E-04   -0.246245E-05   -0.551204E-04
 7.57594   -0.222771E-04   -0.238520E-05   -0.549987E-04
 7.59397   -0.221687E-04   -0.230878E-05   -0.548760E-04
 7.61199   -0.220609E-04   -0.223321E-05   -0.547524E-04
 7.63002   -0.219536E-04   -0.215848E-05   -0.546279E-04
 7.64805   -0.218467E-04   -0.208457E-05   -0.545025E-04
 7.66607   -0.217404E-04   -0.201148E-05   -0.543762E-04
 7.68410   -0.216346E-04   -0.193918E-05   -0.542490E-04
 7.70212   -0.215292E-04   -0.186770E-05   -0.541210E-04
 7.72015   -0.214244E-04   -0.179701E-05   -0.539921E-04
 7.73818   -0.213200E-04   -0.172712E-05   -0.538625E-04
 7.75620   -0.212161E-04   -0.165800E-05   -0.537320E-04
 7.77423   -0.211127E-04   -0.158965E-05   -0.536007E-04
 7.79225   -0.210098E-04   -0.152208E-05   -0.534687E-04
 7.81028   -0.209074E-04   -0.145525E-05   -0.533360E-04
 7.82831   -0.208055E-04   -0.138917E-05   -0.532025E-04
 7.84633   -0.207040E-04   -0.132384E-05   -0.530683E-04
 7.86436   -0.206030E-04   -0.125924E-05   -0.529334E-04
 7.88238   -0.205025E-04   -0.119537E-05   -0.527978E-04
 7.90041   -0.204024E-04   -0.113222E-05   -0.526616E-04
 7.91844   -0.203029E-04   -0.106977E-05   -0.525247E-04
 7.93646   -0.202038E-04   -0.100803E-05   -0.523872E-04
 7.95449   -0.201052E-04   -0.946981E-06   -0.522491E-04
 7.97252   -0.200071E-04   -0.886623E-06   -0.521104E-04
 7.99054   -0.199094E-04   -0.826942E-06   -0.519711E-04
 8.00857   -0.198123E-04   -0.767932E-06   -0.518313E-04
 8.02659   -0.197156E-04   -0.709585E-06   -0.516909E-04
 8.04462   -0.196193E-04   -0.651899E-06   -0.515500E-04
 8.06265   -0.195236E-04   -0.594863E-06   -0.514085E-04
 8.08067   -0.194283E-04   -0.538471E-06   -0.512666E-04
 8.09870   -0.193335E-04   -0.482712E-06   -0.511241E-04
 8.11672   -0.192392E-04   -0.427582E-06   -0.509812E-04
 8.13475   -0.191454E-04   -0.373065E-06   -0.508379E-04
 8.15278   -0.190520E-04   -0.319164E-06   -0.506941E-04
 8.17080   -0.189592E-04   -0.265865E-06   -0.505498E-04
 8.18883   -0.188668E-04   -0.213166E-06   -0.504052E-04
 8.20685   -0.187748E-04   -0.161061E-06   -0.502601E-04
 8.22488   -0.186834E-04   -0.109535E-06   -0.501147E-04
 8.24291   -0.185924E-04   -0.585880E-07   -0.499689E-04
 8.26093   -0.185019E-04   -0.821414E-08   -0.498227E-04
 8.27896   -0.184119E-04    0.415985E-07   -0.496762E-04
 8.29698   -0.183224E-04    0.908515E-07   -0.495293E-04
 8.31501   -0.182333E-04    0.139556E-06   -0.493821E-04
 8.33304   -0.181448E-04    0.187716E-06   -0.492346E-04
 8.35106   -0.180567E-04    0.235338E-06   -0.490868E-04
 8.36909   -0.179690E-04    0.282429E-06   -0.489387E-04
 8.38711   -0.178819E-04    0.328993E-06   -0.487904E-04
 8.40514   -0.177952E-04    0.375038E-06   -0.486418E-04
 8.42317   -0.177090E-04    0.420570E-06   -0.484929E-04
 8.44119   -0.176233E-04    0.465592E-06   -0.483438E-04
 8.45922   -0.175380E-04    0.510114E-06   -0.481945E-04
 8.47724   -0.174532E-04    0.554140E-06   -0.480450E-04
 8.49527   -0.173689E-04    0.597674E-06   -0.478952E-04
 8.51330   -0.172850E-04    0.640729E-06   -0.477453E-04
 8.53132   -0.172017E-04    0.683305E-06   -0.475952E-04
 8.54935   -0.171188E-04    0.725405E-06   -0.474449E-04
 8.56737   -0.170363E-04    0.767036E-06   -0.472944E-04
 8.58540   -0.169543E-04    0.808206E-06   -0.471438E-04
 8.60343   -0.168728E-04    0.848917E-06   -0.469931E-04
 8.62145   -0.167918E-04    0.889177E-06   -0.468422E-04
 8.63948   -0.167112E-04    0.928990E-06   -0.466912E-04
 8.65751   -0.166311E-04    0.968359E-06   -0.465401E-04
 8.67553   -0.165514E-04    0.100729E-05   -0.463889E-04
 8.69356   -0.164722E-04    0.104579E-05   -0.462377E-04
 8.71158   -0.163935E-04    0.108386E-05   -0.460862E-04
 8.72961   -0.163152E-04    0.112150E-05   -0.459348E-04
 8.74764   -0.162373E-04    0.115872E-05   -0.457832E-04
 8.76566   -0.161599E-04    0.119553E-05   -0.456317E-04
 8.78369   -0.160830E-04    0.123193E-05   -0.454800E-04
 8.80171   -0.160065E-04    0.126792E-05   -0.453284E-04
 8.81974   -0.159304E-04    0.130352E-05   -0.451767E-04
 8.83777   -0.158548E-04    0.133872E-05   -0.450250E-04
 8.85579   -0.157797E-04    0.137353E-05   -0.448732E-04
 8.87382   -0.157050E-04    0.140795E-05   -0.447215E-04
 8.89184   -0.156307E-04    0.144198E-05   -0.445697E-04
 8.90987   -0.155568E-04    0.147564E-05   -0.444180E-04
 8.92790   -0.154834E-04    0.150892E-05   -0.442663E-04
 8.94592   -0.154105E-04    0.154182E-05   -0.441146E-04
 8.96395   -0.153379E-04    0.157436E-05   -0.439629E-04
 8.98197   -0.152658E-04    0.160653E-05   -0.438113E-04
 9.00000   -0.151941E-04    0.163835E-05   -0.436597E-04
