 0.00500    0.455590E-01   -0.221696E-01    0.160620E-01
 0.02303    0.365664E-01   -0.176743E-01    0.126914E-01
 0.04105    0.314078E-01   -0.150962E-01    0.107601E-01
 0.05908    0.277004E-01   -0.132444E-01    0.937434E-02
 0.07710    0.248108E-01   -0.118019E-01    0.829621E-02
 0.09513    0.224565E-01   -0.106275E-01    0.741974E-02
 0.11316    0.204831E-01   -0.964379E-02    0.668678E-02
 0.13118    0.187957E-01   -0.880334E-02    0.606164E-02
 0.14921    0.173313E-01   -0.807466E-02    0.552062E-02
 0.16723    0.160457E-01   -0.743556E-02    0.504708E-02
 0.18526    0.149066E-01   -0.686985E-02    0.462880E-02
 0.20329    0.138896E-01   -0.636532E-02    0.425659E-02
 0.22131    0.129757E-01   -0.591250E-02    0.392331E-02
 0.23934    0.121501E-01   -0.550390E-02    0.362331E-02
 0.25736    0.114007E-01   -0.513346E-02    0.335203E-02
 0.27539    0.107175E-01   -0.479624E-02    0.310574E-02
 0.29342    0.100925E-01   -0.448817E-02    0.288136E-02
 0.31144    0.951891E-02   -0.420582E-02    0.267630E-02
 0.32947    0.899084E-02   -0.394628E-02    0.248839E-02
 0.34749    0.850337E-02   -0.370708E-02    0.231574E-02
 0.36552    0.805229E-02   -0.348609E-02    0.215675E-02
 0.38355    0.763393E-02   -0.328148E-02    0.201003E-02
 0.40157    0.724513E-02   -0.309165E-02    0.187439E-02
 0.41960    0.688306E-02   -0.291520E-02    0.174875E-02
 0.43763    0.654531E-02   -0.275091E-02    0.163220E-02
 0.45565    0.622970E-02   -0.259768E-02    0.152391E-02
 0.47368    0.593430E-02   -0.245454E-02    0.142316E-02
 0.49170    0.565740E-02   -0.232065E-02    0.132929E-02
 0.50973    0.539750E-02   -0.219524E-02    0.124172E-02
 0.52776    0.515322E-02   -0.207762E-02    0.115996E-02
 0.54578    0.492333E-02   -0.196717E-02    0.108352E-02
 0.56381    0.470672E-02   -0.186335E-02    0.101198E-02
 0.58183    0.450239E-02   -0.176564E-02    0.944968E-03
 0.59986    0.430945E-02   -0.167359E-02    0.882147E-03
 0.61789    0.412708E-02   -0.158681E-02    0.823205E-03
 0.63591    0.395452E-02   -0.150490E-02    0.767857E-03
 0.65394    0.379110E-02   -0.142753E-02    0.715846E-03
 0.67196    0.363618E-02   -0.135438E-02    0.666936E-03
 0.68999    0.348921E-02   -0.128517E-02    0.620916E-03
 0.70802    0.334967E-02   -0.121964E-02    0.577587E-03
 0.72604    0.321706E-02   -0.115755E-02    0.536772E-03
 0.74407    0.309097E-02   -0.109868E-02    0.498302E-03
 0.76209    0.297097E-02   -0.104283E-02    0.462026E-03
 0.78012    0.285671E-02   -0.989806E-03    0.427804E-03
 0.79815    0.274783E-02   -0.939439E-03    0.395506E-03
 0.81617    0.264402E-02   -0.891570E-03    0.365014E-03
 0.83420    0.254497E-02   -0.846051E-03    0.336216E-03
 0.85222    0.245043E-02   -0.802743E-03    0.309010E-03
 0.87025    0.236012E-02   -0.761520E-03    0.283300E-03
 0.88828    0.227382E-02   -0.722262E-03    0.258997E-03
 0.90630    0.219131E-02   -0.684861E-03    0.236023E-03
 0.92433    0.211237E-02   -0.649213E-03    0.214292E-03
 0.94235    0.203682E-02   -0.615225E-03    0.193741E-03
 0.96038    0.196449E-02   -0.582807E-03    0.174303E-03
 0.97841    0.189520E-02   -0.551875E-03    0.155915E-03
 0.99643    0.182880E-02   -0.522352E-03    0.138519E-03
 1.01446    0.176514E-02   -0.494163E-03    0.122060E-03
 1.03248    0.170409E-02   -0.467240E-03    0.106486E-03
 1.05051    0.164550E-02   -0.441518E-03    0.917511E-04
 1.06854    0.158927E-02   -0.416938E-03    0.778098E-04
 1.08656    0.153528E-02   -0.393443E-03    0.646209E-04
 1.10459    0.148343E-02   -0.370980E-03    0.521449E-04
 1.12262    0.143361E-02   -0.349500E-03    0.403454E-04
 1.14064    0.138573E-02   -0.328954E-03    0.291872E-04
 1.15867    0.133969E-02   -0.309298E-03    0.186371E-04
 1.17669    0.129543E-02   -0.290491E-03    0.866476E-05
 1.19472    0.125284E-02   -0.272492E-03   -0.759142E-06
 1.21275    0.121186E-02   -0.255264E-03   -0.966203E-05
 1.23077    0.117242E-02   -0.238771E-03   -0.180698E-04
 1.24880    0.113445E-02   -0.222980E-03   -0.260070E-04
 1.26682    0.109789E-02   -0.207860E-03   -0.334969E-04
 1.28485    0.106267E-02   -0.193380E-03   -0.405613E-04
 1.30288    0.102874E-02   -0.179512E-03   -0.472212E-04
 1.32090    0.996042E-03   -0.166228E-03   -0.534960E-04
 1.33893    0.964525E-03   -0.153504E-03   -0.594041E-04
 1.35695    0.934141E-03   -0.141316E-03   -0.649629E-04
 1.37498    0.904844E-03   -0.129639E-03   -0.701888E-04
 1.39301    0.876590E-03   -0.118454E-03   -0.750978E-04
 1.41103    0.849335E-03   -0.107739E-03   -0.797049E-04
 1.42906    0.823041E-03   -0.974735E-04   -0.840241E-04
 1.44708    0.797668E-03   -0.876397E-04   -0.880690E-04
 1.46511    0.773182E-03   -0.782194E-04   -0.918524E-04
 1.48314    0.749546E-03   -0.691958E-04   -0.953862E-04
 1.50116    0.726730E-03   -0.605531E-04   -0.986817E-04
 1.51919    0.704702E-03   -0.522762E-04   -0.101750E-03
 1.53721    0.683433E-03   -0.443506E-04   -0.104600E-03
 1.55524    0.662895E-03   -0.367625E-04   -0.107244E-03
 1.57327    0.643061E-03   -0.294989E-04   -0.109689E-03
 1.59129    0.623905E-03   -0.225475E-04   -0.111944E-03
 1.60932    0.605403E-03   -0.158962E-04   -0.114018E-03
 1.62734    0.587533E-03   -0.953408E-05   -0.115918E-03
 1.64537    0.570272E-03   -0.345023E-05   -0.117653E-03
 1.66340    0.553599E-03    0.236525E-05   -0.119228E-03
 1.68142    0.537496E-03    0.792160E-05   -0.120651E-03
 1.69945    0.521943E-03    0.132284E-04   -0.121928E-03
 1.71747    0.506923E-03    0.182938E-04   -0.123064E-03
 1.73550    0.492419E-03    0.231260E-04   -0.124065E-03
 1.75353    0.478416E-03    0.277326E-04   -0.124937E-03
 1.77155    0.464897E-03    0.321207E-04   -0.125683E-03
 1.78958    0.451851E-03    0.362970E-04   -0.126309E-03
 1.80761    0.439263E-03    0.402680E-04   -0.126819E-03
 1.82563    0.427121E-03    0.440390E-04   -0.127217E-03
 1.84366    0.415414E-03    0.476158E-04   -0.127506E-03
 1.86168    0.404132E-03    0.510032E-04   -0.127688E-03
 1.87971    0.393264E-03    0.542061E-04   -0.127769E-03
 1.89774    0.382802E-03    0.572285E-04   -0.127749E-03
 1.91576    0.372737E-03    0.600744E-04   -0.127632E-03
 1.93379    0.363061E-03    0.627477E-04   -0.127420E-03
 1.95181    0.353767E-03    0.652511E-04   -0.127114E-03
 1.96984    0.344848E-03    0.675896E-04   -0.126718E-03
 1.98787    0.336297E-03    0.697643E-04   -0.126232E-03
 2.00589    0.328109E-03    0.717788E-04   -0.125658E-03
 2.02392    0.320277E-03    0.736349E-04   -0.124997E-03
 2.04194    0.312797E-03    0.753359E-04   -0.124251E-03
 2.05997    0.305663E-03    0.768839E-04   -0.123421E-03
 2.07800    0.298870E-03    0.782811E-04   -0.122509E-03
 2.09602    0.292412E-03    0.795302E-04   -0.121516E-03
 2.11405    0.286285E-03    0.806333E-04   -0.120442E-03
 2.13207    0.280481E-03    0.815934E-04   -0.119291E-03
 2.15010    0.274996E-03    0.824132E-04   -0.118061E-03
 2.16813    0.269823E-03    0.830953E-04   -0.116758E-03
 2.18615    0.264954E-03    0.836438E-04   -0.115382E-03
 2.20418    0.260382E-03    0.840617E-04   -0.113934E-03
 2.22220    0.256097E-03    0.843536E-04   -0.112419E-03
 2.24023    0.252090E-03    0.845239E-04   -0.110839E-03
 2.25826    0.248349E-03    0.845781E-04   -0.109197E-03
 2.27628    0.244864E-03    0.845218E-04   -0.107497E-03
 2.29431    0.241619E-03    0.843614E-04   -0.105743E-03
 2.31233    0.238602E-03    0.841036E-04   -0.103941E-03
 2.33036    0.235795E-03    0.837567E-04   -0.102096E-03
 2.34839    0.233182E-03    0.833295E-04   -0.100213E-03
 2.36641    0.230742E-03    0.828300E-04   -0.982980E-04
 2.38444    0.228457E-03    0.822692E-04   -0.963597E-04
 2.40246    0.226305E-03    0.816565E-04   -0.944040E-04
 2.42049    0.224264E-03    0.810027E-04   -0.924388E-04
 2.43852    0.222310E-03    0.803205E-04   -0.904723E-04
 2.45654    0.220419E-03    0.796205E-04   -0.885129E-04
 2.47457    0.218565E-03    0.789155E-04   -0.865688E-04
 2.49260    0.216724E-03    0.782179E-04   -0.846502E-04
 2.51062    0.214870E-03    0.775399E-04   -0.827647E-04
 2.52865    0.212977E-03    0.768951E-04   -0.809218E-04
 2.54667    0.211020E-03    0.762948E-04   -0.791303E-04
 2.56470    0.208974E-03    0.757514E-04   -0.773987E-04
 2.58273    0.206815E-03    0.752768E-04   -0.757356E-04
 2.60075    0.204521E-03    0.748819E-04   -0.741486E-04
 2.61878    0.202069E-03    0.745774E-04   -0.726454E-04
 2.63680    0.199441E-03    0.743769E-04   -0.712328E-04
 2.65483    0.196620E-03    0.742767E-04   -0.699170E-04
 2.67286    0.193588E-03    0.742969E-04   -0.687032E-04
 2.69088    0.190333E-03    0.744397E-04   -0.675960E-04
 2.70891    0.186844E-03    0.747102E-04   -0.665987E-04
 2.72693    0.183113E-03    0.751124E-04   -0.657147E-04
 2.74496    0.179135E-03    0.756490E-04   -0.649450E-04
 2.76299    0.174905E-03    0.763216E-04   -0.642906E-04
 2.78101    0.170425E-03    0.771298E-04   -0.637511E-04
 2.79904    0.165697E-03    0.780721E-04   -0.633255E-04
 2.81706    0.160726E-03    0.791460E-04   -0.630113E-04
 2.83509    0.155520E-03    0.803474E-04   -0.628053E-04
 2.85312    0.150091E-03    0.816705E-04   -0.627035E-04
 2.87114    0.144450E-03    0.831091E-04   -0.627009E-04
 2.88917    0.138612E-03    0.846562E-04   -0.627920E-04
 2.90719    0.132593E-03    0.863038E-04   -0.629704E-04
 2.92522    0.126411E-03    0.880421E-04   -0.632294E-04
 2.94325    0.120086E-03    0.898618E-04   -0.635614E-04
 2.96127    0.113638E-03    0.917525E-04   -0.639593E-04
 2.97930    0.107089E-03    0.937035E-04   -0.644145E-04
 2.99732    0.100461E-03    0.957038E-04   -0.649188E-04
 3.01535    0.937763E-04    0.977422E-04   -0.654641E-04
 3.03338    0.870562E-04    0.998083E-04   -0.660420E-04
 3.05140    0.803230E-04    0.101890E-03   -0.666439E-04
 3.06943    0.735983E-04    0.103978E-03   -0.672629E-04
 3.08745    0.669028E-04    0.106061E-03   -0.678903E-04
 3.10548    0.602572E-04    0.108129E-03   -0.685188E-04
 3.12351    0.536801E-04    0.110172E-03   -0.691412E-04
 3.14153    0.471899E-04    0.112182E-03   -0.697512E-04
 3.15956    0.408034E-04    0.114150E-03   -0.703422E-04
 3.17759    0.345362E-04    0.116068E-03   -0.709085E-04
 3.19561    0.284024E-04    0.117929E-03   -0.714448E-04
 3.21364    0.224147E-04    0.119728E-03   -0.719464E-04
 3.23166    0.165845E-04    0.121457E-03   -0.724092E-04
 3.24969    0.109215E-04    0.123113E-03   -0.728296E-04
 3.26772    0.543402E-05    0.124692E-03   -0.732114E-04
 3.28574    0.129234E-06    0.126190E-03   -0.735313E-04
 3.30377   -0.498727E-05    0.127603E-03   -0.738079E-04
 3.32179   -0.991090E-05    0.128930E-03   -0.740325E-04
 3.33982   -0.146384E-04    0.130169E-03   -0.742040E-04
 3.35785   -0.191679E-04    0.131319E-03   -0.743218E-04
 3.37587   -0.234986E-04    0.132380E-03   -0.743853E-04
 3.39390   -0.276304E-04    0.133352E-03   -0.743946E-04
 3.41192   -0.315637E-04    0.134235E-03   -0.743502E-04
 3.42995   -0.353031E-04    0.135030E-03   -0.742527E-04
 3.44798   -0.388486E-04    0.135739E-03   -0.741031E-04
 3.46600   -0.422041E-04    0.136363E-03   -0.739024E-04
 3.48403   -0.453735E-04    0.136904E-03   -0.736520E-04
 3.50205   -0.483611E-04    0.137364E-03   -0.733535E-04
 3.52008   -0.511717E-04    0.137746E-03   -0.730086E-04
 3.53811   -0.538102E-04    0.138052E-03   -0.726190E-04
 3.55613   -0.562824E-04    0.138284E-03   -0.721868E-04
 3.57416   -0.585938E-04    0.138446E-03   -0.717134E-04
 3.59218   -0.607502E-04    0.138540E-03   -0.712021E-04
 3.61021   -0.627577E-04    0.138569E-03   -0.706538E-04
 3.62824   -0.646219E-04    0.138537E-03   -0.700711E-04
 3.64626   -0.663488E-04    0.138445E-03   -0.694560E-04
 3.66429   -0.679451E-04    0.138298E-03   -0.688106E-04
 3.68231   -0.694161E-04    0.138097E-03   -0.681369E-04
 3.70034   -0.707675E-04    0.137846E-03   -0.674370E-04
 3.71837   -0.720054E-04    0.137548E-03   -0.667130E-04
 3.73639   -0.731352E-04    0.137205E-03   -0.659665E-04
 3.75442   -0.741626E-04    0.136820E-03   -0.651996E-04
 3.77244   -0.750928E-04    0.136396E-03   -0.644137E-04
 3.79047   -0.759310E-04    0.135935E-03   -0.636117E-04
 3.80850   -0.766822E-04    0.135439E-03   -0.627942E-04
 3.82652   -0.773512E-04    0.134911E-03   -0.619630E-04
 3.84455   -0.779427E-04    0.134353E-03   -0.611199E-04
 3.86258   -0.784610E-04    0.133768E-03   -0.602661E-04
 3.88060   -0.789104E-04    0.133156E-03   -0.594033E-04
 3.89863   -0.792949E-04    0.132521E-03   -0.585323E-04
 3.91665   -0.796184E-04    0.131864E-03   -0.576551E-04
 3.93468   -0.798844E-04    0.131187E-03   -0.567722E-04
 3.95271   -0.800966E-04    0.130491E-03   -0.558850E-04
 3.97073   -0.802581E-04    0.129778E-03   -0.549943E-04
 3.98876   -0.803723E-04    0.129049E-03   -0.541013E-04
 4.00678   -0.804419E-04    0.128306E-03   -0.532069E-04
 4.02481   -0.804700E-04    0.127551E-03   -0.523119E-04
 4.04284   -0.804590E-04    0.126784E-03   -0.514171E-04
 4.06086   -0.804116E-04    0.126006E-03   -0.505234E-04
 4.07889   -0.803300E-04    0.125220E-03   -0.496308E-04
 4.09691   -0.802165E-04    0.124425E-03   -0.487409E-04
 4.11494   -0.800732E-04    0.123623E-03   -0.478540E-04
 4.13297   -0.799020E-04    0.122814E-03   -0.469704E-04
 4.15099   -0.797048E-04    0.122000E-03   -0.460906E-04
 4.16902   -0.794835E-04    0.121181E-03   -0.452152E-04
 4.18704   -0.792395E-04    0.120358E-03   -0.443446E-04
 4.20507   -0.789746E-04    0.119532E-03   -0.434790E-04
 4.22310   -0.786901E-04    0.118704E-03   -0.426191E-04
 4.24112   -0.783875E-04    0.117873E-03   -0.417651E-04
 4.25915   -0.780680E-04    0.117041E-03   -0.409173E-04
 4.27717   -0.777329E-04    0.116207E-03   -0.400759E-04
 4.29520   -0.773833E-04    0.115374E-03   -0.392411E-04
 4.31323   -0.770202E-04    0.114540E-03   -0.384131E-04
 4.33125   -0.766447E-04    0.113707E-03   -0.375920E-04
 4.34928   -0.762578E-04    0.112875E-03   -0.367782E-04
 4.36730   -0.758603E-04    0.112044E-03   -0.359716E-04
 4.38533   -0.754531E-04    0.111215E-03   -0.351724E-04
 4.40336   -0.750371E-04    0.110388E-03   -0.343808E-04
 4.42138   -0.746129E-04    0.109562E-03   -0.335969E-04
 4.43941   -0.741813E-04    0.108740E-03   -0.328207E-04
 4.45743   -0.737429E-04    0.107920E-03   -0.320524E-04
 4.47546   -0.732983E-04    0.107103E-03   -0.312920E-04
 4.49349   -0.728482E-04    0.106290E-03   -0.305398E-04
 4.51151   -0.723931E-04    0.105480E-03   -0.297957E-04
 4.52954   -0.719335E-04    0.104673E-03   -0.290601E-04
 4.54757   -0.714698E-04    0.103870E-03   -0.283329E-04
 4.56559   -0.710026E-04    0.103072E-03   -0.276142E-04
 4.58362   -0.705323E-04    0.102277E-03   -0.269042E-04
 4.60164   -0.700593E-04    0.101487E-03   -0.262030E-04
 4.61967   -0.695840E-04    0.100701E-03   -0.255105E-04
 4.63770   -0.691067E-04    0.999194E-04   -0.248270E-04
 4.65572   -0.686278E-04    0.991426E-04   -0.241524E-04
 4.67375   -0.681475E-04    0.983705E-04   -0.234865E-04
 4.69177   -0.676663E-04    0.976032E-04   -0.228299E-04
 4.70980   -0.671843E-04    0.968408E-04   -0.221823E-04
 4.72783   -0.667019E-04    0.960835E-04   -0.215434E-04
 4.74585   -0.662192E-04    0.953311E-04   -0.209134E-04
 4.76388   -0.657367E-04    0.945838E-04   -0.202921E-04
 4.78190   -0.652543E-04    0.938416E-04   -0.196795E-04
 4.79993   -0.647725E-04    0.931047E-04   -0.190755E-04
 4.81796   -0.642915E-04    0.923729E-04   -0.184798E-04
 4.83598   -0.638113E-04    0.916465E-04   -0.178925E-04
 4.85401   -0.633322E-04    0.909254E-04   -0.173133E-04
 4.87203   -0.628545E-04    0.902097E-04   -0.167422E-04
 4.89006   -0.623783E-04    0.894995E-04   -0.161790E-04
 4.90809   -0.619037E-04    0.887947E-04   -0.156236E-04
 4.92611   -0.614310E-04    0.880953E-04   -0.150759E-04
 4.94414   -0.609603E-04    0.874017E-04   -0.145356E-04
 4.96216   -0.604918E-04    0.867133E-04   -0.140030E-04
 4.98019   -0.600256E-04    0.860307E-04   -0.134778E-04
 4.99822   -0.595619E-04    0.853537E-04   -0.129600E-04
 5.01624   -0.591008E-04    0.846823E-04   -0.124493E-04
 5.03427   -0.586425E-04    0.840165E-04   -0.119460E-04
 5.05229   -0.581871E-04    0.833564E-04   -0.114498E-04
 5.07032   -0.577348E-04    0.827020E-04   -0.109608E-04
 5.08835   -0.572856E-04    0.820533E-04   -0.104788E-04
 5.10637   -0.568398E-04    0.814104E-04   -0.100040E-04
 5.12440   -0.563973E-04    0.807731E-04   -0.953632E-05
 5.14242   -0.559583E-04    0.801416E-04   -0.907566E-05
 5.16045   -0.555230E-04    0.795159E-04   -0.862204E-05
 5.17848   -0.550914E-04    0.788959E-04   -0.817538E-05
 5.19650   -0.546636E-04    0.782816E-04   -0.773573E-05
 5.21453   -0.542396E-04    0.776731E-04   -0.730305E-05
 5.23256   -0.538196E-04    0.770703E-04   -0.687724E-05
 5.25058   -0.534035E-04    0.764733E-04   -0.645826E-05
 5.26861   -0.529915E-04    0.758820E-04   -0.604607E-05
 5.28663   -0.525836E-04    0.752963E-04   -0.564061E-05
 5.30466   -0.521798E-04    0.747162E-04   -0.524182E-05
 5.32269   -0.517802E-04    0.741418E-04   -0.484963E-05
 5.34071   -0.513846E-04    0.735730E-04   -0.446396E-05
 5.35874   -0.509932E-04    0.730097E-04   -0.408473E-05
 5.37676   -0.506060E-04    0.724520E-04   -0.371185E-05
 5.39479   -0.502228E-04    0.718997E-04   -0.334524E-05
 5.41282   -0.498436E-04    0.713527E-04   -0.298480E-05
 5.43084   -0.494685E-04    0.708112E-04   -0.263045E-05
 5.44887   -0.490973E-04    0.702749E-04   -0.228206E-05
 5.46689   -0.487300E-04    0.697438E-04   -0.193957E-05
 5.48492   -0.483666E-04    0.692178E-04   -0.160291E-05
 5.50295   -0.480069E-04    0.686970E-04   -0.127194E-05
 5.52097   -0.476508E-04    0.681810E-04   -0.946536E-06
 5.53900   -0.472983E-04    0.676700E-04   -0.626630E-06
 5.55702   -0.469493E-04    0.671639E-04   -0.312072E-06
 5.57505   -0.466037E-04    0.666625E-04   -0.283737E-08
 5.59308   -0.462614E-04    0.661657E-04    0.301205E-06
 5.61110   -0.459222E-04    0.656735E-04    0.600160E-06
 5.62913   -0.455860E-04    0.651858E-04    0.894141E-06
 5.64715   -0.452529E-04    0.647025E-04    0.118321E-05
 5.66518   -0.449225E-04    0.642235E-04    0.146756E-05
 5.68321   -0.445948E-04    0.637488E-04    0.174718E-05
 5.70123   -0.442698E-04    0.632781E-04    0.202225E-05
 5.71926   -0.439472E-04    0.628116E-04    0.229276E-05
 5.73728   -0.436270E-04    0.623490E-04    0.255890E-05
 5.75531   -0.433091E-04    0.618903E-04    0.282073E-05
 5.77334   -0.429933E-04    0.614354E-04    0.307835E-05
 5.79136   -0.426796E-04    0.609842E-04    0.333184E-05
 5.80939   -0.423680E-04    0.605367E-04    0.358124E-05
 5.82741   -0.420582E-04    0.600928E-04    0.382673E-05
 5.84544   -0.417502E-04    0.596524E-04    0.406830E-05
 5.86347   -0.414440E-04    0.592155E-04    0.430610E-05
 5.88149   -0.411395E-04    0.587820E-04    0.454019E-05
 5.89952   -0.408366E-04    0.583518E-04    0.477061E-05
 5.91755   -0.405353E-04    0.579249E-04    0.499748E-05
 5.93557   -0.402355E-04    0.575012E-04    0.522073E-05
 5.95360   -0.399372E-04    0.570808E-04    0.544055E-05
 5.97162   -0.396403E-04    0.566635E-04    0.565696E-05
 5.98965   -0.393449E-04    0.562493E-04    0.587001E-05
 6.00768   -0.390509E-04    0.558382E-04    0.607975E-05
 6.02570   -0.387583E-04    0.554302E-04    0.628625E-05
 6.04373   -0.384670E-04    0.550252E-04    0.648953E-05
 6.06175   -0.381771E-04    0.546231E-04    0.668965E-05
 6.07978   -0.378886E-04    0.542241E-04    0.688665E-05
 6.09781   -0.376015E-04    0.538280E-04    0.708062E-05
 6.11583   -0.373158E-04    0.534348E-04    0.727150E-05
 6.13386   -0.370314E-04    0.530446E-04    0.745934E-05
 6.15188   -0.367485E-04    0.526572E-04    0.764424E-05
 6.16991   -0.364670E-04    0.522727E-04    0.782619E-05
 6.18794   -0.361870E-04    0.518911E-04    0.800524E-05
 6.20596   -0.359084E-04    0.515123E-04    0.818141E-05
 6.22399   -0.356313E-04    0.511364E-04    0.835472E-05
 6.24201   -0.353558E-04    0.507634E-04    0.852521E-05
 6.26004   -0.350818E-04    0.503932E-04    0.869289E-05
 6.27807   -0.348093E-04    0.500258E-04    0.885781E-05
 6.29609   -0.345385E-04    0.496612E-04    0.901998E-05
 6.31412   -0.342693E-04    0.492994E-04    0.917944E-05
 6.33214   -0.340017E-04    0.489405E-04    0.933621E-05
 6.35017   -0.337358E-04    0.485843E-04    0.949030E-05
 6.36820   -0.334716E-04    0.482309E-04    0.964181E-05
 6.38622   -0.332092E-04    0.478803E-04    0.979064E-05
 6.40425   -0.329484E-04    0.475324E-04    0.993686E-05
 6.42227   -0.326894E-04    0.471873E-04    0.100805E-04
 6.44030   -0.324322E-04    0.468450E-04    0.102217E-04
 6.45833   -0.321768E-04    0.465054E-04    0.103603E-04
 6.47635   -0.319232E-04    0.461685E-04    0.104964E-04
 6.49438   -0.316714E-04    0.458343E-04    0.106301E-04
 6.51240   -0.314214E-04    0.455028E-04    0.107613E-04
 6.53043   -0.311733E-04    0.451741E-04    0.108901E-04
 6.54846   -0.309271E-04    0.448480E-04    0.110165E-04
 6.56648   -0.306827E-04    0.445245E-04    0.111405E-04
 6.58451   -0.304402E-04    0.442037E-04    0.112622E-04
 6.60254   -0.301996E-04    0.438856E-04    0.113816E-04
 6.62056   -0.299609E-04    0.435700E-04    0.114986E-04
 6.63859   -0.297240E-04    0.432571E-04    0.116135E-04
 6.65661   -0.294891E-04    0.429468E-04    0.117260E-04
 6.67464   -0.292560E-04    0.426391E-04    0.118364E-04
 6.69267   -0.290249E-04    0.423339E-04    0.119445E-04
 6.71069   -0.287956E-04    0.420312E-04    0.120505E-04
 6.72872   -0.285683E-04    0.417311E-04    0.121544E-04
 6.74674   -0.283429E-04    0.414335E-04    0.122561E-04
 6.76477   -0.281193E-04    0.411384E-04    0.123558E-04
 6.78280   -0.278977E-04    0.408458E-04    0.124534E-04
 6.80082   -0.276780E-04    0.405556E-04    0.125489E-04
 6.81885   -0.274601E-04    0.402679E-04    0.126425E-04
 6.83687   -0.272442E-04    0.399827E-04    0.127340E-04
 6.85490   -0.270301E-04    0.396999E-04    0.128236E-04
 6.87293   -0.268180E-04    0.394194E-04    0.129113E-04
 6.89095   -0.266077E-04    0.391414E-04    0.129970E-04
 6.90898   -0.263994E-04    0.388657E-04    0.130808E-04
 6.92700   -0.261929E-04    0.385924E-04    0.131627E-04
 6.94503   -0.259883E-04    0.383214E-04    0.132428E-04
 6.96306   -0.257855E-04    0.380527E-04    0.133210E-04
 6.98108   -0.255847E-04    0.377864E-04    0.133974E-04
 6.99911   -0.253857E-04    0.375223E-04    0.134721E-04
 7.01713   -0.251885E-04    0.372605E-04    0.135449E-04
 7.03516   -0.249932E-04    0.370010E-04    0.136161E-04
 7.05319   -0.247997E-04    0.367437E-04    0.136855E-04
 7.07121   -0.246081E-04    0.364886E-04    0.137532E-04
 7.08924   -0.244183E-04    0.362357E-04    0.138192E-04
 7.10726   -0.242303E-04    0.359850E-04    0.138836E-04
 7.12529   -0.240441E-04    0.357365E-04    0.139464E-04
 7.14332   -0.238597E-04    0.354901E-04    0.140075E-04
 7.16134   -0.236771E-04    0.352459E-04    0.140671E-04
 7.17937   -0.234963E-04    0.350038E-04    0.141251E-04
 7.19739   -0.233172E-04    0.347637E-04    0.141816E-04
 7.21542   -0.231398E-04    0.345258E-04    0.142365E-04
 7.23345   -0.229641E-04    0.342899E-04    0.142899E-04
 7.25147   -0.227902E-04    0.340561E-04    0.143419E-04
 7.26950   -0.226180E-04    0.338242E-04    0.143924E-04
 7.28753   -0.224474E-04    0.335944E-04    0.144415E-04
 7.30555   -0.222785E-04    0.333666E-04    0.144891E-04
 7.32358   -0.221113E-04    0.331407E-04    0.145354E-04
 7.34160   -0.219457E-04    0.329167E-04    0.145802E-04
 7.35963   -0.217817E-04    0.326947E-04    0.146238E-04
 7.37766   -0.216193E-04    0.324746E-04    0.146660E-04
 7.39568   -0.214584E-04    0.322564E-04    0.147068E-04
 7.41371   -0.212992E-04    0.320400E-04    0.147464E-04
 7.43173   -0.211414E-04    0.318255E-04    0.147848E-04
 7.44976   -0.209852E-04    0.316128E-04    0.148219E-04
 7.46779   -0.208305E-04    0.314019E-04    0.148577E-04
 7.48581   -0.206773E-04    0.311928E-04    0.148923E-04
 7.50384   -0.205256E-04    0.309855E-04    0.149258E-04
 7.52186   -0.203753E-04    0.307799E-04    0.149580E-04
 7.53989   -0.202265E-04    0.305761E-04    0.149892E-04
 7.55792   -0.200791E-04    0.303740E-04    0.150192E-04
 7.57594   -0.199331E-04    0.301736E-04    0.150480E-04
 7.59397   -0.197885E-04    0.299749E-04    0.150758E-04
 7.61199   -0.196452E-04    0.297778E-04    0.151025E-04
 7.63002   -0.195034E-04    0.295824E-04    0.151281E-04
 7.64805   -0.193628E-04    0.293886E-04    0.151527E-04
 7.66607   -0.192236E-04    0.291965E-04    0.151763E-04
 7.68410   -0.190858E-04    0.290059E-04    0.151989E-04
 7.70212   -0.189492E-04    0.288169E-04    0.152204E-04
 7.72015   -0.188139E-04    0.286295E-04    0.152410E-04
 7.73818   -0.186798E-04    0.284437E-04    0.152606E-04
 7.75620   -0.185470E-04    0.282593E-04    0.152793E-04
 7.77423   -0.184155E-04    0.280765E-04    0.152971E-04
 7.79225   -0.182852E-04    0.278952E-04    0.153139E-04
 7.81028   -0.181561E-04    0.277154E-04    0.153298E-04
 7.82831   -0.180282E-04    0.275371E-04    0.153448E-04
 7.84633   -0.179015E-04    0.273602E-04    0.153590E-04
 7.86436   -0.177760E-04    0.271848E-04    0.153723E-04
 7.88238   -0.176516E-04    0.270108E-04    0.153848E-04
 7.90041   -0.175283E-04    0.268382E-04    0.153964E-04
 7.91844   -0.174063E-04    0.266670E-04    0.154072E-04
 7.93646   -0.172853E-04    0.264972E-04    0.154172E-04
 7.95449   -0.171654E-04    0.263288E-04    0.154264E-04
 7.97252   -0.170467E-04    0.261618E-04    0.154349E-04
 7.99054   -0.169290E-04    0.259961E-04    0.154425E-04
 8.00857   -0.168124E-04    0.258317E-04    0.154494E-04
 8.02659   -0.166969E-04    0.256687E-04    0.154556E-04
 8.04462   -0.165824E-04    0.255069E-04    0.154611E-04
 8.06265   -0.164690E-04    0.253465E-04    0.154658E-04
 8.08067   -0.163566E-04    0.251874E-04    0.154698E-04
 8.09870   -0.162452E-04    0.250295E-04    0.154732E-04
 8.11672   -0.161349E-04    0.248729E-04    0.154758E-04
 8.13475   -0.160255E-04    0.247176E-04    0.154778E-04
 8.15278   -0.159172E-04    0.245635E-04    0.154791E-04
 8.17080   -0.158099E-04    0.244107E-04    0.154798E-04
 8.18883   -0.157035E-04    0.242590E-04    0.154798E-04
 8.20685   -0.155982E-04    0.241086E-04    0.154791E-04
 8.22488   -0.154938E-04    0.239594E-04    0.154779E-04
 8.24291   -0.153904E-04    0.238114E-04    0.154760E-04
 8.26093   -0.152879E-04    0.236646E-04    0.154735E-04
 8.27896   -0.151864E-04    0.235189E-04    0.154704E-04
 8.29698   -0.150858E-04    0.233744E-04    0.154668E-04
 8.31501   -0.149862E-04    0.232311E-04    0.154625E-04
 8.33304   -0.148875E-04    0.230889E-04    0.154577E-04
 8.35106   -0.147897E-04    0.229478E-04    0.154523E-04
 8.36909   -0.146928E-04    0.228079E-04    0.154464E-04
 8.38711   -0.145969E-04    0.226691E-04    0.154399E-04
 8.40514   -0.145018E-04    0.225314E-04    0.154329E-04
 8.42317   -0.144076E-04    0.223947E-04    0.154253E-04
 8.44119   -0.143143E-04    0.222592E-04    0.154173E-04
 8.45922   -0.142219E-04    0.221247E-04    0.154087E-04
 8.47724   -0.141304E-04    0.219914E-04    0.153997E-04
 8.49527   -0.140396E-04    0.218590E-04    0.153901E-04
 8.51330   -0.139497E-04    0.217277E-04    0.153801E-04
 8.53132   -0.138607E-04    0.215974E-04    0.153696E-04
 8.54935   -0.137724E-04    0.214682E-04    0.153586E-04
 8.56737   -0.136850E-04    0.213399E-04    0.153472E-04
 8.58540   -0.135983E-04    0.212127E-04    0.153354E-04
 8.60343   -0.135123E-04    0.210864E-04    0.153231E-04
 8.62145   -0.134272E-04    0.209611E-04    0.153104E-04
 8.63948   -0.133427E-04    0.208367E-04    0.152973E-04
 8.65751   -0.132590E-04    0.207133E-04    0.152838E-04
 8.67553   -0.131760E-04    0.205908E-04    0.152699E-04
 8.69356   -0.130937E-04    0.204693E-04    0.152556E-04
 8.71158   -0.130120E-04    0.203486E-04    0.152409E-04
 8.72961   -0.129310E-04    0.202288E-04    0.152259E-04
 8.74764   -0.128506E-04    0.201099E-04    0.152106E-04
 8.76566   -0.127708E-04    0.199919E-04    0.151949E-04
 8.78369   -0.126917E-04    0.198747E-04    0.151788E-04
 8.80171   -0.126131E-04    0.197584E-04    0.151625E-04
 8.81974   -0.125351E-04    0.196429E-04    0.151458E-04
 8.83777   -0.124577E-04    0.195282E-04    0.151289E-04
 8.85579   -0.123808E-04    0.194143E-04    0.151116E-04
 8.87382   -0.123045E-04    0.193012E-04    0.150941E-04
 8.89184   -0.122287E-04    0.191889E-04    0.150763E-04
 8.90987   -0.121534E-04    0.190774E-04    0.150582E-04
 8.92790   -0.120786E-04    0.189666E-04    0.150399E-04
 8.94592   -0.120043E-04    0.188566E-04    0.150213E-04
 8.96395   -0.119305E-04    0.187474E-04    0.150024E-04
 8.98197   -0.118572E-04    0.186389E-04    0.149833E-04
 9.00000   -0.117843E-04    0.185311E-04    0.149640E-04
