 0.00500    0.384977E-02   -0.200633E-02    0.161948E-02
 0.02303    0.314747E-02   -0.165518E-02    0.135605E-02
 0.04105    0.273694E-02   -0.144985E-02    0.120196E-02
 0.05908    0.243846E-02   -0.130052E-02    0.108982E-02
 0.07710    0.220358E-02   -0.118299E-02    0.100148E-02
 0.09513    0.201065E-02   -0.108640E-02    0.928825E-03
 0.11316    0.184769E-02   -0.100480E-02    0.867381E-03
 0.13118    0.170738E-02   -0.934496E-03    0.814382E-03
 0.14921    0.158479E-02   -0.873044E-03    0.767996E-03
 0.16723    0.147649E-02   -0.818720E-03    0.726935E-03
 0.18526    0.137993E-02   -0.770262E-03    0.690253E-03
 0.20329    0.129321E-02   -0.726710E-03    0.657232E-03
 0.22131    0.121483E-02   -0.687322E-03    0.627317E-03
 0.23934    0.114362E-02   -0.651510E-03    0.600068E-03
 0.25736    0.107863E-02   -0.618797E-03    0.575128E-03
 0.27539    0.101906E-02   -0.588792E-03    0.552207E-03
 0.29342    0.964282E-03   -0.561174E-03    0.531063E-03
 0.31144    0.913742E-03   -0.535670E-03    0.511489E-03
 0.32947    0.866979E-03   -0.512050E-03    0.493321E-03
 0.34749    0.823600E-03   -0.490117E-03    0.476407E-03
 0.36552    0.783265E-03   -0.469701E-03    0.460622E-03
 0.38355    0.745679E-03   -0.450656E-03    0.445856E-03
 0.40157    0.710585E-03   -0.432853E-03    0.432014E-03
 0.41960    0.677756E-03   -0.416179E-03    0.419010E-03
 0.43763    0.646994E-03   -0.400535E-03    0.406772E-03
 0.45565    0.618122E-03   -0.385833E-03    0.395234E-03
 0.47368    0.590983E-03   -0.371995E-03    0.384338E-03
 0.49170    0.565437E-03   -0.358951E-03    0.374031E-03
 0.50973    0.541359E-03   -0.346639E-03    0.364268E-03
 0.52776    0.518636E-03   -0.335002E-03    0.355006E-03
 0.54578    0.497165E-03   -0.323989E-03    0.346207E-03
 0.56381    0.476856E-03   -0.313555E-03    0.337838E-03
 0.58183    0.457625E-03   -0.303659E-03    0.329868E-03
 0.59986    0.439395E-03   -0.294261E-03    0.322268E-03
 0.61789    0.422099E-03   -0.285329E-03    0.315014E-03
 0.63591    0.405672E-03   -0.276831E-03    0.308081E-03
 0.65394    0.390058E-03   -0.268738E-03    0.301449E-03
 0.67196    0.375204E-03   -0.261023E-03    0.295098E-03
 0.68999    0.361061E-03   -0.253663E-03    0.289011E-03
 0.70802    0.347584E-03   -0.246636E-03    0.283170E-03
 0.72604    0.334734E-03   -0.239921E-03    0.277560E-03
 0.74407    0.322471E-03   -0.233499E-03    0.272169E-03
 0.76209    0.310762E-03   -0.227353E-03    0.266982E-03
 0.78012    0.299574E-03   -0.221467E-03    0.261988E-03
 0.79815    0.288876E-03   -0.215826E-03    0.257177E-03
 0.81617    0.278641E-03   -0.210416E-03    0.252537E-03
 0.83420    0.268844E-03   -0.205225E-03    0.248059E-03
 0.85222    0.259460E-03   -0.200240E-03    0.243735E-03
 0.87025    0.250467E-03   -0.195450E-03    0.239555E-03
 0.88828    0.241844E-03   -0.190846E-03    0.235514E-03
 0.90630    0.233572E-03   -0.186416E-03    0.231603E-03
 0.92433    0.225633E-03   -0.182153E-03    0.227815E-03
 0.94235    0.218010E-03   -0.178048E-03    0.224146E-03
 0.96038    0.210686E-03   -0.174093E-03    0.220588E-03
 0.97841    0.203648E-03   -0.170280E-03    0.217136E-03
 0.99643    0.196881E-03   -0.166603E-03    0.213785E-03
 1.01446    0.190371E-03   -0.163056E-03    0.210531E-03
 1.03248    0.184108E-03   -0.159631E-03    0.207369E-03
 1.05051    0.178078E-03   -0.156324E-03    0.204294E-03
 1.06854    0.172272E-03   -0.153128E-03    0.201303E-03
 1.08656    0.166679E-03   -0.150039E-03    0.198392E-03
 1.10459    0.161289E-03   -0.147053E-03    0.195557E-03
 1.12262    0.156093E-03   -0.144163E-03    0.192795E-03
 1.14064    0.151083E-03   -0.141367E-03    0.190104E-03
 1.15867    0.146250E-03   -0.138660E-03    0.187479E-03
 1.17669    0.141588E-03   -0.136039E-03    0.184918E-03
 1.19472    0.137087E-03   -0.133499E-03    0.182418E-03
 1.21275    0.132743E-03   -0.131037E-03    0.179978E-03
 1.23077    0.128547E-03   -0.128650E-03    0.177594E-03
 1.24880    0.124495E-03   -0.126335E-03    0.175265E-03
 1.26682    0.120579E-03   -0.124090E-03    0.172987E-03
 1.28485    0.116794E-03   -0.121910E-03    0.170760E-03
 1.30288    0.113136E-03   -0.119794E-03    0.168581E-03
 1.32090    0.109599E-03   -0.117739E-03    0.166448E-03
 1.33893    0.106178E-03   -0.115743E-03    0.164360E-03
 1.35695    0.102869E-03   -0.113804E-03    0.162315E-03
 1.37498    0.996678E-04   -0.111918E-03    0.160311E-03
 1.39301    0.965695E-04   -0.110085E-03    0.158347E-03
 1.41103    0.935706E-04   -0.108302E-03    0.156422E-03
 1.42906    0.906674E-04   -0.106568E-03    0.154533E-03
 1.44708    0.878561E-04   -0.104881E-03    0.152681E-03
 1.46511    0.851335E-04   -0.103238E-03    0.150863E-03
 1.48314    0.824963E-04   -0.101639E-03    0.149079E-03
 1.50116    0.799413E-04   -0.100081E-03    0.147326E-03
 1.51919    0.774655E-04   -0.985639E-04    0.145605E-03
 1.53721    0.750663E-04   -0.970857E-04    0.143915E-03
 1.55524    0.727408E-04   -0.956451E-04    0.142253E-03
 1.57327    0.704865E-04   -0.942407E-04    0.140620E-03
 1.59129    0.683008E-04   -0.928714E-04    0.139014E-03
 1.60932    0.661816E-04   -0.915358E-04    0.137435E-03
 1.62734    0.641263E-04   -0.902331E-04    0.135881E-03
 1.64537    0.621329E-04   -0.889620E-04    0.134352E-03
 1.66340    0.601994E-04   -0.877216E-04    0.132848E-03
 1.68142    0.583236E-04   -0.865108E-04    0.131367E-03
 1.69945    0.565039E-04   -0.853288E-04    0.129908E-03
 1.71747    0.547383E-04   -0.841746E-04    0.128472E-03
 1.73550    0.530251E-04   -0.830473E-04    0.127058E-03
 1.75353    0.513626E-04   -0.819462E-04    0.125665E-03
 1.77155    0.497492E-04   -0.808705E-04    0.124292E-03
 1.78958    0.481835E-04   -0.798193E-04    0.122938E-03
 1.80761    0.466640E-04   -0.787919E-04    0.121603E-03
 1.82563    0.451893E-04   -0.777878E-04    0.120289E-03
 1.84366    0.437581E-04   -0.768062E-04    0.118992E-03
 1.86168    0.423691E-04   -0.758465E-04    0.117713E-03
 1.87971    0.410212E-04   -0.749081E-04    0.116451E-03
 1.89774    0.397130E-04   -0.739904E-04    0.115207E-03
 1.91576    0.384436E-04   -0.730929E-04    0.113979E-03
 1.93379    0.372119E-04   -0.722150E-04    0.112768E-03
 1.95181    0.360169E-04   -0.713563E-04    0.111572E-03
 1.96984    0.348577E-04   -0.705163E-04    0.110392E-03
 1.98787    0.337333E-04   -0.696944E-04    0.109227E-03
 2.00589    0.326428E-04   -0.688904E-04    0.108077E-03
 2.02392    0.315854E-04   -0.681037E-04    0.106942E-03
 2.04194    0.305603E-04   -0.673340E-04    0.105822E-03
 2.05997    0.295667E-04   -0.665809E-04    0.104715E-03
 2.07800    0.286039E-04   -0.658443E-04    0.103622E-03
 2.09602    0.276711E-04   -0.651228E-04    0.102543E-03
 2.11405    0.267677E-04   -0.644171E-04    0.101478E-03
 2.13207    0.258929E-04   -0.637267E-04    0.100425E-03
 2.15010    0.250461E-04   -0.630510E-04    0.993851E-04
 2.16813    0.242267E-04   -0.623898E-04    0.983579E-04
 2.18615    0.234340E-04   -0.617428E-04    0.973432E-04
 2.20418    0.226674E-04   -0.611097E-04    0.963407E-04
 2.22220    0.219262E-04   -0.604902E-04    0.953502E-04
 2.24023    0.212100E-04   -0.598838E-04    0.943714E-04
 2.25826    0.205179E-04   -0.592905E-04    0.934041E-04
 2.27628    0.198495E-04   -0.587097E-04    0.924482E-04
 2.29431    0.192040E-04   -0.581412E-04    0.915033E-04
 2.31233    0.185808E-04   -0.575848E-04    0.905693E-04
 2.33036    0.179794E-04   -0.570399E-04    0.896459E-04
 2.34839    0.173990E-04   -0.565064E-04    0.887328E-04
 2.36641    0.168390E-04   -0.559840E-04    0.878299E-04
 2.38444    0.162987E-04   -0.554721E-04    0.869369E-04
 2.40246    0.157773E-04   -0.549705E-04    0.860535E-04
 2.42049    0.152742E-04   -0.544789E-04    0.851795E-04
 2.43852    0.147887E-04   -0.539969E-04    0.843146E-04
 2.45654    0.143199E-04   -0.535241E-04    0.834585E-04
 2.47457    0.138673E-04   -0.530601E-04    0.826110E-04
 2.49260    0.134300E-04   -0.526045E-04    0.817717E-04
 2.51062    0.130072E-04   -0.521571E-04    0.809405E-04
 2.52865    0.125982E-04   -0.517173E-04    0.801169E-04
 2.54667    0.122023E-04   -0.512847E-04    0.793007E-04
 2.56470    0.118186E-04   -0.508592E-04    0.784917E-04
 2.58273    0.114464E-04   -0.504401E-04    0.776895E-04
 2.60075    0.110849E-04   -0.500272E-04    0.768938E-04
 2.61878    0.107335E-04   -0.496201E-04    0.761046E-04
 2.63680    0.103914E-04   -0.492183E-04    0.753213E-04
 2.65483    0.100579E-04   -0.488216E-04    0.745437E-04
 2.67286    0.973216E-05   -0.484296E-04    0.737716E-04
 2.69088    0.941358E-05   -0.480419E-04    0.730047E-04
 2.70891    0.910150E-05   -0.476582E-04    0.722428E-04
 2.72693    0.879528E-05   -0.472781E-04    0.714856E-04
 2.74496    0.849430E-05   -0.469015E-04    0.707329E-04
 2.76299    0.819795E-05   -0.465279E-04    0.699845E-04
 2.78101    0.790568E-05   -0.461571E-04    0.692401E-04
 2.79904    0.761690E-05   -0.457887E-04    0.684996E-04
 2.81706    0.733109E-05   -0.454226E-04    0.677627E-04
 2.83509    0.704775E-05   -0.450585E-04    0.670292E-04
 2.85312    0.676641E-05   -0.446959E-04    0.662991E-04
 2.87114    0.648660E-05   -0.443350E-04    0.655720E-04
 2.88917    0.620788E-05   -0.439752E-04    0.648479E-04
 2.90719    0.592981E-05   -0.436166E-04    0.641266E-04
 2.92522    0.565200E-05   -0.432588E-04    0.634079E-04
 2.94325    0.537421E-05   -0.429016E-04    0.626917E-04
 2.96127    0.509576E-05   -0.425450E-04    0.619779E-04
 2.97930    0.481646E-05   -0.421885E-04    0.612663E-04
 2.99732    0.453584E-05   -0.418323E-04    0.605569E-04
 3.01535    0.425383E-05   -0.414760E-04    0.598494E-04
 3.03338    0.397000E-05   -0.411195E-04    0.591438E-04
 3.05140    0.368406E-05   -0.407627E-04    0.584401E-04
 3.06943    0.339576E-05   -0.404054E-04    0.577381E-04
 3.08745    0.310479E-05   -0.400475E-04    0.570377E-04
 3.10548    0.281095E-05   -0.396889E-04    0.563389E-04
 3.12351    0.251401E-05   -0.393295E-04    0.556415E-04
 3.14153    0.221376E-05   -0.389692E-04    0.549455E-04
 3.15956    0.191001E-05   -0.386079E-04    0.542510E-04
 3.17759    0.160263E-05   -0.382455E-04    0.535577E-04
 3.19561    0.129150E-05   -0.378819E-04    0.528658E-04
 3.21364    0.976495E-06   -0.375172E-04    0.521752E-04
 3.23166    0.657551E-06   -0.371514E-04    0.514858E-04
 3.24969    0.334636E-06   -0.367843E-04    0.507976E-04
 3.26772    0.771236E-08   -0.364159E-04    0.501108E-04
 3.28574   -0.323188E-06   -0.360464E-04    0.494253E-04
 3.30377   -0.658007E-06   -0.356757E-04    0.487411E-04
 3.32179   -0.996665E-06   -0.353039E-04    0.480583E-04
 3.33982   -0.133902E-05   -0.349310E-04    0.473770E-04
 3.35785   -0.168492E-05   -0.345572E-04    0.466973E-04
 3.37587   -0.203418E-05   -0.341825E-04    0.460192E-04
 3.39390   -0.238656E-05   -0.338071E-04    0.453428E-04
 3.41192   -0.274179E-05   -0.334311E-04    0.446684E-04
 3.42995   -0.309959E-05   -0.330546E-04    0.439959E-04
 3.44798   -0.345962E-05   -0.326779E-04    0.433256E-04
 3.46600   -0.382154E-05   -0.323011E-04    0.426575E-04
 3.48403   -0.418497E-05   -0.319243E-04    0.419919E-04
 3.50205   -0.454949E-05   -0.315479E-04    0.413290E-04
 3.52008   -0.491469E-05   -0.311721E-04    0.406688E-04
 3.53811   -0.528012E-05   -0.307970E-04    0.400117E-04
 3.55613   -0.564532E-05   -0.304229E-04    0.393576E-04
 3.57416   -0.600981E-05   -0.300500E-04    0.387071E-04
 3.59218   -0.637311E-05   -0.296786E-04    0.380600E-04
 3.61021   -0.673471E-05   -0.293090E-04    0.374167E-04
 3.62824   -0.709414E-05   -0.289414E-04    0.367773E-04
 3.64626   -0.745092E-05   -0.285760E-04    0.361421E-04
 3.66429   -0.780457E-05   -0.282131E-04    0.355112E-04
 3.68231   -0.815551E-05   -0.278529E-04    0.348849E-04
 3.70034   -0.850043E-05   -0.274957E-04    0.342634E-04
 3.71837   -0.884177E-05   -0.271417E-04    0.336467E-04
 3.73639   -0.917809E-05   -0.267911E-04    0.330351E-04
 3.75442   -0.950897E-05   -0.264442E-04    0.324287E-04
 3.77244   -0.983400E-05   -0.261011E-04    0.318278E-04
 3.79047   -0.101528E-04   -0.257621E-04    0.312324E-04
 3.80850   -0.104650E-04   -0.254273E-04    0.306427E-04
 3.82652   -0.107703E-04   -0.250969E-04    0.300588E-04
 3.84455   -0.110683E-04   -0.247710E-04    0.294808E-04
 3.86258   -0.113588E-04   -0.244499E-04    0.289089E-04
 3.88060   -0.116415E-04   -0.241336E-04    0.283432E-04
 3.89863   -0.119162E-04   -0.238222E-04    0.277836E-04
 3.91665   -0.121826E-04   -0.235159E-04    0.272304E-04
 3.93468   -0.124406E-04   -0.232148E-04    0.266835E-04
 3.95271   -0.126901E-04   -0.229188E-04    0.261431E-04
 3.97073   -0.129309E-04   -0.226281E-04    0.256091E-04
 3.98876   -0.131629E-04   -0.223427E-04    0.250816E-04
 4.00678   -0.133861E-04   -0.220627E-04    0.245606E-04
 4.02481   -0.136004E-04   -0.217881E-04    0.240462E-04
 4.04284   -0.138058E-04   -0.215188E-04    0.235381E-04
 4.06086   -0.140024E-04   -0.212549E-04    0.230367E-04
 4.07889   -0.141900E-04   -0.209963E-04    0.225418E-04
 4.09691   -0.143689E-04   -0.207431E-04    0.220533E-04
 4.11494   -0.145390E-04   -0.204952E-04    0.215712E-04
 4.13297   -0.147005E-04   -0.202523E-04    0.210955E-04
 4.15099   -0.148534E-04   -0.200147E-04    0.206262E-04
 4.16902   -0.149979E-04   -0.197824E-04    0.201631E-04
 4.18704   -0.151341E-04   -0.195550E-04    0.197063E-04
 4.20507   -0.152621E-04   -0.193326E-04    0.192555E-04
 4.22310   -0.153822E-04   -0.191150E-04    0.188109E-04
 4.24112   -0.154945E-04   -0.189023E-04    0.183723E-04
 4.25915   -0.155991E-04   -0.186942E-04    0.179395E-04
 4.27717   -0.156962E-04   -0.184908E-04    0.175126E-04
 4.29520   -0.157862E-04   -0.182918E-04    0.170915E-04
 4.31323   -0.158690E-04   -0.180972E-04    0.166760E-04
 4.33125   -0.159450E-04   -0.179070E-04    0.162662E-04
 4.34928   -0.160144E-04   -0.177208E-04    0.158618E-04
 4.36730   -0.160773E-04   -0.175388E-04    0.154627E-04
 4.38533   -0.161340E-04   -0.173607E-04    0.150690E-04
 4.40336   -0.161847E-04   -0.171867E-04    0.146805E-04
 4.42138   -0.162295E-04   -0.170163E-04    0.142981E-04
 4.43941   -0.162688E-04   -0.168495E-04    0.139198E-04
 4.45743   -0.163027E-04   -0.166862E-04    0.135463E-04
 4.47546   -0.163314E-04   -0.165264E-04    0.131767E-04
 4.49349   -0.163551E-04   -0.163699E-04    0.128129E-04
 4.51151   -0.163741E-04   -0.162166E-04    0.124537E-04
 4.52954   -0.163884E-04   -0.160664E-04    0.120990E-04
 4.54757   -0.163984E-04   -0.159192E-04    0.117489E-04
 4.56559   -0.164042E-04   -0.157749E-04    0.114031E-04
 4.58362   -0.164059E-04   -0.156334E-04    0.110616E-04
 4.60164   -0.164038E-04   -0.154946E-04    0.107244E-04
 4.61967   -0.163981E-04   -0.153585E-04    0.103913E-04
 4.63770   -0.163889E-04   -0.152249E-04    0.100622E-04
 4.65572   -0.163763E-04   -0.150938E-04    0.973718E-05
 4.67375   -0.163606E-04   -0.149650E-04    0.941603E-05
 4.69177   -0.163419E-04   -0.148384E-04    0.909873E-05
 4.70980   -0.163203E-04   -0.147141E-04    0.878517E-05
 4.72783   -0.162960E-04   -0.145920E-04    0.847533E-05
 4.74585   -0.162691E-04   -0.144719E-04    0.816910E-05
 4.76388   -0.162397E-04   -0.143537E-04    0.786646E-05
 4.78190   -0.162081E-04   -0.142375E-04    0.756733E-05
 4.79993   -0.161742E-04   -0.141232E-04    0.727163E-05
 4.81796   -0.161383E-04   -0.140106E-04    0.697930E-05
 4.83598   -0.161004E-04   -0.138997E-04    0.669031E-05
 4.85401   -0.160607E-04   -0.137905E-04    0.640460E-05
 4.87203   -0.160192E-04   -0.136829E-04    0.612209E-05
 4.89006   -0.159761E-04   -0.135769E-04    0.584277E-05
 4.90809   -0.159314E-04   -0.134724E-04    0.556655E-05
 4.92611   -0.158853E-04   -0.133693E-04    0.529341E-05
 4.94414   -0.158378E-04   -0.132676E-04    0.502329E-05
 4.96216   -0.157890E-04   -0.131673E-04    0.475613E-05
 4.98019   -0.157390E-04   -0.130683E-04    0.449192E-05
 4.99822   -0.156878E-04   -0.129706E-04    0.423061E-05
 5.01624   -0.156356E-04   -0.128740E-04    0.397212E-05
 5.03427   -0.155825E-04   -0.127787E-04    0.371645E-05
 5.05229   -0.155284E-04   -0.126845E-04    0.346355E-05
 5.07032   -0.154734E-04   -0.125915E-04    0.321337E-05
 5.08835   -0.154177E-04   -0.124995E-04    0.296591E-05
 5.10637   -0.153612E-04   -0.124086E-04    0.272110E-05
 5.12440   -0.153040E-04   -0.123187E-04    0.247890E-05
 5.14242   -0.152462E-04   -0.122298E-04    0.223932E-05
 5.16045   -0.151878E-04   -0.121419E-04    0.200230E-05
 5.17848   -0.151289E-04   -0.120549E-04    0.176783E-05
 5.19650   -0.150695E-04   -0.119688E-04    0.153583E-05
 5.21453   -0.150097E-04   -0.118836E-04    0.130632E-05
 5.23256   -0.149494E-04   -0.117993E-04    0.107924E-05
 5.25058   -0.148888E-04   -0.117158E-04    0.854572E-06
 5.26861   -0.148278E-04   -0.116331E-04    0.632291E-06
 5.28663   -0.147665E-04   -0.115511E-04    0.412366E-06
 5.30466   -0.147050E-04   -0.114700E-04    0.194755E-06
 5.32269   -0.146432E-04   -0.113896E-04   -0.205441E-07
 5.34071   -0.145813E-04   -0.113100E-04   -0.233569E-06
 5.35874   -0.145191E-04   -0.112310E-04   -0.444344E-06
 5.37676   -0.144568E-04   -0.111528E-04   -0.652904E-06
 5.39479   -0.143944E-04   -0.110753E-04   -0.859262E-06
 5.41282   -0.143319E-04   -0.109984E-04   -0.106345E-05
 5.43084   -0.142693E-04   -0.109222E-04   -0.126548E-05
 5.44887   -0.142066E-04   -0.108467E-04   -0.146538E-05
 5.46689   -0.141439E-04   -0.107717E-04   -0.166317E-05
 5.48492   -0.140812E-04   -0.106974E-04   -0.185887E-05
 5.50295   -0.140185E-04   -0.106237E-04   -0.205251E-05
 5.52097   -0.139557E-04   -0.105506E-04   -0.224409E-05
 5.53900   -0.138930E-04   -0.104780E-04   -0.243367E-05
 5.55702   -0.138304E-04   -0.104061E-04   -0.262121E-05
 5.57505   -0.137678E-04   -0.103347E-04   -0.280677E-05
 5.59308   -0.137052E-04   -0.102638E-04   -0.299033E-05
 5.61110   -0.136428E-04   -0.101935E-04   -0.317194E-05
 5.62913   -0.135804E-04   -0.101237E-04   -0.335161E-05
 5.64715   -0.135182E-04   -0.100545E-04   -0.352935E-05
 5.66518   -0.134560E-04   -0.998570E-05   -0.370517E-05
 5.68321   -0.133940E-04   -0.991747E-05   -0.387910E-05
 5.70123   -0.133321E-04   -0.984973E-05   -0.405115E-05
 5.71926   -0.132704E-04   -0.978250E-05   -0.422133E-05
 5.73728   -0.132087E-04   -0.971575E-05   -0.438967E-05
 5.75531   -0.131473E-04   -0.964948E-05   -0.455617E-05
 5.77334   -0.130860E-04   -0.958368E-05   -0.472084E-05
 5.79136   -0.130249E-04   -0.951834E-05   -0.488371E-05
 5.80939   -0.129639E-04   -0.945347E-05   -0.504480E-05
 5.82741   -0.129032E-04   -0.938906E-05   -0.520412E-05
 5.84544   -0.128426E-04   -0.932509E-05   -0.536166E-05
 5.86347   -0.127822E-04   -0.926155E-05   -0.551747E-05
 5.88149   -0.127220E-04   -0.919846E-05   -0.567159E-05
 5.89952   -0.126620E-04   -0.913579E-05   -0.582391E-05
 5.91755   -0.126023E-04   -0.907353E-05   -0.597457E-05
 5.93557   -0.125427E-04   -0.901171E-05   -0.612355E-05
 5.95360   -0.124834E-04   -0.895030E-05   -0.627085E-05
 5.97162   -0.124243E-04   -0.888930E-05   -0.641651E-05
 5.98965   -0.123654E-04   -0.882870E-05   -0.656050E-05
 6.00768   -0.123067E-04   -0.876850E-05   -0.670286E-05
 6.02570   -0.122483E-04   -0.870869E-05   -0.684361E-05
 6.04373   -0.121901E-04   -0.864928E-05   -0.698273E-05
 6.06175   -0.121322E-04   -0.859024E-05   -0.712027E-05
 6.07978   -0.120745E-04   -0.853160E-05   -0.725622E-05
 6.09781   -0.120171E-04   -0.847330E-05   -0.739061E-05
 6.11583   -0.119599E-04   -0.841539E-05   -0.752344E-05
 6.13386   -0.119030E-04   -0.835785E-05   -0.765471E-05
 6.15188   -0.118463E-04   -0.830067E-05   -0.778446E-05
 6.16991   -0.117900E-04   -0.824384E-05   -0.791268E-05
 6.18794   -0.117338E-04   -0.818737E-05   -0.803939E-05
 6.20596   -0.116780E-04   -0.813125E-05   -0.816462E-05
 6.22399   -0.116224E-04   -0.807547E-05   -0.828833E-05
 6.24201   -0.115671E-04   -0.802003E-05   -0.841058E-05
 6.26004   -0.115120E-04   -0.796492E-05   -0.853136E-05
 6.27807   -0.114573E-04   -0.791016E-05   -0.865069E-05
 6.29609   -0.114028E-04   -0.785573E-05   -0.876859E-05
 6.31412   -0.113486E-04   -0.780162E-05   -0.888504E-05
 6.33214   -0.112947E-04   -0.774783E-05   -0.900008E-05
 6.35017   -0.112411E-04   -0.769437E-05   -0.911372E-05
 6.36820   -0.111877E-04   -0.764122E-05   -0.922596E-05
 6.38622   -0.111347E-04   -0.758839E-05   -0.933680E-05
 6.40425   -0.110819E-04   -0.753587E-05   -0.944627E-05
 6.42227   -0.110294E-04   -0.748366E-05   -0.955439E-05
 6.44030   -0.109772E-04   -0.743174E-05   -0.966116E-05
 6.45833   -0.109253E-04   -0.738014E-05   -0.976658E-05
 6.47635   -0.108737E-04   -0.732884E-05   -0.987067E-05
 6.49438   -0.108224E-04   -0.727785E-05   -0.997344E-05
 6.51240   -0.107713E-04   -0.722715E-05   -0.100749E-04
 6.53043   -0.107205E-04   -0.717674E-05   -0.101751E-04
 6.54846   -0.106701E-04   -0.712660E-05   -0.102740E-04
 6.56648   -0.106199E-04   -0.707677E-05   -0.103716E-04
 6.58451   -0.105700E-04   -0.702723E-05   -0.104679E-04
 6.60254   -0.105203E-04   -0.697798E-05   -0.105630E-04
 6.62056   -0.104710E-04   -0.692902E-05   -0.106568E-04
 6.63859   -0.104219E-04   -0.688035E-05   -0.107494E-04
 6.65661   -0.103731E-04   -0.683196E-05   -0.108408E-04
 6.67464   -0.103246E-04   -0.678384E-05   -0.109309E-04
 6.69267   -0.102763E-04   -0.673601E-05   -0.110198E-04
 6.71069   -0.102284E-04   -0.668847E-05   -0.111076E-04
 6.72872   -0.101806E-04   -0.664119E-05   -0.111941E-04
 6.74674   -0.101332E-04   -0.659419E-05   -0.112795E-04
 6.76477   -0.100860E-04   -0.654746E-05   -0.113637E-04
 6.78280   -0.100391E-04   -0.650102E-05   -0.114467E-04
 6.80082   -0.999241E-05   -0.645484E-05   -0.115286E-04
 6.81885   -0.994600E-05   -0.640893E-05   -0.116093E-04
 6.83687   -0.989984E-05   -0.636330E-05   -0.116889E-04
 6.85490   -0.985394E-05   -0.631794E-05   -0.117673E-04
 6.87293   -0.980828E-05   -0.627284E-05   -0.118447E-04
 6.89095   -0.976287E-05   -0.622801E-05   -0.119209E-04
 6.90898   -0.971770E-05   -0.618345E-05   -0.119960E-04
 6.92700   -0.967277E-05   -0.613915E-05   -0.120700E-04
 6.94503   -0.962808E-05   -0.609512E-05   -0.121429E-04
 6.96306   -0.958363E-05   -0.605135E-05   -0.122148E-04
 6.98108   -0.953941E-05   -0.600785E-05   -0.122856E-04
 6.99911   -0.949542E-05   -0.596460E-05   -0.123553E-04
 7.01713   -0.945166E-05   -0.592162E-05   -0.124239E-04
 7.03516   -0.940813E-05   -0.587890E-05   -0.124915E-04
 7.05319   -0.936483E-05   -0.583643E-05   -0.125581E-04
 7.07121   -0.932174E-05   -0.579423E-05   -0.126236E-04
 7.08924   -0.927888E-05   -0.575228E-05   -0.126881E-04
 7.10726   -0.923624E-05   -0.571059E-05   -0.127516E-04
 7.12529   -0.919381E-05   -0.566915E-05   -0.128141E-04
 7.14332   -0.915160E-05   -0.562797E-05   -0.128756E-04
 7.16134   -0.910960E-05   -0.558703E-05   -0.129361E-04
 7.17937   -0.906781E-05   -0.554635E-05   -0.129956E-04
 7.19739   -0.902623E-05   -0.550592E-05   -0.130542E-04
 7.21542   -0.898486E-05   -0.546574E-05   -0.131118E-04
 7.23345   -0.894370E-05   -0.542580E-05   -0.131684E-04
 7.25147   -0.890274E-05   -0.538611E-05   -0.132241E-04
 7.26950   -0.886198E-05   -0.534667E-05   -0.132788E-04
 7.28753   -0.882143E-05   -0.530747E-05   -0.133326E-04
 7.30555   -0.878108E-05   -0.526851E-05   -0.133854E-04
 7.32358   -0.874093E-05   -0.522979E-05   -0.134374E-04
 7.34160   -0.870097E-05   -0.519132E-05   -0.134884E-04
 7.35963   -0.866121E-05   -0.515308E-05   -0.135385E-04
 7.37766   -0.862165E-05   -0.511507E-05   -0.135878E-04
 7.39568   -0.858229E-05   -0.507731E-05   -0.136361E-04
 7.41371   -0.854312E-05   -0.503977E-05   -0.136836E-04
 7.43173   -0.850414E-05   -0.500247E-05   -0.137302E-04
 7.44976   -0.846535E-05   -0.496540E-05   -0.137759E-04
 7.46779   -0.842676E-05   -0.492856E-05   -0.138208E-04
 7.48581   -0.838836E-05   -0.489195E-05   -0.138648E-04
 7.50384   -0.835015E-05   -0.485556E-05   -0.139080E-04
 7.52186   -0.831213E-05   -0.481940E-05   -0.139503E-04
 7.53989   -0.827429E-05   -0.478346E-05   -0.139918E-04
 7.55792   -0.823665E-05   -0.474774E-05   -0.140325E-04
 7.57594   -0.819920E-05   -0.471224E-05   -0.140724E-04
 7.59397   -0.816193E-05   -0.467697E-05   -0.141115E-04
 7.61199   -0.812486E-05   -0.464190E-05   -0.141497E-04
 7.63002   -0.808797E-05   -0.460706E-05   -0.141872E-04
 7.64805   -0.805126E-05   -0.457242E-05   -0.142239E-04
 7.66607   -0.801474E-05   -0.453800E-05   -0.142598E-04
 7.68410   -0.797841E-05   -0.450379E-05   -0.142950E-04
 7.70212   -0.794227E-05   -0.446979E-05   -0.143294E-04
 7.72015   -0.790631E-05   -0.443600E-05   -0.143630E-04
 7.73818   -0.787053E-05   -0.440241E-05   -0.143959E-04
 7.75620   -0.783494E-05   -0.436903E-05   -0.144281E-04
 7.77423   -0.779954E-05   -0.433585E-05   -0.144595E-04
 7.79225   -0.776432E-05   -0.430287E-05   -0.144901E-04
 7.81028   -0.772928E-05   -0.427009E-05   -0.145201E-04
 7.82831   -0.769443E-05   -0.423751E-05   -0.145494E-04
 7.84633   -0.765976E-05   -0.420512E-05   -0.145779E-04
 7.86436   -0.762527E-05   -0.417293E-05   -0.146058E-04
 7.88238   -0.759096E-05   -0.414093E-05   -0.146329E-04
 7.90041   -0.755684E-05   -0.410913E-05   -0.146594E-04
 7.91844   -0.752290E-05   -0.407752E-05   -0.146852E-04
 7.93646   -0.748915E-05   -0.404609E-05   -0.147103E-04
 7.95449   -0.745557E-05   -0.401486E-05   -0.147347E-04
 7.97252   -0.742217E-05   -0.398381E-05   -0.147585E-04
 7.99054   -0.738896E-05   -0.395294E-05   -0.147816E-04
 8.00857   -0.735593E-05   -0.392226E-05   -0.148041E-04
 8.02659   -0.732307E-05   -0.389176E-05   -0.148259E-04
 8.04462   -0.729040E-05   -0.386144E-05   -0.148471E-04
 8.06265   -0.725790E-05   -0.383130E-05   -0.148677E-04
 8.08067   -0.722559E-05   -0.380135E-05   -0.148877E-04
 8.09870   -0.719345E-05   -0.377156E-05   -0.149070E-04
 8.11672   -0.716149E-05   -0.374195E-05   -0.149257E-04
 8.13475   -0.712971E-05   -0.371252E-05   -0.149438E-04
 8.15278   -0.709810E-05   -0.368326E-05   -0.149613E-04
 8.17080   -0.706667E-05   -0.365417E-05   -0.149783E-04
 8.18883   -0.703542E-05   -0.362526E-05   -0.149946E-04
 8.20685   -0.700433E-05   -0.359651E-05   -0.150103E-04
 8.22488   -0.697343E-05   -0.356793E-05   -0.150255E-04
 8.24291   -0.694270E-05   -0.353952E-05   -0.150401E-04
 8.26093   -0.691214E-05   -0.351127E-05   -0.150542E-04
 8.27896   -0.688176E-05   -0.348319E-05   -0.150677E-04
 8.29698   -0.685154E-05   -0.345528E-05   -0.150806E-04
 8.31501   -0.682150E-05   -0.342752E-05   -0.150930E-04
 8.33304   -0.679163E-05   -0.339993E-05   -0.151048E-04
 8.35106   -0.676193E-05   -0.337250E-05   -0.151161E-04
 8.36909   -0.673239E-05   -0.334523E-05   -0.151269E-04
 8.38711   -0.670303E-05   -0.331812E-05   -0.151371E-04
 8.40514   -0.667383E-05   -0.329116E-05   -0.151468E-04
 8.42317   -0.664480E-05   -0.326437E-05   -0.151560E-04
 8.44119   -0.661593E-05   -0.323772E-05   -0.151647E-04
 8.45922   -0.658723E-05   -0.321124E-05   -0.151729E-04
 8.47724   -0.655869E-05   -0.318491E-05   -0.151806E-04
 8.49527   -0.653032E-05   -0.315873E-05   -0.151878E-04
 8.51330   -0.650211E-05   -0.313270E-05   -0.151945E-04
 8.53132   -0.647406E-05   -0.310682E-05   -0.152007E-04
 8.54935   -0.644617E-05   -0.308110E-05   -0.152064E-04
 8.56737   -0.641844E-05   -0.305552E-05   -0.152116E-04
 8.58540   -0.639086E-05   -0.303010E-05   -0.152164E-04
 8.60343   -0.636345E-05   -0.300482E-05   -0.152207E-04
 8.62145   -0.633619E-05   -0.297969E-05   -0.152246E-04
 8.63948   -0.630908E-05   -0.295471E-05   -0.152280E-04
 8.65751   -0.628213E-05   -0.292987E-05   -0.152309E-04
 8.67553   -0.625534E-05   -0.290518E-05   -0.152334E-04
 8.69356   -0.622869E-05   -0.288063E-05   -0.152355E-04
 8.71158   -0.620220E-05   -0.285622E-05   -0.152371E-04
 8.72961   -0.617585E-05   -0.283196E-05   -0.152382E-04
 8.74764   -0.614966E-05   -0.280784E-05   -0.152390E-04
 8.76566   -0.612361E-05   -0.278386E-05   -0.152393E-04
 8.78369   -0.609771E-05   -0.276002E-05   -0.152392E-04
 8.80171   -0.607196E-05   -0.273632E-05   -0.152387E-04
 8.81974   -0.604635E-05   -0.271277E-05   -0.152377E-04
 8.83777   -0.602088E-05   -0.268935E-05   -0.152364E-04
 8.85579   -0.599556E-05   -0.266607E-05   -0.152346E-04
 8.87382   -0.597038E-05   -0.264293E-05   -0.152325E-04
 8.89184   -0.594533E-05   -0.261992E-05   -0.152299E-04
 8.90987   -0.592043E-05   -0.259705E-05   -0.152270E-04
 8.92790   -0.589567E-05   -0.257431E-05   -0.152237E-04
 8.94592   -0.587104E-05   -0.255171E-05   -0.152200E-04
 8.96395   -0.584656E-05   -0.252925E-05   -0.152159E-04
 8.98197   -0.582220E-05   -0.250692E-05   -0.152114E-04
 9.00000   -0.579798E-05   -0.248472E-05   -0.152066E-04
