 0.00500    0.211748E-01   -0.107032E-01    0.807099E-02
 0.02303    0.170138E-01   -0.862270E-02    0.651028E-02
 0.04105    0.146268E-01   -0.742885E-02    0.561438E-02
 0.05908    0.129111E-01   -0.657055E-02    0.496994E-02
 0.07710    0.115736E-01   -0.590125E-02    0.446704E-02
 0.09513    0.104836E-01   -0.535563E-02    0.405677E-02
 0.11316    0.956962E-02   -0.489797E-02    0.371235E-02
 0.13118    0.878793E-02   -0.450634E-02    0.341733E-02
 0.14921    0.810935E-02   -0.416622E-02    0.316082E-02
 0.16723    0.751339E-02   -0.386735E-02    0.293519E-02
 0.18526    0.698515E-02   -0.360229E-02    0.273483E-02
 0.20329    0.651334E-02   -0.336540E-02    0.255554E-02
 0.22131    0.608922E-02   -0.315232E-02    0.239405E-02
 0.23934    0.570590E-02   -0.295960E-02    0.224778E-02
 0.25736    0.535779E-02   -0.278445E-02    0.211464E-02
 0.27539    0.504032E-02   -0.262460E-02    0.199295E-02
 0.29342    0.474976E-02   -0.247818E-02    0.188130E-02
 0.31144    0.448294E-02   -0.234361E-02    0.177851E-02
 0.32947    0.423719E-02   -0.221955E-02    0.168358E-02
 0.34749    0.401022E-02   -0.210487E-02    0.159568E-02
 0.36552    0.380008E-02   -0.199859E-02    0.151407E-02
 0.38355    0.360508E-02   -0.189987E-02    0.143813E-02
 0.40157    0.342376E-02   -0.180798E-02    0.136730E-02
 0.41960    0.325481E-02   -0.172227E-02    0.130111E-02
 0.43763    0.309712E-02   -0.164218E-02    0.123913E-02
 0.45565    0.294968E-02   -0.156721E-02    0.118101E-02
 0.47368    0.281161E-02   -0.149692E-02    0.112640E-02
 0.49170    0.268210E-02   -0.143092E-02    0.107502E-02
 0.50973    0.256047E-02   -0.136884E-02    0.102660E-02
 0.52776    0.244608E-02   -0.131039E-02    0.980911E-03
 0.54578    0.233836E-02   -0.125528E-02    0.937742E-03
 0.56381    0.223680E-02   -0.120325E-02    0.896902E-03
 0.58183    0.214094E-02   -0.115407E-02    0.858221E-03
 0.59986    0.205036E-02   -0.110753E-02    0.821546E-03
 0.61789    0.196469E-02   -0.106345E-02    0.786734E-03
 0.63591    0.188357E-02   -0.102166E-02    0.753659E-03
 0.65394    0.180670E-02   -0.981992E-03    0.722203E-03
 0.67196    0.173378E-02   -0.944309E-03    0.692260E-03
 0.68999    0.166456E-02   -0.908479E-03    0.663733E-03
 0.70802    0.159878E-02   -0.874383E-03    0.636533E-03
 0.72604    0.153624E-02   -0.841910E-03    0.610578E-03
 0.74407    0.147673E-02   -0.810960E-03    0.585792E-03
 0.76209    0.142005E-02   -0.781438E-03    0.562106E-03
 0.78012    0.136605E-02   -0.753260E-03    0.539456E-03
 0.79815    0.131455E-02   -0.726346E-03    0.517783E-03
 0.81617    0.126542E-02   -0.700623E-03    0.497031E-03
 0.83420    0.121850E-02   -0.676022E-03    0.477151E-03
 0.85222    0.117369E-02   -0.652480E-03    0.458095E-03
 0.87025    0.113086E-02   -0.629938E-03    0.439820E-03
 0.88828    0.108990E-02   -0.608342E-03    0.422283E-03
 0.90630    0.105070E-02   -0.587641E-03    0.405447E-03
 0.92433    0.101318E-02   -0.567788E-03    0.389277E-03
 0.94235    0.977246E-03   -0.548739E-03    0.373740E-03
 0.96038    0.942812E-03   -0.530452E-03    0.358805E-03
 0.97841    0.909804E-03   -0.512890E-03    0.344442E-03
 0.99643    0.878148E-03   -0.496016E-03    0.330625E-03
 1.01446    0.847777E-03   -0.479795E-03    0.317328E-03
 1.03248    0.818625E-03   -0.464196E-03    0.304527E-03
 1.05051    0.790635E-03   -0.449190E-03    0.292198E-03
 1.06854    0.763748E-03   -0.434747E-03    0.280322E-03
 1.08656    0.737913E-03   -0.420843E-03    0.268878E-03
 1.10459    0.713082E-03   -0.407452E-03    0.257847E-03
 1.12262    0.689205E-03   -0.394551E-03    0.247212E-03
 1.14064    0.666240E-03   -0.382117E-03    0.236956E-03
 1.15867    0.644145E-03   -0.370130E-03    0.227063E-03
 1.17669    0.622880E-03   -0.358571E-03    0.217517E-03
 1.19472    0.602408E-03   -0.347420E-03    0.208305E-03
 1.21275    0.582694E-03   -0.336660E-03    0.199413E-03
 1.23077    0.563705E-03   -0.326274E-03    0.190829E-03
 1.24880    0.545409E-03   -0.316247E-03    0.182539E-03
 1.26682    0.527777E-03   -0.306564E-03    0.174533E-03
 1.28485    0.510780E-03   -0.297210E-03    0.166800E-03
 1.30288    0.494391E-03   -0.288172E-03    0.159329E-03
 1.32090    0.478585E-03   -0.279437E-03    0.152110E-03
 1.33893    0.463338E-03   -0.270994E-03    0.145135E-03
 1.35695    0.448627E-03   -0.262830E-03    0.138392E-03
 1.37498    0.434431E-03   -0.254935E-03    0.131876E-03
 1.39301    0.420729E-03   -0.247298E-03    0.125576E-03
 1.41103    0.407501E-03   -0.239910E-03    0.119486E-03
 1.42906    0.394728E-03   -0.232761E-03    0.113598E-03
 1.44708    0.382392E-03   -0.225842E-03    0.107905E-03
 1.46511    0.370478E-03   -0.219144E-03    0.102400E-03
 1.48314    0.358968E-03   -0.212660E-03    0.970766E-04
 1.50116    0.347847E-03   -0.206382E-03    0.919286E-04
 1.51919    0.337102E-03   -0.200301E-03    0.869503E-04
 1.53721    0.326717E-03   -0.194413E-03    0.821358E-04
 1.55524    0.316681E-03   -0.188708E-03    0.774801E-04
 1.57327    0.306979E-03   -0.183182E-03    0.729779E-04
 1.59129    0.297602E-03   -0.177829E-03    0.686243E-04
 1.60932    0.288536E-03   -0.172641E-03    0.644146E-04
 1.62734    0.279771E-03   -0.167615E-03    0.603443E-04
 1.64537    0.271298E-03   -0.162744E-03    0.564130E-04
 1.66340    0.263106E-03   -0.158024E-03    0.526051E-04
 1.68142    0.255185E-03   -0.153450E-03    0.489284E-04
 1.69945    0.247528E-03   -0.149017E-03    0.453749E-04
 1.71747    0.240126E-03   -0.144722E-03    0.419414E-04
 1.73550    0.232971E-03   -0.140559E-03    0.386244E-04
 1.75353    0.226056E-03   -0.136526E-03    0.354207E-04
 1.77155    0.219373E-03   -0.132619E-03    0.323272E-04
 1.78958    0.212916E-03   -0.128834E-03    0.293412E-04
 1.80761    0.206680E-03   -0.125168E-03    0.264597E-04
 1.82563    0.200657E-03   -0.121618E-03    0.236804E-04
 1.84366    0.194843E-03   -0.118181E-03    0.210005E-04
 1.86168    0.189232E-03   -0.114855E-03    0.184179E-04
 1.87971    0.183820E-03   -0.111637E-03    0.159304E-04
 1.89774    0.178603E-03   -0.108525E-03    0.135360E-04
 1.91576    0.173576E-03   -0.105516E-03    0.112325E-04
 1.93379    0.168735E-03   -0.102609E-03    0.901810E-05
 1.95181    0.164077E-03   -0.998005E-04    0.689108E-05
 1.96984    0.159598E-03   -0.970901E-04    0.484968E-05
 1.98787    0.155295E-03   -0.944755E-04    0.289229E-05
 2.00589    0.151164E-03   -0.919551E-04    0.101738E-05
 2.02392    0.147203E-03   -0.895271E-04   -0.776672E-06
 2.04194    0.143409E-03   -0.871901E-04   -0.249132E-05
 2.05997    0.139779E-03   -0.849421E-04   -0.412818E-05
 2.07800    0.136309E-03   -0.827820E-04   -0.568862E-05
 2.09602    0.132997E-03   -0.807078E-04   -0.717419E-05
 2.11405    0.129840E-03   -0.787180E-04   -0.858654E-05
 2.13207    0.126835E-03   -0.768108E-04   -0.992719E-05
 2.15010    0.123977E-03   -0.749840E-04   -0.111979E-04
 2.16813    0.121263E-03   -0.732361E-04   -0.124006E-04
 2.18615    0.118689E-03   -0.715644E-04   -0.135370E-04
 2.20418    0.116251E-03   -0.699672E-04   -0.146093E-04
 2.22220    0.113944E-03   -0.684413E-04   -0.156196E-04
 2.24023    0.111763E-03   -0.669843E-04   -0.165703E-04
 2.25826    0.109701E-03   -0.655932E-04   -0.174639E-04
 2.27628    0.107753E-03   -0.642645E-04   -0.183033E-04
 2.29431    0.105912E-03   -0.629951E-04   -0.190913E-04
 2.31233    0.104170E-03   -0.617807E-04   -0.198310E-04
 2.33036    0.102520E-03   -0.606176E-04   -0.205257E-04
 2.34839    0.100953E-03   -0.595013E-04   -0.211791E-04
 2.36641    0.994605E-04   -0.584272E-04   -0.217947E-04
 2.38444    0.980327E-04   -0.573903E-04   -0.223766E-04
 2.40246    0.966597E-04   -0.563859E-04   -0.229288E-04
 2.42049    0.953316E-04   -0.554086E-04   -0.234554E-04
 2.43852    0.940377E-04   -0.544530E-04   -0.239608E-04
 2.45654    0.927671E-04   -0.535135E-04   -0.244493E-04
 2.47457    0.915090E-04   -0.525845E-04   -0.249255E-04
 2.49260    0.902521E-04   -0.516602E-04   -0.253938E-04
 2.51062    0.889856E-04   -0.507354E-04   -0.258586E-04
 2.52865    0.876987E-04   -0.498044E-04   -0.263244E-04
 2.54667    0.863805E-04   -0.488616E-04   -0.267953E-04
 2.56470    0.850210E-04   -0.479019E-04   -0.272756E-04
 2.58273    0.836103E-04   -0.469203E-04   -0.277692E-04
 2.60075    0.821393E-04   -0.459121E-04   -0.282797E-04
 2.61878    0.805993E-04   -0.448731E-04   -0.288106E-04
 2.63680    0.789829E-04   -0.437991E-04   -0.293653E-04
 2.65483    0.772832E-04   -0.426868E-04   -0.299461E-04
 2.67286    0.754942E-04   -0.415331E-04   -0.305558E-04
 2.69088    0.736114E-04   -0.403357E-04   -0.311963E-04
 2.70891    0.716308E-04   -0.390925E-04   -0.318691E-04
 2.72693    0.695498E-04   -0.378021E-04   -0.325754E-04
 2.74496    0.673670E-04   -0.364639E-04   -0.333159E-04
 2.76299    0.650818E-04   -0.350773E-04   -0.340911E-04
 2.78101    0.626949E-04   -0.336431E-04   -0.349006E-04
 2.79904    0.602087E-04   -0.321617E-04   -0.357440E-04
 2.81706    0.576257E-04   -0.306350E-04   -0.366201E-04
 2.83509    0.549506E-04   -0.290649E-04   -0.375275E-04
 2.85312    0.521881E-04   -0.274539E-04   -0.384645E-04
 2.87114    0.493436E-04   -0.258047E-04   -0.394289E-04
 2.88917    0.464245E-04   -0.241235E-04   -0.404183E-04
 2.90719    0.434378E-04   -0.224087E-04   -0.414300E-04
 2.92522    0.403917E-04   -0.206639E-04   -0.424610E-04
 2.94325    0.372945E-04   -0.188992E-04   -0.435081E-04
 2.96127    0.341553E-04   -0.171162E-04   -0.445681E-04
 2.97930    0.309839E-04   -0.153194E-04   -0.456374E-04
 2.99732    0.277890E-04   -0.135139E-04   -0.467125E-04
 3.01535    0.245803E-04   -0.117040E-04   -0.477899E-04
 3.03338    0.213675E-04   -0.989463E-05   -0.488660E-04
 3.05140    0.181597E-04   -0.809055E-05   -0.499374E-04
 3.06943    0.149661E-04   -0.629650E-05   -0.510005E-04
 3.08745    0.117956E-04   -0.451661E-05   -0.520523E-04
 3.10548    0.865681E-05   -0.275512E-05   -0.530890E-04
 3.12351    0.555767E-05   -0.101628E-05   -0.541082E-04
 3.14153    0.250592E-05    0.696240E-06   -0.551068E-04
 3.15956   -0.491311E-06    0.237886E-05   -0.560820E-04
 3.17759   -0.342748E-05    0.402819E-05   -0.570314E-04
 3.19561   -0.629669E-05    0.564129E-05   -0.579529E-04
 3.21364   -0.909354E-05    0.721548E-05   -0.588443E-04
 3.23166   -0.118134E-04    0.874845E-05   -0.597039E-04
 3.24969   -0.144521E-04    0.102381E-04   -0.605302E-04
 3.26772   -0.170061E-04    0.116828E-04   -0.613219E-04
 3.28574   -0.194725E-04    0.130808E-04   -0.620780E-04
 3.30377   -0.218489E-04    0.144323E-04   -0.627972E-04
 3.32179   -0.241334E-04    0.157329E-04   -0.634792E-04
 3.33982   -0.263247E-04    0.169853E-04   -0.641235E-04
 3.35785   -0.284222E-04    0.181881E-04   -0.647297E-04
 3.37587   -0.304254E-04    0.193410E-04   -0.652978E-04
 3.39390   -0.323346E-04    0.204443E-04   -0.658278E-04
 3.41192   -0.341502E-04    0.214981E-04   -0.663200E-04
 3.42995   -0.358734E-04    0.225030E-04   -0.667748E-04
 3.44798   -0.375051E-04    0.234595E-04   -0.671926E-04
 3.46600   -0.390469E-04    0.243684E-04   -0.675740E-04
 3.48403   -0.405005E-04    0.252306E-04   -0.679197E-04
 3.50205   -0.418678E-04    0.260471E-04   -0.682305E-04
 3.52008   -0.431512E-04    0.268190E-04   -0.685073E-04
 3.53811   -0.443528E-04    0.275475E-04   -0.687509E-04
 3.55613   -0.454753E-04    0.282339E-04   -0.689625E-04
 3.57416   -0.465211E-04    0.288794E-04   -0.691428E-04
 3.59218   -0.474930E-04    0.294855E-04   -0.692930E-04
 3.61021   -0.483937E-04    0.300535E-04   -0.694143E-04
 3.62824   -0.492259E-04    0.305848E-04   -0.695075E-04
 3.64626   -0.499923E-04    0.310808E-04   -0.695740E-04
 3.66429   -0.506958E-04    0.315429E-04   -0.696147E-04
 3.68231   -0.513390E-04    0.319724E-04   -0.696307E-04
 3.70034   -0.519246E-04    0.323710E-04   -0.696231E-04
 3.71837   -0.524554E-04    0.327397E-04   -0.695930E-04
 3.73639   -0.529340E-04    0.330801E-04   -0.695412E-04
 3.75442   -0.533630E-04    0.333934E-04   -0.694692E-04
 3.77244   -0.537448E-04    0.336808E-04   -0.693776E-04
 3.79047   -0.540819E-04    0.339437E-04   -0.692674E-04
 3.80850   -0.543766E-04    0.341833E-04   -0.691398E-04
 3.82652   -0.546313E-04    0.344007E-04   -0.689955E-04
 3.84455   -0.548480E-04    0.345970E-04   -0.688354E-04
 3.86258   -0.550289E-04    0.347733E-04   -0.686604E-04
 3.88060   -0.551762E-04    0.349307E-04   -0.684713E-04
 3.89863   -0.552915E-04    0.350701E-04   -0.682689E-04
 3.91665   -0.553768E-04    0.351925E-04   -0.680538E-04
 3.93468   -0.554339E-04    0.352988E-04   -0.678268E-04
 3.95271   -0.554645E-04    0.353899E-04   -0.675887E-04
 3.97073   -0.554700E-04    0.354666E-04   -0.673403E-04
 3.98876   -0.554522E-04    0.355298E-04   -0.670818E-04
 4.00678   -0.554124E-04    0.355801E-04   -0.668139E-04
 4.02481   -0.553520E-04    0.356182E-04   -0.665374E-04
 4.04284   -0.552724E-04    0.356449E-04   -0.662528E-04
 4.06086   -0.551746E-04    0.356608E-04   -0.659605E-04
 4.07889   -0.550599E-04    0.356665E-04   -0.656610E-04
 4.09691   -0.549294E-04    0.356626E-04   -0.653547E-04
 4.11494   -0.547842E-04    0.356496E-04   -0.650424E-04
 4.13297   -0.546251E-04    0.356280E-04   -0.647240E-04
 4.15099   -0.544531E-04    0.355984E-04   -0.644002E-04
 4.16902   -0.542692E-04    0.355612E-04   -0.640714E-04
 4.18704   -0.540740E-04    0.355168E-04   -0.637378E-04
 4.20507   -0.538685E-04    0.354656E-04   -0.633998E-04
 4.22310   -0.536534E-04    0.354081E-04   -0.630578E-04
 4.24112   -0.534292E-04    0.353446E-04   -0.627121E-04
 4.25915   -0.531967E-04    0.352755E-04   -0.623629E-04
 4.27717   -0.529566E-04    0.352010E-04   -0.620105E-04
 4.29520   -0.527093E-04    0.351216E-04   -0.616552E-04
 4.31323   -0.524554E-04    0.350374E-04   -0.612971E-04
 4.33125   -0.521954E-04    0.349489E-04   -0.609366E-04
 4.34928   -0.519298E-04    0.348562E-04   -0.605738E-04
 4.36730   -0.516591E-04    0.347596E-04   -0.602090E-04
 4.38533   -0.513837E-04    0.346593E-04   -0.598423E-04
 4.40336   -0.511041E-04    0.345556E-04   -0.594740E-04
 4.42138   -0.508205E-04    0.344487E-04   -0.591041E-04
 4.43941   -0.505334E-04    0.343388E-04   -0.587330E-04
 4.45743   -0.502430E-04    0.342261E-04   -0.583607E-04
 4.47546   -0.499498E-04    0.341107E-04   -0.579874E-04
 4.49349   -0.496539E-04    0.339928E-04   -0.576134E-04
 4.51151   -0.493558E-04    0.338727E-04   -0.572387E-04
 4.52954   -0.490556E-04    0.337503E-04   -0.568635E-04
 4.54757   -0.487536E-04    0.336260E-04   -0.564880E-04
 4.56559   -0.484501E-04    0.334998E-04   -0.561123E-04
 4.58362   -0.481453E-04    0.333719E-04   -0.557365E-04
 4.60164   -0.478393E-04    0.332423E-04   -0.553609E-04
 4.61967   -0.475325E-04    0.331113E-04   -0.549854E-04
 4.63770   -0.472249E-04    0.329789E-04   -0.546103E-04
 4.65572   -0.469167E-04    0.328452E-04   -0.542357E-04
 4.67375   -0.466082E-04    0.327104E-04   -0.538615E-04
 4.69177   -0.462995E-04    0.325744E-04   -0.534881E-04
 4.70980   -0.459907E-04    0.324376E-04   -0.531154E-04
 4.72783   -0.456820E-04    0.322998E-04   -0.527434E-04
 4.74585   -0.453734E-04    0.321612E-04   -0.523724E-04
 4.76388   -0.450653E-04    0.320219E-04   -0.520023E-04
 4.78190   -0.447575E-04    0.318819E-04   -0.516331E-04
 4.79993   -0.444504E-04    0.317414E-04   -0.512650E-04
 4.81796   -0.441439E-04    0.316004E-04   -0.508980E-04
 4.83598   -0.438383E-04    0.314590E-04   -0.505320E-04
 4.85401   -0.435335E-04    0.313172E-04   -0.501672E-04
 4.87203   -0.432297E-04    0.311751E-04   -0.498035E-04
 4.89006   -0.429270E-04    0.310328E-04   -0.494410E-04
 4.90809   -0.426255E-04    0.308903E-04   -0.490798E-04
 4.92611   -0.423252E-04    0.307477E-04   -0.487197E-04
 4.94414   -0.420263E-04    0.306050E-04   -0.483610E-04
 4.96216   -0.417288E-04    0.304623E-04   -0.480035E-04
 4.98019   -0.414327E-04    0.303196E-04   -0.476474E-04
 4.99822   -0.411383E-04    0.301771E-04   -0.472926E-04
 5.01624   -0.408454E-04    0.300346E-04   -0.469393E-04
 5.03427   -0.405542E-04    0.298924E-04   -0.465873E-04
 5.05229   -0.402648E-04    0.297504E-04   -0.462369E-04
 5.07032   -0.399772E-04    0.296086E-04   -0.458879E-04
 5.08835   -0.396914E-04    0.294672E-04   -0.455406E-04
 5.10637   -0.394076E-04    0.293261E-04   -0.451948E-04
 5.12440   -0.391257E-04    0.291853E-04   -0.448506E-04
 5.14242   -0.388458E-04    0.290450E-04   -0.445081E-04
 5.16045   -0.385679E-04    0.289051E-04   -0.441673E-04
 5.17848   -0.382920E-04    0.287657E-04   -0.438283E-04
 5.19650   -0.380183E-04    0.286268E-04   -0.434910E-04
 5.21453   -0.377467E-04    0.284884E-04   -0.431555E-04
 5.23256   -0.374773E-04    0.283506E-04   -0.428218E-04
 5.25058   -0.372100E-04    0.282133E-04   -0.424900E-04
 5.26861   -0.369449E-04    0.280767E-04   -0.421600E-04
 5.28663   -0.366820E-04    0.279406E-04   -0.418319E-04
 5.30466   -0.364213E-04    0.278051E-04   -0.415056E-04
 5.32269   -0.361628E-04    0.276703E-04   -0.411813E-04
 5.34071   -0.359065E-04    0.275361E-04   -0.408588E-04
 5.35874   -0.356524E-04    0.274025E-04   -0.405383E-04
 5.37676   -0.354005E-04    0.272696E-04   -0.402196E-04
 5.39479   -0.351508E-04    0.271373E-04   -0.399029E-04
 5.41282   -0.349031E-04    0.270057E-04   -0.395880E-04
 5.43084   -0.346577E-04    0.268747E-04   -0.392750E-04
 5.44887   -0.344143E-04    0.267443E-04   -0.389640E-04
 5.46689   -0.341730E-04    0.266146E-04   -0.386548E-04
 5.48492   -0.339337E-04    0.264856E-04   -0.383475E-04
 5.50295   -0.336965E-04    0.263571E-04   -0.380420E-04
 5.52097   -0.334612E-04    0.262293E-04   -0.377384E-04
 5.53900   -0.332279E-04    0.261021E-04   -0.374367E-04
 5.55702   -0.329965E-04    0.259754E-04   -0.371368E-04
 5.57505   -0.327670E-04    0.258494E-04   -0.368387E-04
 5.59308   -0.325393E-04    0.257239E-04   -0.365424E-04
 5.61110   -0.323133E-04    0.255989E-04   -0.362480E-04
 5.62913   -0.320891E-04    0.254745E-04   -0.359553E-04
 5.64715   -0.318666E-04    0.253506E-04   -0.356643E-04
 5.66518   -0.316457E-04    0.252272E-04   -0.353751E-04
 5.68321   -0.314264E-04    0.251043E-04   -0.350877E-04
 5.70123   -0.312087E-04    0.249819E-04   -0.348020E-04
 5.71926   -0.309924E-04    0.248599E-04   -0.345180E-04
 5.73728   -0.307777E-04    0.247384E-04   -0.342356E-04
 5.75531   -0.305643E-04    0.246173E-04   -0.339550E-04
 5.77334   -0.303524E-04    0.244966E-04   -0.336760E-04
 5.79136   -0.301418E-04    0.243763E-04   -0.333986E-04
 5.80939   -0.299325E-04    0.242565E-04   -0.331229E-04
 5.82741   -0.297245E-04    0.241370E-04   -0.328488E-04
 5.84544   -0.295178E-04    0.240178E-04   -0.325763E-04
 5.86347   -0.293123E-04    0.238991E-04   -0.323055E-04
 5.88149   -0.291079E-04    0.237807E-04   -0.320361E-04
 5.89952   -0.289048E-04    0.236626E-04   -0.317684E-04
 5.91755   -0.287028E-04    0.235449E-04   -0.315023E-04
 5.93557   -0.285019E-04    0.234275E-04   -0.312377E-04
 5.95360   -0.283022E-04    0.233105E-04   -0.309746E-04
 5.97162   -0.281035E-04    0.231938E-04   -0.307131E-04
 5.98965   -0.279060E-04    0.230774E-04   -0.304531E-04
 6.00768   -0.277095E-04    0.229614E-04   -0.301947E-04
 6.02570   -0.275141E-04    0.228457E-04   -0.299378E-04
 6.04373   -0.273198E-04    0.227303E-04   -0.296824E-04
 6.06175   -0.271265E-04    0.226153E-04   -0.294285E-04
 6.07978   -0.269343E-04    0.225007E-04   -0.291761E-04
 6.09781   -0.267431E-04    0.223865E-04   -0.289253E-04
 6.11583   -0.265530E-04    0.222724E-04   -0.286759E-04
 6.13386   -0.263639E-04    0.221588E-04   -0.284281E-04
 6.15188   -0.261760E-04    0.220455E-04   -0.281818E-04
 6.16991   -0.259891E-04    0.219327E-04   -0.279370E-04
 6.18794   -0.258033E-04    0.218202E-04   -0.276937E-04
 6.20596   -0.256185E-04    0.217081E-04   -0.274519E-04
 6.22399   -0.254349E-04    0.215964E-04   -0.272116E-04
 6.24201   -0.252523E-04    0.214851E-04   -0.269728E-04
 6.26004   -0.250709E-04    0.213742E-04   -0.267356E-04
 6.27807   -0.248906E-04    0.212637E-04   -0.264998E-04
 6.29609   -0.247114E-04    0.211537E-04   -0.262656E-04
 6.31412   -0.245333E-04    0.210441E-04   -0.260328E-04
 6.33214   -0.243564E-04    0.209349E-04   -0.258016E-04
 6.35017   -0.241806E-04    0.208262E-04   -0.255719E-04
 6.36820   -0.240060E-04    0.207180E-04   -0.253437E-04
 6.38622   -0.238325E-04    0.206102E-04   -0.251169E-04
 6.40425   -0.236602E-04    0.205028E-04   -0.248917E-04
 6.42227   -0.234891E-04    0.203960E-04   -0.246680E-04
 6.44030   -0.233191E-04    0.202897E-04   -0.244458E-04
 6.45833   -0.231504E-04    0.201838E-04   -0.242251E-04
 6.47635   -0.229828E-04    0.200784E-04   -0.240059E-04
 6.49438   -0.228165E-04    0.199736E-04   -0.237882E-04
 6.51240   -0.226513E-04    0.198692E-04   -0.235720E-04
 6.53043   -0.224873E-04    0.197654E-04   -0.233573E-04
 6.54846   -0.223246E-04    0.196621E-04   -0.231441E-04
 6.56648   -0.221630E-04    0.195593E-04   -0.229324E-04
 6.58451   -0.220027E-04    0.194570E-04   -0.227221E-04
 6.60254   -0.218436E-04    0.193553E-04   -0.225134E-04
 6.62056   -0.216857E-04    0.192542E-04   -0.223061E-04
 6.63859   -0.215290E-04    0.191534E-04   -0.221003E-04
 6.65661   -0.213735E-04    0.190533E-04   -0.218959E-04
 6.67464   -0.212192E-04    0.189537E-04   -0.216931E-04
 6.69267   -0.210662E-04    0.188547E-04   -0.214916E-04
 6.71069   -0.209144E-04    0.187562E-04   -0.212917E-04
 6.72872   -0.207637E-04    0.186582E-04   -0.210932E-04
 6.74674   -0.206143E-04    0.185609E-04   -0.208961E-04
 6.76477   -0.204661E-04    0.184640E-04   -0.207005E-04
 6.78280   -0.203191E-04    0.183677E-04   -0.205063E-04
 6.80082   -0.201733E-04    0.182720E-04   -0.203136E-04
 6.81885   -0.200288E-04    0.181768E-04   -0.201223E-04
 6.83687   -0.198854E-04    0.180822E-04   -0.199325E-04
 6.85490   -0.197432E-04    0.179881E-04   -0.197439E-04
 6.87293   -0.196022E-04    0.178946E-04   -0.195568E-04
 6.89095   -0.194623E-04    0.178017E-04   -0.193711E-04
 6.90898   -0.193237E-04    0.177093E-04   -0.191869E-04
 6.92700   -0.191862E-04    0.176175E-04   -0.190040E-04
 6.94503   -0.190500E-04    0.175262E-04   -0.188225E-04
 6.96306   -0.189148E-04    0.174355E-04   -0.186424E-04
 6.98108   -0.187809E-04    0.173454E-04   -0.184637E-04
 6.99911   -0.186481E-04    0.172558E-04   -0.182863E-04
 7.01713   -0.185165E-04    0.171667E-04   -0.181103E-04
 7.03516   -0.183860E-04    0.170782E-04   -0.179356E-04
 7.05319   -0.182566E-04    0.169903E-04   -0.177623E-04
 7.07121   -0.181284E-04    0.169029E-04   -0.175903E-04
 7.08924   -0.180013E-04    0.168161E-04   -0.174197E-04
 7.10726   -0.178754E-04    0.167298E-04   -0.172504E-04
 7.12529   -0.177505E-04    0.166441E-04   -0.170824E-04
 7.14332   -0.176268E-04    0.165589E-04   -0.169157E-04
 7.16134   -0.175042E-04    0.164742E-04   -0.167503E-04
 7.17937   -0.173826E-04    0.163901E-04   -0.165862E-04
 7.19739   -0.172621E-04    0.163066E-04   -0.164234E-04
 7.21542   -0.171427E-04    0.162235E-04   -0.162618E-04
 7.23345   -0.170244E-04    0.161410E-04   -0.161016E-04
 7.25147   -0.169071E-04    0.160591E-04   -0.159426E-04
 7.26950   -0.167909E-04    0.159776E-04   -0.157848E-04
 7.28753   -0.166757E-04    0.158968E-04   -0.156283E-04
 7.30555   -0.165615E-04    0.158163E-04   -0.154731E-04
 7.32358   -0.164484E-04    0.157364E-04   -0.153190E-04
 7.34160   -0.163363E-04    0.156570E-04   -0.151662E-04
 7.35963   -0.162251E-04    0.155782E-04   -0.150146E-04
 7.37766   -0.161150E-04    0.154998E-04   -0.148643E-04
 7.39568   -0.160058E-04    0.154220E-04   -0.147151E-04
 7.41371   -0.158976E-04    0.153446E-04   -0.145671E-04
 7.43173   -0.157904E-04    0.152678E-04   -0.144202E-04
 7.44976   -0.156841E-04    0.151914E-04   -0.142746E-04
 7.46779   -0.155788E-04    0.151155E-04   -0.141301E-04
 7.48581   -0.154744E-04    0.150401E-04   -0.139868E-04
 7.50384   -0.153709E-04    0.149652E-04   -0.138446E-04
 7.52186   -0.152683E-04    0.148908E-04   -0.137035E-04
 7.53989   -0.151666E-04    0.148168E-04   -0.135636E-04
 7.55792   -0.150659E-04    0.147433E-04   -0.134248E-04
 7.57594   -0.149660E-04    0.146703E-04   -0.132871E-04
 7.59397   -0.148669E-04    0.145977E-04   -0.131505E-04
 7.61199   -0.147688E-04    0.145256E-04   -0.130150E-04
 7.63002   -0.146715E-04    0.144539E-04   -0.128807E-04
 7.64805   -0.145751E-04    0.143828E-04   -0.127473E-04
 7.66607   -0.144795E-04    0.143120E-04   -0.126151E-04
 7.68410   -0.143847E-04    0.142417E-04   -0.124839E-04
 7.70212   -0.142908E-04    0.141718E-04   -0.123538E-04
 7.72015   -0.141976E-04    0.141024E-04   -0.122247E-04
 7.73818   -0.141053E-04    0.140334E-04   -0.120967E-04
 7.75620   -0.140138E-04    0.139649E-04   -0.119697E-04
 7.77423   -0.139230E-04    0.138967E-04   -0.118438E-04
 7.79225   -0.138331E-04    0.138290E-04   -0.117188E-04
 7.81028   -0.137439E-04    0.137617E-04   -0.115949E-04
 7.82831   -0.136555E-04    0.136949E-04   -0.114719E-04
 7.84633   -0.135678E-04    0.136284E-04   -0.113500E-04
 7.86436   -0.134809E-04    0.135624E-04   -0.112291E-04
 7.88238   -0.133947E-04    0.134968E-04   -0.111091E-04
 7.90041   -0.133093E-04    0.134315E-04   -0.109901E-04
 7.91844   -0.132246E-04    0.133667E-04   -0.108721E-04
 7.93646   -0.131406E-04    0.133023E-04   -0.107550E-04
 7.95449   -0.130573E-04    0.132383E-04   -0.106394E-04
 7.97252   -0.129747E-04    0.131746E-04   -0.105242E-04
 7.99054   -0.128929E-04    0.131114E-04   -0.104100E-04
 8.00857   -0.128117E-04    0.130485E-04   -0.102967E-04
 8.02659   -0.127312E-04    0.129861E-04   -0.101843E-04
 8.04462   -0.126513E-04    0.129240E-04   -0.100728E-04
 8.06265   -0.125722E-04    0.128623E-04   -0.996229E-05
 8.08067   -0.124937E-04    0.128009E-04   -0.985216E-05
 8.09870   -0.124158E-04    0.127400E-04   -0.974341E-05
 8.11672   -0.123386E-04    0.126794E-04   -0.963555E-05
 8.13475   -0.122621E-04    0.126192E-04   -0.952857E-05
 8.15278   -0.121862E-04    0.125593E-04   -0.942247E-05
 8.17080   -0.121109E-04    0.124998E-04   -0.931724E-05
 8.18883   -0.120362E-04    0.124407E-04   -0.921288E-05
 8.20685   -0.119622E-04    0.123819E-04   -0.910937E-05
 8.22488   -0.118888E-04    0.123235E-04   -0.900672E-05
 8.24291   -0.118160E-04    0.122654E-04   -0.890491E-05
 8.26093   -0.117438E-04    0.122077E-04   -0.880390E-05
 8.27896   -0.116722E-04    0.121504E-04   -0.870376E-05
 8.29698   -0.116011E-04    0.120934E-04   -0.860445E-05
 8.31501   -0.115307E-04    0.120367E-04   -0.850595E-05
 8.33304   -0.114608E-04    0.119804E-04   -0.840827E-05
 8.35106   -0.113916E-04    0.119244E-04   -0.831140E-05
 8.36909   -0.113229E-04    0.118687E-04   -0.821533E-05
 8.38711   -0.112547E-04    0.118134E-04   -0.812006E-05
 8.40514   -0.111871E-04    0.117584E-04   -0.802557E-05
 8.42317   -0.111201E-04    0.117037E-04   -0.793187E-05
 8.44119   -0.110536E-04    0.116494E-04   -0.783895E-05
 8.45922   -0.109876E-04    0.115954E-04   -0.774679E-05
 8.47724   -0.109222E-04    0.115417E-04   -0.765540E-05
 8.49527   -0.108573E-04    0.114883E-04   -0.756477E-05
 8.51330   -0.107930E-04    0.114353E-04   -0.747489E-05
 8.53132   -0.107291E-04    0.113825E-04   -0.738575E-05
 8.54935   -0.106658E-04    0.113301E-04   -0.729735E-05
 8.56737   -0.106029E-04    0.112779E-04   -0.720969E-05
 8.58540   -0.105405E-04    0.112261E-04   -0.712275E-05
 8.60343   -0.104787E-04    0.111746E-04   -0.703653E-05
 8.62145   -0.104173E-04    0.111233E-04   -0.695102E-05
 8.63948   -0.103564E-04    0.110724E-04   -0.686622E-05
 8.65751   -0.102959E-04    0.110217E-04   -0.678212E-05
 8.67553   -0.102359E-04    0.109714E-04   -0.669872E-05
 8.69356   -0.101763E-04    0.109213E-04   -0.661600E-05
 8.71158   -0.101172E-04    0.108714E-04   -0.653396E-05
 8.72961   -0.100585E-04    0.108219E-04   -0.645259E-05
 8.74764   -0.100003E-04    0.107726E-04   -0.637190E-05
 8.76566   -0.994248E-05    0.107236E-04   -0.629186E-05
 8.78369   -0.988507E-05    0.106749E-04   -0.621248E-05
 8.80171   -0.982807E-05    0.106264E-04   -0.613376E-05
 8.81974   -0.977147E-05    0.105782E-04   -0.605567E-05
 8.83777   -0.971528E-05    0.105303E-04   -0.597823E-05
 8.85579   -0.965947E-05    0.104825E-04   -0.590141E-05
 8.87382   -0.960405E-05    0.104351E-04   -0.582523E-05
 8.89184   -0.954901E-05    0.103879E-04   -0.574967E-05
 8.90987   -0.949434E-05    0.103409E-04   -0.567472E-05
 8.92790   -0.944005E-05    0.102942E-04   -0.560038E-05
 8.94592   -0.938613E-05    0.102477E-04   -0.552665E-05
 8.96395   -0.933257E-05    0.102015E-04   -0.545352E-05
 8.98197   -0.927937E-05    0.101555E-04   -0.538098E-05
 9.00000   -0.922652E-05    0.101097E-04   -0.530904E-05
