 0.00500    0.404679E-01   -0.200091E-01    0.147040E-01
 0.02303    0.327621E-01   -0.161567E-01    0.118145E-01
 0.04105    0.283047E-01   -0.139278E-01    0.101430E-01
 0.05908    0.250841E-01   -0.123176E-01    0.893556E-02
 0.07710    0.225631E-01   -0.110572E-01    0.799050E-02
 0.09513    0.205015E-01   -0.100265E-01    0.721787E-02
 0.11316    0.187675E-01   -0.915969E-02    0.656817E-02
 0.13118    0.172800E-01   -0.841613E-02    0.601036E-02
 0.14921    0.159851E-01   -0.776891E-02    0.552607E-02
 0.16723    0.148451E-01   -0.719917E-02    0.509933E-02
 0.18526    0.138321E-01   -0.669292E-02    0.472028E-02
 0.20329    0.129252E-01   -0.623975E-02    0.438109E-02
 0.22131    0.121081E-01   -0.583152E-02    0.407565E-02
 0.23934    0.113681E-01   -0.546180E-02    0.379913E-02
 0.25736    0.106946E-01   -0.512540E-02    0.354766E-02
 0.27539    0.100792E-01   -0.481806E-02    0.331803E-02
 0.29342    0.951480E-02   -0.453624E-02    0.310759E-02
 0.31144    0.899558E-02   -0.427702E-02    0.291414E-02
 0.32947    0.851651E-02   -0.403788E-02    0.273579E-02
 0.34749    0.807329E-02   -0.381669E-02    0.257094E-02
 0.36552    0.766223E-02   -0.361161E-02    0.241822E-02
 0.38355    0.728018E-02   -0.342104E-02    0.227642E-02
 0.40157    0.692436E-02   -0.324360E-02    0.214450E-02
 0.41960    0.659234E-02   -0.307807E-02    0.202156E-02
 0.43763    0.628198E-02   -0.292339E-02    0.190679E-02
 0.45565    0.599138E-02   -0.277860E-02    0.179947E-02
 0.47368    0.571888E-02   -0.264287E-02    0.169898E-02
 0.49170    0.546296E-02   -0.251545E-02    0.160476E-02
 0.50973    0.522229E-02   -0.239567E-02    0.151629E-02
 0.52776    0.499566E-02   -0.228292E-02    0.143313E-02
 0.54578    0.478200E-02   -0.217667E-02    0.135487E-02
 0.56381    0.458034E-02   -0.207642E-02    0.128115E-02
 0.58183    0.438977E-02   -0.198174E-02    0.121162E-02
 0.59986    0.420951E-02   -0.189221E-02    0.114599E-02
 0.61789    0.403882E-02   -0.180749E-02    0.108399E-02
 0.63591    0.387705E-02   -0.172723E-02    0.102536E-02
 0.65394    0.372359E-02   -0.165114E-02    0.969875E-03
 0.67196    0.357788E-02   -0.157893E-02    0.917331E-03
 0.68999    0.343942E-02   -0.151036E-02    0.867532E-03
 0.70802    0.330774E-02   -0.144519E-02    0.820308E-03
 0.72604    0.318241E-02   -0.138320E-02    0.775488E-03
 0.74407    0.306305E-02   -0.132421E-02    0.732929E-03
 0.76209    0.294928E-02   -0.126802E-02    0.692494E-03
 0.78012    0.284077E-02   -0.121446E-02    0.654054E-03
 0.79815    0.273721E-02   -0.116339E-02    0.617494E-03
 0.81617    0.263831E-02   -0.111466E-02    0.582701E-03
 0.83420    0.254381E-02   -0.106814E-02    0.549580E-03
 0.85222    0.245347E-02   -0.102370E-02    0.518036E-03
 0.87025    0.236704E-02   -0.981224E-03    0.487983E-03
 0.88828    0.228432E-02   -0.940611E-03    0.459335E-03
 0.90630    0.220511E-02   -0.901757E-03    0.432019E-03
 0.92433    0.212922E-02   -0.864569E-03    0.405964E-03
 0.94235    0.205648E-02   -0.828962E-03    0.381104E-03
 0.96038    0.198672E-02   -0.794852E-03    0.357377E-03
 0.97841    0.191979E-02   -0.762165E-03    0.334723E-03
 0.99643    0.185556E-02   -0.730829E-03    0.313093E-03
 1.01446    0.179388E-02   -0.700777E-03    0.292434E-03
 1.03248    0.173464E-02   -0.671947E-03    0.272698E-03
 1.05051    0.167771E-02   -0.644279E-03    0.253840E-03
 1.06854    0.162299E-02   -0.617718E-03    0.235818E-03
 1.08656    0.157036E-02   -0.592211E-03    0.218592E-03
 1.10459    0.151974E-02   -0.567709E-03    0.202124E-03
 1.12262    0.147103E-02   -0.544165E-03    0.186379E-03
 1.14064    0.142414E-02   -0.521537E-03    0.171324E-03
 1.15867    0.137899E-02   -0.499783E-03    0.156926E-03
 1.17669    0.133550E-02   -0.478857E-03    0.143158E-03
 1.19472    0.129361E-02   -0.458736E-03    0.129990E-03
 1.21275    0.125323E-02   -0.439381E-03    0.117397E-03
 1.23077    0.121431E-02   -0.420754E-03    0.105352E-03
 1.24880    0.117678E-02   -0.402823E-03    0.938310E-04
 1.26682    0.114059E-02   -0.385567E-03    0.828126E-04
 1.28485    0.110567E-02   -0.368949E-03    0.722742E-04
 1.30288    0.107198E-02   -0.352946E-03    0.621961E-04
 1.32090    0.103946E-02   -0.337530E-03    0.525581E-04
 1.33893    0.100807E-02   -0.322680E-03    0.433426E-04
 1.35695    0.977751E-03   -0.308372E-03    0.345311E-04
 1.37498    0.948474E-03   -0.294583E-03    0.261073E-04
 1.39301    0.920191E-03   -0.281294E-03    0.180549E-04
 1.41103    0.892865E-03   -0.268484E-03    0.103599E-04
 1.42906    0.866459E-03   -0.256135E-03    0.300637E-05
 1.44708    0.840936E-03   -0.244230E-03   -0.401839E-05
 1.46511    0.816262E-03   -0.232750E-03   -0.107278E-04
 1.48314    0.792407E-03   -0.221680E-03   -0.171341E-04
 1.50116    0.769338E-03   -0.211004E-03   -0.232498E-04
 1.51919    0.747025E-03   -0.200707E-03   -0.290863E-04
 1.53721    0.725442E-03   -0.190776E-03   -0.346539E-04
 1.55524    0.704562E-03   -0.181196E-03   -0.399633E-04
 1.57327    0.684360E-03   -0.171955E-03   -0.450242E-04
 1.59129    0.664809E-03   -0.163041E-03   -0.498462E-04
 1.60932    0.645890E-03   -0.154442E-03   -0.544381E-04
 1.62734    0.627577E-03   -0.146147E-03   -0.588085E-04
 1.64537    0.609852E-03   -0.138146E-03   -0.629657E-04
 1.66340    0.592694E-03   -0.130427E-03   -0.669176E-04
 1.68142    0.576083E-03   -0.122982E-03   -0.706714E-04
 1.69945    0.560001E-03   -0.115800E-03   -0.742344E-04
 1.71747    0.544429E-03   -0.108875E-03   -0.776134E-04
 1.73550    0.529352E-03   -0.102196E-03   -0.808149E-04
 1.75353    0.514754E-03   -0.957557E-04   -0.838451E-04
 1.77155    0.500619E-03   -0.895470E-04   -0.867099E-04
 1.78958    0.486934E-03   -0.835621E-04   -0.894146E-04
 1.80761    0.473684E-03   -0.777940E-04   -0.919650E-04
 1.82563    0.460857E-03   -0.722363E-04   -0.943659E-04
 1.84366    0.448439E-03   -0.668833E-04   -0.966222E-04
 1.86168    0.436421E-03   -0.617281E-04   -0.987387E-04
 1.87971    0.424789E-03   -0.567656E-04   -0.100719E-03
 1.89774    0.413534E-03   -0.519904E-04   -0.102568E-03
 1.91576    0.402647E-03   -0.473976E-04   -0.104289E-03
 1.93379    0.392117E-03   -0.429827E-04   -0.105886E-03
 1.95181    0.381937E-03   -0.387407E-04   -0.107362E-03
 1.96984    0.372098E-03   -0.346682E-04   -0.108721E-03
 1.98787    0.362593E-03   -0.307609E-04   -0.109965E-03
 2.00589    0.353414E-03   -0.270158E-04   -0.111096E-03
 2.02392    0.344554E-03   -0.234289E-04   -0.112119E-03
 2.04194    0.336008E-03   -0.199967E-04   -0.113034E-03
 2.05997    0.327770E-03   -0.167174E-04   -0.113846E-03
 2.07800    0.319834E-03   -0.135872E-04   -0.114554E-03
 2.09602    0.312195E-03   -0.106040E-04   -0.115162E-03
 2.11405    0.304849E-03   -0.776499E-05   -0.115672E-03
 2.13207    0.297790E-03   -0.506768E-05   -0.116085E-03
 2.15010    0.291014E-03   -0.251044E-05   -0.116403E-03
 2.16813    0.284517E-03   -0.908082E-07   -0.116627E-03
 2.18615    0.278295E-03    0.219285E-05   -0.116760E-03
 2.20418    0.272343E-03    0.434398E-05   -0.116803E-03
 2.22220    0.266657E-03    0.636358E-05   -0.116758E-03
 2.24023    0.261234E-03    0.825392E-05   -0.116625E-03
 2.25826    0.256069E-03    0.100182E-04   -0.116407E-03
 2.27628    0.251156E-03    0.116579E-04   -0.116106E-03
 2.29431    0.246490E-03    0.131760E-04   -0.115724E-03
 2.31233    0.242067E-03    0.145753E-04   -0.115263E-03
 2.33036    0.237879E-03    0.158590E-04   -0.114724E-03
 2.34839    0.233921E-03    0.170301E-04   -0.114112E-03
 2.36641    0.230185E-03    0.180925E-04   -0.113428E-03
 2.38444    0.226662E-03    0.190504E-04   -0.112676E-03
 2.40246    0.223345E-03    0.199079E-04   -0.111858E-03
 2.42049    0.220223E-03    0.206701E-04   -0.110979E-03
 2.43852    0.217286E-03    0.213423E-04   -0.110042E-03
 2.45654    0.214523E-03    0.219301E-04   -0.109052E-03
 2.47457    0.211920E-03    0.224400E-04   -0.108014E-03
 2.49260    0.209466E-03    0.228785E-04   -0.106932E-03
 2.51062    0.207145E-03    0.232528E-04   -0.105813E-03
 2.52865    0.204942E-03    0.235703E-04   -0.104659E-03
 2.54667    0.202842E-03    0.238392E-04   -0.103480E-03
 2.56470    0.200828E-03    0.240676E-04   -0.102280E-03
 2.58273    0.198883E-03    0.242645E-04   -0.101066E-03
 2.60075    0.196988E-03    0.244387E-04   -0.998456E-04
 2.61878    0.195126E-03    0.245993E-04   -0.986249E-04
 2.63680    0.193277E-03    0.247559E-04   -0.974107E-04
 2.65483    0.191424E-03    0.249178E-04   -0.962106E-04
 2.67286    0.189547E-03    0.250942E-04   -0.950314E-04
 2.69088    0.187627E-03    0.252947E-04   -0.938798E-04
 2.70891    0.185648E-03    0.255283E-04   -0.927629E-04
 2.72693    0.183590E-03    0.258039E-04   -0.916877E-04
 2.74496    0.181437E-03    0.261300E-04   -0.906601E-04
 2.76299    0.179173E-03    0.265147E-04   -0.896852E-04
 2.78101    0.176782E-03    0.269654E-04   -0.887709E-04
 2.79904    0.174252E-03    0.274892E-04   -0.879212E-04
 2.81706    0.171570E-03    0.280921E-04   -0.871408E-04
 2.83509    0.168725E-03    0.287797E-04   -0.864338E-04
 2.85312    0.165707E-03    0.295566E-04   -0.858050E-04
 2.87114    0.162510E-03    0.304267E-04   -0.852546E-04
 2.88917    0.159127E-03    0.313929E-04   -0.847860E-04
 2.90719    0.155554E-03    0.324569E-04   -0.844011E-04
 2.92522    0.151790E-03    0.336200E-04   -0.841002E-04
 2.94325    0.147835E-03    0.348822E-04   -0.838833E-04
 2.96127    0.143690E-03    0.362427E-04   -0.837502E-04
 2.97930    0.139359E-03    0.376997E-04   -0.836993E-04
 2.99732    0.134847E-03    0.392502E-04   -0.837286E-04
 3.01535    0.130162E-03    0.408911E-04   -0.838356E-04
 3.03338    0.125312E-03    0.426180E-04   -0.840171E-04
 3.05140    0.120306E-03    0.444259E-04   -0.842691E-04
 3.06943    0.115158E-03    0.463091E-04   -0.845874E-04
 3.08745    0.109878E-03    0.482612E-04   -0.849674E-04
 3.10548    0.104481E-03    0.502756E-04   -0.854040E-04
 3.12351    0.989825E-04    0.523448E-04   -0.858917E-04
 3.14153    0.933961E-04    0.544614E-04   -0.864248E-04
 3.15956    0.877382E-04    0.566174E-04   -0.869974E-04
 3.17759    0.820246E-04    0.588050E-04   -0.876035E-04
 3.19561    0.762716E-04    0.610160E-04   -0.882370E-04
 3.21364    0.704955E-04    0.632423E-04   -0.888918E-04
 3.23166    0.647124E-04    0.654759E-04   -0.895619E-04
 3.24969    0.589382E-04    0.677089E-04   -0.902414E-04
 3.26772    0.531882E-04    0.699335E-04   -0.909245E-04
 3.28574    0.474774E-04    0.721423E-04   -0.916054E-04
 3.30377    0.418202E-04    0.743282E-04   -0.922790E-04
 3.32179    0.362301E-04    0.764844E-04   -0.929400E-04
 3.33982    0.307198E-04    0.786045E-04   -0.935836E-04
 3.35785    0.253013E-04    0.806826E-04   -0.942054E-04
 3.37587    0.199853E-04    0.827132E-04   -0.948012E-04
 3.39390    0.147825E-04    0.846914E-04   -0.953673E-04
 3.41192    0.970029E-05    0.866126E-04   -0.959004E-04
 3.42995    0.474818E-05    0.884729E-04   -0.963973E-04
 3.44798   -0.672697E-07    0.902688E-04   -0.968553E-04
 3.46600   -0.473988E-05    0.919971E-04   -0.972722E-04
 3.48403   -0.926456E-05    0.936554E-04   -0.976461E-04
 3.50205   -0.136372E-04    0.952415E-04   -0.979752E-04
 3.52008   -0.178544E-04    0.967537E-04   -0.982583E-04
 3.53811   -0.219138E-04    0.981910E-04   -0.984945E-04
 3.55613   -0.258140E-04    0.995525E-04   -0.986831E-04
 3.57416   -0.295540E-04    0.100838E-03   -0.988239E-04
 3.59218   -0.331340E-04    0.102047E-03   -0.989166E-04
 3.61021   -0.365542E-04    0.103180E-03   -0.989615E-04
 3.62824   -0.398159E-04    0.104238E-03   -0.989590E-04
 3.64626   -0.429207E-04    0.105221E-03   -0.989096E-04
 3.66429   -0.458708E-04    0.106130E-03   -0.988141E-04
 3.68231   -0.486688E-04    0.106968E-03   -0.986733E-04
 3.70034   -0.513177E-04    0.107734E-03   -0.984894E-04
 3.71837   -0.538210E-04    0.108432E-03   -0.982615E-04
 3.73639   -0.561822E-04    0.109062E-03   -0.979921E-04
 3.75442   -0.584052E-04    0.109627E-03   -0.976824E-04
 3.77244   -0.604942E-04    0.110129E-03   -0.973339E-04
 3.79047   -0.624533E-04    0.110569E-03   -0.969481E-04
 3.80850   -0.642869E-04    0.110951E-03   -0.965267E-04
 3.82652   -0.659994E-04    0.111276E-03   -0.960712E-04
 3.84455   -0.675953E-04    0.111546E-03   -0.955832E-04
 3.86258   -0.690791E-04    0.111764E-03   -0.950642E-04
 3.88060   -0.704553E-04    0.111932E-03   -0.945161E-04
 3.89863   -0.717284E-04    0.112051E-03   -0.939403E-04
 3.91665   -0.729029E-04    0.112125E-03   -0.933385E-04
 3.93468   -0.739830E-04    0.112156E-03   -0.927122E-04
 3.95271   -0.749732E-04    0.112145E-03   -0.920629E-04
 3.97073   -0.758776E-04    0.112095E-03   -0.913922E-04
 3.98876   -0.767004E-04    0.112008E-03   -0.907015E-04
 4.00678   -0.774454E-04    0.111885E-03   -0.899913E-04
 4.02481   -0.781167E-04    0.111729E-03   -0.892659E-04
 4.04284   -0.787180E-04    0.111542E-03   -0.885226E-04
 4.06086   -0.792529E-04    0.111325E-03   -0.877658E-04
 4.07889   -0.797248E-04    0.111080E-03   -0.869956E-04
 4.09691   -0.801372E-04    0.110808E-03   -0.862133E-04
 4.11494   -0.804931E-04    0.110512E-03   -0.854199E-04
 4.13297   -0.807959E-04    0.110193E-03   -0.846166E-04
 4.15099   -0.810483E-04    0.109852E-03   -0.838043E-04
 4.16902   -0.812533E-04    0.109490E-03   -0.829841E-04
 4.18704   -0.814135E-04    0.109110E-03   -0.821568E-04
 4.20507   -0.815315E-04    0.108711E-03   -0.813235E-04
 4.22310   -0.816097E-04    0.108297E-03   -0.804849E-04
 4.24112   -0.816506E-04    0.107867E-03   -0.796417E-04
 4.25915   -0.816562E-04    0.107422E-03   -0.787948E-04
 4.27717   -0.816288E-04    0.106964E-03   -0.779449E-04
 4.29520   -0.815702E-04    0.106494E-03   -0.770925E-04
 4.31323   -0.814823E-04    0.106013E-03   -0.762384E-04
 4.33125   -0.813670E-04    0.105521E-03   -0.753830E-04
 4.34928   -0.812260E-04    0.105019E-03   -0.745271E-04
 4.36730   -0.810608E-04    0.104508E-03   -0.736712E-04
 4.38533   -0.808730E-04    0.103989E-03   -0.728156E-04
 4.40336   -0.806639E-04    0.103463E-03   -0.719609E-04
 4.42138   -0.804351E-04    0.102930E-03   -0.711074E-04
 4.43941   -0.801877E-04    0.102390E-03   -0.702556E-04
 4.45743   -0.799230E-04    0.101846E-03   -0.694059E-04
 4.47546   -0.796420E-04    0.101295E-03   -0.685585E-04
 4.49349   -0.793460E-04    0.100741E-03   -0.677138E-04
 4.51151   -0.790358E-04    0.100182E-03   -0.668721E-04
 4.52954   -0.787125E-04    0.996200E-04   -0.660336E-04
 4.54757   -0.783770E-04    0.990546E-04   -0.651986E-04
 4.56559   -0.780302E-04    0.984864E-04   -0.643673E-04
 4.58362   -0.776728E-04    0.979159E-04   -0.635400E-04
 4.60164   -0.773056E-04    0.973434E-04   -0.627168E-04
 4.61967   -0.769294E-04    0.967692E-04   -0.618980E-04
 4.63770   -0.765449E-04    0.961937E-04   -0.610837E-04
 4.65572   -0.761526E-04    0.956171E-04   -0.602741E-04
 4.67375   -0.757533E-04    0.950399E-04   -0.594693E-04
 4.69177   -0.753474E-04    0.944621E-04   -0.586696E-04
 4.70980   -0.749356E-04    0.938841E-04   -0.578749E-04
 4.72783   -0.745184E-04    0.933061E-04   -0.570857E-04
 4.74585   -0.740961E-04    0.927284E-04   -0.563019E-04
 4.76388   -0.736694E-04    0.921511E-04   -0.555237E-04
 4.78190   -0.732386E-04    0.915745E-04   -0.547512E-04
 4.79993   -0.728041E-04    0.909987E-04   -0.539846E-04
 4.81796   -0.723664E-04    0.904239E-04   -0.532240E-04
 4.83598   -0.719257E-04    0.898502E-04   -0.524694E-04
 4.85401   -0.714825E-04    0.892779E-04   -0.517210E-04
 4.87203   -0.710371E-04    0.887070E-04   -0.509789E-04
 4.89006   -0.705897E-04    0.881378E-04   -0.502432E-04
 4.90809   -0.701407E-04    0.875702E-04   -0.495139E-04
 4.92611   -0.696903E-04    0.870046E-04   -0.487912E-04
 4.94414   -0.692388E-04    0.864408E-04   -0.480750E-04
 4.96216   -0.687865E-04    0.858792E-04   -0.473654E-04
 4.98019   -0.683336E-04    0.853199E-04   -0.466625E-04
 4.99822   -0.678802E-04    0.847626E-04   -0.459662E-04
 5.01624   -0.674267E-04    0.842077E-04   -0.452766E-04
 5.03427   -0.669732E-04    0.836552E-04   -0.445936E-04
 5.05229   -0.665199E-04    0.831049E-04   -0.439173E-04
 5.07032   -0.660670E-04    0.825575E-04   -0.432476E-04
 5.08835   -0.656147E-04    0.820127E-04   -0.425845E-04
 5.10637   -0.651631E-04    0.814706E-04   -0.419280E-04
 5.12440   -0.647124E-04    0.809313E-04   -0.412779E-04
 5.14242   -0.642628E-04    0.803951E-04   -0.406343E-04
 5.16045   -0.638144E-04    0.798615E-04   -0.399971E-04
 5.17848   -0.633674E-04    0.793309E-04   -0.393662E-04
 5.19650   -0.629219E-04    0.788033E-04   -0.387416E-04
 5.21453   -0.624780E-04    0.782788E-04   -0.381233E-04
 5.23256   -0.620359E-04    0.777573E-04   -0.375112E-04
 5.25058   -0.615957E-04    0.772390E-04   -0.369053E-04
 5.26861   -0.611575E-04    0.767239E-04   -0.363054E-04
 5.28663   -0.607215E-04    0.762120E-04   -0.357117E-04
 5.30466   -0.602877E-04    0.757034E-04   -0.351241E-04
 5.32269   -0.598563E-04    0.751981E-04   -0.345425E-04
 5.34071   -0.594273E-04    0.746962E-04   -0.339669E-04
 5.35874   -0.590010E-04    0.741976E-04   -0.333973E-04
 5.37676   -0.585773E-04    0.737025E-04   -0.328338E-04
 5.39479   -0.581564E-04    0.732109E-04   -0.322762E-04
 5.41282   -0.577383E-04    0.727227E-04   -0.317245E-04
 5.43084   -0.573232E-04    0.722380E-04   -0.311788E-04
 5.44887   -0.569111E-04    0.717569E-04   -0.306391E-04
 5.46689   -0.565021E-04    0.712793E-04   -0.301054E-04
 5.48492   -0.560962E-04    0.708052E-04   -0.295775E-04
 5.50295   -0.556936E-04    0.703348E-04   -0.290556E-04
 5.52097   -0.552942E-04    0.698680E-04   -0.285396E-04
 5.53900   -0.548982E-04    0.694047E-04   -0.280295E-04
 5.55702   -0.545055E-04    0.689451E-04   -0.275252E-04
 5.57505   -0.541162E-04    0.684891E-04   -0.270268E-04
 5.59308   -0.537303E-04    0.680367E-04   -0.265342E-04
 5.61110   -0.533478E-04    0.675879E-04   -0.260474E-04
 5.62913   -0.529688E-04    0.671427E-04   -0.255663E-04
 5.64715   -0.525933E-04    0.667011E-04   -0.250910E-04
 5.66518   -0.522212E-04    0.662630E-04   -0.246212E-04
 5.68321   -0.518526E-04    0.658285E-04   -0.241571E-04
 5.70123   -0.514873E-04    0.653975E-04   -0.236985E-04
 5.71926   -0.511255E-04    0.649701E-04   -0.232455E-04
 5.73728   -0.507671E-04    0.645461E-04   -0.227978E-04
 5.75531   -0.504120E-04    0.641256E-04   -0.223556E-04
 5.77334   -0.500602E-04    0.637084E-04   -0.219187E-04
 5.79136   -0.497117E-04    0.632947E-04   -0.214869E-04
 5.80939   -0.493664E-04    0.628843E-04   -0.210605E-04
 5.82741   -0.490242E-04    0.624772E-04   -0.206391E-04
 5.84544   -0.486852E-04    0.620733E-04   -0.202228E-04
 5.86347   -0.483491E-04    0.616727E-04   -0.198115E-04
 5.88149   -0.480160E-04    0.612752E-04   -0.194051E-04
 5.89952   -0.476857E-04    0.608808E-04   -0.190036E-04
 5.91755   -0.473583E-04    0.604894E-04   -0.186069E-04
 5.93557   -0.470336E-04    0.601010E-04   -0.182148E-04
 5.95360   -0.467115E-04    0.597156E-04   -0.178274E-04
 5.97162   -0.463920E-04    0.593331E-04   -0.174446E-04
 5.98965   -0.460749E-04    0.589535E-04   -0.170663E-04
 6.00768   -0.457603E-04    0.585766E-04   -0.166924E-04
 6.02570   -0.454479E-04    0.582025E-04   -0.163228E-04
 6.04373   -0.451378E-04    0.578310E-04   -0.159576E-04
 6.06175   -0.448299E-04    0.574622E-04   -0.155965E-04
 6.07978   -0.445240E-04    0.570960E-04   -0.152397E-04
 6.09781   -0.442202E-04    0.567324E-04   -0.148869E-04
 6.11583   -0.439183E-04    0.563712E-04   -0.145382E-04
 6.13386   -0.436183E-04    0.560123E-04   -0.141934E-04
 6.15188   -0.433200E-04    0.556560E-04   -0.138525E-04
 6.16991   -0.430235E-04    0.553020E-04   -0.135156E-04
 6.18794   -0.427287E-04    0.549503E-04   -0.131823E-04
 6.20596   -0.424356E-04    0.546009E-04   -0.128529E-04
 6.22399   -0.421440E-04    0.542538E-04   -0.125271E-04
 6.24201   -0.418539E-04    0.539088E-04   -0.122049E-04
 6.26004   -0.415654E-04    0.535660E-04   -0.118863E-04
 6.27807   -0.412783E-04    0.532254E-04   -0.115713E-04
 6.29609   -0.409927E-04    0.528869E-04   -0.112597E-04
 6.31412   -0.407084E-04    0.525504E-04   -0.109516E-04
 6.33214   -0.404255E-04    0.522161E-04   -0.106469E-04
 6.35017   -0.401440E-04    0.518837E-04   -0.103456E-04
 6.36820   -0.398638E-04    0.515535E-04   -0.100475E-04
 6.38622   -0.395849E-04    0.512252E-04   -0.975281E-05
 6.40425   -0.393074E-04    0.508989E-04   -0.946133E-05
 6.42227   -0.390311E-04    0.505746E-04   -0.917309E-05
 6.44030   -0.387562E-04    0.502523E-04   -0.888800E-05
 6.45833   -0.384826E-04    0.499319E-04   -0.860607E-05
 6.47635   -0.382103E-04    0.496135E-04   -0.832726E-05
 6.49438   -0.379393E-04    0.492971E-04   -0.805155E-05
 6.51240   -0.376697E-04    0.489826E-04   -0.777891E-05
 6.53043   -0.374013E-04    0.486700E-04   -0.750931E-05
 6.54846   -0.371344E-04    0.483593E-04   -0.724273E-05
 6.56648   -0.368688E-04    0.480506E-04   -0.697912E-05
 6.58451   -0.366046E-04    0.477438E-04   -0.671850E-05
 6.60254   -0.363417E-04    0.474389E-04   -0.646083E-05
 6.62056   -0.360803E-04    0.471360E-04   -0.620618E-05
 6.63859   -0.358203E-04    0.468350E-04   -0.595434E-05
 6.65661   -0.355618E-04    0.465359E-04   -0.570538E-05
 6.67464   -0.353047E-04    0.462387E-04   -0.545923E-05
 6.69267   -0.350491E-04    0.459434E-04   -0.521610E-05
 6.71069   -0.347950E-04    0.456501E-04   -0.497567E-05
 6.72872   -0.345424E-04    0.453586E-04   -0.473804E-05
 6.74674   -0.342913E-04    0.450691E-04   -0.450319E-05
 6.76477   -0.340418E-04    0.447815E-04   -0.427110E-05
 6.78280   -0.337938E-04    0.444958E-04   -0.404172E-05
 6.80082   -0.335474E-04    0.442120E-04   -0.381509E-05
 6.81885   -0.333025E-04    0.439302E-04   -0.359115E-05
 6.83687   -0.330593E-04    0.436502E-04   -0.336989E-05
 6.85490   -0.328177E-04    0.433721E-04   -0.315130E-05
 6.87293   -0.325777E-04    0.430959E-04   -0.293534E-05
 6.89095   -0.323393E-04    0.428216E-04   -0.272200E-05
 6.90898   -0.321026E-04    0.425493E-04   -0.251126E-05
 6.92700   -0.318675E-04    0.422788E-04   -0.230306E-05
 6.94503   -0.316341E-04    0.420101E-04   -0.209745E-05
 6.96306   -0.314023E-04    0.417434E-04   -0.189438E-05
 6.98108   -0.311722E-04    0.414785E-04   -0.169383E-05
 6.99911   -0.309438E-04    0.412155E-04   -0.149578E-05
 7.01713   -0.307170E-04    0.409544E-04   -0.130020E-05
 7.03516   -0.304920E-04    0.406951E-04   -0.110707E-05
 7.05319   -0.302686E-04    0.404377E-04   -0.916383E-06
 7.07121   -0.300469E-04    0.401821E-04   -0.728105E-06
 7.08924   -0.298269E-04    0.399284E-04   -0.542223E-06
 7.10726   -0.296086E-04    0.396764E-04   -0.358713E-06
 7.12529   -0.293920E-04    0.394263E-04   -0.177556E-06
 7.14332   -0.291771E-04    0.391781E-04    0.127693E-08
 7.16134   -0.289639E-04    0.389316E-04    0.177792E-06
 7.17937   -0.287524E-04    0.386869E-04    0.352021E-06
 7.19739   -0.285426E-04    0.384440E-04    0.523981E-06
 7.21542   -0.283344E-04    0.382029E-04    0.693692E-06
 7.23345   -0.281280E-04    0.379636E-04    0.861172E-06
 7.25147   -0.279232E-04    0.377260E-04    0.102641E-05
 7.26950   -0.277201E-04    0.374902E-04    0.118950E-05
 7.28753   -0.275187E-04    0.372561E-04    0.135041E-05
 7.30555   -0.273190E-04    0.370238E-04    0.150918E-05
 7.32358   -0.271209E-04    0.367932E-04    0.166583E-05
 7.34160   -0.269245E-04    0.365643E-04    0.182036E-05
 7.35963   -0.267298E-04    0.363372E-04    0.197281E-05
 7.37766   -0.265367E-04    0.361117E-04    0.212322E-05
 7.39568   -0.263453E-04    0.358879E-04    0.227155E-05
 7.41371   -0.261556E-04    0.356658E-04    0.241786E-05
 7.43173   -0.259674E-04    0.354454E-04    0.256215E-05
 7.44976   -0.257809E-04    0.352267E-04    0.270445E-05
 7.46779   -0.255961E-04    0.350096E-04    0.284477E-05
 7.48581   -0.254128E-04    0.347941E-04    0.298317E-05
 7.50384   -0.252312E-04    0.345803E-04    0.311963E-05
 7.52186   -0.250512E-04    0.343681E-04    0.325419E-05
 7.53989   -0.248727E-04    0.341575E-04    0.338684E-05
 7.55792   -0.246959E-04    0.339485E-04    0.351763E-05
 7.57594   -0.245206E-04    0.337411E-04    0.364652E-05
 7.59397   -0.243469E-04    0.335353E-04    0.377362E-05
 7.61199   -0.241747E-04    0.333311E-04    0.389891E-05
 7.63002   -0.240041E-04    0.331284E-04    0.402242E-05
 7.64805   -0.238350E-04    0.329272E-04    0.414414E-05
 7.66607   -0.236674E-04    0.327276E-04    0.426411E-05
 7.68410   -0.235013E-04    0.325295E-04    0.438234E-05
 7.70212   -0.233367E-04    0.323328E-04    0.449885E-05
 7.72015   -0.231736E-04    0.321377E-04    0.461370E-05
 7.73818   -0.230120E-04    0.319441E-04    0.472681E-05
 7.75620   -0.228518E-04    0.317519E-04    0.483830E-05
 7.77423   -0.226931E-04    0.315612E-04    0.494813E-05
 7.79225   -0.225358E-04    0.313720E-04    0.505633E-05
 7.81028   -0.223799E-04    0.311842E-04    0.516294E-05
 7.82831   -0.222254E-04    0.309977E-04    0.526803E-05
 7.84633   -0.220723E-04    0.308128E-04    0.537149E-05
 7.86436   -0.219206E-04    0.306292E-04    0.547341E-05
 7.88238   -0.217702E-04    0.304469E-04    0.557379E-05
 7.90041   -0.216212E-04    0.302661E-04    0.567267E-05
 7.91844   -0.214735E-04    0.300866E-04    0.577005E-05
 7.93646   -0.213271E-04    0.299085E-04    0.586596E-05
 7.95449   -0.211820E-04    0.297317E-04    0.596041E-05
 7.97252   -0.210383E-04    0.295562E-04    0.605336E-05
 7.99054   -0.208958E-04    0.293820E-04    0.614495E-05
 8.00857   -0.207545E-04    0.292091E-04    0.623513E-05
 8.02659   -0.206145E-04    0.290376E-04    0.632391E-05
 8.04462   -0.204758E-04    0.288673E-04    0.641132E-05
 8.06265   -0.203383E-04    0.286982E-04    0.649738E-05
 8.08067   -0.202020E-04    0.285304E-04    0.658209E-05
 8.09870   -0.200668E-04    0.283639E-04    0.666548E-05
 8.11672   -0.199329E-04    0.281986E-04    0.674757E-05
 8.13475   -0.198002E-04    0.280345E-04    0.682837E-05
 8.15278   -0.196686E-04    0.278716E-04    0.690788E-05
 8.17080   -0.195381E-04    0.277099E-04    0.698614E-05
 8.18883   -0.194088E-04    0.275494E-04    0.706315E-05
 8.20685   -0.192806E-04    0.273900E-04    0.713893E-05
 8.22488   -0.191535E-04    0.272319E-04    0.721349E-05
 8.24291   -0.190276E-04    0.270749E-04    0.728684E-05
 8.26093   -0.189027E-04    0.269190E-04    0.735902E-05
 8.27896   -0.187789E-04    0.267643E-04    0.743001E-05
 8.29698   -0.186562E-04    0.266107E-04    0.749986E-05
 8.31501   -0.185345E-04    0.264582E-04    0.756856E-05
 8.33304   -0.184139E-04    0.263068E-04    0.763612E-05
 8.35106   -0.182943E-04    0.261565E-04    0.770257E-05
 8.36909   -0.181757E-04    0.260073E-04    0.776791E-05
 8.38711   -0.180582E-04    0.258592E-04    0.783216E-05
 8.40514   -0.179416E-04    0.257122E-04    0.789533E-05
 8.42317   -0.178261E-04    0.255662E-04    0.795743E-05
 8.44119   -0.177115E-04    0.254213E-04    0.801848E-05
 8.45922   -0.175980E-04    0.252774E-04    0.807849E-05
 8.47724   -0.174854E-04    0.251345E-04    0.813747E-05
 8.49527   -0.173737E-04    0.249927E-04    0.819543E-05
 8.51330   -0.172630E-04    0.248519E-04    0.825238E-05
 8.53132   -0.171533E-04    0.247121E-04    0.830834E-05
 8.54935   -0.170445E-04    0.245733E-04    0.836331E-05
 8.56737   -0.169367E-04    0.244355E-04    0.841731E-05
 8.58540   -0.168297E-04    0.242987E-04    0.847035E-05
 8.60343   -0.167237E-04    0.241629E-04    0.852244E-05
 8.62145   -0.166186E-04    0.240280E-04    0.857359E-05
 8.63948   -0.165144E-04    0.238942E-04    0.862382E-05
 8.65751   -0.164110E-04    0.237612E-04    0.867312E-05
 8.67553   -0.163086E-04    0.236292E-04    0.872151E-05
 8.69356   -0.162071E-04    0.234982E-04    0.876901E-05
 8.71158   -0.161064E-04    0.233681E-04    0.881562E-05
 8.72961   -0.160065E-04    0.232389E-04    0.886135E-05
 8.74764   -0.159076E-04    0.231107E-04    0.890622E-05
 8.76566   -0.158095E-04    0.229833E-04    0.895022E-05
 8.78369   -0.157122E-04    0.228569E-04    0.899338E-05
 8.80171   -0.156158E-04    0.227314E-04    0.903571E-05
 8.81974   -0.155202E-04    0.226068E-04    0.907720E-05
 8.83777   -0.154254E-04    0.224830E-04    0.911788E-05
 8.85579   -0.153314E-04    0.223601E-04    0.915775E-05
 8.87382   -0.152382E-04    0.222381E-04    0.919683E-05
 8.89184   -0.151458E-04    0.221170E-04    0.923512E-05
 8.90987   -0.150542E-04    0.219967E-04    0.927262E-05
 8.92790   -0.149634E-04    0.218772E-04    0.930937E-05
 8.94592   -0.148733E-04    0.217586E-04    0.934535E-05
 8.96395   -0.147840E-04    0.216408E-04    0.938059E-05
 8.98197   -0.146954E-04    0.215239E-04    0.941509E-05
 9.00000   -0.146076E-04    0.214077E-04    0.944887E-05
