 0.00500    0.987067E-02   -0.514187E-02    0.403746E-02
 0.02303    0.797212E-02   -0.419249E-02    0.332508E-02
 0.04105    0.687737E-02   -0.364473E-02    0.291366E-02
 0.05908    0.608788E-02   -0.324938E-02    0.261640E-02
 0.07710    0.547076E-02   -0.294031E-02    0.238348E-02
 0.09513    0.496669E-02   -0.268757E-02    0.219272E-02
 0.11316    0.454312E-02   -0.247498E-02    0.203196E-02
 0.13118    0.418010E-02   -0.229260E-02    0.189373E-02
 0.14921    0.386437E-02   -0.213379E-02    0.177308E-02
 0.16723    0.358658E-02   -0.199391E-02    0.166653E-02
 0.18526    0.333990E-02   -0.186953E-02    0.157153E-02
 0.20329    0.311920E-02   -0.175810E-02    0.148618E-02
 0.22131    0.292048E-02   -0.165762E-02    0.140899E-02
 0.23934    0.274058E-02   -0.156651E-02    0.133878E-02
 0.25736    0.257694E-02   -0.148351E-02    0.127460E-02
 0.27539    0.242749E-02   -0.140757E-02    0.121568E-02
 0.29342    0.229048E-02   -0.133784E-02    0.116139E-02
 0.31144    0.216448E-02   -0.127359E-02    0.111118E-02
 0.32947    0.204826E-02   -0.121422E-02    0.106460E-02
 0.34749    0.194077E-02   -0.115919E-02    0.102127E-02
 0.36552    0.184111E-02   -0.110807E-02    0.980855E-03
 0.38355    0.174851E-02   -0.106047E-02    0.943061E-03
 0.40157    0.166229E-02   -0.101605E-02    0.907641E-03
 0.41960    0.158184E-02   -0.974511E-03    0.874376E-03
 0.43763    0.150666E-02   -0.935598E-03    0.843074E-03
 0.45565    0.143628E-02   -0.899078E-03    0.813563E-03
 0.47368    0.137028E-02   -0.864750E-03    0.785694E-03
 0.49170    0.130831E-02   -0.832431E-03    0.759332E-03
 0.50973    0.125004E-02   -0.801958E-03    0.734355E-03
 0.52776    0.119517E-02   -0.773187E-03    0.710651E-03
 0.54578    0.114340E-02   -0.745986E-03    0.688134E-03
 0.56381    0.109457E-02   -0.720237E-03    0.666717E-03
 0.58183    0.104844E-02   -0.695834E-03    0.646308E-03
 0.59986    0.100480E-02   -0.672680E-03    0.626843E-03
 0.61789    0.963470E-03   -0.650687E-03    0.608256E-03
 0.63591    0.924331E-03   -0.629775E-03    0.590489E-03
 0.65394    0.887170E-03   -0.609872E-03    0.573486E-03
 0.67196    0.851885E-03   -0.590909E-03    0.557199E-03
 0.68999    0.818352E-03   -0.572827E-03    0.541583E-03
 0.70802    0.786458E-03   -0.555569E-03    0.526597E-03
 0.72604    0.756100E-03   -0.539083E-03    0.512200E-03
 0.74407    0.727182E-03   -0.523323E-03    0.498360E-03
 0.76209    0.699617E-03   -0.508245E-03    0.485044E-03
 0.78012    0.673322E-03   -0.493807E-03    0.472222E-03
 0.79815    0.648224E-03   -0.479974E-03    0.459867E-03
 0.81617    0.624254E-03   -0.466710E-03    0.447952E-03
 0.83420    0.601344E-03   -0.453984E-03    0.436454E-03
 0.85222    0.579439E-03   -0.441766E-03    0.425352E-03
 0.87025    0.558481E-03   -0.430027E-03    0.414625E-03
 0.88828    0.538419E-03   -0.418744E-03    0.404254E-03
 0.90630    0.519203E-03   -0.407890E-03    0.394221E-03
 0.92433    0.500790E-03   -0.397445E-03    0.384509E-03
 0.94235    0.483137E-03   -0.387387E-03    0.375104E-03
 0.96038    0.466206E-03   -0.377697E-03    0.365992E-03
 0.97841    0.449959E-03   -0.368357E-03    0.357156E-03
 0.99643    0.434362E-03   -0.359349E-03    0.348587E-03
 1.01446    0.419384E-03   -0.350658E-03    0.340271E-03
 1.03248    0.404994E-03   -0.342267E-03    0.332198E-03
 1.05051    0.391163E-03   -0.334165E-03    0.324357E-03
 1.06854    0.377865E-03   -0.326336E-03    0.316738E-03
 1.08656    0.365074E-03   -0.318769E-03    0.309333E-03
 1.10459    0.352767E-03   -0.311452E-03    0.302131E-03
 1.12262    0.340923E-03   -0.304373E-03    0.295126E-03
 1.14064    0.329519E-03   -0.297523E-03    0.288309E-03
 1.15867    0.318536E-03   -0.290891E-03    0.281672E-03
 1.17669    0.307955E-03   -0.284468E-03    0.275209E-03
 1.19472    0.297759E-03   -0.278244E-03    0.268914E-03
 1.21275    0.287930E-03   -0.272213E-03    0.262780E-03
 1.23077    0.278454E-03   -0.266365E-03    0.256801E-03
 1.24880    0.269314E-03   -0.260693E-03    0.250971E-03
 1.26682    0.260497E-03   -0.255192E-03    0.245285E-03
 1.28485    0.251989E-03   -0.249852E-03    0.239739E-03
 1.30288    0.243778E-03   -0.244668E-03    0.234327E-03
 1.32090    0.235850E-03   -0.239634E-03    0.229044E-03
 1.33893    0.228195E-03   -0.234744E-03    0.223887E-03
 1.35695    0.220802E-03   -0.229993E-03    0.218850E-03
 1.37498    0.213660E-03   -0.225376E-03    0.213931E-03
 1.39301    0.206759E-03   -0.220886E-03    0.209126E-03
 1.41103    0.200090E-03   -0.216521E-03    0.204430E-03
 1.42906    0.193643E-03   -0.212274E-03    0.199840E-03
 1.44708    0.187411E-03   -0.208143E-03    0.195353E-03
 1.46511    0.181385E-03   -0.204122E-03    0.190967E-03
 1.48314    0.175557E-03   -0.200208E-03    0.186677E-03
 1.50116    0.169920E-03   -0.196397E-03    0.182481E-03
 1.51919    0.164468E-03   -0.192686E-03    0.178376E-03
 1.53721    0.159192E-03   -0.189071E-03    0.174360E-03
 1.55524    0.154087E-03   -0.185549E-03    0.170430E-03
 1.57327    0.149147E-03   -0.182116E-03    0.166584E-03
 1.59129    0.144366E-03   -0.178771E-03    0.162820E-03
 1.60932    0.139738E-03   -0.175510E-03    0.159133E-03
 1.62734    0.135258E-03   -0.172330E-03    0.155526E-03
 1.64537    0.130922E-03   -0.169229E-03    0.151992E-03
 1.66340    0.126723E-03   -0.166204E-03    0.148532E-03
 1.68142    0.122659E-03   -0.163254E-03    0.145144E-03
 1.69945    0.118723E-03   -0.160375E-03    0.141824E-03
 1.71747    0.114913E-03   -0.157566E-03    0.138573E-03
 1.73550    0.111223E-03   -0.154825E-03    0.135387E-03
 1.75353    0.107652E-03   -0.152150E-03    0.132267E-03
 1.77155    0.104194E-03   -0.149538E-03    0.129209E-03
 1.78958    0.100847E-03   -0.146989E-03    0.126214E-03
 1.80761    0.976069E-04   -0.144501E-03    0.123278E-03
 1.82563    0.944715E-04   -0.142071E-03    0.120402E-03
 1.84366    0.914374E-04   -0.139700E-03    0.117583E-03
 1.86168    0.885022E-04   -0.137384E-03    0.114822E-03
 1.87971    0.856633E-04   -0.135123E-03    0.112115E-03
 1.89774    0.829183E-04   -0.132916E-03    0.109464E-03
 1.91576    0.802649E-04   -0.130762E-03    0.106865E-03
 1.93379    0.777009E-04   -0.128658E-03    0.104319E-03
 1.95181    0.752243E-04   -0.126605E-03    0.101825E-03
 1.96984    0.728333E-04   -0.124602E-03    0.993814E-04
 1.98787    0.705259E-04   -0.122646E-03    0.969875E-04
 2.00589    0.683005E-04   -0.120738E-03    0.946425E-04
 2.02392    0.661555E-04   -0.118876E-03    0.923457E-04
 2.04194    0.640895E-04   -0.117060E-03    0.900964E-04
 2.05997    0.621005E-04   -0.115289E-03    0.878935E-04
 2.07800    0.601876E-04   -0.113562E-03    0.857366E-04
 2.09602    0.583490E-04   -0.111878E-03    0.836249E-04
 2.11405    0.565834E-04   -0.110236E-03    0.815576E-04
 2.13207    0.548892E-04   -0.108637E-03    0.795340E-04
 2.15010    0.532650E-04   -0.107078E-03    0.775533E-04
 2.16813    0.517093E-04   -0.105559E-03    0.756147E-04
 2.18615    0.502206E-04   -0.104080E-03    0.737171E-04
 2.20418    0.487972E-04   -0.102639E-03    0.718605E-04
 2.22220    0.474375E-04   -0.101235E-03    0.700436E-04
 2.24023    0.461396E-04   -0.998684E-04    0.682656E-04
 2.25826    0.449016E-04   -0.985368E-04    0.665254E-04
 2.27628    0.437215E-04   -0.972397E-04    0.648221E-04
 2.29431    0.425968E-04   -0.959757E-04    0.631547E-04
 2.31233    0.415254E-04   -0.947437E-04    0.615221E-04
 2.33036    0.405048E-04   -0.935422E-04    0.599230E-04
 2.34839    0.395321E-04   -0.923700E-04    0.583564E-04
 2.36641    0.386045E-04   -0.912254E-04    0.568207E-04
 2.38444    0.377191E-04   -0.901070E-04    0.553148E-04
 2.40246    0.368724E-04   -0.890130E-04    0.538372E-04
 2.42049    0.360613E-04   -0.879417E-04    0.523863E-04
 2.43852    0.352821E-04   -0.868912E-04    0.509607E-04
 2.45654    0.345313E-04   -0.858597E-04    0.495587E-04
 2.47457    0.338050E-04   -0.848451E-04    0.481789E-04
 2.49260    0.330992E-04   -0.838455E-04    0.468193E-04
 2.51062    0.324102E-04   -0.828587E-04    0.454785E-04
 2.52865    0.317338E-04   -0.818829E-04    0.441545E-04
 2.54667    0.310656E-04   -0.809157E-04    0.428457E-04
 2.56470    0.304021E-04   -0.799551E-04    0.415505E-04
 2.58273    0.297389E-04   -0.789991E-04    0.402670E-04
 2.60075    0.290721E-04   -0.780456E-04    0.389936E-04
 2.61878    0.283978E-04   -0.770926E-04    0.377287E-04
 2.63680    0.277124E-04   -0.761381E-04    0.364707E-04
 2.65483    0.270122E-04   -0.751805E-04    0.352181E-04
 2.67286    0.262939E-04   -0.742178E-04    0.339694E-04
 2.69088    0.255543E-04   -0.732486E-04    0.327234E-04
 2.70891    0.247905E-04   -0.722713E-04    0.314789E-04
 2.72693    0.239999E-04   -0.712846E-04    0.302346E-04
 2.74496    0.231803E-04   -0.702873E-04    0.289898E-04
 2.76299    0.223296E-04   -0.692784E-04    0.277434E-04
 2.78101    0.214463E-04   -0.682571E-04    0.264948E-04
 2.79904    0.205290E-04   -0.672227E-04    0.252434E-04
 2.81706    0.195769E-04   -0.661748E-04    0.239889E-04
 2.83509    0.185895E-04   -0.651130E-04    0.227310E-04
 2.85312    0.175667E-04   -0.640374E-04    0.214695E-04
 2.87114    0.165086E-04   -0.629480E-04    0.202045E-04
 2.88917    0.154160E-04   -0.618452E-04    0.189362E-04
 2.90719    0.142896E-04   -0.607293E-04    0.176649E-04
 2.92522    0.131309E-04   -0.596006E-04    0.163910E-04
 2.94325    0.119413E-04   -0.584612E-04    0.151151E-04
 2.96127    0.107228E-04   -0.573108E-04    0.138380E-04
 2.97930    0.947770E-05   -0.561510E-04    0.125604E-04
 2.99732    0.820831E-05   -0.549829E-04    0.112833E-04
 3.01535    0.691699E-05   -0.538078E-04    0.100075E-04
 3.03338    0.560688E-05   -0.526272E-04    0.873423E-05
 3.05140    0.428085E-05   -0.514425E-04    0.746454E-05
 3.06943    0.294197E-05   -0.502564E-04    0.619970E-05
 3.08745    0.159340E-05   -0.490684E-04    0.494071E-05
 3.10548    0.238492E-06   -0.478812E-04    0.368901E-05
 3.12351   -0.111966E-05   -0.466963E-04    0.244561E-05
 3.14153   -0.247770E-05   -0.455156E-04    0.121196E-05
 3.15956   -0.383244E-05   -0.443406E-04   -0.107732E-07
 3.17759   -0.518081E-05   -0.431729E-04   -0.122142E-05
 3.19561   -0.651917E-05   -0.420140E-04   -0.241885E-05
 3.21364   -0.784501E-05   -0.408656E-04   -0.360169E-05
 3.23166   -0.915536E-05   -0.397279E-04   -0.476913E-05
 3.24969   -0.104474E-04   -0.386046E-04   -0.592000E-05
 3.26772   -0.117186E-04   -0.374959E-04   -0.705334E-05
 3.28574   -0.129665E-04   -0.364029E-04   -0.816832E-05
 3.30377   -0.141888E-04   -0.353269E-04   -0.926397E-05
 3.32179   -0.153835E-04   -0.342688E-04   -0.103396E-04
 3.33982   -0.165486E-04   -0.332296E-04   -0.113946E-04
 3.35785   -0.176827E-04   -0.322101E-04   -0.124282E-04
 3.37587   -0.187839E-04   -0.312112E-04   -0.134400E-04
 3.39390   -0.198513E-04   -0.302333E-04   -0.144295E-04
 3.41192   -0.208835E-04   -0.292772E-04   -0.153963E-04
 3.42995   -0.218798E-04   -0.283431E-04   -0.163401E-04
 3.44798   -0.228395E-04   -0.274316E-04   -0.172607E-04
 3.46600   -0.237618E-04   -0.265428E-04   -0.181579E-04
 3.48403   -0.246466E-04   -0.256769E-04   -0.190316E-04
 3.50205   -0.254935E-04   -0.248340E-04   -0.198819E-04
 3.52008   -0.263025E-04   -0.240142E-04   -0.207086E-04
 3.53811   -0.270736E-04   -0.232173E-04   -0.215120E-04
 3.55613   -0.278072E-04   -0.224434E-04   -0.222922E-04
 3.57416   -0.285035E-04   -0.216920E-04   -0.230493E-04
 3.59218   -0.291629E-04   -0.209632E-04   -0.237835E-04
 3.61021   -0.297860E-04   -0.202565E-04   -0.244953E-04
 3.62824   -0.303734E-04   -0.195715E-04   -0.251847E-04
 3.64626   -0.309259E-04   -0.189081E-04   -0.258523E-04
 3.66429   -0.314442E-04   -0.182656E-04   -0.264984E-04
 3.68231   -0.319292E-04   -0.176438E-04   -0.271234E-04
 3.70034   -0.323817E-04   -0.170420E-04   -0.277277E-04
 3.71837   -0.328027E-04   -0.164598E-04   -0.283116E-04
 3.73639   -0.331931E-04   -0.158966E-04   -0.288757E-04
 3.75442   -0.335540E-04   -0.153521E-04   -0.294205E-04
 3.77244   -0.338864E-04   -0.148256E-04   -0.299464E-04
 3.79047   -0.341912E-04   -0.143166E-04   -0.304538E-04
 3.80850   -0.344696E-04   -0.138246E-04   -0.309433E-04
 3.82652   -0.347224E-04   -0.133489E-04   -0.314153E-04
 3.84455   -0.349509E-04   -0.128890E-04   -0.318703E-04
 3.86258   -0.351560E-04   -0.124445E-04   -0.323088E-04
 3.88060   -0.353386E-04   -0.120149E-04   -0.327312E-04
 3.89863   -0.354999E-04   -0.115994E-04   -0.331380E-04
 3.91665   -0.356407E-04   -0.111978E-04   -0.335297E-04
 3.93468   -0.357621E-04   -0.108093E-04   -0.339066E-04
 3.95271   -0.358650E-04   -0.104335E-04   -0.342693E-04
 3.97073   -0.359501E-04   -0.100700E-04   -0.346183E-04
 3.98876   -0.360185E-04   -0.971830E-05   -0.349538E-04
 4.00678   -0.360709E-04   -0.937791E-05   -0.352763E-04
 4.02481   -0.361083E-04   -0.904841E-05   -0.355861E-04
 4.04284   -0.361313E-04   -0.872936E-05   -0.358839E-04
 4.06086   -0.361408E-04   -0.842034E-05   -0.361697E-04
 4.07889   -0.361375E-04   -0.812097E-05   -0.364441E-04
 4.09691   -0.361221E-04   -0.783085E-05   -0.367074E-04
 4.11494   -0.360953E-04   -0.754963E-05   -0.369600E-04
 4.13297   -0.360577E-04   -0.727693E-05   -0.372020E-04
 4.15099   -0.360099E-04   -0.701244E-05   -0.374340E-04
 4.16902   -0.359525E-04   -0.675580E-05   -0.376562E-04
 4.18704   -0.358862E-04   -0.650673E-05   -0.378688E-04
 4.20507   -0.358114E-04   -0.626490E-05   -0.380722E-04
 4.22310   -0.357285E-04   -0.603005E-05   -0.382667E-04
 4.24112   -0.356382E-04   -0.580191E-05   -0.384525E-04
 4.25915   -0.355408E-04   -0.558019E-05   -0.386298E-04
 4.27717   -0.354369E-04   -0.536464E-05   -0.387990E-04
 4.29520   -0.353268E-04   -0.515504E-05   -0.389603E-04
 4.31323   -0.352110E-04   -0.495116E-05   -0.391138E-04
 4.33125   -0.350898E-04   -0.475278E-05   -0.392599E-04
 4.34928   -0.349635E-04   -0.455969E-05   -0.393987E-04
 4.36730   -0.348326E-04   -0.437169E-05   -0.395304E-04
 4.38533   -0.346972E-04   -0.418860E-05   -0.396553E-04
 4.40336   -0.345578E-04   -0.401022E-05   -0.397735E-04
 4.42138   -0.344146E-04   -0.383641E-05   -0.398851E-04
 4.43941   -0.342679E-04   -0.366698E-05   -0.399905E-04
 4.45743   -0.341180E-04   -0.350178E-05   -0.400897E-04
 4.47546   -0.339650E-04   -0.334066E-05   -0.401830E-04
 4.49349   -0.338093E-04   -0.318348E-05   -0.402704E-04
 4.51151   -0.336510E-04   -0.303011E-05   -0.403522E-04
 4.52954   -0.334903E-04   -0.288039E-05   -0.404284E-04
 4.54757   -0.333275E-04   -0.273423E-05   -0.404993E-04
 4.56559   -0.331627E-04   -0.259151E-05   -0.405650E-04
 4.58362   -0.329961E-04   -0.245210E-05   -0.406257E-04
 4.60164   -0.328279E-04   -0.231589E-05   -0.406814E-04
 4.61967   -0.326581E-04   -0.218279E-05   -0.407323E-04
 4.63770   -0.324871E-04   -0.205269E-05   -0.407785E-04
 4.65572   -0.323148E-04   -0.192551E-05   -0.408202E-04
 4.67375   -0.321415E-04   -0.180113E-05   -0.408575E-04
 4.69177   -0.319672E-04   -0.167950E-05   -0.408904E-04
 4.70980   -0.317921E-04   -0.156051E-05   -0.409193E-04
 4.72783   -0.316163E-04   -0.144408E-05   -0.409439E-04
 4.74585   -0.314399E-04   -0.133015E-05   -0.409646E-04
 4.76388   -0.312631E-04   -0.121863E-05   -0.409814E-04
 4.78190   -0.310858E-04   -0.110945E-05   -0.409945E-04
 4.79993   -0.309082E-04   -0.100255E-05   -0.410038E-04
 4.81796   -0.307303E-04   -0.897856E-06   -0.410082E-04
 4.83598   -0.305524E-04   -0.795309E-06   -0.410116E-04
 4.85401   -0.303743E-04   -0.694850E-06   -0.410103E-04
 4.87203   -0.301962E-04   -0.596416E-06   -0.410056E-04
 4.89006   -0.300183E-04   -0.499954E-06   -0.409976E-04
 4.90809   -0.298404E-04   -0.405408E-06   -0.409864E-04
 4.92611   -0.296628E-04   -0.312725E-06   -0.409721E-04
 4.94414   -0.294854E-04   -0.221853E-06   -0.409547E-04
 4.96216   -0.293083E-04   -0.132743E-06   -0.409343E-04
 4.98019   -0.291316E-04   -0.453484E-07   -0.409110E-04
 4.99822   -0.289553E-04    0.403764E-07   -0.408848E-04
 5.01624   -0.287794E-04    0.124478E-06   -0.408559E-04
 5.03427   -0.286041E-04    0.206997E-06   -0.408243E-04
 5.05229   -0.284293E-04    0.287976E-06   -0.407900E-04
 5.07032   -0.282552E-04    0.367454E-06   -0.407532E-04
 5.08835   -0.280816E-04    0.445471E-06   -0.407138E-04
 5.10637   -0.279087E-04    0.522064E-06   -0.406721E-04
 5.12440   -0.277366E-04    0.597268E-06   -0.406280E-04
 5.14242   -0.275651E-04    0.671119E-06   -0.405815E-04
 5.16045   -0.273944E-04    0.743652E-06   -0.405329E-04
 5.17848   -0.272245E-04    0.814897E-06   -0.404820E-04
 5.19650   -0.270554E-04    0.884889E-06   -0.404289E-04
 5.21453   -0.268872E-04    0.953655E-06   -0.403738E-04
 5.23256   -0.267199E-04    0.102122E-05   -0.403166E-04
 5.25058   -0.265534E-04    0.108762E-05   -0.402575E-04
 5.26861   -0.263878E-04    0.115289E-05   -0.401963E-04
 5.28663   -0.262232E-04    0.121704E-05   -0.401333E-04
 5.30466   -0.260594E-04    0.128011E-05   -0.400683E-04
 5.32269   -0.258967E-04    0.134211E-05   -0.400015E-04
 5.34071   -0.257349E-04    0.140307E-05   -0.399330E-04
 5.35874   -0.255741E-04    0.146300E-05   -0.398626E-04
 5.37676   -0.254143E-04    0.152194E-05   -0.397906E-04
 5.39479   -0.252555E-04    0.157990E-05   -0.397169E-04
 5.41282   -0.250977E-04    0.163691E-05   -0.396415E-04
 5.43084   -0.249409E-04    0.169297E-05   -0.395646E-04
 5.44887   -0.247852E-04    0.174812E-05   -0.394861E-04
 5.46689   -0.246304E-04    0.180236E-05   -0.394060E-04
 5.48492   -0.244766E-04    0.185571E-05   -0.393245E-04
 5.50295   -0.243239E-04    0.190819E-05   -0.392416E-04
 5.52097   -0.241722E-04    0.195981E-05   -0.391572E-04
 5.53900   -0.240216E-04    0.201060E-05   -0.390714E-04
 5.55702   -0.238719E-04    0.206054E-05   -0.389844E-04
 5.57505   -0.237233E-04    0.210966E-05   -0.388962E-04
 5.59308   -0.235757E-04    0.215797E-05   -0.388065E-04
 5.61110   -0.234291E-04    0.220549E-05   -0.387156E-04
 5.62913   -0.232835E-04    0.225222E-05   -0.386235E-04
 5.64715   -0.231388E-04    0.229817E-05   -0.385302E-04
 5.66518   -0.229951E-04    0.234335E-05   -0.384358E-04
 5.68321   -0.228525E-04    0.238778E-05   -0.383402E-04
 5.70123   -0.227108E-04    0.243147E-05   -0.382436E-04
 5.71926   -0.225700E-04    0.247440E-05   -0.381458E-04
 5.73728   -0.224302E-04    0.251657E-05   -0.380471E-04
 5.75531   -0.222913E-04    0.255807E-05   -0.379473E-04
 5.77334   -0.221534E-04    0.259882E-05   -0.378465E-04
 5.79136   -0.220163E-04    0.263886E-05   -0.377447E-04
 5.80939   -0.218802E-04    0.267818E-05   -0.376419E-04
 5.82741   -0.217450E-04    0.271682E-05   -0.375383E-04
 5.84544   -0.216106E-04    0.275476E-05   -0.374337E-04
 5.86347   -0.214771E-04    0.279201E-05   -0.373282E-04
 5.88149   -0.213445E-04    0.282858E-05   -0.372218E-04
 5.89952   -0.212127E-04    0.286448E-05   -0.371146E-04
 5.91755   -0.210818E-04    0.289970E-05   -0.370066E-04
 5.93557   -0.209516E-04    0.293426E-05   -0.368977E-04
 5.95360   -0.208223E-04    0.296817E-05   -0.367881E-04
 5.97162   -0.206938E-04    0.300143E-05   -0.366777E-04
 5.98965   -0.205661E-04    0.303403E-05   -0.365665E-04
 6.00768   -0.204392E-04    0.306599E-05   -0.364546E-04
 6.02570   -0.203130E-04    0.309731E-05   -0.363420E-04
 6.04373   -0.201876E-04    0.312800E-05   -0.362287E-04
 6.06175   -0.200630E-04    0.315807E-05   -0.361147E-04
 6.07978   -0.199391E-04    0.318752E-05   -0.360000E-04
 6.09781   -0.198159E-04    0.321636E-05   -0.358848E-04
 6.11583   -0.196934E-04    0.324460E-05   -0.357688E-04
 6.13386   -0.195717E-04    0.327223E-05   -0.356523E-04
 6.15188   -0.194507E-04    0.329927E-05   -0.355352E-04
 6.16991   -0.193304E-04    0.332573E-05   -0.354175E-04
 6.18794   -0.192108E-04    0.335161E-05   -0.352993E-04
 6.20596   -0.190919E-04    0.337692E-05   -0.351805E-04
 6.22399   -0.189737E-04    0.340167E-05   -0.350613E-04
 6.24201   -0.188562E-04    0.342585E-05   -0.349415E-04
 6.26004   -0.187393E-04    0.344949E-05   -0.348212E-04
 6.27807   -0.186232E-04    0.347258E-05   -0.347005E-04
 6.29609   -0.185077E-04    0.349514E-05   -0.345793E-04
 6.31412   -0.183928E-04    0.351717E-05   -0.344577E-04
 6.33214   -0.182787E-04    0.353867E-05   -0.343357E-04
 6.35017   -0.181652E-04    0.355966E-05   -0.342133E-04
 6.36820   -0.180523E-04    0.358015E-05   -0.340905E-04
 6.38622   -0.179401E-04    0.360012E-05   -0.339674E-04
 6.40425   -0.178286E-04    0.361962E-05   -0.338438E-04
 6.42227   -0.177177E-04    0.363863E-05   -0.337200E-04
 6.44030   -0.176075E-04    0.365717E-05   -0.335958E-04
 6.45833   -0.174979E-04    0.367524E-05   -0.334714E-04
 6.47635   -0.173890E-04    0.369285E-05   -0.333466E-04
 6.49438   -0.172807E-04    0.371002E-05   -0.332216E-04
 6.51240   -0.171730E-04    0.372673E-05   -0.330963E-04
 6.53043   -0.170661E-04    0.374302E-05   -0.329708E-04
 6.54846   -0.169597E-04    0.375888E-05   -0.328451E-04
 6.56648   -0.168541E-04    0.377432E-05   -0.327191E-04
 6.58451   -0.167490E-04    0.378935E-05   -0.325930E-04
 6.60254   -0.166446E-04    0.380398E-05   -0.324667E-04
 6.62056   -0.165409E-04    0.381823E-05   -0.323402E-04
 6.63859   -0.164378E-04    0.383206E-05   -0.322135E-04
 6.65661   -0.163354E-04    0.384554E-05   -0.320867E-04
 6.67464   -0.162337E-04    0.385863E-05   -0.319598E-04
 6.69267   -0.161325E-04    0.387138E-05   -0.318328E-04
 6.71069   -0.160321E-04    0.388377E-05   -0.317057E-04
 6.72872   -0.159323E-04    0.389580E-05   -0.315785E-04
 6.74674   -0.158331E-04    0.390751E-05   -0.314512E-04
 6.76477   -0.157347E-04    0.391888E-05   -0.313239E-04
 6.78280   -0.156368E-04    0.392992E-05   -0.311965E-04
 6.80082   -0.155396E-04    0.394065E-05   -0.310691E-04
 6.81885   -0.154431E-04    0.395106E-05   -0.309417E-04
 6.83687   -0.153473E-04    0.396118E-05   -0.308142E-04
 6.85490   -0.152521E-04    0.397099E-05   -0.306868E-04
 6.87293   -0.151575E-04    0.398051E-05   -0.305594E-04
 6.89095   -0.150636E-04    0.398975E-05   -0.304319E-04
 6.90898   -0.149704E-04    0.399871E-05   -0.303046E-04
 6.92700   -0.148778E-04    0.400739E-05   -0.301772E-04
 6.94503   -0.147859E-04    0.401581E-05   -0.300499E-04
 6.96306   -0.146946E-04    0.402397E-05   -0.299227E-04
 6.98108   -0.146040E-04    0.403188E-05   -0.297956E-04
 6.99911   -0.145140E-04    0.403954E-05   -0.296685E-04
 7.01713   -0.144247E-04    0.404695E-05   -0.295416E-04
 7.03516   -0.143360E-04    0.405412E-05   -0.294147E-04
 7.05319   -0.142480E-04    0.406106E-05   -0.292879E-04
 7.07121   -0.141606E-04    0.406778E-05   -0.291613E-04
 7.08924   -0.140738E-04    0.407427E-05   -0.290348E-04
 7.10726   -0.139877E-04    0.408054E-05   -0.289084E-04
 7.12529   -0.139022E-04    0.408659E-05   -0.287822E-04
 7.14332   -0.138174E-04    0.409247E-05   -0.286561E-04
 7.16134   -0.137332E-04    0.409810E-05   -0.285302E-04
 7.17937   -0.136497E-04    0.410354E-05   -0.284044E-04
 7.19739   -0.135667E-04    0.410879E-05   -0.282788E-04
 7.21542   -0.134844E-04    0.411383E-05   -0.281534E-04
 7.23345   -0.134027E-04    0.411868E-05   -0.280282E-04
 7.25147   -0.133216E-04    0.412335E-05   -0.279032E-04
 7.26950   -0.132411E-04    0.412784E-05   -0.277783E-04
 7.28753   -0.131613E-04    0.413216E-05   -0.276537E-04
 7.30555   -0.130820E-04    0.413628E-05   -0.275293E-04
 7.32358   -0.130033E-04    0.414024E-05   -0.274051E-04
 7.34160   -0.129253E-04    0.414402E-05   -0.272811E-04
 7.35963   -0.128478E-04    0.414765E-05   -0.271574E-04
 7.37766   -0.127709E-04    0.415110E-05   -0.270339E-04
 7.39568   -0.126946E-04    0.415440E-05   -0.269106E-04
 7.41371   -0.126189E-04    0.415753E-05   -0.267876E-04
 7.43173   -0.125438E-04    0.416051E-05   -0.266648E-04
 7.44976   -0.124692E-04    0.416334E-05   -0.265423E-04
 7.46779   -0.123953E-04    0.416601E-05   -0.264200E-04
 7.48581   -0.123218E-04    0.416853E-05   -0.262980E-04
 7.50384   -0.122490E-04    0.417092E-05   -0.261763E-04
 7.52186   -0.121767E-04    0.417316E-05   -0.260548E-04
 7.53989   -0.121049E-04    0.417525E-05   -0.259336E-04
 7.55792   -0.120337E-04    0.417720E-05   -0.258127E-04
 7.57594   -0.119631E-04    0.417902E-05   -0.256921E-04
 7.59397   -0.118929E-04    0.418071E-05   -0.255718E-04
 7.61199   -0.118234E-04    0.418226E-05   -0.254517E-04
 7.63002   -0.117543E-04    0.418368E-05   -0.253320E-04
 7.64805   -0.116858E-04    0.418497E-05   -0.252126E-04
 7.66607   -0.116178E-04    0.418614E-05   -0.250934E-04
 7.68410   -0.115503E-04    0.418719E-05   -0.249746E-04
 7.70212   -0.114834E-04    0.418811E-05   -0.248560E-04
 7.72015   -0.114169E-04    0.418891E-05   -0.247378E-04
 7.73818   -0.113510E-04    0.418959E-05   -0.246199E-04
 7.75620   -0.112855E-04    0.419016E-05   -0.245023E-04
 7.77423   -0.112206E-04    0.419061E-05   -0.243851E-04
 7.79225   -0.111561E-04    0.419095E-05   -0.242681E-04
 7.81028   -0.110922E-04    0.419117E-05   -0.241515E-04
 7.82831   -0.110287E-04    0.419129E-05   -0.240352E-04
 7.84633   -0.109657E-04    0.419129E-05   -0.239192E-04
 7.86436   -0.109032E-04    0.419119E-05   -0.238036E-04
 7.88238   -0.108412E-04    0.419098E-05   -0.236883E-04
 7.90041   -0.107796E-04    0.419067E-05   -0.235734E-04
 7.91844   -0.107185E-04    0.419026E-05   -0.234588E-04
 7.93646   -0.106579E-04    0.418974E-05   -0.233445E-04
 7.95449   -0.105977E-04    0.418912E-05   -0.232306E-04
 7.97252   -0.105380E-04    0.418841E-05   -0.231170E-04
 7.99054   -0.104787E-04    0.418759E-05   -0.230037E-04
 8.00857   -0.104199E-04    0.418668E-05   -0.228908E-04
 8.02659   -0.103615E-04    0.418568E-05   -0.227783E-04
 8.04462   -0.103035E-04    0.418458E-05   -0.226661E-04
 8.06265   -0.102460E-04    0.418338E-05   -0.225543E-04
 8.08067   -0.101889E-04    0.418210E-05   -0.224428E-04
 8.09870   -0.101322E-04    0.418072E-05   -0.223317E-04
 8.11672   -0.100759E-04    0.417926E-05   -0.222210E-04
 8.13475   -0.100201E-04    0.417771E-05   -0.221106E-04
 8.15278   -0.996463E-05    0.417607E-05   -0.220005E-04
 8.17080   -0.990960E-05    0.417433E-05   -0.218908E-04
 8.18883   -0.985499E-05    0.417252E-05   -0.217815E-04
 8.20685   -0.980077E-05    0.417064E-05   -0.216726E-04
 8.22488   -0.974695E-05    0.416866E-05   -0.215640E-04
 8.24291   -0.969352E-05    0.416660E-05   -0.214558E-04
 8.26093   -0.964048E-05    0.416446E-05   -0.213480E-04
 8.27896   -0.958783E-05    0.416224E-05   -0.212405E-04
 8.29698   -0.953556E-05    0.415995E-05   -0.211334E-04
 8.31501   -0.948368E-05    0.415757E-05   -0.210266E-04
 8.33304   -0.943217E-05    0.415512E-05   -0.209203E-04
 8.35106   -0.938103E-05    0.415260E-05   -0.208145E-04
 8.36909   -0.933026E-05    0.414999E-05   -0.207088E-04
 8.38711   -0.927986E-05    0.414731E-05   -0.206036E-04
 8.40514   -0.922982E-05    0.414456E-05   -0.204987E-04
 8.42317   -0.918014E-05    0.414174E-05   -0.203942E-04
 8.44119   -0.913082E-05    0.413886E-05   -0.202901E-04
 8.45922   -0.908185E-05    0.413590E-05   -0.201864E-04
 8.47724   -0.903322E-05    0.413287E-05   -0.200830E-04
 8.49527   -0.898495E-05    0.412980E-05   -0.199800E-04
 8.51330   -0.893702E-05    0.412664E-05   -0.198774E-04
 8.53132   -0.888942E-05    0.412341E-05   -0.197752E-04
 8.54935   -0.884217E-05    0.412012E-05   -0.196733E-04
 8.56737   -0.879524E-05    0.411676E-05   -0.195719E-04
 8.58540   -0.874865E-05    0.411334E-05   -0.194708E-04
 8.60343   -0.870238E-05    0.410985E-05   -0.193701E-04
 8.62145   -0.865644E-05    0.410628E-05   -0.192697E-04
 8.63948   -0.861081E-05    0.410267E-05   -0.191698E-04
 8.65751   -0.856550E-05    0.409900E-05   -0.190702E-04
 8.67553   -0.852051E-05    0.409526E-05   -0.189710E-04
 8.69356   -0.847582E-05    0.409147E-05   -0.188722E-04
 8.71158   -0.843143E-05    0.408761E-05   -0.187737E-04
 8.72961   -0.838735E-05    0.408369E-05   -0.186756E-04
 8.74764   -0.834357E-05    0.407972E-05   -0.185779E-04
 8.76566   -0.830009E-05    0.407568E-05   -0.184806E-04
 8.78369   -0.825689E-05    0.407159E-05   -0.183837E-04
 8.80171   -0.821399E-05    0.406744E-05   -0.182871E-04
 8.81974   -0.817137E-05    0.406323E-05   -0.181909E-04
 8.83777   -0.812904E-05    0.405896E-05   -0.180951E-04
 8.85579   -0.808698E-05    0.405464E-05   -0.179997E-04
 8.87382   -0.804520E-05    0.405026E-05   -0.179046E-04
 8.89184   -0.800370E-05    0.404583E-05   -0.178100E-04
 8.90987   -0.796247E-05    0.404134E-05   -0.177157E-04
 8.92790   -0.792150E-05    0.403680E-05   -0.176217E-04
 8.94592   -0.788081E-05    0.403220E-05   -0.175281E-04
 8.96395   -0.784037E-05    0.402755E-05   -0.174350E-04
 8.98197   -0.780020E-05    0.402285E-05   -0.173422E-04
 9.00000   -0.776028E-05    0.401810E-05   -0.172499E-04
