 0.00500    0.167712E-02   -0.846725E-03    0.653658E-03
 0.02303    0.138377E-02   -0.700060E-03    0.543642E-03
 0.04105    0.121073E-02   -0.613530E-03    0.478728E-03
 0.05908    0.108420E-02   -0.550247E-03    0.431238E-03
 0.07710    0.984186E-03   -0.500220E-03    0.393688E-03
 0.09513    0.901704E-03   -0.458955E-03    0.362701E-03
 0.11316    0.831811E-03   -0.423980E-03    0.336427E-03
 0.13118    0.771421E-03   -0.393756E-03    0.313713E-03
 0.14921    0.718500E-03   -0.367265E-03    0.293795E-03
 0.16723    0.671607E-03   -0.343784E-03    0.276132E-03
 0.18526    0.629684E-03   -0.322786E-03    0.260329E-03
 0.20329    0.591928E-03   -0.303872E-03    0.246086E-03
 0.22131    0.557716E-03   -0.286727E-03    0.233169E-03
 0.23934    0.526554E-03   -0.271105E-03    0.221393E-03
 0.25736    0.498039E-03   -0.256807E-03    0.210608E-03
 0.27539    0.471845E-03   -0.243667E-03    0.200692E-03
 0.29342    0.447696E-03   -0.231550E-03    0.191543E-03
 0.31144    0.425366E-03   -0.220341E-03    0.183075E-03
 0.32947    0.404658E-03   -0.209942E-03    0.175215E-03
 0.34749    0.385413E-03   -0.200271E-03    0.167900E-03
 0.36552    0.367463E-03   -0.191256E-03    0.161078E-03
 0.38355    0.350709E-03   -0.182834E-03    0.154701E-03
 0.40157    0.335033E-03   -0.174951E-03    0.148729E-03
 0.41960    0.320340E-03   -0.167560E-03    0.143127E-03
 0.43763    0.306544E-03   -0.160617E-03    0.137862E-03
 0.45565    0.293570E-03   -0.154085E-03    0.132906E-03
 0.47368    0.281351E-03   -0.147932E-03    0.128234E-03
 0.49170    0.269829E-03   -0.142126E-03    0.123825E-03
 0.50973    0.258948E-03   -0.136642E-03    0.119658E-03
 0.52776    0.248661E-03   -0.131455E-03    0.115715E-03
 0.54578    0.238924E-03   -0.126544E-03    0.111980E-03
 0.56381    0.229698E-03   -0.121888E-03    0.108437E-03
 0.58183    0.220947E-03   -0.117470E-03    0.105074E-03
 0.59986    0.212638E-03   -0.113274E-03    0.101879E-03
 0.61789    0.204742E-03   -0.109285E-03    0.988392E-04
 0.63591    0.197231E-03   -0.105489E-03    0.959458E-04
 0.65394    0.190080E-03   -0.101873E-03    0.931891E-04
 0.67196    0.183267E-03   -0.984272E-04    0.905605E-04
 0.68999    0.176770E-03   -0.951399E-04    0.880521E-04
 0.70802    0.170571E-03   -0.920019E-04    0.856568E-04
 0.72604    0.164651E-03   -0.890040E-04    0.833677E-04
 0.74407    0.158993E-03   -0.861381E-04    0.811786E-04
 0.76209    0.153583E-03   -0.833965E-04    0.790838E-04
 0.78012    0.148407E-03   -0.807723E-04    0.770780E-04
 0.79815    0.143451E-03   -0.782589E-04    0.751563E-04
 0.81617    0.138703E-03   -0.758502E-04    0.733141E-04
 0.83420    0.134152E-03   -0.735406E-04    0.715471E-04
 0.85222    0.129787E-03   -0.713246E-04    0.698511E-04
 0.87025    0.125599E-03   -0.691975E-04    0.682229E-04
 0.88828    0.121577E-03   -0.671545E-04    0.666585E-04
 0.90630    0.117715E-03   -0.651915E-04    0.651549E-04
 0.92433    0.114003E-03   -0.633045E-04    0.637090E-04
 0.94235    0.110434E-03   -0.614895E-04    0.623180E-04
 0.96038    0.107001E-03   -0.597432E-04    0.609791E-04
 0.97841    0.103698E-03   -0.580621E-04    0.596900E-04
 0.99643    0.100518E-03   -0.564433E-04    0.584483E-04
 1.01446    0.974553E-04   -0.548838E-04    0.572515E-04
 1.03248    0.945046E-04   -0.533808E-04    0.560978E-04
 1.05051    0.916608E-04   -0.519317E-04    0.549850E-04
 1.06854    0.889189E-04   -0.505342E-04    0.539115E-04
 1.08656    0.862744E-04   -0.491858E-04    0.528753E-04
 1.10459    0.837229E-04   -0.478846E-04    0.518750E-04
 1.12262    0.812604E-04   -0.466283E-04    0.509089E-04
 1.14064    0.788829E-04   -0.454150E-04    0.499754E-04
 1.15867    0.765868E-04   -0.442430E-04    0.490733E-04
 1.17669    0.743687E-04   -0.431103E-04    0.482012E-04
 1.19472    0.722252E-04   -0.420155E-04    0.473578E-04
 1.21275    0.701533E-04   -0.409570E-04    0.465419E-04
 1.23077    0.681500E-04   -0.399332E-04    0.457524E-04
 1.24880    0.662126E-04   -0.389429E-04    0.449883E-04
 1.26682    0.643385E-04   -0.379846E-04    0.442484E-04
 1.28485    0.625250E-04   -0.370570E-04    0.435319E-04
 1.30288    0.607698E-04   -0.361591E-04    0.428378E-04
 1.32090    0.590707E-04   -0.352895E-04    0.421652E-04
 1.33893    0.574253E-04   -0.344473E-04    0.415132E-04
 1.35695    0.558318E-04   -0.336314E-04    0.408812E-04
 1.37498    0.542880E-04   -0.328408E-04    0.402682E-04
 1.39301    0.527921E-04   -0.320745E-04    0.396737E-04
 1.41103    0.513424E-04   -0.313316E-04    0.390968E-04
 1.42906    0.499372E-04   -0.306113E-04    0.385369E-04
 1.44708    0.485748E-04   -0.299129E-04    0.379935E-04
 1.46511    0.472537E-04   -0.292354E-04    0.374658E-04
 1.48314    0.459724E-04   -0.285782E-04    0.369534E-04
 1.50116    0.447295E-04   -0.279405E-04    0.364556E-04
 1.51919    0.435237E-04   -0.273216E-04    0.359720E-04
 1.53721    0.423536E-04   -0.267209E-04    0.355020E-04
 1.55524    0.412180E-04   -0.261378E-04    0.350451E-04
 1.57327    0.401156E-04   -0.255717E-04    0.346010E-04
 1.59129    0.390457E-04   -0.250219E-04    0.341691E-04
 1.60932    0.380068E-04   -0.244880E-04    0.337490E-04
 1.62734    0.369979E-04   -0.239694E-04    0.333403E-04
 1.64537    0.360182E-04   -0.234656E-04    0.329427E-04
 1.66340    0.350666E-04   -0.229762E-04    0.325557E-04
 1.68142    0.341422E-04   -0.225006E-04    0.321790E-04
 1.69945    0.332442E-04   -0.220385E-04    0.318123E-04
 1.71747    0.323717E-04   -0.215893E-04    0.314552E-04
 1.73550    0.315240E-04   -0.211528E-04    0.311074E-04
 1.75353    0.307002E-04   -0.207284E-04    0.307686E-04
 1.77155    0.298997E-04   -0.203159E-04    0.304386E-04
 1.78958    0.291217E-04   -0.199149E-04    0.301170E-04
 1.80761    0.283656E-04   -0.195251E-04    0.298036E-04
 1.82563    0.276307E-04   -0.191461E-04    0.294981E-04
 1.84366    0.269165E-04   -0.187775E-04    0.292003E-04
 1.86168    0.262223E-04   -0.184192E-04    0.289100E-04
 1.87971    0.255475E-04   -0.180707E-04    0.286270E-04
 1.89774    0.248916E-04   -0.177315E-04    0.283509E-04
 1.91576    0.242540E-04   -0.174024E-04    0.280816E-04
 1.93379    0.236343E-04   -0.170820E-04    0.278189E-04
 1.95181    0.230320E-04   -0.167705E-04    0.275632E-04
 1.96984    0.224465E-04   -0.164675E-04    0.273131E-04
 1.98787    0.218775E-04   -0.161729E-04    0.270691E-04
 2.00589    0.213245E-04   -0.158865E-04    0.268304E-04
 2.02392    0.207869E-04   -0.156079E-04    0.265980E-04
 2.04194    0.202645E-04   -0.153370E-04    0.263710E-04
 2.05997    0.197568E-04   -0.150736E-04    0.261494E-04
 2.07800    0.192633E-04   -0.148174E-04    0.259330E-04
 2.09602    0.187837E-04   -0.145683E-04    0.257216E-04
 2.11405    0.183175E-04   -0.143261E-04    0.255151E-04
 2.13207    0.178645E-04   -0.140904E-04    0.253133E-04
 2.15010    0.174240E-04   -0.138613E-04    0.251161E-04
 2.16813    0.169959E-04   -0.136383E-04    0.249233E-04
 2.18615    0.165797E-04   -0.134214E-04    0.247348E-04
 2.20418    0.161750E-04   -0.132104E-04    0.245504E-04
 2.22220    0.157814E-04   -0.130050E-04    0.243699E-04
 2.24023    0.153985E-04   -0.128051E-04    0.241933E-04
 2.25826    0.150261E-04   -0.126104E-04    0.240204E-04
 2.27628    0.146636E-04   -0.124208E-04    0.238510E-04
 2.29431    0.143109E-04   -0.122362E-04    0.236850E-04
 2.31233    0.139674E-04   -0.120562E-04    0.235222E-04
 2.33036    0.136328E-04   -0.118808E-04    0.233626E-04
 2.34839    0.133068E-04   -0.117098E-04    0.232060E-04
 2.36641    0.129891E-04   -0.115429E-04    0.230522E-04
 2.38444    0.126793E-04   -0.113801E-04    0.229012E-04
 2.40246    0.123771E-04   -0.112211E-04    0.227528E-04
 2.42049    0.120822E-04   -0.110659E-04    0.226069E-04
 2.43852    0.117944E-04   -0.109142E-04    0.224635E-04
 2.45654    0.115133E-04   -0.107660E-04    0.223223E-04
 2.47457    0.112387E-04   -0.106210E-04    0.221832E-04
 2.49260    0.109703E-04   -0.104793E-04    0.220464E-04
 2.51062    0.107080E-04   -0.103406E-04    0.219115E-04
 2.52865    0.104516E-04   -0.102048E-04    0.217786E-04
 2.54667    0.102007E-04   -0.100719E-04    0.216475E-04
 2.56470    0.995535E-05   -0.994183E-05    0.215183E-04
 2.58273    0.971529E-05   -0.981441E-05    0.213908E-04
 2.60075    0.948040E-05   -0.968962E-05    0.212650E-04
 2.61878    0.925058E-05   -0.956741E-05    0.211408E-04
 2.63680    0.902572E-05   -0.944770E-05    0.210183E-04
 2.65483    0.880576E-05   -0.933049E-05    0.208974E-04
 2.67286    0.859061E-05   -0.921571E-05    0.207780E-04
 2.69088    0.838023E-05   -0.910335E-05    0.206603E-04
 2.70891    0.817457E-05   -0.899339E-05    0.205440E-04
 2.72693    0.797360E-05   -0.888580E-05    0.204292E-04
 2.74496    0.777731E-05   -0.878057E-05    0.203160E-04
 2.76299    0.758568E-05   -0.867771E-05    0.202043E-04
 2.78101    0.739870E-05   -0.857721E-05    0.200942E-04
 2.79904    0.721640E-05   -0.847907E-05    0.199855E-04
 2.81706    0.703876E-05   -0.838330E-05    0.198785E-04
 2.83509    0.686581E-05   -0.828988E-05    0.197729E-04
 2.85312    0.669752E-05   -0.819884E-05    0.196689E-04
 2.87114    0.653393E-05   -0.811018E-05    0.195664E-04
 2.88917    0.637501E-05   -0.802387E-05    0.194655E-04
 2.90719    0.622076E-05   -0.793995E-05    0.193661E-04
 2.92522    0.607118E-05   -0.785836E-05    0.192683E-04
 2.94325    0.592625E-05   -0.777914E-05    0.191720E-04
 2.96127    0.578594E-05   -0.770226E-05    0.190773E-04
 2.97930    0.565021E-05   -0.762770E-05    0.189842E-04
 2.99732    0.551900E-05   -0.755543E-05    0.188926E-04
 3.01535    0.539224E-05   -0.748542E-05    0.188024E-04
 3.03338    0.526984E-05   -0.741761E-05    0.187137E-04
 3.05140    0.515171E-05   -0.735198E-05    0.186265E-04
 3.06943    0.503773E-05   -0.728846E-05    0.185407E-04
 3.08745    0.492776E-05   -0.722697E-05    0.184562E-04
 3.10548    0.482168E-05   -0.716747E-05    0.183731E-04
 3.12351    0.471930E-05   -0.710985E-05    0.182912E-04
 3.14153    0.462045E-05   -0.705403E-05    0.182105E-04
 3.15956    0.452494E-05   -0.699993E-05    0.181309E-04
 3.17759    0.443255E-05   -0.694741E-05    0.180524E-04
 3.19561    0.434305E-05   -0.689638E-05    0.179749E-04
 3.21364    0.425619E-05   -0.684672E-05    0.178982E-04
 3.23166    0.417173E-05   -0.679827E-05    0.178224E-04
 3.24969    0.408939E-05   -0.675097E-05    0.177472E-04
 3.26772    0.400891E-05   -0.670461E-05    0.176727E-04
 3.28574    0.393000E-05   -0.665908E-05    0.175986E-04
 3.30377    0.385239E-05   -0.661424E-05    0.175250E-04
 3.32179    0.377576E-05   -0.656993E-05    0.174516E-04
 3.33982    0.369982E-05   -0.652602E-05    0.173784E-04
 3.35785    0.362426E-05   -0.648231E-05    0.173054E-04
 3.37587    0.354878E-05   -0.643873E-05    0.172322E-04
 3.39390    0.347308E-05   -0.639507E-05    0.171590E-04
 3.41192    0.339686E-05   -0.635118E-05    0.170855E-04
 3.42995    0.331985E-05   -0.630692E-05    0.170116E-04
 3.44798    0.324177E-05   -0.626324E-05    0.169373E-04
 3.46600    0.316235E-05   -0.621683E-05    0.168624E-04
 3.48403    0.308136E-05   -0.617074E-05    0.167869E-04
 3.50205    0.299854E-05   -0.612374E-05    0.167107E-04
 3.52008    0.291370E-05   -0.607579E-05    0.166336E-04
 3.53811    0.282661E-05   -0.602675E-05    0.165557E-04
 3.55613    0.273708E-05   -0.597653E-05    0.164769E-04
 3.57416    0.264495E-05   -0.592505E-05    0.163970E-04
 3.59218    0.255009E-05   -0.587224E-05    0.163161E-04
 3.61021    0.245236E-05   -0.581802E-05    0.162340E-04
 3.62824    0.235168E-05   -0.576237E-05    0.161508E-04
 3.64626    0.224799E-05   -0.570523E-05    0.160665E-04
 3.66429    0.214124E-05   -0.564660E-05    0.159809E-04
 3.68231    0.203142E-05   -0.558646E-05    0.158942E-04
 3.70034    0.191853E-05   -0.552483E-05    0.158063E-04
 3.71837    0.180259E-05   -0.546168E-05    0.157172E-04
 3.73639    0.168364E-05   -0.539705E-05    0.156269E-04
 3.75442    0.156177E-05   -0.533098E-05    0.155355E-04
 3.77244    0.143705E-05   -0.526351E-05    0.154430E-04
 3.79047    0.130959E-05   -0.519468E-05    0.153495E-04
 3.80850    0.117954E-05   -0.512458E-05    0.152549E-04
 3.82652    0.104704E-05   -0.505326E-05    0.151594E-04
 3.84455    0.912287E-06   -0.498082E-05    0.150629E-04
 3.86258    0.775463E-06   -0.490736E-05    0.149657E-04
 3.88060    0.636772E-06   -0.483297E-05    0.148676E-04
 3.89863    0.496429E-06   -0.475776E-05    0.147690E-04
 3.91665    0.354656E-06   -0.468184E-05    0.146697E-04
 3.93468    0.211677E-06   -0.460530E-05    0.145699E-04
 3.95271    0.677191E-07   -0.452829E-05    0.144697E-04
 3.97073   -0.769787E-07   -0.445090E-05    0.143692E-04
 3.98876   -0.222175E-06   -0.437325E-05    0.142684E-04
 4.00678   -0.367627E-06   -0.429548E-05    0.141675E-04
 4.02481   -0.513087E-06   -0.421769E-05    0.140665E-04
 4.04284   -0.658310E-06   -0.414001E-05    0.139655E-04
 4.06086   -0.803046E-06   -0.406256E-05    0.138647E-04
 4.07889   -0.947053E-06   -0.398546E-05    0.137640E-04
 4.09691   -0.109010E-05   -0.390883E-05    0.136637E-04
 4.11494   -0.123196E-05   -0.383277E-05    0.135637E-04
 4.13297   -0.137242E-05   -0.375740E-05    0.134642E-04
 4.15099   -0.151127E-05   -0.368281E-05    0.133652E-04
 4.16902   -0.164833E-05   -0.360910E-05    0.132669E-04
 4.18704   -0.178340E-05   -0.353636E-05    0.131692E-04
 4.20507   -0.191633E-05   -0.346468E-05    0.130722E-04
 4.22310   -0.204695E-05   -0.339413E-05    0.129761E-04
 4.24112   -0.217511E-05   -0.332478E-05    0.128808E-04
 4.25915   -0.230067E-05   -0.325671E-05    0.127864E-04
 4.27717   -0.242350E-05   -0.318999E-05    0.126930E-04
 4.29520   -0.254349E-05   -0.312463E-05    0.126005E-04
 4.31323   -0.266053E-05   -0.306074E-05    0.125091E-04
 4.33125   -0.277452E-05   -0.299835E-05    0.124188E-04
 4.34928   -0.288539E-05   -0.293749E-05    0.123296E-04
 4.36730   -0.299307E-05   -0.287819E-05    0.122415E-04
 4.38533   -0.309751E-05   -0.282049E-05    0.121546E-04
 4.40336   -0.319867E-05   -0.276441E-05    0.120688E-04
 4.42138   -0.329652E-05   -0.270993E-05    0.119843E-04
 4.43941   -0.339105E-05   -0.265710E-05    0.119009E-04
 4.45743   -0.348224E-05   -0.260591E-05    0.118187E-04
 4.47546   -0.357010E-05   -0.255635E-05    0.117377E-04
 4.49349   -0.365463E-05   -0.250843E-05    0.116579E-04
 4.51151   -0.373585E-05   -0.246214E-05    0.115793E-04
 4.52954   -0.381376E-05   -0.241747E-05    0.115019E-04
 4.54757   -0.388840E-05   -0.237440E-05    0.114257E-04
 4.56559   -0.395980E-05   -0.233292E-05    0.113506E-04
 4.58362   -0.402800E-05   -0.229302E-05    0.112767E-04
 4.60164   -0.409305E-05   -0.225467E-05    0.112039E-04
 4.61967   -0.415499E-05   -0.221783E-05    0.111322E-04
 4.63770   -0.421391E-05   -0.218248E-05    0.110617E-04
 4.65572   -0.426983E-05   -0.214859E-05    0.109922E-04
 4.67375   -0.432285E-05   -0.211614E-05    0.109238E-04
 4.69177   -0.437302E-05   -0.208508E-05    0.108564E-04
 4.70980   -0.442041E-05   -0.205538E-05    0.107901E-04
 4.72783   -0.446509E-05   -0.202700E-05    0.107247E-04
 4.74585   -0.450714E-05   -0.199992E-05    0.106602E-04
 4.76388   -0.454662E-05   -0.197409E-05    0.105968E-04
 4.78190   -0.458363E-05   -0.194948E-05    0.105342E-04
 4.79993   -0.461822E-05   -0.192604E-05    0.104725E-04
 4.81796   -0.465046E-05   -0.190375E-05    0.104116E-04
 4.83598   -0.468043E-05   -0.188256E-05    0.103516E-04
 4.85401   -0.470820E-05   -0.186245E-05    0.102924E-04
 4.87203   -0.473387E-05   -0.184337E-05    0.102340E-04
 4.89006   -0.475745E-05   -0.182529E-05    0.101763E-04
 4.90809   -0.477916E-05   -0.180815E-05    0.101194E-04
 4.92611   -0.479893E-05   -0.179194E-05    0.100631E-04
 4.94414   -0.481687E-05   -0.177662E-05    0.100076E-04
 4.96216   -0.483307E-05   -0.176215E-05    0.995264E-05
 4.98019   -0.484758E-05   -0.174850E-05    0.989835E-05
 4.99822   -0.486047E-05   -0.173563E-05    0.984467E-05
 5.01624   -0.487181E-05   -0.172352E-05    0.979156E-05
 5.03427   -0.488166E-05   -0.171212E-05    0.973902E-05
 5.05229   -0.489009E-05   -0.170141E-05    0.968701E-05
 5.07032   -0.489715E-05   -0.169137E-05    0.963552E-05
 5.08835   -0.490290E-05   -0.168195E-05    0.958452E-05
 5.10637   -0.490740E-05   -0.167314E-05    0.953400E-05
 5.12440   -0.491071E-05   -0.166491E-05    0.948394E-05
 5.14242   -0.491286E-05   -0.165722E-05    0.943432E-05
 5.16045   -0.491393E-05   -0.165006E-05    0.938512E-05
 5.17848   -0.491396E-05   -0.164340E-05    0.933633E-05
 5.19650   -0.491300E-05   -0.163721E-05    0.928792E-05
 5.21453   -0.491109E-05   -0.163148E-05    0.923984E-05
 5.23256   -0.490828E-05   -0.162618E-05    0.919220E-05
 5.25058   -0.490461E-05   -0.162128E-05    0.914486E-05
 5.26861   -0.490012E-05   -0.161677E-05    0.909784E-05
 5.28663   -0.489487E-05   -0.161263E-05    0.905114E-05
 5.30466   -0.488887E-05   -0.160884E-05    0.900474E-05
 5.32269   -0.488217E-05   -0.160539E-05    0.895863E-05
 5.34071   -0.487479E-05   -0.160224E-05    0.891279E-05
 5.35874   -0.486679E-05   -0.159940E-05    0.886722E-05
 5.37676   -0.485817E-05   -0.159684E-05    0.882191E-05
 5.39479   -0.484899E-05   -0.159455E-05    0.877683E-05
 5.41282   -0.483926E-05   -0.159252E-05    0.873200E-05
 5.43084   -0.482901E-05   -0.159072E-05    0.868739E-05
 5.44887   -0.481828E-05   -0.158915E-05    0.864300E-05
 5.46689   -0.480705E-05   -0.158780E-05    0.859882E-05
 5.48492   -0.479541E-05   -0.158664E-05    0.855483E-05
 5.50295   -0.478341E-05   -0.158568E-05    0.851190E-05
 5.52097   -0.477098E-05   -0.158489E-05    0.846745E-05
 5.53900   -0.475818E-05   -0.158427E-05    0.842402E-05
 5.55702   -0.474503E-05   -0.158381E-05    0.838077E-05
 5.57505   -0.473155E-05   -0.158350E-05    0.833769E-05
 5.59308   -0.471777E-05   -0.158333E-05    0.829477E-05
 5.61110   -0.470364E-05   -0.158328E-05    0.825200E-05
 5.62913   -0.468933E-05   -0.158336E-05    0.820938E-05
 5.64715   -0.467472E-05   -0.158356E-05    0.816691E-05
 5.66518   -0.465986E-05   -0.158386E-05    0.812458E-05
 5.68321   -0.464478E-05   -0.158427E-05    0.808236E-05
 5.70123   -0.462946E-05   -0.158476E-05    0.804030E-05
 5.71926   -0.461398E-05   -0.158534E-05    0.799837E-05
 5.73728   -0.459829E-05   -0.158600E-05    0.795656E-05
 5.75531   -0.458243E-05   -0.158674E-05    0.791487E-05
 5.77334   -0.456641E-05   -0.158754E-05    0.787330E-05
 5.79136   -0.455024E-05   -0.158840E-05    0.783182E-05
 5.80939   -0.453388E-05   -0.158932E-05    0.779052E-05
 5.82741   -0.451740E-05   -0.159030E-05    0.774929E-05
 5.84544   -0.450093E-05   -0.159132E-05    0.770817E-05
 5.86347   -0.448427E-05   -0.159238E-05    0.766715E-05
 5.88149   -0.446750E-05   -0.159348E-05    0.762623E-05
 5.89952   -0.445056E-05   -0.159462E-05    0.758541E-05
 5.91755   -0.443362E-05   -0.159579E-05    0.754469E-05
 5.93557   -0.441660E-05   -0.159698E-05    0.750406E-05
 5.95360   -0.439953E-05   -0.159819E-05    0.746353E-05
 5.97162   -0.438243E-05   -0.159943E-05    0.742309E-05
 5.98965   -0.436523E-05   -0.160069E-05    0.738274E-05
 6.00768   -0.434798E-05   -0.160195E-05    0.734248E-05
 6.02570   -0.433065E-05   -0.160323E-05    0.730230E-05
 6.04373   -0.431334E-05   -0.160451E-05    0.726221E-05
 6.06175   -0.429598E-05   -0.160580E-05    0.722220E-05
 6.07978   -0.427862E-05   -0.160710E-05    0.718226E-05
 6.09781   -0.426122E-05   -0.160839E-05    0.714240E-05
 6.11583   -0.424381E-05   -0.160968E-05    0.710262E-05
 6.13386   -0.422639E-05   -0.161096E-05    0.706290E-05
 6.15188   -0.420896E-05   -0.161224E-05    0.702326E-05
 6.16991   -0.419154E-05   -0.161351E-05    0.698367E-05
 6.18794   -0.417411E-05   -0.161477E-05    0.694416E-05
 6.20596   -0.415670E-05   -0.161602E-05    0.690467E-05
 6.22399   -0.413929E-05   -0.161726E-05    0.686528E-05
 6.24201   -0.412190E-05   -0.161848E-05    0.682594E-05
 6.26004   -0.410453E-05   -0.161969E-05    0.678667E-05
 6.27807   -0.408718E-05   -0.162087E-05    0.674749E-05
 6.29609   -0.406986E-05   -0.162204E-05    0.670833E-05
 6.31412   -0.405256E-05   -0.162318E-05    0.666923E-05
 6.33214   -0.403528E-05   -0.162431E-05    0.663020E-05
 6.35017   -0.401805E-05   -0.162541E-05    0.659122E-05
 6.36820   -0.400087E-05   -0.162648E-05    0.655232E-05
 6.38622   -0.398372E-05   -0.162753E-05    0.651345E-05
 6.40425   -0.396661E-05   -0.162855E-05    0.647466E-05
 6.42227   -0.394954E-05   -0.162955E-05    0.643594E-05
 6.44030   -0.393252E-05   -0.163051E-05    0.639728E-05
 6.45833   -0.391555E-05   -0.163145E-05    0.635868E-05
 6.47635   -0.389863E-05   -0.163235E-05    0.632016E-05
 6.49438   -0.388176E-05   -0.163323E-05    0.628172E-05
 6.51240   -0.386495E-05   -0.163407E-05    0.624335E-05
 6.53043   -0.384820E-05   -0.163487E-05    0.620504E-05
 6.54846   -0.383151E-05   -0.163564E-05    0.616681E-05
 6.56648   -0.381487E-05   -0.163638E-05    0.612865E-05
 6.58451   -0.379831E-05   -0.163708E-05    0.609058E-05
 6.60254   -0.378180E-05   -0.163775E-05    0.605256E-05
 6.62056   -0.376537E-05   -0.163838E-05    0.601462E-05
 6.63859   -0.374900E-05   -0.163897E-05    0.597676E-05
 6.65661   -0.373270E-05   -0.163952E-05    0.593898E-05
 6.67464   -0.371648E-05   -0.164003E-05    0.590126E-05
 6.69267   -0.370031E-05   -0.164050E-05    0.586362E-05
 6.71069   -0.368424E-05   -0.164093E-05    0.582605E-05
 6.72872   -0.366826E-05   -0.164132E-05    0.578854E-05
 6.74674   -0.365234E-05   -0.164167E-05    0.575112E-05
 6.76477   -0.363651E-05   -0.164197E-05    0.571376E-05
 6.78280   -0.362075E-05   -0.164223E-05    0.567647E-05
 6.80082   -0.360508E-05   -0.164245E-05    0.563925E-05
 6.81885   -0.358949E-05   -0.164262E-05    0.560209E-05
 6.83687   -0.357399E-05   -0.164275E-05    0.556500E-05
 6.85490   -0.355858E-05   -0.164284E-05    0.552797E-05
 6.87293   -0.354325E-05   -0.164288E-05    0.549101E-05
 6.89095   -0.352801E-05   -0.164287E-05    0.545412E-05
 6.90898   -0.351286E-05   -0.164282E-05    0.541730E-05
 6.92700   -0.349780E-05   -0.164272E-05    0.538054E-05
 6.94503   -0.348283E-05   -0.164258E-05    0.534385E-05
 6.96306   -0.346796E-05   -0.164239E-05    0.530722E-05
 6.98108   -0.345317E-05   -0.164215E-05    0.527067E-05
 6.99911   -0.343848E-05   -0.164187E-05    0.523418E-05
 7.01713   -0.342388E-05   -0.164153E-05    0.519776E-05
 7.03516   -0.340937E-05   -0.164116E-05    0.516141E-05
 7.05319   -0.339495E-05   -0.164074E-05    0.512513E-05
 7.07121   -0.338063E-05   -0.164027E-05    0.508891E-05
 7.08924   -0.336640E-05   -0.163975E-05    0.505277E-05
 7.10726   -0.335226E-05   -0.163919E-05    0.501670E-05
 7.12529   -0.333822E-05   -0.163859E-05    0.498070E-05
 7.14332   -0.332427E-05   -0.163793E-05    0.494477E-05
 7.16134   -0.331038E-05   -0.163724E-05    0.490892E-05
 7.17937   -0.329660E-05   -0.163649E-05    0.487314E-05
 7.19739   -0.328292E-05   -0.163571E-05    0.483743E-05
 7.21542   -0.326934E-05   -0.163487E-05    0.480179E-05
 7.23345   -0.325583E-05   -0.163400E-05    0.476623E-05
 7.25147   -0.324244E-05   -0.163308E-05    0.473075E-05
 7.26950   -0.322912E-05   -0.163212E-05    0.469535E-05
 7.28753   -0.321591E-05   -0.163112E-05    0.466002E-05
 7.30555   -0.320279E-05   -0.163008E-05    0.462476E-05
 7.32358   -0.318973E-05   -0.162900E-05    0.458959E-05
 7.34160   -0.317675E-05   -0.162787E-05    0.455449E-05
 7.35963   -0.316385E-05   -0.162671E-05    0.451947E-05
 7.37766   -0.315103E-05   -0.162552E-05    0.448454E-05
 7.39568   -0.313828E-05   -0.162428E-05    0.444969E-05
 7.41371   -0.312561E-05   -0.162301E-05    0.441491E-05
 7.43173   -0.311303E-05   -0.162170E-05    0.438022E-05
 7.44976   -0.310052E-05   -0.162036E-05    0.434561E-05
 7.46779   -0.308810E-05   -0.161898E-05    0.431108E-05
 7.48581   -0.307573E-05   -0.161758E-05    0.427664E-05
 7.50384   -0.306343E-05   -0.161614E-05    0.424229E-05
 7.52186   -0.305118E-05   -0.161466E-05    0.420802E-05
 7.53989   -0.303902E-05   -0.161316E-05    0.417384E-05
 7.55792   -0.302693E-05   -0.161163E-05    0.413974E-05
 7.57594   -0.301490E-05   -0.161007E-05    0.410573E-05
 7.59397   -0.300294E-05   -0.160848E-05    0.407182E-05
 7.61199   -0.299103E-05   -0.160687E-05    0.403798E-05
 7.63002   -0.297919E-05   -0.160523E-05    0.400424E-05
 7.64805   -0.296740E-05   -0.160356E-05    0.397060E-05
 7.66607   -0.295566E-05   -0.160187E-05    0.393704E-05
 7.68410   -0.294399E-05   -0.160016E-05    0.390357E-05
 7.70212   -0.293237E-05   -0.159842E-05    0.387020E-05
 7.72015   -0.292080E-05   -0.159665E-05    0.383692E-05
 7.73818   -0.290928E-05   -0.159487E-05    0.380373E-05
 7.75620   -0.289782E-05   -0.159307E-05    0.377064E-05
 7.77423   -0.288640E-05   -0.159124E-05    0.373765E-05
 7.79225   -0.287504E-05   -0.158939E-05    0.370474E-05
 7.81028   -0.286370E-05   -0.158753E-05    0.367194E-05
 7.82831   -0.285243E-05   -0.158564E-05    0.363923E-05
 7.84633   -0.284121E-05   -0.158374E-05    0.360662E-05
 7.86436   -0.283003E-05   -0.158182E-05    0.357411E-05
 7.88238   -0.281891E-05   -0.157988E-05    0.354169E-05
 7.90041   -0.280780E-05   -0.157793E-05    0.350937E-05
 7.91844   -0.279676E-05   -0.157596E-05    0.347716E-05
 7.93646   -0.278576E-05   -0.157397E-05    0.344504E-05
 7.95449   -0.277479E-05   -0.157197E-05    0.341302E-05
 7.97252   -0.276386E-05   -0.156995E-05    0.338109E-05
 7.99054   -0.275299E-05   -0.156792E-05    0.334927E-05
 8.00857   -0.274215E-05   -0.156587E-05    0.331755E-05
 8.02659   -0.273135E-05   -0.156380E-05    0.328593E-05
 8.04462   -0.272059E-05   -0.156172E-05    0.325441E-05
 8.06265   -0.270987E-05   -0.155963E-05    0.322299E-05
 8.08067   -0.269920E-05   -0.155752E-05    0.319167E-05
 8.09870   -0.268856E-05   -0.155540E-05    0.316045E-05
 8.11672   -0.267797E-05   -0.155326E-05    0.312933E-05
 8.13475   -0.266742E-05   -0.155111E-05    0.309831E-05
 8.15278   -0.265691E-05   -0.154894E-05    0.306739E-05
 8.17080   -0.264644E-05   -0.154676E-05    0.303657E-05
 8.18883   -0.263601E-05   -0.154457E-05    0.300585E-05
 8.20685   -0.262562E-05   -0.154236E-05    0.297523E-05
 8.22488   -0.261528E-05   -0.154013E-05    0.294471E-05
 8.24291   -0.260497E-05   -0.153789E-05    0.291429E-05
 8.26093   -0.259470E-05   -0.153564E-05    0.288398E-05
 8.27896   -0.258447E-05   -0.153337E-05    0.285376E-05
 8.29698   -0.257430E-05   -0.153109E-05    0.282364E-05
 8.31501   -0.256416E-05   -0.152879E-05    0.279363E-05
 8.33304   -0.255407E-05   -0.152648E-05    0.276371E-05
 8.35106   -0.254405E-05   -0.152416E-05    0.273389E-05
 8.36909   -0.253404E-05   -0.152182E-05    0.270418E-05
 8.38711   -0.252408E-05   -0.151946E-05    0.267456E-05
 8.40514   -0.251416E-05   -0.151710E-05    0.264504E-05
 8.42317   -0.250428E-05   -0.151471E-05    0.261563E-05
 8.44119   -0.249445E-05   -0.151232E-05    0.258631E-05
 8.45922   -0.248466E-05   -0.150991E-05    0.255709E-05
 8.47724   -0.247491E-05   -0.150748E-05    0.252798E-05
 8.49527   -0.246521E-05   -0.150504E-05    0.249896E-05
 8.51330   -0.245556E-05   -0.150259E-05    0.247005E-05
 8.53132   -0.244594E-05   -0.150012E-05    0.244121E-05
 8.54935   -0.243637E-05   -0.149764E-05    0.241250E-05
 8.56737   -0.242685E-05   -0.149514E-05    0.238388E-05
 8.58540   -0.241737E-05   -0.149263E-05    0.235536E-05
 8.60343   -0.240793E-05   -0.149010E-05    0.232696E-05
 8.62145   -0.239854E-05   -0.148756E-05    0.229864E-05
 8.63948   -0.238920E-05   -0.148501E-05    0.227042E-05
 8.65751   -0.237990E-05   -0.148244E-05    0.224230E-05
 8.67553   -0.237064E-05   -0.147986E-05    0.221428E-05
 8.69356   -0.236143E-05   -0.147726E-05    0.218636E-05
 8.71158   -0.235226E-05   -0.147465E-05    0.215854E-05
 8.72961   -0.234314E-05   -0.147202E-05    0.213082E-05
 8.74764   -0.233406E-05   -0.146938E-05    0.210320E-05
 8.76566   -0.232503E-05   -0.146673E-05    0.207567E-05
 8.78369   -0.231604E-05   -0.146406E-05    0.204825E-05
 8.80171   -0.230710E-05   -0.146138E-05    0.202092E-05
 8.81974   -0.229821E-05   -0.145869E-05    0.199370E-05
 8.83777   -0.228935E-05   -0.145598E-05    0.196657E-05
 8.85579   -0.228055E-05   -0.145326E-05    0.193954E-05
 8.87382   -0.227178E-05   -0.145053E-05    0.191261E-05
 8.89184   -0.226306E-05   -0.144778E-05    0.188578E-05
 8.90987   -0.225437E-05   -0.144502E-05    0.185904E-05
 8.92790   -0.224574E-05   -0.144224E-05    0.183241E-05
 8.94592   -0.223716E-05   -0.143946E-05    0.180587E-05
 8.96395   -0.222862E-05   -0.143666E-05    0.177944E-05
 8.98197   -0.222012E-05   -0.143384E-05    0.175310E-05
 9.00000   -0.221167E-05   -0.143102E-05    0.172686E-05
