 0.00500    0.392182E-02   -0.206087E-02    0.167539E-02
 0.02303    0.319350E-02   -0.169671E-02    0.140220E-02
 0.04105    0.276965E-02   -0.148471E-02    0.124308E-02
 0.05908    0.246230E-02   -0.133094E-02    0.112757E-02
 0.07710    0.222097E-02   -0.121016E-02    0.103675E-02
 0.09513    0.202310E-02   -0.111108E-02    0.962161E-03
 0.11316    0.185625E-02   -0.102749E-02    0.899157E-03
 0.13118    0.171280E-02   -0.955581E-03    0.844873E-03
 0.14921    0.158766E-02   -0.892808E-03    0.797406E-03
 0.16723    0.147724E-02   -0.837383E-03    0.755418E-03
 0.18526    0.137893E-02   -0.787996E-03    0.717931E-03
 0.20329    0.129074E-02   -0.743656E-03    0.684200E-03
 0.22131    0.121114E-02   -0.703595E-03    0.653653E-03
 0.23934    0.113889E-02   -0.667203E-03    0.625835E-03
 0.25736    0.107303E-02   -0.633989E-03    0.600378E-03
 0.27539    0.101273E-02   -0.603549E-03    0.576982E-03
 0.29342    0.957339E-03   -0.575551E-03    0.555398E-03
 0.31144    0.906284E-03   -0.549715E-03    0.535416E-03
 0.32947    0.859092E-03   -0.525800E-03    0.516860E-03
 0.34749    0.815357E-03   -0.503606E-03    0.499580E-03
 0.36552    0.774729E-03   -0.482960E-03    0.483445E-03
 0.38355    0.736905E-03   -0.463708E-03    0.468343E-03
 0.40157    0.701618E-03   -0.445719E-03    0.454176E-03
 0.41960    0.668638E-03   -0.428878E-03    0.440858E-03
 0.43763    0.637759E-03   -0.413082E-03    0.428313E-03
 0.45565    0.608801E-03   -0.398241E-03    0.416475E-03
 0.47368    0.581603E-03   -0.384276E-03    0.405285E-03
 0.49170    0.556021E-03   -0.371115E-03    0.394688E-03
 0.50973    0.531927E-03   -0.358693E-03    0.384639E-03
 0.52776    0.509205E-03   -0.346954E-03    0.375094E-03
 0.54578    0.487751E-03   -0.335845E-03    0.366015E-03
 0.56381    0.467471E-03   -0.325320E-03    0.357368E-03
 0.58183    0.448279E-03   -0.315337E-03    0.349121E-03
 0.59986    0.430099E-03   -0.305857E-03    0.341246E-03
 0.61789    0.412861E-03   -0.296845E-03    0.333718E-03
 0.63591    0.396500E-03   -0.288269E-03    0.326512E-03
 0.65394    0.380957E-03   -0.280101E-03    0.319608E-03
 0.67196    0.366179E-03   -0.272313E-03    0.312986E-03
 0.68999    0.352117E-03   -0.264881E-03    0.306628E-03
 0.70802    0.338725E-03   -0.257783E-03    0.300517E-03
 0.72604    0.325962E-03   -0.250998E-03    0.294638E-03
 0.74407    0.313790E-03   -0.244508E-03    0.288978E-03
 0.76209    0.302173E-03   -0.238293E-03    0.283523E-03
 0.78012    0.291078E-03   -0.232339E-03    0.278262E-03
 0.79815    0.280476E-03   -0.226631E-03    0.273183E-03
 0.81617    0.270337E-03   -0.221153E-03    0.268276E-03
 0.83420    0.260637E-03   -0.215894E-03    0.263533E-03
 0.85222    0.251351E-03   -0.210842E-03    0.258943E-03
 0.87025    0.242455E-03   -0.205984E-03    0.254500E-03
 0.88828    0.233930E-03   -0.201312E-03    0.250195E-03
 0.90630    0.225756E-03   -0.196815E-03    0.246021E-03
 0.92433    0.217914E-03   -0.192484E-03    0.241972E-03
 0.94235    0.210388E-03   -0.188311E-03    0.238041E-03
 0.96038    0.203161E-03   -0.184287E-03    0.234223E-03
 0.97841    0.196218E-03   -0.180406E-03    0.230513E-03
 0.99643    0.189546E-03   -0.176661E-03    0.226904E-03
 1.01446    0.183132E-03   -0.173044E-03    0.223394E-03
 1.03248    0.176962E-03   -0.169550E-03    0.219976E-03
 1.05051    0.171025E-03   -0.166173E-03    0.216648E-03
 1.06854    0.165311E-03   -0.162908E-03    0.213404E-03
 1.08656    0.159809E-03   -0.159750E-03    0.210242E-03
 1.10459    0.154509E-03   -0.156693E-03    0.207157E-03
 1.12262    0.149402E-03   -0.153734E-03    0.204147E-03
 1.14064    0.144481E-03   -0.150867E-03    0.201209E-03
 1.15867    0.139735E-03   -0.148090E-03    0.198338E-03
 1.17669    0.135158E-03   -0.145398E-03    0.195534E-03
 1.19472    0.130743E-03   -0.142787E-03    0.192792E-03
 1.21275    0.126482E-03   -0.140254E-03    0.190112E-03
 1.23077    0.122369E-03   -0.137796E-03    0.187489E-03
 1.24880    0.118398E-03   -0.135411E-03    0.184922E-03
 1.26682    0.114563E-03   -0.133094E-03    0.182410E-03
 1.28485    0.110858E-03   -0.130843E-03    0.179949E-03
 1.30288    0.107278E-03   -0.128656E-03    0.177538E-03
 1.32090    0.103818E-03   -0.126530E-03    0.175175E-03
 1.33893    0.100473E-03   -0.124462E-03    0.172859E-03
 1.35695    0.972392E-04   -0.122451E-03    0.170588E-03
 1.37498    0.941115E-04   -0.120495E-03    0.168360E-03
 1.39301    0.910861E-04   -0.118590E-03    0.166174E-03
 1.41103    0.881590E-04   -0.116736E-03    0.164029E-03
 1.42906    0.853264E-04   -0.114931E-03    0.161922E-03
 1.44708    0.825848E-04   -0.113172E-03    0.159854E-03
 1.46511    0.799308E-04   -0.111458E-03    0.157821E-03
 1.48314    0.773612E-04   -0.109788E-03    0.155825E-03
 1.50116    0.748728E-04   -0.108160E-03    0.153862E-03
 1.51919    0.724626E-04   -0.106572E-03    0.151933E-03
 1.53721    0.701280E-04   -0.105023E-03    0.150036E-03
 1.55524    0.678661E-04   -0.103512E-03    0.148171E-03
 1.57327    0.656745E-04   -0.102037E-03    0.146335E-03
 1.59129    0.635507E-04   -0.100598E-03    0.144529E-03
 1.60932    0.614922E-04   -0.991923E-04    0.142752E-03
 1.62734    0.594970E-04   -0.978199E-04    0.141003E-03
 1.64537    0.575628E-04   -0.964794E-04    0.139280E-03
 1.66340    0.556876E-04   -0.951698E-04    0.137584E-03
 1.68142    0.538694E-04   -0.938901E-04    0.135913E-03
 1.69945    0.521064E-04   -0.926394E-04    0.134267E-03
 1.71747    0.503967E-04   -0.914168E-04    0.132646E-03
 1.73550    0.487388E-04   -0.902214E-04    0.131048E-03
 1.75353    0.471309E-04   -0.890525E-04    0.129473E-03
 1.77155    0.455714E-04   -0.879094E-04    0.127921E-03
 1.78958    0.440590E-04   -0.867911E-04    0.126390E-03
 1.80761    0.425922E-04   -0.856971E-04    0.124881E-03
 1.82563    0.411697E-04   -0.846266E-04    0.123393E-03
 1.84366    0.397901E-04   -0.835791E-04    0.121926E-03
 1.86168    0.384522E-04   -0.825538E-04    0.120478E-03
 1.87971    0.371549E-04   -0.815503E-04    0.119050E-03
 1.89774    0.358972E-04   -0.805680E-04    0.117641E-03
 1.91576    0.346778E-04   -0.796063E-04    0.116251E-03
 1.93379    0.334958E-04   -0.786648E-04    0.114879E-03
 1.95181    0.323502E-04   -0.777429E-04    0.113526E-03
 1.96984    0.312402E-04   -0.768402E-04    0.112190E-03
 1.98787    0.301648E-04   -0.759563E-04    0.110871E-03
 2.00589    0.291232E-04   -0.750907E-04    0.109570E-03
 2.02392    0.281146E-04   -0.742431E-04    0.108285E-03
 2.04194    0.271383E-04   -0.734136E-04    0.107017E-03
 2.05997    0.261935E-04   -0.726006E-04    0.105765E-03
 2.07800    0.252794E-04   -0.718046E-04    0.104529E-03
 2.09602    0.243954E-04   -0.710249E-04    0.103309E-03
 2.11405    0.235408E-04   -0.702614E-04    0.102104E-03
 2.13207    0.227151E-04   -0.695137E-04    0.100914E-03
 2.15010    0.219174E-04   -0.687815E-04    0.997388E-04
 2.16813    0.211473E-04   -0.680644E-04    0.985785E-04
 2.18615    0.204040E-04   -0.673621E-04    0.974327E-04
 2.20418    0.196870E-04   -0.666743E-04    0.963010E-04
 2.22220    0.189955E-04   -0.660007E-04    0.951833E-04
 2.24023    0.183291E-04   -0.653410E-04    0.940792E-04
 2.25826    0.176869E-04   -0.646948E-04    0.929886E-04
 2.27628    0.170684E-04   -0.640618E-04    0.919111E-04
 2.29431    0.164729E-04   -0.634417E-04    0.908465E-04
 2.31233    0.158996E-04   -0.628339E-04    0.897945E-04
 2.33036    0.153479E-04   -0.622384E-04    0.887548E-04
 2.34839    0.148170E-04   -0.616546E-04    0.877271E-04
 2.36641    0.143061E-04   -0.610821E-04    0.867112E-04
 2.38444    0.138145E-04   -0.605205E-04    0.857067E-04
 2.40246    0.133414E-04   -0.599696E-04    0.847133E-04
 2.42049    0.128858E-04   -0.594287E-04    0.837307E-04
 2.43852    0.124470E-04   -0.588975E-04    0.827585E-04
 2.45654    0.120242E-04   -0.583755E-04    0.817965E-04
 2.47457    0.116163E-04   -0.578623E-04    0.808441E-04
 2.49260    0.112225E-04   -0.573574E-04    0.799011E-04
 2.51062    0.108418E-04   -0.568603E-04    0.789671E-04
 2.52865    0.104734E-04   -0.563707E-04    0.780419E-04
 2.54667    0.101163E-04   -0.558879E-04    0.771249E-04
 2.56470    0.976954E-05   -0.554112E-04    0.762158E-04
 2.58273    0.943223E-05   -0.549408E-04    0.753142E-04
 2.60075    0.910339E-05   -0.544759E-04    0.744198E-04
 2.61878    0.878213E-05   -0.540160E-04    0.735323E-04
 2.63680    0.846756E-05   -0.535606E-04    0.726512E-04
 2.65483    0.815875E-05   -0.531094E-04    0.717763E-04
 2.67286    0.785484E-05   -0.526618E-04    0.709071E-04
 2.69088    0.755510E-05   -0.522175E-04    0.700434E-04
 2.70891    0.725854E-05   -0.517759E-04    0.691848E-04
 2.72693    0.696441E-05   -0.513368E-04    0.683311E-04
 2.74496    0.667205E-05   -0.508998E-04    0.674819E-04
 2.76299    0.638070E-05   -0.504645E-04    0.666372E-04
 2.78101    0.608967E-05   -0.500304E-04    0.657960E-04
 2.79904    0.579828E-05   -0.495975E-04    0.649588E-04
 2.81706    0.550601E-05   -0.491652E-04    0.641251E-04
 2.83509    0.521226E-05   -0.487334E-04    0.632947E-04
 2.85312    0.491647E-05   -0.483016E-04    0.624675E-04
 2.87114    0.461825E-05   -0.478699E-04    0.616431E-04
 2.88917    0.431707E-05   -0.474379E-04    0.608215E-04
 2.90719    0.401257E-05   -0.470054E-04    0.600025E-04
 2.92522    0.370437E-05   -0.465722E-04    0.591860E-04
 2.94325    0.339217E-05   -0.461382E-04    0.583718E-04
 2.96127    0.307569E-05   -0.457032E-04    0.575598E-04
 2.97930    0.275469E-05   -0.452672E-04    0.567501E-04
 2.99732    0.242899E-05   -0.448299E-04    0.559424E-04
 3.01535    0.209840E-05   -0.443915E-04    0.551368E-04
 3.03338    0.176285E-05   -0.439517E-04    0.543332E-04
 3.05140    0.142222E-05   -0.435106E-04    0.535316E-04
 3.06943    0.107649E-05   -0.430681E-04    0.527320E-04
 3.08745    0.725665E-06   -0.426243E-04    0.519345E-04
 3.10548    0.369776E-06   -0.421792E-04    0.511389E-04
 3.12351    0.891136E-08   -0.417328E-04    0.503454E-04
 3.14153   -0.356828E-06   -0.412853E-04    0.495541E-04
 3.15956   -0.727286E-06   -0.408365E-04    0.487650E-04
 3.17759   -0.110225E-05   -0.403868E-04    0.479782E-04
 3.19561   -0.148151E-05   -0.399362E-04    0.471937E-04
 3.21364   -0.186478E-05   -0.394848E-04    0.464118E-04
 3.23166   -0.225180E-05   -0.390328E-04    0.456326E-04
 3.24969   -0.264221E-05   -0.385803E-04    0.448560E-04
 3.26772   -0.303567E-05   -0.381276E-04    0.440825E-04
 3.28574   -0.343179E-05   -0.376749E-04    0.433120E-04
 3.30377   -0.383009E-05   -0.372224E-04    0.425448E-04
 3.32179   -0.423021E-05   -0.367702E-04    0.417810E-04
 3.33982   -0.463160E-05   -0.363187E-04    0.410209E-04
 3.35785   -0.503382E-05   -0.358681E-04    0.402646E-04
 3.37587   -0.543634E-05   -0.354186E-04    0.395124E-04
 3.39390   -0.583867E-05   -0.349706E-04    0.387644E-04
 3.41192   -0.624023E-05   -0.345243E-04    0.380209E-04
 3.42995   -0.664051E-05   -0.340799E-04    0.372821E-04
 3.44798   -0.703894E-05   -0.336378E-04    0.365481E-04
 3.46600   -0.743500E-05   -0.331982E-04    0.358193E-04
 3.48403   -0.782813E-05   -0.327614E-04    0.350958E-04
 3.50205   -0.821776E-05   -0.323277E-04    0.343778E-04
 3.52008   -0.860339E-05   -0.318974E-04    0.336656E-04
 3.53811   -0.898447E-05   -0.314707E-04    0.329593E-04
 3.55613   -0.936051E-05   -0.310478E-04    0.322591E-04
 3.57416   -0.973101E-05   -0.306291E-04    0.315653E-04
 3.59218   -0.100955E-04   -0.302147E-04    0.308780E-04
 3.61021   -0.104535E-04   -0.298050E-04    0.301974E-04
 3.62824   -0.108046E-04   -0.294000E-04    0.295236E-04
 3.64626   -0.111485E-04   -0.290001E-04    0.288568E-04
 3.66429   -0.114846E-04   -0.286053E-04    0.281971E-04
 3.68231   -0.118127E-04   -0.282159E-04    0.275447E-04
 3.70034   -0.121325E-04   -0.278321E-04    0.268997E-04
 3.71837   -0.124436E-04   -0.274539E-04    0.262622E-04
 3.73639   -0.127459E-04   -0.270815E-04    0.256322E-04
 3.75442   -0.130390E-04   -0.267151E-04    0.250100E-04
 3.77244   -0.133229E-04   -0.263546E-04    0.243954E-04
 3.79047   -0.135972E-04   -0.260003E-04    0.237885E-04
 3.80850   -0.138619E-04   -0.256521E-04    0.231894E-04
 3.82652   -0.141169E-04   -0.253101E-04    0.225982E-04
 3.84455   -0.143621E-04   -0.249743E-04    0.220149E-04
 3.86258   -0.145975E-04   -0.246448E-04    0.214394E-04
 3.88060   -0.148230E-04   -0.243216E-04    0.208718E-04
 3.89863   -0.150387E-04   -0.240046E-04    0.203120E-04
 3.91665   -0.152445E-04   -0.236939E-04    0.197600E-04
 3.93468   -0.154405E-04   -0.233894E-04    0.192158E-04
 3.95271   -0.156269E-04   -0.230910E-04    0.186793E-04
 3.97073   -0.158036E-04   -0.227987E-04    0.181505E-04
 3.98876   -0.159709E-04   -0.225126E-04    0.176293E-04
 4.00678   -0.161288E-04   -0.222323E-04    0.171157E-04
 4.02481   -0.162775E-04   -0.219580E-04    0.166096E-04
 4.04284   -0.164172E-04   -0.216895E-04    0.161108E-04
 4.06086   -0.165480E-04   -0.214267E-04    0.156194E-04
 4.07889   -0.166701E-04   -0.211695E-04    0.151352E-04
 4.09691   -0.167838E-04   -0.209178E-04    0.146582E-04
 4.11494   -0.168891E-04   -0.206716E-04    0.141882E-04
 4.13297   -0.169865E-04   -0.204306E-04    0.137251E-04
 4.15099   -0.170760E-04   -0.201948E-04    0.132688E-04
 4.16902   -0.171579E-04   -0.199640E-04    0.128193E-04
 4.18704   -0.172324E-04   -0.197382E-04    0.123763E-04
 4.20507   -0.172997E-04   -0.195172E-04    0.119399E-04
 4.22310   -0.173602E-04   -0.193009E-04    0.115099E-04
 4.24112   -0.174139E-04   -0.190891E-04    0.110862E-04
 4.25915   -0.174613E-04   -0.188817E-04    0.106687E-04
 4.27717   -0.175024E-04   -0.186787E-04    0.102573E-04
 4.29520   -0.175375E-04   -0.184799E-04    0.985178E-05
 4.31323   -0.175669E-04   -0.182851E-04    0.945215E-05
 4.33125   -0.175908E-04   -0.180943E-04    0.905828E-05
 4.34928   -0.176093E-04   -0.179073E-04    0.867004E-05
 4.36730   -0.176228E-04   -0.177240E-04    0.828734E-05
 4.38533   -0.176315E-04   -0.175443E-04    0.791008E-05
 4.40336   -0.176354E-04   -0.173681E-04    0.753815E-05
 4.42138   -0.176350E-04   -0.171952E-04    0.717197E-05
 4.43941   -0.176303E-04   -0.170256E-04    0.681040E-05
 4.45743   -0.176215E-04   -0.168592E-04    0.645336E-05
 4.47546   -0.176090E-04   -0.166958E-04    0.610174E-05
 4.49349   -0.175927E-04   -0.165354E-04    0.575499E-05
 4.51151   -0.175729E-04   -0.163779E-04    0.541299E-05
 4.52954   -0.175498E-04   -0.162231E-04    0.507567E-05
 4.54757   -0.175235E-04   -0.160710E-04    0.474291E-05
 4.56559   -0.174943E-04   -0.159215E-04    0.441464E-05
 4.58362   -0.174623E-04   -0.157745E-04    0.409079E-05
 4.60164   -0.174275E-04   -0.156299E-04    0.377126E-05
 4.61967   -0.173902E-04   -0.154876E-04    0.345597E-05
 4.63770   -0.173505E-04   -0.153477E-04    0.314486E-05
 4.65572   -0.173085E-04   -0.152099E-04    0.283785E-05
 4.67375   -0.172644E-04   -0.150742E-04    0.253487E-05
 4.69177   -0.172182E-04   -0.149406E-04    0.223586E-05
 4.70980   -0.171702E-04   -0.148090E-04    0.194074E-05
 4.72783   -0.171203E-04   -0.146793E-04    0.164945E-05
 4.74585   -0.170688E-04   -0.145515E-04    0.136192E-05
 4.76388   -0.170157E-04   -0.144255E-04    0.107811E-05
 4.78190   -0.169611E-04   -0.143012E-04    0.797947E-06
 4.79993   -0.169050E-04   -0.141787E-04    0.521385E-06
 4.81796   -0.168477E-04   -0.140577E-04    0.248366E-06
 4.83598   -0.167892E-04   -0.139384E-04   -0.211517E-07
 4.85401   -0.167295E-04   -0.138207E-04   -0.287255E-06
 4.87203   -0.166688E-04   -0.137044E-04   -0.549958E-06
 4.89006   -0.166071E-04   -0.135896E-04   -0.809318E-06
 4.90809   -0.165445E-04   -0.134762E-04   -0.106539E-05
 4.92611   -0.164810E-04   -0.133643E-04   -0.131822E-05
 4.94414   -0.164168E-04   -0.132536E-04   -0.156784E-05
 4.96216   -0.163518E-04   -0.131443E-04   -0.181433E-05
 4.98019   -0.162861E-04   -0.130362E-04   -0.205769E-05
 4.99822   -0.162199E-04   -0.129293E-04   -0.229799E-05
 5.01624   -0.161530E-04   -0.128237E-04   -0.253526E-05
 5.03427   -0.160857E-04   -0.127192E-04   -0.276955E-05
 5.05229   -0.160179E-04   -0.126159E-04   -0.300090E-05
 5.07032   -0.159497E-04   -0.125137E-04   -0.322933E-05
 5.08835   -0.158812E-04   -0.124126E-04   -0.345491E-05
 5.10637   -0.158123E-04   -0.123125E-04   -0.367763E-05
 5.12440   -0.157431E-04   -0.122135E-04   -0.389757E-05
 5.14242   -0.156737E-04   -0.121154E-04   -0.411473E-05
 5.16045   -0.156040E-04   -0.120184E-04   -0.432917E-05
 5.17848   -0.155341E-04   -0.119223E-04   -0.454091E-05
 5.19650   -0.154641E-04   -0.118272E-04   -0.474999E-05
 5.21453   -0.153940E-04   -0.117330E-04   -0.495641E-05
 5.23256   -0.153238E-04   -0.116396E-04   -0.516027E-05
 5.25058   -0.152534E-04   -0.115472E-04   -0.536153E-05
 5.26861   -0.151831E-04   -0.114556E-04   -0.556026E-05
 5.28663   -0.151127E-04   -0.113649E-04   -0.575647E-05
 5.30466   -0.150423E-04   -0.112750E-04   -0.595020E-05
 5.32269   -0.149720E-04   -0.111859E-04   -0.614148E-05
 5.34071   -0.149017E-04   -0.110976E-04   -0.633034E-05
 5.35874   -0.148314E-04   -0.110101E-04   -0.651680E-05
 5.37676   -0.147612E-04   -0.109234E-04   -0.670088E-05
 5.39479   -0.146911E-04   -0.108374E-04   -0.688263E-05
 5.41282   -0.146211E-04   -0.107522E-04   -0.706206E-05
 5.43084   -0.145512E-04   -0.106677E-04   -0.723919E-05
 5.44887   -0.144815E-04   -0.105839E-04   -0.741406E-05
 5.46689   -0.144119E-04   -0.105008E-04   -0.758669E-05
 5.48492   -0.143424E-04   -0.104184E-04   -0.775709E-05
 5.50295   -0.142732E-04   -0.103367E-04   -0.792530E-05
 5.52097   -0.142041E-04   -0.102557E-04   -0.809133E-05
 5.53900   -0.141352E-04   -0.101753E-04   -0.825521E-05
 5.55702   -0.140664E-04   -0.100956E-04   -0.841695E-05
 5.57505   -0.139979E-04   -0.100166E-04   -0.857657E-05
 5.59308   -0.139296E-04   -0.993816E-05   -0.873410E-05
 5.61110   -0.138615E-04   -0.986037E-05   -0.888954E-05
 5.62913   -0.137937E-04   -0.978320E-05   -0.904293E-05
 5.64715   -0.137260E-04   -0.970664E-05   -0.919427E-05
 5.66518   -0.136586E-04   -0.963068E-05   -0.934360E-05
 5.68321   -0.135915E-04   -0.955532E-05   -0.949092E-05
 5.70123   -0.135246E-04   -0.948055E-05   -0.963624E-05
 5.71926   -0.134579E-04   -0.940637E-05   -0.977960E-05
 5.73728   -0.133915E-04   -0.933276E-05   -0.992102E-05
 5.75531   -0.133254E-04   -0.925971E-05   -0.100605E-04
 5.77334   -0.132595E-04   -0.918723E-05   -0.101981E-04
 5.79136   -0.131939E-04   -0.911530E-05   -0.103337E-04
 5.80939   -0.131286E-04   -0.904392E-05   -0.104675E-04
 5.82741   -0.130635E-04   -0.897307E-05   -0.105994E-04
 5.84544   -0.129988E-04   -0.890277E-05   -0.107295E-04
 5.86347   -0.129343E-04   -0.883300E-05   -0.108577E-04
 5.88149   -0.128701E-04   -0.876374E-05   -0.109842E-04
 5.89952   -0.128062E-04   -0.869501E-05   -0.111089E-04
 5.91755   -0.127426E-04   -0.862678E-05   -0.112317E-04
 5.93557   -0.126793E-04   -0.855907E-05   -0.113529E-04
 5.95360   -0.126162E-04   -0.849185E-05   -0.114723E-04
 5.97162   -0.125535E-04   -0.842512E-05   -0.115899E-04
 5.98965   -0.124911E-04   -0.835889E-05   -0.117059E-04
 6.00768   -0.124290E-04   -0.829314E-05   -0.118202E-04
 6.02570   -0.123672E-04   -0.822786E-05   -0.119328E-04
 6.04373   -0.123057E-04   -0.816306E-05   -0.120438E-04
 6.06175   -0.122445E-04   -0.809872E-05   -0.121531E-04
 6.07978   -0.121837E-04   -0.803485E-05   -0.122608E-04
 6.09781   -0.121231E-04   -0.797144E-05   -0.123669E-04
 6.11583   -0.120629E-04   -0.790848E-05   -0.124714E-04
 6.13386   -0.120030E-04   -0.784597E-05   -0.125744E-04
 6.15188   -0.119434E-04   -0.778390E-05   -0.126757E-04
 6.16991   -0.118841E-04   -0.772227E-05   -0.127755E-04
 6.18794   -0.118252E-04   -0.766107E-05   -0.128737E-04
 6.20596   -0.117666E-04   -0.760031E-05   -0.129705E-04
 6.22399   -0.117083E-04   -0.753997E-05   -0.130657E-04
 6.24201   -0.116503E-04   -0.748006E-05   -0.131594E-04
 6.26004   -0.115926E-04   -0.742057E-05   -0.132517E-04
 6.27807   -0.115353E-04   -0.736149E-05   -0.133425E-04
 6.29609   -0.114782E-04   -0.730282E-05   -0.134318E-04
 6.31412   -0.114215E-04   -0.724456E-05   -0.135197E-04
 6.33214   -0.113652E-04   -0.718670E-05   -0.136061E-04
 6.35017   -0.113091E-04   -0.712925E-05   -0.136912E-04
 6.36820   -0.112534E-04   -0.707220E-05   -0.137748E-04
 6.38622   -0.111979E-04   -0.701554E-05   -0.138571E-04
 6.40425   -0.111428E-04   -0.695928E-05   -0.139380E-04
 6.42227   -0.110880E-04   -0.690340E-05   -0.140175E-04
 6.44030   -0.110335E-04   -0.684792E-05   -0.140957E-04
 6.45833   -0.109793E-04   -0.679281E-05   -0.141725E-04
 6.47635   -0.109255E-04   -0.673809E-05   -0.142480E-04
 6.49438   -0.108719E-04   -0.668375E-05   -0.143222E-04
 6.51240   -0.108186E-04   -0.662979E-05   -0.143951E-04
 6.53043   -0.107657E-04   -0.657620E-05   -0.144668E-04
 6.54846   -0.107130E-04   -0.652299E-05   -0.145371E-04
 6.56648   -0.106606E-04   -0.647014E-05   -0.146062E-04
 6.58451   -0.106085E-04   -0.641767E-05   -0.146740E-04
 6.60254   -0.105567E-04   -0.636556E-05   -0.147406E-04
 6.62056   -0.105052E-04   -0.631381E-05   -0.148060E-04
 6.63859   -0.104540E-04   -0.626242E-05   -0.148701E-04
 6.65661   -0.104031E-04   -0.621139E-05   -0.149331E-04
 6.67464   -0.103524E-04   -0.616072E-05   -0.149948E-04
 6.69267   -0.103020E-04   -0.611041E-05   -0.150553E-04
 6.71069   -0.102519E-04   -0.606045E-05   -0.151147E-04
 6.72872   -0.102021E-04   -0.601084E-05   -0.151730E-04
 6.74674   -0.101525E-04   -0.596158E-05   -0.152300E-04
 6.76477   -0.101032E-04   -0.591267E-05   -0.152860E-04
 6.78280   -0.100542E-04   -0.586410E-05   -0.153408E-04
 6.80082   -0.100054E-04   -0.581587E-05   -0.153944E-04
 6.81885   -0.995692E-05   -0.576799E-05   -0.154470E-04
 6.83687   -0.990868E-05   -0.572044E-05   -0.154985E-04
 6.85490   -0.986069E-05   -0.567324E-05   -0.155489E-04
 6.87293   -0.981295E-05   -0.562636E-05   -0.155982E-04
 6.89095   -0.976547E-05   -0.557982E-05   -0.156464E-04
 6.90898   -0.971824E-05   -0.553361E-05   -0.156936E-04
 6.92700   -0.967125E-05   -0.548773E-05   -0.157398E-04
 6.94503   -0.962452E-05   -0.544217E-05   -0.157849E-04
 6.96306   -0.957803E-05   -0.539694E-05   -0.158289E-04
 6.98108   -0.953178E-05   -0.535203E-05   -0.158720E-04
 6.99911   -0.948578E-05   -0.530744E-05   -0.159140E-04
 7.01713   -0.944002E-05   -0.526316E-05   -0.159551E-04
 7.03516   -0.939450E-05   -0.521920E-05   -0.159952E-04
 7.05319   -0.934922E-05   -0.517555E-05   -0.160343E-04
 7.07121   -0.930418E-05   -0.513222E-05   -0.160724E-04
 7.08924   -0.925937E-05   -0.508918E-05   -0.161096E-04
 7.10726   -0.921480E-05   -0.504646E-05   -0.161458E-04
 7.12529   -0.917046E-05   -0.500404E-05   -0.161811E-04
 7.14332   -0.912636E-05   -0.496192E-05   -0.162154E-04
 7.16134   -0.908250E-05   -0.492009E-05   -0.162489E-04
 7.17937   -0.903886E-05   -0.487857E-05   -0.162813E-04
 7.19739   -0.899546E-05   -0.483733E-05   -0.163130E-04
 7.21542   -0.895228E-05   -0.479639E-05   -0.163438E-04
 7.23345   -0.890934E-05   -0.475574E-05   -0.163736E-04
 7.25147   -0.886662E-05   -0.471537E-05   -0.164026E-04
 7.26950   -0.882414E-05   -0.467529E-05   -0.164308E-04
 7.28753   -0.878188E-05   -0.463549E-05   -0.164581E-04
 7.30555   -0.873984E-05   -0.459597E-05   -0.164845E-04
 7.32358   -0.869804E-05   -0.455673E-05   -0.165101E-04
 7.34160   -0.865646E-05   -0.451776E-05   -0.165349E-04
 7.35963   -0.861510E-05   -0.447907E-05   -0.165589E-04
 7.37766   -0.857396E-05   -0.444065E-05   -0.165820E-04
 7.39568   -0.853306E-05   -0.440249E-05   -0.166044E-04
 7.41371   -0.849237E-05   -0.436460E-05   -0.166260E-04
 7.43173   -0.845190E-05   -0.432698E-05   -0.166468E-04
 7.44976   -0.841166E-05   -0.428962E-05   -0.166668E-04
 7.46779   -0.837163E-05   -0.425251E-05   -0.166860E-04
 7.48581   -0.833183E-05   -0.421567E-05   -0.167046E-04
 7.50384   -0.829225E-05   -0.417908E-05   -0.167223E-04
 7.52186   -0.825289E-05   -0.414275E-05   -0.167393E-04
 7.53989   -0.821374E-05   -0.410666E-05   -0.167556E-04
 7.55792   -0.817481E-05   -0.407083E-05   -0.167711E-04
 7.57594   -0.813610E-05   -0.403524E-05   -0.167860E-04
 7.59397   -0.809761E-05   -0.399990E-05   -0.168001E-04
 7.61199   -0.805934E-05   -0.396480E-05   -0.168136E-04
 7.63002   -0.802127E-05   -0.392994E-05   -0.168263E-04
 7.64805   -0.798343E-05   -0.389532E-05   -0.168384E-04
 7.66607   -0.794580E-05   -0.386093E-05   -0.168497E-04
 7.68410   -0.790838E-05   -0.382679E-05   -0.168605E-04
 7.70212   -0.787118E-05   -0.379287E-05   -0.168705E-04
 7.72015   -0.783418E-05   -0.375919E-05   -0.168799E-04
 7.73818   -0.779740E-05   -0.372573E-05   -0.168887E-04
 7.75620   -0.776083E-05   -0.369251E-05   -0.168968E-04
 7.77423   -0.772447E-05   -0.365951E-05   -0.169043E-04
 7.79225   -0.768832E-05   -0.362673E-05   -0.169111E-04
 7.81028   -0.765238E-05   -0.359418E-05   -0.169174E-04
 7.82831   -0.761665E-05   -0.356184E-05   -0.169230E-04
 7.84633   -0.758112E-05   -0.352973E-05   -0.169281E-04
 7.86436   -0.754580E-05   -0.349783E-05   -0.169325E-04
 7.88238   -0.751068E-05   -0.346615E-05   -0.169363E-04
 7.90041   -0.747577E-05   -0.343468E-05   -0.169396E-04
 7.91844   -0.744106E-05   -0.340342E-05   -0.169423E-04
 7.93646   -0.740655E-05   -0.337237E-05   -0.169444E-04
 7.95449   -0.737225E-05   -0.334153E-05   -0.169460E-04
 7.97252   -0.733814E-05   -0.331090E-05   -0.169470E-04
 7.99054   -0.730424E-05   -0.328048E-05   -0.169474E-04
 8.00857   -0.727054E-05   -0.325025E-05   -0.169473E-04
 8.02659   -0.723703E-05   -0.322023E-05   -0.169467E-04
 8.04462   -0.720373E-05   -0.319042E-05   -0.169456E-04
 8.06265   -0.717062E-05   -0.316080E-05   -0.169439E-04
 8.08067   -0.713770E-05   -0.313138E-05   -0.169417E-04
 8.09870   -0.710498E-05   -0.310215E-05   -0.169390E-04
 8.11672   -0.707246E-05   -0.307312E-05   -0.169358E-04
 8.13475   -0.704013E-05   -0.304428E-05   -0.169321E-04
 8.15278   -0.700799E-05   -0.301564E-05   -0.169279E-04
 8.17080   -0.697604E-05   -0.298719E-05   -0.169232E-04
 8.18883   -0.694428E-05   -0.295892E-05   -0.169180E-04
 8.20685   -0.691272E-05   -0.293084E-05   -0.169124E-04
 8.22488   -0.688134E-05   -0.290295E-05   -0.169062E-04
 8.24291   -0.685015E-05   -0.287525E-05   -0.168997E-04
 8.26093   -0.681914E-05   -0.284773E-05   -0.168926E-04
 8.27896   -0.678832E-05   -0.282039E-05   -0.168851E-04
 8.29698   -0.675769E-05   -0.279323E-05   -0.168772E-04
 8.31501   -0.672723E-05   -0.276625E-05   -0.168688E-04
 8.33304   -0.669696E-05   -0.273946E-05   -0.168600E-04
 8.35106   -0.666688E-05   -0.271283E-05   -0.168507E-04
 8.36909   -0.663697E-05   -0.268639E-05   -0.168411E-04
 8.38711   -0.660724E-05   -0.266012E-05   -0.168310E-04
 8.40514   -0.657768E-05   -0.263403E-05   -0.168205E-04
 8.42317   -0.654831E-05   -0.260811E-05   -0.168095E-04
 8.44119   -0.651911E-05   -0.258236E-05   -0.167982E-04
 8.45922   -0.649008E-05   -0.255678E-05   -0.167865E-04
 8.47724   -0.646122E-05   -0.253137E-05   -0.167744E-04
 8.49527   -0.643254E-05   -0.250614E-05   -0.167618E-04
 8.51330   -0.640403E-05   -0.248107E-05   -0.167489E-04
 8.53132   -0.637568E-05   -0.245617E-05   -0.167357E-04
 8.54935   -0.634751E-05   -0.243143E-05   -0.167220E-04
 8.56737   -0.631950E-05   -0.240686E-05   -0.167080E-04
 8.58540   -0.629165E-05   -0.238245E-05   -0.166936E-04
 8.60343   -0.626397E-05   -0.235821E-05   -0.166788E-04
 8.62145   -0.623645E-05   -0.233413E-05   -0.166637E-04
 8.63948   -0.620909E-05   -0.231021E-05   -0.166482E-04
 8.65751   -0.618189E-05   -0.228645E-05   -0.166324E-04
 8.67553   -0.615485E-05   -0.226285E-05   -0.166162E-04
 8.69356   -0.612797E-05   -0.223941E-05   -0.165997E-04
 8.71158   -0.610124E-05   -0.221612E-05   -0.165829E-04
 8.72961   -0.607467E-05   -0.219299E-05   -0.165657E-04
 8.74764   -0.604825E-05   -0.217002E-05   -0.165482E-04
 8.76566   -0.602198E-05   -0.214721E-05   -0.165304E-04
 8.78369   -0.599586E-05   -0.212454E-05   -0.165123E-04
 8.80171   -0.596989E-05   -0.210204E-05   -0.164938E-04
 8.81974   -0.594407E-05   -0.207968E-05   -0.164751E-04
 8.83777   -0.591839E-05   -0.205748E-05   -0.164560E-04
 8.85579   -0.589287E-05   -0.203542E-05   -0.164366E-04
 8.87382   -0.586748E-05   -0.201352E-05   -0.164170E-04
 8.89184   -0.584224E-05   -0.199177E-05   -0.163970E-04
 8.90987   -0.581714E-05   -0.197016E-05   -0.163767E-04
 8.92790   -0.579219E-05   -0.194870E-05   -0.163562E-04
 8.94592   -0.576737E-05   -0.192740E-05   -0.163354E-04
 8.96395   -0.574269E-05   -0.190623E-05   -0.163143E-04
 8.98197   -0.571815E-05   -0.188521E-05   -0.162929E-04
 9.00000   -0.569375E-05   -0.186433E-05   -0.162712E-04
