 0.00500    0.403262E-01   -0.196691E-01    0.142920E-01
 0.02303    0.321930E-01   -0.156034E-01    0.112436E-01
 0.04105    0.275536E-01   -0.132849E-01    0.950690E-02
 0.05908    0.242310E-01   -0.116255E-01    0.826524E-02
 0.07710    0.216487E-01   -0.103365E-01    0.730203E-02
 0.09513    0.195497E-01   -0.928965E-02    0.652091E-02
 0.11316    0.177941E-01   -0.841475E-02    0.586918E-02
 0.13118    0.162961E-01   -0.766883E-02    0.531450E-02
 0.14921    0.149987E-01   -0.702340E-02    0.483543E-02
 0.16723    0.138617E-01   -0.645834E-02    0.441685E-02
 0.18526    0.128560E-01   -0.595907E-02    0.404777E-02
 0.20329    0.119597E-01   -0.551457E-02    0.371989E-02
 0.22131    0.111555E-01   -0.511628E-02    0.342676E-02
 0.23934    0.104302E-01   -0.475747E-02    0.316330E-02
 0.25736    0.977278E-02   -0.443266E-02    0.292540E-02
 0.27539    0.917442E-02   -0.413743E-02    0.270970E-02
 0.29342    0.862780E-02   -0.386810E-02    0.251345E-02
 0.31144    0.812679E-02   -0.362160E-02    0.233430E-02
 0.32947    0.766618E-02   -0.339532E-02    0.217031E-02
 0.34749    0.724154E-02   -0.318703E-02    0.201980E-02
 0.36552    0.684910E-02   -0.299485E-02    0.188134E-02
 0.38355    0.648559E-02   -0.281713E-02    0.175368E-02
 0.40157    0.614815E-02   -0.265243E-02    0.163576E-02
 0.41960    0.583429E-02   -0.249952E-02    0.152663E-02
 0.43763    0.554184E-02   -0.235729E-02    0.142546E-02
 0.45565    0.526886E-02   -0.222478E-02    0.133152E-02
 0.47368    0.501363E-02   -0.210111E-02    0.124417E-02
 0.49170    0.477464E-02   -0.198555E-02    0.116284E-02
 0.50973    0.455055E-02   -0.187741E-02    0.108701E-02
 0.52776    0.434013E-02   -0.177608E-02    0.101622E-02
 0.54578    0.414230E-02   -0.168101E-02    0.950073E-03
 0.56381    0.395607E-02   -0.159172E-02    0.888190E-03
 0.58183    0.378058E-02   -0.150775E-02    0.830240E-03
 0.59986    0.361501E-02   -0.142872E-02    0.775926E-03
 0.61789    0.345865E-02   -0.135426E-02    0.724972E-03
 0.63591    0.331083E-02   -0.128403E-02    0.677132E-03
 0.65394    0.317095E-02   -0.121774E-02    0.632180E-03
 0.67196    0.303848E-02   -0.115511E-02    0.589913E-03
 0.68999    0.291290E-02   -0.109590E-02    0.550143E-03
 0.70802    0.279376E-02   -0.103987E-02    0.512698E-03
 0.72604    0.268064E-02   -0.986816E-03    0.477423E-03
 0.74407    0.257317E-02   -0.936545E-03    0.444171E-03
 0.76209    0.247097E-02   -0.888879E-03    0.412812E-03
 0.78012    0.237373E-02   -0.843655E-03    0.383224E-03
 0.79815    0.228115E-02   -0.800723E-03    0.355295E-03
 0.81617    0.219295E-02   -0.759943E-03    0.328920E-03
 0.83420    0.210886E-02   -0.721185E-03    0.304004E-03
 0.85222    0.202865E-02   -0.684331E-03    0.280458E-03
 0.87025    0.195210E-02   -0.649269E-03    0.258199E-03
 0.88828    0.187900E-02   -0.615897E-03    0.237151E-03
 0.90630    0.180916E-02   -0.584122E-03    0.217243E-03
 0.92433    0.174241E-02   -0.553853E-03    0.198410E-03
 0.94235    0.167857E-02   -0.525007E-03    0.180591E-03
 0.96038    0.161749E-02   -0.497507E-03    0.163727E-03
 0.97841    0.155902E-02   -0.471280E-03    0.147765E-03
 0.99643    0.150303E-02   -0.446259E-03    0.132655E-03
 1.01446    0.144940E-02   -0.422380E-03    0.118350E-03
 1.03248    0.139799E-02   -0.399584E-03    0.104806E-03
 1.05051    0.134871E-02   -0.377817E-03    0.919838E-04
 1.06854    0.130145E-02   -0.357026E-03    0.798438E-04
 1.08656    0.125610E-02   -0.337162E-03    0.683506E-04
 1.10459    0.121258E-02   -0.318180E-03    0.574702E-04
 1.12262    0.117080E-02   -0.300035E-03    0.471709E-04
 1.14064    0.113067E-02   -0.282688E-03    0.374227E-04
 1.15867    0.109212E-02   -0.266100E-03    0.281975E-04
 1.17669    0.105508E-02   -0.250234E-03    0.194688E-04
 1.19472    0.101948E-02   -0.235057E-03    0.112118E-04
 1.21275    0.985244E-03   -0.220536E-03    0.340273E-05
 1.23077    0.952320E-03   -0.206642E-03   -0.398052E-05
 1.24880    0.920647E-03   -0.193344E-03   -0.109590E-04
 1.26682    0.890171E-03   -0.180616E-03   -0.175528E-04
 1.28485    0.860838E-03   -0.168432E-03   -0.237804E-04
 1.30288    0.832601E-03   -0.156768E-03   -0.296592E-04
 1.32090    0.805413E-03   -0.145602E-03   -0.352062E-04
 1.33893    0.779229E-03   -0.134910E-03   -0.404368E-04
 1.35695    0.754007E-03   -0.124674E-03   -0.453664E-04
 1.37498    0.729707E-03   -0.114872E-03   -0.500089E-04
 1.39301    0.706291E-03   -0.105486E-03   -0.543777E-04
 1.41103    0.683723E-03   -0.964988E-04   -0.584860E-04
 1.42906    0.661969E-03   -0.878934E-04   -0.623454E-04
 1.44708    0.640997E-03   -0.796540E-04   -0.659673E-04
 1.46511    0.620777E-03   -0.717657E-04   -0.693626E-04
 1.48314    0.601278E-03   -0.642144E-04   -0.725412E-04
 1.50116    0.582474E-03   -0.569866E-04   -0.755128E-04
 1.51919    0.564338E-03   -0.500694E-04   -0.782867E-04
 1.53721    0.546845E-03   -0.434506E-04   -0.808713E-04
 1.55524    0.529971E-03   -0.371186E-04   -0.832749E-04
 1.57327    0.513695E-03   -0.310625E-04   -0.855053E-04
 1.59129    0.497995E-03   -0.252719E-04   -0.875696E-04
 1.60932    0.482850E-03   -0.197371E-04   -0.894750E-04
 1.62734    0.468242E-03   -0.144489E-04   -0.912275E-04
 1.64537    0.454153E-03   -0.939869E-05   -0.928335E-04
 1.66340    0.440564E-03   -0.457812E-05   -0.942987E-04
 1.68142    0.427462E-03    0.206259E-07   -0.956284E-04
 1.69945    0.414830E-03    0.440473E-05   -0.968276E-04
 1.71747    0.402655E-03    0.858092E-05   -0.979011E-04
 1.73550    0.390922E-03    0.125555E-04   -0.988531E-04
 1.75353    0.379621E-03    0.163346E-04   -0.996877E-04
 1.77155    0.368738E-03    0.199235E-04   -0.100409E-03
 1.78958    0.358265E-03    0.233274E-04   -0.101019E-03
 1.80761    0.348190E-03    0.265508E-04   -0.101523E-03
 1.82563    0.338505E-03    0.295983E-04   -0.101922E-03
 1.84366    0.329200E-03    0.324738E-04   -0.102219E-03
 1.86168    0.320269E-03    0.351808E-04   -0.102417E-03
 1.87971    0.311704E-03    0.377230E-04   -0.102518E-03
 1.89774    0.303498E-03    0.401035E-04   -0.102524E-03
 1.91576    0.295645E-03    0.423253E-04   -0.102437E-03
 1.93379    0.288138E-03    0.443911E-04   -0.102258E-03
 1.95181    0.280972E-03    0.463040E-04   -0.101989E-03
 1.96984    0.274141E-03    0.480659E-04   -0.101631E-03
 1.98787    0.267641E-03    0.496798E-04   -0.101187E-03
 2.00589    0.261464E-03    0.511480E-04   -0.100658E-03
 2.02392    0.255605E-03    0.524730E-04   -0.100044E-03
 2.04194    0.250059E-03    0.536561E-04   -0.993489E-04
 2.05997    0.244820E-03    0.547034E-04   -0.985732E-04
 2.07800    0.239880E-03    0.556165E-04   -0.977192E-04
 2.09602    0.235233E-03    0.563987E-04   -0.967892E-04
 2.11405    0.230871E-03    0.570538E-04   -0.957856E-04
 2.13207    0.226784E-03    0.575861E-04   -0.947113E-04
 2.15010    0.222963E-03    0.580002E-04   -0.935695E-04
 2.16813    0.219397E-03    0.583016E-04   -0.923638E-04
 2.18615    0.216074E-03    0.584960E-04   -0.910977E-04
 2.20418    0.212980E-03    0.585898E-04   -0.897764E-04
 2.22220    0.210101E-03    0.585904E-04   -0.884047E-04
 2.24023    0.207419E-03    0.585052E-04   -0.869881E-04
 2.25826    0.204919E-03    0.583431E-04   -0.855325E-04
 2.27628    0.202581E-03    0.581130E-04   -0.840444E-04
 2.29431    0.200386E-03    0.578248E-04   -0.825307E-04
 2.31233    0.198312E-03    0.574889E-04   -0.809989E-04
 2.33036    0.196337E-03    0.571160E-04   -0.794567E-04
 2.34839    0.194438E-03    0.567173E-04   -0.779123E-04
 2.36641    0.192591E-03    0.563048E-04   -0.763740E-04
 2.38444    0.190770E-03    0.558904E-04   -0.748505E-04
 2.40246    0.188953E-03    0.554866E-04   -0.733506E-04
 2.42049    0.187115E-03    0.551052E-04   -0.718830E-04
 2.43852    0.185230E-03    0.547583E-04   -0.704564E-04
 2.45654    0.183274E-03    0.544588E-04   -0.690792E-04
 2.47457    0.181224E-03    0.542148E-04   -0.677598E-04
 2.49260    0.179058E-03    0.540408E-04   -0.665061E-04
 2.51062    0.176754E-03    0.539458E-04   -0.653253E-04
 2.52865    0.174294E-03    0.539393E-04   -0.642242E-04
 2.54667    0.171659E-03    0.540312E-04   -0.632091E-04
 2.56470    0.168835E-03    0.542265E-04   -0.622851E-04
 2.58273    0.165808E-03    0.545328E-04   -0.614569E-04
 2.60075    0.162567E-03    0.549557E-04   -0.607280E-04
 2.61878    0.159105E-03    0.554982E-04   -0.601012E-04
 2.63680    0.155415E-03    0.561640E-04   -0.595781E-04
 2.65483    0.151495E-03    0.569538E-04   -0.591595E-04
 2.67286    0.147343E-03    0.578677E-04   -0.588454E-04
 2.69088    0.142965E-03    0.589044E-04   -0.586341E-04
 2.70891    0.138364E-03    0.600608E-04   -0.585235E-04
 2.72693    0.133548E-03    0.613330E-04   -0.585105E-04
 2.74496    0.128527E-03    0.627160E-04   -0.585910E-04
 2.76299    0.123313E-03    0.642039E-04   -0.587604E-04
 2.78101    0.117921E-03    0.657890E-04   -0.590132E-04
 2.79904    0.112366E-03    0.674637E-04   -0.593441E-04
 2.81706    0.106667E-03    0.692187E-04   -0.597445E-04
 2.83509    0.100841E-03    0.710446E-04   -0.602074E-04
 2.85312    0.949111E-04    0.729315E-04   -0.607268E-04
 2.87114    0.888946E-04    0.748687E-04   -0.612941E-04
 2.88917    0.828143E-04    0.768463E-04   -0.619015E-04
 2.90719    0.766909E-04    0.788533E-04   -0.625409E-04
 2.92522    0.705458E-04    0.808792E-04   -0.632043E-04
 2.94325    0.643992E-04    0.829133E-04   -0.638840E-04
 2.96127    0.582726E-04    0.849458E-04   -0.645724E-04
 2.97930    0.521854E-04    0.869664E-04   -0.652620E-04
 2.99732    0.461567E-04    0.889658E-04   -0.659459E-04
 3.01535    0.402040E-04    0.909344E-04   -0.666172E-04
 3.03338    0.343442E-04    0.928659E-04   -0.672700E-04
 3.05140    0.285928E-04    0.947511E-04   -0.678982E-04
 3.06943    0.229641E-04    0.965819E-04   -0.684968E-04
 3.08745    0.174702E-04    0.983539E-04   -0.690611E-04
 3.10548    0.121227E-04    0.100060E-03   -0.695869E-04
 3.12351    0.693131E-05    0.101697E-03   -0.700707E-04
 3.14153    0.190460E-05    0.103261E-03   -0.705094E-04
 3.15956   -0.295019E-05    0.104746E-03   -0.709001E-04
 3.17759   -0.762726E-05    0.106150E-03   -0.712410E-04
 3.19561   -0.121224E-04    0.107472E-03   -0.715303E-04
 3.21364   -0.164323E-04    0.108709E-03   -0.717666E-04
 3.23166   -0.205551E-04    0.109861E-03   -0.719497E-04
 3.24969   -0.244901E-04    0.110927E-03   -0.720791E-04
 3.26772   -0.282375E-04    0.111907E-03   -0.721549E-04
 3.28574   -0.317982E-04    0.112802E-03   -0.721774E-04
 3.30377   -0.351741E-04    0.113613E-03   -0.721474E-04
 3.32179   -0.383676E-04    0.114342E-03   -0.720657E-04
 3.33982   -0.413820E-04    0.114989E-03   -0.719336E-04
 3.35785   -0.442211E-04    0.115556E-03   -0.717525E-04
 3.37587   -0.468892E-04    0.116046E-03   -0.715239E-04
 3.39390   -0.493914E-04    0.116461E-03   -0.712495E-04
 3.41192   -0.517325E-04    0.116804E-03   -0.709312E-04
 3.42995   -0.539181E-04    0.117077E-03   -0.705709E-04
 3.44798   -0.559536E-04    0.117283E-03   -0.701707E-04
 3.46600   -0.578448E-04    0.117424E-03   -0.697326E-04
 3.48403   -0.595973E-04    0.117505E-03   -0.692587E-04
 3.50205   -0.612172E-04    0.117527E-03   -0.687511E-04
 3.52008   -0.627101E-04    0.117493E-03   -0.682118E-04
 3.53811   -0.640820E-04    0.117407E-03   -0.676428E-04
 3.55613   -0.653386E-04    0.117271E-03   -0.670465E-04
 3.57416   -0.664856E-04    0.117088E-03   -0.664244E-04
 3.59218   -0.675286E-04    0.116861E-03   -0.657788E-04
 3.61021   -0.684729E-04    0.116592E-03   -0.651114E-04
 3.62824   -0.693240E-04    0.116283E-03   -0.644242E-04
 3.64626   -0.700868E-04    0.115938E-03   -0.637189E-04
 3.66429   -0.707663E-04    0.115559E-03   -0.629971E-04
 3.68231   -0.713673E-04    0.115148E-03   -0.622607E-04
 3.70034   -0.718942E-04    0.114708E-03   -0.615109E-04
 3.71837   -0.723515E-04    0.114240E-03   -0.607495E-04
 3.73639   -0.727432E-04    0.113746E-03   -0.599776E-04
 3.75442   -0.730735E-04    0.113228E-03   -0.591967E-04
 3.77244   -0.733460E-04    0.112689E-03   -0.584082E-04
 3.79047   -0.735643E-04    0.112130E-03   -0.576128E-04
 3.80850   -0.737319E-04    0.111552E-03   -0.568121E-04
 3.82652   -0.738521E-04    0.110958E-03   -0.560069E-04
 3.84455   -0.739279E-04    0.110348E-03   -0.551984E-04
 3.86258   -0.739622E-04    0.109723E-03   -0.543873E-04
 3.88060   -0.739576E-04    0.109087E-03   -0.535746E-04
 3.89863   -0.739169E-04    0.108438E-03   -0.527609E-04
 3.91665   -0.738423E-04    0.107780E-03   -0.519471E-04
 3.93468   -0.737362E-04    0.107112E-03   -0.511339E-04
 3.95271   -0.736006E-04    0.106435E-03   -0.503219E-04
 3.97073   -0.734377E-04    0.105752E-03   -0.495114E-04
 3.98876   -0.732493E-04    0.105061E-03   -0.487034E-04
 4.00678   -0.730373E-04    0.104365E-03   -0.478982E-04
 4.02481   -0.728033E-04    0.103665E-03   -0.470962E-04
 4.04284   -0.725489E-04    0.102960E-03   -0.462981E-04
 4.06086   -0.722756E-04    0.102251E-03   -0.455039E-04
 4.07889   -0.719847E-04    0.101540E-03   -0.447142E-04
 4.09691   -0.716775E-04    0.100827E-03   -0.439292E-04
 4.11494   -0.713553E-04    0.100111E-03   -0.431493E-04
 4.13297   -0.710192E-04    0.993948E-04   -0.423748E-04
 4.15099   -0.706702E-04    0.986775E-04   -0.416058E-04
 4.16902   -0.703095E-04    0.979599E-04   -0.408427E-04
 4.18704   -0.699379E-04    0.972424E-04   -0.400856E-04
 4.20507   -0.695564E-04    0.965253E-04   -0.393346E-04
 4.22310   -0.691657E-04    0.958091E-04   -0.385901E-04
 4.24112   -0.687667E-04    0.950941E-04   -0.378522E-04
 4.25915   -0.683601E-04    0.943806E-04   -0.371209E-04
 4.27717   -0.679466E-04    0.936688E-04   -0.363964E-04
 4.29520   -0.675268E-04    0.929590E-04   -0.356788E-04
 4.31323   -0.671014E-04    0.922515E-04   -0.349682E-04
 4.33125   -0.666709E-04    0.915465E-04   -0.342648E-04
 4.34928   -0.662359E-04    0.908442E-04   -0.335686E-04
 4.36730   -0.657968E-04    0.901448E-04   -0.328797E-04
 4.38533   -0.653542E-04    0.894485E-04   -0.321982E-04
 4.40336   -0.649085E-04    0.887555E-04   -0.315241E-04
 4.42138   -0.644601E-04    0.880659E-04   -0.308576E-04
 4.43941   -0.640094E-04    0.873798E-04   -0.301987E-04
 4.45743   -0.635568E-04    0.866974E-04   -0.295475E-04
 4.47546   -0.631026E-04    0.860188E-04   -0.289041E-04
 4.49349   -0.626472E-04    0.853441E-04   -0.282685E-04
 4.51151   -0.621908E-04    0.846734E-04   -0.276407E-04
 4.52954   -0.617338E-04    0.840068E-04   -0.270208E-04
 4.54757   -0.612763E-04    0.833444E-04   -0.264088E-04
 4.56559   -0.608188E-04    0.826863E-04   -0.258047E-04
 4.58362   -0.603615E-04    0.820325E-04   -0.252085E-04
 4.60164   -0.599045E-04    0.813832E-04   -0.246201E-04
 4.61967   -0.594481E-04    0.807383E-04   -0.240396E-04
 4.63770   -0.589925E-04    0.800980E-04   -0.234667E-04
 4.65572   -0.585380E-04    0.794623E-04   -0.229015E-04
 4.67375   -0.580847E-04    0.788312E-04   -0.223438E-04
 4.69177   -0.576327E-04    0.782048E-04   -0.217935E-04
 4.70980   -0.571824E-04    0.775831E-04   -0.212505E-04
 4.72783   -0.567339E-04    0.769663E-04   -0.207148E-04
 4.74585   -0.562873E-04    0.763542E-04   -0.201862E-04
 4.76388   -0.558427E-04    0.757470E-04   -0.196646E-04
 4.78190   -0.554005E-04    0.751447E-04   -0.191499E-04
 4.79993   -0.549606E-04    0.745473E-04   -0.186420E-04
 4.81796   -0.545233E-04    0.739549E-04   -0.181409E-04
 4.83598   -0.540886E-04    0.733674E-04   -0.176464E-04
 4.85401   -0.536567E-04    0.727850E-04   -0.171586E-04
 4.87203   -0.532278E-04    0.722075E-04   -0.166774E-04
 4.89006   -0.528020E-04    0.716354E-04   -0.162027E-04
 4.90809   -0.523793E-04    0.710678E-04   -0.157346E-04
 4.92611   -0.519599E-04    0.705055E-04   -0.152730E-04
 4.94414   -0.515438E-04    0.699483E-04   -0.148179E-04
 4.96216   -0.511312E-04    0.693962E-04   -0.143692E-04
 4.98019   -0.507222E-04    0.688492E-04   -0.139271E-04
 4.99822   -0.503167E-04    0.683072E-04   -0.134913E-04
 5.01624   -0.499150E-04    0.677704E-04   -0.130620E-04
 5.03427   -0.495170E-04    0.672386E-04   -0.126390E-04
 5.05229   -0.491228E-04    0.667119E-04   -0.122224E-04
 5.07032   -0.487324E-04    0.661902E-04   -0.118120E-04
 5.08835   -0.483458E-04    0.656736E-04   -0.114080E-04
 5.10637   -0.479632E-04    0.651619E-04   -0.110101E-04
 5.12440   -0.475844E-04    0.646553E-04   -0.106184E-04
 5.14242   -0.472095E-04    0.641536E-04   -0.102327E-04
 5.16045   -0.468385E-04    0.636567E-04   -0.985303E-05
 5.17848   -0.464714E-04    0.631648E-04   -0.947929E-05
 5.19650   -0.461081E-04    0.626776E-04   -0.911138E-05
 5.21453   -0.457486E-04    0.621953E-04   -0.874923E-05
 5.23256   -0.453928E-04    0.617176E-04   -0.839275E-05
 5.25058   -0.450408E-04    0.612446E-04   -0.804185E-05
 5.26861   -0.446925E-04    0.607762E-04   -0.769646E-05
 5.28663   -0.443477E-04    0.603123E-04   -0.735645E-05
 5.30466   -0.440065E-04    0.598530E-04   -0.702176E-05
 5.32269   -0.436686E-04    0.593980E-04   -0.669227E-05
 5.34071   -0.433342E-04    0.589473E-04   -0.636790E-05
 5.35874   -0.430030E-04    0.585009E-04   -0.604857E-05
 5.37676   -0.426750E-04    0.580587E-04   -0.573416E-05
 5.39479   -0.423500E-04    0.576205E-04   -0.542461E-05
 5.41282   -0.420280E-04    0.571864E-04   -0.511979E-05
 5.43084   -0.417088E-04    0.567562E-04   -0.481963E-05
 5.44887   -0.413925E-04    0.563299E-04   -0.452405E-05
 5.46689   -0.410787E-04    0.559074E-04   -0.423294E-05
 5.48492   -0.407676E-04    0.554887E-04   -0.394622E-05
 5.50295   -0.404589E-04    0.550735E-04   -0.366380E-05
 5.52097   -0.401526E-04    0.546619E-04   -0.338561E-05
 5.53900   -0.398486E-04    0.542538E-04   -0.311155E-05
 5.55702   -0.395468E-04    0.538492E-04   -0.284155E-05
 5.57505   -0.392470E-04    0.534479E-04   -0.257548E-05
 5.59308   -0.389493E-04    0.530499E-04   -0.231341E-05
 5.61110   -0.386536E-04    0.526551E-04   -0.205510E-05
 5.62913   -0.383597E-04    0.522635E-04   -0.180056E-05
 5.64715   -0.380676E-04    0.518750E-04   -0.154965E-05
 5.66518   -0.377772E-04    0.514896E-04   -0.130240E-05
 5.68321   -0.374885E-04    0.511072E-04   -0.105870E-05
 5.70123   -0.372015E-04    0.507277E-04   -0.818485E-06
 5.71926   -0.369161E-04    0.503511E-04   -0.581698E-06
 5.73728   -0.366321E-04    0.499775E-04   -0.348279E-06
 5.75531   -0.363497E-04    0.496066E-04   -0.118172E-06
 5.77334   -0.360688E-04    0.492386E-04    0.108671E-06
 5.79136   -0.357894E-04    0.488733E-04    0.332302E-06
 5.80939   -0.355113E-04    0.485108E-04    0.552769E-06
 5.82741   -0.352348E-04    0.481509E-04    0.770113E-06
 5.84544   -0.349596E-04    0.477938E-04    0.984375E-06
 5.86347   -0.346859E-04    0.474393E-04    0.119559E-05
 5.88149   -0.344136E-04    0.470874E-04    0.140380E-05
 5.89952   -0.341427E-04    0.467382E-04    0.160900E-05
 5.91755   -0.338733E-04    0.463916E-04    0.181133E-05
 5.93557   -0.336054E-04    0.460476E-04    0.201069E-05
 5.95360   -0.333389E-04    0.457063E-04    0.220719E-05
 5.97162   -0.330739E-04    0.453674E-04    0.240084E-05
 5.98965   -0.328105E-04    0.450312E-04    0.259167E-05
 6.00768   -0.325486E-04    0.446976E-04    0.277969E-05
 6.02570   -0.322883E-04    0.443665E-04    0.296494E-05
 6.04373   -0.320295E-04    0.440379E-04    0.314744E-05
 6.06175   -0.317724E-04    0.437119E-04    0.332721E-05
 6.07978   -0.315168E-04    0.433884E-04    0.350430E-05
 6.09781   -0.312629E-04    0.430675E-04    0.367870E-05
 6.11583   -0.310107E-04    0.427491E-04    0.385045E-05
 6.13386   -0.307602E-04    0.424332E-04    0.401957E-05
 6.15188   -0.305114E-04    0.421198E-04    0.418609E-05
 6.16991   -0.302643E-04    0.418089E-04    0.435003E-05
 6.18794   -0.300190E-04    0.415005E-04    0.451140E-05
 6.20596   -0.297754E-04    0.411946E-04    0.467025E-05
 6.22399   -0.295336E-04    0.408911E-04    0.482658E-05
 6.24201   -0.292936E-04    0.405902E-04    0.498041E-05
 6.26004   -0.290554E-04    0.402917E-04    0.513179E-05
 6.27807   -0.288191E-04    0.399956E-04    0.528071E-05
 6.29609   -0.285845E-04    0.397020E-04    0.542723E-05
 6.31412   -0.283519E-04    0.394108E-04    0.557134E-05
 6.33214   -0.281211E-04    0.391221E-04    0.571309E-05
 6.35017   -0.278921E-04    0.388357E-04    0.585249E-05
 6.36820   -0.276650E-04    0.385518E-04    0.598957E-05
 6.38622   -0.274398E-04    0.382701E-04    0.612434E-05
 6.40425   -0.272165E-04    0.379910E-04    0.625684E-05
 6.42227   -0.269951E-04    0.377141E-04    0.638708E-05
 6.44030   -0.267755E-04    0.374396E-04    0.651509E-05
 6.45833   -0.265579E-04    0.371675E-04    0.664090E-05
 6.47635   -0.263421E-04    0.368976E-04    0.676452E-05
 6.49438   -0.261282E-04    0.366301E-04    0.688599E-05
 6.51240   -0.259162E-04    0.363649E-04    0.700532E-05
 6.53043   -0.257061E-04    0.361019E-04    0.712255E-05
 6.54846   -0.254978E-04    0.358412E-04    0.723767E-05
 6.56648   -0.252914E-04    0.355827E-04    0.735075E-05
 6.58451   -0.250869E-04    0.353265E-04    0.746179E-05
 6.60254   -0.248843E-04    0.350725E-04    0.757082E-05
 6.62056   -0.246835E-04    0.348207E-04    0.767785E-05
 6.63859   -0.244846E-04    0.345711E-04    0.778292E-05
 6.65661   -0.242875E-04    0.343236E-04    0.788604E-05
 6.67464   -0.240923E-04    0.340783E-04    0.798724E-05
 6.69267   -0.238989E-04    0.338351E-04    0.808654E-05
 6.71069   -0.237073E-04    0.335941E-04    0.818396E-05
 6.72872   -0.235176E-04    0.333551E-04    0.827952E-05
 6.74674   -0.233296E-04    0.331182E-04    0.837326E-05
 6.76477   -0.231435E-04    0.328835E-04    0.846518E-05
 6.78280   -0.229592E-04    0.326507E-04    0.855532E-05
 6.80082   -0.227766E-04    0.324201E-04    0.864368E-05
 6.81885   -0.225959E-04    0.321914E-04    0.873031E-05
 6.83687   -0.224169E-04    0.319648E-04    0.881520E-05
 6.85490   -0.222397E-04    0.317401E-04    0.889840E-05
 6.87293   -0.220642E-04    0.315174E-04    0.897992E-05
 6.89095   -0.218905E-04    0.312967E-04    0.905978E-05
 6.90898   -0.217184E-04    0.310780E-04    0.913800E-05
 6.92700   -0.215481E-04    0.308611E-04    0.921461E-05
 6.94503   -0.213795E-04    0.306462E-04    0.928963E-05
 6.96306   -0.212126E-04    0.304331E-04    0.936307E-05
 6.98108   -0.210474E-04    0.302220E-04    0.943496E-05
 6.99911   -0.208838E-04    0.300127E-04    0.950534E-05
 7.01713   -0.207218E-04    0.298052E-04    0.957417E-05
 7.03516   -0.205615E-04    0.295996E-04    0.964153E-05
 7.05319   -0.204028E-04    0.293957E-04    0.970743E-05
 7.07121   -0.202457E-04    0.291937E-04    0.977188E-05
 7.08924   -0.200901E-04    0.289934E-04    0.983492E-05
 7.10726   -0.199361E-04    0.287949E-04    0.989653E-05
 7.12529   -0.197837E-04    0.285981E-04    0.995674E-05
 7.14332   -0.196328E-04    0.284030E-04    0.100156E-04
 7.16134   -0.194834E-04    0.282097E-04    0.100732E-04
 7.17937   -0.193355E-04    0.280180E-04    0.101294E-04
 7.19739   -0.191890E-04    0.278279E-04    0.101842E-04
 7.21542   -0.190440E-04    0.276395E-04    0.102379E-04
 7.23345   -0.189004E-04    0.274528E-04    0.102902E-04
 7.25147   -0.187583E-04    0.272676E-04    0.103413E-04
 7.26950   -0.186176E-04    0.270841E-04    0.103912E-04
 7.28753   -0.184782E-04    0.269021E-04    0.104398E-04
 7.30555   -0.183402E-04    0.267217E-04    0.104873E-04
 7.32358   -0.182036E-04    0.265428E-04    0.105336E-04
 7.34160   -0.180683E-04    0.263654E-04    0.105787E-04
 7.35963   -0.179343E-04    0.261896E-04    0.106227E-04
 7.37766   -0.178016E-04    0.260152E-04    0.106656E-04
 7.39568   -0.176702E-04    0.258424E-04    0.107074E-04
 7.41371   -0.175401E-04    0.256710E-04    0.107481E-04
 7.43173   -0.174113E-04    0.255010E-04    0.107877E-04
 7.44976   -0.172837E-04    0.253325E-04    0.108263E-04
 7.46779   -0.171573E-04    0.251654E-04    0.108638E-04
 7.48581   -0.170322E-04    0.249997E-04    0.109003E-04
 7.50384   -0.169082E-04    0.248354E-04    0.109358E-04
 7.52186   -0.167855E-04    0.246725E-04    0.109703E-04
 7.53989   -0.166639E-04    0.245109E-04    0.110038E-04
 7.55792   -0.165435E-04    0.243507E-04    0.110364E-04
 7.57594   -0.164242E-04    0.241919E-04    0.110680E-04
 7.59397   -0.163061E-04    0.240343E-04    0.110987E-04
 7.61199   -0.161892E-04    0.238781E-04    0.111284E-04
 7.63002   -0.160733E-04    0.237232E-04    0.111573E-04
 7.64805   -0.159585E-04    0.235695E-04    0.111852E-04
 7.66607   -0.158449E-04    0.234172E-04    0.112123E-04
 7.68410   -0.157323E-04    0.232661E-04    0.112385E-04
 7.70212   -0.156208E-04    0.231162E-04    0.112638E-04
 7.72015   -0.155104E-04    0.229676E-04    0.112884E-04
 7.73818   -0.154010E-04    0.228202E-04    0.113120E-04
 7.75620   -0.152926E-04    0.226740E-04    0.113349E-04
 7.77423   -0.151853E-04    0.225290E-04    0.113569E-04
 7.79225   -0.150790E-04    0.223853E-04    0.113782E-04
 7.81028   -0.149737E-04    0.222426E-04    0.113987E-04
 7.82831   -0.148694E-04    0.221012E-04    0.114184E-04
 7.84633   -0.147661E-04    0.219609E-04    0.114373E-04
 7.86436   -0.146638E-04    0.218218E-04    0.114555E-04
 7.88238   -0.145624E-04    0.216838E-04    0.114730E-04
 7.90041   -0.144620E-04    0.215469E-04    0.114897E-04
 7.91844   -0.143625E-04    0.214112E-04    0.115057E-04
 7.93646   -0.142640E-04    0.212765E-04    0.115210E-04
 7.95449   -0.141664E-04    0.211430E-04    0.115356E-04
 7.97252   -0.140697E-04    0.210105E-04    0.115496E-04
 7.99054   -0.139739E-04    0.208791E-04    0.115628E-04
 8.00857   -0.138790E-04    0.207487E-04    0.115754E-04
 8.02659   -0.137850E-04    0.206194E-04    0.115874E-04
 8.04462   -0.136918E-04    0.204911E-04    0.115987E-04
 8.06265   -0.135995E-04    0.203639E-04    0.116094E-04
 8.08067   -0.135081E-04    0.202377E-04    0.116194E-04
 8.09870   -0.134175E-04    0.201125E-04    0.116289E-04
 8.11672   -0.133278E-04    0.199883E-04    0.116377E-04
 8.13475   -0.132389E-04    0.198650E-04    0.116460E-04
 8.15278   -0.131508E-04    0.197428E-04    0.116536E-04
 8.17080   -0.130635E-04    0.196215E-04    0.116607E-04
 8.18883   -0.129770E-04    0.195012E-04    0.116673E-04
 8.20685   -0.128912E-04    0.193818E-04    0.116733E-04
 8.22488   -0.128063E-04    0.192634E-04    0.116787E-04
 8.24291   -0.127221E-04    0.191459E-04    0.116836E-04
 8.26093   -0.126386E-04    0.190293E-04    0.116880E-04
 8.27896   -0.125560E-04    0.189136E-04    0.116919E-04
 8.29698   -0.124740E-04    0.187989E-04    0.116952E-04
 8.31501   -0.123927E-04    0.186850E-04    0.116981E-04
 8.33304   -0.123122E-04    0.185720E-04    0.117005E-04
 8.35106   -0.122323E-04    0.184598E-04    0.117024E-04
 8.36909   -0.121532E-04    0.183485E-04    0.117038E-04
 8.38711   -0.120747E-04    0.182381E-04    0.117048E-04
 8.40514   -0.119968E-04    0.181285E-04    0.117053E-04
 8.42317   -0.119197E-04    0.180197E-04    0.117054E-04
 8.44119   -0.118431E-04    0.179117E-04    0.117050E-04
 8.45922   -0.117672E-04    0.178046E-04    0.117043E-04
 8.47724   -0.116919E-04    0.176982E-04    0.117031E-04
 8.49527   -0.116172E-04    0.175926E-04    0.117015E-04
 8.51330   -0.115431E-04    0.174878E-04    0.116995E-04
 8.53132   -0.114695E-04    0.173838E-04    0.116971E-04
 8.54935   -0.113965E-04    0.172805E-04    0.116944E-04
 8.56737   -0.113241E-04    0.171780E-04    0.116913E-04
 8.58540   -0.112522E-04    0.170762E-04    0.116877E-04
 8.60343   -0.111809E-04    0.169751E-04    0.116837E-04
 8.62145   -0.111101E-04    0.168748E-04    0.116795E-04
 8.63948   -0.110398E-04    0.167751E-04    0.116750E-04
 8.65751   -0.109700E-04    0.166762E-04    0.116701E-04
 8.67553   -0.109007E-04    0.165780E-04    0.116649E-04
 8.69356   -0.108319E-04    0.164804E-04    0.116594E-04
 8.71158   -0.107636E-04    0.163836E-04    0.116535E-04
 8.72961   -0.106958E-04    0.162874E-04    0.116474E-04
 8.74764   -0.106284E-04    0.161919E-04    0.116409E-04
 8.76566   -0.105615E-04    0.160970E-04    0.116341E-04
 8.78369   -0.104951E-04    0.160028E-04    0.116271E-04
 8.80171   -0.104291E-04    0.159093E-04    0.116197E-04
 8.81974   -0.103636E-04    0.158164E-04    0.116121E-04
 8.83777   -0.102986E-04    0.157242E-04    0.116041E-04
 8.85579   -0.102340E-04    0.156326E-04    0.115959E-04
 8.87382   -0.101699E-04    0.155416E-04    0.115874E-04
 8.89184   -0.101063E-04    0.154513E-04    0.115787E-04
 8.90987   -0.100431E-04    0.153616E-04    0.115697E-04
 8.92790   -0.998034E-05    0.152725E-04    0.115604E-04
 8.94592   -0.991807E-05    0.151841E-04    0.115508E-04
 8.96395   -0.985627E-05    0.150963E-04    0.115410E-04
 8.98197   -0.979494E-05    0.150091E-04    0.115309E-04
 9.00000   -0.973408E-05    0.149225E-04    0.115206E-04
