 0.00500    0.231537E-02   -0.118240E-02    0.941675E-03
 0.02303    0.190398E-02   -0.976722E-03    0.787400E-03
 0.04105    0.166202E-02   -0.855742E-03    0.696674E-03
 0.05908    0.148541E-02   -0.767440E-03    0.630446E-03
 0.07710    0.134603E-02   -0.697750E-03    0.578179E-03
 0.09513    0.123123E-02   -0.640354E-03    0.535129E-03
 0.11316    0.113405E-02   -0.591771E-03    0.498689E-03
 0.13118    0.105019E-02   -0.549845E-03    0.467239E-03
 0.14921    0.976787E-03   -0.513144E-03    0.439707E-03
 0.16723    0.911803E-03   -0.480656E-03    0.415334E-03
 0.18526    0.853754E-03   -0.451640E-03    0.393561E-03
 0.20329    0.801536E-03   -0.425534E-03    0.373970E-03
 0.22131    0.754264E-03   -0.401901E-03    0.356231E-03
 0.23934    0.711241E-03   -0.380393E-03    0.340084E-03
 0.25736    0.671909E-03   -0.360731E-03    0.325319E-03
 0.27539    0.635809E-03   -0.342684E-03    0.311763E-03
 0.29342    0.602557E-03   -0.326060E-03    0.299273E-03
 0.31144    0.571835E-03   -0.310701E-03    0.287729E-03
 0.32947    0.543369E-03   -0.296470E-03    0.277028E-03
 0.34749    0.516926E-03   -0.283249E-03    0.267082E-03
 0.36552    0.492303E-03   -0.270939E-03    0.257817E-03
 0.38355    0.469329E-03   -0.259452E-03    0.249167E-03
 0.40157    0.447850E-03   -0.248712E-03    0.241075E-03
 0.41960    0.427732E-03   -0.238652E-03    0.233490E-03
 0.43763    0.408857E-03   -0.229213E-03    0.226369E-03
 0.45565    0.391121E-03   -0.220344E-03    0.219672E-03
 0.47368    0.374430E-03   -0.211996E-03    0.213364E-03
 0.49170    0.358700E-03   -0.204128E-03    0.207413E-03
 0.50973    0.343858E-03   -0.196703E-03    0.201793E-03
 0.52776    0.329836E-03   -0.189688E-03    0.196477E-03
 0.54578    0.316572E-03   -0.183051E-03    0.191443E-03
 0.56381    0.304013E-03   -0.176766E-03    0.186670E-03
 0.58183    0.292109E-03   -0.170808E-03    0.182139E-03
 0.59986    0.280813E-03   -0.165153E-03    0.177834E-03
 0.61789    0.270085E-03   -0.159782E-03    0.173739E-03
 0.63591    0.259888E-03   -0.154675E-03    0.169840E-03
 0.65394    0.250185E-03   -0.149815E-03    0.166124E-03
 0.67196    0.240946E-03   -0.145187E-03    0.162579E-03
 0.68999    0.232142E-03   -0.140775E-03    0.159194E-03
 0.70802    0.223746E-03   -0.136566E-03    0.155959E-03
 0.72604    0.215733E-03   -0.132548E-03    0.152865E-03
 0.74407    0.208080E-03   -0.128710E-03    0.149903E-03
 0.76209    0.200767E-03   -0.125041E-03    0.147066E-03
 0.78012    0.193773E-03   -0.121531E-03    0.144346E-03
 0.79815    0.187080E-03   -0.118171E-03    0.141736E-03
 0.81617    0.180673E-03   -0.114953E-03    0.139231E-03
 0.83420    0.174534E-03   -0.111869E-03    0.136823E-03
 0.85222    0.168650E-03   -0.108912E-03    0.134509E-03
 0.87025    0.163007E-03   -0.106074E-03    0.132282E-03
 0.88828    0.157593E-03   -0.103350E-03    0.130138E-03
 0.90630    0.152395E-03   -0.100733E-03    0.128073E-03
 0.92433    0.147402E-03   -0.982192E-04    0.126082E-03
 0.94235    0.142604E-03   -0.958018E-04    0.124162E-03
 0.96038    0.137992E-03   -0.934766E-04    0.122310E-03
 0.97841    0.133556E-03   -0.912388E-04    0.120520E-03
 0.99643    0.129289E-03   -0.890845E-04    0.118792E-03
 1.01446    0.125181E-03   -0.870096E-04    0.117120E-03
 1.03248    0.121225E-03   -0.850102E-04    0.115504E-03
 1.05051    0.117414E-03   -0.830829E-04    0.113940E-03
 1.06854    0.113742E-03   -0.812242E-04    0.112425E-03
 1.08656    0.110202E-03   -0.794312E-04    0.110957E-03
 1.10459    0.106789E-03   -0.777006E-04    0.109535E-03
 1.12262    0.103496E-03   -0.760300E-04    0.108156E-03
 1.14064    0.100319E-03   -0.744165E-04    0.106817E-03
 1.15867    0.972525E-04   -0.728576E-04    0.105518E-03
 1.17669    0.942915E-04   -0.713510E-04    0.104257E-03
 1.19472    0.914316E-04   -0.698945E-04    0.103031E-03
 1.21275    0.886687E-04   -0.684860E-04    0.101840E-03
 1.23077    0.859987E-04   -0.671233E-04    0.100681E-03
 1.24880    0.834179E-04   -0.658047E-04    0.995543E-04
 1.26682    0.809225E-04   -0.645283E-04    0.984572E-04
 1.28485    0.785093E-04   -0.632926E-04    0.973889E-04
 1.30288    0.761748E-04   -0.620957E-04    0.963482E-04
 1.32090    0.739161E-04   -0.609361E-04    0.953340E-04
 1.33893    0.717299E-04   -0.598123E-04    0.943452E-04
 1.35695    0.696137E-04   -0.587232E-04    0.933808E-04
 1.37498    0.675648E-04   -0.576670E-04    0.924397E-04
 1.39301    0.655804E-04   -0.566426E-04    0.915211E-04
 1.41103    0.636583E-04   -0.556488E-04    0.906240E-04
 1.42906    0.617961E-04   -0.546845E-04    0.897475E-04
 1.44708    0.599916E-04   -0.537487E-04    0.888912E-04
 1.46511    0.582427E-04   -0.528401E-04    0.880540E-04
 1.48314    0.565474E-04   -0.519579E-04    0.872351E-04
 1.50116    0.549036E-04   -0.511010E-04    0.864340E-04
 1.51919    0.533097E-04   -0.502686E-04    0.856500E-04
 1.53721    0.517638E-04   -0.494598E-04    0.848825E-04
 1.55524    0.502643E-04   -0.486738E-04    0.841308E-04
 1.57327    0.488095E-04   -0.479096E-04    0.833944E-04
 1.59129    0.473980E-04   -0.471667E-04    0.826726E-04
 1.60932    0.460281E-04   -0.464442E-04    0.819651E-04
 1.62734    0.446986E-04   -0.457414E-04    0.812713E-04
 1.64537    0.434080E-04   -0.450577E-04    0.805906E-04
 1.66340    0.421552E-04   -0.443925E-04    0.799227E-04
 1.68142    0.409387E-04   -0.437450E-04    0.792672E-04
 1.69945    0.397575E-04   -0.431148E-04    0.786235E-04
 1.71747    0.386105E-04   -0.425013E-04    0.779913E-04
 1.73550    0.374964E-04   -0.419039E-04    0.773703E-04
 1.75353    0.364144E-04   -0.413221E-04    0.767600E-04
 1.77155    0.353633E-04   -0.407555E-04    0.761600E-04
 1.78958    0.343423E-04   -0.402035E-04    0.755702E-04
 1.80761    0.333504E-04   -0.396657E-04    0.749901E-04
 1.82563    0.323868E-04   -0.391418E-04    0.744195E-04
 1.84366    0.314506E-04   -0.386311E-04    0.738579E-04
 1.86168    0.305411E-04   -0.381334E-04    0.733053E-04
 1.87971    0.296574E-04   -0.376483E-04    0.727614E-04
 1.89774    0.287989E-04   -0.371755E-04    0.722258E-04
 1.91576    0.279648E-04   -0.367145E-04    0.716983E-04
 1.93379    0.271545E-04   -0.362651E-04    0.711787E-04
 1.95181    0.263673E-04   -0.358269E-04    0.706669E-04
 1.96984    0.256026E-04   -0.353997E-04    0.701625E-04
 1.98787    0.248599E-04   -0.349831E-04    0.696654E-04
 2.00589    0.241386E-04   -0.345770E-04    0.691754E-04
 2.02392    0.234381E-04   -0.341808E-04    0.686923E-04
 2.04194    0.227580E-04   -0.337947E-04    0.682160E-04
 2.05997    0.220977E-04   -0.334182E-04    0.677462E-04
 2.07800    0.214568E-04   -0.330510E-04    0.672829E-04
 2.09602    0.208349E-04   -0.326931E-04    0.668259E-04
 2.11405    0.202314E-04   -0.323441E-04    0.663751E-04
 2.13207    0.196459E-04   -0.320038E-04    0.659302E-04
 2.15010    0.190781E-04   -0.316721E-04    0.654912E-04
 2.16813    0.185276E-04   -0.313487E-04    0.650579E-04
 2.18615    0.179938E-04   -0.310363E-04    0.646302E-04
 2.20418    0.174765E-04   -0.307263E-04    0.642080E-04
 2.22220    0.169752E-04   -0.304268E-04    0.637912E-04
 2.24023    0.164896E-04   -0.301349E-04    0.633795E-04
 2.25826    0.160192E-04   -0.298503E-04    0.629730E-04
 2.27628    0.155636E-04   -0.295730E-04    0.625714E-04
 2.29431    0.151226E-04   -0.293026E-04    0.621746E-04
 2.31233    0.146956E-04   -0.290391E-04    0.617826E-04
 2.33036    0.142822E-04   -0.287822E-04    0.613951E-04
 2.34839    0.138821E-04   -0.285316E-04    0.610120E-04
 2.36641    0.134947E-04   -0.282872E-04    0.606332E-04
 2.38444    0.131197E-04   -0.280488E-04    0.602585E-04
 2.40246    0.127565E-04   -0.278161E-04    0.598878E-04
 2.42049    0.124049E-04   -0.275889E-04    0.595209E-04
 2.43852    0.120641E-04   -0.273670E-04    0.591576E-04
 2.45654    0.117338E-04   -0.271501E-04    0.587978E-04
 2.47457    0.114134E-04   -0.269380E-04    0.584414E-04
 2.49260    0.111024E-04   -0.267304E-04    0.580880E-04
 2.51062    0.108004E-04   -0.265271E-04    0.577376E-04
 2.52865    0.105068E-04   -0.263279E-04    0.573900E-04
 2.54667    0.102211E-04   -0.261322E-04    0.570451E-04
 2.56470    0.994273E-05   -0.259403E-04    0.567025E-04
 2.58273    0.967120E-05   -0.257516E-04    0.563622E-04
 2.60075    0.940599E-05   -0.255658E-04    0.560239E-04
 2.61878    0.914662E-05   -0.253828E-04    0.556875E-04
 2.63680    0.889256E-05   -0.252023E-04    0.553529E-04
 2.65483    0.864337E-05   -0.250240E-04    0.550198E-04
 2.67286    0.839859E-05   -0.248479E-04    0.546880E-04
 2.69088    0.815775E-05   -0.246735E-04    0.543576E-04
 2.70891    0.792054E-05   -0.245008E-04    0.540282E-04
 2.72693    0.768649E-05   -0.243295E-04    0.536999E-04
 2.74496    0.745530E-05   -0.241596E-04    0.533723E-04
 2.76299    0.722663E-05   -0.239908E-04    0.530456E-04
 2.78101    0.700023E-05   -0.238229E-04    0.527195E-04
 2.79904    0.677586E-05   -0.236560E-04    0.523940E-04
 2.81706    0.655331E-05   -0.234898E-04    0.520691E-04
 2.83509    0.633242E-05   -0.233244E-04    0.517446E-04
 2.85312    0.611306E-05   -0.231595E-04    0.514206E-04
 2.87114    0.589515E-05   -0.229952E-04    0.510970E-04
 2.88917    0.567861E-05   -0.228317E-04    0.507738E-04
 2.90719    0.546344E-05   -0.226685E-04    0.504510E-04
 2.92522    0.524963E-05   -0.225061E-04    0.501286E-04
 2.94325    0.503724E-05   -0.223442E-04    0.498067E-04
 2.96127    0.482633E-05   -0.221830E-04    0.494853E-04
 2.97930    0.461698E-05   -0.220223E-04    0.491645E-04
 2.99732    0.440930E-05   -0.218626E-04    0.488442E-04
 3.01535    0.420340E-05   -0.217035E-04    0.485246E-04
 3.03338    0.399941E-05   -0.215453E-04    0.482057E-04
 3.05140    0.379748E-05   -0.213882E-04    0.478875E-04
 3.06943    0.359774E-05   -0.212320E-04    0.475702E-04
 3.08745    0.340033E-05   -0.210769E-04    0.472538E-04
 3.10548    0.320541E-05   -0.209229E-04    0.469384E-04
 3.12351    0.301309E-05   -0.207702E-04    0.466239E-04
 3.14153    0.282349E-05   -0.206188E-04    0.463106E-04
 3.15956    0.263673E-05   -0.204687E-04    0.459985E-04
 3.17759    0.245290E-05   -0.203200E-04    0.456876E-04
 3.19561    0.227206E-05   -0.201728E-04    0.453777E-04
 3.21364    0.209427E-05   -0.200271E-04    0.450692E-04
 3.23166    0.191956E-05   -0.198828E-04    0.447620E-04
 3.24969    0.174793E-05   -0.197401E-04    0.444560E-04
 3.26772    0.157939E-05   -0.195989E-04    0.441515E-04
 3.28574    0.141391E-05   -0.194592E-04    0.438482E-04
 3.30377    0.125144E-05   -0.193209E-04    0.435463E-04
 3.32179    0.109185E-05   -0.191841E-04    0.432457E-04
 3.33982    0.935119E-06   -0.190487E-04    0.429464E-04
 3.35785    0.781072E-06   -0.189146E-04    0.426482E-04
 3.37587    0.629582E-06   -0.187818E-04    0.423513E-04
 3.39390    0.480496E-06   -0.186502E-04    0.420556E-04
 3.41192    0.333645E-06   -0.185197E-04    0.417611E-04
 3.42995    0.188849E-06   -0.183904E-04    0.414675E-04
 3.44798    0.459213E-07   -0.182618E-04    0.411751E-04
 3.46600   -0.953376E-07   -0.181341E-04    0.408835E-04
 3.48403   -0.235133E-06   -0.180072E-04    0.405929E-04
 3.50205   -0.373670E-06   -0.178810E-04    0.403030E-04
 3.52008   -0.511163E-06   -0.177554E-04    0.400141E-04
 3.53811   -0.647819E-06   -0.176302E-04    0.397258E-04
 3.55613   -0.783855E-06   -0.175054E-04    0.394381E-04
 3.57416   -0.919458E-06   -0.173808E-04    0.391510E-04
 3.59218   -0.105481E-05   -0.172564E-04    0.388645E-04
 3.61021   -0.119011E-05   -0.171321E-04    0.385785E-04
 3.62824   -0.132552E-05   -0.170078E-04    0.382929E-04
 3.64626   -0.146118E-05   -0.168835E-04    0.380076E-04
 3.66429   -0.159724E-05   -0.167590E-04    0.377229E-04
 3.68231   -0.173381E-05   -0.166344E-04    0.374383E-04
 3.70034   -0.187101E-05   -0.165095E-04    0.371541E-04
 3.71837   -0.200893E-05   -0.163844E-04    0.368701E-04
 3.73639   -0.214763E-05   -0.162590E-04    0.365864E-04
 3.75442   -0.228717E-05   -0.161332E-04    0.363029E-04
 3.77244   -0.242758E-05   -0.160072E-04    0.360197E-04
 3.79047   -0.256887E-05   -0.158807E-04    0.357367E-04
 3.80850   -0.271103E-05   -0.157540E-04    0.354540E-04
 3.82652   -0.285405E-05   -0.156269E-04    0.351716E-04
 3.84455   -0.299786E-05   -0.154996E-04    0.348895E-04
 3.86258   -0.314241E-05   -0.153720E-04    0.346078E-04
 3.88060   -0.328762E-05   -0.152441E-04    0.343264E-04
 3.89863   -0.343340E-05   -0.151162E-04    0.340455E-04
 3.91665   -0.357950E-05   -0.149881E-04    0.337650E-04
 3.93468   -0.372620E-05   -0.148599E-04    0.334851E-04
 3.95271   -0.387298E-05   -0.147318E-04    0.332058E-04
 3.97073   -0.401982E-05   -0.146038E-04    0.329271E-04
 3.98876   -0.416657E-05   -0.144760E-04    0.326515E-04
 4.00678   -0.431308E-05   -0.143484E-04    0.323719E-04
 4.02481   -0.445916E-05   -0.142212E-04    0.320955E-04
 4.04284   -0.460466E-05   -0.140944E-04    0.318201E-04
 4.06086   -0.474938E-05   -0.139681E-04    0.315457E-04
 4.07889   -0.489316E-05   -0.138424E-04    0.312723E-04
 4.09691   -0.503581E-05   -0.137174E-04    0.310000E-04
 4.11494   -0.517715E-05   -0.135932E-04    0.307289E-04
 4.13297   -0.531701E-05   -0.134698E-04    0.304591E-04
 4.15099   -0.545522E-05   -0.133475E-04    0.301906E-04
 4.16902   -0.559160E-05   -0.132262E-04    0.299235E-04
 4.18704   -0.572601E-05   -0.131061E-04    0.296578E-04
 4.20507   -0.585827E-05   -0.129871E-04    0.293936E-04
 4.22310   -0.598824E-05   -0.128694E-04    0.291310E-04
 4.24112   -0.611577E-05   -0.127531E-04    0.288701E-04
 4.25915   -0.624074E-05   -0.126382E-04    0.286109E-04
 4.27717   -0.636300E-05   -0.125247E-04    0.283535E-04
 4.29520   -0.648245E-05   -0.124128E-04    0.280977E-04
 4.31323   -0.659898E-05   -0.123025E-04    0.278438E-04
 4.33125   -0.671249E-05   -0.121939E-04    0.275919E-04
 4.34928   -0.682288E-05   -0.120869E-04    0.273417E-04
 4.36730   -0.693008E-05   -0.119817E-04    0.270935E-04
 4.38533   -0.703403E-05   -0.118782E-04    0.268471E-04
 4.40336   -0.713468E-05   -0.117766E-04    0.266028E-04
 4.42138   -0.723195E-05   -0.116767E-04    0.263605E-04
 4.43941   -0.732585E-05   -0.115786E-04    0.261201E-04
 4.45743   -0.741631E-05   -0.114824E-04    0.258817E-04
 4.47546   -0.750333E-05   -0.113881E-04    0.256454E-04
 4.49349   -0.758691E-05   -0.112956E-04    0.254111E-04
 4.51151   -0.766703E-05   -0.112049E-04    0.251787E-04
 4.52954   -0.774370E-05   -0.111161E-04    0.249484E-04
 4.54757   -0.781693E-05   -0.110292E-04    0.247201E-04
 4.56559   -0.788675E-05   -0.109441E-04    0.244937E-04
 4.58362   -0.795318E-05   -0.108608E-04    0.242694E-04
 4.60164   -0.801626E-05   -0.107793E-04    0.240471E-04
 4.61967   -0.807603E-05   -0.106995E-04    0.238268E-04
 4.63770   -0.813255E-05   -0.106216E-04    0.236082E-04
 4.65572   -0.818582E-05   -0.105453E-04    0.233918E-04
 4.67375   -0.823595E-05   -0.104708E-04    0.231773E-04
 4.69177   -0.828298E-05   -0.103979E-04    0.229645E-04
 4.70980   -0.832697E-05   -0.103267E-04    0.227536E-04
 4.72783   -0.836801E-05   -0.102571E-04    0.225444E-04
 4.74585   -0.840611E-05   -0.101890E-04    0.223371E-04
 4.76388   -0.844140E-05   -0.101225E-04    0.221317E-04
 4.78190   -0.847392E-05   -0.100575E-04    0.219278E-04
 4.79993   -0.850375E-05   -0.999393E-05    0.217258E-04
 4.81796   -0.853097E-05   -0.993179E-05    0.215254E-04
 4.83598   -0.855566E-05   -0.987100E-05    0.213266E-04
 4.85401   -0.857789E-05   -0.981160E-05    0.211295E-04
 4.87203   -0.859774E-05   -0.975351E-05    0.209339E-04
 4.89006   -0.861529E-05   -0.969668E-05    0.207399E-04
 4.90809   -0.863061E-05   -0.964109E-05    0.205474E-04
 4.92611   -0.864378E-05   -0.958668E-05    0.203565E-04
 4.94414   -0.865487E-05   -0.953343E-05    0.201671E-04
 4.96216   -0.866397E-05   -0.948128E-05    0.199791E-04
 4.98019   -0.867115E-05   -0.943022E-05    0.197925E-04
 4.99822   -0.867649E-05   -0.938019E-05    0.196073E-04
 5.01624   -0.868004E-05   -0.933117E-05    0.194235E-04
 5.03427   -0.868189E-05   -0.928312E-05    0.192410E-04
 5.05229   -0.868210E-05   -0.923599E-05    0.190598E-04
 5.07032   -0.868075E-05   -0.918977E-05    0.188799E-04
 5.08835   -0.867789E-05   -0.914441E-05    0.187013E-04
 5.10637   -0.867360E-05   -0.909988E-05    0.185240E-04
 5.12440   -0.866792E-05   -0.905616E-05    0.183479E-04
 5.14242   -0.866095E-05   -0.901320E-05    0.181729E-04
 5.16045   -0.865271E-05   -0.897098E-05    0.179992E-04
 5.17848   -0.864329E-05   -0.892947E-05    0.178264E-04
 5.19650   -0.863273E-05   -0.888865E-05    0.176550E-04
 5.21453   -0.862109E-05   -0.884847E-05    0.174846E-04
 5.23256   -0.860841E-05   -0.880893E-05    0.173153E-04
 5.25058   -0.859477E-05   -0.876999E-05    0.171471E-04
 5.26861   -0.858019E-05   -0.873163E-05    0.169800E-04
 5.28663   -0.856473E-05   -0.869382E-05    0.168138E-04
 5.30466   -0.854843E-05   -0.865654E-05    0.166488E-04
 5.32269   -0.853134E-05   -0.861977E-05    0.164847E-04
 5.34071   -0.851349E-05   -0.858350E-05    0.163216E-04
 5.35874   -0.849494E-05   -0.854768E-05    0.161594E-04
 5.37676   -0.847571E-05   -0.851233E-05    0.159982E-04
 5.39479   -0.845585E-05   -0.847739E-05    0.158380E-04
 5.41282   -0.843539E-05   -0.844288E-05    0.156786E-04
 5.43084   -0.841436E-05   -0.840876E-05    0.155202E-04
 5.44887   -0.839281E-05   -0.837501E-05    0.153626E-04
 5.46689   -0.837075E-05   -0.834163E-05    0.152059E-04
 5.48492   -0.834822E-05   -0.830860E-05    0.150502E-04
 5.50295   -0.832524E-05   -0.827591E-05    0.148953E-04
 5.52097   -0.830185E-05   -0.824353E-05    0.147412E-04
 5.53900   -0.827807E-05   -0.821147E-05    0.145880E-04
 5.55702   -0.825392E-05   -0.817970E-05    0.144357E-04
 5.57505   -0.822943E-05   -0.814821E-05    0.142841E-04
 5.59308   -0.820461E-05   -0.811700E-05    0.141334E-04
 5.61110   -0.817950E-05   -0.808606E-05    0.139835E-04
 5.62913   -0.815410E-05   -0.805537E-05    0.138343E-04
 5.64715   -0.812844E-05   -0.802492E-05    0.136860E-04
 5.66518   -0.810254E-05   -0.799470E-05    0.135385E-04
 5.68321   -0.807641E-05   -0.796472E-05    0.133917E-04
 5.70123   -0.805006E-05   -0.793495E-05    0.132457E-04
 5.71926   -0.802352E-05   -0.790539E-05    0.131004E-04
 5.73728   -0.799680E-05   -0.787604E-05    0.129559E-04
 5.75531   -0.796991E-05   -0.784689E-05    0.128122E-04
 5.77334   -0.794286E-05   -0.781793E-05    0.126692E-04
 5.79136   -0.791567E-05   -0.778914E-05    0.125270E-04
 5.80939   -0.788834E-05   -0.776055E-05    0.123855E-04
 5.82741   -0.786090E-05   -0.773212E-05    0.122447E-04
 5.84544   -0.783335E-05   -0.770386E-05    0.121046E-04
 5.86347   -0.780569E-05   -0.767576E-05    0.119653E-04
 5.88149   -0.777795E-05   -0.764783E-05    0.118267E-04
 5.89952   -0.775012E-05   -0.762004E-05    0.116889E-04
 5.91755   -0.772222E-05   -0.759241E-05    0.115518E-04
 5.93557   -0.769426E-05   -0.756492E-05    0.114154E-04
 5.95360   -0.766623E-05   -0.753758E-05    0.112797E-04
 5.97162   -0.763822E-05   -0.751037E-05    0.111446E-04
 5.98965   -0.761004E-05   -0.748329E-05    0.110102E-04
 6.00768   -0.758189E-05   -0.745635E-05    0.108766E-04
 6.02570   -0.755371E-05   -0.742953E-05    0.107436E-04
 6.04373   -0.752551E-05   -0.740283E-05    0.106114E-04
 6.06175   -0.749729E-05   -0.737626E-05    0.104798E-04
 6.07978   -0.746905E-05   -0.734981E-05    0.103489E-04
 6.09781   -0.744082E-05   -0.732348E-05    0.102187E-04
 6.11583   -0.741258E-05   -0.729725E-05    0.100891E-04
 6.13386   -0.738434E-05   -0.727114E-05    0.996028E-05
 6.15188   -0.735612E-05   -0.724513E-05    0.983208E-05
 6.16991   -0.732790E-05   -0.721923E-05    0.970463E-05
 6.18794   -0.729971E-05   -0.719343E-05    0.957767E-05
 6.20596   -0.727155E-05   -0.716773E-05    0.945145E-05
 6.22399   -0.724340E-05   -0.714213E-05    0.932589E-05
 6.24201   -0.721530E-05   -0.711663E-05    0.920098E-05
 6.26004   -0.718722E-05   -0.709122E-05    0.907667E-05
 6.27807   -0.715919E-05   -0.706590E-05    0.895304E-05
 6.29609   -0.713120E-05   -0.704068E-05    0.883004E-05
 6.31412   -0.710326E-05   -0.701554E-05    0.870768E-05
 6.33214   -0.707537E-05   -0.699049E-05    0.858595E-05
 6.35017   -0.704754E-05   -0.696552E-05    0.846485E-05
 6.36820   -0.701976E-05   -0.694064E-05    0.834439E-05
 6.38622   -0.699205E-05   -0.691583E-05    0.822454E-05
 6.40425   -0.696440E-05   -0.689111E-05    0.810532E-05
 6.42227   -0.693681E-05   -0.686646E-05    0.798671E-05
 6.44030   -0.690929E-05   -0.684189E-05    0.786873E-05
 6.45833   -0.688185E-05   -0.681740E-05    0.775138E-05
 6.47635   -0.685449E-05   -0.679298E-05    0.763463E-05
 6.49438   -0.682720E-05   -0.676863E-05    0.751848E-05
 6.51240   -0.679999E-05   -0.674435E-05    0.740295E-05
 6.53043   -0.677287E-05   -0.672015E-05    0.728804E-05
 6.54846   -0.674583E-05   -0.669601E-05    0.717375E-05
 6.56648   -0.671888E-05   -0.667194E-05    0.706005E-05
 6.58451   -0.669202E-05   -0.664834E-05    0.694699E-05
 6.60254   -0.666525E-05   -0.662440E-05    0.683450E-05
 6.62056   -0.663858E-05   -0.660052E-05    0.672263E-05
 6.63859   -0.661200E-05   -0.657630E-05    0.661136E-05
 6.65661   -0.658552E-05   -0.655254E-05    0.650071E-05
 6.67464   -0.655914E-05   -0.652885E-05    0.639061E-05
 6.69267   -0.653286E-05   -0.650521E-05    0.628114E-05
 6.71069   -0.650669E-05   -0.648164E-05    0.617227E-05
 6.72872   -0.648062E-05   -0.645812E-05    0.606397E-05
 6.74674   -0.645466E-05   -0.643466E-05    0.595625E-05
 6.76477   -0.642881E-05   -0.641125E-05    0.584909E-05
 6.78280   -0.640306E-05   -0.638790E-05    0.574259E-05
 6.80082   -0.637743E-05   -0.636461E-05    0.563670E-05
 6.81885   -0.635191E-05   -0.634136E-05    0.553137E-05
 6.83687   -0.632651E-05   -0.631817E-05    0.542660E-05
 6.85490   -0.630122E-05   -0.629503E-05    0.532242E-05
 6.87293   -0.627605E-05   -0.627194E-05    0.521880E-05
 6.89095   -0.625100E-05   -0.624891E-05    0.511579E-05
 6.90898   -0.622607E-05   -0.622592E-05    0.501334E-05
 6.92700   -0.620125E-05   -0.620298E-05    0.491147E-05
 6.94503   -0.617656E-05   -0.618008E-05    0.481018E-05
 6.96306   -0.615198E-05   -0.615724E-05    0.470941E-05
 6.98108   -0.612753E-05   -0.613445E-05    0.460926E-05
 6.99911   -0.610321E-05   -0.611170E-05    0.450966E-05
 7.01713   -0.607901E-05   -0.608899E-05    0.441064E-05
 7.03516   -0.605493E-05   -0.606634E-05    0.431213E-05
 7.05319   -0.603098E-05   -0.604373E-05    0.421419E-05
 7.07121   -0.600715E-05   -0.602116E-05    0.411680E-05
 7.08924   -0.598345E-05   -0.599864E-05    0.401998E-05
 7.10726   -0.595988E-05   -0.597616E-05    0.392370E-05
 7.12529   -0.593643E-05   -0.595372E-05    0.382793E-05
 7.14332   -0.591311E-05   -0.593134E-05    0.373275E-05
 7.16134   -0.588992E-05   -0.590899E-05    0.363811E-05
 7.17937   -0.586685E-05   -0.588669E-05    0.354399E-05
 7.19739   -0.584391E-05   -0.586443E-05    0.345043E-05
 7.21542   -0.582110E-05   -0.584221E-05    0.335742E-05
 7.23345   -0.579842E-05   -0.582004E-05    0.326494E-05
 7.25147   -0.577586E-05   -0.579791E-05    0.317300E-05
 7.26950   -0.575343E-05   -0.577582E-05    0.308159E-05
 7.28753   -0.573112E-05   -0.575378E-05    0.299072E-05
 7.30555   -0.570894E-05   -0.573178E-05    0.290038E-05
 7.32358   -0.568688E-05   -0.570982E-05    0.281055E-05
 7.34160   -0.566495E-05   -0.568791E-05    0.272126E-05
 7.35963   -0.564314E-05   -0.566604E-05    0.263250E-05
 7.37766   -0.562146E-05   -0.564421E-05    0.254427E-05
 7.39568   -0.559989E-05   -0.562243E-05    0.245657E-05
 7.41371   -0.557844E-05   -0.560070E-05    0.236940E-05
 7.43173   -0.555712E-05   -0.557901E-05    0.228274E-05
 7.44976   -0.553591E-05   -0.555736E-05    0.219661E-05
 7.46779   -0.551482E-05   -0.553576E-05    0.211098E-05
 7.48581   -0.549384E-05   -0.551421E-05    0.202588E-05
 7.50384   -0.547298E-05   -0.549270E-05    0.194129E-05
 7.52186   -0.545223E-05   -0.547124E-05    0.185722E-05
 7.53989   -0.543159E-05   -0.544983E-05    0.177366E-05
 7.55792   -0.541107E-05   -0.542847E-05    0.169062E-05
 7.57594   -0.539065E-05   -0.540715E-05    0.160808E-05
 7.59397   -0.537034E-05   -0.538588E-05    0.152605E-05
 7.61199   -0.535014E-05   -0.536467E-05    0.144453E-05
 7.63002   -0.533005E-05   -0.534350E-05    0.136352E-05
 7.64805   -0.531006E-05   -0.532238E-05    0.128302E-05
 7.66607   -0.529017E-05   -0.530131E-05    0.120301E-05
 7.68410   -0.527038E-05   -0.528030E-05    0.112352E-05
 7.70212   -0.525069E-05   -0.525933E-05    0.104452E-05
 7.72015   -0.523110E-05   -0.523842E-05    0.966018E-06
 7.73818   -0.521160E-05   -0.521756E-05    0.888014E-06
 7.75620   -0.519221E-05   -0.519676E-05    0.810509E-06
 7.77423   -0.517290E-05   -0.517600E-05    0.733504E-06
 7.79225   -0.515369E-05   -0.515531E-05    0.656989E-06
 7.81028   -0.513457E-05   -0.513466E-05    0.580970E-06
 7.82831   -0.511554E-05   -0.511408E-05    0.505441E-06
 7.84633   -0.509659E-05   -0.509354E-05    0.430407E-06
 7.86436   -0.507774E-05   -0.507307E-05    0.355857E-06
 7.88238   -0.505897E-05   -0.505265E-05    0.281792E-06
 7.90041   -0.504029E-05   -0.503228E-05    0.208214E-06
 7.91844   -0.502169E-05   -0.501198E-05    0.135122E-06
 7.93646   -0.500317E-05   -0.499173E-05    0.625116E-07
 7.95449   -0.498474E-05   -0.497153E-05   -0.961875E-08
 7.97252   -0.496638E-05   -0.495140E-05   -0.812754E-07
 7.99054   -0.494811E-05   -0.493132E-05   -0.152447E-06
 8.00857   -0.492991E-05   -0.491130E-05   -0.223144E-06
 8.02659   -0.491180E-05   -0.489134E-05   -0.293364E-06
 8.04462   -0.489376E-05   -0.487144E-05   -0.363113E-06
 8.06265   -0.487580E-05   -0.485160E-05   -0.432390E-06
 8.08067   -0.485792E-05   -0.483181E-05   -0.501200E-06
 8.09870   -0.484011E-05   -0.481208E-05   -0.569539E-06
 8.11672   -0.482238E-05   -0.479242E-05   -0.637419E-06
 8.13475   -0.480472E-05   -0.477281E-05   -0.704830E-06
 8.15278   -0.478714E-05   -0.475326E-05   -0.771776E-06
 8.17080   -0.476963E-05   -0.473377E-05   -0.838263E-06
 8.18883   -0.475219E-05   -0.471433E-05   -0.904289E-06
 8.20685   -0.473483E-05   -0.469496E-05   -0.969859E-06
 8.22488   -0.471754E-05   -0.467565E-05   -0.103497E-05
 8.24291   -0.470032E-05   -0.465639E-05   -0.109963E-05
 8.26093   -0.468317E-05   -0.463719E-05   -0.116384E-05
 8.27896   -0.466610E-05   -0.461805E-05   -0.122760E-05
 8.29698   -0.464910E-05   -0.459897E-05   -0.129091E-05
 8.31501   -0.463217E-05   -0.457994E-05   -0.135378E-05
 8.33304   -0.461531E-05   -0.456098E-05   -0.141620E-05
 8.35106   -0.459853E-05   -0.454207E-05   -0.147818E-05
 8.36909   -0.458181E-05   -0.452322E-05   -0.153972E-05
 8.38711   -0.456517E-05   -0.450442E-05   -0.160082E-05
 8.40514   -0.454859E-05   -0.448569E-05   -0.166148E-05
 8.42317   -0.453209E-05   -0.446701E-05   -0.172171E-05
 8.44119   -0.451566E-05   -0.444838E-05   -0.178150E-05
 8.45922   -0.449930E-05   -0.442982E-05   -0.184086E-05
 8.47724   -0.448301E-05   -0.441131E-05   -0.189980E-05
 8.49527   -0.446679E-05   -0.439285E-05   -0.195830E-05
 8.51330   -0.445065E-05   -0.437446E-05   -0.201638E-05
 8.53132   -0.443457E-05   -0.435611E-05   -0.207404E-05
 8.54935   -0.441857E-05   -0.433783E-05   -0.213127E-05
 8.56737   -0.440263E-05   -0.431959E-05   -0.218809E-05
 8.58540   -0.438677E-05   -0.430142E-05   -0.224449E-05
 8.60343   -0.437097E-05   -0.428330E-05   -0.230046E-05
 8.62145   -0.435525E-05   -0.426523E-05   -0.235602E-05
 8.63948   -0.433960E-05   -0.424721E-05   -0.241117E-05
 8.65751   -0.432402E-05   -0.422926E-05   -0.246568E-05
 8.67553   -0.430851E-05   -0.421135E-05   -0.252001E-05
 8.69356   -0.429306E-05   -0.419350E-05   -0.257394E-05
 8.71158   -0.427769E-05   -0.417570E-05   -0.262768E-05
 8.72961   -0.426239E-05   -0.415796E-05   -0.268080E-05
 8.74764   -0.424716E-05   -0.414027E-05   -0.273351E-05
 8.76566   -0.423200E-05   -0.412263E-05   -0.278583E-05
 8.78369   -0.421691E-05   -0.410505E-05   -0.283774E-05
 8.80171   -0.420189E-05   -0.408752E-05   -0.288926E-05
 8.81974   -0.418694E-05   -0.407004E-05   -0.294039E-05
 8.83777   -0.417205E-05   -0.405262E-05   -0.299112E-05
 8.85579   -0.415724E-05   -0.403525E-05   -0.304146E-05
 8.87382   -0.414249E-05   -0.401793E-05   -0.309142E-05
 8.89184   -0.412781E-05   -0.400066E-05   -0.314098E-05
 8.90987   -0.411320E-05   -0.398344E-05   -0.319016E-05
 8.92790   -0.409866E-05   -0.396628E-05   -0.323895E-05
 8.94592   -0.408419E-05   -0.394917E-05   -0.328736E-05
 8.96395   -0.406978E-05   -0.393211E-05   -0.333539E-05
 8.98197   -0.405544E-05   -0.391510E-05   -0.338304E-05
 9.00000   -0.404116E-05   -0.389815E-05   -0.343031E-05
