 0.00500    0.966236E-02   -0.501041E-02    0.391742E-02
 0.02303    0.777978E-02   -0.406906E-02    0.321111E-02
 0.04105    0.669766E-02   -0.352769E-02    0.280458E-02
 0.05908    0.591887E-02   -0.313788E-02    0.251151E-02
 0.07710    0.531109E-02   -0.283347E-02    0.228230E-02
 0.09513    0.481533E-02   -0.258499E-02    0.209492E-02
 0.11316    0.439928E-02   -0.237629E-02    0.193724E-02
 0.13118    0.404313E-02   -0.219747E-02    0.180186E-02
 0.14921    0.373371E-02   -0.204195E-02    0.168387E-02
 0.16723    0.346177E-02   -0.190513E-02    0.157982E-02
 0.18526    0.322053E-02   -0.178362E-02    0.148718E-02
 0.20329    0.300491E-02   -0.167487E-02    0.140404E-02
 0.22131    0.281094E-02   -0.157691E-02    0.132895E-02
 0.23934    0.263551E-02   -0.148819E-02    0.126074E-02
 0.25736    0.247607E-02   -0.140745E-02    0.119846E-02
 0.27539    0.233058E-02   -0.133365E-02    0.114136E-02
 0.29342    0.219732E-02   -0.126594E-02    0.108880E-02
 0.31144    0.207487E-02   -0.120363E-02    0.104025E-02
 0.32947    0.196201E-02   -0.114609E-02    0.995256E-03
 0.34749    0.185771E-02   -0.109281E-02    0.953445E-03
 0.36552    0.176108E-02   -0.104336E-02    0.914485E-03
 0.38355    0.167136E-02   -0.997354E-03    0.878093E-03
 0.40157    0.158787E-02   -0.954455E-03    0.844022E-03
 0.41960    0.151004E-02   -0.914375E-03    0.812055E-03
 0.43763    0.143734E-02   -0.876857E-03    0.782005E-03
 0.45565    0.136933E-02   -0.841677E-03    0.753703E-03
 0.47368    0.130560E-02   -0.808632E-03    0.727000E-03
 0.49170    0.124580E-02   -0.777545E-03    0.701765E-03
 0.50973    0.118960E-02   -0.748257E-03    0.677879E-03
 0.52776    0.113671E-02   -0.720624E-03    0.655237E-03
 0.54578    0.108687E-02   -0.694518E-03    0.633744E-03
 0.56381    0.103986E-02   -0.669824E-03    0.613314E-03
 0.58183    0.995469E-03   -0.646437E-03    0.593869E-03
 0.59986    0.953495E-03   -0.624262E-03    0.575341E-03
 0.61789    0.913774E-03   -0.603214E-03    0.557665E-03
 0.63591    0.876145E-03   -0.583214E-03    0.540783E-03
 0.65394    0.840464E-03   -0.564192E-03    0.524644E-03
 0.67196    0.806600E-03   -0.546081E-03    0.509198E-03
 0.68999    0.774437E-03   -0.528822E-03    0.494402E-03
 0.70802    0.743860E-03   -0.512361E-03    0.480216E-03
 0.72604    0.714767E-03   -0.496648E-03    0.466602E-03
 0.74407    0.687071E-03   -0.481636E-03    0.453526E-03
 0.76209    0.660684E-03   -0.467282E-03    0.440957E-03
 0.78012    0.635523E-03   -0.453547E-03    0.428866E-03
 0.79815    0.611521E-03   -0.440397E-03    0.417225E-03
 0.81617    0.588607E-03   -0.427796E-03    0.406012E-03
 0.83420    0.566719E-03   -0.415713E-03    0.395201E-03
 0.85222    0.545798E-03   -0.404121E-03    0.384772E-03
 0.87025    0.525792E-03   -0.392991E-03    0.374706E-03
 0.88828    0.506650E-03   -0.382299E-03    0.364983E-03
 0.90630    0.488325E-03   -0.372022E-03    0.355586E-03
 0.92433    0.470773E-03   -0.362138E-03    0.346500E-03
 0.94235    0.453953E-03   -0.352627E-03    0.337709E-03
 0.96038    0.437829E-03   -0.343470E-03    0.329200E-03
 0.97841    0.422364E-03   -0.334650E-03    0.320959E-03
 0.99643    0.407524E-03   -0.326149E-03    0.312974E-03
 1.01446    0.393280E-03   -0.317953E-03    0.305233E-03
 1.03248    0.379601E-03   -0.310046E-03    0.297726E-03
 1.05051    0.366460E-03   -0.302416E-03    0.290442E-03
 1.06854    0.353831E-03   -0.295049E-03    0.283372E-03
 1.08656    0.341689E-03   -0.287932E-03    0.276507E-03
 1.10459    0.330013E-03   -0.281056E-03    0.269838E-03
 1.12262    0.318780E-03   -0.274408E-03    0.263357E-03
 1.14064    0.307970E-03   -0.267980E-03    0.257057E-03
 1.15867    0.297565E-03   -0.261760E-03    0.250931E-03
 1.17669    0.287544E-03   -0.255741E-03    0.244971E-03
 1.19472    0.277893E-03   -0.249914E-03    0.239172E-03
 1.21275    0.268595E-03   -0.244270E-03    0.233527E-03
 1.23077    0.259633E-03   -0.238803E-03    0.228030E-03
 1.24880    0.250995E-03   -0.233504E-03    0.222677E-03
 1.26682    0.242665E-03   -0.228368E-03    0.217461E-03
 1.28485    0.234631E-03   -0.223386E-03    0.212378E-03
 1.30288    0.226881E-03   -0.218554E-03    0.207424E-03
 1.32090    0.219402E-03   -0.213865E-03    0.202593E-03
 1.33893    0.212185E-03   -0.209314E-03    0.197882E-03
 1.35695    0.205217E-03   -0.204896E-03    0.193286E-03
 1.37498    0.198490E-03   -0.200604E-03    0.188801E-03
 1.39301    0.191993E-03   -0.196436E-03    0.184425E-03
 1.41103    0.185718E-03   -0.192386E-03    0.180152E-03
 1.42906    0.179656E-03   -0.188449E-03    0.175981E-03
 1.44708    0.173798E-03   -0.184622E-03    0.171908E-03
 1.46511    0.168137E-03   -0.180901E-03    0.167929E-03
 1.48314    0.162665E-03   -0.177282E-03    0.164043E-03
 1.50116    0.157376E-03   -0.173761E-03    0.160245E-03
 1.51919    0.152263E-03   -0.170335E-03    0.156533E-03
 1.53721    0.147318E-03   -0.167000E-03    0.152906E-03
 1.55524    0.142537E-03   -0.163755E-03    0.149360E-03
 1.57327    0.137913E-03   -0.160595E-03    0.145894E-03
 1.59129    0.133440E-03   -0.157518E-03    0.142504E-03
 1.60932    0.129114E-03   -0.154521E-03    0.139189E-03
 1.62734    0.124930E-03   -0.151601E-03    0.135946E-03
 1.64537    0.120882E-03   -0.148757E-03    0.132775E-03
 1.66340    0.116966E-03   -0.145986E-03    0.129672E-03
 1.68142    0.113178E-03   -0.143286E-03    0.126637E-03
 1.69945    0.109514E-03   -0.140654E-03    0.123667E-03
 1.71747    0.105969E-03   -0.138089E-03    0.120761E-03
 1.73550    0.102541E-03   -0.135589E-03    0.117917E-03
 1.75353    0.992251E-04   -0.133151E-03    0.115135E-03
 1.77155    0.960188E-04   -0.130775E-03    0.112411E-03
 1.78958    0.929185E-04   -0.128459E-03    0.109746E-03
 1.80761    0.899213E-04   -0.126201E-03    0.107138E-03
 1.82563    0.870246E-04   -0.123999E-03    0.104585E-03
 1.84366    0.842257E-04   -0.121853E-03    0.102087E-03
 1.86168    0.815222E-04   -0.119760E-03    0.996416E-04
 1.87971    0.789120E-04   -0.117721E-03    0.972491E-04
 1.89774    0.763925E-04   -0.115733E-03    0.949079E-04
 1.91576    0.739617E-04   -0.113796E-03    0.926169E-04
 1.93379    0.716178E-04   -0.111908E-03    0.903755E-04
 1.95181    0.693587E-04   -0.110069E-03    0.881827E-04
 1.96984    0.671832E-04   -0.108278E-03    0.860376E-04
 1.98787    0.650889E-04   -0.106533E-03    0.839394E-04
 2.00589    0.630744E-04   -0.104834E-03    0.818874E-04
 2.02392    0.611378E-04   -0.103180E-03    0.798805E-04
 2.04194    0.592779E-04   -0.101570E-03    0.779184E-04
 2.05997    0.574932E-04   -0.100004E-03    0.760001E-04
 2.07800    0.557820E-04   -0.984799E-04    0.741247E-04
 2.09602    0.541427E-04   -0.969975E-04    0.722916E-04
 2.11405    0.525736E-04   -0.955557E-04    0.704999E-04
 2.13207    0.510735E-04   -0.941538E-04    0.687488E-04
 2.15010    0.496400E-04   -0.927910E-04    0.670375E-04
 2.16813    0.482716E-04   -0.914658E-04    0.653651E-04
 2.18615    0.469661E-04   -0.901775E-04    0.637305E-04
 2.20418    0.457215E-04   -0.889249E-04    0.621330E-04
 2.22220    0.445357E-04   -0.877070E-04    0.605714E-04
 2.24023    0.434062E-04   -0.865225E-04    0.590446E-04
 2.25826    0.423306E-04   -0.853700E-04    0.575515E-04
 2.27628    0.413064E-04   -0.842478E-04    0.560909E-04
 2.29431    0.403304E-04   -0.831549E-04    0.546614E-04
 2.31233    0.393997E-04   -0.820896E-04    0.532618E-04
 2.33036    0.385112E-04   -0.810501E-04    0.518923E-04
 2.34839    0.376616E-04   -0.800349E-04    0.505483E-04
 2.36641    0.368472E-04   -0.790420E-04    0.492297E-04
 2.38444    0.360646E-04   -0.780692E-04    0.479335E-04
 2.40246    0.353098E-04   -0.771152E-04    0.466611E-04
 2.42049    0.345791E-04   -0.761775E-04    0.454093E-04
 2.43852    0.338683E-04   -0.752542E-04    0.441766E-04
 2.45654    0.331735E-04   -0.743430E-04    0.429610E-04
 2.47457    0.324906E-04   -0.734425E-04    0.417609E-04
 2.49260    0.318153E-04   -0.725497E-04    0.405745E-04
 2.51062    0.311438E-04   -0.716628E-04    0.394001E-04
 2.52865    0.304718E-04   -0.707798E-04    0.382361E-04
 2.54667    0.297953E-04   -0.698987E-04    0.370806E-04
 2.56470    0.291107E-04   -0.690174E-04    0.359322E-04
 2.58273    0.284142E-04   -0.681341E-04    0.347893E-04
 2.60075    0.277023E-04   -0.672469E-04    0.336503E-04
 2.61878    0.269716E-04   -0.663539E-04    0.325139E-04
 2.63680    0.262189E-04   -0.654537E-04    0.313788E-04
 2.65483    0.254417E-04   -0.645450E-04    0.302438E-04
 2.67286    0.246372E-04   -0.636263E-04    0.291079E-04
 2.69088    0.238033E-04   -0.626964E-04    0.279700E-04
 2.70891    0.229382E-04   -0.617547E-04    0.268294E-04
 2.72693    0.220404E-04   -0.608001E-04    0.256854E-04
 2.74496    0.211087E-04   -0.598319E-04    0.245376E-04
 2.76299    0.201424E-04   -0.588502E-04    0.233853E-04
 2.78101    0.191411E-04   -0.578543E-04    0.222288E-04
 2.79904    0.181048E-04   -0.568444E-04    0.210676E-04
 2.81706    0.170338E-04   -0.558206E-04    0.199019E-04
 2.83509    0.159289E-04   -0.547833E-04    0.187319E-04
 2.85312    0.147911E-04   -0.537329E-04    0.175581E-04
 2.87114    0.136219E-04   -0.526703E-04    0.163809E-04
 2.88917    0.124230E-04   -0.515962E-04    0.152009E-04
 2.90719    0.111963E-04   -0.505118E-04    0.140189E-04
 2.92522    0.994436E-05   -0.494181E-04    0.128357E-04
 2.94325    0.866952E-05   -0.483165E-04    0.116522E-04
 2.96127    0.737467E-05   -0.472083E-04    0.104696E-04
 2.97930    0.606249E-05   -0.460949E-04    0.928879E-05
 2.99732    0.473620E-05   -0.449779E-04    0.811103E-05
 3.01535    0.339892E-05   -0.438589E-04    0.693745E-05
 3.03338    0.205394E-05   -0.427394E-04    0.576937E-05
 3.05140    0.704608E-06   -0.416213E-04    0.460801E-05
 3.06943   -0.645743E-06   -0.405063E-04    0.345460E-05
 3.08745   -0.199378E-05   -0.393959E-04    0.231040E-05
 3.10548   -0.333626E-05   -0.382919E-04    0.117669E-05
 3.12351   -0.466998E-05   -0.371958E-04    0.546417E-07
 3.14153   -0.599190E-05   -0.361092E-04   -0.105455E-05
 3.15956   -0.729897E-05   -0.350336E-04   -0.214977E-05
 3.17759   -0.858834E-05   -0.339704E-04   -0.322995E-05
 3.19561   -0.985728E-05   -0.329211E-04   -0.429402E-05
 3.21364   -0.111033E-04   -0.318868E-04   -0.534109E-05
 3.23166   -0.123239E-04   -0.308689E-04   -0.637023E-05
 3.24969   -0.135170E-04   -0.298683E-04   -0.738061E-05
 3.26772   -0.146807E-04   -0.288860E-04   -0.837157E-05
 3.28574   -0.158132E-04   -0.279230E-04   -0.934242E-05
 3.30377   -0.169129E-04   -0.269801E-04   -0.102926E-04
 3.32179   -0.179785E-04   -0.260577E-04   -0.112216E-04
 3.33982   -0.190088E-04   -0.251568E-04   -0.121291E-04
 3.35785   -0.200028E-04   -0.242775E-04   -0.130146E-04
 3.37587   -0.209599E-04   -0.234204E-04   -0.138780E-04
 3.39390   -0.218795E-04   -0.225856E-04   -0.147191E-04
 3.41192   -0.227610E-04   -0.217735E-04   -0.155377E-04
 3.42995   -0.236044E-04   -0.209840E-04   -0.163338E-04
 3.44798   -0.244095E-04   -0.202174E-04   -0.171074E-04
 3.46600   -0.251764E-04   -0.194733E-04   -0.178586E-04
 3.48403   -0.259053E-04   -0.187518E-04   -0.185876E-04
 3.50205   -0.265967E-04   -0.180527E-04   -0.192945E-04
 3.52008   -0.272509E-04   -0.173757E-04   -0.199794E-04
 3.53811   -0.278686E-04   -0.167205E-04   -0.206429E-04
 3.55613   -0.284504E-04   -0.160866E-04   -0.212850E-04
 3.57416   -0.289971E-04   -0.154739E-04   -0.219062E-04
 3.59218   -0.295095E-04   -0.148818E-04   -0.225068E-04
 3.61021   -0.299883E-04   -0.143099E-04   -0.230873E-04
 3.62824   -0.304346E-04   -0.137576E-04   -0.236481E-04
 3.64626   -0.308493E-04   -0.132246E-04   -0.241895E-04
 3.66429   -0.312334E-04   -0.127103E-04   -0.247119E-04
 3.68231   -0.315880E-04   -0.122140E-04   -0.252160E-04
 3.70034   -0.319141E-04   -0.117353E-04   -0.257022E-04
 3.71837   -0.322128E-04   -0.112737E-04   -0.261710E-04
 3.73639   -0.324852E-04   -0.108284E-04   -0.266227E-04
 3.75442   -0.327323E-04   -0.103991E-04   -0.270578E-04
 3.77244   -0.329551E-04   -0.998517E-05   -0.274770E-04
 3.79047   -0.331546E-04   -0.958603E-05   -0.278806E-04
 3.80850   -0.333319E-04   -0.920116E-05   -0.282690E-04
 3.82652   -0.334881E-04   -0.883000E-05   -0.286426E-04
 3.84455   -0.336241E-04   -0.847204E-05   -0.290023E-04
 3.86258   -0.337410E-04   -0.812676E-05   -0.293481E-04
 3.88060   -0.338395E-04   -0.779369E-05   -0.296804E-04
 3.89863   -0.339207E-04   -0.747231E-05   -0.300000E-04
 3.91665   -0.339855E-04   -0.716223E-05   -0.303071E-04
 3.93468   -0.340347E-04   -0.686285E-05   -0.306021E-04
 3.95271   -0.340690E-04   -0.657382E-05   -0.308854E-04
 3.97073   -0.340894E-04   -0.629567E-05   -0.311573E-04
 3.98876   -0.340966E-04   -0.602600E-05   -0.314182E-04
 4.00678   -0.340913E-04   -0.576550E-05   -0.316688E-04
 4.02481   -0.340742E-04   -0.551371E-05   -0.319088E-04
 4.04284   -0.340460E-04   -0.526930E-05   -0.321390E-04
 4.06086   -0.340073E-04   -0.503384E-05   -0.323596E-04
 4.07889   -0.339589E-04   -0.480608E-05   -0.325709E-04
 4.09691   -0.339011E-04   -0.458565E-05   -0.327732E-04
 4.11494   -0.338346E-04   -0.437228E-05   -0.329668E-04
 4.13297   -0.337599E-04   -0.416565E-05   -0.331519E-04
 4.15099   -0.336776E-04   -0.396547E-05   -0.333289E-04
 4.16902   -0.335881E-04   -0.377151E-05   -0.334979E-04
 4.18704   -0.334919E-04   -0.358348E-05   -0.336593E-04
 4.20507   -0.333894E-04   -0.340115E-05   -0.338132E-04
 4.22310   -0.332809E-04   -0.322431E-05   -0.339599E-04
 4.24112   -0.331670E-04   -0.305273E-05   -0.340996E-04
 4.25915   -0.330480E-04   -0.288616E-05   -0.342326E-04
 4.27717   -0.329241E-04   -0.272445E-05   -0.343588E-04
 4.29520   -0.327957E-04   -0.256740E-05   -0.344789E-04
 4.31323   -0.326632E-04   -0.241480E-05   -0.345927E-04
 4.33125   -0.325269E-04   -0.226649E-05   -0.347005E-04
 4.34928   -0.323870E-04   -0.212232E-05   -0.348025E-04
 4.36730   -0.322438E-04   -0.198212E-05   -0.348987E-04
 4.38533   -0.320975E-04   -0.184574E-05   -0.349896E-04
 4.40336   -0.319484E-04   -0.171303E-05   -0.350751E-04
 4.42138   -0.317967E-04   -0.158387E-05   -0.351553E-04
 4.43941   -0.316426E-04   -0.145813E-05   -0.352305E-04
 4.45743   -0.314863E-04   -0.133567E-05   -0.353007E-04
 4.47546   -0.313280E-04   -0.121639E-05   -0.353661E-04
 4.49349   -0.311679E-04   -0.110017E-05   -0.354269E-04
 4.51151   -0.310061E-04   -0.986880E-06   -0.354831E-04
 4.52954   -0.308428E-04   -0.876456E-06   -0.355350E-04
 4.54757   -0.306782E-04   -0.768768E-06   -0.355825E-04
 4.56559   -0.305123E-04   -0.663738E-06   -0.356258E-04
 4.58362   -0.303454E-04   -0.561265E-06   -0.356651E-04
 4.60164   -0.301776E-04   -0.461256E-06   -0.357005E-04
 4.61967   -0.300089E-04   -0.363641E-06   -0.357319E-04
 4.63770   -0.298396E-04   -0.268329E-06   -0.357596E-04
 4.65572   -0.296696E-04   -0.175291E-06   -0.357837E-04
 4.67375   -0.294991E-04   -0.844425E-07   -0.358042E-04
 4.69177   -0.293283E-04    0.436271E-08   -0.358212E-04
 4.70980   -0.291571E-04    0.911102E-07   -0.358348E-04
 4.72783   -0.289857E-04    0.175887E-06   -0.358452E-04
 4.74585   -0.288142E-04    0.258745E-06   -0.358524E-04
 4.76388   -0.286426E-04    0.339766E-06   -0.358565E-04
 4.78190   -0.284711E-04    0.419003E-06   -0.358575E-04
 4.79993   -0.282996E-04    0.496488E-06   -0.358557E-04
 4.81796   -0.281283E-04    0.572317E-06   -0.358509E-04
 4.83598   -0.279571E-04    0.646512E-06   -0.358434E-04
 4.85401   -0.277863E-04    0.719125E-06   -0.358331E-04
 4.87203   -0.276157E-04    0.790199E-06   -0.358202E-04
 4.89006   -0.274456E-04    0.859777E-06   -0.358046E-04
 4.90809   -0.272758E-04    0.927914E-06   -0.357866E-04
 4.92611   -0.271066E-04    0.994648E-06   -0.357662E-04
 4.94414   -0.269378E-04    0.106000E-05   -0.357433E-04
 4.96216   -0.267697E-04    0.112404E-05   -0.357181E-04
 4.98019   -0.266021E-04    0.118678E-05   -0.356905E-04
 4.99822   -0.264351E-04    0.124828E-05   -0.356607E-04
 5.01624   -0.262688E-04    0.130854E-05   -0.356286E-04
 5.03427   -0.261032E-04    0.136762E-05   -0.355944E-04
 5.05229   -0.259383E-04    0.142555E-05   -0.355581E-04
 5.07032   -0.257742E-04    0.148236E-05   -0.355197E-04
 5.08835   -0.256109E-04    0.153807E-05   -0.354793E-04
 5.10637   -0.254484E-04    0.159271E-05   -0.354371E-04
 5.12440   -0.252867E-04    0.164631E-05   -0.353927E-04
 5.14242   -0.251259E-04    0.169892E-05   -0.353465E-04
 5.16045   -0.249659E-04    0.175053E-05   -0.352987E-04
 5.17848   -0.248069E-04    0.180118E-05   -0.352489E-04
 5.19650   -0.246487E-04    0.185090E-05   -0.351975E-04
 5.21453   -0.244915E-04    0.189970E-05   -0.351443E-04
 5.23256   -0.243352E-04    0.194761E-05   -0.350895E-04
 5.25058   -0.241799E-04    0.199466E-05   -0.350331E-04
 5.26861   -0.240255E-04    0.204085E-05   -0.349750E-04
 5.28663   -0.238721E-04    0.208623E-05   -0.349155E-04
 5.30466   -0.237197E-04    0.213078E-05   -0.348544E-04
 5.32269   -0.235683E-04    0.217455E-05   -0.347918E-04
 5.34071   -0.234179E-04    0.221753E-05   -0.347279E-04
 5.35874   -0.232684E-04    0.225974E-05   -0.346625E-04
 5.37676   -0.231200E-04    0.230122E-05   -0.345959E-04
 5.39479   -0.229726E-04    0.234197E-05   -0.345278E-04
 5.41282   -0.228262E-04    0.238199E-05   -0.344585E-04
 5.43084   -0.226808E-04    0.242131E-05   -0.343880E-04
 5.44887   -0.225364E-04    0.245993E-05   -0.343162E-04
 5.46689   -0.223930E-04    0.249788E-05   -0.342432E-04
 5.48492   -0.222506E-04    0.253516E-05   -0.341690E-04
 5.50295   -0.221092E-04    0.257184E-05   -0.340938E-04
 5.52097   -0.219688E-04    0.260775E-05   -0.340173E-04
 5.53900   -0.218294E-04    0.264310E-05   -0.339398E-04
 5.55702   -0.216910E-04    0.267779E-05   -0.338612E-04
 5.57505   -0.215535E-04    0.271187E-05   -0.337816E-04
 5.59308   -0.214170E-04    0.274531E-05   -0.337009E-04
 5.61110   -0.212815E-04    0.277817E-05   -0.336192E-04
 5.62913   -0.211469E-04    0.281042E-05   -0.335365E-04
 5.64715   -0.210132E-04    0.284208E-05   -0.334529E-04
 5.66518   -0.208805E-04    0.287315E-05   -0.333684E-04
 5.68321   -0.207487E-04    0.290365E-05   -0.332830E-04
 5.70123   -0.206177E-04    0.293356E-05   -0.331967E-04
 5.71926   -0.204877E-04    0.296290E-05   -0.331094E-04
 5.73728   -0.203586E-04    0.299167E-05   -0.330214E-04
 5.75531   -0.202303E-04    0.301987E-05   -0.329326E-04
 5.77334   -0.201029E-04    0.304751E-05   -0.328429E-04
 5.79136   -0.199763E-04    0.307461E-05   -0.327524E-04
 5.80939   -0.198505E-04    0.310115E-05   -0.326612E-04
 5.82741   -0.197256E-04    0.312714E-05   -0.325692E-04
 5.84544   -0.196015E-04    0.315262E-05   -0.324764E-04
 5.86347   -0.194781E-04    0.317753E-05   -0.323830E-04
 5.88149   -0.193556E-04    0.320191E-05   -0.322888E-04
 5.89952   -0.192338E-04    0.322575E-05   -0.321940E-04
 5.91755   -0.191128E-04    0.324906E-05   -0.320984E-04
 5.93557   -0.189925E-04    0.327185E-05   -0.320022E-04
 5.95360   -0.188729E-04    0.329413E-05   -0.319054E-04
 5.97162   -0.187541E-04    0.331587E-05   -0.318079E-04
 5.98965   -0.186360E-04    0.333712E-05   -0.317098E-04
 6.00768   -0.185186E-04    0.335786E-05   -0.316111E-04
 6.02570   -0.184020E-04    0.337812E-05   -0.315119E-04
 6.04373   -0.182859E-04    0.339786E-05   -0.314121E-04
 6.06175   -0.181706E-04    0.341712E-05   -0.313116E-04
 6.07978   -0.180560E-04    0.343592E-05   -0.312107E-04
 6.09781   -0.179420E-04    0.345422E-05   -0.311093E-04
 6.11583   -0.178287E-04    0.347205E-05   -0.310074E-04
 6.13386   -0.177161E-04    0.348940E-05   -0.309050E-04
 6.15188   -0.176041E-04    0.350629E-05   -0.308021E-04
 6.16991   -0.174928E-04    0.352273E-05   -0.306987E-04
 6.18794   -0.173821E-04    0.353873E-05   -0.305950E-04
 6.20596   -0.172721E-04    0.355427E-05   -0.304908E-04
 6.22399   -0.171627E-04    0.356939E-05   -0.303862E-04
 6.24201   -0.170539E-04    0.358408E-05   -0.302812E-04
 6.26004   -0.169458E-04    0.359835E-05   -0.301758E-04
 6.27807   -0.168383E-04    0.361219E-05   -0.300701E-04
 6.29609   -0.167315E-04    0.362563E-05   -0.299640E-04
 6.31412   -0.166253E-04    0.363868E-05   -0.298576E-04
 6.33214   -0.165197E-04    0.365134E-05   -0.297509E-04
 6.35017   -0.164148E-04    0.366361E-05   -0.296438E-04
 6.36820   -0.163105E-04    0.367552E-05   -0.295365E-04
 6.38622   -0.162069E-04    0.368705E-05   -0.294289E-04
 6.40425   -0.161039E-04    0.369823E-05   -0.293210E-04
 6.42227   -0.160015E-04    0.370905E-05   -0.292129E-04
 6.44030   -0.158998E-04    0.371954E-05   -0.291046E-04
 6.45833   -0.157987E-04    0.372968E-05   -0.289960E-04
 6.47635   -0.156983E-04    0.373949E-05   -0.288873E-04
 6.49438   -0.155984E-04    0.374898E-05   -0.287783E-04
 6.51240   -0.154993E-04    0.375816E-05   -0.286692E-04
 6.53043   -0.154008E-04    0.376702E-05   -0.285599E-04
 6.54846   -0.153029E-04    0.377560E-05   -0.284504E-04
 6.56648   -0.152057E-04    0.378387E-05   -0.283409E-04
 6.58451   -0.151091E-04    0.379186E-05   -0.282312E-04
 6.60254   -0.150132E-04    0.379958E-05   -0.281213E-04
 6.62056   -0.149179E-04    0.380702E-05   -0.280114E-04
 6.63859   -0.148233E-04    0.381421E-05   -0.279014E-04
 6.65661   -0.147292E-04    0.382111E-05   -0.277913E-04
 6.67464   -0.146359E-04    0.382777E-05   -0.276812E-04
 6.69267   -0.145432E-04    0.383414E-05   -0.275709E-04
 6.71069   -0.144512E-04    0.384031E-05   -0.274608E-04
 6.72872   -0.143598E-04    0.384625E-05   -0.273505E-04
 6.74674   -0.142690E-04    0.385197E-05   -0.272402E-04
 6.76477   -0.141789E-04    0.385744E-05   -0.271299E-04
 6.78280   -0.140894E-04    0.386270E-05   -0.270195E-04
 6.80082   -0.140006E-04    0.386774E-05   -0.269092E-04
 6.81885   -0.139124E-04    0.387256E-05   -0.267988E-04
 6.83687   -0.138249E-04    0.387718E-05   -0.266885E-04
 6.85490   -0.137380E-04    0.388160E-05   -0.265782E-04
 6.87293   -0.136517E-04    0.388582E-05   -0.264680E-04
 6.89095   -0.135661E-04    0.388985E-05   -0.263578E-04
 6.90898   -0.134811E-04    0.389369E-05   -0.262477E-04
 6.92700   -0.133968E-04    0.389737E-05   -0.261376E-04
 6.94503   -0.133130E-04    0.390086E-05   -0.260276E-04
 6.96306   -0.132299E-04    0.390418E-05   -0.259177E-04
 6.98108   -0.131475E-04    0.390732E-05   -0.258079E-04
 6.99911   -0.130656E-04    0.391031E-05   -0.256981E-04
 7.01713   -0.129844E-04    0.391314E-05   -0.255885E-04
 7.03516   -0.129037E-04    0.391580E-05   -0.254790E-04
 7.05319   -0.128238E-04    0.391831E-05   -0.253696E-04
 7.07121   -0.127444E-04    0.392067E-05   -0.252603E-04
 7.08924   -0.126656E-04    0.392288E-05   -0.251511E-04
 7.10726   -0.125874E-04    0.392495E-05   -0.250421E-04
 7.12529   -0.125098E-04    0.392687E-05   -0.249332E-04
 7.14332   -0.124329E-04    0.392866E-05   -0.248245E-04
 7.16134   -0.123565E-04    0.393031E-05   -0.247159E-04
 7.17937   -0.122807E-04    0.393183E-05   -0.246075E-04
 7.19739   -0.122055E-04    0.393324E-05   -0.244993E-04
 7.21542   -0.121308E-04    0.393450E-05   -0.243912E-04
 7.23345   -0.120568E-04    0.393564E-05   -0.242833E-04
 7.25147   -0.119834E-04    0.393665E-05   -0.241756E-04
 7.26950   -0.119105E-04    0.393755E-05   -0.240680E-04
 7.28753   -0.118382E-04    0.393832E-05   -0.239607E-04
 7.30555   -0.117664E-04    0.393898E-05   -0.238535E-04
 7.32358   -0.116952E-04    0.393952E-05   -0.237465E-04
 7.34160   -0.116246E-04    0.393995E-05   -0.236398E-04
 7.35963   -0.115545E-04    0.394028E-05   -0.235332E-04
 7.37766   -0.114850E-04    0.394048E-05   -0.234269E-04
 7.39568   -0.114160E-04    0.394059E-05   -0.233208E-04
 7.41371   -0.113476E-04    0.394060E-05   -0.232149E-04
 7.43173   -0.112797E-04    0.394052E-05   -0.231092E-04
 7.44976   -0.112123E-04    0.394033E-05   -0.230038E-04
 7.46779   -0.111455E-04    0.394002E-05   -0.228985E-04
 7.48581   -0.110792E-04    0.393964E-05   -0.227936E-04
 7.50384   -0.110134E-04    0.393916E-05   -0.226888E-04
 7.52186   -0.109481E-04    0.393858E-05   -0.225843E-04
 7.53989   -0.108833E-04    0.393792E-05   -0.224801E-04
 7.55792   -0.108191E-04    0.393717E-05   -0.223760E-04
 7.57594   -0.107553E-04    0.393633E-05   -0.222723E-04
 7.59397   -0.106921E-04    0.393540E-05   -0.221688E-04
 7.61199   -0.106293E-04    0.393438E-05   -0.220655E-04
 7.63002   -0.105670E-04    0.393328E-05   -0.219625E-04
 7.64805   -0.105052E-04    0.393209E-05   -0.218597E-04
 7.66607   -0.104439E-04    0.393082E-05   -0.217572E-04
 7.68410   -0.103831E-04    0.392947E-05   -0.216550E-04
 7.70212   -0.103227E-04    0.392803E-05   -0.215531E-04
 7.72015   -0.102629E-04    0.392652E-05   -0.214514E-04
 7.73818   -0.102034E-04    0.392495E-05   -0.213500E-04
 7.75620   -0.101445E-04    0.392329E-05   -0.212489E-04
 7.77423   -0.100859E-04    0.392156E-05   -0.211481E-04
 7.79225   -0.100279E-04    0.391974E-05   -0.210475E-04
 7.81028   -0.997027E-05    0.391784E-05   -0.209473E-04
 7.82831   -0.991310E-05    0.391588E-05   -0.208473E-04
 7.84633   -0.985636E-05    0.391384E-05   -0.207476E-04
 7.86436   -0.980006E-05    0.391173E-05   -0.206481E-04
 7.88238   -0.974419E-05    0.390955E-05   -0.205490E-04
 7.90041   -0.968873E-05    0.390730E-05   -0.204501E-04
 7.91844   -0.963371E-05    0.390498E-05   -0.203516E-04
 7.93646   -0.957909E-05    0.390259E-05   -0.202534E-04
 7.95449   -0.952489E-05    0.390014E-05   -0.201554E-04
 7.97252   -0.947111E-05    0.389762E-05   -0.200578E-04
 7.99054   -0.941772E-05    0.389501E-05   -0.199604E-04
 8.00857   -0.936474E-05    0.389236E-05   -0.198633E-04
 8.02659   -0.931216E-05    0.388965E-05   -0.197666E-04
 8.04462   -0.925996E-05    0.388686E-05   -0.196701E-04
 8.06265   -0.920816E-05    0.388402E-05   -0.195739E-04
 8.08067   -0.915674E-05    0.388111E-05   -0.194781E-04
 8.09870   -0.910570E-05    0.387815E-05   -0.193825E-04
 8.11672   -0.905504E-05    0.387512E-05   -0.192873E-04
 8.13475   -0.900475E-05    0.387203E-05   -0.191924E-04
 8.15278   -0.895484E-05    0.386888E-05   -0.190977E-04
 8.17080   -0.890529E-05    0.386568E-05   -0.190034E-04
 8.18883   -0.885610E-05    0.386241E-05   -0.189094E-04
 8.20685   -0.880728E-05    0.385909E-05   -0.188157E-04
 8.22488   -0.875881E-05    0.385572E-05   -0.187223E-04
 8.24291   -0.871069E-05    0.385228E-05   -0.186292E-04
 8.26093   -0.866292E-05    0.384879E-05   -0.185364E-04
 8.27896   -0.861549E-05    0.384525E-05   -0.184440E-04
 8.29698   -0.856841E-05    0.384166E-05   -0.183519E-04
 8.31501   -0.852167E-05    0.383802E-05   -0.182600E-04
 8.33304   -0.847526E-05    0.383432E-05   -0.181685E-04
 8.35106   -0.842919E-05    0.383056E-05   -0.180773E-04
 8.36909   -0.838344E-05    0.382675E-05   -0.179865E-04
 8.38711   -0.833802E-05    0.382288E-05   -0.178959E-04
 8.40514   -0.829292E-05    0.381897E-05   -0.178057E-04
 8.42317   -0.824814E-05    0.381501E-05   -0.177157E-04
 8.44119   -0.820369E-05    0.381100E-05   -0.176261E-04
 8.45922   -0.815954E-05    0.380694E-05   -0.175368E-04
 8.47724   -0.811571E-05    0.380283E-05   -0.174479E-04
 8.49527   -0.807218E-05    0.379868E-05   -0.173592E-04
 8.51330   -0.802896E-05    0.379447E-05   -0.172709E-04
 8.53132   -0.798605E-05    0.379023E-05   -0.171828E-04
 8.54935   -0.794343E-05    0.378595E-05   -0.170952E-04
 8.56737   -0.790112E-05    0.378161E-05   -0.170078E-04
 8.58540   -0.785909E-05    0.377723E-05   -0.169208E-04
 8.60343   -0.781736E-05    0.377281E-05   -0.168341E-04
 8.62145   -0.777593E-05    0.376834E-05   -0.167477E-04
 8.63948   -0.773477E-05    0.376382E-05   -0.166616E-04
 8.65751   -0.769391E-05    0.375926E-05   -0.165758E-04
 8.67553   -0.765332E-05    0.375467E-05   -0.164904E-04
 8.69356   -0.761302E-05    0.375004E-05   -0.164053E-04
 8.71158   -0.757299E-05    0.374537E-05   -0.163205E-04
 8.72961   -0.753324E-05    0.374065E-05   -0.162360E-04
 8.74764   -0.749377E-05    0.373590E-05   -0.161518E-04
 8.76566   -0.745456E-05    0.373111E-05   -0.160680E-04
 8.78369   -0.741562E-05    0.372629E-05   -0.159845E-04
 8.80171   -0.737695E-05    0.372143E-05   -0.159013E-04
 8.81974   -0.733853E-05    0.371653E-05   -0.158184E-04
 8.83777   -0.730038E-05    0.371159E-05   -0.157359E-04
 8.85579   -0.726249E-05    0.370662E-05   -0.156537E-04
 8.87382   -0.722485E-05    0.370161E-05   -0.155718E-04
 8.89184   -0.718747E-05    0.369657E-05   -0.154902E-04
 8.90987   -0.715034E-05    0.369150E-05   -0.154089E-04
 8.92790   -0.711345E-05    0.368639E-05   -0.153279E-04
 8.94592   -0.707681E-05    0.368125E-05   -0.152473E-04
 8.96395   -0.704042E-05    0.367607E-05   -0.151670E-04
 8.98197   -0.700426E-05    0.367086E-05   -0.150870E-04
 9.00000   -0.696834E-05    0.366561E-05   -0.150073E-04
