 0.00500    0.236218E-01   -0.119129E-01    0.896243E-02
 0.01250    0.213634E-01   -0.107814E-01    0.811531E-02
 0.02000    0.197536E-01   -0.997654E-02    0.751157E-02
 0.02751    0.184711E-01   -0.933523E-02    0.703051E-02
 0.03501    0.173971E-01   -0.879810E-02    0.662750E-02
 0.04251    0.164704E-01   -0.833459E-02    0.627962E-02
 0.05001    0.156544E-01   -0.792643E-02    0.597325E-02
 0.05751    0.149253E-01   -0.756174E-02    0.569947E-02
 0.06502    0.142669E-01   -0.723234E-02    0.545212E-02
 0.07252    0.136669E-01   -0.693215E-02    0.522664E-02
 0.08002    0.131164E-01   -0.665669E-02    0.501970E-02
 0.08752    0.126084E-01   -0.640246E-02    0.482865E-02
 0.09503    0.121372E-01   -0.616660E-02    0.465138E-02
 0.10253    0.116982E-01   -0.594806E-02    0.448619E-02
 0.11003    0.112879E-01   -0.574259E-02    0.433171E-02
 0.11753    0.109030E-01   -0.554877E-02    0.418676E-02
 0.12503    0.105411E-01   -0.536752E-02    0.405038E-02
 0.13254    0.101998E-01   -0.519660E-02    0.392172E-02
 0.14004    0.987734E-02   -0.503505E-02    0.380009E-02
 0.14754    0.957195E-02   -0.488205E-02    0.368485E-02
 0.15504    0.928225E-02   -0.473689E-02    0.357547E-02
 0.16254    0.900695E-02   -0.459892E-02    0.347148E-02
 0.17005    0.874493E-02   -0.446758E-02    0.337246E-02
 0.17755    0.849517E-02   -0.434236E-02    0.327802E-02
 0.18505    0.825680E-02   -0.422284E-02    0.318784E-02
 0.19255    0.802902E-02   -0.410860E-02    0.310162E-02
 0.20005    0.781112E-02   -0.399930E-02    0.301909E-02
 0.20756    0.760245E-02   -0.389461E-02    0.294001E-02
 0.21506    0.740241E-02   -0.379422E-02    0.286416E-02
 0.22256    0.721048E-02   -0.369789E-02    0.279134E-02
 0.23006    0.702615E-02   -0.360535E-02    0.272136E-02
 0.23756    0.684899E-02   -0.351639E-02    0.265405E-02
 0.24507    0.667858E-02   -0.343081E-02    0.258928E-02
 0.25257    0.651455E-02   -0.334841E-02    0.252688E-02
 0.26007    0.635655E-02   -0.326902E-02    0.246675E-02
 0.26757    0.620425E-02   -0.319248E-02    0.240874E-02
 0.27508    0.605736E-02   -0.311863E-02    0.235276E-02
 0.28258    0.591559E-02   -0.304735E-02    0.229869E-02
 0.29008    0.577869E-02   -0.297850E-02    0.224644E-02
 0.29758    0.564642E-02   -0.291196E-02    0.219592E-02
 0.30508    0.551856E-02   -0.284762E-02    0.214706E-02
 0.31259    0.539490E-02   -0.278538E-02    0.209976E-02
 0.32009    0.527524E-02   -0.272514E-02    0.205396E-02
 0.32759    0.515940E-02   -0.266681E-02    0.200959E-02
 0.33509    0.504722E-02   -0.261030E-02    0.196659E-02
 0.34259    0.493852E-02   -0.255553E-02    0.192490E-02
 0.35010    0.483315E-02   -0.250243E-02    0.188445E-02
 0.35760    0.473098E-02   -0.245093E-02    0.184520E-02
 0.36510    0.463186E-02   -0.240095E-02    0.180709E-02
 0.37260    0.453567E-02   -0.235243E-02    0.177008E-02
 0.38010    0.444229E-02   -0.230532E-02    0.173412E-02
 0.38761    0.435161E-02   -0.225955E-02    0.169918E-02
 0.39511    0.426352E-02   -0.221508E-02    0.166520E-02
 0.40261    0.417791E-02   -0.217185E-02    0.163216E-02
 0.41011    0.409469E-02   -0.212981E-02    0.160001E-02
 0.41761    0.401377E-02   -0.208892E-02    0.156872E-02
 0.42512    0.393506E-02   -0.204914E-02    0.153827E-02
 0.43262    0.385849E-02   -0.201042E-02    0.150861E-02
 0.44012    0.378396E-02   -0.197273E-02    0.147973E-02
 0.44762    0.371140E-02   -0.193603E-02    0.145158E-02
 0.45513    0.364076E-02   -0.190027E-02    0.142415E-02
 0.46263    0.357194E-02   -0.186544E-02    0.139742E-02
 0.47013    0.350490E-02   -0.183149E-02    0.137134E-02
 0.47763    0.343957E-02   -0.179839E-02    0.134591E-02
 0.48513    0.337590E-02   -0.176612E-02    0.132111E-02
 0.49264    0.331381E-02   -0.173465E-02    0.129690E-02
 0.50014    0.325327E-02   -0.170395E-02    0.127327E-02
 0.50764    0.319422E-02   -0.167399E-02    0.125020E-02
 0.51514    0.313660E-02   -0.164476E-02    0.122768E-02
 0.52264    0.308038E-02   -0.161622E-02    0.120568E-02
 0.53015    0.302550E-02   -0.158835E-02    0.118419E-02
 0.53765    0.297193E-02   -0.156114E-02    0.116319E-02
 0.54515    0.291962E-02   -0.153456E-02    0.114266E-02
 0.55265    0.286854E-02   -0.150859E-02    0.112260E-02
 0.56015    0.281864E-02   -0.148321E-02    0.110298E-02
 0.56766    0.276988E-02   -0.145841E-02    0.108380E-02
 0.57516    0.272224E-02   -0.143416E-02    0.106504E-02
 0.58266    0.267568E-02   -0.141046E-02    0.104669E-02
 0.59016    0.263017E-02   -0.138728E-02    0.102873E-02
 0.59766    0.258567E-02   -0.136461E-02    0.101116E-02
 0.60517    0.254216E-02   -0.134243E-02    0.993963E-03
 0.61267    0.249960E-02   -0.132073E-02    0.977125E-03
 0.62017    0.245797E-02   -0.129949E-02    0.960640E-03
 0.62767    0.241724E-02   -0.127871E-02    0.944496E-03
 0.63518    0.237739E-02   -0.125836E-02    0.928685E-03
 0.64268    0.233839E-02   -0.123845E-02    0.913196E-03
 0.65018    0.230022E-02   -0.121894E-02    0.898022E-03
 0.65768    0.226285E-02   -0.119984E-02    0.883154E-03
 0.66518    0.222626E-02   -0.118113E-02    0.868583E-03
 0.67269    0.219044E-02   -0.116281E-02    0.854301E-03
 0.68019    0.215535E-02   -0.114485E-02    0.840300E-03
 0.68769    0.212098E-02   -0.112726E-02    0.826574E-03
 0.69519    0.208732E-02   -0.111001E-02    0.813114E-03
 0.70269    0.205433E-02   -0.109311E-02    0.799914E-03
 0.71020    0.202201E-02   -0.107654E-02    0.786967E-03
 0.71770    0.199033E-02   -0.106030E-02    0.774267E-03
 0.72520    0.195928E-02   -0.104437E-02    0.761807E-03
 0.73270    0.192885E-02   -0.102875E-02    0.749581E-03
 0.74020    0.189901E-02   -0.101342E-02    0.737584E-03
 0.74771    0.186975E-02   -0.998395E-03    0.725809E-03
 0.75521    0.184106E-02   -0.983650E-03    0.714252E-03
 0.76271    0.181293E-02   -0.969184E-03    0.702906E-03
 0.77021    0.178533E-02   -0.954987E-03    0.691767E-03
 0.77771    0.175826E-02   -0.941055E-03    0.680830E-03
 0.78522    0.173170E-02   -0.927381E-03    0.670090E-03
 0.79272    0.170564E-02   -0.913958E-03    0.659542E-03
 0.80022    0.168007E-02   -0.900781E-03    0.649182E-03
 0.80772    0.165497E-02   -0.887843E-03    0.639005E-03
 0.81523    0.163034E-02   -0.875139E-03    0.629007E-03
 0.82273    0.160617E-02   -0.862663E-03    0.619183E-03
 0.83023    0.158243E-02   -0.850410E-03    0.609531E-03
 0.83773    0.155913E-02   -0.838375E-03    0.600045E-03
 0.84523    0.153626E-02   -0.826553E-03    0.590723E-03
 0.85274    0.151379E-02   -0.814938E-03    0.581560E-03
 0.86024    0.149173E-02   -0.803527E-03    0.572553E-03
 0.86774    0.147006E-02   -0.792314E-03    0.563699E-03
 0.87524    0.144878E-02   -0.781295E-03    0.554994E-03
 0.88274    0.142787E-02   -0.770466E-03    0.546434E-03
 0.89025    0.140733E-02   -0.759822E-03    0.538017E-03
 0.89775    0.138715E-02   -0.749360E-03    0.529740E-03
 0.90525    0.136732E-02   -0.739075E-03    0.521600E-03
 0.91275    0.134784E-02   -0.728963E-03    0.513593E-03
 0.92025    0.132869E-02   -0.719021E-03    0.505717E-03
 0.92776    0.130987E-02   -0.709245E-03    0.497970E-03
 0.93526    0.129138E-02   -0.699631E-03    0.490347E-03
 0.94276    0.127320E-02   -0.690176E-03    0.482848E-03
 0.95026    0.125532E-02   -0.680877E-03    0.475469E-03
 0.95776    0.123775E-02   -0.671730E-03    0.468207E-03
 0.96527    0.122047E-02   -0.662732E-03    0.461062E-03
 0.97277    0.120348E-02   -0.653880E-03    0.454028E-03
 0.98027    0.118678E-02   -0.645171E-03    0.447106E-03
 0.98777    0.117035E-02   -0.636603E-03    0.440293E-03
 0.99528    0.115419E-02   -0.628171E-03    0.433586E-03
 1.00278    0.113830E-02   -0.619873E-03    0.426983E-03
 1.01028    0.112267E-02   -0.611708E-03    0.420482E-03
 1.01778    0.110729E-02   -0.603671E-03    0.414082E-03
 1.02528    0.109216E-02   -0.595761E-03    0.407781E-03
 1.03279    0.107728E-02   -0.587975E-03    0.401575E-03
 1.04029    0.106264E-02   -0.580310E-03    0.395464E-03
 1.04779    0.104823E-02   -0.572764E-03    0.389446E-03
 1.05529    0.103405E-02   -0.565335E-03    0.383520E-03
 1.06279    0.102010E-02   -0.558021E-03    0.377682E-03
 1.07030    0.100637E-02   -0.550818E-03    0.371932E-03
 1.07780    0.992858E-03   -0.543726E-03    0.366268E-03
 1.08530    0.979557E-03   -0.536742E-03    0.360688E-03
 1.09280    0.966464E-03   -0.529863E-03    0.355191E-03
 1.10030    0.953577E-03   -0.523088E-03    0.349776E-03
 1.10781    0.940890E-03   -0.516415E-03    0.344440E-03
 1.11531    0.928399E-03   -0.509843E-03    0.339183E-03
 1.12281    0.916102E-03   -0.503368E-03    0.334002E-03
 1.13031    0.903993E-03   -0.496989E-03    0.328897E-03
 1.13781    0.892071E-03   -0.490705E-03    0.323867E-03
 1.14532    0.880331E-03   -0.484514E-03    0.318909E-03
 1.15282    0.868769E-03   -0.478413E-03    0.314022E-03
 1.16032    0.857384E-03   -0.472402E-03    0.309206E-03
 1.16782    0.846170E-03   -0.466479E-03    0.304459E-03
 1.17533    0.835126E-03   -0.460642E-03    0.299780E-03
 1.18283    0.824249E-03   -0.454889E-03    0.295168E-03
 1.19033    0.813534E-03   -0.449220E-03    0.290621E-03
 1.19783    0.802979E-03   -0.443632E-03    0.286139E-03
 1.20533    0.792582E-03   -0.438125E-03    0.281720E-03
 1.21284    0.782339E-03   -0.432696E-03    0.277364E-03
 1.22034    0.772247E-03   -0.427344E-03    0.273068E-03
 1.22784    0.762305E-03   -0.422069E-03    0.268833E-03
 1.23534    0.752509E-03   -0.416868E-03    0.264657E-03
 1.24284    0.742856E-03   -0.411740E-03    0.260539E-03
 1.25035    0.733345E-03   -0.406685E-03    0.256478E-03
 1.25785    0.723972E-03   -0.401701E-03    0.252473E-03
 1.26535    0.714735E-03   -0.396786E-03    0.248524E-03
 1.27285    0.705633E-03   -0.391939E-03    0.244630E-03
 1.28035    0.696662E-03   -0.387161E-03    0.240789E-03
 1.28786    0.687820E-03   -0.382447E-03    0.237000E-03
 1.29536    0.679105E-03   -0.377799E-03    0.233264E-03
 1.30286    0.670515E-03   -0.373216E-03    0.229578E-03
 1.31036    0.662048E-03   -0.368694E-03    0.225942E-03
 1.31786    0.653702E-03   -0.364235E-03    0.222356E-03
 1.32537    0.645474E-03   -0.359837E-03    0.218819E-03
 1.33287    0.637363E-03   -0.355498E-03    0.215329E-03
 1.34037    0.629366E-03   -0.351219E-03    0.211886E-03
 1.34787    0.621482E-03   -0.346997E-03    0.208490E-03
 1.35538    0.613709E-03   -0.342832E-03    0.205139E-03
 1.36288    0.606045E-03   -0.338722E-03    0.201833E-03
 1.37038    0.598488E-03   -0.334668E-03    0.198572E-03
 1.37788    0.591037E-03   -0.330669E-03    0.195354E-03
 1.38538    0.583689E-03   -0.326722E-03    0.192178E-03
 1.39289    0.576443E-03   -0.322828E-03    0.189045E-03
 1.40039    0.569297E-03   -0.318986E-03    0.185953E-03
 1.40789    0.562250E-03   -0.315194E-03    0.182903E-03
 1.41539    0.555301E-03   -0.311452E-03    0.179892E-03
 1.42289    0.548447E-03   -0.307759E-03    0.176922E-03
 1.43040    0.541687E-03   -0.304115E-03    0.173990E-03
 1.43790    0.535019E-03   -0.300519E-03    0.171097E-03
 1.44540    0.528442E-03   -0.296969E-03    0.168241E-03
 1.45290    0.521955E-03   -0.293466E-03    0.165423E-03
 1.46040    0.515556E-03   -0.290009E-03    0.162642E-03
 1.46791    0.509244E-03   -0.286596E-03    0.159898E-03
 1.47541    0.503017E-03   -0.283227E-03    0.157189E-03
 1.48291    0.496875E-03   -0.279902E-03    0.154515E-03
 1.49041    0.490815E-03   -0.276619E-03    0.151876E-03
 1.49791    0.484837E-03   -0.273379E-03    0.149271E-03
 1.50542    0.478939E-03   -0.270180E-03    0.146700E-03
 1.51292    0.473120E-03   -0.267022E-03    0.144162E-03
 1.52042    0.467378E-03   -0.263904E-03    0.141657E-03
 1.52792    0.461714E-03   -0.260826E-03    0.139184E-03
 1.53543    0.456125E-03   -0.257787E-03    0.136743E-03
 1.54293    0.450610E-03   -0.254787E-03    0.134333E-03
 1.55043    0.445168E-03   -0.251825E-03    0.131954E-03
 1.55793    0.439798E-03   -0.248899E-03    0.129606E-03
 1.56543    0.434499E-03   -0.246011E-03    0.127288E-03
 1.57294    0.429270E-03   -0.243159E-03    0.124999E-03
 1.58044    0.424110E-03   -0.240343E-03    0.122740E-03
 1.58794    0.419018E-03   -0.237562E-03    0.120510E-03
 1.59544    0.413993E-03   -0.234815E-03    0.118308E-03
 1.60294    0.409033E-03   -0.232103E-03    0.116134E-03
 1.61045    0.404139E-03   -0.229425E-03    0.113988E-03
 1.61795    0.399308E-03   -0.226780E-03    0.111869E-03
 1.62545    0.394541E-03   -0.224168E-03    0.109777E-03
 1.63295    0.389835E-03   -0.221588E-03    0.107712E-03
 1.64045    0.385191E-03   -0.219040E-03    0.105673E-03
 1.64796    0.380607E-03   -0.216524E-03    0.103660E-03
 1.65546    0.376082E-03   -0.214038E-03    0.101672E-03
 1.66296    0.371617E-03   -0.211584E-03    0.997097E-04
 1.67046    0.367209E-03   -0.209159E-03    0.977722E-04
 1.67796    0.362858E-03   -0.206764E-03    0.958593E-04
 1.68547    0.358563E-03   -0.204399E-03    0.939706E-04
 1.69297    0.354324E-03   -0.202062E-03    0.921059E-04
 1.70047    0.350139E-03   -0.199754E-03    0.902647E-04
 1.70797    0.346008E-03   -0.197474E-03    0.884469E-04
 1.71548    0.341930E-03   -0.195223E-03    0.866520E-04
 1.72298    0.337905E-03   -0.192998E-03    0.848799E-04
 1.73048    0.333931E-03   -0.190800E-03    0.831302E-04
 1.73798    0.330009E-03   -0.188629E-03    0.814027E-04
 1.74548    0.326136E-03   -0.186485E-03    0.796970E-04
 1.75299    0.322314E-03   -0.184367E-03    0.780130E-04
 1.76049    0.318540E-03   -0.182274E-03    0.763504E-04
 1.76799    0.314815E-03   -0.180207E-03    0.747087E-04
 1.77549    0.311137E-03   -0.178165E-03    0.730880E-04
 1.78299    0.307507E-03   -0.176147E-03    0.714878E-04
 1.79050    0.303923E-03   -0.174154E-03    0.699079E-04
 1.79800    0.300384E-03   -0.172185E-03    0.683481E-04
 1.80550    0.296892E-03   -0.170240E-03    0.668082E-04
 1.81300    0.293443E-03   -0.168318E-03    0.652879E-04
 1.82050    0.290039E-03   -0.166420E-03    0.637867E-04
 1.82801    0.286679E-03   -0.164545E-03    0.623051E-04
 1.83551    0.283361E-03   -0.162692E-03    0.608422E-04
 1.84301    0.280086E-03   -0.160862E-03    0.593980E-04
 1.85051    0.276853E-03   -0.159053E-03    0.579724E-04
 1.85802    0.273662E-03   -0.157267E-03    0.565650E-04
 1.86552    0.270512E-03   -0.155502E-03    0.551757E-04
 1.87302    0.267401E-03   -0.153759E-03    0.538043E-04
 1.88052    0.264331E-03   -0.152037E-03    0.524506E-04
 1.88802    0.261301E-03   -0.150335E-03    0.511143E-04
 1.89553    0.258309E-03   -0.148655E-03    0.497954E-04
 1.90303    0.255357E-03   -0.146994E-03    0.484936E-04
 1.91053    0.252442E-03   -0.145354E-03    0.472089E-04
 1.91803    0.249565E-03   -0.143734E-03    0.459407E-04
 1.92553    0.246726E-03   -0.142134E-03    0.446892E-04
 1.93304    0.243924E-03   -0.140553E-03    0.434542E-04
 1.94054    0.241158E-03   -0.138991E-03    0.422354E-04
 1.94804    0.238428E-03   -0.137449E-03    0.410327E-04
 1.95554    0.235734E-03   -0.135925E-03    0.398459E-04
 1.96304    0.233075E-03   -0.134421E-03    0.386748E-04
 1.97055    0.230451E-03   -0.132935E-03    0.375192E-04
 1.97805    0.227862E-03   -0.131467E-03    0.363792E-04
 1.98555    0.225308E-03   -0.130018E-03    0.352545E-04
 1.99305    0.222787E-03   -0.128586E-03    0.341449E-04
 2.00055    0.220300E-03   -0.127173E-03    0.330504E-04
 2.00806    0.217847E-03   -0.125777E-03    0.319708E-04
 2.01556    0.215426E-03   -0.124398E-03    0.309059E-04
 2.02306    0.213038E-03   -0.123037E-03    0.298556E-04
 2.03056    0.210683E-03   -0.121694E-03    0.288198E-04
 2.03807    0.208359E-03   -0.120367E-03    0.277985E-04
 2.04557    0.206068E-03   -0.119057E-03    0.267914E-04
 2.05307    0.203808E-03   -0.117764E-03    0.257983E-04
 2.06057    0.201580E-03   -0.116488E-03    0.248194E-04
 2.06807    0.199382E-03   -0.115228E-03    0.238542E-04
 2.07558    0.197216E-03   -0.113985E-03    0.229029E-04
 2.08308    0.195079E-03   -0.112758E-03    0.219653E-04
 2.09058    0.192974E-03   -0.111547E-03    0.210412E-04
 2.09808    0.190898E-03   -0.110352E-03    0.201306E-04
 2.10558    0.188852E-03   -0.109173E-03    0.192333E-04
 2.11309    0.186836E-03   -0.108009E-03    0.183493E-04
 2.12059    0.184849E-03   -0.106861E-03    0.174784E-04
 2.12809    0.182891E-03   -0.105729E-03    0.166206E-04
 2.13559    0.180999E-03   -0.104612E-03    0.157757E-04
 2.14309    0.179098E-03   -0.103511E-03    0.149440E-04
 2.15060    0.177226E-03   -0.102424E-03    0.141252E-04
 2.15810    0.175347E-03   -0.101353E-03    0.133187E-04
 2.16560    0.173532E-03   -0.100297E-03    0.125249E-04
 2.17310    0.171745E-03   -0.992556E-04    0.117435E-04
 2.18060    0.169986E-03   -0.982290E-04    0.109744E-04
 2.18811    0.168254E-03   -0.972171E-04    0.102180E-04
 2.19561    0.166550E-03   -0.962198E-04    0.947364E-05
 2.20311    0.164872E-03   -0.952370E-04    0.874063E-05
 2.21061    0.163222E-03   -0.942686E-04    0.802049E-05
 2.21812    0.161599E-03   -0.933144E-04    0.731243E-05
 2.22562    0.160002E-03   -0.923744E-04    0.661625E-05
 2.23312    0.158432E-03   -0.914487E-04    0.593187E-05
 2.24062    0.156888E-03   -0.905369E-04    0.525926E-05
 2.24812    0.155371E-03   -0.896390E-04    0.459830E-05
 2.25563    0.153879E-03   -0.887549E-04    0.394891E-05
 2.26313    0.152413E-03   -0.878847E-04    0.331101E-05
 2.27063    0.150973E-03   -0.870280E-04    0.268454E-05
 2.27813    0.149558E-03   -0.861847E-04    0.206937E-05
 2.28563    0.148168E-03   -0.853550E-04    0.146547E-05
 2.29314    0.146803E-03   -0.845386E-04    0.872723E-06
 2.30064    0.145463E-03   -0.837354E-04    0.291046E-06
 2.30814    0.144148E-03   -0.829454E-04   -0.279651E-06
 2.31564    0.142857E-03   -0.821684E-04   -0.839454E-06
 2.32314    0.141591E-03   -0.814043E-04   -0.138847E-05
 2.33065    0.140348E-03   -0.806530E-04   -0.192674E-05
 2.33815    0.139129E-03   -0.799144E-04   -0.245444E-05
 2.34565    0.137934E-03   -0.791884E-04   -0.297164E-05
 2.35315    0.136762E-03   -0.784748E-04   -0.347842E-05
 2.36065    0.135614E-03   -0.777736E-04   -0.397491E-05
 2.36816    0.134488E-03   -0.770845E-04   -0.446118E-05
 2.37566    0.133385E-03   -0.764076E-04   -0.493741E-05
 2.38316    0.132304E-03   -0.757426E-04   -0.540364E-05
 2.39066    0.131245E-03   -0.750893E-04   -0.586005E-05
 2.39817    0.130208E-03   -0.744477E-04   -0.630668E-05
 2.40567    0.129193E-03   -0.738177E-04   -0.674367E-05
 2.41317    0.128198E-03   -0.731990E-04   -0.717117E-05
 2.42067    0.127225E-03   -0.725916E-04   -0.758932E-05
 2.42817    0.126273E-03   -0.719951E-04   -0.799831E-05
 2.43568    0.125340E-03   -0.714094E-04   -0.839819E-05
 2.44318    0.124428E-03   -0.708346E-04   -0.878906E-05
 2.45068    0.123535E-03   -0.702702E-04   -0.917120E-05
 2.45818    0.122661E-03   -0.697161E-04   -0.954463E-05
 2.46568    0.121807E-03   -0.691722E-04   -0.990962E-05
 2.47319    0.120971E-03   -0.686382E-04   -0.102663E-04
 2.48069    0.120153E-03   -0.681140E-04   -0.106148E-04
 2.48819    0.119352E-03   -0.675992E-04   -0.109552E-04
 2.49569    0.118569E-03   -0.670937E-04   -0.112879E-04
 2.50319    0.117803E-03   -0.665972E-04   -0.116129E-04
 2.51070    0.117053E-03   -0.661097E-04   -0.119304E-04
 2.51820    0.116319E-03   -0.656308E-04   -0.122406E-04
 2.52570    0.115600E-03   -0.651602E-04   -0.125437E-04
 2.53320    0.114896E-03   -0.646978E-04   -0.128400E-04
 2.54070    0.114207E-03   -0.642432E-04   -0.131296E-04
 2.54821    0.113532E-03   -0.637962E-04   -0.134127E-04
 2.55571    0.112870E-03   -0.633566E-04   -0.136896E-04
 2.56321    0.112221E-03   -0.629241E-04   -0.139603E-04
 2.57071    0.111584E-03   -0.624984E-04   -0.142253E-04
 2.57822    0.110959E-03   -0.620791E-04   -0.144847E-04
 2.58572    0.110346E-03   -0.616661E-04   -0.147386E-04
 2.59322    0.109743E-03   -0.612590E-04   -0.149874E-04
 2.60072    0.109150E-03   -0.608575E-04   -0.152313E-04
 2.60822    0.108566E-03   -0.604613E-04   -0.154705E-04
 2.61573    0.107991E-03   -0.600701E-04   -0.157052E-04
 2.62323    0.107425E-03   -0.596836E-04   -0.159358E-04
 2.63073    0.106866E-03   -0.593015E-04   -0.161625E-04
 2.63823    0.106314E-03   -0.589235E-04   -0.163855E-04
 2.64573    0.105768E-03   -0.585491E-04   -0.166050E-04
 2.65324    0.105228E-03   -0.581782E-04   -0.168214E-04
 2.66074    0.104693E-03   -0.578103E-04   -0.170349E-04
 2.66824    0.104163E-03   -0.574452E-04   -0.172456E-04
 2.67574    0.103636E-03   -0.570824E-04   -0.174540E-04
 2.68324    0.103112E-03   -0.567218E-04   -0.176603E-04
 2.69075    0.102590E-03   -0.563628E-04   -0.178647E-04
 2.69825    0.102071E-03   -0.560052E-04   -0.180675E-04
 2.70575    0.101552E-03   -0.556486E-04   -0.182690E-04
 2.71325    0.101033E-03   -0.552927E-04   -0.184694E-04
 2.72075    0.100515E-03   -0.549372E-04   -0.186689E-04
 2.72826    0.999948E-04   -0.545818E-04   -0.188680E-04
 2.73576    0.994734E-04   -0.542260E-04   -0.190668E-04
 2.74326    0.989497E-04   -0.538695E-04   -0.192655E-04
 2.75076    0.984231E-04   -0.535121E-04   -0.194645E-04
 2.75827    0.978928E-04   -0.531534E-04   -0.196640E-04
 2.76577    0.973582E-04   -0.527929E-04   -0.198644E-04
 2.77327    0.968186E-04   -0.524306E-04   -0.200657E-04
 2.78077    0.962737E-04   -0.520658E-04   -0.202682E-04
 2.78827    0.957226E-04   -0.516986E-04   -0.204722E-04
 2.79578    0.951646E-04   -0.513285E-04   -0.206780E-04
 2.80328    0.945994E-04   -0.509551E-04   -0.208857E-04
 2.81078    0.940262E-04   -0.505782E-04   -0.210956E-04
 2.81828    0.934446E-04   -0.501976E-04   -0.213080E-04
 2.82578    0.928539E-04   -0.498129E-04   -0.215230E-04
 2.83329    0.922536E-04   -0.494238E-04   -0.217409E-04
 2.84079    0.916432E-04   -0.490302E-04   -0.219618E-04
 2.84829    0.910222E-04   -0.486316E-04   -0.221860E-04
 2.85579    0.903901E-04   -0.482280E-04   -0.224136E-04
 2.86329    0.897465E-04   -0.478189E-04   -0.226449E-04
 2.87080    0.890907E-04   -0.474043E-04   -0.228800E-04
 2.87830    0.884226E-04   -0.469839E-04   -0.231192E-04
 2.88580    0.877417E-04   -0.465575E-04   -0.233625E-04
 2.89330    0.870474E-04   -0.461249E-04   -0.236100E-04
 2.90080    0.863396E-04   -0.456858E-04   -0.238621E-04
 2.90831    0.856178E-04   -0.452403E-04   -0.241187E-04
 2.91581    0.848818E-04   -0.447879E-04   -0.243801E-04
 2.92331    0.841314E-04   -0.443288E-04   -0.246463E-04
 2.93081    0.833659E-04   -0.438625E-04   -0.249176E-04
 2.93832    0.825852E-04   -0.433891E-04   -0.251938E-04
 2.94582    0.817894E-04   -0.429085E-04   -0.254752E-04
 2.95332    0.809782E-04   -0.424206E-04   -0.257618E-04
 2.96082    0.801512E-04   -0.419253E-04   -0.260537E-04
 2.96832    0.793085E-04   -0.414224E-04   -0.263510E-04
 2.97583    0.784499E-04   -0.409119E-04   -0.266537E-04
 2.98333    0.775754E-04   -0.403938E-04   -0.269618E-04
 2.99083    0.766847E-04   -0.398680E-04   -0.272755E-04
 2.99833    0.757779E-04   -0.393346E-04   -0.275946E-04
 3.00583    0.748551E-04   -0.387935E-04   -0.279194E-04
 3.01334    0.739325E-04   -0.382447E-04   -0.282496E-04
 3.02084    0.729773E-04   -0.376882E-04   -0.285853E-04
 3.02834    0.719902E-04   -0.371241E-04   -0.289265E-04
 3.03584    0.710032E-04   -0.365524E-04   -0.292732E-04
 3.04334    0.700005E-04   -0.359731E-04   -0.296253E-04
 3.05085    0.689821E-04   -0.353864E-04   -0.299829E-04
 3.05835    0.679482E-04   -0.347924E-04   -0.303457E-04
 3.06585    0.668989E-04   -0.341909E-04   -0.307138E-04
 3.07335    0.658348E-04   -0.335824E-04   -0.310871E-04
 3.08085    0.647556E-04   -0.329667E-04   -0.314655E-04
 3.08836    0.636619E-04   -0.323441E-04   -0.318489E-04
 3.09586    0.625539E-04   -0.317146E-04   -0.322372E-04
 3.10336    0.614319E-04   -0.310785E-04   -0.326304E-04
 3.11086    0.602962E-04   -0.304359E-04   -0.330283E-04
 3.11837    0.591472E-04   -0.297869E-04   -0.334307E-04
 3.12587    0.579852E-04   -0.291318E-04   -0.338376E-04
 3.13337    0.568106E-04   -0.284707E-04   -0.342487E-04
 3.14087    0.556238E-04   -0.278038E-04   -0.346640E-04
 3.14837    0.544252E-04   -0.271314E-04   -0.350833E-04
 3.15588    0.532152E-04   -0.264536E-04   -0.355064E-04
 3.16338    0.519943E-04   -0.257707E-04   -0.359333E-04
 3.17088    0.507629E-04   -0.250829E-04   -0.363636E-04
 3.17838    0.495215E-04   -0.243904E-04   -0.367973E-04
 3.18588    0.482706E-04   -0.236936E-04   -0.372342E-04
 3.19339    0.470107E-04   -0.229925E-04   -0.376740E-04
 3.20089    0.457422E-04   -0.222875E-04   -0.381166E-04
 3.20839    0.444657E-04   -0.215787E-04   -0.385618E-04
 3.21589    0.431818E-04   -0.208666E-04   -0.390095E-04
 3.22339    0.418909E-04   -0.201513E-04   -0.394593E-04
 3.23090    0.405936E-04   -0.194331E-04   -0.399112E-04
 3.23840    0.392904E-04   -0.187123E-04   -0.403649E-04
 3.24590    0.379819E-04   -0.179892E-04   -0.408202E-04
 3.25340    0.366686E-04   -0.172640E-04   -0.412769E-04
 3.26090    0.353511E-04   -0.165370E-04   -0.417348E-04
 3.26841    0.340300E-04   -0.158085E-04   -0.421937E-04
 3.27591    0.327057E-04   -0.150788E-04   -0.426533E-04
 3.28341    0.313789E-04   -0.143481E-04   -0.431135E-04
 3.29091    0.300501E-04   -0.136168E-04   -0.435741E-04
 3.29842    0.287199E-04   -0.128850E-04   -0.440348E-04
 3.30592    0.273889E-04   -0.121531E-04   -0.444955E-04
 3.31342    0.260575E-04   -0.114215E-04   -0.449560E-04
 3.32092    0.247265E-04   -0.106903E-04   -0.454160E-04
 3.32842    0.233961E-04   -0.995967E-05   -0.458752E-04
 3.33593    0.220670E-04   -0.923020E-05   -0.463336E-04
 3.34343    0.207399E-04   -0.850192E-05   -0.467910E-04
 3.35093    0.194152E-04   -0.777514E-05   -0.472470E-04
 3.35843    0.180934E-04   -0.705014E-05   -0.477016E-04
 3.36593    0.167750E-04   -0.632711E-05   -0.481545E-04
 3.37344    0.154606E-04   -0.560647E-05   -0.486056E-04
 3.38094    0.141506E-04   -0.488832E-05   -0.490546E-04
 3.38844    0.128456E-04   -0.417297E-05   -0.495013E-04
 3.39594    0.115459E-04   -0.346066E-05   -0.499457E-04
 3.40344    0.102521E-04   -0.275159E-05   -0.503875E-04
 3.41095    0.896471E-05   -0.204602E-05   -0.508266E-04
 3.41845    0.768407E-05   -0.134416E-05   -0.512628E-04
 3.42595    0.641065E-05   -0.646257E-06   -0.516959E-04
 3.43345    0.514490E-05    0.475384E-07   -0.521257E-04
 3.44095    0.388722E-05    0.736983E-06   -0.525521E-04
 3.44846    0.263796E-05    0.142187E-05   -0.529750E-04
 3.45596    0.139758E-05    0.210200E-05   -0.533941E-04
 3.46346    0.166450E-06    0.277718E-05   -0.538094E-04
 3.47096   -0.105516E-05    0.344725E-05   -0.542208E-04
 3.47847   -0.226665E-05    0.411202E-05   -0.546281E-04
 3.48597   -0.346793E-05    0.477133E-05   -0.550311E-04
 3.49347   -0.465859E-05    0.542450E-05   -0.554297E-04
 3.50097   -0.583830E-05    0.607239E-05   -0.558239E-04
 3.50847   -0.700681E-05    0.671430E-05   -0.562135E-04
 3.51598   -0.816376E-05    0.735019E-05   -0.565984E-04
 3.52348   -0.930898E-05    0.797987E-05   -0.569784E-04
 3.53098   -0.104421E-04    0.860322E-05   -0.573537E-04
 3.53848   -0.115630E-04    0.922009E-05   -0.577239E-04
 3.54598   -0.126714E-04    0.983090E-05   -0.580891E-04
 3.55349   -0.137669E-04    0.104344E-04   -0.584492E-04
 3.56099   -0.148496E-04    0.110313E-04   -0.588039E-04
 3.56849   -0.159192E-04    0.116212E-04   -0.591534E-04
 3.57599   -0.169754E-04    0.122041E-04   -0.594976E-04
 3.58349   -0.180181E-04    0.127799E-04   -0.598363E-04
 3.59100   -0.190472E-04    0.133487E-04   -0.601695E-04
 3.59850   -0.200626E-04    0.139102E-04   -0.604972E-04
 3.60600   -0.210640E-04    0.144645E-04   -0.608193E-04
 3.61350   -0.220514E-04    0.150114E-04   -0.611357E-04
 3.62101   -0.230248E-04    0.155510E-04   -0.614465E-04
 3.62851   -0.239839E-04    0.160831E-04   -0.617516E-04
 3.63601   -0.249287E-04    0.166078E-04   -0.620510E-04
 3.64351   -0.258591E-04    0.171250E-04   -0.623445E-04
 3.65101   -0.267751E-04    0.176346E-04   -0.626324E-04
 3.65852   -0.276766E-04    0.181367E-04   -0.629145E-04
 3.66602   -0.285636E-04    0.186311E-04   -0.631907E-04
 3.67352   -0.294361E-04    0.191180E-04   -0.634611E-04
 3.68102   -0.302940E-04    0.195973E-04   -0.637256E-04
 3.68852   -0.311373E-04    0.200690E-04   -0.639844E-04
 3.69603   -0.319661E-04    0.205331E-04   -0.642372E-04
 3.70353   -0.327803E-04    0.209897E-04   -0.644843E-04
 3.71103   -0.335799E-04    0.214386E-04   -0.647256E-04
 3.71853   -0.343651E-04    0.218799E-04   -0.649611E-04
 3.72603   -0.351357E-04    0.223137E-04   -0.651908E-04
 3.73354   -0.358920E-04    0.227399E-04   -0.654147E-04
 3.74104   -0.366338E-04    0.231587E-04   -0.656328E-04
 3.74854   -0.373613E-04    0.235699E-04   -0.658452E-04
 3.75604   -0.380746E-04    0.239738E-04   -0.660520E-04
 3.76354   -0.387735E-04    0.243702E-04   -0.662530E-04
 3.77105   -0.394586E-04    0.247592E-04   -0.664484E-04
 3.77855   -0.401295E-04    0.251409E-04   -0.666382E-04
 3.78605   -0.407865E-04    0.255154E-04   -0.668224E-04
 3.79355   -0.414296E-04    0.258826E-04   -0.670013E-04
 3.80106   -0.420590E-04    0.262426E-04   -0.671742E-04
 3.80856   -0.426748E-04    0.265955E-04   -0.673418E-04
 3.81606   -0.432770E-04    0.269413E-04   -0.675041E-04
 3.82356   -0.438659E-04    0.272801E-04   -0.676611E-04
 3.83106   -0.444414E-04    0.276119E-04   -0.678127E-04
 3.83857   -0.450038E-04    0.279369E-04   -0.679590E-04
 3.84607   -0.455531E-04    0.282550E-04   -0.681001E-04
 3.85357   -0.460895E-04    0.285664E-04   -0.682360E-04
 3.86107   -0.466130E-04    0.288711E-04   -0.683668E-04
 3.86857   -0.471242E-04    0.291691E-04   -0.684925E-04
 3.87608   -0.476227E-04    0.294606E-04   -0.686132E-04
 3.88358   -0.481088E-04    0.297457E-04   -0.687289E-04
 3.89108   -0.485827E-04    0.300243E-04   -0.688397E-04
 3.89858   -0.490446E-04    0.302965E-04   -0.689457E-04
 3.90608   -0.494946E-04    0.305626E-04   -0.690469E-04
 3.91359   -0.499328E-04    0.308224E-04   -0.691433E-04
 3.92109   -0.503593E-04    0.310762E-04   -0.692351E-04
 3.92859   -0.507745E-04    0.313239E-04   -0.693222E-04
 3.93609   -0.511783E-04    0.315656E-04   -0.694048E-04
 3.94359   -0.515709E-04    0.318015E-04   -0.694829E-04
 3.95110   -0.519526E-04    0.320316E-04   -0.695566E-04
 3.95860   -0.523234E-04    0.322560E-04   -0.696259E-04
 3.96610   -0.526836E-04    0.324748E-04   -0.696909E-04
 3.97360   -0.530333E-04    0.326880E-04   -0.697517E-04
 3.98111   -0.533726E-04    0.328957E-04   -0.698082E-04
 3.98861   -0.537016E-04    0.330980E-04   -0.698607E-04
 3.99611   -0.540207E-04    0.332951E-04   -0.699090E-04
 4.00361   -0.543298E-04    0.334869E-04   -0.699534E-04
 4.01111   -0.546293E-04    0.336735E-04   -0.699938E-04
 4.01862   -0.549191E-04    0.338551E-04   -0.700304E-04
 4.02612   -0.551996E-04    0.340317E-04   -0.700631E-04
 4.03362   -0.554708E-04    0.342034E-04   -0.700921E-04
 4.04112   -0.557329E-04    0.343703E-04   -0.701174E-04
 4.04862   -0.559861E-04    0.345324E-04   -0.701390E-04
 4.05613   -0.562305E-04    0.346898E-04   -0.701571E-04
 4.06363   -0.564663E-04    0.348427E-04   -0.701717E-04
 4.07113   -0.566935E-04    0.349910E-04   -0.701828E-04
 4.07863   -0.569125E-04    0.351349E-04   -0.701906E-04
 4.08613   -0.571233E-04    0.352744E-04   -0.701950E-04
 4.09364   -0.573260E-04    0.354097E-04   -0.701961E-04
 4.10114   -0.575209E-04    0.355407E-04   -0.701940E-04
 4.10864   -0.577080E-04    0.356675E-04   -0.701887E-04
 4.11614   -0.578876E-04    0.357904E-04   -0.701804E-04
 4.12364   -0.580597E-04    0.359092E-04   -0.701690E-04
 4.13115   -0.582245E-04    0.360241E-04   -0.701546E-04
 4.13865   -0.583821E-04    0.361351E-04   -0.701372E-04
 4.14615   -0.585327E-04    0.362424E-04   -0.701170E-04
 4.15365   -0.586765E-04    0.363460E-04   -0.700940E-04
 4.16116   -0.588135E-04    0.364460E-04   -0.700682E-04
 4.16866   -0.589438E-04    0.365423E-04   -0.700397E-04
 4.17616   -0.590677E-04    0.366352E-04   -0.700085E-04
 4.18366   -0.591853E-04    0.367246E-04   -0.699747E-04
 4.19116   -0.592966E-04    0.368107E-04   -0.699383E-04
 4.19867   -0.594016E-04    0.368935E-04   -0.698995E-04
 4.20617   -0.595011E-04    0.369730E-04   -0.698581E-04
 4.21367   -0.595945E-04    0.370493E-04   -0.698144E-04
 4.22117   -0.596822E-04    0.371226E-04   -0.697683E-04
 4.22867   -0.597643E-04    0.371927E-04   -0.697198E-04
 4.23618   -0.598410E-04    0.372599E-04   -0.696691E-04
 4.24368   -0.599122E-04    0.373242E-04   -0.696162E-04
 4.25118   -0.599783E-04    0.373856E-04   -0.695610E-04
 4.25868   -0.600391E-04    0.374441E-04   -0.695038E-04
 4.26618   -0.600950E-04    0.374999E-04   -0.694444E-04
 4.27369   -0.601459E-04    0.375530E-04   -0.693831E-04
 4.28119   -0.601921E-04    0.376035E-04   -0.693196E-04
 4.28869   -0.602335E-04    0.376513E-04   -0.692543E-04
 4.29619   -0.602703E-04    0.376966E-04   -0.691870E-04
 4.30369   -0.603027E-04    0.377395E-04   -0.691179E-04
 4.31120   -0.603306E-04    0.377798E-04   -0.690469E-04
 4.31870   -0.603542E-04    0.378178E-04   -0.689741E-04
 4.32620   -0.603737E-04    0.378535E-04   -0.688996E-04
 4.33370   -0.603890E-04    0.378869E-04   -0.688233E-04
 4.34121   -0.604003E-04    0.379180E-04   -0.687454E-04
 4.34871   -0.604078E-04    0.379470E-04   -0.686658E-04
 4.35621   -0.604113E-04    0.379738E-04   -0.685846E-04
 4.36371   -0.604112E-04    0.379985E-04   -0.685019E-04
 4.37121   -0.604074E-04    0.380211E-04   -0.684175E-04
 4.37872   -0.604000E-04    0.380418E-04   -0.683317E-04
 4.38622   -0.603891E-04    0.380604E-04   -0.682444E-04
 4.39372   -0.603748E-04    0.380772E-04   -0.681557E-04
 4.40122   -0.603572E-04    0.380920E-04   -0.680656E-04
 4.40872   -0.603364E-04    0.381050E-04   -0.679741E-04
 4.41623   -0.603124E-04    0.381162E-04   -0.678813E-04
 4.42373   -0.602853E-04    0.381257E-04   -0.677870E-04
 4.43123   -0.602552E-04    0.381334E-04   -0.676917E-04
 4.43873   -0.602222E-04    0.381394E-04   -0.675950E-04
 4.44623   -0.601863E-04    0.381438E-04   -0.674971E-04
 4.45374   -0.601476E-04    0.381465E-04   -0.673980E-04
 4.46124   -0.601061E-04    0.381477E-04   -0.672977E-04
 4.46874   -0.600620E-04    0.381473E-04   -0.671963E-04
 4.47624   -0.600153E-04    0.381454E-04   -0.670938E-04
 4.48374   -0.599661E-04    0.381421E-04   -0.669902E-04
 4.49125   -0.599143E-04    0.381373E-04   -0.668856E-04
 4.49875   -0.598602E-04    0.381310E-04   -0.667799E-04
 4.50625   -0.598038E-04    0.381234E-04   -0.666732E-04
 4.51375   -0.597450E-04    0.381145E-04   -0.665656E-04
 4.52126   -0.596840E-04    0.381042E-04   -0.664570E-04
 4.52876   -0.596209E-04    0.380926E-04   -0.663474E-04
 4.53626   -0.595556E-04    0.380798E-04   -0.662369E-04
 4.54376   -0.594882E-04    0.380657E-04   -0.661255E-04
 4.55126   -0.594189E-04    0.380505E-04   -0.660133E-04
 4.55877   -0.593476E-04    0.380340E-04   -0.659003E-04
 4.56627   -0.592744E-04    0.380165E-04   -0.657864E-04
 4.57377   -0.591993E-04    0.379977E-04   -0.656716E-04
 4.58127   -0.591224E-04    0.379779E-04   -0.655562E-04
 4.58877   -0.590437E-04    0.379570E-04   -0.654399E-04
 4.59628   -0.589634E-04    0.379351E-04   -0.653229E-04
 4.60378   -0.588813E-04    0.379121E-04   -0.652052E-04
 4.61128   -0.587977E-04    0.378881E-04   -0.650867E-04
 4.61878   -0.587124E-04    0.378632E-04   -0.649676E-04
 4.62628   -0.586257E-04    0.378372E-04   -0.648478E-04
 4.63379   -0.585374E-04    0.378104E-04   -0.647274E-04
 4.64129   -0.584477E-04    0.377826E-04   -0.646063E-04
 4.64879   -0.583566E-04    0.377540E-04   -0.644847E-04
 4.65629   -0.582641E-04    0.377244E-04   -0.643625E-04
 4.66379   -0.581702E-04    0.376941E-04   -0.642396E-04
 4.67130   -0.580751E-04    0.376629E-04   -0.641162E-04
 4.67880   -0.579787E-04    0.376308E-04   -0.639922E-04
 4.68630   -0.578811E-04    0.375980E-04   -0.638677E-04
 4.69380   -0.577823E-04    0.375645E-04   -0.637427E-04
 4.70131   -0.576825E-04    0.375301E-04   -0.636172E-04
 4.70881   -0.575813E-04    0.374950E-04   -0.634912E-04
 4.71631   -0.574791E-04    0.374592E-04   -0.633648E-04
 4.72381   -0.573759E-04    0.374227E-04   -0.632378E-04
 4.73131   -0.572717E-04    0.373856E-04   -0.631105E-04
 4.73882   -0.571664E-04    0.373477E-04   -0.629827E-04
 4.74632   -0.570603E-04    0.373092E-04   -0.628545E-04
 4.75382   -0.569531E-04    0.372701E-04   -0.627258E-04
 4.76132   -0.568451E-04    0.372303E-04   -0.625968E-04
 4.76882   -0.567362E-04    0.371900E-04   -0.624674E-04
 4.77633   -0.566264E-04    0.371490E-04   -0.623376E-04
 4.78383   -0.565159E-04    0.371075E-04   -0.622075E-04
 4.79133   -0.564045E-04    0.370654E-04   -0.620770E-04
 4.79883   -0.562924E-04    0.370227E-04   -0.619462E-04
 4.80633   -0.561796E-04    0.369795E-04   -0.618151E-04
 4.81384   -0.560659E-04    0.369358E-04   -0.616834E-04
 4.82134   -0.559516E-04    0.368916E-04   -0.615519E-04
 4.82884   -0.558367E-04    0.368469E-04   -0.614199E-04
 4.83634   -0.557210E-04    0.368017E-04   -0.612876E-04
 4.84384   -0.556048E-04    0.367561E-04   -0.611551E-04
 4.85135   -0.554880E-04    0.367100E-04   -0.610223E-04
 4.85885   -0.553704E-04    0.366634E-04   -0.608892E-04
 4.86635   -0.552526E-04    0.366164E-04   -0.607559E-04
 4.87385   -0.551341E-04    0.365690E-04   -0.606224E-04
 4.88136   -0.550151E-04    0.365212E-04   -0.604887E-04
 4.88886   -0.548955E-04    0.364729E-04   -0.603548E-04
 4.89636   -0.547755E-04    0.364243E-04   -0.602207E-04
 4.90386   -0.546551E-04    0.363753E-04   -0.600864E-04
 4.91136   -0.545342E-04    0.363259E-04   -0.599519E-04
 4.91887   -0.544129E-04    0.362762E-04   -0.598172E-04
 4.92637   -0.542911E-04    0.362261E-04   -0.596824E-04
 4.93387   -0.541690E-04    0.361757E-04   -0.595475E-04
 4.94137   -0.540464E-04    0.361249E-04   -0.594125E-04
 4.94887   -0.539236E-04    0.360738E-04   -0.592773E-04
 4.95638   -0.538004E-04    0.360224E-04   -0.591419E-04
 4.96388   -0.536769E-04    0.359708E-04   -0.590065E-04
 4.97138   -0.535530E-04    0.359188E-04   -0.588710E-04
 4.97888   -0.534289E-04    0.358665E-04   -0.587353E-04
 4.98638   -0.533045E-04    0.358139E-04   -0.585996E-04
 4.99389   -0.531799E-04    0.357611E-04   -0.584638E-04
 5.00139   -0.530549E-04    0.357080E-04   -0.583280E-04
 5.00889   -0.529298E-04    0.356546E-04   -0.581921E-04
 5.01639   -0.528043E-04    0.356010E-04   -0.580561E-04
 5.02389   -0.526788E-04    0.355472E-04   -0.579201E-04
 5.03140   -0.525530E-04    0.354931E-04   -0.577840E-04
 5.03890   -0.524271E-04    0.354388E-04   -0.576479E-04
 5.04640   -0.523009E-04    0.353843E-04   -0.575118E-04
 5.05390   -0.521746E-04    0.353295E-04   -0.573757E-04
 5.06141   -0.520482E-04    0.352746E-04   -0.572395E-04
 5.06891   -0.519216E-04    0.352195E-04   -0.571034E-04
 5.07641   -0.517949E-04    0.351642E-04   -0.569673E-04
 5.08391   -0.516681E-04    0.351086E-04   -0.568311E-04
 5.09141   -0.515412E-04    0.350530E-04   -0.566950E-04
 5.09892   -0.514142E-04    0.349971E-04   -0.565589E-04
 5.10642   -0.512871E-04    0.349411E-04   -0.564229E-04
 5.11392   -0.511599E-04    0.348849E-04   -0.562868E-04
 5.12142   -0.510327E-04    0.348285E-04   -0.561508E-04
 5.12892   -0.509054E-04    0.347720E-04   -0.560149E-04
 5.13643   -0.507781E-04    0.347154E-04   -0.558790E-04
 5.14393   -0.506508E-04    0.346586E-04   -0.557431E-04
 5.15143   -0.505233E-04    0.346017E-04   -0.556073E-04
 5.15893   -0.503960E-04    0.345447E-04   -0.554716E-04
 5.16643   -0.502687E-04    0.344875E-04   -0.553359E-04
 5.17394   -0.501412E-04    0.344302E-04   -0.552003E-04
 5.18144   -0.500139E-04    0.343729E-04   -0.550648E-04
 5.18894   -0.498865E-04    0.343252E-04   -0.549293E-04
 5.19644   -0.497592E-04    0.342675E-04   -0.547940E-04
 5.20394   -0.496319E-04    0.342098E-04   -0.546587E-04
 5.21145   -0.495047E-04    0.341520E-04   -0.545235E-04
 5.21895   -0.493775E-04    0.340941E-04   -0.543884E-04
 5.22645   -0.492504E-04    0.340362E-04   -0.542534E-04
 5.23395   -0.491233E-04    0.339781E-04   -0.541185E-04
 5.24146   -0.489963E-04    0.339104E-04   -0.539837E-04
 5.24896   -0.488694E-04    0.338522E-04   -0.538490E-04
 5.25646   -0.487426E-04    0.337940E-04   -0.537144E-04
 5.26396   -0.486159E-04    0.337356E-04   -0.535799E-04
 5.27146   -0.484892E-04    0.336773E-04   -0.534455E-04
 5.27897   -0.483627E-04    0.336189E-04   -0.533112E-04
 5.28647   -0.482364E-04    0.335604E-04   -0.531770E-04
 5.29397   -0.481101E-04    0.335019E-04   -0.530430E-04
 5.30147   -0.479839E-04    0.334434E-04   -0.529091E-04
 5.30897   -0.478579E-04    0.333848E-04   -0.527753E-04
 5.31648   -0.477321E-04    0.333262E-04   -0.526416E-04
 5.32398   -0.476064E-04    0.332675E-04   -0.525080E-04
 5.33148   -0.474808E-04    0.332088E-04   -0.523746E-04
 5.33898   -0.473554E-04    0.331501E-04   -0.522413E-04
 5.34648   -0.472302E-04    0.330914E-04   -0.521081E-04
 5.35399   -0.471051E-04    0.330327E-04   -0.519751E-04
 5.36149   -0.469802E-04    0.329740E-04   -0.518422E-04
 5.36899   -0.468555E-04    0.329152E-04   -0.517094E-04
 5.37649   -0.467310E-04    0.328564E-04   -0.515768E-04
 5.38399   -0.466066E-04    0.327977E-04   -0.514443E-04
 5.39150   -0.464825E-04    0.327389E-04   -0.513119E-04
 5.39900   -0.463586E-04    0.326802E-04   -0.511797E-04
 5.40650   -0.462348E-04    0.326214E-04   -0.510477E-04
 5.41400   -0.461114E-04    0.325627E-04   -0.509158E-04
 5.42151   -0.459881E-04    0.325040E-04   -0.507840E-04
 5.42901   -0.458650E-04    0.324453E-04   -0.506524E-04
 5.43651   -0.457421E-04    0.323866E-04   -0.505210E-04
 5.44401   -0.456195E-04    0.323279E-04   -0.503897E-04
 5.45151   -0.454972E-04    0.322693E-04   -0.502585E-04
 5.45902   -0.453750E-04    0.322107E-04   -0.501276E-04
 5.46652   -0.452531E-04    0.321521E-04   -0.499968E-04
 5.47402   -0.451315E-04    0.320936E-04   -0.498661E-04
 5.48152   -0.450101E-04    0.320350E-04   -0.497356E-04
 5.48902   -0.448889E-04    0.319766E-04   -0.496053E-04
 5.49653   -0.447681E-04    0.319182E-04   -0.494752E-04
 5.50403   -0.446475E-04    0.318598E-04   -0.493452E-04
 5.51153   -0.445271E-04    0.318015E-04   -0.492155E-04
 5.51903   -0.444070E-04    0.317432E-04   -0.490859E-04
 5.52653   -0.442872E-04    0.316849E-04   -0.489564E-04
 5.53404   -0.441677E-04    0.316268E-04   -0.488272E-04
 5.54154   -0.440485E-04    0.315686E-04   -0.486982E-04
 5.54904   -0.439295E-04    0.315106E-04   -0.485693E-04
 5.55654   -0.438109E-04    0.314526E-04   -0.484406E-04
 5.56405   -0.436925E-04    0.313946E-04   -0.483121E-04
 5.57155   -0.435744E-04    0.313368E-04   -0.481839E-04
 5.57905   -0.434566E-04    0.312790E-04   -0.480558E-04
 5.58655   -0.433391E-04    0.312212E-04   -0.479278E-04
 5.59405   -0.432220E-04    0.311636E-04   -0.478002E-04
 5.60156   -0.431050E-04    0.311060E-04   -0.476727E-04
 5.60906   -0.429885E-04    0.310484E-04   -0.475455E-04
 5.61656   -0.428723E-04    0.309910E-04   -0.474184E-04
 5.62406   -0.427564E-04    0.309336E-04   -0.472915E-04
 5.63156   -0.426407E-04    0.308764E-04   -0.471649E-04
 5.63907   -0.425254E-04    0.308192E-04   -0.470385E-04
 5.64657   -0.424104E-04    0.307620E-04   -0.469123E-04
 5.65407   -0.422958E-04    0.307050E-04   -0.467863E-04
 5.66157   -0.421814E-04    0.306481E-04   -0.466605E-04
 5.66907   -0.420674E-04    0.305912E-04   -0.465349E-04
 5.67658   -0.419537E-04    0.305344E-04   -0.464096E-04
 5.68408   -0.418404E-04    0.304777E-04   -0.462845E-04
 5.69158   -0.417273E-04    0.304212E-04   -0.461596E-04
 5.69908   -0.416147E-04    0.303647E-04   -0.460349E-04
 5.70658   -0.415024E-04    0.303083E-04   -0.459105E-04
 5.71409   -0.413903E-04    0.302520E-04   -0.457863E-04
 5.72159   -0.412786E-04    0.301958E-04   -0.456624E-04
 5.72909   -0.411672E-04    0.301397E-04   -0.455386E-04
 5.73659   -0.410562E-04    0.300837E-04   -0.454151E-04
 5.74410   -0.409455E-04    0.300278E-04   -0.452919E-04
 5.75160   -0.408352E-04    0.299719E-04   -0.451688E-04
 5.75910   -0.407252E-04    0.299162E-04   -0.450460E-04
 5.76660   -0.406155E-04    0.298606E-04   -0.449235E-04
 5.77410   -0.405062E-04    0.298051E-04   -0.448011E-04
 5.78161   -0.403972E-04    0.297497E-04   -0.446791E-04
 5.78911   -0.402886E-04    0.296944E-04   -0.445572E-04
 5.79661   -0.401803E-04    0.296392E-04   -0.444356E-04
 5.80411   -0.400724E-04    0.295842E-04   -0.443142E-04
 5.81161   -0.399648E-04    0.295292E-04   -0.441930E-04
 5.81912   -0.398575E-04    0.294743E-04   -0.440722E-04
 5.82662   -0.397506E-04    0.294196E-04   -0.439516E-04
 5.83412   -0.396440E-04    0.293649E-04   -0.438312E-04
 5.84162   -0.395378E-04    0.293103E-04   -0.437110E-04
 5.84912   -0.394319E-04    0.292559E-04   -0.435911E-04
 5.85663   -0.393263E-04    0.292016E-04   -0.434715E-04
 5.86413   -0.392211E-04    0.291473E-04   -0.433520E-04
 5.87163   -0.391162E-04    0.290932E-04   -0.432329E-04
 5.87913   -0.390117E-04    0.290392E-04   -0.431140E-04
 5.88663   -0.389075E-04    0.289853E-04   -0.429953E-04
 5.89414   -0.388036E-04    0.289315E-04   -0.428768E-04
 5.90164   -0.387001E-04    0.288778E-04   -0.427586E-04
 5.90914   -0.385969E-04    0.288242E-04   -0.426406E-04
 5.91664   -0.384940E-04    0.287708E-04   -0.425229E-04
 5.92415   -0.383915E-04    0.287174E-04   -0.424054E-04
 5.93165   -0.382893E-04    0.286642E-04   -0.422882E-04
 5.93915   -0.381874E-04    0.286110E-04   -0.421712E-04
 5.94665   -0.380859E-04    0.285580E-04   -0.420545E-04
 5.95415   -0.379847E-04    0.285050E-04   -0.419380E-04
 5.96166   -0.378838E-04    0.284522E-04   -0.418217E-04
 5.96916   -0.377832E-04    0.283995E-04   -0.417057E-04
 5.97666   -0.376830E-04    0.283468E-04   -0.415899E-04
 5.98416   -0.375830E-04    0.282943E-04   -0.414744E-04
 5.99166   -0.374834E-04    0.282419E-04   -0.413591E-04
 5.99917   -0.373841E-04    0.281896E-04   -0.412441E-04
 6.00667   -0.372851E-04    0.281374E-04   -0.411293E-04
 6.01417   -0.371865E-04    0.280853E-04   -0.410147E-04
 6.02167   -0.370881E-04    0.280333E-04   -0.409004E-04
 6.02917   -0.369900E-04    0.279814E-04   -0.407863E-04
 6.03668   -0.368923E-04    0.279296E-04   -0.406724E-04
 6.04418   -0.367948E-04    0.278779E-04   -0.405588E-04
 6.05168   -0.366977E-04    0.278263E-04   -0.404454E-04
 6.05918   -0.366008E-04    0.277748E-04   -0.403323E-04
 6.06668   -0.365042E-04    0.277234E-04   -0.402194E-04
 6.07419   -0.364080E-04    0.276720E-04   -0.401067E-04
 6.08169   -0.363120E-04    0.276208E-04   -0.399943E-04
 6.08919   -0.362163E-04    0.275697E-04   -0.398821E-04
 6.09669   -0.361209E-04    0.275187E-04   -0.397701E-04
 6.10420   -0.360258E-04    0.274677E-04   -0.396583E-04
 6.11170   -0.359309E-04    0.274169E-04   -0.395469E-04
 6.11920   -0.358364E-04    0.273661E-04   -0.394356E-04
 6.12670   -0.357421E-04    0.273155E-04   -0.393246E-04
 6.13420   -0.356481E-04    0.272649E-04   -0.392138E-04
 6.14171   -0.355543E-04    0.272144E-04   -0.391031E-04
 6.14921   -0.354609E-04    0.271640E-04   -0.389925E-04
 6.15671   -0.353677E-04    0.271137E-04   -0.388826E-04
 6.16421   -0.352747E-04    0.270635E-04   -0.387727E-04
 6.17171   -0.351821E-04    0.270133E-04   -0.386630E-04
 6.17922   -0.350896E-04    0.269633E-04   -0.385536E-04
 6.18672   -0.349975E-04    0.269133E-04   -0.384443E-04
 6.19422   -0.349055E-04    0.268634E-04   -0.383353E-04
 6.20172   -0.348139E-04    0.268136E-04   -0.382266E-04
 6.20922   -0.347225E-04    0.267639E-04   -0.381180E-04
 6.21673   -0.346313E-04    0.267142E-04   -0.380097E-04
 6.22423   -0.345404E-04    0.266646E-04   -0.379015E-04
 6.23173   -0.344497E-04    0.266151E-04   -0.377936E-04
 6.23923   -0.343593E-04    0.265657E-04   -0.376860E-04
 6.24673   -0.342691E-04    0.265164E-04   -0.375785E-04
 6.25424   -0.341791E-04    0.264671E-04   -0.374713E-04
 6.26174   -0.340894E-04    0.264179E-04   -0.373643E-04
 6.26924   -0.339999E-04    0.263688E-04   -0.372575E-04
 6.27674   -0.339106E-04    0.263197E-04   -0.371509E-04
 6.28425   -0.338215E-04    0.262708E-04   -0.370445E-04
 6.29175   -0.337327E-04    0.262219E-04   -0.369383E-04
 6.29925   -0.336441E-04    0.261730E-04   -0.368324E-04
 6.30675   -0.335557E-04    0.261243E-04   -0.367267E-04
 6.31425   -0.334675E-04    0.260756E-04   -0.366211E-04
 6.32176   -0.333796E-04    0.260270E-04   -0.365158E-04
 6.32926   -0.332918E-04    0.259784E-04   -0.364107E-04
 6.33676   -0.332043E-04    0.259299E-04   -0.363059E-04
 6.34426   -0.331170E-04    0.258815E-04   -0.362012E-04
 6.35176   -0.330298E-04    0.258331E-04   -0.360967E-04
 6.35927   -0.329429E-04    0.257848E-04   -0.359925E-04
 6.36677   -0.328562E-04    0.257366E-04   -0.358884E-04
 6.37427   -0.327697E-04    0.256884E-04   -0.357846E-04
 6.38177   -0.326834E-04    0.256403E-04   -0.356809E-04
 6.38927   -0.325973E-04    0.255923E-04   -0.355775E-04
 6.39678   -0.325114E-04    0.255443E-04   -0.354743E-04
 6.40428   -0.324256E-04    0.254964E-04   -0.353713E-04
 6.41178   -0.323401E-04    0.254485E-04   -0.352682E-04
 6.41928   -0.322548E-04    0.254007E-04   -0.351659E-04
 6.42678   -0.321696E-04    0.253530E-04   -0.350635E-04
 6.43429   -0.320846E-04    0.253053E-04   -0.349613E-04
 6.44179   -0.319999E-04    0.252577E-04   -0.348593E-04
 6.44929   -0.319153E-04    0.252101E-04   -0.347575E-04
 6.45679   -0.318309E-04    0.251626E-04   -0.346559E-04
 6.46430   -0.317467E-04    0.251152E-04   -0.345545E-04
 6.47180   -0.316627E-04    0.250678E-04   -0.344534E-04
 6.47930   -0.315788E-04    0.250205E-04   -0.343524E-04
 6.48680   -0.314952E-04    0.249732E-04   -0.342516E-04
 6.49430   -0.314117E-04    0.249260E-04   -0.341511E-04
 6.50181   -0.313284E-04    0.248788E-04   -0.340507E-04
 6.50931   -0.312452E-04    0.248317E-04   -0.339506E-04
 6.51681   -0.311623E-04    0.247847E-04   -0.338505E-04
 6.52431   -0.310795E-04    0.247377E-04   -0.337508E-04
 6.53181   -0.309969E-04    0.246908E-04   -0.336512E-04
 6.53932   -0.309145E-04    0.246439E-04   -0.335518E-04
 6.54682   -0.308322E-04    0.245971E-04   -0.334526E-04
 6.55432   -0.307502E-04    0.245503E-04   -0.333537E-04
 6.56182   -0.306683E-04    0.245036E-04   -0.332549E-04
 6.56932   -0.305865E-04    0.244570E-04   -0.331563E-04
 6.57683   -0.305050E-04    0.244104E-04   -0.330579E-04
 6.58433   -0.304236E-04    0.243639E-04   -0.329597E-04
 6.59183   -0.303424E-04    0.243174E-04   -0.328618E-04
 6.59933   -0.302614E-04    0.242710E-04   -0.327638E-04
 6.60683   -0.301805E-04    0.242246E-04   -0.326664E-04
 6.61434   -0.300998E-04    0.241783E-04   -0.325690E-04
 6.62184   -0.300193E-04    0.241320E-04   -0.324718E-04
 6.62934   -0.299389E-04    0.240859E-04   -0.323748E-04
 6.63684   -0.298588E-04    0.240397E-04   -0.322780E-04
 6.64435   -0.297787E-04    0.239937E-04   -0.321814E-04
 6.65185   -0.296989E-04    0.239476E-04   -0.320850E-04
 6.65935   -0.296192E-04    0.239017E-04   -0.319888E-04
 6.66685   -0.295397E-04    0.238558E-04   -0.318928E-04
 6.67435   -0.294604E-04    0.238099E-04   -0.317971E-04
 6.68186   -0.293813E-04    0.237642E-04   -0.317014E-04
 6.68936   -0.293023E-04    0.237184E-04   -0.316060E-04
 6.69686   -0.292235E-04    0.236728E-04   -0.315108E-04
 6.70436   -0.291448E-04    0.236272E-04   -0.314157E-04
 6.71186   -0.290663E-04    0.235816E-04   -0.313209E-04
 6.71937   -0.289880E-04    0.235361E-04   -0.312263E-04
 6.72687   -0.289099E-04    0.234907E-04   -0.311316E-04
 6.73437   -0.288320E-04    0.234454E-04   -0.310376E-04
 6.74187   -0.287542E-04    0.234001E-04   -0.309436E-04
 6.74937   -0.286766E-04    0.233548E-04   -0.308496E-04
 6.75688   -0.285991E-04    0.233096E-04   -0.307561E-04
 6.76438   -0.285219E-04    0.232645E-04   -0.306627E-04
 6.77188   -0.284448E-04    0.232195E-04   -0.305695E-04
 6.77938   -0.283678E-04    0.231745E-04   -0.304764E-04
 6.78688   -0.282911E-04    0.231296E-04   -0.303834E-04
 6.79439   -0.282145E-04    0.230847E-04   -0.302910E-04
 6.80189   -0.281381E-04    0.230399E-04   -0.301985E-04
 6.80939   -0.280619E-04    0.229952E-04   -0.301063E-04
 6.81689   -0.279858E-04    0.229505E-04   -0.300142E-04
 6.82440   -0.279100E-04    0.229059E-04   -0.299224E-04
 6.83190   -0.278343E-04    0.228614E-04   -0.298307E-04
 6.83940   -0.277587E-04    0.228169E-04   -0.297393E-04
 6.84690   -0.276834E-04    0.227725E-04   -0.296480E-04
 6.85440   -0.276082E-04    0.227281E-04   -0.295570E-04
 6.86191   -0.275332E-04    0.226839E-04   -0.294661E-04
 6.86941   -0.274584E-04    0.226396E-04   -0.293755E-04
 6.87691   -0.273838E-04    0.225955E-04   -0.292850E-04
 6.88441   -0.273093E-04    0.225515E-04   -0.291948E-04
 6.89191   -0.272350E-04    0.225075E-04   -0.291047E-04
 6.89942   -0.271609E-04    0.224635E-04   -0.290149E-04
 6.90692   -0.270870E-04    0.224197E-04   -0.289252E-04
 6.91442   -0.270133E-04    0.223759E-04   -0.288358E-04
 6.92192   -0.269397E-04    0.223322E-04   -0.287465E-04
 6.92942   -0.268663E-04    0.222885E-04   -0.286575E-04
 6.93693   -0.267931E-04    0.222449E-04   -0.285686E-04
 6.94443   -0.267201E-04    0.222014E-04   -0.284799E-04
 6.95193   -0.266473E-04    0.221580E-04   -0.283915E-04
 6.95943   -0.265746E-04    0.221146E-04   -0.283032E-04
 6.96693   -0.265021E-04    0.220713E-04   -0.282152E-04
 6.97444   -0.264299E-04    0.220281E-04   -0.281273E-04
 6.98194   -0.263577E-04    0.219850E-04   -0.280397E-04
 6.98944   -0.262858E-04    0.219419E-04   -0.279522E-04
 6.99694   -0.262141E-04    0.218989E-04   -0.278650E-04
 7.00445   -0.261425E-04    0.218560E-04   -0.277778E-04
 7.01195   -0.260712E-04    0.218131E-04   -0.276911E-04
 7.01945   -0.260000E-04    0.217704E-04   -0.276044E-04
 7.02695   -0.259290E-04    0.217277E-04   -0.275180E-04
 7.03445   -0.258581E-04    0.216850E-04   -0.274317E-04
 7.04196   -0.257875E-04    0.216425E-04   -0.273456E-04
 7.04946   -0.257171E-04    0.216000E-04   -0.272598E-04
 7.05696   -0.256468E-04    0.215576E-04   -0.271741E-04
 7.06446   -0.255767E-04    0.215153E-04   -0.270887E-04
 7.07196   -0.255068E-04    0.214731E-04   -0.270034E-04
 7.07947   -0.254371E-04    0.214309E-04   -0.269184E-04
 7.08697   -0.253676E-04    0.213888E-04   -0.268336E-04
 7.09447   -0.252983E-04    0.213468E-04   -0.267489E-04
 7.10197   -0.252292E-04    0.213049E-04   -0.266645E-04
 7.10947   -0.251602E-04    0.212631E-04   -0.265802E-04
 7.11698   -0.250915E-04    0.212213E-04   -0.264962E-04
 7.12448   -0.250229E-04    0.211796E-04   -0.264123E-04
 7.13198   -0.249545E-04    0.211380E-04   -0.263287E-04
 7.13948   -0.248863E-04    0.210965E-04   -0.262452E-04
 7.14698   -0.248183E-04    0.210550E-04   -0.261620E-04
 7.15449   -0.247505E-04    0.210136E-04   -0.260789E-04
 7.16199   -0.246828E-04    0.209723E-04   -0.259961E-04
 7.16949   -0.246154E-04    0.209311E-04   -0.259135E-04
 7.17699   -0.245482E-04    0.208900E-04   -0.258310E-04
 7.18450   -0.244811E-04    0.208489E-04   -0.257488E-04
 7.19200   -0.244142E-04    0.208080E-04   -0.256667E-04
 7.19950   -0.243475E-04    0.207670E-04   -0.255849E-04
 7.20700   -0.242810E-04    0.207263E-04   -0.255032E-04
 7.21450   -0.242147E-04    0.206856E-04   -0.254218E-04
 7.22201   -0.241486E-04    0.206449E-04   -0.253405E-04
 7.22951   -0.240827E-04    0.206044E-04   -0.252595E-04
 7.23701   -0.240170E-04    0.205639E-04   -0.251787E-04
 7.24451   -0.239514E-04    0.205235E-04   -0.250980E-04
 7.25201   -0.238861E-04    0.204832E-04   -0.250176E-04
 7.25952   -0.238209E-04    0.204429E-04   -0.249373E-04
 7.26702   -0.237559E-04    0.204028E-04   -0.248573E-04
 7.27452   -0.236911E-04    0.203627E-04   -0.247774E-04
 7.28202   -0.236265E-04    0.203227E-04   -0.246978E-04
 7.28952   -0.235621E-04    0.202828E-04   -0.246183E-04
 7.29703   -0.234979E-04    0.202430E-04   -0.245390E-04
 7.30453   -0.234339E-04    0.202033E-04   -0.244600E-04
 7.31203   -0.233700E-04    0.201637E-04   -0.243810E-04
 7.31953   -0.233064E-04    0.201241E-04   -0.243025E-04
 7.32704   -0.232429E-04    0.200846E-04   -0.242240E-04
 7.33454   -0.231797E-04    0.200452E-04   -0.241457E-04
 7.34204   -0.231166E-04    0.200059E-04   -0.240676E-04
 7.34954   -0.230537E-04    0.199667E-04   -0.239898E-04
 7.35704   -0.229910E-04    0.199275E-04   -0.239121E-04
 7.36455   -0.229285E-04    0.198885E-04   -0.238346E-04
 7.37205   -0.228662E-04    0.198495E-04   -0.237573E-04
 7.37955   -0.228040E-04    0.198106E-04   -0.236802E-04
 7.38705   -0.227421E-04    0.197718E-04   -0.236033E-04
 7.39455   -0.226803E-04    0.197331E-04   -0.235267E-04
 7.40206   -0.226188E-04    0.196944E-04   -0.234502E-04
 7.40956   -0.225574E-04    0.196559E-04   -0.233738E-04
 7.41706   -0.224962E-04    0.196174E-04   -0.232977E-04
 7.42456   -0.224352E-04    0.195790E-04   -0.232218E-04
 7.43206   -0.223744E-04    0.195408E-04   -0.231461E-04
 7.43957   -0.223137E-04    0.195025E-04   -0.230706E-04
 7.44707   -0.222533E-04    0.194644E-04   -0.229953E-04
 7.45457   -0.221930E-04    0.194264E-04   -0.229201E-04
 7.46207   -0.221330E-04    0.193884E-04   -0.228452E-04
 7.46957   -0.220731E-04    0.193505E-04   -0.227705E-04
 7.47708   -0.220134E-04    0.193128E-04   -0.226959E-04
 7.48458   -0.219539E-04    0.192751E-04   -0.226215E-04
 7.49208   -0.218946E-04    0.192374E-04   -0.225474E-04
 7.49958   -0.218354E-04    0.191999E-04   -0.224734E-04
 7.50709   -0.217765E-04    0.191625E-04   -0.223996E-04
 7.51459   -0.217177E-04    0.191251E-04   -0.223261E-04
 7.52209   -0.216592E-04    0.190878E-04   -0.222527E-04
 7.52959   -0.216008E-04    0.190506E-04   -0.221795E-04
 7.53709   -0.215426E-04    0.190135E-04   -0.221064E-04
 7.54460   -0.214845E-04    0.189765E-04   -0.220336E-04
 7.55210   -0.214267E-04    0.189395E-04   -0.219610E-04
 7.55960   -0.213691E-04    0.189027E-04   -0.218886E-04
 7.56710   -0.213116E-04    0.188660E-04   -0.218163E-04
 7.57460   -0.212543E-04    0.188293E-04   -0.217443E-04
 7.58211   -0.211972E-04    0.187927E-04   -0.216724E-04
 7.58961   -0.211403E-04    0.187562E-04   -0.216007E-04
 7.59711   -0.210836E-04    0.187198E-04   -0.215292E-04
 7.60461   -0.210270E-04    0.186834E-04   -0.214579E-04
 7.61211   -0.209706E-04    0.186472E-04   -0.213868E-04
 7.61962   -0.209145E-04    0.186110E-04   -0.213159E-04
 7.62712   -0.208585E-04    0.185749E-04   -0.212452E-04
 7.63462   -0.208026E-04    0.185389E-04   -0.211747E-04
 7.64212   -0.207470E-04    0.185030E-04   -0.211043E-04
 7.64962   -0.206915E-04    0.184672E-04   -0.210342E-04
 7.65713   -0.206363E-04    0.184314E-04   -0.209642E-04
 7.66463   -0.205812E-04    0.183958E-04   -0.208944E-04
 7.67213   -0.205262E-04    0.183602E-04   -0.208248E-04
 7.67963   -0.204715E-04    0.183247E-04   -0.207554E-04
 7.68714   -0.204169E-04    0.182893E-04   -0.206861E-04
 7.69464   -0.203626E-04    0.182540E-04   -0.206171E-04
 7.70214   -0.203084E-04    0.182188E-04   -0.205482E-04
 7.70964   -0.202543E-04    0.181836E-04   -0.204796E-04
 7.71714   -0.202005E-04    0.181485E-04   -0.204111E-04
 7.72465   -0.201468E-04    0.181136E-04   -0.203428E-04
 7.73215   -0.200933E-04    0.180787E-04   -0.202747E-04
 7.73965   -0.200400E-04    0.180438E-04   -0.202067E-04
 7.74715   -0.199869E-04    0.180091E-04   -0.201390E-04
 7.75465   -0.199339E-04    0.179745E-04   -0.200714E-04
 7.76216   -0.198811E-04    0.179399E-04   -0.200040E-04
 7.76966   -0.198285E-04    0.179054E-04   -0.199368E-04
 7.77716   -0.197761E-04    0.178710E-04   -0.198698E-04
 7.78466   -0.197238E-04    0.178367E-04   -0.198030E-04
 7.79216   -0.196717E-04    0.178025E-04   -0.197363E-04
 7.79967   -0.196198E-04    0.177683E-04   -0.196699E-04
 7.80717   -0.195681E-04    0.177343E-04   -0.196036E-04
 7.81467   -0.195165E-04    0.177003E-04   -0.195375E-04
 7.82217   -0.194651E-04    0.176664E-04   -0.194715E-04
 7.82967   -0.194139E-04    0.176326E-04   -0.194058E-04
 7.83718   -0.193628E-04    0.175988E-04   -0.193402E-04
 7.84468   -0.193119E-04    0.175652E-04   -0.192748E-04
 7.85218   -0.192612E-04    0.175316E-04   -0.192096E-04
 7.85968   -0.192107E-04    0.174981E-04   -0.191446E-04
 7.86719   -0.191603E-04    0.174647E-04   -0.190797E-04
 7.87469   -0.191101E-04    0.174314E-04   -0.190151E-04
 7.88219   -0.190600E-04    0.173981E-04   -0.189506E-04
 7.88969   -0.190102E-04    0.173650E-04   -0.188862E-04
 7.89719   -0.189605E-04    0.173319E-04   -0.188221E-04
 7.90470   -0.189109E-04    0.172989E-04   -0.187581E-04
 7.91220   -0.188615E-04    0.172659E-04   -0.186943E-04
 7.91970   -0.188123E-04    0.172331E-04   -0.186307E-04
 7.92720   -0.187633E-04    0.172004E-04   -0.185673E-04
 7.93470   -0.187144E-04    0.171677E-04   -0.185040E-04
 7.94221   -0.186657E-04    0.171351E-04   -0.184409E-04
 7.94971   -0.186172E-04    0.171026E-04   -0.183780E-04
 7.95721   -0.185688E-04    0.170702E-04   -0.183153E-04
 7.96471   -0.185205E-04    0.170378E-04   -0.182527E-04
 7.97221   -0.184725E-04    0.170055E-04   -0.181903E-04
 7.97972   -0.184246E-04    0.169733E-04   -0.181281E-04
 7.98722   -0.183768E-04    0.169412E-04   -0.180660E-04
 7.99472   -0.183293E-04    0.169091E-04   -0.180042E-04
 8.00222   -0.182818E-04    0.168772E-04   -0.179425E-04
 8.00972   -0.182346E-04    0.168453E-04   -0.178809E-04
 8.01723   -0.181875E-04    0.168135E-04   -0.178195E-04
 8.02473   -0.181405E-04    0.167818E-04   -0.177584E-04
 8.03223   -0.180938E-04    0.167501E-04   -0.176973E-04
 8.03973   -0.180471E-04    0.167185E-04   -0.176365E-04
 8.04724   -0.180007E-04    0.166870E-04   -0.175758E-04
 8.05474   -0.179543E-04    0.166556E-04   -0.175153E-04
 8.06224   -0.179082E-04    0.166243E-04   -0.174549E-04
 8.06974   -0.178622E-04    0.165930E-04   -0.173947E-04
 8.07724   -0.178163E-04    0.165618E-04   -0.173347E-04
 8.08475   -0.177706E-04    0.165307E-04   -0.172749E-04
 8.09225   -0.177251E-04    0.164997E-04   -0.172152E-04
 8.09975   -0.176797E-04    0.164687E-04   -0.171557E-04
 8.10725   -0.176345E-04    0.164378E-04   -0.170963E-04
 8.11475   -0.175894E-04    0.164070E-04   -0.170371E-04
 8.12226   -0.175444E-04    0.163763E-04   -0.169781E-04
 8.12976   -0.174996E-04    0.163456E-04   -0.169193E-04
 8.13726   -0.174550E-04    0.163150E-04   -0.168606E-04
 8.14476   -0.174105E-04    0.162845E-04   -0.168021E-04
 8.15226   -0.173662E-04    0.162541E-04   -0.167437E-04
 8.15977   -0.173220E-04    0.162237E-04   -0.166855E-04
 8.16727   -0.172779E-04    0.161934E-04   -0.166275E-04
 8.17477   -0.172340E-04    0.161632E-04   -0.165696E-04
 8.18227   -0.171903E-04    0.161331E-04   -0.165119E-04
 8.18977   -0.171467E-04    0.161030E-04   -0.164543E-04
 8.19728   -0.171032E-04    0.160730E-04   -0.163970E-04
 8.20478   -0.170599E-04    0.160431E-04   -0.163397E-04
 8.21228   -0.170167E-04    0.160132E-04   -0.162827E-04
 8.21978   -0.169737E-04    0.159835E-04   -0.162257E-04
 8.22729   -0.169308E-04    0.159538E-04   -0.161690E-04
 8.23479   -0.168881E-04    0.159241E-04   -0.161124E-04
 8.24229   -0.168455E-04    0.158946E-04   -0.160560E-04
 8.24979   -0.168030E-04    0.158651E-04   -0.159997E-04
 8.25729   -0.167607E-04    0.158357E-04   -0.159436E-04
 8.26480   -0.167185E-04    0.158063E-04   -0.158876E-04
 8.27230   -0.166765E-04    0.157770E-04   -0.158318E-04
 8.27980   -0.166346E-04    0.157478E-04   -0.157762E-04
 8.28730   -0.165928E-04    0.157187E-04   -0.157207E-04
 8.29480   -0.165512E-04    0.156896E-04   -0.156654E-04
 8.30231   -0.165097E-04    0.156606E-04   -0.156102E-04
 8.30981   -0.164684E-04    0.156317E-04   -0.155552E-04
 8.31731   -0.164272E-04    0.156029E-04   -0.155003E-04
 8.32481   -0.163861E-04    0.155741E-04   -0.154456E-04
 8.33231   -0.163452E-04    0.155454E-04   -0.153911E-04
 8.33982   -0.163044E-04    0.155167E-04   -0.153367E-04
 8.34732   -0.162637E-04    0.154882E-04   -0.152824E-04
 8.35482   -0.162232E-04    0.154596E-04   -0.152283E-04
 8.36232   -0.161828E-04    0.154312E-04   -0.151744E-04
 8.36982   -0.161425E-04    0.154028E-04   -0.151206E-04
 8.37733   -0.161024E-04    0.153745E-04   -0.150669E-04
 8.38483   -0.160624E-04    0.153463E-04   -0.150134E-04
 8.39233   -0.160225E-04    0.153181E-04   -0.149601E-04
 8.39983   -0.159828E-04    0.152900E-04   -0.149069E-04
 8.40734   -0.159432E-04    0.152620E-04   -0.148539E-04
 8.41484   -0.159037E-04    0.152340E-04   -0.148010E-04
 8.42234   -0.158643E-04    0.152061E-04   -0.147483E-04
 8.42984   -0.158251E-04    0.151783E-04   -0.146957E-04
 8.43734   -0.157860E-04    0.151506E-04   -0.146432E-04
 8.44485   -0.157471E-04    0.151229E-04   -0.145909E-04
 8.45235   -0.157082E-04    0.150952E-04   -0.145388E-04
 8.45985   -0.156695E-04    0.150677E-04   -0.144868E-04
 8.46735   -0.156310E-04    0.150402E-04   -0.144349E-04
 8.47485   -0.155925E-04    0.150127E-04   -0.143832E-04
 8.48236   -0.155542E-04    0.149854E-04   -0.143317E-04
 8.48986   -0.155160E-04    0.149581E-04   -0.142803E-04
 8.49736   -0.154779E-04    0.149308E-04   -0.142290E-04
 8.50486   -0.154399E-04    0.149036E-04   -0.141779E-04
 8.51236   -0.154021E-04    0.148765E-04   -0.141269E-04
 8.51987   -0.153644E-04    0.148495E-04   -0.140761E-04
 8.52737   -0.153268E-04    0.148225E-04   -0.140254E-04
 8.53487   -0.152894E-04    0.147956E-04   -0.139748E-04
 8.54237   -0.152520E-04    0.147688E-04   -0.139244E-04
 8.54987   -0.152148E-04    0.147420E-04   -0.138742E-04
 8.55738   -0.151777E-04    0.147152E-04   -0.138240E-04
 8.56488   -0.151407E-04    0.146886E-04   -0.137741E-04
 8.57238   -0.151039E-04    0.146620E-04   -0.137242E-04
 8.57988   -0.150671E-04    0.146355E-04   -0.136746E-04
 8.58739   -0.150305E-04    0.146090E-04   -0.136250E-04
 8.59489   -0.149940E-04    0.145826E-04   -0.135756E-04
 8.60239   -0.149576E-04    0.145562E-04   -0.135263E-04
 8.60989   -0.149214E-04    0.145299E-04   -0.134772E-04
 8.61739   -0.148852E-04    0.145037E-04   -0.134282E-04
 8.62490   -0.148492E-04    0.144776E-04   -0.133794E-04
 8.63240   -0.148133E-04    0.144515E-04   -0.133307E-04
 8.63990   -0.147775E-04    0.144254E-04   -0.132821E-04
 8.64740   -0.147418E-04    0.143995E-04   -0.132336E-04
 8.65490   -0.147063E-04    0.143735E-04   -0.131854E-04
 8.66241   -0.146708E-04    0.143477E-04   -0.131372E-04
 8.66991   -0.146355E-04    0.143219E-04   -0.130892E-04
 8.67741   -0.146003E-04    0.142962E-04   -0.130413E-04
 8.68491   -0.145652E-04    0.142705E-04   -0.129935E-04
 8.69241   -0.145302E-04    0.142449E-04   -0.129459E-04
 8.69992   -0.144953E-04    0.142193E-04   -0.128985E-04
 8.70742   -0.144605E-04    0.141939E-04   -0.128511E-04
 8.71492   -0.144259E-04    0.141684E-04   -0.128039E-04
 8.72242   -0.143913E-04    0.141431E-04   -0.127569E-04
 8.72992   -0.143569E-04    0.141178E-04   -0.127099E-04
 8.73743   -0.143226E-04    0.140925E-04   -0.126631E-04
 8.74493   -0.142884E-04    0.140673E-04   -0.126164E-04
 8.75243   -0.142542E-04    0.140422E-04   -0.125699E-04
 8.75993   -0.142203E-04    0.140171E-04   -0.125235E-04
 8.76744   -0.141864E-04    0.139921E-04   -0.124772E-04
 8.77494   -0.141526E-04    0.139671E-04   -0.124311E-04
 8.78244   -0.141189E-04    0.139422E-04   -0.123851E-04
 8.78994   -0.140854E-04    0.139174E-04   -0.123392E-04
 8.79744   -0.140519E-04    0.138926E-04   -0.122935E-04
 8.80495   -0.140186E-04    0.138679E-04   -0.122479E-04
 8.81245   -0.139853E-04    0.138432E-04   -0.122024E-04
 8.81995   -0.139522E-04    0.138186E-04   -0.121571E-04
 8.82745   -0.139192E-04    0.137941E-04   -0.121118E-04
 8.83495   -0.138863E-04    0.137696E-04   -0.120667E-04
 8.84246   -0.138535E-04    0.137452E-04   -0.120218E-04
 8.84996   -0.138207E-04    0.137208E-04   -0.119770E-04
 8.85746   -0.137881E-04    0.136965E-04   -0.119323E-04
 8.86496   -0.137556E-04    0.136722E-04   -0.118877E-04
 8.87246   -0.137232E-04    0.136480E-04   -0.118432E-04
 8.87997   -0.136909E-04    0.136238E-04   -0.117989E-04
 8.88747   -0.136588E-04    0.135997E-04   -0.117547E-04
 8.89497   -0.136267E-04    0.135757E-04   -0.117107E-04
 8.90247   -0.135947E-04    0.135517E-04   -0.116667E-04
 8.90997   -0.135628E-04    0.135278E-04   -0.116229E-04
 8.91748   -0.135310E-04    0.135039E-04   -0.115792E-04
 8.92498   -0.134993E-04    0.134801E-04   -0.115357E-04
 8.93248   -0.134677E-04    0.134563E-04   -0.114922E-04
 8.93998   -0.134363E-04    0.134326E-04   -0.114489E-04
 8.94749   -0.134049E-04    0.134090E-04   -0.114057E-04
 8.95499   -0.133736E-04    0.133854E-04   -0.113627E-04
 8.96249   -0.133424E-04    0.133618E-04   -0.113197E-04
 8.96999   -0.133113E-04    0.133383E-04   -0.112769E-04
 8.97749   -0.132803E-04    0.133149E-04   -0.112342E-04
 8.98500   -0.132494E-04    0.132915E-04   -0.111917E-04
 8.99250   -0.132186E-04    0.132682E-04   -0.111492E-04
 9.00000   -0.131879E-04    0.132449E-04   -0.111069E-04
