 0.00500    0.139398E-01   -0.714433E-02    0.548635E-02
 0.02303    0.111936E-01   -0.577114E-02    0.445608E-02
 0.04105    0.961950E-02   -0.498367E-02    0.386485E-02
 0.05908    0.848860E-02   -0.441769E-02    0.343948E-02
 0.07710    0.760731E-02   -0.397639E-02    0.310739E-02
 0.09513    0.688931E-02   -0.361663E-02    0.283631E-02
 0.11316    0.628744E-02   -0.331484E-02    0.260857E-02
 0.13118    0.577276E-02   -0.305657E-02    0.241334E-02
 0.14921    0.532606E-02   -0.283222E-02    0.224344E-02
 0.16723    0.493382E-02   -0.263504E-02    0.209383E-02
 0.18526    0.458620E-02   -0.246012E-02    0.196084E-02
 0.20329    0.427575E-02   -0.230374E-02    0.184169E-02
 0.22131    0.399672E-02   -0.216303E-02    0.173424E-02
 0.23934    0.374456E-02   -0.203572E-02    0.163679E-02
 0.25736    0.351559E-02   -0.191997E-02    0.154798E-02
 0.27539    0.330679E-02   -0.181429E-02    0.146668E-02
 0.29342    0.311570E-02   -0.171744E-02    0.139198E-02
 0.31144    0.294024E-02   -0.162839E-02    0.132310E-02
 0.32947    0.277864E-02   -0.154625E-02    0.125939E-02
 0.34749    0.262940E-02   -0.147028E-02    0.120030E-02
 0.36552    0.249123E-02   -0.139983E-02    0.114534E-02
 0.38355    0.236303E-02   -0.133435E-02    0.109411E-02
 0.40157    0.224381E-02   -0.127337E-02    0.104624E-02
 0.41960    0.213275E-02   -0.121645E-02    0.100142E-02
 0.43763    0.202907E-02   -0.116322E-02    0.959371E-03
 0.45565    0.193214E-02   -0.111337E-02    0.919857E-03
 0.47368    0.184137E-02   -0.106659E-02    0.882658E-03
 0.49170    0.175623E-02   -0.102263E-02    0.847581E-03
 0.50973    0.167627E-02   -0.981256E-03    0.814455E-03
 0.52776    0.160107E-02   -0.942265E-03    0.783127E-03
 0.54578    0.153025E-02   -0.905469E-03    0.753459E-03
 0.56381    0.146348E-02   -0.870702E-03    0.725325E-03
 0.58183    0.140046E-02   -0.837811E-03    0.698615E-03
 0.59986    0.134090E-02   -0.806661E-03    0.673226E-03
 0.61789    0.128458E-02   -0.777128E-03    0.649067E-03
 0.63591    0.123124E-02   -0.749098E-03    0.626054E-03
 0.65394    0.118070E-02   -0.722469E-03    0.604109E-03
 0.67196    0.113275E-02   -0.697147E-03    0.583163E-03
 0.68999    0.108723E-02   -0.673045E-03    0.563153E-03
 0.70802    0.104398E-02   -0.650085E-03    0.544019E-03
 0.72604    0.100285E-02   -0.628195E-03    0.525708E-03
 0.74407    0.963711E-03   -0.607308E-03    0.508170E-03
 0.76209    0.926440E-03   -0.587363E-03    0.491360E-03
 0.78012    0.890921E-03   -0.568303E-03    0.475236E-03
 0.79815    0.857051E-03   -0.550077E-03    0.459759E-03
 0.81617    0.824733E-03   -0.532636E-03    0.444893E-03
 0.83420    0.793878E-03   -0.515936E-03    0.430604E-03
 0.85222    0.764400E-03   -0.499935E-03    0.416862E-03
 0.87025    0.736224E-03   -0.484593E-03    0.403638E-03
 0.88828    0.709277E-03   -0.469876E-03    0.390905E-03
 0.90630    0.683493E-03   -0.455750E-03    0.378637E-03
 0.92433    0.658808E-03   -0.442185E-03    0.366813E-03
 0.94235    0.635165E-03   -0.429150E-03    0.355409E-03
 0.96038    0.612509E-03   -0.416619E-03    0.344406E-03
 0.97841    0.590790E-03   -0.404567E-03    0.333785E-03
 0.99643    0.569960E-03   -0.392970E-03    0.323528E-03
 1.01446    0.549975E-03   -0.381805E-03    0.313618E-03
 1.03248    0.530791E-03   -0.371052E-03    0.304039E-03
 1.05051    0.512371E-03   -0.360691E-03    0.294777E-03
 1.06854    0.494676E-03   -0.350703E-03    0.285817E-03
 1.08656    0.477674E-03   -0.341072E-03    0.277147E-03
 1.10459    0.461331E-03   -0.331780E-03    0.268754E-03
 1.12262    0.445615E-03   -0.322813E-03    0.260626E-03
 1.14064    0.430499E-03   -0.314156E-03    0.252753E-03
 1.15867    0.415954E-03   -0.305795E-03    0.245125E-03
 1.17669    0.401956E-03   -0.297718E-03    0.237730E-03
 1.19472    0.388479E-03   -0.289911E-03    0.230561E-03
 1.21275    0.375501E-03   -0.282364E-03    0.223608E-03
 1.23077    0.363000E-03   -0.275066E-03    0.216863E-03
 1.24880    0.350954E-03   -0.268007E-03    0.210317E-03
 1.26682    0.339345E-03   -0.261175E-03    0.203964E-03
 1.28485    0.328154E-03   -0.254563E-03    0.197796E-03
 1.30288    0.317363E-03   -0.248161E-03    0.191806E-03
 1.32090    0.306955E-03   -0.241960E-03    0.185988E-03
 1.33893    0.296916E-03   -0.235954E-03    0.180336E-03
 1.35695    0.287229E-03   -0.230133E-03    0.174844E-03
 1.37498    0.277881E-03   -0.224492E-03    0.169506E-03
 1.39301    0.268858E-03   -0.219024E-03    0.164317E-03
 1.41103    0.260147E-03   -0.213721E-03    0.159272E-03
 1.42906    0.251736E-03   -0.208577E-03    0.154365E-03
 1.44708    0.243613E-03   -0.203587E-03    0.149594E-03
 1.46511    0.235767E-03   -0.198745E-03    0.144952E-03
 1.48314    0.228188E-03   -0.194046E-03    0.140436E-03
 1.50116    0.220865E-03   -0.189485E-03    0.136042E-03
 1.51919    0.213790E-03   -0.185057E-03    0.131765E-03
 1.53721    0.206952E-03   -0.180756E-03    0.127603E-03
 1.55524    0.200344E-03   -0.176580E-03    0.123552E-03
 1.57327    0.193957E-03   -0.172523E-03    0.119608E-03
 1.59129    0.187783E-03   -0.168581E-03    0.115769E-03
 1.60932    0.181815E-03   -0.164752E-03    0.112031E-03
 1.62734    0.176047E-03   -0.161031E-03    0.108391E-03
 1.64537    0.170470E-03   -0.157415E-03    0.104846E-03
 1.66340    0.165079E-03   -0.153900E-03    0.101395E-03
 1.68142    0.159869E-03   -0.150484E-03    0.980336E-04
 1.69945    0.154832E-03   -0.147163E-03    0.947604E-04
 1.71747    0.149964E-03   -0.143936E-03    0.915729E-04
 1.73550    0.145260E-03   -0.140798E-03    0.884688E-04
 1.75353    0.140715E-03   -0.137748E-03    0.854463E-04
 1.77155    0.136324E-03   -0.134784E-03    0.825031E-04
 1.78958    0.132083E-03   -0.131902E-03    0.796375E-04
 1.80761    0.127988E-03   -0.129102E-03    0.768480E-04
 1.82563    0.124036E-03   -0.126381E-03    0.741321E-04
 1.84366    0.120222E-03   -0.123737E-03    0.714890E-04
 1.86168    0.116544E-03   -0.121168E-03    0.689170E-04
 1.87971    0.112998E-03   -0.118673E-03    0.664145E-04
 1.89774    0.109582E-03   -0.116251E-03    0.639803E-04
 1.91576    0.106292E-03   -0.113900E-03    0.616129E-04
 1.93379    0.103127E-03   -0.111617E-03    0.593113E-04
 1.95181    0.100083E-03   -0.109404E-03    0.570741E-04
 1.96984    0.971581E-04   -0.107257E-03    0.549002E-04
 1.98787    0.943506E-04   -0.105175E-03    0.527885E-04
 2.00589    0.916577E-04   -0.103158E-03    0.507379E-04
 2.02392    0.890775E-04   -0.101205E-03    0.487471E-04
 2.04194    0.866077E-04   -0.993129E-04    0.468155E-04
 2.05997    0.842459E-04   -0.974821E-04    0.449415E-04
 2.07800    0.819900E-04   -0.957110E-04    0.431242E-04
 2.09602    0.798376E-04   -0.939983E-04    0.413624E-04
 2.11405    0.777862E-04   -0.923426E-04    0.396549E-04
 2.13207    0.758332E-04   -0.907425E-04    0.380021E-04
 2.15010    0.739760E-04   -0.891968E-04    0.363975E-04
 2.16813    0.722112E-04   -0.877034E-04    0.348450E-04
 2.18615    0.705358E-04   -0.862609E-04    0.333413E-04
 2.20418    0.689462E-04   -0.848673E-04    0.318847E-04
 2.22220    0.674387E-04   -0.835208E-04    0.304737E-04
 2.24023    0.660091E-04   -0.822192E-04    0.291062E-04
 2.25826    0.646531E-04   -0.809604E-04    0.277805E-04
 2.27628    0.633660E-04   -0.797412E-04    0.264945E-04
 2.29431    0.621427E-04   -0.785597E-04    0.252460E-04
 2.31233    0.609780E-04   -0.774131E-04    0.240329E-04
 2.33036    0.598659E-04   -0.762983E-04    0.228525E-04
 2.34839    0.588011E-04   -0.752124E-04    0.217025E-04
 2.36641    0.577772E-04   -0.741521E-04    0.205804E-04
 2.38444    0.567875E-04   -0.731140E-04    0.194835E-04
 2.40246    0.558258E-04   -0.720949E-04    0.184087E-04
 2.42049    0.548853E-04   -0.710914E-04    0.173536E-04
 2.43852    0.539591E-04   -0.700999E-04    0.163152E-04
 2.45654    0.530405E-04   -0.691171E-04    0.152907E-04
 2.47457    0.521224E-04   -0.681391E-04    0.142774E-04
 2.49260    0.511984E-04   -0.671627E-04    0.132724E-04
 2.51062    0.502617E-04   -0.661844E-04    0.122730E-04
 2.52865    0.493060E-04   -0.652011E-04    0.112767E-04
 2.54667    0.483252E-04   -0.642096E-04    0.102808E-04
 2.56470    0.473134E-04   -0.632069E-04    0.928299E-05
 2.58273    0.462653E-04   -0.621903E-04    0.828098E-05
 2.60075    0.451759E-04   -0.611572E-04    0.727287E-05
 2.61878    0.440407E-04   -0.601051E-04    0.625668E-05
 2.63680    0.428559E-04   -0.590324E-04    0.523080E-05
 2.65483    0.416182E-04   -0.579371E-04    0.419387E-05
 2.67286    0.403249E-04   -0.568180E-04    0.314468E-05
 2.69088    0.389739E-04   -0.556740E-04    0.208233E-05
 2.70891    0.375638E-04   -0.545043E-04    0.100616E-05
 2.72693    0.360941E-04   -0.533085E-04   -0.840785E-07
 2.74496    0.345646E-04   -0.520866E-04   -0.118865E-05
 2.76299    0.329759E-04   -0.508389E-04   -0.230738E-05
 2.78101    0.313294E-04   -0.495660E-04   -0.343989E-05
 2.79904    0.296269E-04   -0.482689E-04   -0.458548E-05
 2.81706    0.278710E-04   -0.469488E-04   -0.574326E-05
 2.83509    0.260648E-04   -0.456072E-04   -0.691217E-05
 2.85312    0.242116E-04   -0.442459E-04   -0.809088E-05
 2.87114    0.223157E-04   -0.428668E-04   -0.927795E-05
 2.88917    0.203814E-04   -0.414722E-04   -0.104718E-04
 2.90719    0.184135E-04   -0.400645E-04   -0.116705E-04
 2.92522    0.164171E-04   -0.386463E-04   -0.128724E-04
 2.94325    0.143974E-04   -0.372202E-04   -0.140752E-04
 2.96127    0.123603E-04   -0.357890E-04   -0.152771E-04
 2.97930    0.103110E-04   -0.343555E-04   -0.164758E-04
 2.99732    0.825529E-05   -0.329225E-04   -0.176693E-04
 3.01535    0.619883E-05   -0.314929E-04   -0.188555E-04
 3.03338    0.414715E-05   -0.300694E-04   -0.200322E-04
 3.05140    0.210571E-05   -0.286548E-04   -0.211974E-04
 3.06943    0.799411E-07   -0.272519E-04   -0.223491E-04
 3.08745   -0.192504E-05   -0.258630E-04   -0.234854E-04
 3.10548   -0.390439E-05   -0.244909E-04   -0.246043E-04
 3.12351   -0.585344E-05   -0.231377E-04   -0.257043E-04
 3.14153   -0.776795E-05   -0.218056E-04   -0.267837E-04
 3.15956   -0.964386E-05   -0.204967E-04   -0.278408E-04
 3.17759   -0.114775E-04   -0.192126E-04   -0.288745E-04
 3.19561   -0.132655E-04   -0.179552E-04   -0.298834E-04
 3.21364   -0.150051E-04   -0.167260E-04   -0.308664E-04
 3.23166   -0.166934E-04   -0.155261E-04   -0.318227E-04
 3.24969   -0.183284E-04   -0.143568E-04   -0.327513E-04
 3.26772   -0.199080E-04   -0.132189E-04   -0.336516E-04
 3.28574   -0.214309E-04   -0.121134E-04   -0.345231E-04
 3.30377   -0.228956E-04   -0.110407E-04   -0.353652E-04
 3.32179   -0.243014E-04   -0.100013E-04   -0.361777E-04
 3.33982   -0.256476E-04   -0.899549E-05   -0.369605E-04
 3.35785   -0.269340E-04   -0.802339E-05   -0.377133E-04
 3.37587   -0.281605E-04   -0.708503E-05   -0.384364E-04
 3.39390   -0.293274E-04   -0.618024E-05   -0.391298E-04
 3.41192   -0.304350E-04   -0.530880E-05   -0.397938E-04
 3.42995   -0.314841E-04   -0.447035E-05   -0.404287E-04
 3.44798   -0.324756E-04   -0.366448E-05   -0.410348E-04
 3.46600   -0.334103E-04   -0.289067E-05   -0.416126E-04
 3.48403   -0.342894E-04   -0.214831E-05   -0.421625E-04
 3.50205   -0.351143E-04   -0.143672E-05   -0.426852E-04
 3.52008   -0.358864E-04   -0.755178E-06   -0.431810E-04
 3.53811   -0.366071E-04   -0.102914E-06   -0.436510E-04
 3.55613   -0.372780E-04    0.520909E-06   -0.440956E-04
 3.57416   -0.379009E-04    0.111710E-05   -0.445155E-04
 3.59218   -0.384772E-04    0.168652E-05   -0.449113E-04
 3.61021   -0.390087E-04    0.223007E-05   -0.452839E-04
 3.62824   -0.394971E-04    0.274863E-05   -0.456340E-04
 3.64626   -0.399442E-04    0.324307E-05   -0.459624E-04
 3.66429   -0.403517E-04    0.371429E-05   -0.462696E-04
 3.68231   -0.407212E-04    0.416325E-05   -0.465565E-04
 3.70034   -0.410546E-04    0.459074E-05   -0.468238E-04
 3.71837   -0.413535E-04    0.499765E-05   -0.470722E-04
 3.73639   -0.416195E-04    0.538482E-05   -0.473022E-04
 3.75442   -0.418542E-04    0.575317E-05   -0.475150E-04
 3.77244   -0.420592E-04    0.610347E-05   -0.477108E-04
 3.79047   -0.422359E-04    0.643647E-05   -0.478906E-04
 3.80850   -0.423860E-04    0.675296E-05   -0.480546E-04
 3.82652   -0.425108E-04    0.705370E-05   -0.482036E-04
 3.84455   -0.426115E-04    0.733793E-05   -0.483387E-04
 3.86258   -0.426897E-04    0.761073E-05   -0.484599E-04
 3.88060   -0.427465E-04    0.786838E-05   -0.485676E-04
 3.89863   -0.427832E-04    0.811307E-05   -0.486629E-04
 3.91665   -0.428009E-04    0.834528E-05   -0.487462E-04
 3.93468   -0.428008E-04    0.856563E-05   -0.488178E-04
 3.95271   -0.427838E-04    0.877466E-05   -0.488784E-04
 3.97073   -0.427511E-04    0.897303E-05   -0.489281E-04
 3.98876   -0.427035E-04    0.916101E-05   -0.489677E-04
 4.00678   -0.426420E-04    0.933939E-05   -0.489975E-04
 4.02481   -0.425674E-04    0.950852E-05   -0.490180E-04
 4.04284   -0.424807E-04    0.966883E-05   -0.490294E-04
 4.06086   -0.423825E-04    0.982071E-05   -0.490322E-04
 4.07889   -0.422736E-04    0.996461E-05   -0.490267E-04
 4.09691   -0.421546E-04    0.101009E-04   -0.490133E-04
 4.11494   -0.420262E-04    0.102299E-04   -0.489923E-04
 4.13297   -0.418892E-04    0.103521E-04   -0.489640E-04
 4.15099   -0.417441E-04    0.104676E-04   -0.489286E-04
 4.16902   -0.415913E-04    0.105768E-04   -0.488867E-04
 4.18704   -0.414315E-04    0.106801E-04   -0.488383E-04
 4.20507   -0.412652E-04    0.107777E-04   -0.487838E-04
 4.22310   -0.410927E-04    0.108698E-04   -0.487234E-04
 4.24112   -0.409146E-04    0.109568E-04   -0.486572E-04
 4.25915   -0.407313E-04    0.110388E-04   -0.485857E-04
 4.27717   -0.405432E-04    0.111161E-04   -0.485088E-04
 4.29520   -0.403505E-04    0.111888E-04   -0.484271E-04
 4.31323   -0.401538E-04    0.112573E-04   -0.483405E-04
 4.33125   -0.399533E-04    0.113216E-04   -0.482493E-04
 4.34928   -0.397493E-04    0.113821E-04   -0.481537E-04
 4.36730   -0.395421E-04    0.114387E-04   -0.480537E-04
 4.38533   -0.393321E-04    0.114918E-04   -0.479498E-04
 4.40336   -0.391194E-04    0.115415E-04   -0.478420E-04
 4.42138   -0.389043E-04    0.115879E-04   -0.477303E-04
 4.43941   -0.386871E-04    0.116311E-04   -0.476151E-04
 4.45743   -0.384679E-04    0.116713E-04   -0.474963E-04
 4.47546   -0.382469E-04    0.117087E-04   -0.473742E-04
 4.49349   -0.380245E-04    0.117433E-04   -0.472489E-04
 4.51151   -0.378007E-04    0.117753E-04   -0.471206E-04
 4.52954   -0.375756E-04    0.118048E-04   -0.469894E-04
 4.54757   -0.373497E-04    0.118319E-04   -0.468554E-04
 4.56559   -0.371228E-04    0.118566E-04   -0.467188E-04
 4.58362   -0.368952E-04    0.118792E-04   -0.465795E-04
 4.60164   -0.366671E-04    0.118996E-04   -0.464379E-04
 4.61967   -0.364386E-04    0.119181E-04   -0.462939E-04
 4.63770   -0.362097E-04    0.119346E-04   -0.461476E-04
 4.65572   -0.359806E-04    0.119492E-04   -0.459993E-04
 4.67375   -0.357515E-04    0.119621E-04   -0.458488E-04
 4.69177   -0.355224E-04    0.119732E-04   -0.456965E-04
 4.70980   -0.352934E-04    0.119827E-04   -0.455423E-04
 4.72783   -0.350646E-04    0.119907E-04   -0.453863E-04
 4.74585   -0.348361E-04    0.119971E-04   -0.452287E-04
 4.76388   -0.346080E-04    0.120021E-04   -0.450694E-04
 4.78190   -0.343805E-04    0.120057E-04   -0.449086E-04
 4.79993   -0.341534E-04    0.120080E-04   -0.447463E-04
 4.81796   -0.339270E-04    0.120091E-04   -0.445827E-04
 4.83598   -0.337013E-04    0.120090E-04   -0.444177E-04
 4.85401   -0.334763E-04    0.120078E-04   -0.442514E-04
 4.87203   -0.332521E-04    0.120054E-04   -0.440840E-04
 4.89006   -0.330288E-04    0.120020E-04   -0.439154E-04
 4.90809   -0.328065E-04    0.119976E-04   -0.437457E-04
 4.92611   -0.325851E-04    0.119923E-04   -0.435750E-04
 4.94414   -0.323649E-04    0.119860E-04   -0.434032E-04
 4.96216   -0.321456E-04    0.119789E-04   -0.432306E-04
 4.98019   -0.319275E-04    0.119709E-04   -0.430569E-04
 4.99822   -0.317105E-04    0.119621E-04   -0.428824E-04
 5.01624   -0.314948E-04    0.119526E-04   -0.427071E-04
 5.03427   -0.312802E-04    0.119424E-04   -0.425309E-04
 5.05229   -0.310670E-04    0.119315E-04   -0.423540E-04
 5.07032   -0.308550E-04    0.119199E-04   -0.421765E-04
 5.08835   -0.306444E-04    0.119077E-04   -0.419982E-04
 5.10637   -0.304351E-04    0.118949E-04   -0.418194E-04
 5.12440   -0.302272E-04    0.118815E-04   -0.416400E-04
 5.14242   -0.300206E-04    0.118676E-04   -0.414601E-04
 5.16045   -0.298155E-04    0.118532E-04   -0.412797E-04
 5.17848   -0.296118E-04    0.118383E-04   -0.410988E-04
 5.19650   -0.294096E-04    0.118229E-04   -0.409177E-04
 5.21453   -0.292089E-04    0.118071E-04   -0.407361E-04
 5.23256   -0.290095E-04    0.117908E-04   -0.405541E-04
 5.25058   -0.288117E-04    0.117741E-04   -0.403719E-04
 5.26861   -0.286153E-04    0.117571E-04   -0.401894E-04
 5.28663   -0.284204E-04    0.117396E-04   -0.400067E-04
 5.30466   -0.282269E-04    0.117218E-04   -0.398238E-04
 5.32269   -0.280350E-04    0.117036E-04   -0.396407E-04
 5.34071   -0.278445E-04    0.116851E-04   -0.394574E-04
 5.35874   -0.276554E-04    0.116663E-04   -0.392741E-04
 5.37676   -0.274678E-04    0.116471E-04   -0.390906E-04
 5.39479   -0.272816E-04    0.116277E-04   -0.389071E-04
 5.41282   -0.270969E-04    0.116079E-04   -0.387235E-04
 5.43084   -0.269137E-04    0.115878E-04   -0.385399E-04
 5.44887   -0.267317E-04    0.115674E-04   -0.383562E-04
 5.46689   -0.265512E-04    0.115467E-04   -0.381725E-04
 5.48492   -0.263721E-04    0.115257E-04   -0.379889E-04
 5.50295   -0.261944E-04    0.115045E-04   -0.378053E-04
 5.52097   -0.260179E-04    0.114830E-04   -0.376217E-04
 5.53900   -0.258428E-04    0.114612E-04   -0.374381E-04
 5.55702   -0.256690E-04    0.114391E-04   -0.372546E-04
 5.57505   -0.254964E-04    0.114168E-04   -0.370712E-04
 5.59308   -0.253251E-04    0.113941E-04   -0.368878E-04
 5.61110   -0.251550E-04    0.113712E-04   -0.367045E-04
 5.62913   -0.249862E-04    0.113480E-04   -0.365214E-04
 5.64715   -0.248185E-04    0.113246E-04   -0.363384E-04
 5.66518   -0.246520E-04    0.113009E-04   -0.361554E-04
 5.68321   -0.244866E-04    0.112768E-04   -0.359727E-04
 5.70123   -0.243223E-04    0.112526E-04   -0.357900E-04
 5.71926   -0.241592E-04    0.112280E-04   -0.356075E-04
 5.73728   -0.239971E-04    0.112032E-04   -0.354251E-04
 5.75531   -0.238361E-04    0.111780E-04   -0.352430E-04
 5.77334   -0.236761E-04    0.111527E-04   -0.350610E-04
 5.79136   -0.235171E-04    0.111270E-04   -0.348792E-04
 5.80939   -0.233591E-04    0.111011E-04   -0.346976E-04
 5.82741   -0.232021E-04    0.110748E-04   -0.345162E-04
 5.84544   -0.230461E-04    0.110483E-04   -0.343350E-04
 5.86347   -0.228910E-04    0.110216E-04   -0.341540E-04
 5.88149   -0.227369E-04    0.109945E-04   -0.339733E-04
 5.89952   -0.225837E-04    0.109672E-04   -0.337928E-04
 5.91755   -0.224314E-04    0.109397E-04   -0.336125E-04
 5.93557   -0.222800E-04    0.109118E-04   -0.334326E-04
 5.95360   -0.221295E-04    0.108838E-04   -0.332528E-04
 5.97162   -0.219799E-04    0.108554E-04   -0.330734E-04
 5.98965   -0.218311E-04    0.108269E-04   -0.328943E-04
 6.00768   -0.216833E-04    0.107981E-04   -0.327154E-04
 6.02570   -0.215363E-04    0.107690E-04   -0.325369E-04
 6.04373   -0.213901E-04    0.107397E-04   -0.323586E-04
 6.06175   -0.212448E-04    0.107102E-04   -0.321807E-04
 6.07978   -0.211004E-04    0.106805E-04   -0.320031E-04
 6.09781   -0.209568E-04    0.106506E-04   -0.318259E-04
 6.11583   -0.208141E-04    0.106205E-04   -0.316491E-04
 6.13386   -0.206722E-04    0.105902E-04   -0.314726E-04
 6.15188   -0.205311E-04    0.105597E-04   -0.312965E-04
 6.16991   -0.203909E-04    0.105290E-04   -0.311207E-04
 6.18794   -0.202516E-04    0.104982E-04   -0.309454E-04
 6.20596   -0.201131E-04    0.104672E-04   -0.307706E-04
 6.22399   -0.199754E-04    0.104360E-04   -0.305961E-04
 6.24201   -0.198387E-04    0.104047E-04   -0.304221E-04
 6.26004   -0.197027E-04    0.103732E-04   -0.302485E-04
 6.27807   -0.195677E-04    0.103416E-04   -0.300754E-04
 6.29609   -0.194335E-04    0.103099E-04   -0.299028E-04
 6.31412   -0.193002E-04    0.102782E-04   -0.297306E-04
 6.33214   -0.191677E-04    0.102463E-04   -0.295589E-04
 6.35017   -0.190362E-04    0.102143E-04   -0.293877E-04
 6.36820   -0.189055E-04    0.101822E-04   -0.292170E-04
 6.38622   -0.187757E-04    0.101501E-04   -0.290469E-04
 6.40425   -0.186468E-04    0.101179E-04   -0.288772E-04
 6.42227   -0.185187E-04    0.100856E-04   -0.287081E-04
 6.44030   -0.183916E-04    0.100533E-04   -0.285396E-04
 6.45833   -0.182653E-04    0.100210E-04   -0.283716E-04
 6.47635   -0.181400E-04    0.998859E-05   -0.282042E-04
 6.49438   -0.180155E-04    0.995616E-05   -0.280373E-04
 6.51240   -0.178919E-04    0.992372E-05   -0.278710E-04
 6.53043   -0.177692E-04    0.989128E-05   -0.277052E-04
 6.54846   -0.176475E-04    0.985881E-05   -0.275401E-04
 6.56648   -0.175266E-04    0.982634E-05   -0.273756E-04
 6.58451   -0.174066E-04    0.979389E-05   -0.272117E-04
 6.60254   -0.172875E-04    0.976144E-05   -0.270483E-04
 6.62056   -0.171693E-04    0.972902E-05   -0.268856E-04
 6.63859   -0.170521E-04    0.969660E-05   -0.267235E-04
 6.65661   -0.169357E-04    0.966423E-05   -0.265620E-04
 6.67464   -0.168201E-04    0.963186E-05   -0.264012E-04
 6.69267   -0.167055E-04    0.959951E-05   -0.262410E-04
 6.71069   -0.165919E-04    0.956723E-05   -0.260814E-04
 6.72872   -0.164790E-04    0.953500E-05   -0.259225E-04
 6.74674   -0.163671E-04    0.950282E-05   -0.257642E-04
 6.76477   -0.162560E-04    0.947067E-05   -0.256066E-04
 6.78280   -0.161459E-04    0.943857E-05   -0.254497E-04
 6.80082   -0.160366E-04    0.940654E-05   -0.252934E-04
 6.81885   -0.159282E-04    0.937456E-05   -0.251377E-04
 6.83687   -0.158206E-04    0.934265E-05   -0.249828E-04
 6.85490   -0.157140E-04    0.931081E-05   -0.248285E-04
 6.87293   -0.156082E-04    0.927902E-05   -0.246748E-04
 6.89095   -0.155032E-04    0.924732E-05   -0.245219E-04
 6.90898   -0.153991E-04    0.921567E-05   -0.243696E-04
 6.92700   -0.152959E-04    0.918413E-05   -0.242180E-04
 6.94503   -0.151935E-04    0.915267E-05   -0.240671E-04
 6.96306   -0.150920E-04    0.912130E-05   -0.239168E-04
 6.98108   -0.149913E-04    0.909002E-05   -0.237673E-04
 6.99911   -0.148914E-04    0.905882E-05   -0.236184E-04
 7.01713   -0.147924E-04    0.902771E-05   -0.234702E-04
 7.03516   -0.146942E-04    0.899670E-05   -0.233227E-04
 7.05319   -0.145968E-04    0.896577E-05   -0.231759E-04
 7.07121   -0.145003E-04    0.893495E-05   -0.230298E-04
 7.08924   -0.144045E-04    0.890422E-05   -0.228844E-04
 7.10726   -0.143095E-04    0.887358E-05   -0.227396E-04
 7.12529   -0.142154E-04    0.884305E-05   -0.225956E-04
 7.14332   -0.141220E-04    0.881262E-05   -0.224522E-04
 7.16134   -0.140294E-04    0.878229E-05   -0.223096E-04
 7.17937   -0.139376E-04    0.875206E-05   -0.221676E-04
 7.19739   -0.138466E-04    0.872196E-05   -0.220263E-04
 7.21542   -0.137564E-04    0.869196E-05   -0.218858E-04
 7.23345   -0.136669E-04    0.866203E-05   -0.217459E-04
 7.25147   -0.135781E-04    0.863221E-05   -0.216067E-04
 7.26950   -0.134902E-04    0.860250E-05   -0.214682E-04
 7.28753   -0.134029E-04    0.857289E-05   -0.213304E-04
 7.30555   -0.133164E-04    0.854339E-05   -0.211932E-04
 7.32358   -0.132307E-04    0.851400E-05   -0.210568E-04
 7.34160   -0.131456E-04    0.848470E-05   -0.209210E-04
 7.35963   -0.130613E-04    0.845552E-05   -0.207860E-04
 7.37766   -0.129777E-04    0.842643E-05   -0.206516E-04
 7.39568   -0.128948E-04    0.839746E-05   -0.205179E-04
 7.41371   -0.128126E-04    0.836860E-05   -0.203849E-04
 7.43173   -0.127311E-04    0.833986E-05   -0.202526E-04
 7.44976   -0.126503E-04    0.831119E-05   -0.201209E-04
 7.46779   -0.125701E-04    0.828264E-05   -0.199900E-04
 7.48581   -0.124906E-04    0.825420E-05   -0.198597E-04
 7.50384   -0.124118E-04    0.822587E-05   -0.197301E-04
 7.52186   -0.123337E-04    0.819765E-05   -0.196012E-04
 7.53989   -0.122562E-04    0.816953E-05   -0.194729E-04
 7.55792   -0.121794E-04    0.814151E-05   -0.193453E-04
 7.57594   -0.121032E-04    0.811360E-05   -0.192184E-04
 7.59397   -0.120276E-04    0.808580E-05   -0.190921E-04
 7.61199   -0.119527E-04    0.805811E-05   -0.189666E-04
 7.63002   -0.118784E-04    0.803051E-05   -0.188417E-04
 7.64805   -0.118047E-04    0.800302E-05   -0.187174E-04
 7.66607   -0.117316E-04    0.797563E-05   -0.185938E-04
 7.68410   -0.116591E-04    0.794835E-05   -0.184709E-04
 7.70212   -0.115872E-04    0.792118E-05   -0.183486E-04
 7.72015   -0.115159E-04    0.789410E-05   -0.182270E-04
 7.73818   -0.114452E-04    0.786714E-05   -0.181060E-04
 7.75620   -0.113751E-04    0.784028E-05   -0.179857E-04
 7.77423   -0.113056E-04    0.781351E-05   -0.178661E-04
 7.79225   -0.112366E-04    0.778683E-05   -0.177471E-04
 7.81028   -0.111682E-04    0.776026E-05   -0.176287E-04
 7.82831   -0.111003E-04    0.773378E-05   -0.175110E-04
 7.84633   -0.110330E-04    0.770741E-05   -0.173939E-04
 7.86436   -0.109662E-04    0.768113E-05   -0.172774E-04
 7.88238   -0.109000E-04    0.765495E-05   -0.171616E-04
 7.90041   -0.108343E-04    0.762886E-05   -0.170464E-04
 7.91844   -0.107692E-04    0.760288E-05   -0.169319E-04
 7.93646   -0.107045E-04    0.757698E-05   -0.168180E-04
 7.95449   -0.106404E-04    0.755119E-05   -0.167047E-04
 7.97252   -0.105768E-04    0.752549E-05   -0.165921E-04
 7.99054   -0.105137E-04    0.749985E-05   -0.164800E-04
 8.00857   -0.104511E-04    0.747433E-05   -0.163686E-04
 8.02659   -0.103890E-04    0.744891E-05   -0.162578E-04
 8.04462   -0.103274E-04    0.742359E-05   -0.161476E-04
 8.06265   -0.102662E-04    0.739836E-05   -0.160380E-04
 8.08067   -0.102056E-04    0.737322E-05   -0.159291E-04
 8.09870   -0.101454E-04    0.734817E-05   -0.158207E-04
 8.11672   -0.100857E-04    0.732322E-05   -0.157129E-04
 8.13475   -0.100265E-04    0.729835E-05   -0.156058E-04
 8.15278   -0.996769E-05    0.727358E-05   -0.154992E-04
 8.17080   -0.990938E-05    0.724890E-05   -0.153933E-04
 8.18883   -0.985151E-05    0.722430E-05   -0.152879E-04
 8.20685   -0.979410E-05    0.719980E-05   -0.151832E-04
 8.22488   -0.973712E-05    0.717539E-05   -0.150790E-04
 8.24291   -0.968059E-05    0.715106E-05   -0.149754E-04
 8.26093   -0.962449E-05    0.712682E-05   -0.148724E-04
 8.27896   -0.956882E-05    0.710267E-05   -0.147700E-04
 8.29698   -0.951358E-05    0.707861E-05   -0.146682E-04
 8.31501   -0.945876E-05    0.705466E-05   -0.145669E-04
 8.33304   -0.940435E-05    0.703077E-05   -0.144663E-04
 8.35106   -0.935036E-05    0.700696E-05   -0.143661E-04
 8.36909   -0.929677E-05    0.698324E-05   -0.142666E-04
 8.38711   -0.924359E-05    0.695959E-05   -0.141676E-04
 8.40514   -0.919081E-05    0.693604E-05   -0.140692E-04
 8.42317   -0.913843E-05    0.691257E-05   -0.139714E-04
 8.44119   -0.908643E-05    0.688918E-05   -0.138741E-04
 8.45922   -0.903483E-05    0.686587E-05   -0.137774E-04
 8.47724   -0.898360E-05    0.684265E-05   -0.136812E-04
 8.49527   -0.893276E-05    0.681950E-05   -0.135856E-04
 8.51330   -0.888229E-05    0.679644E-05   -0.134906E-04
 8.53132   -0.883219E-05    0.677346E-05   -0.133960E-04
 8.54935   -0.878246E-05    0.675056E-05   -0.133021E-04
 8.56737   -0.873309E-05    0.672774E-05   -0.132086E-04
 8.58540   -0.868408E-05    0.670499E-05   -0.131157E-04
 8.60343   -0.863543E-05    0.668232E-05   -0.130234E-04
 8.62145   -0.858713E-05    0.665973E-05   -0.129316E-04
 8.63948   -0.853917E-05    0.663720E-05   -0.128402E-04
 8.65751   -0.849157E-05    0.661475E-05   -0.127495E-04
 8.67553   -0.844430E-05    0.659238E-05   -0.126592E-04
 8.69356   -0.839737E-05    0.657010E-05   -0.125695E-04
 8.71158   -0.835077E-05    0.654789E-05   -0.124803E-04
 8.72961   -0.830451E-05    0.652575E-05   -0.123916E-04
 8.74764   -0.825858E-05    0.650369E-05   -0.123035E-04
 8.76566   -0.821296E-05    0.648170E-05   -0.122158E-04
 8.78369   -0.816767E-05    0.645979E-05   -0.121287E-04
 8.80171   -0.812270E-05    0.643794E-05   -0.120420E-04
 8.81974   -0.807804E-05    0.641617E-05   -0.119559E-04
 8.83777   -0.803370E-05    0.639448E-05   -0.118703E-04
 8.85579   -0.798966E-05    0.637285E-05   -0.117852E-04
 8.87382   -0.794593E-05    0.635130E-05   -0.117005E-04
 8.89184   -0.790250E-05    0.632982E-05   -0.116164E-04
 8.90987   -0.785938E-05    0.630841E-05   -0.115327E-04
 8.92790   -0.781655E-05    0.628707E-05   -0.114496E-04
 8.94592   -0.777401E-05    0.626580E-05   -0.113669E-04
 8.96395   -0.773177E-05    0.624461E-05   -0.112847E-04
 8.98197   -0.768981E-05    0.622348E-05   -0.112030E-04
 9.00000   -0.764814E-05    0.620242E-05   -0.111218E-04
