 0.00500    0.539615E-02   -0.290885E-02    0.242055E-02
 0.02303    0.445207E-02   -0.243679E-02    0.206636E-02
 0.04105    0.389485E-02   -0.215805E-02    0.185709E-02
 0.05908    0.348730E-02   -0.195409E-02    0.170378E-02
 0.07710    0.316508E-02   -0.179274E-02    0.158234E-02
 0.09513    0.289930E-02   -0.165958E-02    0.148196E-02
 0.11316    0.267401E-02   -0.154662E-02    0.139666E-02
 0.13118    0.247935E-02   -0.144894E-02    0.132275E-02
 0.14921    0.230874E-02   -0.136324E-02    0.125777E-02
 0.16723    0.215754E-02   -0.128723E-02    0.119998E-02
 0.18526    0.202235E-02   -0.121919E-02    0.114813E-02
 0.20329    0.190059E-02   -0.115784E-02    0.110124E-02
 0.22131    0.179025E-02   -0.110217E-02    0.105857E-02
 0.23934    0.168973E-02   -0.105140E-02    0.101952E-02
 0.25736    0.159774E-02   -0.100486E-02    0.983622E-03
 0.27539    0.151324E-02   -0.962053E-03    0.950471E-03
 0.29342    0.143532E-02   -0.922521E-03    0.919745E-03
 0.31144    0.136327E-02   -0.885901E-03    0.891170E-03
 0.32947    0.129645E-02   -0.851882E-03    0.864514E-03
 0.34749    0.123432E-02   -0.820193E-03    0.839577E-03
 0.36552    0.117643E-02   -0.790607E-03    0.816189E-03
 0.38355    0.112236E-02   -0.762921E-03    0.794201E-03
 0.40157    0.107176E-02   -0.736961E-03    0.773483E-03
 0.41960    0.102434E-02   -0.712574E-03    0.753923E-03
 0.43763    0.979810E-03   -0.689623E-03    0.735418E-03
 0.45565    0.937933E-03   -0.667989E-03    0.717881E-03
 0.47368    0.898490E-03   -0.647563E-03    0.701231E-03
 0.49170    0.861292E-03   -0.628250E-03    0.685399E-03
 0.50973    0.826166E-03   -0.609964E-03    0.670321E-03
 0.52776    0.792953E-03   -0.592628E-03    0.655940E-03
 0.54578    0.761517E-03   -0.576171E-03    0.642204E-03
 0.56381    0.731725E-03   -0.560532E-03    0.629067E-03
 0.58183    0.703465E-03   -0.545651E-03    0.616487E-03
 0.59986    0.676632E-03   -0.531477E-03    0.604426E-03
 0.61789    0.651127E-03   -0.517963E-03    0.592848E-03
 0.63591    0.626865E-03   -0.505064E-03    0.581722E-03
 0.65394    0.603764E-03   -0.492741E-03    0.571018E-03
 0.67196    0.581751E-03   -0.480958E-03    0.560710E-03
 0.68999    0.560758E-03   -0.469680E-03    0.550773E-03
 0.70802    0.540723E-03   -0.458878E-03    0.541185E-03
 0.72604    0.521587E-03   -0.448521E-03    0.531924E-03
 0.74407    0.503299E-03   -0.438585E-03    0.522973E-03
 0.76209    0.485808E-03   -0.429044E-03    0.514312E-03
 0.78012    0.469069E-03   -0.419877E-03    0.505926E-03
 0.79815    0.453040E-03   -0.411062E-03    0.497800E-03
 0.81617    0.437681E-03   -0.402579E-03    0.489919E-03
 0.83420    0.422957E-03   -0.394412E-03    0.482270E-03
 0.85222    0.408832E-03   -0.386543E-03    0.474842E-03
 0.87025    0.395275E-03   -0.378956E-03    0.467622E-03
 0.88828    0.382257E-03   -0.371636E-03    0.460601E-03
 0.90630    0.369750E-03   -0.364571E-03    0.453768E-03
 0.92433    0.357728E-03   -0.357747E-03    0.447115E-03
 0.94235    0.346167E-03   -0.351153E-03    0.440632E-03
 0.96038    0.335044E-03   -0.344776E-03    0.434312E-03
 0.97841    0.324338E-03   -0.338616E-03    0.428147E-03
 0.99643    0.314030E-03   -0.332637E-03    0.422131E-03
 1.01446    0.304099E-03   -0.326856E-03    0.416255E-03
 1.03248    0.294529E-03   -0.321254E-03    0.410516E-03
 1.05051    0.285304E-03   -0.315824E-03    0.404905E-03
 1.06854    0.276406E-03   -0.310558E-03    0.399419E-03
 1.08656    0.267823E-03   -0.305450E-03    0.394051E-03
 1.10459    0.259539E-03   -0.300491E-03    0.388797E-03
 1.12262    0.251542E-03   -0.295676E-03    0.383652E-03
 1.14064    0.243819E-03   -0.290998E-03    0.378613E-03
 1.15867    0.236359E-03   -0.286452E-03    0.373674E-03
 1.17669    0.229149E-03   -0.282032E-03    0.368832E-03
 1.19472    0.222180E-03   -0.277733E-03    0.364084E-03
 1.21275    0.215443E-03   -0.273551E-03    0.359425E-03
 1.23077    0.208926E-03   -0.269480E-03    0.354853E-03
 1.24880    0.202622E-03   -0.265516E-03    0.350364E-03
 1.26682    0.196522E-03   -0.261655E-03    0.345956E-03
 1.28485    0.190618E-03   -0.257893E-03    0.341625E-03
 1.30288    0.184901E-03   -0.254227E-03    0.337370E-03
 1.32090    0.179366E-03   -0.250652E-03    0.333187E-03
 1.33893    0.174004E-03   -0.247165E-03    0.329074E-03
 1.35695    0.168809E-03   -0.243763E-03    0.325028E-03
 1.37498    0.163775E-03   -0.240443E-03    0.321048E-03
 1.39301    0.158896E-03   -0.237202E-03    0.317132E-03
 1.41103    0.154165E-03   -0.234036E-03    0.313278E-03
 1.42906    0.149579E-03   -0.230945E-03    0.309483E-03
 1.44708    0.145130E-03   -0.227924E-03    0.305746E-03
 1.46511    0.140815E-03   -0.224971E-03    0.302065E-03
 1.48314    0.136629E-03   -0.222084E-03    0.298438E-03
 1.50116    0.132566E-03   -0.219262E-03    0.294865E-03
 1.51919    0.128624E-03   -0.216501E-03    0.291342E-03
 1.53721    0.124796E-03   -0.213799E-03    0.287870E-03
 1.55524    0.121080E-03   -0.211155E-03    0.284447E-03
 1.57327    0.117472E-03   -0.208567E-03    0.281070E-03
 1.59129    0.113968E-03   -0.206033E-03    0.277740E-03
 1.60932    0.110564E-03   -0.203551E-03    0.274455E-03
 1.62734    0.107257E-03   -0.201120E-03    0.271213E-03
 1.64537    0.104044E-03   -0.198738E-03    0.268014E-03
 1.66340    0.100922E-03   -0.196403E-03    0.264857E-03
 1.68142    0.978876E-04   -0.194115E-03    0.261740E-03
 1.69945    0.949381E-04   -0.191871E-03    0.258663E-03
 1.71747    0.920709E-04   -0.189670E-03    0.255624E-03
 1.73550    0.892833E-04   -0.187512E-03    0.252623E-03
 1.75353    0.865729E-04   -0.185394E-03    0.249659E-03
 1.77155    0.839371E-04   -0.183316E-03    0.246731E-03
 1.78958    0.813737E-04   -0.181277E-03    0.243838E-03
 1.80761    0.788803E-04   -0.179275E-03    0.240980E-03
 1.82563    0.764551E-04   -0.177310E-03    0.238155E-03
 1.84366    0.740958E-04   -0.175379E-03    0.235363E-03
 1.86168    0.718007E-04   -0.173484E-03    0.232604E-03
 1.87971    0.695676E-04   -0.171622E-03    0.229876E-03
 1.89774    0.673949E-04   -0.169792E-03    0.227180E-03
 1.91576    0.652809E-04   -0.167994E-03    0.224514E-03
 1.93379    0.632237E-04   -0.166227E-03    0.221877E-03
 1.95181    0.612218E-04   -0.164490E-03    0.219271E-03
 1.96984    0.592736E-04   -0.162783E-03    0.216693E-03
 1.98787    0.573778E-04   -0.161104E-03    0.214143E-03
 2.00589    0.555328E-04   -0.159454E-03    0.211621E-03
 2.02392    0.537374E-04   -0.157829E-03    0.209126E-03
 2.04194    0.519903E-04   -0.156234E-03    0.206658E-03
 2.05997    0.502901E-04   -0.154663E-03    0.204217E-03
 2.07800    0.486358E-04   -0.153118E-03    0.201802E-03
 2.09602    0.470261E-04   -0.151598E-03    0.199412E-03
 2.11405    0.454601E-04   -0.150102E-03    0.197047E-03
 2.13207    0.439367E-04   -0.148630E-03    0.194708E-03
 2.15010    0.424549E-04   -0.147181E-03    0.192393E-03
 2.16813    0.410137E-04   -0.145756E-03    0.190102E-03
 2.18615    0.396123E-04   -0.144353E-03    0.187834E-03
 2.20418    0.382496E-04   -0.142972E-03    0.185591E-03
 2.22220    0.369250E-04   -0.141612E-03    0.183371E-03
 2.24023    0.356377E-04   -0.140274E-03    0.181173E-03
 2.25826    0.343869E-04   -0.138957E-03    0.178999E-03
 2.27628    0.331719E-04   -0.137660E-03    0.176846E-03
 2.29431    0.319911E-04   -0.136384E-03    0.174716E-03
 2.31233    0.308453E-04   -0.135127E-03    0.172608E-03
 2.33036    0.297343E-04   -0.133890E-03    0.170522E-03
 2.34839    0.286555E-04   -0.132672E-03    0.168456E-03
 2.36641    0.276090E-04   -0.131473E-03    0.166413E-03
 2.38444    0.265945E-04   -0.130292E-03    0.164389E-03
 2.40246    0.256112E-04   -0.129130E-03    0.162406E-03
 2.42049    0.246586E-04   -0.127986E-03    0.160405E-03
 2.43852    0.237362E-04   -0.126859E-03    0.158444E-03
 2.45654    0.228432E-04   -0.125750E-03    0.156502E-03
 2.47457    0.219791E-04   -0.124658E-03    0.154581E-03
 2.49260    0.211433E-04   -0.123583E-03    0.152679E-03
 2.51062    0.203353E-04   -0.122524E-03    0.150796E-03
 2.52865    0.195543E-04   -0.121482E-03    0.148933E-03
 2.54667    0.187998E-04   -0.120455E-03    0.147088E-03
 2.56470    0.180712E-04   -0.119444E-03    0.145262E-03
 2.58273    0.173677E-04   -0.118448E-03    0.143454E-03
 2.60075    0.166885E-04   -0.117467E-03    0.141664E-03
 2.61878    0.160330E-04   -0.116500E-03    0.139892E-03
 2.63680    0.154004E-04   -0.115548E-03    0.138137E-03
 2.65483    0.147899E-04   -0.114609E-03    0.136400E-03
 2.67286    0.142007E-04   -0.113684E-03    0.134679E-03
 2.69088    0.136319E-04   -0.112771E-03    0.132975E-03
 2.70891    0.130828E-04   -0.111870E-03    0.131287E-03
 2.72693    0.125522E-04   -0.110982E-03    0.129614E-03
 2.74496    0.120393E-04   -0.110105E-03    0.127957E-03
 2.76299    0.115432E-04   -0.109239E-03    0.126315E-03
 2.78101    0.110629E-04   -0.108383E-03    0.124686E-03
 2.79904    0.105974E-04   -0.107538E-03    0.123074E-03
 2.81706    0.101455E-04   -0.106702E-03    0.121474E-03
 2.83509    0.970644E-05   -0.105874E-03    0.119888E-03
 2.85312    0.927902E-05   -0.105056E-03    0.118314E-03
 2.87114    0.886218E-05   -0.104245E-03    0.116753E-03
 2.88917    0.845490E-05   -0.103441E-03    0.115204E-03
 2.90719    0.805615E-05   -0.102644E-03    0.113667E-03
 2.92522    0.766488E-05   -0.101853E-03    0.112141E-03
 2.94325    0.728010E-05   -0.101068E-03    0.110626E-03
 2.96127    0.690077E-05   -0.100289E-03    0.109121E-03
 2.97930    0.652590E-05   -0.995139E-04    0.107626E-03
 2.99732    0.615456E-05   -0.987433E-04    0.106140E-03
 3.01535    0.578583E-05   -0.979763E-04    0.104664E-03
 3.03338    0.541877E-05   -0.972128E-04    0.103197E-03
 3.05140    0.505257E-05   -0.964520E-04    0.101738E-03
 3.06943    0.468642E-05   -0.956938E-04    0.100287E-03
 3.08745    0.431944E-05   -0.949375E-04    0.988443E-04
 3.10548    0.395105E-05   -0.941830E-04    0.974089E-04
 3.12351    0.358051E-05   -0.934298E-04    0.959806E-04
 3.14153    0.320717E-05   -0.926776E-04    0.945591E-04
 3.15956    0.283047E-05   -0.919261E-04    0.931443E-04
 3.17759    0.244985E-05   -0.911751E-04    0.917361E-04
 3.19561    0.206481E-05   -0.904241E-04    0.903340E-04
 3.21364    0.167493E-05   -0.896732E-04    0.889378E-04
 3.23166    0.127989E-05   -0.889220E-04    0.875475E-04
 3.24969    0.879255E-06   -0.881705E-04    0.861629E-04
 3.26772    0.472869E-06   -0.874183E-04    0.847838E-04
 3.28574    0.604221E-07   -0.866654E-04    0.834101E-04
 3.30377   -0.358241E-06   -0.859118E-04    0.820417E-04
 3.32179   -0.783256E-06   -0.851573E-04    0.806785E-04
 3.33982   -0.121476E-05   -0.844018E-04    0.793205E-04
 3.35785   -0.165278E-05   -0.836455E-04    0.779677E-04
 3.37587   -0.209733E-05   -0.828881E-04    0.766200E-04
 3.39390   -0.254835E-05   -0.821298E-04    0.752774E-04
 3.41192   -0.300577E-05   -0.813706E-04    0.739399E-04
 3.42995   -0.346950E-05   -0.806106E-04    0.726074E-04
 3.44798   -0.393939E-05   -0.798497E-04    0.712801E-04
 3.46600   -0.441526E-05   -0.790882E-04    0.699580E-04
 3.48403   -0.489685E-05   -0.783261E-04    0.686412E-04
 3.50205   -0.538395E-05   -0.775635E-04    0.673294E-04
 3.52008   -0.587624E-05   -0.768006E-04    0.660239E-04
 3.53811   -0.637346E-05   -0.760375E-04    0.647236E-04
 3.55613   -0.687522E-05   -0.752745E-04    0.634285E-04
 3.57416   -0.738122E-05   -0.745117E-04    0.621402E-04
 3.59218   -0.789109E-05   -0.737493E-04    0.608573E-04
 3.61021   -0.840419E-05   -0.729875E-04    0.595802E-04
 3.62824   -0.892031E-05   -0.722265E-04    0.583098E-04
 3.64626   -0.943891E-05   -0.714667E-04    0.570458E-04
 3.66429   -0.995953E-05   -0.707081E-04    0.557886E-04
 3.68231   -0.104816E-04   -0.699511E-04    0.545382E-04
 3.70034   -0.110046E-04   -0.691961E-04    0.532949E-04
 3.71837   -0.115281E-04   -0.684432E-04    0.520588E-04
 3.73639   -0.120514E-04   -0.676927E-04    0.508302E-04
 3.75442   -0.125741E-04   -0.669448E-04    0.496094E-04
 3.77244   -0.130955E-04   -0.662000E-04    0.483964E-04
 3.79047   -0.136152E-04   -0.654584E-04    0.471916E-04
 3.80850   -0.141324E-04   -0.647204E-04    0.459952E-04
 3.82652   -0.146468E-04   -0.639863E-04    0.448073E-04
 3.84455   -0.151576E-04   -0.632564E-04    0.436283E-04
 3.86258   -0.156642E-04   -0.625309E-04    0.424582E-04
 3.88060   -0.161662E-04   -0.618102E-04    0.412975E-04
 3.89863   -0.166630E-04   -0.610946E-04    0.401462E-04
 3.91665   -0.171540E-04   -0.603842E-04    0.390046E-04
 3.93468   -0.176387E-04   -0.596795E-04    0.378730E-04
 3.95271   -0.181166E-04   -0.589806E-04    0.367514E-04
 3.97073   -0.185872E-04   -0.582879E-04    0.356401E-04
 3.98876   -0.190500E-04   -0.576015E-04    0.345393E-04
 4.00678   -0.195045E-04   -0.569217E-04    0.334491E-04
 4.02481   -0.199504E-04   -0.562487E-04    0.323697E-04
 4.04284   -0.203871E-04   -0.555828E-04    0.313013E-04
 4.06086   -0.208143E-04   -0.549242E-04    0.302440E-04
 4.07889   -0.212317E-04   -0.542729E-04    0.291979E-04
 4.09691   -0.216389E-04   -0.536292E-04    0.281633E-04
 4.11494   -0.220356E-04   -0.529933E-04    0.271400E-04
 4.13297   -0.224214E-04   -0.523653E-04    0.261284E-04
 4.15099   -0.227964E-04   -0.517452E-04    0.251285E-04
 4.16902   -0.231601E-04   -0.511334E-04    0.241404E-04
 4.18704   -0.235124E-04   -0.505297E-04    0.231639E-04
 4.20507   -0.238532E-04   -0.499342E-04    0.221993E-04
 4.22310   -0.241822E-04   -0.493472E-04    0.212466E-04
 4.24112   -0.244995E-04   -0.487686E-04    0.203058E-04
 4.25915   -0.248049E-04   -0.481984E-04    0.193769E-04
 4.27717   -0.250984E-04   -0.476367E-04    0.184599E-04
 4.29520   -0.253801E-04   -0.470835E-04    0.175548E-04
 4.31323   -0.256498E-04   -0.465387E-04    0.166616E-04
 4.33125   -0.259076E-04   -0.460023E-04    0.157802E-04
 4.34928   -0.261537E-04   -0.454743E-04    0.149106E-04
 4.36730   -0.263880E-04   -0.449547E-04    0.140528E-04
 4.38533   -0.266107E-04   -0.444434E-04    0.132067E-04
 4.40336   -0.268219E-04   -0.439403E-04    0.123721E-04
 4.42138   -0.270218E-04   -0.434454E-04    0.115491E-04
 4.43941   -0.272104E-04   -0.429585E-04    0.107375E-04
 4.45743   -0.273881E-04   -0.424796E-04    0.993729E-05
 4.47546   -0.275548E-04   -0.420086E-04    0.914832E-05
 4.49349   -0.277109E-04   -0.415454E-04    0.837051E-05
 4.51151   -0.278566E-04   -0.410899E-04    0.760373E-05
 4.52954   -0.279921E-04   -0.406419E-04    0.684786E-05
 4.54757   -0.281176E-04   -0.402013E-04    0.610282E-05
 4.56559   -0.282334E-04   -0.397680E-04    0.536851E-05
 4.58362   -0.283396E-04   -0.393419E-04    0.464468E-05
 4.60164   -0.284367E-04   -0.389228E-04    0.393132E-05
 4.61967   -0.285247E-04   -0.385106E-04    0.322825E-05
 4.63770   -0.286040E-04   -0.381051E-04    0.253535E-05
 4.65572   -0.286748E-04   -0.377063E-04    0.185249E-05
 4.67375   -0.287374E-04   -0.373139E-04    0.117949E-05
 4.69177   -0.287920E-04   -0.369279E-04    0.516263E-06
 4.70980   -0.288390E-04   -0.365481E-04   -0.137357E-06
 4.72783   -0.288785E-04   -0.361743E-04   -0.781490E-06
 4.74585   -0.289108E-04   -0.358065E-04   -0.141627E-05
 4.76388   -0.289362E-04   -0.354444E-04   -0.204183E-05
 4.78190   -0.289549E-04   -0.350880E-04   -0.265834E-05
 4.79993   -0.289673E-04   -0.347370E-04   -0.326585E-05
 4.81796   -0.289733E-04   -0.343915E-04   -0.386461E-05
 4.83598   -0.289735E-04   -0.340511E-04   -0.445463E-05
 4.85401   -0.289680E-04   -0.337159E-04   -0.503616E-05
 4.87203   -0.289571E-04   -0.333856E-04   -0.560925E-05
 4.89006   -0.289409E-04   -0.330602E-04   -0.617403E-05
 4.90809   -0.289197E-04   -0.327396E-04   -0.673068E-05
 4.92611   -0.288936E-04   -0.324235E-04   -0.727926E-05
 4.94414   -0.288630E-04   -0.321120E-04   -0.781986E-05
 4.96216   -0.288280E-04   -0.318048E-04   -0.835273E-05
 4.98019   -0.287888E-04   -0.315019E-04   -0.887790E-05
 4.99822   -0.287456E-04   -0.312031E-04   -0.939548E-05
 5.01624   -0.286986E-04   -0.309084E-04   -0.990558E-05
 5.03427   -0.286480E-04   -0.306177E-04   -0.104084E-04
 5.05229   -0.285939E-04   -0.303308E-04   -0.109021E-04
 5.07032   -0.285365E-04   -0.300476E-04   -0.113923E-04
 5.08835   -0.284759E-04   -0.297681E-04   -0.118736E-04
 5.10637   -0.284125E-04   -0.294923E-04   -0.123481E-04
 5.12440   -0.283461E-04   -0.292198E-04   -0.128157E-04
 5.14242   -0.282771E-04   -0.289508E-04   -0.132766E-04
 5.16045   -0.282056E-04   -0.286852E-04   -0.137309E-04
 5.17848   -0.281316E-04   -0.284227E-04   -0.141786E-04
 5.19650   -0.280554E-04   -0.281634E-04   -0.146200E-04
 5.21453   -0.279771E-04   -0.279072E-04   -0.150549E-04
 5.23256   -0.278966E-04   -0.276540E-04   -0.154837E-04
 5.25058   -0.278143E-04   -0.274038E-04   -0.159062E-04
 5.26861   -0.277302E-04   -0.271564E-04   -0.163227E-04
 5.28663   -0.276443E-04   -0.269118E-04   -0.167331E-04
 5.30466   -0.275569E-04   -0.266700E-04   -0.171377E-04
 5.32269   -0.274679E-04   -0.264309E-04   -0.175364E-04
 5.34071   -0.273776E-04   -0.261945E-04   -0.179294E-04
 5.35874   -0.272859E-04   -0.259606E-04   -0.183166E-04
 5.37676   -0.271929E-04   -0.257292E-04   -0.186982E-04
 5.39479   -0.270988E-04   -0.255003E-04   -0.190743E-04
 5.41282   -0.270036E-04   -0.252738E-04   -0.194449E-04
 5.43084   -0.269074E-04   -0.250497E-04   -0.198100E-04
 5.44887   -0.268102E-04   -0.248279E-04   -0.201698E-04
 5.46689   -0.267122E-04   -0.246084E-04   -0.205244E-04
 5.48492   -0.266134E-04   -0.243911E-04   -0.208737E-04
 5.50295   -0.265138E-04   -0.241760E-04   -0.212177E-04
 5.52097   -0.264135E-04   -0.239631E-04   -0.215568E-04
 5.53900   -0.263126E-04   -0.237522E-04   -0.218907E-04
 5.55702   -0.262111E-04   -0.235435E-04   -0.222197E-04
 5.57505   -0.261091E-04   -0.233367E-04   -0.225438E-04
 5.59308   -0.260066E-04   -0.231320E-04   -0.228630E-04
 5.61110   -0.259037E-04   -0.229292E-04   -0.231773E-04
 5.62913   -0.258004E-04   -0.227284E-04   -0.234870E-04
 5.64715   -0.256967E-04   -0.225294E-04   -0.237919E-04
 5.66518   -0.255928E-04   -0.223323E-04   -0.240922E-04
 5.68321   -0.254886E-04   -0.221370E-04   -0.243879E-04
 5.70123   -0.253841E-04   -0.219436E-04   -0.246791E-04
 5.71926   -0.252795E-04   -0.217519E-04   -0.249658E-04
 5.73728   -0.251748E-04   -0.215619E-04   -0.252480E-04
 5.75531   -0.250699E-04   -0.213737E-04   -0.255259E-04
 5.77334   -0.249649E-04   -0.211871E-04   -0.257995E-04
 5.79136   -0.248599E-04   -0.210022E-04   -0.260688E-04
 5.80939   -0.247548E-04   -0.208189E-04   -0.263339E-04
 5.82741   -0.246497E-04   -0.206373E-04   -0.265948E-04
 5.84544   -0.245447E-04   -0.204572E-04   -0.268516E-04
 5.86347   -0.244397E-04   -0.202788E-04   -0.271043E-04
 5.88149   -0.243347E-04   -0.201018E-04   -0.273529E-04
 5.89952   -0.242299E-04   -0.199264E-04   -0.275975E-04
 5.91755   -0.241252E-04   -0.197525E-04   -0.278382E-04
 5.93557   -0.240206E-04   -0.195800E-04   -0.280750E-04
 5.95360   -0.239161E-04   -0.194090E-04   -0.283079E-04
 5.97162   -0.238118E-04   -0.192395E-04   -0.285370E-04
 5.98965   -0.237078E-04   -0.190714E-04   -0.287623E-04
 6.00768   -0.236039E-04   -0.189047E-04   -0.289839E-04
 6.02570   -0.235002E-04   -0.187393E-04   -0.292017E-04
 6.04373   -0.233967E-04   -0.185754E-04   -0.294159E-04
 6.06175   -0.232935E-04   -0.184128E-04   -0.296265E-04
 6.07978   -0.231906E-04   -0.182515E-04   -0.298335E-04
 6.09781   -0.230879E-04   -0.180916E-04   -0.300369E-04
 6.11583   -0.229855E-04   -0.179329E-04   -0.302368E-04
 6.13386   -0.228833E-04   -0.177756E-04   -0.304333E-04
 6.15188   -0.227815E-04   -0.176194E-04   -0.306263E-04
 6.16991   -0.226800E-04   -0.174647E-04   -0.308159E-04
 6.18794   -0.225787E-04   -0.173110E-04   -0.310021E-04
 6.20596   -0.224778E-04   -0.171587E-04   -0.311851E-04
 6.22399   -0.223773E-04   -0.170076E-04   -0.313647E-04
 6.24201   -0.222770E-04   -0.168578E-04   -0.315411E-04
 6.26004   -0.221771E-04   -0.167091E-04   -0.317142E-04
 6.27807   -0.220776E-04   -0.165616E-04   -0.318843E-04
 6.29609   -0.219783E-04   -0.164153E-04   -0.320511E-04
 6.31412   -0.218795E-04   -0.162702E-04   -0.322148E-04
 6.33214   -0.217810E-04   -0.161262E-04   -0.323754E-04
 6.35017   -0.216828E-04   -0.159833E-04   -0.325329E-04
 6.36820   -0.215850E-04   -0.158416E-04   -0.326874E-04
 6.38622   -0.214876E-04   -0.157010E-04   -0.328389E-04
 6.40425   -0.213905E-04   -0.155615E-04   -0.329874E-04
 6.42227   -0.212939E-04   -0.154231E-04   -0.331330E-04
 6.44030   -0.211976E-04   -0.152858E-04   -0.332757E-04
 6.45833   -0.211016E-04   -0.151496E-04   -0.334155E-04
 6.47635   -0.210061E-04   -0.150144E-04   -0.335524E-04
 6.49438   -0.209109E-04   -0.148803E-04   -0.336865E-04
 6.51240   -0.208162E-04   -0.147473E-04   -0.338179E-04
 6.53043   -0.207218E-04   -0.146153E-04   -0.339464E-04
 6.54846   -0.206278E-04   -0.144843E-04   -0.340722E-04
 6.56648   -0.205342E-04   -0.143543E-04   -0.341953E-04
 6.58451   -0.204410E-04   -0.142254E-04   -0.343157E-04
 6.60254   -0.203481E-04   -0.140975E-04   -0.344334E-04
 6.62056   -0.202557E-04   -0.139705E-04   -0.345485E-04
 6.63859   -0.201637E-04   -0.138446E-04   -0.346610E-04
 6.65661   -0.200720E-04   -0.137196E-04   -0.347709E-04
 6.67464   -0.199808E-04   -0.135956E-04   -0.348783E-04
 6.69267   -0.198900E-04   -0.134726E-04   -0.349831E-04
 6.71069   -0.197995E-04   -0.133505E-04   -0.350854E-04
 6.72872   -0.197095E-04   -0.132293E-04   -0.351853E-04
 6.74674   -0.196198E-04   -0.131091E-04   -0.352827E-04
 6.76477   -0.195306E-04   -0.129898E-04   -0.353776E-04
 6.78280   -0.194418E-04   -0.128715E-04   -0.354702E-04
 6.80082   -0.193534E-04   -0.127540E-04   -0.355604E-04
 6.81885   -0.192654E-04   -0.126375E-04   -0.356483E-04
 6.83687   -0.191778E-04   -0.125218E-04   -0.357338E-04
 6.85490   -0.190906E-04   -0.124070E-04   -0.358171E-04
 6.87293   -0.190038E-04   -0.122931E-04   -0.358981E-04
 6.89095   -0.189174E-04   -0.121801E-04   -0.359768E-04
 6.90898   -0.188315E-04   -0.120680E-04   -0.360533E-04
 6.92700   -0.187459E-04   -0.119567E-04   -0.361277E-04
 6.94503   -0.186608E-04   -0.118462E-04   -0.361998E-04
 6.96306   -0.185760E-04   -0.117366E-04   -0.362699E-04
 6.98108   -0.184917E-04   -0.116279E-04   -0.363378E-04
 6.99911   -0.184078E-04   -0.115199E-04   -0.364036E-04
 7.01713   -0.183243E-04   -0.114128E-04   -0.364673E-04
 7.03516   -0.182412E-04   -0.113065E-04   -0.365289E-04
 7.05319   -0.181585E-04   -0.112010E-04   -0.365886E-04
 7.07121   -0.180762E-04   -0.110963E-04   -0.366462E-04
 7.08924   -0.179943E-04   -0.109924E-04   -0.367018E-04
 7.10726   -0.179128E-04   -0.108893E-04   -0.367555E-04
 7.12529   -0.178318E-04   -0.107870E-04   -0.368072E-04
 7.14332   -0.177511E-04   -0.106855E-04   -0.368570E-04
 7.16134   -0.176708E-04   -0.105847E-04   -0.369049E-04
 7.17937   -0.175909E-04   -0.104847E-04   -0.369509E-04
 7.19739   -0.175114E-04   -0.103855E-04   -0.369951E-04
 7.21542   -0.174323E-04   -0.102870E-04   -0.370374E-04
 7.23345   -0.173536E-04   -0.101893E-04   -0.370779E-04
 7.25147   -0.172753E-04   -0.100923E-04   -0.371165E-04
 7.26950   -0.171974E-04   -0.999604E-05   -0.371534E-04
 7.28753   -0.171199E-04   -0.990054E-05   -0.371886E-04
 7.30555   -0.170427E-04   -0.980576E-05   -0.372220E-04
 7.32358   -0.169659E-04   -0.971171E-05   -0.372536E-04
 7.34160   -0.168895E-04   -0.961838E-05   -0.372836E-04
 7.35963   -0.168135E-04   -0.952575E-05   -0.373118E-04
 7.37766   -0.167378E-04   -0.943384E-05   -0.373384E-04
 7.39568   -0.166626E-04   -0.934263E-05   -0.373634E-04
 7.41371   -0.165876E-04   -0.925212E-05   -0.373867E-04
 7.43173   -0.165131E-04   -0.916232E-05   -0.374084E-04
 7.44976   -0.164389E-04   -0.907319E-05   -0.374285E-04
 7.46779   -0.163651E-04   -0.898476E-05   -0.374470E-04
 7.48581   -0.162916E-04   -0.889701E-05   -0.374640E-04
 7.50384   -0.162185E-04   -0.880993E-05   -0.374794E-04
 7.52186   -0.161457E-04   -0.872352E-05   -0.374933E-04
 7.53989   -0.160733E-04   -0.863779E-05   -0.375056E-04
 7.55792   -0.160013E-04   -0.855272E-05   -0.375165E-04
 7.57594   -0.159295E-04   -0.846830E-05   -0.375259E-04
 7.59397   -0.158582E-04   -0.838453E-05   -0.375339E-04
 7.61199   -0.157871E-04   -0.830142E-05   -0.375404E-04
 7.63002   -0.157164E-04   -0.821895E-05   -0.375455E-04
 7.64805   -0.156460E-04   -0.813712E-05   -0.375491E-04
 7.66607   -0.155760E-04   -0.805593E-05   -0.375514E-04
 7.68410   -0.155063E-04   -0.797537E-05   -0.375523E-04
 7.70212   -0.154369E-04   -0.789543E-05   -0.375519E-04
 7.72015   -0.153679E-04   -0.781613E-05   -0.375501E-04
 7.73818   -0.152991E-04   -0.773743E-05   -0.375493E-04
 7.75620   -0.152307E-04   -0.765936E-05   -0.375448E-04
 7.77423   -0.151627E-04   -0.758190E-05   -0.375368E-04
 7.79225   -0.150949E-04   -0.750503E-05   -0.375298E-04
 7.81028   -0.150275E-04   -0.742876E-05   -0.375215E-04
 7.82831   -0.149603E-04   -0.735309E-05   -0.375120E-04
 7.84633   -0.148935E-04   -0.727801E-05   -0.375012E-04
 7.86436   -0.148270E-04   -0.720352E-05   -0.374892E-04
 7.88238   -0.147609E-04   -0.712961E-05   -0.374760E-04
 7.90041   -0.146950E-04   -0.705628E-05   -0.374617E-04
 7.91844   -0.146294E-04   -0.698352E-05   -0.374461E-04
 7.93646   -0.145642E-04   -0.691132E-05   -0.374294E-04
 7.95449   -0.144993E-04   -0.683969E-05   -0.374116E-04
 7.97252   -0.144346E-04   -0.676862E-05   -0.373926E-04
 7.99054   -0.143703E-04   -0.669810E-05   -0.373725E-04
 8.00857   -0.143063E-04   -0.662814E-05   -0.373513E-04
 8.02659   -0.142426E-04   -0.655872E-05   -0.373290E-04
 8.04462   -0.141792E-04   -0.648984E-05   -0.373057E-04
 8.06265   -0.141161E-04   -0.642149E-05   -0.372813E-04
 8.08067   -0.140533E-04   -0.635368E-05   -0.372558E-04
 8.09870   -0.139908E-04   -0.628640E-05   -0.372293E-04
 8.11672   -0.139286E-04   -0.621964E-05   -0.372018E-04
 8.13475   -0.138668E-04   -0.615339E-05   -0.371733E-04
 8.15278   -0.138052E-04   -0.608767E-05   -0.371438E-04
 8.17080   -0.137439E-04   -0.602245E-05   -0.371134E-04
 8.18883   -0.136829E-04   -0.595774E-05   -0.370819E-04
 8.20685   -0.136223E-04   -0.589353E-05   -0.370496E-04
 8.22488   -0.135619E-04   -0.582981E-05   -0.370162E-04
 8.24291   -0.135018E-04   -0.576659E-05   -0.369820E-04
 8.26093   -0.134420E-04   -0.570386E-05   -0.369468E-04
 8.27896   -0.133825E-04   -0.564161E-05   -0.369108E-04
 8.29698   -0.133234E-04   -0.557985E-05   -0.368739E-04
 8.31501   -0.132645E-04   -0.551856E-05   -0.368361E-04
 8.33304   -0.132059E-04   -0.545774E-05   -0.367974E-04
 8.35106   -0.131476E-04   -0.539740E-05   -0.367579E-04
 8.36909   -0.130896E-04   -0.533752E-05   -0.367175E-04
 8.38711   -0.130319E-04   -0.527809E-05   -0.366763E-04
 8.40514   -0.129745E-04   -0.521912E-05   -0.366343E-04
 8.42317   -0.129174E-04   -0.516060E-05   -0.365916E-04
 8.44119   -0.128606E-04   -0.510254E-05   -0.365480E-04
 8.45922   -0.128040E-04   -0.504492E-05   -0.365036E-04
 8.47724   -0.127478E-04   -0.498774E-05   -0.364585E-04
 8.49527   -0.126919E-04   -0.493099E-05   -0.364126E-04
 8.51330   -0.126362E-04   -0.487469E-05   -0.363660E-04
 8.53132   -0.125808E-04   -0.481881E-05   -0.363187E-04
 8.54935   -0.125258E-04   -0.476336E-05   -0.362706E-04
 8.56737   -0.124710E-04   -0.470833E-05   -0.362218E-04
 8.58540   -0.124165E-04   -0.465372E-05   -0.361723E-04
 8.60343   -0.123623E-04   -0.459953E-05   -0.361221E-04
 8.62145   -0.123083E-04   -0.454574E-05   -0.360713E-04
 8.63948   -0.122547E-04   -0.449237E-05   -0.360198E-04
 8.65751   -0.122013E-04   -0.443940E-05   -0.359676E-04
 8.67553   -0.121483E-04   -0.438684E-05   -0.359148E-04
 8.69356   -0.120955E-04   -0.433468E-05   -0.358613E-04
 8.71158   -0.120429E-04   -0.428290E-05   -0.358072E-04
 8.72961   -0.119907E-04   -0.423153E-05   -0.357525E-04
 8.74764   -0.119388E-04   -0.418055E-05   -0.356972E-04
 8.76566   -0.118871E-04   -0.412994E-05   -0.356412E-04
 8.78369   -0.118357E-04   -0.407973E-05   -0.355847E-04
 8.80171   -0.117846E-04   -0.402989E-05   -0.355276E-04
 8.81974   -0.117337E-04   -0.398043E-05   -0.354700E-04
 8.83777   -0.116831E-04   -0.393135E-05   -0.354118E-04
 8.85579   -0.116328E-04   -0.388264E-05   -0.353530E-04
 8.87382   -0.115828E-04   -0.383429E-05   -0.352937E-04
 8.89184   -0.115330E-04   -0.378632E-05   -0.352338E-04
 8.90987   -0.114835E-04   -0.373870E-05   -0.351734E-04
 8.92790   -0.114343E-04   -0.369145E-05   -0.351125E-04
 8.94592   -0.113853E-04   -0.364455E-05   -0.350511E-04
 8.96395   -0.113366E-04   -0.359801E-05   -0.349892E-04
 8.98197   -0.112882E-04   -0.355182E-05   -0.349268E-04
 9.00000   -0.112400E-04   -0.350598E-05   -0.348639E-04
