 0.00500    0.240599E-01   -0.120348E-01    0.898257E-02
 0.01501    0.210083E-01   -0.105090E-01    0.783795E-02
 0.02501    0.189789E-01   -0.949442E-02    0.707718E-02
 0.03502    0.174194E-01   -0.871454E-02    0.649223E-02
 0.04502    0.161454E-01   -0.807750E-02    0.601437E-02
 0.05503    0.150672E-01   -0.753839E-02    0.560996E-02
 0.06503    0.141336E-01   -0.707153E-02    0.525973E-02
 0.07504    0.133117E-01   -0.666056E-02    0.495139E-02
 0.08504    0.125792E-01   -0.629424E-02    0.467654E-02
 0.09505    0.119198E-01   -0.596448E-02    0.442911E-02
 0.10506    0.113216E-01   -0.566533E-02    0.420462E-02
 0.11506    0.107754E-01   -0.539215E-02    0.399961E-02
 0.12507    0.102740E-01   -0.514135E-02    0.381137E-02
 0.13507    0.981144E-02   -0.491000E-02    0.363770E-02
 0.14508    0.938313E-02   -0.469576E-02    0.347685E-02
 0.15508    0.898509E-02   -0.449665E-02    0.332735E-02
 0.16509    0.861398E-02   -0.431100E-02    0.318794E-02
 0.17509    0.826706E-02   -0.413744E-02    0.305759E-02
 0.18510    0.794194E-02   -0.397478E-02    0.293541E-02
 0.19511    0.763656E-02   -0.382199E-02    0.282062E-02
 0.20511    0.734915E-02   -0.367817E-02    0.271256E-02
 0.21512    0.707813E-02   -0.354255E-02    0.261064E-02
 0.22512    0.682215E-02   -0.341444E-02    0.251435E-02
 0.23513    0.657999E-02   -0.329324E-02    0.242323E-02
 0.24513    0.635056E-02   -0.317840E-02    0.233689E-02
 0.25514    0.613291E-02   -0.306944E-02    0.225495E-02
 0.26514    0.592615E-02   -0.296594E-02    0.217709E-02
 0.27515    0.572950E-02   -0.286750E-02    0.210302E-02
 0.28516    0.554233E-02   -0.277376E-02    0.203249E-02
 0.29516    0.536392E-02   -0.268442E-02    0.196524E-02
 0.30517    0.519374E-02   -0.259919E-02    0.190108E-02
 0.31517    0.503123E-02   -0.251780E-02    0.183979E-02
 0.32518    0.487593E-02   -0.244000E-02    0.178119E-02
 0.33518    0.472738E-02   -0.236558E-02    0.172513E-02
 0.34519    0.458518E-02   -0.229434E-02    0.167145E-02
 0.35519    0.444896E-02   -0.222608E-02    0.162000E-02
 0.36520    0.431837E-02   -0.216063E-02    0.157066E-02
 0.37521    0.419310E-02   -0.209784E-02    0.152332E-02
 0.38521    0.407284E-02   -0.203756E-02    0.147785E-02
 0.39522    0.395733E-02   -0.197965E-02    0.143416E-02
 0.40522    0.384631E-02   -0.192398E-02    0.139215E-02
 0.41523    0.373954E-02   -0.187044E-02    0.135174E-02
 0.42523    0.363680E-02   -0.181891E-02    0.131284E-02
 0.43524    0.353790E-02   -0.176930E-02    0.127537E-02
 0.44524    0.344263E-02   -0.172151E-02    0.123927E-02
 0.45525    0.335082E-02   -0.167544E-02    0.120446E-02
 0.46526    0.326230E-02   -0.163101E-02    0.117088E-02
 0.47526    0.317690E-02   -0.158815E-02    0.113848E-02
 0.48527    0.309449E-02   -0.154678E-02    0.110720E-02
 0.49527    0.301492E-02   -0.150683E-02    0.107698E-02
 0.50528    0.293806E-02   -0.146824E-02    0.104779E-02
 0.51528    0.286380E-02   -0.143094E-02    0.101956E-02
 0.52529    0.279200E-02   -0.139488E-02    0.992263E-03
 0.53529    0.272258E-02   -0.136000E-02    0.965853E-03
 0.54530    0.265541E-02   -0.132625E-02    0.940293E-03
 0.55531    0.259041E-02   -0.129358E-02    0.915546E-03
 0.56531    0.252748E-02   -0.126195E-02    0.891577E-03
 0.57532    0.246654E-02   -0.123131E-02    0.868354E-03
 0.58532    0.240750E-02   -0.120162E-02    0.845846E-03
 0.59533    0.235028E-02   -0.117284E-02    0.824024E-03
 0.60533    0.229482E-02   -0.114494E-02    0.802862E-03
 0.61534    0.224104E-02   -0.111788E-02    0.782332E-03
 0.62534    0.218887E-02   -0.109163E-02    0.762410E-03
 0.63535    0.213825E-02   -0.106615E-02    0.743072E-03
 0.64536    0.208913E-02   -0.104142E-02    0.724295E-03
 0.65536    0.204143E-02   -0.101741E-02    0.706059E-03
 0.66537    0.199512E-02   -0.994084E-03    0.688342E-03
 0.67537    0.195013E-02   -0.971422E-03    0.671126E-03
 0.68538    0.190642E-02   -0.949401E-03    0.654392E-03
 0.69538    0.186394E-02   -0.927995E-03    0.638123E-03
 0.70539    0.182265E-02   -0.907183E-03    0.622302E-03
 0.71539    0.178250E-02   -0.886943E-03    0.606913E-03
 0.72540    0.174346E-02   -0.867255E-03    0.591941E-03
 0.73541    0.170547E-02   -0.848099E-03    0.577371E-03
 0.74541    0.166852E-02   -0.829456E-03    0.563190E-03
 0.75542    0.163255E-02   -0.811310E-03    0.549383E-03
 0.76542    0.159755E-02   -0.793643E-03    0.535939E-03
 0.77543    0.156346E-02   -0.776440E-03    0.522846E-03
 0.78543    0.153027E-02   -0.759683E-03    0.510091E-03
 0.79544    0.149795E-02   -0.743359E-03    0.497664E-03
 0.80544    0.146646E-02   -0.727453E-03    0.485553E-03
 0.81545    0.143578E-02   -0.711952E-03    0.473750E-03
 0.82546    0.140588E-02   -0.696843E-03    0.462243E-03
 0.83546    0.137673E-02   -0.682112E-03    0.451024E-03
 0.84547    0.134832E-02   -0.667748E-03    0.440084E-03
 0.85547    0.132062E-02   -0.653740E-03    0.429413E-03
 0.86548    0.129360E-02   -0.640075E-03    0.419004E-03
 0.87548    0.126725E-02   -0.626744E-03    0.408849E-03
 0.88549    0.124154E-02   -0.613736E-03    0.398939E-03
 0.89549    0.121646E-02   -0.601041E-03    0.389268E-03
 0.90550    0.119198E-02   -0.588651E-03    0.379828E-03
 0.91551    0.116810E-02   -0.576555E-03    0.370612E-03
 0.92551    0.114478E-02   -0.564744E-03    0.361615E-03
 0.93552    0.112201E-02   -0.553212E-03    0.352829E-03
 0.94552    0.109978E-02   -0.541950E-03    0.344249E-03
 0.95553    0.107808E-02   -0.530949E-03    0.335869E-03
 0.96553    0.105688E-02   -0.520202E-03    0.327683E-03
 0.97554    0.103617E-02   -0.509702E-03    0.319685E-03
 0.98555    0.101594E-02   -0.499442E-03    0.311871E-03
 0.99555    0.996174E-03   -0.489415E-03    0.304235E-03
 1.00556    0.976859E-03   -0.479614E-03    0.296773E-03
 1.01556    0.957981E-03   -0.470034E-03    0.289479E-03
 1.02557    0.939530E-03   -0.460668E-03    0.282349E-03
 1.03557    0.921493E-03   -0.451510E-03    0.275379E-03
 1.04558    0.903859E-03   -0.442554E-03    0.268564E-03
 1.05558    0.886617E-03   -0.433795E-03    0.261900E-03
 1.06559    0.869756E-03   -0.425228E-03    0.255384E-03
 1.07560    0.853266E-03   -0.416848E-03    0.249011E-03
 1.08560    0.837138E-03   -0.408650E-03    0.242778E-03
 1.09561    0.821362E-03   -0.400629E-03    0.236681E-03
 1.10561    0.805928E-03   -0.392780E-03    0.230717E-03
 1.11562    0.790828E-03   -0.385100E-03    0.224882E-03
 1.12562    0.776053E-03   -0.377582E-03    0.219173E-03
 1.13563    0.761594E-03   -0.370224E-03    0.213588E-03
 1.14563    0.747444E-03   -0.363022E-03    0.208122E-03
 1.15564    0.733594E-03   -0.355971E-03    0.202772E-03
 1.16565    0.720037E-03   -0.349067E-03    0.197537E-03
 1.17565    0.706765E-03   -0.342307E-03    0.192413E-03
 1.18566    0.693772E-03   -0.335688E-03    0.187398E-03
 1.19566    0.681050E-03   -0.329205E-03    0.182488E-03
 1.20567    0.668592E-03   -0.322856E-03    0.177682E-03
 1.21567    0.656393E-03   -0.316637E-03    0.172977E-03
 1.22568    0.644445E-03   -0.310545E-03    0.168370E-03
 1.23568    0.632743E-03   -0.304577E-03    0.163859E-03
 1.24569    0.621281E-03   -0.298730E-03    0.159442E-03
 1.25570    0.610052E-03   -0.293001E-03    0.155117E-03
 1.26570    0.599052E-03   -0.287388E-03    0.150886E-03
 1.27571    0.588274E-03   -0.281887E-03    0.146738E-03
 1.28571    0.577714E-03   -0.276495E-03    0.142675E-03
 1.29572    0.567366E-03   -0.271212E-03    0.138697E-03
 1.30572    0.557225E-03   -0.266032E-03    0.134796E-03
 1.31573    0.547287E-03   -0.260956E-03    0.130979E-03
 1.32573    0.537547E-03   -0.255979E-03    0.127239E-03
 1.33574    0.528000E-03   -0.251101E-03    0.123576E-03
 1.34575    0.518642E-03   -0.246318E-03    0.119988E-03
 1.35575    0.509468E-03   -0.241628E-03    0.116473E-03
 1.36576    0.500475E-03   -0.237030E-03    0.113029E-03
 1.37576    0.491657E-03   -0.232521E-03    0.109655E-03
 1.38577    0.483013E-03   -0.228099E-03    0.106349E-03
 1.39577    0.474537E-03   -0.223763E-03    0.103110E-03
 1.40578    0.466225E-03   -0.219510E-03    0.999366E-04
 1.41578    0.458074E-03   -0.215339E-03    0.968269E-04
 1.42579    0.450081E-03   -0.211247E-03    0.937801E-04
 1.43580    0.442242E-03   -0.207234E-03    0.907947E-04
 1.44580    0.434553E-03   -0.203298E-03    0.878686E-04
 1.45581    0.427012E-03   -0.199436E-03    0.850020E-04
 1.46581    0.419615E-03   -0.195647E-03    0.821929E-04
 1.47582    0.412359E-03   -0.191930E-03    0.794393E-04
 1.48582    0.405242E-03   -0.188284E-03    0.767430E-04
 1.49583    0.398260E-03   -0.184706E-03    0.740997E-04
 1.50583    0.391410E-03   -0.181195E-03    0.715101E-04
 1.51584    0.384689E-03   -0.177751E-03    0.689718E-04
 1.52585    0.378096E-03   -0.174371E-03    0.664839E-04
 1.53585    0.371627E-03   -0.171054E-03    0.640465E-04
 1.54586    0.365280E-03   -0.167799E-03    0.616580E-04
 1.55586    0.359052E-03   -0.164605E-03    0.593176E-04
 1.56587    0.352942E-03   -0.161471E-03    0.570242E-04
 1.57587    0.346945E-03   -0.158395E-03    0.547769E-04
 1.58588    0.341062E-03   -0.155376E-03    0.525749E-04
 1.59588    0.335288E-03   -0.152414E-03    0.504173E-04
 1.60589    0.329622E-03   -0.149506E-03    0.483033E-04
 1.61590    0.324062E-03   -0.146653E-03    0.462320E-04
 1.62590    0.318606E-03   -0.143852E-03    0.442027E-04
 1.63591    0.313251E-03   -0.141104E-03    0.422145E-04
 1.64591    0.307997E-03   -0.138406E-03    0.402668E-04
 1.65592    0.302840E-03   -0.135759E-03    0.383589E-04
 1.66592    0.297780E-03   -0.133160E-03    0.364898E-04
 1.67593    0.292814E-03   -0.130610E-03    0.346591E-04
 1.68593    0.287941E-03   -0.128108E-03    0.328660E-04
 1.69594    0.283159E-03   -0.125652E-03    0.311099E-04
 1.70595    0.278466E-03   -0.123241E-03    0.293901E-04
 1.71595    0.273862E-03   -0.120876E-03    0.277061E-04
 1.72596    0.269343E-03   -0.118555E-03    0.260571E-04
 1.73596    0.264910E-03   -0.116277E-03    0.244427E-04
 1.74597    0.260560E-03   -0.114042E-03    0.228621E-04
 1.75597    0.256292E-03   -0.111849E-03    0.213152E-04
 1.76598    0.252105E-03   -0.109697E-03    0.198010E-04
 1.77598    0.247997E-03   -0.107587E-03    0.183194E-04
 1.78599    0.243968E-03   -0.105516E-03    0.168696E-04
 1.79600    0.240015E-03   -0.103484E-03    0.154511E-04
 1.80600    0.236139E-03   -0.101492E-03    0.140636E-04
 1.81601    0.232337E-03   -0.995376E-04    0.127065E-04
 1.82601    0.228608E-03   -0.976212E-04    0.113795E-04
 1.83602    0.224953E-03   -0.957421E-04    0.100821E-04
 1.84602    0.221369E-03   -0.938997E-04    0.881401E-05
 1.85603    0.217855E-03   -0.920933E-04    0.757461E-05
 1.86603    0.214412E-03   -0.903229E-04    0.636376E-05
 1.87604    0.211037E-03   -0.885878E-04    0.518096E-05
 1.88605    0.207730E-03   -0.868875E-04    0.402593E-05
 1.89605    0.204490E-03   -0.852218E-04    0.289827E-05
 1.90606    0.201316E-03   -0.835900E-04    0.179767E-05
 1.91606    0.198209E-03   -0.819911E-04    0.723827E-06
 1.92607    0.195165E-03   -0.804270E-04   -0.323567E-06
 1.93607    0.192186E-03   -0.788950E-04   -0.134494E-05
 1.94608    0.189270E-03   -0.773956E-04   -0.234038E-05
 1.95608    0.186417E-03   -0.759284E-04   -0.331036E-05
 1.96609    0.183626E-03   -0.744926E-04   -0.425500E-05
 1.97610    0.180897E-03   -0.730888E-04   -0.517459E-05
 1.98610    0.178228E-03   -0.717161E-04   -0.606943E-05
 1.99611    0.175619E-03   -0.703780E-04   -0.693941E-05
 2.00611    0.173070E-03   -0.690670E-04   -0.778578E-05
 2.01612    0.170581E-03   -0.677862E-04   -0.860745E-05
 2.02612    0.168149E-03   -0.665358E-04   -0.940566E-05
 2.03613    0.165776E-03   -0.653145E-04   -0.101804E-04
 2.04613    0.163460E-03   -0.641229E-04   -0.109319E-04
 2.05614    0.161200E-03   -0.629606E-04   -0.116602E-04
 2.06615    0.158997E-03   -0.618235E-04   -0.123658E-04
 2.07615    0.156850E-03   -0.607186E-04   -0.130487E-04
 2.08616    0.154758E-03   -0.596421E-04   -0.137093E-04
 2.09616    0.152720E-03   -0.585936E-04   -0.143477E-04
 2.10617    0.150737E-03   -0.575729E-04   -0.149644E-04
 2.11617    0.148807E-03   -0.565796E-04   -0.155593E-04
 2.12618    0.146930E-03   -0.556134E-04   -0.161328E-04
 2.13618    0.145104E-03   -0.546739E-04   -0.166853E-04
 2.14619    0.143331E-03   -0.537609E-04   -0.172170E-04
 2.15620    0.141608E-03   -0.528739E-04   -0.177282E-04
 2.16620    0.139935E-03   -0.520127E-04   -0.182192E-04
 2.17621    0.138312E-03   -0.511769E-04   -0.186901E-04
 2.18621    0.136737E-03   -0.503659E-04   -0.191413E-04
 2.19622    0.135210E-03   -0.495796E-04   -0.195734E-04
 2.20622    0.133730E-03   -0.488168E-04   -0.199866E-04
 2.21623    0.132296E-03   -0.480788E-04   -0.203812E-04
 2.22623    0.130907E-03   -0.473633E-04   -0.207577E-04
 2.23624    0.129562E-03   -0.466704E-04   -0.211164E-04
 2.24625    0.128260E-03   -0.459996E-04   -0.214577E-04
 2.25625    0.127000E-03   -0.453503E-04   -0.217821E-04
 2.26626    0.125781E-03   -0.447221E-04   -0.220903E-04
 2.27626    0.124601E-03   -0.441141E-04   -0.223823E-04
 2.28627    0.123460E-03   -0.435257E-04   -0.226589E-04
 2.29627    0.122355E-03   -0.429565E-04   -0.229204E-04
 2.30628    0.121286E-03   -0.424057E-04   -0.231676E-04
 2.31628    0.120251E-03   -0.418724E-04   -0.234008E-04
 2.32629    0.119249E-03   -0.413559E-04   -0.236213E-04
 2.33630    0.118277E-03   -0.408554E-04   -0.238289E-04
 2.34630    0.117335E-03   -0.403701E-04   -0.240245E-04
 2.35631    0.116421E-03   -0.398992E-04   -0.242088E-04
 2.36631    0.115532E-03   -0.394417E-04   -0.243825E-04
 2.37632    0.114668E-03   -0.389968E-04   -0.245462E-04
 2.38632    0.113826E-03   -0.385635E-04   -0.247007E-04
 2.39633    0.113005E-03   -0.381409E-04   -0.248468E-04
 2.40633    0.112202E-03   -0.377282E-04   -0.249850E-04
 2.41634    0.111416E-03   -0.373242E-04   -0.251163E-04
 2.42635    0.110644E-03   -0.369278E-04   -0.252414E-04
 2.43635    0.109884E-03   -0.365381E-04   -0.253611E-04
 2.44636    0.109136E-03   -0.361541E-04   -0.254760E-04
 2.45636    0.108395E-03   -0.357747E-04   -0.255873E-04
 2.46637    0.107661E-03   -0.353987E-04   -0.256956E-04
 2.47637    0.106930E-03   -0.350253E-04   -0.258017E-04
 2.48638    0.106202E-03   -0.346532E-04   -0.259063E-04
 2.49638    0.105473E-03   -0.342814E-04   -0.260108E-04
 2.50639    0.104743E-03   -0.339088E-04   -0.261153E-04
 2.51640    0.104008E-03   -0.335344E-04   -0.262210E-04
 2.52640    0.103266E-03   -0.331571E-04   -0.263287E-04
 2.53641    0.102516E-03   -0.327759E-04   -0.264390E-04
 2.54641    0.101754E-03   -0.323897E-04   -0.265529E-04
 2.55642    0.100981E-03   -0.319976E-04   -0.266711E-04
 2.56642    0.100193E-03   -0.315984E-04   -0.267943E-04
 2.57643    0.993878E-04   -0.311913E-04   -0.269232E-04
 2.58643    0.985645E-04   -0.307754E-04   -0.270588E-04
 2.59644    0.977211E-04   -0.303497E-04   -0.272015E-04
 2.60645    0.968559E-04   -0.299134E-04   -0.273522E-04
 2.61645    0.959670E-04   -0.294656E-04   -0.275112E-04
 2.62646    0.950531E-04   -0.290055E-04   -0.276794E-04
 2.63646    0.941126E-04   -0.285325E-04   -0.278572E-04
 2.64647    0.931442E-04   -0.280458E-04   -0.280452E-04
 2.65647    0.921465E-04   -0.275447E-04   -0.282439E-04
 2.66648    0.911185E-04   -0.270288E-04   -0.284538E-04
 2.67648    0.900590E-04   -0.264973E-04   -0.286752E-04
 2.68649    0.889670E-04   -0.259500E-04   -0.289087E-04
 2.69650    0.878417E-04   -0.253862E-04   -0.291543E-04
 2.70650    0.866826E-04   -0.248057E-04   -0.294126E-04
 2.71651    0.854887E-04   -0.242082E-04   -0.296837E-04
 2.72651    0.842597E-04   -0.235934E-04   -0.299678E-04
 2.73652    0.829952E-04   -0.229611E-04   -0.302651E-04
 2.74652    0.816950E-04   -0.223111E-04   -0.305756E-04
 2.75653    0.803588E-04   -0.216434E-04   -0.308995E-04
 2.76654    0.789867E-04   -0.209580E-04   -0.312367E-04
 2.77654    0.775789E-04   -0.202549E-04   -0.315873E-04
 2.78655    0.761354E-04   -0.195344E-04   -0.319511E-04
 2.79655    0.746567E-04   -0.187963E-04   -0.323280E-04
 2.80656    0.731433E-04   -0.180412E-04   -0.327179E-04
 2.81656    0.715957E-04   -0.172692E-04   -0.331206E-04
 2.82657    0.700148E-04   -0.164807E-04   -0.335358E-04
 2.83657    0.684012E-04   -0.156762E-04   -0.339631E-04
 2.84658    0.667559E-04   -0.148559E-04   -0.344024E-04
 2.85659    0.650798E-04   -0.140205E-04   -0.348530E-04
 2.86659    0.633741E-04   -0.131706E-04   -0.353149E-04
 2.87660    0.616399E-04   -0.123066E-04   -0.357874E-04
 2.88660    0.598786E-04   -0.114292E-04   -0.362701E-04
 2.89661    0.580913E-04   -0.105392E-04   -0.367625E-04
 2.90661    0.562795E-04   -0.963708E-05   -0.372640E-04
 2.91662    0.544448E-04   -0.872365E-05   -0.377742E-04
 2.92662    0.525886E-04   -0.779969E-05   -0.382925E-04
 2.93663    0.507126E-04   -0.686603E-05   -0.388183E-04
 2.94664    0.488185E-04   -0.592352E-05   -0.393508E-04
 2.95664    0.469079E-04   -0.497295E-05   -0.398896E-04
 2.96665    0.449826E-04   -0.401520E-05   -0.404340E-04
 2.97665    0.430443E-04   -0.305117E-05   -0.409833E-04
 2.98666    0.410948E-04   -0.208173E-05   -0.415368E-04
 2.99666    0.391359E-04   -0.110780E-05   -0.420938E-04
 3.00667    0.371693E-04   -0.130248E-06   -0.426539E-04
 3.01667    0.351970E-04    0.849976E-06   -0.432161E-04
 3.02668    0.332206E-04    0.183202E-05   -0.437800E-04
 3.03669    0.312420E-04    0.281516E-05   -0.443448E-04
 3.04669    0.292630E-04    0.379817E-05   -0.449096E-04
 3.05670    0.272852E-04    0.478035E-05   -0.454742E-04
 3.06670    0.253106E-04    0.576076E-05   -0.460375E-04
 3.07671    0.233407E-04    0.673855E-05   -0.465992E-04
 3.08671    0.213774E-04    0.771286E-05   -0.471586E-04
 3.09672    0.194221E-04    0.868297E-05   -0.477149E-04
 3.10672    0.174766E-04    0.964806E-05   -0.482677E-04
 3.11673    0.155424E-04    0.106073E-04   -0.488163E-04
 3.12674    0.136210E-04    0.115599E-04   -0.493602E-04
 3.13674    0.117140E-04    0.125052E-04   -0.498989E-04
 3.14675    0.982260E-05    0.134424E-04   -0.504317E-04
 3.15675    0.794832E-05    0.143709E-04   -0.509581E-04
 3.16676    0.609244E-05    0.152900E-04   -0.514777E-04
 3.17676    0.425621E-05    0.161990E-04   -0.519900E-04
 3.18677    0.244081E-05    0.170974E-04   -0.524946E-04
 3.19677    0.647357E-06    0.179847E-04   -0.529912E-04
 3.20678   -0.112308E-05    0.188602E-04   -0.534791E-04
 3.21679   -0.286951E-05    0.197235E-04   -0.539582E-04
 3.22679   -0.459101E-05    0.205742E-04   -0.544279E-04
 3.23680   -0.628670E-05    0.214118E-04   -0.548881E-04
 3.24680   -0.795578E-05    0.222359E-04   -0.553383E-04
 3.25681   -0.959752E-05    0.230461E-04   -0.557786E-04
 3.26681   -0.112112E-04    0.238421E-04   -0.562082E-04
 3.27682   -0.127962E-04    0.246236E-04   -0.566273E-04
 3.28682   -0.143521E-04    0.253902E-04   -0.570354E-04
 3.29683   -0.158779E-04    0.261418E-04   -0.574326E-04
 3.30684   -0.173740E-04    0.268780E-04   -0.578186E-04
 3.31684   -0.188393E-04    0.275988E-04   -0.581930E-04
 3.32685   -0.202737E-04    0.283040E-04   -0.585560E-04
 3.33685   -0.216769E-04    0.289933E-04   -0.589075E-04
 3.34686   -0.230487E-04    0.296668E-04   -0.592472E-04
 3.35686   -0.243890E-04    0.303243E-04   -0.595753E-04
 3.36687   -0.256975E-04    0.309658E-04   -0.598916E-04
 3.37687   -0.269744E-04    0.315912E-04   -0.601961E-04
 3.38688   -0.282194E-04    0.322005E-04   -0.604887E-04
 3.39689   -0.294327E-04    0.327938E-04   -0.607696E-04
 3.40689   -0.306144E-04    0.333711E-04   -0.610387E-04
 3.41690   -0.317645E-04    0.339323E-04   -0.612961E-04
 3.42690   -0.328831E-04    0.344777E-04   -0.615419E-04
 3.43691   -0.339705E-04    0.350073E-04   -0.617759E-04
 3.44691   -0.350269E-04    0.355211E-04   -0.619985E-04
 3.45692   -0.360524E-04    0.360193E-04   -0.622097E-04
 3.46692   -0.370473E-04    0.365021E-04   -0.624095E-04
 3.47693   -0.380120E-04    0.369695E-04   -0.625981E-04
 3.48694   -0.389468E-04    0.374218E-04   -0.627757E-04
 3.49694   -0.398519E-04    0.378591E-04   -0.629422E-04
 3.50695   -0.407277E-04    0.382816E-04   -0.630978E-04
 3.51695   -0.415747E-04    0.386895E-04   -0.632429E-04
 3.52696   -0.423933E-04    0.390830E-04   -0.633774E-04
 3.53696   -0.431840E-04    0.394623E-04   -0.635016E-04
 3.54697   -0.439469E-04    0.398276E-04   -0.636155E-04
 3.55697   -0.446828E-04    0.401792E-04   -0.637195E-04
 3.56698   -0.453921E-04    0.405173E-04   -0.638136E-04
 3.57699   -0.460752E-04    0.408421E-04   -0.638978E-04
 3.58699   -0.467325E-04    0.411540E-04   -0.639729E-04
 3.59700   -0.473647E-04    0.414530E-04   -0.640386E-04
 3.60700   -0.479722E-04    0.417395E-04   -0.640951E-04
 3.61701   -0.485555E-04    0.420138E-04   -0.641428E-04
 3.62701   -0.491151E-04    0.422760E-04   -0.641817E-04
 3.63702   -0.496514E-04    0.425265E-04   -0.642121E-04
 3.64702   -0.501651E-04    0.427654E-04   -0.642341E-04
 3.65703   -0.506566E-04    0.429931E-04   -0.642480E-04
 3.66704   -0.511265E-04    0.432099E-04   -0.642540E-04
 3.67704   -0.515752E-04    0.434159E-04   -0.642523E-04
 3.68705   -0.520032E-04    0.436114E-04   -0.642430E-04
 3.69705   -0.524112E-04    0.437966E-04   -0.642263E-04
 3.70706   -0.527995E-04    0.439719E-04   -0.642025E-04
 3.71706   -0.531687E-04    0.441375E-04   -0.641717E-04
 3.72707   -0.535192E-04    0.442937E-04   -0.641341E-04
 3.73707   -0.538516E-04    0.444406E-04   -0.640898E-04
 3.74708   -0.541663E-04    0.445785E-04   -0.640392E-04
 3.75709   -0.544638E-04    0.447076E-04   -0.639823E-04
 3.76709   -0.547446E-04    0.448283E-04   -0.639193E-04
 3.77710   -0.550092E-04    0.449407E-04   -0.638506E-04
 3.78710   -0.552579E-04    0.450450E-04   -0.637761E-04
 3.79711   -0.554914E-04    0.451416E-04   -0.636961E-04
 3.80711   -0.557100E-04    0.452305E-04   -0.636106E-04
 3.81712   -0.559141E-04    0.453121E-04   -0.635201E-04
 3.82712   -0.561041E-04    0.453865E-04   -0.634244E-04
 3.83713   -0.562805E-04    0.454540E-04   -0.633239E-04
 3.84714   -0.564438E-04    0.455147E-04   -0.632187E-04
 3.85714   -0.565942E-04    0.455690E-04   -0.631089E-04
 3.86715   -0.567322E-04    0.456169E-04   -0.629947E-04
 3.87715   -0.568582E-04    0.456586E-04   -0.628763E-04
 3.88716   -0.569725E-04    0.456944E-04   -0.627537E-04
 3.89716   -0.570756E-04    0.457245E-04   -0.626271E-04
 3.90717   -0.571677E-04    0.457488E-04   -0.624966E-04
 3.91717   -0.572492E-04    0.457678E-04   -0.623624E-04
 3.92718   -0.573205E-04    0.457816E-04   -0.622248E-04
 3.93719   -0.573819E-04    0.457903E-04   -0.620838E-04
 3.94719   -0.574337E-04    0.457941E-04   -0.619393E-04
 3.95720   -0.574763E-04    0.457932E-04   -0.617914E-04
 3.96720   -0.575099E-04    0.457876E-04   -0.616407E-04
 3.97721   -0.575348E-04    0.457777E-04   -0.614870E-04
 3.98721   -0.575514E-04    0.457634E-04   -0.613304E-04
 3.99722   -0.575599E-04    0.457450E-04   -0.611711E-04
 4.00722   -0.575606E-04    0.457225E-04   -0.610090E-04
 4.01723   -0.575538E-04    0.456962E-04   -0.608445E-04
 4.02724   -0.575397E-04    0.456662E-04   -0.606775E-04
 4.03724   -0.575185E-04    0.456325E-04   -0.605081E-04
 4.04725   -0.574906E-04    0.455954E-04   -0.603365E-04
 4.05725   -0.574562E-04    0.455549E-04   -0.601628E-04
 4.06726   -0.574155E-04    0.455111E-04   -0.599869E-04
 4.07726   -0.573686E-04    0.454642E-04   -0.598091E-04
 4.08727   -0.573159E-04    0.454142E-04   -0.596294E-04
 4.09727   -0.572575E-04    0.453614E-04   -0.594478E-04
 4.10728   -0.571937E-04    0.453057E-04   -0.592645E-04
 4.11729   -0.571246E-04    0.452473E-04   -0.590796E-04
 4.12729   -0.570504E-04    0.451862E-04   -0.588930E-04
 4.13730   -0.569714E-04    0.451227E-04   -0.587049E-04
 4.14730   -0.568877E-04    0.450567E-04   -0.585154E-04
 4.15731   -0.567994E-04    0.449883E-04   -0.583245E-04
 4.16731   -0.567068E-04    0.449177E-04   -0.581323E-04
 4.17732   -0.566100E-04    0.448449E-04   -0.579388E-04
 4.18732   -0.565092E-04    0.447701E-04   -0.577443E-04
 4.19733   -0.564045E-04    0.446932E-04   -0.575484E-04
 4.20734   -0.562961E-04    0.446143E-04   -0.573516E-04
 4.21734   -0.561841E-04    0.445336E-04   -0.571537E-04
 4.22735   -0.560686E-04    0.444511E-04   -0.569549E-04
 4.23735   -0.559499E-04    0.443669E-04   -0.567551E-04
 4.24736   -0.558279E-04    0.442810E-04   -0.565545E-04
 4.25736   -0.557030E-04    0.441935E-04   -0.563531E-04
 4.26737   -0.555751E-04    0.441045E-04   -0.561509E-04
 4.27737   -0.554444E-04    0.440140E-04   -0.559480E-04
 4.28738   -0.553110E-04    0.439222E-04   -0.557444E-04
 4.29739   -0.551750E-04    0.438289E-04   -0.555401E-04
 4.30739   -0.550365E-04    0.437344E-04   -0.553353E-04
 4.31740   -0.548957E-04    0.436385E-04   -0.551300E-04
 4.32740   -0.547526E-04    0.435416E-04   -0.549242E-04
 4.33741   -0.546073E-04    0.434434E-04   -0.547178E-04
 4.34741   -0.544600E-04    0.433442E-04   -0.545110E-04
 4.35742   -0.543107E-04    0.432439E-04   -0.543038E-04
 4.36742   -0.541595E-04    0.431426E-04   -0.540962E-04
 4.37743   -0.540064E-04    0.430403E-04   -0.538883E-04
 4.38744   -0.538517E-04    0.429371E-04   -0.536801E-04
 4.39744   -0.536953E-04    0.428331E-04   -0.534716E-04
 4.40745   -0.535373E-04    0.427282E-04   -0.532628E-04
 4.41745   -0.533779E-04    0.426225E-04   -0.530538E-04
 4.42746   -0.532170E-04    0.425161E-04   -0.528447E-04
 4.43746   -0.530548E-04    0.424089E-04   -0.526353E-04
 4.44747   -0.528913E-04    0.423011E-04   -0.524259E-04
 4.45747   -0.527266E-04    0.421926E-04   -0.522164E-04
 4.46748   -0.525608E-04    0.420835E-04   -0.520067E-04
 4.47749   -0.523938E-04    0.419737E-04   -0.517970E-04
 4.48749   -0.522259E-04    0.418635E-04   -0.515874E-04
 4.49750   -0.520569E-04    0.417527E-04   -0.513777E-04
 4.50750   -0.518870E-04    0.416414E-04   -0.511681E-04
 4.51751   -0.517163E-04    0.415296E-04   -0.509584E-04
 4.52751   -0.515448E-04    0.414174E-04   -0.507489E-04
 4.53752   -0.513725E-04    0.413048E-04   -0.505396E-04
 4.54753   -0.511995E-04    0.411918E-04   -0.503303E-04
 4.55753   -0.510258E-04    0.410784E-04   -0.501213E-04
 4.56754   -0.508515E-04    0.409647E-04   -0.499124E-04
 4.57754   -0.506767E-04    0.408506E-04   -0.497037E-04
 4.58755   -0.505013E-04    0.407363E-04   -0.494953E-04
 4.59755   -0.503254E-04    0.406217E-04   -0.492871E-04
 4.60756   -0.501491E-04    0.405068E-04   -0.490791E-04
 4.61756   -0.499724E-04    0.403917E-04   -0.488715E-04
 4.62757   -0.497953E-04    0.402764E-04   -0.486642E-04
 4.63758   -0.496179E-04    0.401609E-04   -0.484572E-04
 4.64758   -0.494402E-04    0.400452E-04   -0.482506E-04
 4.65759   -0.492622E-04    0.399294E-04   -0.480443E-04
 4.66759   -0.490840E-04    0.398134E-04   -0.478384E-04
 4.67760   -0.489056E-04    0.396973E-04   -0.476329E-04
 4.68760   -0.487270E-04    0.395811E-04   -0.474278E-04
 4.69761   -0.485483E-04    0.394648E-04   -0.472231E-04
 4.70761   -0.483695E-04    0.393484E-04   -0.470188E-04
 4.71762   -0.481906E-04    0.392320E-04   -0.468151E-04
 4.72763   -0.480117E-04    0.391155E-04   -0.466117E-04
 4.73763   -0.478327E-04    0.389990E-04   -0.464088E-04
 4.74764   -0.476538E-04    0.388825E-04   -0.462064E-04
 4.75764   -0.474749E-04    0.387660E-04   -0.460044E-04
 4.76765   -0.472960E-04    0.386495E-04   -0.458029E-04
 4.77765   -0.471172E-04    0.385330E-04   -0.456019E-04
 4.78766   -0.469385E-04    0.384166E-04   -0.454014E-04
 4.79766   -0.467599E-04    0.383002E-04   -0.452013E-04
 4.80767   -0.465815E-04    0.381838E-04   -0.450018E-04
 4.81768   -0.464033E-04    0.380676E-04   -0.448028E-04
 4.82768   -0.462252E-04    0.379514E-04   -0.446043E-04
 4.83769   -0.460474E-04    0.378353E-04   -0.444063E-04
 4.84769   -0.458697E-04    0.377193E-04   -0.442088E-04
 4.85770   -0.456924E-04    0.376035E-04   -0.440118E-04
 4.86770   -0.455153E-04    0.374877E-04   -0.438155E-04
 4.87771   -0.453385E-04    0.373722E-04   -0.436194E-04
 4.88771   -0.451619E-04    0.372567E-04   -0.434240E-04
 4.89772   -0.449858E-04    0.371414E-04   -0.432291E-04
 4.90773   -0.448099E-04    0.370263E-04   -0.430347E-04
 4.91773   -0.446344E-04    0.369113E-04   -0.428409E-04
 4.92774   -0.444593E-04    0.367966E-04   -0.426476E-04
 4.93774   -0.442846E-04    0.366820E-04   -0.424548E-04
 4.94775   -0.441103E-04    0.365676E-04   -0.422626E-04
 4.95775   -0.439364E-04    0.364535E-04   -0.420709E-04
 4.96776   -0.437630E-04    0.363395E-04   -0.418798E-04
 4.97776   -0.435900E-04    0.362258E-04   -0.416892E-04
 4.98777   -0.434175E-04    0.361124E-04   -0.414992E-04
 4.99778   -0.432454E-04    0.359991E-04   -0.413098E-04
 5.00778   -0.430738E-04    0.358861E-04   -0.411209E-04
 5.01779   -0.429028E-04    0.357734E-04   -0.409325E-04
 5.02779   -0.427323E-04    0.356609E-04   -0.407448E-04
 5.03780   -0.425623E-04    0.355487E-04   -0.405576E-04
 5.04780   -0.423928E-04    0.354368E-04   -0.403711E-04
 5.05781   -0.422239E-04    0.353252E-04   -0.401851E-04
 5.06781   -0.420556E-04    0.352138E-04   -0.399997E-04
 5.07782   -0.418878E-04    0.351028E-04   -0.398149E-04
 5.08783   -0.417207E-04    0.349920E-04   -0.396307E-04
 5.09783   -0.415541E-04    0.348816E-04   -0.394471E-04
 5.10784   -0.413882E-04    0.347715E-04   -0.392641E-04
 5.11784   -0.412228E-04    0.346617E-04   -0.390818E-04
 5.12785   -0.410581E-04    0.345522E-04   -0.389001E-04
 5.13785   -0.408941E-04    0.344430E-04   -0.387190E-04
 5.14786   -0.407306E-04    0.343342E-04   -0.385385E-04
 5.15786   -0.405679E-04    0.342257E-04   -0.383587E-04
 5.16787   -0.404058E-04    0.341176E-04   -0.381795E-04
 5.17788   -0.402443E-04    0.340098E-04   -0.380010E-04
 5.18788   -0.400836E-04    0.339023E-04   -0.378231E-04
 5.19789   -0.399235E-04    0.337952E-04   -0.376459E-04
 5.20789   -0.397641E-04    0.336885E-04   -0.374693E-04
 5.21790   -0.396054E-04    0.335821E-04   -0.372934E-04
 5.22790   -0.394474E-04    0.334761E-04   -0.371181E-04
 5.23791   -0.392901E-04    0.333705E-04   -0.369435E-04
 5.24791   -0.391335E-04    0.332652E-04   -0.367696E-04
 5.25792   -0.389776E-04    0.331603E-04   -0.365963E-04
 5.26793   -0.388225E-04    0.330558E-04   -0.364237E-04
 5.27793   -0.386680E-04    0.329516E-04   -0.362517E-04
 5.28794   -0.385143E-04    0.328479E-04   -0.360805E-04
 5.29794   -0.383613E-04    0.327445E-04   -0.359099E-04
 5.30795   -0.382090E-04    0.326415E-04   -0.357399E-04
 5.31795   -0.380575E-04    0.325388E-04   -0.355706E-04
 5.32796   -0.379066E-04    0.324366E-04   -0.354020E-04
 5.33796   -0.377565E-04    0.323347E-04   -0.352341E-04
 5.34797   -0.376071E-04    0.322332E-04   -0.350668E-04
 5.35798   -0.374584E-04    0.321321E-04   -0.349002E-04
 5.36798   -0.373105E-04    0.320314E-04   -0.347342E-04
 5.37799   -0.371633E-04    0.319310E-04   -0.345690E-04
 5.38799   -0.370168E-04    0.318311E-04   -0.344043E-04
 5.39800   -0.368710E-04    0.317315E-04   -0.342404E-04
 5.40800   -0.367259E-04    0.316323E-04   -0.340771E-04
 5.41801   -0.365815E-04    0.315335E-04   -0.339144E-04
 5.42801   -0.364379E-04    0.314350E-04   -0.337524E-04
 5.43802   -0.362949E-04    0.313370E-04   -0.335911E-04
 5.44803   -0.361526E-04    0.312393E-04   -0.334304E-04
 5.45803   -0.360111E-04    0.311419E-04   -0.332703E-04
 5.46804   -0.358702E-04    0.310450E-04   -0.331109E-04
 5.47804   -0.357299E-04    0.309484E-04   -0.329522E-04
 5.48805   -0.355904E-04    0.308521E-04   -0.327940E-04
 5.49805   -0.354516E-04    0.307563E-04   -0.326366E-04
 5.50806   -0.353134E-04    0.306607E-04   -0.324797E-04
 5.51806   -0.351758E-04    0.305656E-04   -0.323235E-04
 5.52807   -0.350389E-04    0.304708E-04   -0.321679E-04
 5.53808   -0.349027E-04    0.303764E-04   -0.320130E-04
 5.54808   -0.347671E-04    0.302822E-04   -0.318586E-04
 5.55809   -0.346321E-04    0.301885E-04   -0.317049E-04
 5.56809   -0.344977E-04    0.300950E-04   -0.315518E-04
 5.57810   -0.343640E-04    0.300019E-04   -0.313993E-04
 5.58810   -0.342309E-04    0.299092E-04   -0.312474E-04
 5.59811   -0.340983E-04    0.298167E-04   -0.310961E-04
 5.60811   -0.339664E-04    0.297246E-04   -0.309454E-04
 5.61812   -0.338350E-04    0.296328E-04   -0.307953E-04
 5.62813   -0.337042E-04    0.295413E-04   -0.306458E-04
 5.63813   -0.335740E-04    0.294502E-04   -0.304969E-04
 5.64814   -0.334443E-04    0.293593E-04   -0.303486E-04
 5.65814   -0.333152E-04    0.292688E-04   -0.302009E-04
 5.66815   -0.331866E-04    0.291785E-04   -0.300537E-04
 5.67815   -0.330585E-04    0.290886E-04   -0.299071E-04
 5.68816   -0.329310E-04    0.289989E-04   -0.297611E-04
 5.69816   -0.328039E-04    0.289096E-04   -0.296157E-04
 5.70817   -0.326774E-04    0.288205E-04   -0.294707E-04
 5.71818   -0.325514E-04    0.287317E-04   -0.293264E-04
 5.72818   -0.324259E-04    0.286432E-04   -0.291826E-04
 5.73819   -0.323008E-04    0.285549E-04   -0.290394E-04
 5.74819   -0.321763E-04    0.284669E-04   -0.288967E-04
 5.75820   -0.320522E-04    0.283792E-04   -0.287546E-04
 5.76820   -0.319285E-04    0.282918E-04   -0.286130E-04
 5.77821   -0.318053E-04    0.282046E-04   -0.284719E-04
 5.78821   -0.316826E-04    0.281176E-04   -0.283314E-04
 5.79822   -0.315603E-04    0.280309E-04   -0.281914E-04
 5.80823   -0.314384E-04    0.279445E-04   -0.280519E-04
 5.81823   -0.313170E-04    0.278583E-04   -0.279129E-04
 5.82824   -0.311959E-04    0.277724E-04   -0.277745E-04
 5.83824   -0.310753E-04    0.276867E-04   -0.276366E-04
 5.84825   -0.309551E-04    0.276012E-04   -0.274991E-04
 5.85825   -0.308353E-04    0.275160E-04   -0.273622E-04
 5.86826   -0.307159E-04    0.274310E-04   -0.272258E-04
 5.87826   -0.305968E-04    0.273462E-04   -0.270900E-04
 5.88827   -0.304782E-04    0.272616E-04   -0.269546E-04
 5.89828   -0.303599E-04    0.271773E-04   -0.268197E-04
 5.90828   -0.302420E-04    0.270932E-04   -0.266853E-04
 5.91829   -0.301245E-04    0.270094E-04   -0.265514E-04
 5.92829   -0.300074E-04    0.269257E-04   -0.264180E-04
 5.93830   -0.298906E-04    0.268423E-04   -0.262850E-04
 5.94830   -0.297742E-04    0.267591E-04   -0.261526E-04
 5.95831   -0.296581E-04    0.266761E-04   -0.260206E-04
 5.96831   -0.295424E-04    0.265933E-04   -0.258892E-04
 5.97832   -0.294271E-04    0.265108E-04   -0.257582E-04
 5.98833   -0.293121E-04    0.264284E-04   -0.256276E-04
 5.99833   -0.291975E-04    0.263463E-04   -0.254977E-04
 6.00834   -0.290832E-04    0.262643E-04   -0.253680E-04
 6.01834   -0.289692E-04    0.261826E-04   -0.252389E-04
 6.02835   -0.288556E-04    0.261011E-04   -0.251103E-04
 6.03835   -0.287423E-04    0.260198E-04   -0.249822E-04
 6.04836   -0.286294E-04    0.259387E-04   -0.248545E-04
 6.05836   -0.285168E-04    0.258578E-04   -0.247273E-04
 6.06837   -0.284045E-04    0.257771E-04   -0.246006E-04
 6.07838   -0.282926E-04    0.256966E-04   -0.244743E-04
 6.08838   -0.281811E-04    0.256164E-04   -0.243484E-04
 6.09839   -0.280698E-04    0.255363E-04   -0.242231E-04
 6.10839   -0.279589E-04    0.254564E-04   -0.240982E-04
 6.11840   -0.278484E-04    0.253768E-04   -0.239738E-04
 6.12840   -0.277381E-04    0.252974E-04   -0.238498E-04
 6.13841   -0.276283E-04    0.252181E-04   -0.237263E-04
 6.14841   -0.275187E-04    0.251391E-04   -0.236032E-04
 6.15842   -0.274095E-04    0.250603E-04   -0.234806E-04
 6.16843   -0.273006E-04    0.249817E-04   -0.233585E-04
 6.17843   -0.271921E-04    0.249033E-04   -0.232368E-04
 6.18844   -0.270839E-04    0.248251E-04   -0.231156E-04
 6.19844   -0.269761E-04    0.247471E-04   -0.229948E-04
 6.20845   -0.268686E-04    0.246694E-04   -0.228745E-04
 6.21845   -0.267614E-04    0.245918E-04   -0.227546E-04
 6.22846   -0.266546E-04    0.245145E-04   -0.226352E-04
 6.23846   -0.265482E-04    0.244373E-04   -0.225163E-04
 6.24847   -0.264421E-04    0.243604E-04   -0.223978E-04
 6.25848   -0.263363E-04    0.242837E-04   -0.222797E-04
 6.26848   -0.262309E-04    0.242073E-04   -0.221621E-04
 6.27849   -0.261259E-04    0.241310E-04   -0.220450E-04
 6.28849   -0.260212E-04    0.240549E-04   -0.219283E-04
 6.29850   -0.259168E-04    0.239791E-04   -0.218120E-04
 6.30850   -0.258128E-04    0.239035E-04   -0.216962E-04
 6.31851   -0.257092E-04    0.238281E-04   -0.215809E-04
 6.32852   -0.256060E-04    0.237529E-04   -0.214660E-04
 6.33852   -0.255030E-04    0.236780E-04   -0.213516E-04
 6.34853   -0.254005E-04    0.236033E-04   -0.212376E-04
 6.35853   -0.252983E-04    0.235288E-04   -0.211240E-04
 6.36854   -0.251965E-04    0.234545E-04   -0.210109E-04
 6.37854   -0.250951E-04    0.233804E-04   -0.208982E-04
 6.38855   -0.249940E-04    0.233066E-04   -0.207860E-04
 6.39855   -0.248933E-04    0.232330E-04   -0.206743E-04
 6.40856   -0.247929E-04    0.231596E-04   -0.205630E-04
 6.41857   -0.246930E-04    0.230864E-04   -0.204521E-04
 6.42857   -0.245934E-04    0.230135E-04   -0.203417E-04
 6.43858   -0.244941E-04    0.229408E-04   -0.202317E-04
 6.44858   -0.243953E-04    0.228683E-04   -0.201221E-04
 6.45859   -0.242968E-04    0.227961E-04   -0.200130E-04
 6.46859   -0.241987E-04    0.227241E-04   -0.199044E-04
 6.47860   -0.241010E-04    0.226523E-04   -0.197962E-04
 6.48860   -0.240037E-04    0.225807E-04   -0.196884E-04
 6.49861   -0.239067E-04    0.225094E-04   -0.195811E-04
 6.50862   -0.238101E-04    0.224383E-04   -0.194742E-04
 6.51862   -0.237139E-04    0.223674E-04   -0.193677E-04
 6.52863   -0.236181E-04    0.222968E-04   -0.192617E-04
 6.53863   -0.235227E-04    0.222264E-04   -0.191561E-04
 6.54864   -0.234276E-04    0.221563E-04   -0.190510E-04
 6.55864   -0.233330E-04    0.220863E-04   -0.189463E-04
 6.56865   -0.232387E-04    0.220166E-04   -0.188420E-04
 6.57865   -0.231448E-04    0.219472E-04   -0.187382E-04
 6.58866   -0.230513E-04    0.218779E-04   -0.186348E-04
 6.59867   -0.229581E-04    0.218090E-04   -0.185318E-04
 6.60867   -0.228654E-04    0.217402E-04   -0.184293E-04
 6.61868   -0.227730E-04    0.216717E-04   -0.183272E-04
 6.62868   -0.226811E-04    0.216034E-04   -0.182255E-04
 6.63869   -0.225895E-04    0.215353E-04   -0.181248E-04
 6.64869   -0.224983E-04    0.214675E-04   -0.180240E-04
 6.65870   -0.224075E-04    0.213999E-04   -0.179236E-04
 6.66870   -0.223171E-04    0.213326E-04   -0.178237E-04
 6.67871   -0.222271E-04    0.212655E-04   -0.177241E-04
 6.68872   -0.221374E-04    0.211986E-04   -0.176250E-04
 6.69872   -0.220482E-04    0.211320E-04   -0.175264E-04
 6.70873   -0.219593E-04    0.210656E-04   -0.174281E-04
 6.71873   -0.218708E-04    0.209994E-04   -0.173303E-04
 6.72874   -0.217827E-04    0.209335E-04   -0.172329E-04
 6.73874   -0.216950E-04    0.208678E-04   -0.171359E-04
 6.74875   -0.216077E-04    0.208023E-04   -0.170393E-04
 6.75875   -0.215208E-04    0.207371E-04   -0.169431E-04
 6.76876   -0.214342E-04    0.206721E-04   -0.168474E-04
 6.77877   -0.213481E-04    0.206074E-04   -0.167521E-04
 6.78877   -0.212623E-04    0.205428E-04   -0.166572E-04
 6.79878   -0.211769E-04    0.204786E-04   -0.165627E-04
 6.80878   -0.210919E-04    0.204145E-04   -0.164687E-04
 6.81879   -0.210073E-04    0.203507E-04   -0.163750E-04
 6.82879   -0.209231E-04    0.202871E-04   -0.162811E-04
 6.83880   -0.208392E-04    0.202238E-04   -0.161883E-04
 6.84880   -0.207558E-04    0.201607E-04   -0.160959E-04
 6.85881   -0.206727E-04    0.200978E-04   -0.160038E-04
 6.86882   -0.205900E-04    0.200352E-04   -0.159122E-04
 6.87882   -0.205077E-04    0.199727E-04   -0.158210E-04
 6.88883   -0.204258E-04    0.199106E-04   -0.157302E-04
 6.89883   -0.203442E-04    0.198486E-04   -0.156398E-04
 6.90884   -0.202631E-04    0.197869E-04   -0.155498E-04
 6.91884   -0.201823E-04    0.197254E-04   -0.154603E-04
 6.92885   -0.201019E-04    0.196642E-04   -0.153711E-04
 6.93885   -0.200219E-04    0.196032E-04   -0.152823E-04
 6.94886   -0.199422E-04    0.195424E-04   -0.151939E-04
 6.95887   -0.198630E-04    0.194819E-04   -0.151059E-04
 6.96887   -0.197841E-04    0.194215E-04   -0.150183E-04
 6.97888   -0.197056E-04    0.193614E-04   -0.149311E-04
 6.98888   -0.196274E-04    0.193016E-04   -0.148443E-04
 6.99889   -0.195497E-04    0.192420E-04   -0.147579E-04
 7.00889   -0.194723E-04    0.191826E-04   -0.146718E-04
 7.01890   -0.193953E-04    0.191234E-04   -0.145862E-04
 7.02890   -0.193186E-04    0.190644E-04   -0.145009E-04
 7.03891   -0.192423E-04    0.190057E-04   -0.144161E-04
 7.04892   -0.191664E-04    0.189472E-04   -0.143316E-04
 7.05892   -0.190909E-04    0.188890E-04   -0.142475E-04
 7.06893   -0.190157E-04    0.188309E-04   -0.141638E-04
 7.07893   -0.189410E-04    0.187731E-04   -0.140805E-04
 7.08894   -0.188665E-04    0.187155E-04   -0.139976E-04
 7.09894   -0.187925E-04    0.186582E-04   -0.139150E-04
 7.10895   -0.187187E-04    0.186010E-04   -0.138328E-04
 7.11895   -0.186454E-04    0.185441E-04   -0.137510E-04
 7.12896   -0.185724E-04    0.184874E-04   -0.136696E-04
 7.13897   -0.184998E-04    0.184309E-04   -0.135885E-04
 7.14897   -0.184275E-04    0.183747E-04   -0.135078E-04
 7.15898   -0.183556E-04    0.183186E-04   -0.134275E-04
 7.16898   -0.182841E-04    0.182628E-04   -0.133476E-04
 7.17899   -0.182129E-04    0.182072E-04   -0.132680E-04
 7.18899   -0.181420E-04    0.181519E-04   -0.131888E-04
 7.19900   -0.180715E-04    0.180967E-04   -0.131100E-04
 7.20900   -0.180014E-04    0.180417E-04   -0.130315E-04
 7.21901   -0.179316E-04    0.179870E-04   -0.129534E-04
 7.22902   -0.178621E-04    0.179325E-04   -0.128756E-04
 7.23902   -0.177930E-04    0.178782E-04   -0.127983E-04
 7.24903   -0.177243E-04    0.178241E-04   -0.127212E-04
 7.25903   -0.176559E-04    0.177702E-04   -0.126446E-04
 7.26904   -0.175878E-04    0.177166E-04   -0.125682E-04
 7.27904   -0.175200E-04    0.176631E-04   -0.124923E-04
 7.28905   -0.174526E-04    0.176099E-04   -0.124167E-04
 7.29905   -0.173856E-04    0.175569E-04   -0.123414E-04
 7.30906   -0.173188E-04    0.175040E-04   -0.122665E-04
 7.31907   -0.172524E-04    0.174514E-04   -0.121920E-04
 7.32907   -0.171864E-04    0.173990E-04   -0.121178E-04
 7.33908   -0.171206E-04    0.173468E-04   -0.120439E-04
 7.34908   -0.170552E-04    0.172948E-04   -0.119704E-04
 7.35909   -0.169901E-04    0.172430E-04   -0.118972E-04
 7.36909   -0.169254E-04    0.171914E-04   -0.118244E-04
 7.37910   -0.168609E-04    0.171400E-04   -0.117519E-04
 7.38910   -0.167968E-04    0.170888E-04   -0.116797E-04
 7.39911   -0.167330E-04    0.170378E-04   -0.116079E-04
 7.40912   -0.166695E-04    0.169871E-04   -0.115365E-04
 7.41912   -0.166063E-04    0.169365E-04   -0.114653E-04
 7.42913   -0.165435E-04    0.168861E-04   -0.113945E-04
 7.43913   -0.164809E-04    0.168359E-04   -0.113240E-04
 7.44914   -0.164187E-04    0.167859E-04   -0.112539E-04
 7.45914   -0.163568E-04    0.167361E-04   -0.111841E-04
 7.46915   -0.162952E-04    0.166865E-04   -0.111146E-04
 7.47915   -0.162338E-04    0.166370E-04   -0.110454E-04
 7.48916   -0.161728E-04    0.165878E-04   -0.109766E-04
 7.49917   -0.161121E-04    0.165388E-04   -0.109081E-04
 7.50917   -0.160517E-04    0.164899E-04   -0.108399E-04
 7.51918   -0.159916E-04    0.164413E-04   -0.107720E-04
 7.52918   -0.159318E-04    0.163928E-04   -0.107044E-04
 7.53919   -0.158723E-04    0.163445E-04   -0.106372E-04
 7.54919   -0.158130E-04    0.162964E-04   -0.105703E-04
 7.55920   -0.157541E-04    0.162485E-04   -0.105037E-04
 7.56920   -0.156955E-04    0.162008E-04   -0.104374E-04
 7.57921   -0.156371E-04    0.161533E-04   -0.103714E-04
 7.58922   -0.155790E-04    0.161059E-04   -0.103057E-04
 7.59922   -0.155212E-04    0.160588E-04   -0.102403E-04
 7.60923   -0.154637E-04    0.160118E-04   -0.101753E-04
 7.61923   -0.154065E-04    0.159650E-04   -0.101105E-04
 7.62924   -0.153496E-04    0.159183E-04   -0.100461E-04
 7.63924   -0.152929E-04    0.158719E-04   -0.998193E-05
 7.64925   -0.152365E-04    0.158256E-04   -0.991809E-05
 7.65925   -0.151804E-04    0.157795E-04   -0.985455E-05
 7.66926   -0.151246E-04    0.157336E-04   -0.979131E-05
 7.67927   -0.150690E-04    0.156879E-04   -0.972837E-05
 7.68927   -0.150137E-04    0.156423E-04   -0.966572E-05
 7.69928   -0.149587E-04    0.155969E-04   -0.960337E-05
 7.70928   -0.149040E-04    0.155517E-04   -0.954131E-05
 7.71929   -0.148495E-04    0.155067E-04   -0.947955E-05
 7.72929   -0.147953E-04    0.154618E-04   -0.941807E-05
 7.73930   -0.147413E-04    0.154171E-04   -0.935689E-05
 7.74930   -0.146876E-04    0.153725E-04   -0.929599E-05
 7.75931   -0.146342E-04    0.153282E-04   -0.923539E-05
 7.76932   -0.145810E-04    0.152840E-04   -0.917506E-05
 7.77932   -0.145281E-04    0.152400E-04   -0.911503E-05
 7.78933   -0.144754E-04    0.151961E-04   -0.905527E-05
 7.79933   -0.144230E-04    0.151524E-04   -0.899580E-05
 7.80934   -0.143708E-04    0.151089E-04   -0.893661E-05
 7.81934   -0.143189E-04    0.150655E-04   -0.887770E-05
 7.82935   -0.142672E-04    0.150223E-04   -0.881907E-05
 7.83935   -0.142158E-04    0.149793E-04   -0.876071E-05
 7.84936   -0.141647E-04    0.149364E-04   -0.870264E-05
 7.85937   -0.141138E-04    0.148937E-04   -0.864483E-05
 7.86937   -0.140631E-04    0.148511E-04   -0.858730E-05
 7.87938   -0.140126E-04    0.148087E-04   -0.853004E-05
 7.88938   -0.139625E-04    0.147665E-04   -0.847305E-05
 7.89939   -0.139125E-04    0.147244E-04   -0.841633E-05
 7.90939   -0.138628E-04    0.146825E-04   -0.835988E-05
 7.91940   -0.138133E-04    0.146407E-04   -0.830370E-05
 7.92940   -0.137641E-04    0.145991E-04   -0.824778E-05
 7.93941   -0.137151E-04    0.145577E-04   -0.819213E-05
 7.94942   -0.136663E-04    0.145164E-04   -0.813674E-05
 7.95942   -0.136178E-04    0.144752E-04   -0.808161E-05
 7.96943   -0.135694E-04    0.144343E-04   -0.802677E-05
 7.97943   -0.135214E-04    0.143934E-04   -0.797215E-05
 7.98944   -0.134735E-04    0.143527E-04   -0.791780E-05
 7.99944   -0.134259E-04    0.143122E-04   -0.786371E-05
 8.00945   -0.133785E-04    0.142718E-04   -0.780988E-05
 8.01945   -0.133313E-04    0.142316E-04   -0.775631E-05
 8.02946   -0.132843E-04    0.141915E-04   -0.770299E-05
 8.03947   -0.132376E-04    0.141516E-04   -0.764992E-05
 8.04947   -0.131911E-04    0.141118E-04   -0.759710E-05
 8.05948   -0.131448E-04    0.140721E-04   -0.754454E-05
 8.06948   -0.130987E-04    0.140326E-04   -0.749222E-05
 8.07949   -0.130529E-04    0.139933E-04   -0.744015E-05
 8.08949   -0.130072E-04    0.139541E-04   -0.738834E-05
 8.09950   -0.129618E-04    0.139150E-04   -0.733677E-05
 8.10951   -0.129166E-04    0.138761E-04   -0.728544E-05
 8.11951   -0.128716E-04    0.138373E-04   -0.723436E-05
 8.12952   -0.128268E-04    0.137987E-04   -0.718353E-05
 8.13952   -0.127822E-04    0.137602E-04   -0.713296E-05
 8.14953   -0.127378E-04    0.137219E-04   -0.708261E-05
 8.15953   -0.126937E-04    0.136837E-04   -0.703249E-05
 8.16954   -0.126497E-04    0.136456E-04   -0.698262E-05
 8.17954   -0.126059E-04    0.136077E-04   -0.693298E-05
 8.18955   -0.125624E-04    0.135699E-04   -0.688358E-05
 8.19956   -0.125191E-04    0.135323E-04   -0.683442E-05
 8.20956   -0.124759E-04    0.134947E-04   -0.678549E-05
 8.21957   -0.124330E-04    0.134574E-04   -0.673680E-05
 8.22957   -0.123902E-04    0.134201E-04   -0.668834E-05
 8.23958   -0.123477E-04    0.133830E-04   -0.664011E-05
 8.24958   -0.123054E-04    0.133461E-04   -0.659211E-05
 8.25959   -0.122632E-04    0.133093E-04   -0.654435E-05
 8.26959   -0.122213E-04    0.132726E-04   -0.649681E-05
 8.27960   -0.121795E-04    0.132360E-04   -0.644950E-05
 8.28961   -0.121380E-04    0.131996E-04   -0.640241E-05
 8.29961   -0.120966E-04    0.131633E-04   -0.635555E-05
 8.30962   -0.120555E-04    0.131271E-04   -0.630892E-05
 8.31962   -0.120145E-04    0.130911E-04   -0.626251E-05
 8.32963   -0.119737E-04    0.130552E-04   -0.621633E-05
 8.33963   -0.119331E-04    0.130194E-04   -0.617035E-05
 8.34964   -0.118927E-04    0.129838E-04   -0.612462E-05
 8.35964   -0.118525E-04    0.129483E-04   -0.607910E-05
 8.36965   -0.118125E-04    0.129129E-04   -0.603380E-05
 8.37966   -0.117726E-04    0.128777E-04   -0.598871E-05
 8.38966   -0.117330E-04    0.128426E-04   -0.594384E-05
 8.39967   -0.116935E-04    0.128076E-04   -0.589919E-05
 8.40967   -0.116542E-04    0.127727E-04   -0.585475E-05
 8.41968   -0.116151E-04    0.127380E-04   -0.581053E-05
 8.42968   -0.115762E-04    0.127033E-04   -0.576652E-05
 8.43969   -0.115374E-04    0.126689E-04   -0.572272E-05
 8.44969   -0.114989E-04    0.126345E-04   -0.567913E-05
 8.45970   -0.114605E-04    0.126002E-04   -0.563576E-05
 8.46971   -0.114223E-04    0.125661E-04   -0.559259E-05
 8.47971   -0.113842E-04    0.125321E-04   -0.554963E-05
 8.48972   -0.113464E-04    0.124983E-04   -0.550687E-05
 8.49972   -0.113087E-04    0.124645E-04   -0.546433E-05
 8.50973   -0.112711E-04    0.124309E-04   -0.542198E-05
 8.51973   -0.112338E-04    0.123973E-04   -0.537984E-05
 8.52974   -0.111966E-04    0.123639E-04   -0.533791E-05
 8.53974   -0.111596E-04    0.123307E-04   -0.529617E-05
 8.54975   -0.111227E-04    0.122975E-04   -0.525464E-05
 8.55976   -0.110860E-04    0.122645E-04   -0.521331E-05
 8.56976   -0.110495E-04    0.122315E-04   -0.517217E-05
 8.57977   -0.110131E-04    0.121987E-04   -0.513123E-05
 8.58977   -0.109769E-04    0.121660E-04   -0.509048E-05
 8.59978   -0.109409E-04    0.121334E-04   -0.504995E-05
 8.60978   -0.109050E-04    0.121010E-04   -0.500959E-05
 8.61979   -0.108693E-04    0.120686E-04   -0.496943E-05
 8.62979   -0.108337E-04    0.120364E-04   -0.492946E-05
 8.63980   -0.107983E-04    0.120042E-04   -0.488969E-05
 8.64981   -0.107630E-04    0.119722E-04   -0.485010E-05
 8.65981   -0.107279E-04    0.119403E-04   -0.481071E-05
 8.66982   -0.106929E-04    0.119085E-04   -0.477150E-05
 8.67982   -0.106581E-04    0.118768E-04   -0.473248E-05
 8.68983   -0.106235E-04    0.118452E-04   -0.469364E-05
 8.69983   -0.105889E-04    0.118137E-04   -0.465499E-05
 8.70984   -0.105545E-04    0.117823E-04   -0.461651E-05
 8.71984   -0.105203E-04    0.117510E-04   -0.457823E-05
 8.72985   -0.104862E-04    0.117198E-04   -0.454013E-05
 8.73986   -0.104523E-04    0.116887E-04   -0.450221E-05
 8.74986   -0.104184E-04    0.116578E-04   -0.446446E-05
 8.75987   -0.103848E-04    0.116269E-04   -0.442690E-05
 8.76987   -0.103512E-04    0.115961E-04   -0.438951E-05
 8.77988   -0.103178E-04    0.115655E-04   -0.435230E-05
 8.78988   -0.102845E-04    0.115349E-04   -0.431527E-05
 8.79989   -0.102514E-04    0.115044E-04   -0.427841E-05
 8.80989   -0.102184E-04    0.114741E-04   -0.424173E-05
 8.81990   -0.101855E-04    0.114438E-04   -0.420521E-05
 8.82991   -0.101528E-04    0.114136E-04   -0.416888E-05
 8.83991   -0.101201E-04    0.113835E-04   -0.413269E-05
 8.84992   -0.100876E-04    0.113536E-04   -0.409669E-05
 8.85992   -0.100553E-04    0.113237E-04   -0.406086E-05
 8.86993   -0.100230E-04    0.112939E-04   -0.402518E-05
 8.87993   -0.999092E-05    0.112642E-04   -0.398970E-05
 8.88994   -0.995892E-05    0.112346E-04   -0.395437E-05
 8.89994   -0.992705E-05    0.112051E-04   -0.391921E-05
 8.90995   -0.989530E-05    0.111756E-04   -0.388421E-05
 8.91996   -0.986366E-05    0.111463E-04   -0.384937E-05
 8.92996   -0.983215E-05    0.111171E-04   -0.381470E-05
 8.93997   -0.980076E-05    0.110879E-04   -0.378019E-05
 8.94997   -0.976949E-05    0.110589E-04   -0.374584E-05
 8.95998   -0.973833E-05    0.110299E-04   -0.371165E-05
 8.96998   -0.970729E-05    0.110010E-04   -0.367762E-05
 8.97999   -0.967637E-05    0.109723E-04   -0.364375E-05
 8.98999   -0.964556E-05    0.109436E-04   -0.361004E-05
 9.00000   -0.961486E-05    0.109150E-04   -0.357648E-05
