 0.00500    0.137374E-01   -0.728510E-02    0.577615E-02
 0.02303    0.112713E-01   -0.605184E-02    0.485060E-02
 0.04105    0.982599E-02   -0.532850E-02    0.430699E-02
 0.05908    0.877337E-02   -0.480124E-02    0.390997E-02
 0.07710    0.794391E-02   -0.438533E-02    0.359607E-02
 0.09513    0.726171E-02   -0.404286E-02    0.333690E-02
 0.11316    0.668486E-02   -0.375288E-02    0.311685E-02
 0.13118    0.618758E-02   -0.350254E-02    0.292626E-02
 0.14921    0.575268E-02   -0.328324E-02    0.275874E-02
 0.16723    0.536806E-02   -0.308896E-02    0.260979E-02
 0.18526    0.502482E-02   -0.291527E-02    0.247612E-02
 0.20329    0.471622E-02   -0.275880E-02    0.235522E-02
 0.22131    0.443706E-02   -0.261696E-02    0.224516E-02
 0.23934    0.418318E-02   -0.248768E-02    0.214442E-02
 0.25736    0.395123E-02   -0.236930E-02    0.205175E-02
 0.27539    0.373848E-02   -0.226046E-02    0.196615E-02
 0.29342    0.354264E-02   -0.216003E-02    0.188677E-02
 0.31144    0.336178E-02   -0.206703E-02    0.181292E-02
 0.32947    0.319430E-02   -0.198068E-02    0.174399E-02
 0.34749    0.303880E-02   -0.190028E-02    0.167949E-02
 0.36552    0.289409E-02   -0.182525E-02    0.161897E-02
 0.38355    0.275912E-02   -0.175506E-02    0.156205E-02
 0.40157    0.263299E-02   -0.168926E-02    0.150840E-02
 0.41960    0.251490E-02   -0.162746E-02    0.145773E-02
 0.43763    0.240416E-02   -0.156932E-02    0.140979E-02
 0.45565    0.230013E-02   -0.151451E-02    0.136435E-02
 0.47368    0.220226E-02   -0.146278E-02    0.132121E-02
 0.49170    0.211006E-02   -0.141387E-02    0.128018E-02
 0.50973    0.202309E-02   -0.136757E-02    0.124111E-02
 0.52776    0.194095E-02   -0.132367E-02    0.120386E-02
 0.54578    0.186327E-02   -0.128201E-02    0.116829E-02
 0.56381    0.178973E-02   -0.124241E-02    0.113429E-02
 0.58183    0.172003E-02   -0.120473E-02    0.110174E-02
 0.59986    0.165392E-02   -0.116884E-02    0.107055E-02
 0.61789    0.159114E-02   -0.113463E-02    0.104064E-02
 0.63591    0.153146E-02   -0.110197E-02    0.101192E-02
 0.65394    0.147470E-02   -0.107077E-02    0.984317E-03
 0.67196    0.142065E-02   -0.104093E-02    0.957762E-03
 0.68999    0.136914E-02   -0.101238E-02    0.932197E-03
 0.70802    0.132003E-02   -0.985026E-03    0.907562E-03
 0.72604    0.127316E-02   -0.958805E-03    0.883806E-03
 0.74407    0.122839E-02   -0.933648E-03    0.860880E-03
 0.76209    0.118561E-02   -0.909494E-03    0.838740E-03
 0.78012    0.114470E-02   -0.886285E-03    0.817343E-03
 0.79815    0.110556E-02   -0.863971E-03    0.796651E-03
 0.81617    0.106807E-02   -0.842501E-03    0.776628E-03
 0.83420    0.103216E-02   -0.821830E-03    0.757241E-03
 0.85222    0.997733E-03   -0.801917E-03    0.738459E-03
 0.87025    0.964715E-03   -0.782721E-03    0.720254E-03
 0.88828    0.933027E-03   -0.764207E-03    0.702597E-03
 0.90630    0.902607E-03   -0.746340E-03    0.685464E-03
 0.92433    0.873385E-03   -0.729088E-03    0.668832E-03
 0.94235    0.845301E-03   -0.712422E-03    0.652679E-03
 0.96038    0.818300E-03   -0.696312E-03    0.636983E-03
 0.97841    0.792328E-03   -0.680734E-03    0.621725E-03
 0.99643    0.767335E-03   -0.665667E-03    0.606887E-03
 1.01446    0.743274E-03   -0.651078E-03    0.592453E-03
 1.03248    0.720102E-03   -0.636950E-03    0.578405E-03
 1.05051    0.697777E-03   -0.623263E-03    0.564728E-03
 1.06854    0.676259E-03   -0.609994E-03    0.551408E-03
 1.08656    0.655514E-03   -0.597136E-03    0.538432E-03
 1.10459    0.635505E-03   -0.584661E-03    0.525786E-03
 1.12262    0.616200E-03   -0.572555E-03    0.513459E-03
 1.14064    0.597569E-03   -0.560805E-03    0.501439E-03
 1.15867    0.579582E-03   -0.549395E-03    0.489714E-03
 1.17669    0.562212E-03   -0.538311E-03    0.478276E-03
 1.19472    0.545432E-03   -0.527541E-03    0.467113E-03
 1.21275    0.529218E-03   -0.517072E-03    0.456216E-03
 1.23077    0.513547E-03   -0.506893E-03    0.445577E-03
 1.24880    0.498395E-03   -0.496992E-03    0.435188E-03
 1.26682    0.483742E-03   -0.487359E-03    0.425039E-03
 1.28485    0.469569E-03   -0.477984E-03    0.415124E-03
 1.30288    0.455855E-03   -0.468857E-03    0.405434E-03
 1.32090    0.442584E-03   -0.459970E-03    0.395964E-03
 1.33893    0.429737E-03   -0.451313E-03    0.386707E-03
 1.35695    0.417298E-03   -0.442879E-03    0.377655E-03
 1.37498    0.405252E-03   -0.434660E-03    0.368803E-03
 1.39301    0.393584E-03   -0.426648E-03    0.360145E-03
 1.41103    0.382279E-03   -0.418835E-03    0.351676E-03
 1.42906    0.371324E-03   -0.411216E-03    0.343389E-03
 1.44708    0.360706E-03   -0.403784E-03    0.335281E-03
 1.46511    0.350414E-03   -0.396532E-03    0.327346E-03
 1.48314    0.340434E-03   -0.389455E-03    0.319579E-03
 1.50116    0.330755E-03   -0.382546E-03    0.311975E-03
 1.51919    0.321368E-03   -0.375801E-03    0.304531E-03
 1.53721    0.312260E-03   -0.369214E-03    0.297242E-03
 1.55524    0.303425E-03   -0.362780E-03    0.290105E-03
 1.57327    0.294850E-03   -0.356494E-03    0.283114E-03
 1.59129    0.286528E-03   -0.350352E-03    0.276266E-03
 1.60932    0.278449E-03   -0.344349E-03    0.269559E-03
 1.62734    0.270606E-03   -0.338482E-03    0.262988E-03
 1.64537    0.262991E-03   -0.332745E-03    0.256549E-03
 1.66340    0.255596E-03   -0.327136E-03    0.250240E-03
 1.68142    0.248413E-03   -0.321650E-03    0.244058E-03
 1.69945    0.241436E-03   -0.316284E-03    0.238000E-03
 1.71747    0.234659E-03   -0.311035E-03    0.232062E-03
 1.73550    0.228074E-03   -0.305898E-03    0.226243E-03
 1.75353    0.221676E-03   -0.300871E-03    0.220538E-03
 1.77155    0.215458E-03   -0.295951E-03    0.214946E-03
 1.78958    0.209415E-03   -0.291136E-03    0.209464E-03
 1.80761    0.203542E-03   -0.286422E-03    0.204090E-03
 1.82563    0.197834E-03   -0.281806E-03    0.198821E-03
 1.84366    0.192285E-03   -0.277285E-03    0.193655E-03
 1.86168    0.186891E-03   -0.272858E-03    0.188590E-03
 1.87971    0.181647E-03   -0.268522E-03    0.183623E-03
 1.89774    0.176549E-03   -0.264274E-03    0.178753E-03
 1.91576    0.171593E-03   -0.260113E-03    0.173977E-03
 1.93379    0.166774E-03   -0.256036E-03    0.169294E-03
 1.95181    0.162089E-03   -0.252041E-03    0.164702E-03
 1.96984    0.157534E-03   -0.248127E-03    0.160199E-03
 1.98787    0.153106E-03   -0.244291E-03    0.155783E-03
 2.00589    0.148801E-03   -0.240531E-03    0.151453E-03
 2.02392    0.144616E-03   -0.236847E-03    0.147215E-03
 2.04194    0.140548E-03   -0.233235E-03    0.143051E-03
 2.05997    0.136594E-03   -0.229696E-03    0.138959E-03
 2.07800    0.132751E-03   -0.226226E-03    0.134955E-03
 2.09602    0.129018E-03   -0.222825E-03    0.131029E-03
 2.11405    0.125390E-03   -0.219491E-03    0.127180E-03
 2.13207    0.121866E-03   -0.216223E-03    0.123406E-03
 2.15010    0.118444E-03   -0.213021E-03    0.119707E-03
 2.16813    0.115121E-03   -0.209882E-03    0.116080E-03
 2.18615    0.111896E-03   -0.206804E-03    0.112524E-03
 2.20418    0.108766E-03   -0.203788E-03    0.109039E-03
 2.22220    0.105729E-03   -0.200833E-03    0.105624E-03
 2.24023    0.102785E-03   -0.197936E-03    0.102277E-03
 2.25826    0.999305E-04   -0.195098E-03    0.989968E-04
 2.27628    0.971645E-04   -0.192317E-03    0.957829E-04
 2.29431    0.944856E-04   -0.189592E-03    0.926342E-04
 2.31233    0.918924E-04   -0.186923E-03    0.895499E-04
 2.33036    0.893831E-04   -0.184308E-03    0.865287E-04
 2.34839    0.869565E-04   -0.181748E-03    0.835697E-04
 2.36641    0.846110E-04   -0.179240E-03    0.806721E-04
 2.38444    0.823452E-04   -0.176784E-03    0.778350E-04
 2.40246    0.801580E-04   -0.174380E-03    0.750573E-04
 2.42049    0.780477E-04   -0.172026E-03    0.723378E-04
 2.43852    0.760127E-04   -0.169721E-03    0.696759E-04
 2.45654    0.740518E-04   -0.167466E-03    0.670707E-04
 2.47457    0.721632E-04   -0.165257E-03    0.645205E-04
 2.49260    0.703455E-04   -0.163095E-03    0.620248E-04
 2.51062    0.685968E-04   -0.160979E-03    0.595825E-04
 2.52865    0.669152E-04   -0.158908E-03    0.571925E-04
 2.54667    0.652991E-04   -0.156881E-03    0.548534E-04
 2.56470    0.637462E-04   -0.154895E-03    0.525643E-04
 2.58273    0.622544E-04   -0.152951E-03    0.503237E-04
 2.60075    0.608215E-04   -0.151047E-03    0.481304E-04
 2.61878    0.594449E-04   -0.149181E-03    0.459830E-04
 2.63680    0.581221E-04   -0.147352E-03    0.438801E-04
 2.65483    0.568503E-04   -0.145559E-03    0.418202E-04
 2.67286    0.556266E-04   -0.143800E-03    0.398020E-04
 2.69088    0.544481E-04   -0.142072E-03    0.378235E-04
 2.70891    0.533114E-04   -0.140377E-03    0.358834E-04
 2.72693    0.522131E-04   -0.138709E-03    0.339799E-04
 2.74496    0.511499E-04   -0.137068E-03    0.321113E-04
 2.76299    0.501181E-04   -0.135451E-03    0.302757E-04
 2.78101    0.491140E-04   -0.133858E-03    0.284714E-04
 2.79904    0.481338E-04   -0.132285E-03    0.266965E-04
 2.81706    0.471735E-04   -0.130731E-03    0.249491E-04
 2.83509    0.462291E-04   -0.129193E-03    0.232272E-04
 2.85312    0.452967E-04   -0.127670E-03    0.215291E-04
 2.87114    0.443723E-04   -0.126159E-03    0.198527E-04
 2.88917    0.434517E-04   -0.124658E-03    0.181961E-04
 2.90719    0.425310E-04   -0.123165E-03    0.165575E-04
 2.92522    0.416062E-04   -0.121678E-03    0.149350E-04
 2.94325    0.406735E-04   -0.120194E-03    0.133270E-04
 2.96127    0.397291E-04   -0.118713E-03    0.117314E-04
 2.97930    0.387696E-04   -0.117231E-03    0.101468E-04
 2.99732    0.377913E-04   -0.115747E-03    0.857138E-05
 3.01535    0.367910E-04   -0.114260E-03    0.700362E-05
 3.03338    0.357659E-04   -0.112767E-03    0.544211E-05
 3.05140    0.347130E-04   -0.111267E-03    0.388549E-05
 3.06943    0.336297E-04   -0.109759E-03    0.233255E-05
 3.08745    0.325139E-04   -0.108242E-03    0.782258E-06
 3.10548    0.313638E-04   -0.106714E-03   -0.766393E-06
 3.12351    0.301774E-04   -0.105175E-03   -0.231435E-05
 3.14153    0.289538E-04   -0.103624E-03   -0.386222E-05
 3.15956    0.276918E-04   -0.102061E-03   -0.541058E-05
 3.17759    0.263909E-04   -0.100484E-03   -0.695993E-05
 3.19561    0.250507E-04   -0.988945E-04   -0.851042E-05
 3.21364    0.236712E-04   -0.972916E-04   -0.100622E-04
 3.23166    0.222529E-04   -0.956758E-04   -0.116156E-04
 3.24969    0.207963E-04   -0.940474E-04   -0.131701E-04
 3.26772    0.193026E-04   -0.924066E-04   -0.147255E-04
 3.28574    0.177732E-04   -0.907541E-04   -0.162815E-04
 3.30377    0.162096E-04   -0.890910E-04   -0.178376E-04
 3.32179    0.146137E-04   -0.874179E-04   -0.193931E-04
 3.33982    0.129878E-04   -0.857361E-04   -0.209472E-04
 3.35785    0.113341E-04   -0.840468E-04   -0.224992E-04
 3.37587    0.965534E-05   -0.823511E-04   -0.240480E-04
 3.39390    0.795420E-05   -0.806504E-04   -0.255929E-04
 3.41192    0.623366E-05   -0.789463E-04   -0.271325E-04
 3.42995    0.449668E-05   -0.772402E-04   -0.286659E-04
 3.44798    0.274651E-05   -0.755340E-04   -0.301918E-04
 3.46600    0.986457E-06   -0.738289E-04   -0.317091E-04
 3.48403   -0.780267E-06   -0.721268E-04   -0.332165E-04
 3.50205   -0.255018E-05   -0.704295E-04   -0.347127E-04
 3.52008   -0.431997E-05   -0.687385E-04   -0.361964E-04
 3.53811   -0.608632E-05   -0.670555E-04   -0.376665E-04
 3.55613   -0.784592E-05   -0.653822E-04   -0.391216E-04
 3.57416   -0.959559E-05   -0.637203E-04   -0.405606E-04
 3.59218   -0.113321E-04   -0.620715E-04   -0.419824E-04
 3.61021   -0.130525E-04   -0.604370E-04   -0.433856E-04
 3.62824   -0.147537E-04   -0.588184E-04   -0.447691E-04
 3.64626   -0.164332E-04   -0.572173E-04   -0.461321E-04
 3.66429   -0.180881E-04   -0.556348E-04   -0.474734E-04
 3.68231   -0.197159E-04   -0.540723E-04   -0.487921E-04
 3.70034   -0.213143E-04   -0.525309E-04   -0.500874E-04
 3.71837   -0.228810E-04   -0.510117E-04   -0.513583E-04
 3.73639   -0.244141E-04   -0.495160E-04   -0.526043E-04
 3.75442   -0.259118E-04   -0.480444E-04   -0.538245E-04
 3.77244   -0.273723E-04   -0.465979E-04   -0.550184E-04
 3.79047   -0.287942E-04   -0.451772E-04   -0.561855E-04
 3.80850   -0.301763E-04   -0.437828E-04   -0.573253E-04
 3.82652   -0.315175E-04   -0.424154E-04   -0.584374E-04
 3.84455   -0.328168E-04   -0.410755E-04   -0.595214E-04
 3.86258   -0.340734E-04   -0.397633E-04   -0.605772E-04
 3.88060   -0.352868E-04   -0.384793E-04   -0.616046E-04
 3.89863   -0.364564E-04   -0.372235E-04   -0.626036E-04
 3.91665   -0.375820E-04   -0.359961E-04   -0.635738E-04
 3.93468   -0.386633E-04   -0.347999E-04   -0.645155E-04
 3.95271   -0.397006E-04   -0.336296E-04   -0.654286E-04
 3.97073   -0.406937E-04   -0.324852E-04   -0.663132E-04
 3.98876   -0.416430E-04   -0.313716E-04   -0.671694E-04
 4.00678   -0.425488E-04   -0.302861E-04   -0.679976E-04
 4.02481   -0.434115E-04   -0.292284E-04   -0.687980E-04
 4.04284   -0.442317E-04   -0.281983E-04   -0.695709E-04
 4.06086   -0.450098E-04   -0.271954E-04   -0.703164E-04
 4.07889   -0.457470E-04   -0.262193E-04   -0.710351E-04
 4.09691   -0.464441E-04   -0.252696E-04   -0.717274E-04
 4.11494   -0.471009E-04   -0.243459E-04   -0.723935E-04
 4.13297   -0.477194E-04   -0.234476E-04   -0.730339E-04
 4.15099   -0.483000E-04   -0.225744E-04   -0.736497E-04
 4.16902   -0.488442E-04   -0.217256E-04   -0.742402E-04
 4.18704   -0.493522E-04   -0.209007E-04   -0.748064E-04
 4.20507   -0.498251E-04   -0.200992E-04   -0.753489E-04
 4.22310   -0.502646E-04   -0.193206E-04   -0.758680E-04
 4.24112   -0.506714E-04   -0.185642E-04   -0.763642E-04
 4.25915   -0.510471E-04   -0.178294E-04   -0.768383E-04
 4.27717   -0.513912E-04   -0.171158E-04   -0.772906E-04
 4.29520   -0.517064E-04   -0.164226E-04   -0.777218E-04
 4.31323   -0.519930E-04   -0.157494E-04   -0.781322E-04
 4.33125   -0.522524E-04   -0.150956E-04   -0.785224E-04
 4.34928   -0.524854E-04   -0.144605E-04   -0.788929E-04
 4.36730   -0.526931E-04   -0.138437E-04   -0.792444E-04
 4.38533   -0.528766E-04   -0.132446E-04   -0.795772E-04
 4.40336   -0.530369E-04   -0.126626E-04   -0.798918E-04
 4.42138   -0.531747E-04   -0.120972E-04   -0.801887E-04
 4.43941   -0.532913E-04   -0.115479E-04   -0.804684E-04
 4.45743   -0.533875E-04   -0.110141E-04   -0.807314E-04
 4.47546   -0.534641E-04   -0.104954E-04   -0.809782E-04
 4.49349   -0.535222E-04   -0.999121E-05   -0.812091E-04
 4.51151   -0.535626E-04   -0.950112E-05   -0.814247E-04
 4.52954   -0.535862E-04   -0.902461E-05   -0.816254E-04
 4.54757   -0.535935E-04   -0.856128E-05   -0.818116E-04
 4.56559   -0.535855E-04   -0.811067E-05   -0.819838E-04
 4.58362   -0.535630E-04   -0.767237E-05   -0.821423E-04
 4.60164   -0.535272E-04   -0.724598E-05   -0.822875E-04
 4.61967   -0.534773E-04   -0.683105E-05   -0.824198E-04
 4.63770   -0.534153E-04   -0.642724E-05   -0.825396E-04
 4.65572   -0.533413E-04   -0.603418E-05   -0.826473E-04
 4.67375   -0.532563E-04   -0.565150E-05   -0.827431E-04
 4.69177   -0.531606E-04   -0.527884E-05   -0.828275E-04
 4.70980   -0.530549E-04   -0.491588E-05   -0.829007E-04
 4.72783   -0.529397E-04   -0.456229E-05   -0.829631E-04
 4.74585   -0.528155E-04   -0.421783E-05   -0.830150E-04
 4.76388   -0.526829E-04   -0.388205E-05   -0.830567E-04
 4.78190   -0.525423E-04   -0.355484E-05   -0.830885E-04
 4.79993   -0.523941E-04   -0.323581E-05   -0.831107E-04
 4.81796   -0.522388E-04   -0.292472E-05   -0.831235E-04
 4.83598   -0.520769E-04   -0.262132E-05   -0.831273E-04
 4.85401   -0.519087E-04   -0.232539E-05   -0.831222E-04
 4.87203   -0.517345E-04   -0.203667E-05   -0.831086E-04
 4.89006   -0.515548E-04   -0.175493E-05   -0.830866E-04
 4.90809   -0.513699E-04   -0.147998E-05   -0.830566E-04
 4.92611   -0.511801E-04   -0.121160E-05   -0.830188E-04
 4.94414   -0.509858E-04   -0.949581E-06   -0.829733E-04
 4.96216   -0.507871E-04   -0.693741E-06   -0.829204E-04
 4.98019   -0.505845E-04   -0.443888E-06   -0.828603E-04
 4.99822   -0.503782E-04   -0.199839E-06   -0.827931E-04
 5.01624   -0.501685E-04    0.385702E-07   -0.827192E-04
 5.03427   -0.499560E-04    0.271504E-06   -0.826387E-04
 5.05229   -0.497395E-04    0.499108E-06   -0.825517E-04
 5.07032   -0.495208E-04    0.721558E-06   -0.824585E-04
 5.08835   -0.492994E-04    0.938981E-06   -0.823592E-04
 5.10637   -0.490759E-04    0.115152E-05   -0.822539E-04
 5.12440   -0.488501E-04    0.135932E-05   -0.821430E-04
 5.14242   -0.486223E-04    0.156250E-05   -0.820264E-04
 5.16045   -0.483927E-04    0.176120E-05   -0.819044E-04
 5.17848   -0.481615E-04    0.195551E-05   -0.817772E-04
 5.19650   -0.479286E-04    0.214559E-05   -0.816448E-04
 5.21453   -0.476947E-04    0.233153E-05   -0.815074E-04
 5.23256   -0.474594E-04    0.251343E-05   -0.813653E-04
 5.25058   -0.472231E-04    0.269141E-05   -0.812184E-04
 5.26861   -0.469858E-04    0.286556E-05   -0.810670E-04
 5.28663   -0.467477E-04    0.303598E-05   -0.809111E-04
 5.30466   -0.465088E-04    0.320278E-05   -0.807510E-04
 5.32269   -0.462694E-04    0.336602E-05   -0.805867E-04
 5.34071   -0.460295E-04    0.352583E-05   -0.804184E-04
 5.35874   -0.457892E-04    0.368226E-05   -0.802461E-04
 5.37676   -0.455486E-04    0.383535E-05   -0.800701E-04
 5.39479   -0.453077E-04    0.398530E-05   -0.798903E-04
 5.41282   -0.450668E-04    0.413208E-05   -0.797070E-04
 5.43084   -0.448258E-04    0.427581E-05   -0.795201E-04
 5.44887   -0.445852E-04    0.441656E-05   -0.793301E-04
 5.46689   -0.443439E-04    0.455439E-05   -0.791367E-04
 5.48492   -0.441032E-04    0.468937E-05   -0.789402E-04
 5.50295   -0.438627E-04    0.482158E-05   -0.787405E-04
 5.52097   -0.436227E-04    0.495106E-05   -0.785378E-04
 5.53900   -0.433827E-04    0.507789E-05   -0.783322E-04
 5.55702   -0.431434E-04    0.520213E-05   -0.781239E-04
 5.57505   -0.429046E-04    0.532381E-05   -0.779127E-04
 5.59308   -0.426662E-04    0.544303E-05   -0.776990E-04
 5.61110   -0.424283E-04    0.555982E-05   -0.774826E-04
 5.62913   -0.421912E-04    0.567426E-05   -0.772637E-04
 5.64715   -0.419547E-04    0.578638E-05   -0.770424E-04
 5.66518   -0.417189E-04    0.589625E-05   -0.768188E-04
 5.68321   -0.414839E-04    0.600388E-05   -0.765929E-04
 5.70123   -0.412496E-04    0.610935E-05   -0.763648E-04
 5.71926   -0.410162E-04    0.621270E-05   -0.761345E-04
 5.73728   -0.407836E-04    0.631398E-05   -0.759022E-04
 5.75531   -0.405520E-04    0.641323E-05   -0.756679E-04
 5.77334   -0.403213E-04    0.651051E-05   -0.754316E-04
 5.79136   -0.400915E-04    0.660584E-05   -0.751935E-04
 5.80939   -0.398628E-04    0.669926E-05   -0.749536E-04
 5.82741   -0.396353E-04    0.679082E-05   -0.747119E-04
 5.84544   -0.394083E-04    0.688056E-05   -0.744686E-04
 5.86347   -0.391827E-04    0.696852E-05   -0.742236E-04
 5.88149   -0.389581E-04    0.705473E-05   -0.739771E-04
 5.89952   -0.387347E-04    0.713921E-05   -0.737290E-04
 5.91755   -0.385123E-04    0.722204E-05   -0.734796E-04
 5.93557   -0.382912E-04    0.730323E-05   -0.732287E-04
 5.95360   -0.380711E-04    0.738278E-05   -0.729765E-04
 5.97162   -0.378523E-04    0.746079E-05   -0.727229E-04
 5.98965   -0.376346E-04    0.753725E-05   -0.724682E-04
 6.00768   -0.374184E-04    0.761220E-05   -0.722123E-04
 6.02570   -0.372031E-04    0.768563E-05   -0.719552E-04
 6.04373   -0.369890E-04    0.775763E-05   -0.716970E-04
 6.06175   -0.367762E-04    0.782819E-05   -0.714378E-04
 6.07978   -0.365647E-04    0.789734E-05   -0.711776E-04
 6.09781   -0.363544E-04    0.796510E-05   -0.709164E-04
 6.11583   -0.361452E-04    0.803150E-05   -0.706543E-04
 6.13386   -0.359372E-04    0.809658E-05   -0.703913E-04
 6.15188   -0.357306E-04    0.816035E-05   -0.701275E-04
 6.16991   -0.355252E-04    0.822283E-05   -0.698629E-04
 6.18794   -0.353212E-04    0.828403E-05   -0.695976E-04
 6.20596   -0.351186E-04    0.834399E-05   -0.693316E-04
 6.22399   -0.349168E-04    0.840272E-05   -0.690648E-04
 6.24201   -0.347167E-04    0.846024E-05   -0.687975E-04
 6.26004   -0.345175E-04    0.851656E-05   -0.685295E-04
 6.27807   -0.343197E-04    0.857170E-05   -0.682610E-04
 6.29609   -0.341230E-04    0.862569E-05   -0.679919E-04
 6.31412   -0.339276E-04    0.867853E-05   -0.677223E-04
 6.33214   -0.337333E-04    0.873023E-05   -0.674522E-04
 6.35017   -0.335401E-04    0.878082E-05   -0.671817E-04
 6.36820   -0.333483E-04    0.883031E-05   -0.669107E-04
 6.38622   -0.331576E-04    0.887871E-05   -0.666394E-04
 6.40425   -0.329681E-04    0.892603E-05   -0.663677E-04
 6.42227   -0.327800E-04    0.897229E-05   -0.660956E-04
 6.44030   -0.325928E-04    0.901750E-05   -0.658232E-04
 6.45833   -0.324066E-04    0.906166E-05   -0.655506E-04
 6.47635   -0.322217E-04    0.910479E-05   -0.652776E-04
 6.49438   -0.320379E-04    0.914691E-05   -0.650045E-04
 6.51240   -0.318551E-04    0.918799E-05   -0.647311E-04
 6.53043   -0.316733E-04    0.922809E-05   -0.644575E-04
 6.54846   -0.314929E-04    0.926723E-05   -0.641837E-04
 6.56648   -0.313136E-04    0.930537E-05   -0.639098E-04
 6.58451   -0.311349E-04    0.934254E-05   -0.636357E-04
 6.60254   -0.309575E-04    0.937875E-05   -0.633615E-04
 6.62056   -0.307811E-04    0.941399E-05   -0.630873E-04
 6.63859   -0.306057E-04    0.944831E-05   -0.628129E-04
 6.65661   -0.304313E-04    0.948169E-05   -0.625385E-04
 6.67464   -0.302578E-04    0.951415E-05   -0.622640E-04
 6.69267   -0.300854E-04    0.954569E-05   -0.619895E-04
 6.71069   -0.299140E-04    0.957632E-05   -0.617151E-04
 6.72872   -0.297434E-04    0.960605E-05   -0.614406E-04
 6.74674   -0.295737E-04    0.963490E-05   -0.611662E-04
 6.76477   -0.294050E-04    0.966286E-05   -0.608918E-04
 6.78280   -0.292370E-04    0.968995E-05   -0.606175E-04
 6.80082   -0.290701E-04    0.971618E-05   -0.603433E-04
 6.81885   -0.289041E-04    0.974156E-05   -0.600692E-04
 6.83687   -0.287388E-04    0.976609E-05   -0.597952E-04
 6.85490   -0.285747E-04    0.978976E-05   -0.595213E-04
 6.87293   -0.284112E-04    0.981264E-05   -0.592476E-04
 6.89095   -0.282487E-04    0.983470E-05   -0.589741E-04
 6.90898   -0.280869E-04    0.985595E-05   -0.587007E-04
 6.92700   -0.279260E-04    0.987642E-05   -0.584276E-04
 6.94503   -0.277659E-04    0.989610E-05   -0.581546E-04
 6.96306   -0.276068E-04    0.991500E-05   -0.578819E-04
 6.98108   -0.274483E-04    0.993314E-05   -0.576095E-04
 6.99911   -0.272905E-04    0.995052E-05   -0.573373E-04
 7.01713   -0.271338E-04    0.996717E-05   -0.570654E-04
 7.03516   -0.269780E-04    0.998308E-05   -0.567938E-04
 7.05319   -0.268227E-04    0.999828E-05   -0.565225E-04
 7.07121   -0.266686E-04    0.100128E-04   -0.562515E-04
 7.08924   -0.265150E-04    0.100265E-04   -0.559809E-04
 7.10726   -0.263623E-04    0.100396E-04   -0.557106E-04
 7.12529   -0.262104E-04    0.100520E-04   -0.554408E-04
 7.14332   -0.260591E-04    0.100638E-04   -0.551712E-04
 7.16134   -0.259090E-04    0.100749E-04   -0.549021E-04
 7.17937   -0.257593E-04    0.100853E-04   -0.546335E-04
 7.19739   -0.256107E-04    0.100951E-04   -0.543652E-04
 7.21542   -0.254628E-04    0.101043E-04   -0.540974E-04
 7.23345   -0.253156E-04    0.101129E-04   -0.538300E-04
 7.25147   -0.251693E-04    0.101208E-04   -0.535631E-04
 7.26950   -0.250237E-04    0.101282E-04   -0.532967E-04
 7.28753   -0.248790E-04    0.101350E-04   -0.530308E-04
 7.30555   -0.247348E-04    0.101413E-04   -0.527654E-04
 7.32358   -0.245918E-04    0.101470E-04   -0.525006E-04
 7.34160   -0.244495E-04    0.101521E-04   -0.522362E-04
 7.35963   -0.243079E-04    0.101567E-04   -0.519724E-04
 7.37766   -0.241671E-04    0.101608E-04   -0.517092E-04
 7.39568   -0.240271E-04    0.101643E-04   -0.514465E-04
 7.41371   -0.238879E-04    0.101674E-04   -0.511845E-04
 7.43173   -0.237494E-04    0.101699E-04   -0.509230E-04
 7.44976   -0.236120E-04    0.101720E-04   -0.506622E-04
 7.46779   -0.234753E-04    0.101736E-04   -0.504019E-04
 7.48581   -0.233391E-04    0.101748E-04   -0.501423E-04
 7.50384   -0.232041E-04    0.101755E-04   -0.498833E-04
 7.52186   -0.230697E-04    0.101757E-04   -0.496250E-04
 7.53989   -0.229362E-04    0.101755E-04   -0.493673E-04
 7.55792   -0.228035E-04    0.101749E-04   -0.491103E-04
 7.57594   -0.226715E-04    0.101739E-04   -0.488541E-04
 7.59397   -0.225404E-04    0.101724E-04   -0.485984E-04
 7.61199   -0.224100E-04    0.101706E-04   -0.483435E-04
 7.63002   -0.222805E-04    0.101684E-04   -0.480893E-04
 7.64805   -0.221517E-04    0.101658E-04   -0.478358E-04
 7.66607   -0.220238E-04    0.101628E-04   -0.475830E-04
 7.68410   -0.218967E-04    0.101595E-04   -0.473310E-04
 7.70212   -0.217703E-04    0.101558E-04   -0.470796E-04
 7.72015   -0.216448E-04    0.101517E-04   -0.468292E-04
 7.73818   -0.215201E-04    0.101473E-04   -0.465792E-04
 7.75620   -0.213961E-04    0.101426E-04   -0.463302E-04
 7.77423   -0.212730E-04    0.101376E-04   -0.460820E-04
 7.79225   -0.211507E-04    0.101322E-04   -0.458345E-04
 7.81028   -0.210291E-04    0.101266E-04   -0.455878E-04
 7.82831   -0.209084E-04    0.101206E-04   -0.453421E-04
 7.84633   -0.207883E-04    0.101143E-04   -0.450968E-04
 7.86436   -0.206692E-04    0.101078E-04   -0.448525E-04
 7.88238   -0.205508E-04    0.101010E-04   -0.446090E-04
 7.90041   -0.204332E-04    0.100938E-04   -0.443664E-04
 7.91844   -0.203164E-04    0.100865E-04   -0.441245E-04
 7.93646   -0.202004E-04    0.100788E-04   -0.438835E-04
 7.95449   -0.200851E-04    0.100709E-04   -0.436433E-04
 7.97252   -0.199706E-04    0.100628E-04   -0.434040E-04
 7.99054   -0.198568E-04    0.100544E-04   -0.431654E-04
 8.00857   -0.197439E-04    0.100457E-04   -0.429278E-04
 8.02659   -0.196317E-04    0.100369E-04   -0.426910E-04
 8.04462   -0.195204E-04    0.100278E-04   -0.424550E-04
 8.06265   -0.194097E-04    0.100185E-04   -0.422199E-04
 8.08067   -0.192998E-04    0.100089E-04   -0.419856E-04
 8.09870   -0.191907E-04    0.999918E-05   -0.417523E-04
 8.11672   -0.190823E-04    0.998923E-05   -0.415198E-04
 8.13475   -0.189747E-04    0.997908E-05   -0.412881E-04
 8.15278   -0.188678E-04    0.996871E-05   -0.410573E-04
 8.17080   -0.187617E-04    0.995816E-05   -0.408274E-04
 8.18883   -0.186562E-04    0.994742E-05   -0.405984E-04
 8.20685   -0.185516E-04    0.993650E-05   -0.403703E-04
 8.22488   -0.184477E-04    0.992539E-05   -0.401430E-04
 8.24291   -0.183444E-04    0.991410E-05   -0.399167E-04
 8.26093   -0.182419E-04    0.990265E-05   -0.396912E-04
 8.27896   -0.181402E-04    0.989102E-05   -0.394666E-04
 8.29698   -0.180391E-04    0.987923E-05   -0.392429E-04
 8.31501   -0.179387E-04    0.986727E-05   -0.390201E-04
 8.33304   -0.178391E-04    0.985517E-05   -0.387982E-04
 8.35106   -0.177401E-04    0.984291E-05   -0.385772E-04
 8.36909   -0.176419E-04    0.983049E-05   -0.383571E-04
 8.38711   -0.175443E-04    0.981794E-05   -0.381379E-04
 8.40514   -0.174475E-04    0.980524E-05   -0.379196E-04
 8.42317   -0.173513E-04    0.979239E-05   -0.377022E-04
 8.44119   -0.172558E-04    0.977940E-05   -0.374857E-04
 8.45922   -0.171609E-04    0.976630E-05   -0.372701E-04
 8.47724   -0.170667E-04    0.975305E-05   -0.370554E-04
 8.49527   -0.169731E-04    0.973968E-05   -0.368416E-04
 8.51330   -0.168804E-04    0.972617E-05   -0.366287E-04
 8.53132   -0.167882E-04    0.971255E-05   -0.364167E-04
 8.54935   -0.166966E-04    0.969880E-05   -0.362056E-04
 8.56737   -0.166057E-04    0.968493E-05   -0.359954E-04
 8.58540   -0.165155E-04    0.967095E-05   -0.357862E-04
 8.60343   -0.164258E-04    0.965684E-05   -0.355778E-04
 8.62145   -0.163369E-04    0.964264E-05   -0.353703E-04
 8.63948   -0.162485E-04    0.962833E-05   -0.351638E-04
 8.65751   -0.161607E-04    0.961388E-05   -0.349581E-04
 8.67553   -0.160736E-04    0.959937E-05   -0.347534E-04
 8.69356   -0.159871E-04    0.958475E-05   -0.345495E-04
 8.71158   -0.159012E-04    0.957007E-05   -0.343465E-04
 8.72961   -0.158159E-04    0.955525E-05   -0.341445E-04
 8.74764   -0.157312E-04    0.954034E-05   -0.339433E-04
 8.76566   -0.156470E-04    0.952534E-05   -0.337431E-04
 8.78369   -0.155635E-04    0.951026E-05   -0.335437E-04
 8.80171   -0.154806E-04    0.949507E-05   -0.333453E-04
 8.81974   -0.153982E-04    0.947979E-05   -0.331477E-04
 8.83777   -0.153164E-04    0.946444E-05   -0.329510E-04
 8.85579   -0.152352E-04    0.944900E-05   -0.327553E-04
 8.87382   -0.151545E-04    0.943346E-05   -0.325604E-04
 8.89184   -0.150744E-04    0.941786E-05   -0.323664E-04
 8.90987   -0.149949E-04    0.940218E-05   -0.321733E-04
 8.92790   -0.149159E-04    0.938644E-05   -0.319811E-04
 8.94592   -0.148375E-04    0.937061E-05   -0.317898E-04
 8.96395   -0.147596E-04    0.935469E-05   -0.315993E-04
 8.98197   -0.146822E-04    0.933874E-05   -0.314098E-04
 9.00000   -0.146054E-04    0.932270E-05   -0.312211E-04
