 0.00500    0.511529E-01   -0.248751E-01    0.179943E-01
 0.02303    0.413139E-01   -0.199567E-01    0.143063E-01
 0.04105    0.356334E-01   -0.171175E-01    0.121789E-01
 0.05908    0.315342E-01   -0.150696E-01    0.106459E-01
 0.07710    0.283287E-01   -0.134689E-01    0.944891E-02
 0.09513    0.257098E-01   -0.121619E-01    0.847284E-02
 0.11316    0.235088E-01   -0.110643E-01    0.765423E-02
 0.13118    0.216224E-01   -0.101241E-01    0.695414E-02
 0.14921    0.199816E-01   -0.930703E-02    0.634667E-02
 0.16723    0.185382E-01   -0.858880E-02    0.581369E-02
 0.18526    0.172565E-01   -0.795162E-02    0.534176E-02
 0.20329    0.161099E-01   -0.738216E-02    0.492085E-02
 0.22131    0.150777E-01   -0.687001E-02    0.454311E-02
 0.23934    0.141434E-01   -0.640694E-02    0.420234E-02
 0.25736    0.132938E-01   -0.598632E-02    0.389356E-02
 0.27539    0.125181E-01   -0.560269E-02    0.361264E-02
 0.29342    0.118071E-01   -0.525156E-02    0.335619E-02
 0.31144    0.111535E-01   -0.492916E-02    0.312137E-02
 0.32947    0.105509E-01   -0.463229E-02    0.290576E-02
 0.34749    0.999372E-02   -0.435822E-02    0.270732E-02
 0.36552    0.947735E-02   -0.410459E-02    0.252424E-02
 0.38355    0.899775E-02   -0.386937E-02    0.235501E-02
 0.40157    0.855136E-02   -0.365080E-02    0.219828E-02
 0.41960    0.813512E-02   -0.344732E-02    0.205288E-02
 0.43763    0.774628E-02   -0.325755E-02    0.191778E-02
 0.45565    0.738246E-02   -0.308031E-02    0.179206E-02
 0.47368    0.704150E-02   -0.291451E-02    0.167492E-02
 0.49170    0.672150E-02   -0.275920E-02    0.156562E-02
 0.50973    0.642076E-02   -0.261351E-02    0.146353E-02
 0.52776    0.613775E-02   -0.247669E-02    0.136806E-02
 0.54578    0.587111E-02   -0.234805E-02    0.127869E-02
 0.56381    0.561959E-02   -0.222696E-02    0.119496E-02
 0.58183    0.538206E-02   -0.211286E-02    0.111642E-02
 0.59986    0.515751E-02   -0.200523E-02    0.104271E-02
 0.61789    0.494503E-02   -0.190363E-02    0.973464E-03
 0.63591    0.474377E-02   -0.180762E-02    0.908370E-03
 0.65394    0.455297E-02   -0.171682E-02    0.847135E-03
 0.67196    0.437192E-02   -0.163088E-02    0.789492E-03
 0.68999    0.419998E-02   -0.154947E-02    0.735196E-03
 0.70802    0.403655E-02   -0.147231E-02    0.684026E-03
 0.72604    0.388111E-02   -0.139911E-02    0.635775E-03
 0.74407    0.373315E-02   -0.132962E-02    0.590253E-03
 0.76209    0.359221E-02   -0.126362E-02    0.547290E-03
 0.78012    0.345787E-02   -0.120090E-02    0.506722E-03
 0.79815    0.332974E-02   -0.114125E-02    0.468401E-03
 0.81617    0.320745E-02   -0.108450E-02    0.432190E-03
 0.83420    0.309067E-02   -0.103048E-02    0.397953E-03
 0.85222    0.297909E-02   -0.979023E-03    0.365599E-03
 0.87025    0.287241E-02   -0.929995E-03    0.334991E-03
 0.88828    0.277037E-02   -0.883255E-03    0.306036E-03
 0.90630    0.267272E-02   -0.838677E-03    0.278640E-03
 0.92433    0.257922E-02   -0.796144E-03    0.252714E-03
 0.94235    0.248965E-02   -0.755547E-03    0.228174E-03
 0.96038    0.240381E-02   -0.716782E-03    0.204943E-03
 0.97841    0.232150E-02   -0.679756E-03    0.182951E-03
 0.99643    0.224255E-02   -0.644378E-03    0.162130E-03
 1.01446    0.216679E-02   -0.610564E-03    0.142417E-03
 1.03248    0.209407E-02   -0.578236E-03    0.123753E-03
 1.05051    0.202423E-02   -0.547318E-03    0.106082E-03
 1.06854    0.195713E-02   -0.517740E-03    0.893517E-04
 1.08656    0.189265E-02   -0.489437E-03    0.735126E-04
 1.10459    0.183066E-02   -0.462348E-03    0.585189E-04
 1.12262    0.177105E-02   -0.436415E-03    0.443277E-04
 1.14064    0.171370E-02   -0.411583E-03    0.308988E-04
 1.15867    0.165851E-02   -0.387802E-03    0.181936E-04
 1.17669    0.160539E-02   -0.365022E-03    0.617604E-05
 1.19472    0.155425E-02   -0.343196E-03   -0.518822E-05
 1.21275    0.150499E-02   -0.322283E-03   -0.159317E-04
 1.23077    0.145754E-02   -0.302240E-03   -0.260844E-04
 1.24880    0.141181E-02   -0.283028E-03   -0.356755E-04
 1.26682    0.136774E-02   -0.264612E-03   -0.447321E-04
 1.28485    0.132524E-02   -0.246955E-03   -0.532801E-04
 1.30288    0.128427E-02   -0.230017E-03   -0.613439E-04
 1.32090    0.124474E-02   -0.213788E-03   -0.689469E-04
 1.33893    0.120661E-02   -0.198218E-03   -0.761106E-04
 1.35695    0.116981E-02   -0.183285E-03   -0.828566E-04
 1.37498    0.113430E-02   -0.168961E-03   -0.892036E-04
 1.39301    0.110001E-02   -0.155222E-03   -0.951711E-04
 1.41103    0.106690E-02   -0.142043E-03   -0.100777E-03
 1.42906    0.103493E-02   -0.129401E-03   -0.106036E-03
 1.44708    0.100405E-02   -0.117275E-03   -0.110966E-03
 1.46511    0.974220E-03   -0.105643E-03   -0.115582E-03
 1.48314    0.945396E-03   -0.944849E-04   -0.119898E-03
 1.50116    0.917542E-03   -0.837822E-04   -0.123927E-03
 1.51919    0.890618E-03   -0.735165E-04   -0.127685E-03
 1.53721    0.864593E-03   -0.636713E-04   -0.131182E-03
 1.55524    0.839433E-03   -0.542294E-04   -0.134429E-03
 1.57327    0.815107E-03   -0.451753E-04   -0.137439E-03
 1.59129    0.791584E-03   -0.364953E-04   -0.140221E-03
 1.60932    0.768837E-03   -0.281741E-04   -0.142786E-03
 1.62734    0.746836E-03   -0.201987E-04   -0.145144E-03
 1.64537    0.725557E-03   -0.125562E-04   -0.147303E-03
 1.66340    0.704975E-03   -0.523435E-05   -0.149272E-03
 1.68142    0.685064E-03    0.177854E-05   -0.151059E-03
 1.69945    0.665804E-03    0.849399E-05   -0.152672E-03
 1.71747    0.647172E-03    0.149213E-04   -0.154119E-03
 1.73550    0.629147E-03    0.210716E-04   -0.155406E-03
 1.75353    0.611710E-03    0.269543E-04   -0.156540E-03
 1.77155    0.594844E-03    0.325778E-04   -0.157527E-03
 1.78958    0.578529E-03    0.379511E-04   -0.158372E-03
 1.80761    0.562751E-03    0.430823E-04   -0.159083E-03
 1.82563    0.547491E-03    0.479793E-04   -0.159663E-03
 1.84366    0.532736E-03    0.526489E-04   -0.160117E-03
 1.86168    0.518472E-03    0.570983E-04   -0.160451E-03
 1.87971    0.504685E-03    0.613338E-04   -0.160669E-03
 1.89774    0.491362E-03    0.653613E-04   -0.160774E-03
 1.91576    0.478493E-03    0.691863E-04   -0.160769E-03
 1.93379    0.466066E-03    0.728145E-04   -0.160660E-03
 1.95181    0.454071E-03    0.762499E-04   -0.160448E-03
 1.96984    0.442500E-03    0.794975E-04   -0.160136E-03
 1.98787    0.431341E-03    0.825618E-04   -0.159727E-03
 2.00589    0.420589E-03    0.854462E-04   -0.159223E-03
 2.02392    0.410234E-03    0.881541E-04   -0.158627E-03
 2.04194    0.400269E-03    0.906895E-04   -0.157940E-03
 2.05997    0.390688E-03    0.930552E-04   -0.157165E-03
 2.07800    0.381486E-03    0.952541E-04   -0.156302E-03
 2.09602    0.372655E-03    0.972889E-04   -0.155354E-03
 2.11405    0.364190E-03    0.991620E-04   -0.154322E-03
 2.13207    0.356086E-03    0.100876E-03   -0.153206E-03
 2.15010    0.348338E-03    0.102433E-03   -0.152009E-03
 2.16813    0.340940E-03    0.103836E-03   -0.150730E-03
 2.18615    0.333888E-03    0.105086E-03   -0.149373E-03
 2.20418    0.327176E-03    0.106186E-03   -0.147937E-03
 2.22220    0.320799E-03    0.107139E-03   -0.146424E-03
 2.24023    0.314752E-03    0.107947E-03   -0.144836E-03
 2.25826    0.309029E-03    0.108613E-03   -0.143173E-03
 2.27628    0.303622E-03    0.109139E-03   -0.141438E-03
 2.29431    0.298525E-03    0.109530E-03   -0.139633E-03
 2.31233    0.293729E-03    0.109789E-03   -0.137759E-03
 2.33036    0.289227E-03    0.109919E-03   -0.135820E-03
 2.34839    0.285007E-03    0.109926E-03   -0.133817E-03
 2.36641    0.281061E-03    0.109814E-03   -0.131756E-03
 2.38444    0.277375E-03    0.109590E-03   -0.129638E-03
 2.40246    0.273937E-03    0.109259E-03   -0.127469E-03
 2.42049    0.270732E-03    0.108829E-03   -0.125252E-03
 2.43852    0.267745E-03    0.108306E-03   -0.122994E-03
 2.45654    0.264959E-03    0.107700E-03   -0.120699E-03
 2.47457    0.262355E-03    0.107019E-03   -0.118373E-03
 2.49260    0.259914E-03    0.106272E-03   -0.116024E-03
 2.51062    0.257616E-03    0.105469E-03   -0.113658E-03
 2.52865    0.255439E-03    0.104622E-03   -0.111282E-03
 2.54667    0.253360E-03    0.103741E-03   -0.108905E-03
 2.56470    0.251356E-03    0.102837E-03   -0.106534E-03
 2.58273    0.249402E-03    0.101923E-03   -0.104178E-03
 2.60075    0.247471E-03    0.101010E-03   -0.101845E-03
 2.61878    0.245542E-03    0.100112E-03   -0.995447E-04
 2.63680    0.243587E-03    0.992400E-04   -0.972851E-04
 2.65483    0.241582E-03    0.984072E-04   -0.950753E-04
 2.67286    0.239501E-03    0.976255E-04   -0.929242E-04
 2.69088    0.237320E-03    0.969068E-04   -0.908397E-04
 2.70891    0.235017E-03    0.962624E-04   -0.888303E-04
 2.72693    0.232569E-03    0.957034E-04   -0.869037E-04
 2.74496    0.229954E-03    0.952398E-04   -0.850671E-04
 2.76299    0.227154E-03    0.948812E-04   -0.833271E-04
 2.78101    0.224152E-03    0.946360E-04   -0.816900E-04
 2.79904    0.220932E-03    0.945117E-04   -0.801608E-04
 2.81706    0.217480E-03    0.945148E-04   -0.787441E-04
 2.83509    0.213787E-03    0.946505E-04   -0.774435E-04
 2.85312    0.209843E-03    0.949230E-04   -0.762619E-04
 2.87114    0.205643E-03    0.953349E-04   -0.752003E-04
 2.88917    0.201184E-03    0.958880E-04   -0.742613E-04
 2.90719    0.196464E-03    0.965820E-04   -0.734435E-04
 2.92522    0.191487E-03    0.974163E-04   -0.727462E-04
 2.94325    0.186255E-03    0.983887E-04   -0.721677E-04
 2.96127    0.180777E-03    0.994955E-04   -0.717050E-04
 2.97930    0.175061E-03    0.100732E-03   -0.713546E-04
 2.99732    0.169119E-03    0.102092E-03   -0.711119E-04
 3.01535    0.162965E-03    0.103569E-03   -0.709719E-04
 3.03338    0.156614E-03    0.105156E-03   -0.709286E-04
 3.05140    0.150083E-03    0.106844E-03   -0.709756E-04
 3.06943    0.143389E-03    0.108623E-03   -0.711060E-04
 3.08745    0.136554E-03    0.110485E-03   -0.713124E-04
 3.10548    0.129597E-03    0.112418E-03   -0.715871E-04
 3.12351    0.122539E-03    0.114412E-03   -0.719222E-04
 3.14153    0.115403E-03    0.116456E-03   -0.723096E-04
 3.15956    0.108210E-03    0.118540E-03   -0.727412E-04
 3.17759    0.100981E-03    0.120652E-03   -0.732086E-04
 3.19561    0.937398E-04    0.122782E-03   -0.737038E-04
 3.21364    0.865063E-04    0.124919E-03   -0.742191E-04
 3.23166    0.793014E-04    0.127053E-03   -0.747464E-04
 3.24969    0.721449E-04    0.129174E-03   -0.752786E-04
 3.26772    0.650559E-04    0.131272E-03   -0.758086E-04
 3.28574    0.580523E-04    0.133338E-03   -0.763298E-04
 3.30377    0.511508E-04    0.135365E-03   -0.768123E-04
 3.32179    0.443672E-04    0.137344E-03   -0.773211E-04
 3.33982    0.377160E-04    0.139268E-03   -0.777800E-04
 3.35785    0.312099E-04    0.141131E-03   -0.782078E-04
 3.37587    0.248609E-04    0.142927E-03   -0.786002E-04
 3.39390    0.186800E-04    0.144651E-03   -0.789533E-04
 3.41192    0.126734E-04    0.146298E-03   -0.792639E-04
 3.42995    0.685133E-05    0.147864E-03   -0.795291E-04
 3.44798    0.121935E-05    0.149347E-03   -0.797465E-04
 3.46600   -0.421750E-05    0.150744E-03   -0.799142E-04
 3.48403   -0.945528E-05    0.152053E-03   -0.800307E-04
 3.50205   -0.144913E-04    0.153272E-03   -0.800951E-04
 3.52008   -0.193238E-04    0.154401E-03   -0.801065E-04
 3.53811   -0.239522E-04    0.155440E-03   -0.800648E-04
 3.55613   -0.283768E-04    0.156388E-03   -0.799711E-04
 3.57416   -0.325987E-04    0.157246E-03   -0.798235E-04
 3.59218   -0.366198E-04    0.158015E-03   -0.796238E-04
 3.61021   -0.404428E-04    0.158697E-03   -0.793727E-04
 3.62824   -0.440708E-04    0.159292E-03   -0.790716E-04
 3.64626   -0.475075E-04    0.159803E-03   -0.787215E-04
 3.66429   -0.507572E-04    0.160231E-03   -0.783241E-04
 3.68231   -0.538245E-04    0.160580E-03   -0.778808E-04
 3.70034   -0.567144E-04    0.160851E-03   -0.773924E-04
 3.71837   -0.594321E-04    0.161047E-03   -0.768628E-04
 3.73639   -0.619832E-04    0.161171E-03   -0.762929E-04
 3.75442   -0.643731E-04    0.161225E-03   -0.756846E-04
 3.77244   -0.666078E-04    0.161213E-03   -0.750400E-04
 3.79047   -0.686931E-04    0.161136E-03   -0.743609E-04
 3.80850   -0.706348E-04    0.160999E-03   -0.736495E-04
 3.82652   -0.724388E-04    0.160804E-03   -0.729077E-04
 3.84455   -0.741110E-04    0.160553E-03   -0.721376E-04
 3.86258   -0.756571E-04    0.160250E-03   -0.713411E-04
 3.88060   -0.770829E-04    0.159897E-03   -0.705203E-04
 3.89863   -0.783939E-04    0.159497E-03   -0.696770E-04
 3.91665   -0.795957E-04    0.159053E-03   -0.688130E-04
 3.93468   -0.806935E-04    0.158568E-03   -0.679301E-04
 3.95271   -0.816927E-04    0.158043E-03   -0.670280E-04
 3.97073   -0.825981E-04    0.157481E-03   -0.661125E-04
 3.98876   -0.834147E-04    0.156885E-03   -0.651831E-04
 4.00678   -0.841472E-04    0.156257E-03   -0.642414E-04
 4.02481   -0.848001E-04    0.155599E-03   -0.632890E-04
 4.04284   -0.853777E-04    0.154913E-03   -0.623272E-04
 4.06086   -0.858842E-04    0.154201E-03   -0.613589E-04
 4.07889   -0.863236E-04    0.153466E-03   -0.603820E-04
 4.09691   -0.866997E-04    0.152708E-03   -0.593996E-04
 4.11494   -0.870160E-04    0.151929E-03   -0.584127E-04
 4.13297   -0.872761E-04    0.151132E-03   -0.574223E-04
 4.15099   -0.874833E-04    0.150317E-03   -0.564295E-04
 4.16902   -0.876406E-04    0.149487E-03   -0.554353E-04
 4.18704   -0.877511E-04    0.148643E-03   -0.544406E-04
 4.20507   -0.878175E-04    0.147785E-03   -0.534461E-04
 4.22310   -0.878426E-04    0.146915E-03   -0.524526E-04
 4.24112   -0.878288E-04    0.146035E-03   -0.514610E-04
 4.25915   -0.877785E-04    0.145146E-03   -0.504718E-04
 4.27717   -0.876941E-04    0.144247E-03   -0.494856E-04
 4.29520   -0.875776E-04    0.143342E-03   -0.485034E-04
 4.31323   -0.874310E-04    0.142429E-03   -0.475253E-04
 4.33125   -0.872562E-04    0.141511E-03   -0.465519E-04
 4.34928   -0.870552E-04    0.140588E-03   -0.455835E-04
 4.36730   -0.868295E-04    0.139661E-03   -0.446211E-04
 4.38533   -0.865807E-04    0.138731E-03   -0.436646E-04
 4.40336   -0.863104E-04    0.137798E-03   -0.427145E-04
 4.42138   -0.860201E-04    0.136862E-03   -0.417710E-04
 4.43941   -0.857109E-04    0.135925E-03   -0.408345E-04
 4.45743   -0.853843E-04    0.134987E-03   -0.399053E-04
 4.47546   -0.850415E-04    0.134049E-03   -0.389835E-04
 4.49349   -0.846835E-04    0.133111E-03   -0.380694E-04
 4.51151   -0.843114E-04    0.132173E-03   -0.371631E-04
 4.52954   -0.839262E-04    0.131236E-03   -0.362649E-04
 4.54757   -0.835290E-04    0.130300E-03   -0.353748E-04
 4.56559   -0.831205E-04    0.129366E-03   -0.344929E-04
 4.58362   -0.827017E-04    0.128434E-03   -0.336195E-04
 4.60164   -0.822733E-04    0.127504E-03   -0.327545E-04
 4.61967   -0.818361E-04    0.126577E-03   -0.318981E-04
 4.63770   -0.813909E-04    0.125653E-03   -0.310504E-04
 4.65572   -0.809382E-04    0.124732E-03   -0.302115E-04
 4.67375   -0.804787E-04    0.123814E-03   -0.293815E-04
 4.69177   -0.800130E-04    0.122900E-03   -0.285605E-04
 4.70980   -0.795418E-04    0.121990E-03   -0.277485E-04
 4.72783   -0.790654E-04    0.121084E-03   -0.269458E-04
 4.74585   -0.785844E-04    0.120182E-03   -0.261525E-04
 4.76388   -0.780993E-04    0.119284E-03   -0.253685E-04
 4.78190   -0.776105E-04    0.118391E-03   -0.245940E-04
 4.79993   -0.771184E-04    0.117503E-03   -0.238291E-04
 4.81796   -0.766235E-04    0.116619E-03   -0.230739E-04
 4.83598   -0.761261E-04    0.115741E-03   -0.223284E-04
 4.85401   -0.756265E-04    0.114867E-03   -0.215927E-04
 4.87203   -0.751252E-04    0.113999E-03   -0.208668E-04
 4.89006   -0.746223E-04    0.113135E-03   -0.201508E-04
 4.90809   -0.741183E-04    0.112277E-03   -0.194445E-04
 4.92611   -0.736133E-04    0.111425E-03   -0.187480E-04
 4.94414   -0.731077E-04    0.110578E-03   -0.180612E-04
 4.96216   -0.726017E-04    0.109736E-03   -0.173841E-04
 4.98019   -0.720956E-04    0.108900E-03   -0.167164E-04
 4.99822   -0.715895E-04    0.108070E-03   -0.160582E-04
 5.01624   -0.710838E-04    0.107245E-03   -0.154094E-04
 5.03427   -0.705786E-04    0.106426E-03   -0.147697E-04
 5.05229   -0.700741E-04    0.105613E-03   -0.141391E-04
 5.07032   -0.695705E-04    0.104805E-03   -0.135174E-04
 5.08835   -0.690681E-04    0.104003E-03   -0.129045E-04
 5.10637   -0.685670E-04    0.103208E-03   -0.123001E-04
 5.12440   -0.680673E-04    0.102418E-03   -0.117043E-04
 5.14242   -0.675694E-04    0.101634E-03   -0.111169E-04
 5.16045   -0.670733E-04    0.100856E-03   -0.105378E-04
 5.17848   -0.665792E-04    0.100084E-03   -0.996678E-05
 5.19650   -0.660872E-04    0.993179E-04   -0.940389E-05
 5.21453   -0.655976E-04    0.985580E-04   -0.884903E-05
 5.23256   -0.651104E-04    0.978042E-04   -0.830210E-05
 5.25058   -0.646259E-04    0.970567E-04   -0.776295E-05
 5.26861   -0.641442E-04    0.963151E-04   -0.723174E-05
 5.28663   -0.636653E-04    0.955796E-04   -0.670831E-05
 5.30466   -0.631895E-04    0.948503E-04   -0.619262E-05
 5.32269   -0.627169E-04    0.941271E-04   -0.568469E-05
 5.34071   -0.622476E-04    0.934102E-04   -0.518445E-05
 5.35874   -0.617816E-04    0.926994E-04   -0.469174E-05
 5.37676   -0.613192E-04    0.919948E-04   -0.420675E-05
 5.39479   -0.608604E-04    0.912963E-04   -0.372917E-05
 5.41282   -0.604054E-04    0.906041E-04   -0.325925E-05
 5.43084   -0.599541E-04    0.899181E-04   -0.279680E-05
 5.44887   -0.595068E-04    0.892383E-04   -0.234181E-05
 5.46689   -0.590634E-04    0.885645E-04   -0.189422E-05
 5.48492   -0.586240E-04    0.878971E-04   -0.145400E-05
 5.50295   -0.581887E-04    0.872357E-04   -0.102105E-05
 5.52097   -0.577576E-04    0.865805E-04   -0.595342E-06
 5.53900   -0.573306E-04    0.859314E-04   -0.176786E-06
 5.55702   -0.569078E-04    0.852884E-04    0.234673E-06
 5.57505   -0.564893E-04    0.846514E-04    0.639134E-06
 5.59308   -0.560749E-04    0.840204E-04    0.103665E-05
 5.61110   -0.556648E-04    0.833954E-04    0.142732E-05
 5.62913   -0.552589E-04    0.827763E-04    0.181125E-05
 5.64715   -0.548571E-04    0.821630E-04    0.218847E-05
 5.66518   -0.544595E-04    0.815556E-04    0.255914E-05
 5.68321   -0.540659E-04    0.809539E-04    0.292327E-05
 5.70123   -0.536764E-04    0.803579E-04    0.328108E-05
 5.71926   -0.532909E-04    0.797675E-04    0.363262E-05
 5.73728   -0.529093E-04    0.791826E-04    0.397798E-05
 5.75531   -0.525316E-04    0.786032E-04    0.431727E-05
 5.77334   -0.521575E-04    0.780291E-04    0.465058E-05
 5.79136   -0.517872E-04    0.774603E-04    0.497812E-05
 5.80939   -0.514204E-04    0.768968E-04    0.529979E-05
 5.82741   -0.510571E-04    0.763384E-04    0.561582E-05
 5.84544   -0.506971E-04    0.757851E-04    0.592633E-05
 5.86347   -0.503404E-04    0.752367E-04    0.623137E-05
 5.88149   -0.499869E-04    0.746932E-04    0.653106E-05
 5.89952   -0.496364E-04    0.741545E-04    0.682542E-05
 5.91755   -0.492888E-04    0.736205E-04    0.711474E-05
 5.93557   -0.489440E-04    0.730911E-04    0.739904E-05
 5.95360   -0.486020E-04    0.725662E-04    0.767840E-05
 5.97162   -0.482625E-04    0.720457E-04    0.795293E-05
 5.98965   -0.479255E-04    0.715296E-04    0.822273E-05
 6.00768   -0.475909E-04    0.710178E-04    0.848790E-05
 6.02570   -0.472585E-04    0.705101E-04    0.874853E-05
 6.04373   -0.469284E-04    0.700066E-04    0.900472E-05
 6.06175   -0.466003E-04    0.695070E-04    0.925661E-05
 6.07978   -0.462742E-04    0.690115E-04    0.950418E-05
 6.09781   -0.459499E-04    0.685198E-04    0.974757E-05
 6.11583   -0.456275E-04    0.680318E-04    0.998687E-05
 6.13386   -0.453069E-04    0.675476E-04    0.102221E-04
 6.15188   -0.449879E-04    0.670671E-04    0.104535E-04
 6.16991   -0.446706E-04    0.665902E-04    0.106809E-04
 6.18794   -0.443548E-04    0.661169E-04    0.109046E-04
 6.20596   -0.440405E-04    0.656470E-04    0.111246E-04
 6.22399   -0.437277E-04    0.651807E-04    0.113409E-04
 6.24201   -0.434163E-04    0.647178E-04    0.115536E-04
 6.26004   -0.431064E-04    0.642582E-04    0.117627E-04
 6.27807   -0.427978E-04    0.638020E-04    0.119684E-04
 6.29609   -0.424907E-04    0.633491E-04    0.121707E-04
 6.31412   -0.421848E-04    0.628995E-04    0.123696E-04
 6.33214   -0.418804E-04    0.624531E-04    0.125651E-04
 6.35017   -0.415772E-04    0.620099E-04    0.127574E-04
 6.36820   -0.412755E-04    0.615700E-04    0.129464E-04
 6.38622   -0.409751E-04    0.611332E-04    0.131322E-04
 6.40425   -0.406760E-04    0.606995E-04    0.133149E-04
 6.42227   -0.403784E-04    0.602690E-04    0.134943E-04
 6.44030   -0.400821E-04    0.598416E-04    0.136708E-04
 6.45833   -0.397872E-04    0.594173E-04    0.138441E-04
 6.47635   -0.394938E-04    0.589961E-04    0.140145E-04
 6.49438   -0.392018E-04    0.585779E-04    0.141819E-04
 6.51240   -0.389113E-04    0.581629E-04    0.143463E-04
 6.53043   -0.386223E-04    0.577509E-04    0.145078E-04
 6.54846   -0.383348E-04    0.573419E-04    0.146664E-04
 6.56648   -0.380489E-04    0.569359E-04    0.148221E-04
 6.58451   -0.377645E-04    0.565330E-04    0.149751E-04
 6.60254   -0.374817E-04    0.561331E-04    0.151251E-04
 6.62056   -0.372005E-04    0.557361E-04    0.152724E-04
 6.63859   -0.369210E-04    0.553422E-04    0.154170E-04
 6.65661   -0.366432E-04    0.549512E-04    0.155588E-04
 6.67464   -0.363670E-04    0.545633E-04    0.156979E-04
 6.69267   -0.360926E-04    0.541782E-04    0.158343E-04
 6.71069   -0.358199E-04    0.537962E-04    0.159681E-04
 6.72872   -0.355489E-04    0.534170E-04    0.160993E-04
 6.74674   -0.352797E-04    0.530408E-04    0.162279E-04
 6.76477   -0.350123E-04    0.526675E-04    0.163539E-04
 6.78280   -0.347467E-04    0.522972E-04    0.164774E-04
 6.80082   -0.344829E-04    0.519297E-04    0.165984E-04
 6.81885   -0.342210E-04    0.515651E-04    0.167168E-04
 6.83687   -0.339608E-04    0.512033E-04    0.168328E-04
 6.85490   -0.337026E-04    0.508444E-04    0.169464E-04
 6.87293   -0.334462E-04    0.504884E-04    0.170576E-04
 6.89095   -0.331916E-04    0.501351E-04    0.171664E-04
 6.90898   -0.329390E-04    0.497847E-04    0.172728E-04
 6.92700   -0.326882E-04    0.494371E-04    0.173769E-04
 6.94503   -0.324394E-04    0.490922E-04    0.174787E-04
 6.96306   -0.321924E-04    0.487501E-04    0.175782E-04
 6.98108   -0.319473E-04    0.484108E-04    0.176755E-04
 6.99911   -0.317041E-04    0.480742E-04    0.177705E-04
 7.01713   -0.314628E-04    0.477403E-04    0.178633E-04
 7.03516   -0.312234E-04    0.474091E-04    0.179541E-04
 7.05319   -0.309860E-04    0.470806E-04    0.180426E-04
 7.07121   -0.307504E-04    0.467547E-04    0.181290E-04
 7.08924   -0.305167E-04    0.464315E-04    0.182133E-04
 7.10726   -0.302850E-04    0.461109E-04    0.182955E-04
 7.12529   -0.300551E-04    0.457930E-04    0.183757E-04
 7.14332   -0.298272E-04    0.454776E-04    0.184539E-04
 7.16134   -0.296012E-04    0.451648E-04    0.185301E-04
 7.17937   -0.293770E-04    0.448546E-04    0.186043E-04
 7.19739   -0.291548E-04    0.445470E-04    0.186765E-04
 7.21542   -0.289345E-04    0.442418E-04    0.187469E-04
 7.23345   -0.287161E-04    0.439392E-04    0.188153E-04
 7.25147   -0.284995E-04    0.436391E-04    0.188819E-04
 7.26950   -0.282849E-04    0.433415E-04    0.189466E-04
 7.28753   -0.280721E-04    0.430463E-04    0.190095E-04
 7.30555   -0.278612E-04    0.427536E-04    0.190705E-04
 7.32358   -0.276522E-04    0.424634E-04    0.191298E-04
 7.34160   -0.274451E-04    0.421755E-04    0.191874E-04
 7.35963   -0.272399E-04    0.418900E-04    0.192431E-04
 7.37766   -0.270364E-04    0.416070E-04    0.192972E-04
 7.39568   -0.268349E-04    0.413262E-04    0.193496E-04
 7.41371   -0.266352E-04    0.410479E-04    0.194003E-04
 7.43173   -0.264373E-04    0.407718E-04    0.194493E-04
 7.44976   -0.262412E-04    0.404981E-04    0.194968E-04
 7.46779   -0.260470E-04    0.402266E-04    0.195426E-04
 7.48581   -0.258546E-04    0.399575E-04    0.195868E-04
 7.50384   -0.256639E-04    0.396905E-04    0.196295E-04
 7.52186   -0.254750E-04    0.394258E-04    0.196707E-04
 7.53989   -0.252879E-04    0.391633E-04    0.197103E-04
 7.55792   -0.251025E-04    0.389031E-04    0.197484E-04
 7.57594   -0.249189E-04    0.386450E-04    0.197851E-04
 7.59397   -0.247370E-04    0.383890E-04    0.198203E-04
 7.61199   -0.245568E-04    0.381352E-04    0.198541E-04
 7.63002   -0.243782E-04    0.378835E-04    0.198865E-04
 7.64805   -0.242014E-04    0.376339E-04    0.199175E-04
 7.66607   -0.240262E-04    0.373864E-04    0.199472E-04
 7.68410   -0.238527E-04    0.371409E-04    0.199755E-04
 7.70212   -0.236807E-04    0.368975E-04    0.200024E-04
 7.72015   -0.235104E-04    0.366560E-04    0.200281E-04
 7.73818   -0.233417E-04    0.364166E-04    0.200525E-04
 7.75620   -0.231745E-04    0.361792E-04    0.200757E-04
 7.77423   -0.230090E-04    0.359437E-04    0.200976E-04
 7.79225   -0.228449E-04    0.357102E-04    0.201182E-04
 7.81028   -0.226824E-04    0.354786E-04    0.201377E-04
 7.82831   -0.225214E-04    0.352489E-04    0.201560E-04
 7.84633   -0.223619E-04    0.350210E-04    0.201732E-04
 7.86436   -0.222038E-04    0.347951E-04    0.201892E-04
 7.88238   -0.220472E-04    0.345710E-04    0.202041E-04
 7.90041   -0.218921E-04    0.343487E-04    0.202179E-04
 7.91844   -0.217384E-04    0.341282E-04    0.202306E-04
 7.93646   -0.215861E-04    0.339095E-04    0.202422E-04
 7.95449   -0.214352E-04    0.336926E-04    0.202528E-04
 7.97252   -0.212856E-04    0.334775E-04    0.202624E-04
 7.99054   -0.211375E-04    0.332641E-04    0.202710E-04
 8.00857   -0.209907E-04    0.330524E-04    0.202785E-04
 8.02659   -0.208452E-04    0.328424E-04    0.202851E-04
 8.04462   -0.207010E-04    0.326341E-04    0.202907E-04
 8.06265   -0.205582E-04    0.324275E-04    0.202954E-04
 8.08067   -0.204166E-04    0.322227E-04    0.202991E-04
 8.09870   -0.202763E-04    0.320194E-04    0.203020E-04
 8.11672   -0.201373E-04    0.318177E-04    0.203039E-04
 8.13475   -0.199995E-04    0.316176E-04    0.203050E-04
 8.15278   -0.198630E-04    0.314191E-04    0.203052E-04
 8.17080   -0.197277E-04    0.312221E-04    0.203045E-04
 8.18883   -0.195936E-04    0.310268E-04    0.203030E-04
 8.20685   -0.194607E-04    0.308330E-04    0.203007E-04
 8.22488   -0.193290E-04    0.306407E-04    0.202975E-04
 8.24291   -0.191984E-04    0.304499E-04    0.202936E-04
 8.26093   -0.190690E-04    0.302607E-04    0.202889E-04
 8.27896   -0.189408E-04    0.300729E-04    0.202834E-04
 8.29698   -0.188137E-04    0.298866E-04    0.202772E-04
 8.31501   -0.186877E-04    0.297018E-04    0.202702E-04
 8.33304   -0.185629E-04    0.295184E-04    0.202625E-04
 8.35106   -0.184391E-04    0.293365E-04    0.202541E-04
 8.36909   -0.183164E-04    0.291559E-04    0.202450E-04
 8.38711   -0.181948E-04    0.289768E-04    0.202351E-04
 8.40514   -0.180743E-04    0.287991E-04    0.202246E-04
 8.42317   -0.179549E-04    0.286228E-04    0.202135E-04
 8.44119   -0.178365E-04    0.284478E-04    0.202016E-04
 8.45922   -0.177192E-04    0.282743E-04    0.201891E-04
 8.47724   -0.176028E-04    0.281020E-04    0.201760E-04
 8.49527   -0.174876E-04    0.279311E-04    0.201623E-04
 8.51330   -0.173733E-04    0.277615E-04    0.201479E-04
 8.53132   -0.172601E-04    0.275933E-04    0.201329E-04
 8.54935   -0.171478E-04    0.274264E-04    0.201174E-04
 8.56737   -0.170366E-04    0.272607E-04    0.201012E-04
 8.58540   -0.169264E-04    0.270963E-04    0.200844E-04
 8.60343   -0.168171E-04    0.269333E-04    0.200671E-04
 8.62145   -0.167088E-04    0.267714E-04    0.200493E-04
 8.63948   -0.166015E-04    0.266109E-04    0.200308E-04
 8.65751   -0.164952E-04    0.264516E-04    0.200119E-04
 8.67553   -0.163898E-04    0.262935E-04    0.199924E-04
 8.69356   -0.162854E-04    0.261366E-04    0.199723E-04
 8.71158   -0.161819E-04    0.259810E-04    0.199518E-04
 8.72961   -0.160794E-04    0.258266E-04    0.199307E-04
 8.74764   -0.159778E-04    0.256733E-04    0.199092E-04
 8.76566   -0.158771E-04    0.255213E-04    0.198871E-04
 8.78369   -0.157773E-04    0.253704E-04    0.198646E-04
 8.80171   -0.156785E-04    0.252207E-04    0.198416E-04
 8.81974   -0.155805E-04    0.250721E-04    0.198181E-04
 8.83777   -0.154834E-04    0.249247E-04    0.197942E-04
 8.85579   -0.153872E-04    0.247784E-04    0.197699E-04
 8.87382   -0.152919E-04    0.246333E-04    0.197451E-04
 8.89184   -0.151974E-04    0.244892E-04    0.197198E-04
 8.90987   -0.151037E-04    0.243463E-04    0.196942E-04
 8.92790   -0.150109E-04    0.242044E-04    0.196681E-04
 8.94592   -0.149189E-04    0.240636E-04    0.196417E-04
 8.96395   -0.148277E-04    0.239239E-04    0.196148E-04
 8.98197   -0.147372E-04    0.237852E-04    0.195876E-04
 9.00000   -0.146476E-04    0.236476E-04    0.195600E-04
