 0.00500    0.399344E-02   -0.205625E-02    0.164330E-02
 0.02303    0.328674E-02   -0.170292E-02    0.137826E-02
 0.04105    0.287059E-02   -0.149482E-02    0.122217E-02
 0.05908    0.256665E-02   -0.134282E-02    0.110811E-02
 0.07710    0.232663E-02   -0.122277E-02    0.101801E-02
 0.09513    0.212886E-02   -0.112385E-02    0.943726E-03
 0.11316    0.196137E-02   -0.104006E-02    0.880795E-03
 0.13118    0.181678E-02   -0.967720E-03    0.826437E-03
 0.14921    0.169017E-02   -0.904358E-03    0.778802E-03
 0.16723    0.157805E-02   -0.848244E-03    0.736593E-03
 0.18526    0.147788E-02   -0.798098E-03    0.698853E-03
 0.20329    0.138773E-02   -0.752961E-03    0.664860E-03
 0.22131    0.130610E-02   -0.712076E-03    0.634049E-03
 0.23934    0.123178E-02   -0.674850E-03    0.605974E-03
 0.25736    0.116383E-02   -0.640802E-03    0.580275E-03
 0.27539    0.110144E-02   -0.609534E-03    0.556655E-03
 0.29342    0.104397E-02   -0.580720E-03    0.534867E-03
 0.31144    0.990852E-03   -0.554083E-03    0.514706E-03
 0.32947    0.941627E-03   -0.529389E-03    0.495995E-03
 0.34749    0.895890E-03   -0.506437E-03    0.478584E-03
 0.36552    0.853296E-03   -0.485055E-03    0.462345E-03
 0.38355    0.813545E-03   -0.465092E-03    0.447163E-03
 0.40157    0.776374E-03   -0.446418E-03    0.432943E-03
 0.41960    0.741555E-03   -0.428918E-03    0.419596E-03
 0.43763    0.708881E-03   -0.412489E-03    0.407047E-03
 0.45565    0.678174E-03   -0.397041E-03    0.395229E-03
 0.47368    0.649271E-03   -0.382495E-03    0.384081E-03
 0.49170    0.622031E-03   -0.368777E-03    0.373549E-03
 0.50973    0.596323E-03   -0.355825E-03    0.363586E-03
 0.52776    0.572032E-03   -0.343579E-03    0.354147E-03
 0.54578    0.549054E-03   -0.331989E-03    0.345195E-03
 0.56381    0.527293E-03   -0.321006E-03    0.336693E-03
 0.58183    0.506664E-03   -0.310586E-03    0.328608E-03
 0.59986    0.487088E-03   -0.300693E-03    0.320913E-03
 0.61789    0.468494E-03   -0.291289E-03    0.313580E-03
 0.63591    0.450816E-03   -0.282342E-03    0.306585E-03
 0.65394    0.433996E-03   -0.273822E-03    0.299906E-03
 0.67196    0.417977E-03   -0.265703E-03    0.293522E-03
 0.68999    0.402712E-03   -0.257958E-03    0.287414E-03
 0.70802    0.388151E-03   -0.250564E-03    0.281566E-03
 0.72604    0.374254E-03   -0.243501E-03    0.275960E-03
 0.74407    0.360980E-03   -0.236749E-03    0.270583E-03
 0.76209    0.348293E-03   -0.230288E-03    0.265421E-03
 0.78012    0.336160E-03   -0.224104E-03    0.260462E-03
 0.79815    0.324549E-03   -0.218179E-03    0.255693E-03
 0.81617    0.313431E-03   -0.212500E-03    0.251104E-03
 0.83420    0.302778E-03   -0.207052E-03    0.246685E-03
 0.85222    0.292567E-03   -0.201824E-03    0.242427E-03
 0.87025    0.282773E-03   -0.196804E-03    0.238320E-03
 0.88828    0.273374E-03   -0.191980E-03    0.234358E-03
 0.90630    0.264351E-03   -0.187343E-03    0.230531E-03
 0.92433    0.255683E-03   -0.182883E-03    0.226833E-03
 0.94235    0.247353E-03   -0.178590E-03    0.223258E-03
 0.96038    0.239344E-03   -0.174457E-03    0.219798E-03
 0.97841    0.231641E-03   -0.170477E-03    0.216449E-03
 0.99643    0.224229E-03   -0.166640E-03    0.213205E-03
 1.01446    0.217094E-03   -0.162941E-03    0.210061E-03
 1.03248    0.210223E-03   -0.159373E-03    0.207013E-03
 1.05051    0.203603E-03   -0.155931E-03    0.204054E-03
 1.06854    0.197224E-03   -0.152607E-03    0.201182E-03
 1.08656    0.191074E-03   -0.149397E-03    0.198392E-03
 1.10459    0.185143E-03   -0.146296E-03    0.195681E-03
 1.12262    0.179421E-03   -0.143299E-03    0.193045E-03
 1.14064    0.173899E-03   -0.140400E-03    0.190480E-03
 1.15867    0.168569E-03   -0.137597E-03    0.187984E-03
 1.17669    0.163422E-03   -0.134885E-03    0.185554E-03
 1.19472    0.158451E-03   -0.132259E-03    0.183185E-03
 1.21275    0.153648E-03   -0.129717E-03    0.180877E-03
 1.23077    0.149006E-03   -0.127255E-03    0.178627E-03
 1.24880    0.144518E-03   -0.124870E-03    0.176431E-03
 1.26682    0.140179E-03   -0.122558E-03    0.174288E-03
 1.28485    0.135983E-03   -0.120316E-03    0.172196E-03
 1.30288    0.131923E-03   -0.118142E-03    0.170152E-03
 1.32090    0.127994E-03   -0.116033E-03    0.168155E-03
 1.33893    0.124192E-03   -0.113986E-03    0.166202E-03
 1.35695    0.120511E-03   -0.112000E-03    0.164293E-03
 1.37498    0.116947E-03   -0.110071E-03    0.162424E-03
 1.39301    0.113495E-03   -0.108198E-03    0.160596E-03
 1.41103    0.110150E-03   -0.106407E-03    0.158805E-03
 1.42906    0.106910E-03   -0.104609E-03    0.157052E-03
 1.44708    0.103770E-03   -0.102890E-03    0.155334E-03
 1.46511    0.100727E-03   -0.101219E-03    0.153650E-03
 1.48314    0.977767E-04   -0.995939E-04    0.151999E-03
 1.50116    0.949161E-04   -0.980130E-04    0.150379E-03
 1.51919    0.921420E-04   -0.964746E-04    0.148791E-03
 1.53721    0.894513E-04   -0.949776E-04    0.147231E-03
 1.55524    0.868410E-04   -0.935203E-04    0.145700E-03
 1.57327    0.843085E-04   -0.921013E-04    0.144196E-03
 1.59129    0.818510E-04   -0.907194E-04    0.142719E-03
 1.60932    0.794660E-04   -0.893733E-04    0.141268E-03
 1.62734    0.771510E-04   -0.880618E-04    0.139841E-03
 1.64537    0.749037E-04   -0.867836E-04    0.138438E-03
 1.66340    0.727218E-04   -0.855378E-04    0.137058E-03
 1.68142    0.706032E-04   -0.843232E-04    0.135701E-03
 1.69945    0.685458E-04   -0.831388E-04    0.134365E-03
 1.71747    0.665475E-04   -0.819836E-04    0.133051E-03
 1.73550    0.646068E-04   -0.808567E-04    0.131756E-03
 1.75353    0.627215E-04   -0.797572E-04    0.130482E-03
 1.77155    0.608899E-04   -0.786843E-04    0.129226E-03
 1.78958    0.591104E-04   -0.776371E-04    0.127990E-03
 1.80761    0.573813E-04   -0.766147E-04    0.126771E-03
 1.82563    0.557015E-04   -0.756165E-04    0.125569E-03
 1.84366    0.540691E-04   -0.746420E-04    0.124385E-03
 1.86168    0.524828E-04   -0.736901E-04    0.123217E-03
 1.87971    0.509413E-04   -0.727603E-04    0.122065E-03
 1.89774    0.494432E-04   -0.718519E-04    0.120929E-03
 1.91576    0.479874E-04   -0.709645E-04    0.119808E-03
 1.93379    0.465727E-04   -0.700973E-04    0.118701E-03
 1.95181    0.451978E-04   -0.692498E-04    0.117609E-03
 1.96984    0.438619E-04   -0.684216E-04    0.116532E-03
 1.98787    0.425637E-04   -0.676120E-04    0.115468E-03
 2.00589    0.413024E-04   -0.668207E-04    0.114417E-03
 2.02392    0.400770E-04   -0.660471E-04    0.113380E-03
 2.04194    0.388866E-04   -0.652908E-04    0.112355E-03
 2.05997    0.377303E-04   -0.645515E-04    0.111343E-03
 2.07800    0.366073E-04   -0.638286E-04    0.110343E-03
 2.09602    0.355168E-04   -0.631218E-04    0.109356E-03
 2.11405    0.344580E-04   -0.624307E-04    0.108380E-03
 2.13207    0.334302E-04   -0.617550E-04    0.107415E-03
 2.15010    0.324326E-04   -0.610942E-04    0.106462E-03
 2.16813    0.314646E-04   -0.604483E-04    0.105520E-03
 2.18615    0.305255E-04   -0.598166E-04    0.104589E-03
 2.20418    0.296146E-04   -0.591990E-04    0.103669E-03
 2.22220    0.287313E-04   -0.585950E-04    0.102759E-03
 2.24023    0.278750E-04   -0.580045E-04    0.101859E-03
 2.25826    0.270451E-04   -0.574271E-04    0.100970E-03
 2.27628    0.262409E-04   -0.568626E-04    0.100090E-03
 2.29431    0.254618E-04   -0.563107E-04    0.992205E-04
 2.31233    0.247073E-04   -0.557707E-04    0.983602E-04
 2.33036    0.239767E-04   -0.552429E-04    0.975092E-04
 2.34839    0.232694E-04   -0.547267E-04    0.966674E-04
 2.36641    0.225848E-04   -0.542218E-04    0.958346E-04
 2.38444    0.219223E-04   -0.537280E-04    0.950106E-04
 2.40246    0.212812E-04   -0.532449E-04    0.941950E-04
 2.42049    0.206608E-04   -0.527722E-04    0.933879E-04
 2.43852    0.200606E-04   -0.523097E-04    0.925888E-04
 2.45654    0.194798E-04   -0.518568E-04    0.917977E-04
 2.47457    0.189178E-04   -0.514134E-04    0.910143E-04
 2.49260    0.183738E-04   -0.509791E-04    0.902384E-04
 2.51062    0.178471E-04   -0.505535E-04    0.894695E-04
 2.52865    0.173370E-04   -0.501363E-04    0.887079E-04
 2.54667    0.168428E-04   -0.497270E-04    0.879528E-04
 2.56470    0.163636E-04   -0.493255E-04    0.872043E-04
 2.58273    0.158989E-04   -0.489312E-04    0.864620E-04
 2.60075    0.154477E-04   -0.485438E-04    0.857256E-04
 2.61878    0.150094E-04   -0.481629E-04    0.849950E-04
 2.63680    0.145831E-04   -0.477882E-04    0.842698E-04
 2.65483    0.141683E-04   -0.474193E-04    0.835498E-04
 2.67286    0.137640E-04   -0.470558E-04    0.828347E-04
 2.69088    0.133697E-04   -0.466974E-04    0.821244E-04
 2.70891    0.129846E-04   -0.463438E-04    0.814185E-04
 2.72693    0.126081E-04   -0.459946E-04    0.807169E-04
 2.74496    0.122395E-04   -0.456494E-04    0.800191E-04
 2.76299    0.118782E-04   -0.453081E-04    0.793254E-04
 2.78101    0.115236E-04   -0.449702E-04    0.786352E-04
 2.79904    0.111752E-04   -0.446356E-04    0.779484E-04
 2.81706    0.108324E-04   -0.443040E-04    0.772649E-04
 2.83509    0.104949E-04   -0.439751E-04    0.765844E-04
 2.85312    0.101621E-04   -0.436488E-04    0.759069E-04
 2.87114    0.983373E-05   -0.433248E-04    0.752321E-04
 2.88917    0.950939E-05   -0.430030E-04    0.745601E-04
 2.90719    0.918878E-05   -0.426833E-04    0.738906E-04
 2.92522    0.887160E-05   -0.423654E-04    0.732236E-04
 2.94325    0.855765E-05   -0.420492E-04    0.725590E-04
 2.96127    0.824668E-05   -0.417348E-04    0.718968E-04
 2.97930    0.793854E-05   -0.414215E-04    0.712369E-04
 2.99732    0.763304E-05   -0.411105E-04    0.705792E-04
 3.01535    0.733011E-05   -0.408005E-04    0.699238E-04
 3.03338    0.702959E-05   -0.404920E-04    0.692706E-04
 3.05140    0.673142E-05   -0.401847E-04    0.686194E-04
 3.06943    0.643551E-05   -0.398788E-04    0.679705E-04
 3.08745    0.614175E-05   -0.395742E-04    0.673237E-04
 3.10548    0.585009E-05   -0.392708E-04    0.666790E-04
 3.12351    0.556044E-05   -0.389686E-04    0.660364E-04
 3.14153    0.527275E-05   -0.386676E-04    0.653958E-04
 3.15956    0.498692E-05   -0.383677E-04    0.647574E-04
 3.17759    0.470286E-05   -0.380688E-04    0.641213E-04
 3.19561    0.442036E-05   -0.377710E-04    0.634867E-04
 3.21364    0.413953E-05   -0.374743E-04    0.628544E-04
 3.23166    0.386014E-05   -0.371783E-04    0.622241E-04
 3.24969    0.358217E-05   -0.368833E-04    0.615958E-04
 3.26772    0.330523E-05   -0.365891E-04    0.609693E-04
 3.28574    0.302930E-05   -0.362956E-04    0.603448E-04
 3.30377    0.275417E-05   -0.360028E-04    0.597221E-04
 3.32179    0.247964E-05   -0.357105E-04    0.591012E-04
 3.33982    0.220554E-05   -0.354187E-04    0.584820E-04
 3.35785    0.193164E-05   -0.351273E-04    0.578645E-04
 3.37587    0.165775E-05   -0.348361E-04    0.572487E-04
 3.39390    0.138367E-05   -0.345452E-04    0.566345E-04
 3.41192    0.110915E-05   -0.342542E-04    0.560217E-04
 3.42995    0.833992E-06   -0.339633E-04    0.554105E-04
 3.44798    0.558002E-06   -0.336722E-04    0.548007E-04
 3.46600    0.280982E-06   -0.333810E-04    0.541922E-04
 3.48403    0.273365E-08   -0.330894E-04    0.535851E-04
 3.50205   -0.276918E-06   -0.327976E-04    0.529792E-04
 3.52008   -0.558125E-06   -0.325052E-04    0.523746E-04
 3.53811   -0.841019E-06   -0.322125E-04    0.517716E-04
 3.55613   -0.112572E-05   -0.319191E-04    0.511696E-04
 3.57416   -0.141231E-05   -0.316252E-04    0.505688E-04
 3.59218   -0.170087E-05   -0.313306E-04    0.499691E-04
 3.61021   -0.199142E-05   -0.310355E-04    0.493709E-04
 3.62824   -0.228398E-05   -0.307398E-04    0.487738E-04
 3.64626   -0.257852E-05   -0.304436E-04    0.481779E-04
 3.66429   -0.287502E-05   -0.301467E-04    0.475835E-04
 3.68231   -0.317341E-05   -0.298494E-04    0.469905E-04
 3.70034   -0.347354E-05   -0.295517E-04    0.463990E-04
 3.71837   -0.377530E-05   -0.292535E-04    0.458089E-04
 3.73639   -0.407850E-05   -0.289551E-04    0.452207E-04
 3.75442   -0.438302E-05   -0.286566E-04    0.446340E-04
 3.77244   -0.468863E-05   -0.283580E-04    0.440490E-04
 3.79047   -0.499505E-05   -0.280594E-04    0.434661E-04
 3.80850   -0.530203E-05   -0.277611E-04    0.428852E-04
 3.82652   -0.560929E-05   -0.274631E-04    0.423066E-04
 3.84455   -0.591651E-05   -0.271657E-04    0.417301E-04
 3.86258   -0.622345E-05   -0.268689E-04    0.411562E-04
 3.88060   -0.652970E-05   -0.265730E-04    0.405848E-04
 3.89863   -0.683494E-05   -0.262781E-04    0.400161E-04
 3.91665   -0.713883E-05   -0.259845E-04    0.394503E-04
 3.93468   -0.744101E-05   -0.256922E-04    0.388875E-04
 3.95271   -0.774112E-05   -0.254015E-04    0.383278E-04
 3.97073   -0.803880E-05   -0.251125E-04    0.377715E-04
 3.98876   -0.833370E-05   -0.248255E-04    0.372185E-04
 4.00678   -0.862547E-05   -0.245406E-04    0.366691E-04
 4.02481   -0.891374E-05   -0.242580E-04    0.361235E-04
 4.04284   -0.919817E-05   -0.239779E-04    0.355818E-04
 4.06086   -0.947844E-05   -0.237004E-04    0.350440E-04
 4.07889   -0.975423E-05   -0.234258E-04    0.345103E-04
 4.09691   -0.100252E-04   -0.231541E-04    0.339809E-04
 4.11494   -0.102911E-04   -0.228855E-04    0.334559E-04
 4.13297   -0.105517E-04   -0.226201E-04    0.329352E-04
 4.15099   -0.108066E-04   -0.223582E-04    0.324191E-04
 4.16902   -0.110557E-04   -0.220997E-04    0.319077E-04
 4.18704   -0.112986E-04   -0.218448E-04    0.314010E-04
 4.20507   -0.115354E-04   -0.215936E-04    0.308992E-04
 4.22310   -0.117656E-04   -0.213462E-04    0.304021E-04
 4.24112   -0.119893E-04   -0.211027E-04    0.299099E-04
 4.25915   -0.122062E-04   -0.208632E-04    0.294227E-04
 4.27717   -0.124162E-04   -0.206276E-04    0.289405E-04
 4.29520   -0.126192E-04   -0.203961E-04    0.284634E-04
 4.31323   -0.128152E-04   -0.201686E-04    0.279913E-04
 4.33125   -0.130041E-04   -0.199453E-04    0.275242E-04
 4.34928   -0.131858E-04   -0.197261E-04    0.270623E-04
 4.36730   -0.133604E-04   -0.195111E-04    0.266054E-04
 4.38533   -0.135277E-04   -0.193002E-04    0.261536E-04
 4.40336   -0.136880E-04   -0.190934E-04    0.257069E-04
 4.42138   -0.138410E-04   -0.188907E-04    0.252652E-04
 4.43941   -0.139870E-04   -0.186921E-04    0.248287E-04
 4.45743   -0.141260E-04   -0.184976E-04    0.243971E-04
 4.47546   -0.142580E-04   -0.183071E-04    0.239704E-04
 4.49349   -0.143831E-04   -0.181206E-04    0.235487E-04
 4.51151   -0.145015E-04   -0.179380E-04    0.231319E-04
 4.52954   -0.146131E-04   -0.177593E-04    0.227200E-04
 4.54757   -0.147182E-04   -0.175844E-04    0.223128E-04
 4.56559   -0.148169E-04   -0.174133E-04    0.219103E-04
 4.58362   -0.149093E-04   -0.172458E-04    0.215125E-04
 4.60164   -0.149955E-04   -0.170819E-04    0.211194E-04
 4.61967   -0.150757E-04   -0.169216E-04    0.207309E-04
 4.63770   -0.151500E-04   -0.167647E-04    0.203468E-04
 4.65572   -0.152186E-04   -0.166112E-04    0.199671E-04
 4.67375   -0.152817E-04   -0.164610E-04    0.195918E-04
 4.69177   -0.153393E-04   -0.163140E-04    0.192208E-04
 4.70980   -0.153917E-04   -0.161701E-04    0.188534E-04
 4.72783   -0.154390E-04   -0.160293E-04    0.184907E-04
 4.74585   -0.154814E-04   -0.158915E-04    0.181321E-04
 4.76388   -0.155191E-04   -0.157565E-04    0.177776E-04
 4.78190   -0.155521E-04   -0.156244E-04    0.174270E-04
 4.79993   -0.155807E-04   -0.154949E-04    0.170809E-04
 4.81796   -0.156050E-04   -0.153681E-04    0.167375E-04
 4.83598   -0.156253E-04   -0.152439E-04    0.163983E-04
 4.85401   -0.156415E-04   -0.151221E-04    0.160627E-04
 4.87203   -0.156539E-04   -0.150027E-04    0.157307E-04
 4.89006   -0.156627E-04   -0.148856E-04    0.154023E-04
 4.90809   -0.156680E-04   -0.147708E-04    0.150773E-04
 4.92611   -0.156699E-04   -0.146581E-04    0.147558E-04
 4.94414   -0.156686E-04   -0.145476E-04    0.144380E-04
 4.96216   -0.156642E-04   -0.144390E-04    0.141231E-04
 4.98019   -0.156569E-04   -0.143324E-04    0.138114E-04
 4.99822   -0.156467E-04   -0.142277E-04    0.135029E-04
 5.01624   -0.156339E-04   -0.141249E-04    0.131975E-04
 5.03427   -0.156184E-04   -0.140237E-04    0.128951E-04
 5.05229   -0.156006E-04   -0.139243E-04    0.125958E-04
 5.07032   -0.155804E-04   -0.138265E-04    0.122995E-04
 5.08835   -0.155579E-04   -0.137303E-04    0.120060E-04
 5.10637   -0.155334E-04   -0.136356E-04    0.117155E-04
 5.12440   -0.155068E-04   -0.135424E-04    0.114277E-04
 5.14242   -0.154784E-04   -0.134506E-04    0.111427E-04
 5.16045   -0.154481E-04   -0.133602E-04    0.108605E-04
 5.17848   -0.154161E-04   -0.132711E-04    0.105809E-04
 5.19650   -0.153825E-04   -0.131832E-04    0.103040E-04
 5.21453   -0.153474E-04   -0.130966E-04    0.100297E-04
 5.23256   -0.153108E-04   -0.130112E-04    0.975796E-05
 5.25058   -0.152728E-04   -0.129268E-04    0.948875E-05
 5.26861   -0.152336E-04   -0.128436E-04    0.922203E-05
 5.28663   -0.151931E-04   -0.127615E-04    0.895777E-05
 5.30466   -0.151514E-04   -0.126804E-04    0.869593E-05
 5.32269   -0.151087E-04   -0.126003E-04    0.843648E-05
 5.34071   -0.150649E-04   -0.125211E-04    0.817937E-05
 5.35874   -0.150202E-04   -0.124428E-04    0.792459E-05
 5.37676   -0.149746E-04   -0.123655E-04    0.767210E-05
 5.39479   -0.149282E-04   -0.122890E-04    0.742183E-05
 5.41282   -0.148809E-04   -0.122133E-04    0.717390E-05
 5.43084   -0.148329E-04   -0.121384E-04    0.692813E-05
 5.44887   -0.147843E-04   -0.120644E-04    0.668450E-05
 5.46689   -0.147350E-04   -0.119910E-04    0.644311E-05
 5.48492   -0.146851E-04   -0.119184E-04    0.620381E-05
 5.50295   -0.146346E-04   -0.118466E-04    0.596659E-05
 5.52097   -0.145836E-04   -0.117754E-04    0.573150E-05
 5.53900   -0.145322E-04   -0.117048E-04    0.549846E-05
 5.55702   -0.144803E-04   -0.116349E-04    0.526750E-05
 5.57505   -0.144280E-04   -0.115657E-04    0.503852E-05
 5.59308   -0.143753E-04   -0.114970E-04    0.481156E-05
 5.61110   -0.143223E-04   -0.114290E-04    0.458657E-05
 5.62913   -0.142690E-04   -0.113615E-04    0.436354E-05
 5.64715   -0.142154E-04   -0.112946E-04    0.414246E-05
 5.66518   -0.141616E-04   -0.112282E-04    0.392330E-05
 5.68321   -0.141075E-04   -0.111624E-04    0.370605E-05
 5.70123   -0.140532E-04   -0.110970E-04    0.349068E-05
 5.71926   -0.139987E-04   -0.110322E-04    0.327719E-05
 5.73728   -0.139440E-04   -0.109679E-04    0.306556E-05
 5.75531   -0.138892E-04   -0.109041E-04    0.285574E-05
 5.77334   -0.138343E-04   -0.108407E-04    0.264777E-05
 5.79136   -0.137793E-04   -0.107778E-04    0.244160E-05
 5.80939   -0.137242E-04   -0.107153E-04    0.223723E-05
 5.82741   -0.136690E-04   -0.106533E-04    0.203464E-05
 5.84544   -0.136137E-04   -0.105917E-04    0.183381E-05
 5.86347   -0.135584E-04   -0.105306E-04    0.163473E-05
 5.88149   -0.135030E-04   -0.104699E-04    0.143740E-05
 5.89952   -0.134477E-04   -0.104095E-04    0.124180E-05
 5.91755   -0.133923E-04   -0.103496E-04    0.104791E-05
 5.93557   -0.133370E-04   -0.102901E-04    0.855726E-06
 5.95360   -0.132816E-04   -0.102309E-04    0.665232E-06
 5.97162   -0.132263E-04   -0.101722E-04    0.476423E-06
 5.98965   -0.131710E-04   -0.101138E-04    0.289284E-06
 6.00768   -0.131157E-04   -0.100558E-04    0.103804E-06
 6.02570   -0.130605E-04   -0.999814E-05   -0.800288E-07
 6.04373   -0.130054E-04   -0.994084E-05   -0.262224E-06
 6.06175   -0.129503E-04   -0.988390E-05   -0.442795E-06
 6.07978   -0.128953E-04   -0.982731E-05   -0.621754E-06
 6.09781   -0.128404E-04   -0.977105E-05   -0.799113E-06
 6.11583   -0.127856E-04   -0.971514E-05   -0.974870E-06
 6.13386   -0.127309E-04   -0.965955E-05   -0.114906E-05
 6.15188   -0.126763E-04   -0.960430E-05   -0.132168E-05
 6.16991   -0.126218E-04   -0.954937E-05   -0.149274E-05
 6.18794   -0.125674E-04   -0.949475E-05   -0.166226E-05
 6.20596   -0.125131E-04   -0.944045E-05   -0.183025E-05
 6.22399   -0.124590E-04   -0.938646E-05   -0.199671E-05
 6.24201   -0.124050E-04   -0.933278E-05   -0.216167E-05
 6.26004   -0.123511E-04   -0.927940E-05   -0.232513E-05
 6.27807   -0.122974E-04   -0.922632E-05   -0.248710E-05
 6.29609   -0.122438E-04   -0.917353E-05   -0.264760E-05
 6.31412   -0.121904E-04   -0.912103E-05   -0.280663E-05
 6.33214   -0.121371E-04   -0.906882E-05   -0.296421E-05
 6.35017   -0.120840E-04   -0.901689E-05   -0.312033E-05
 6.36820   -0.120311E-04   -0.896525E-05   -0.327502E-05
 6.38622   -0.119783E-04   -0.891388E-05   -0.342828E-05
 6.40425   -0.119257E-04   -0.886277E-05   -0.358012E-05
 6.42227   -0.118733E-04   -0.881194E-05   -0.373055E-05
 6.44030   -0.118211E-04   -0.876138E-05   -0.387958E-05
 6.45833   -0.117691E-04   -0.871108E-05   -0.402720E-05
 6.47635   -0.117172E-04   -0.866104E-05   -0.417344E-05
 6.49438   -0.116656E-04   -0.861125E-05   -0.431830E-05
 6.51240   -0.116141E-04   -0.856172E-05   -0.446178E-05
 6.53043   -0.115629E-04   -0.851244E-05   -0.460388E-05
 6.54846   -0.115118E-04   -0.846341E-05   -0.474463E-05
 6.56648   -0.114610E-04   -0.841462E-05   -0.488403E-05
 6.58451   -0.114104E-04   -0.836608E-05   -0.502209E-05
 6.60254   -0.113599E-04   -0.831777E-05   -0.515880E-05
 6.62056   -0.113097E-04   -0.826970E-05   -0.529419E-05
 6.63859   -0.112597E-04   -0.822187E-05   -0.542826E-05
 6.65661   -0.112100E-04   -0.817426E-05   -0.556101E-05
 6.67464   -0.111604E-04   -0.812689E-05   -0.569246E-05
 6.69267   -0.111111E-04   -0.807974E-05   -0.582261E-05
 6.71069   -0.110621E-04   -0.803282E-05   -0.595147E-05
 6.72872   -0.110132E-04   -0.798611E-05   -0.607910E-05
 6.74674   -0.109646E-04   -0.793963E-05   -0.620541E-05
 6.76477   -0.109162E-04   -0.789337E-05   -0.633046E-05
 6.78280   -0.108680E-04   -0.784732E-05   -0.645431E-05
 6.80082   -0.108201E-04   -0.780148E-05   -0.657686E-05
 6.81885   -0.107724E-04   -0.775586E-05   -0.669817E-05
 6.83687   -0.107250E-04   -0.771044E-05   -0.681826E-05
 6.85490   -0.106778E-04   -0.766524E-05   -0.693712E-05
 6.87293   -0.106308E-04   -0.762024E-05   -0.705478E-05
 6.89095   -0.105841E-04   -0.757544E-05   -0.717124E-05
 6.90898   -0.105376E-04   -0.753085E-05   -0.728651E-05
 6.92700   -0.104914E-04   -0.748646E-05   -0.740058E-05
 6.94503   -0.104454E-04   -0.744227E-05   -0.751348E-05
 6.96306   -0.103997E-04   -0.739828E-05   -0.762521E-05
 6.98108   -0.103541E-04   -0.735449E-05   -0.773579E-05
 6.99911   -0.103089E-04   -0.731089E-05   -0.784520E-05
 7.01713   -0.102639E-04   -0.726749E-05   -0.795345E-05
 7.03516   -0.102191E-04   -0.722429E-05   -0.806058E-05
 7.05319   -0.101745E-04   -0.718127E-05   -0.816659E-05
 7.07121   -0.101303E-04   -0.713845E-05   -0.827147E-05
 7.08924   -0.100862E-04   -0.709582E-05   -0.837526E-05
 7.10726   -0.100424E-04   -0.705338E-05   -0.847791E-05
 7.12529   -0.999881E-05   -0.701112E-05   -0.857947E-05
 7.14332   -0.995548E-05   -0.696906E-05   -0.867993E-05
 7.16134   -0.991238E-05   -0.692718E-05   -0.877930E-05
 7.17937   -0.986952E-05   -0.688549E-05   -0.887758E-05
 7.19739   -0.982690E-05   -0.684399E-05   -0.897479E-05
 7.21542   -0.978451E-05   -0.680267E-05   -0.907093E-05
 7.23345   -0.974236E-05   -0.676154E-05   -0.916602E-05
 7.25147   -0.970043E-05   -0.672059E-05   -0.926004E-05
 7.26950   -0.965874E-05   -0.667983E-05   -0.935301E-05
 7.28753   -0.961727E-05   -0.663925E-05   -0.944495E-05
 7.30555   -0.957603E-05   -0.659885E-05   -0.953584E-05
 7.32358   -0.953501E-05   -0.655864E-05   -0.962570E-05
 7.34160   -0.949421E-05   -0.651861E-05   -0.971454E-05
 7.35963   -0.945363E-05   -0.647876E-05   -0.980236E-05
 7.37766   -0.941328E-05   -0.643910E-05   -0.988916E-05
 7.39568   -0.937313E-05   -0.639962E-05   -0.997496E-05
 7.41371   -0.933320E-05   -0.636032E-05   -0.100598E-04
 7.43173   -0.929348E-05   -0.632120E-05   -0.101436E-04
 7.44976   -0.925397E-05   -0.628227E-05   -0.102264E-04
 7.46779   -0.921466E-05   -0.624352E-05   -0.103082E-04
 7.48581   -0.917556E-05   -0.620495E-05   -0.103891E-04
 7.50384   -0.913666E-05   -0.616657E-05   -0.104690E-04
 7.52186   -0.909796E-05   -0.612836E-05   -0.105479E-04
 7.53989   -0.905946E-05   -0.609034E-05   -0.106259E-04
 7.55792   -0.902115E-05   -0.605250E-05   -0.107029E-04
 7.57594   -0.898304E-05   -0.601484E-05   -0.107790E-04
 7.59397   -0.894511E-05   -0.597737E-05   -0.108541E-04
 7.61199   -0.890738E-05   -0.594007E-05   -0.109283E-04
 7.63002   -0.886983E-05   -0.590296E-05   -0.110016E-04
 7.64805   -0.883246E-05   -0.586603E-05   -0.110739E-04
 7.66607   -0.879528E-05   -0.582928E-05   -0.111454E-04
 7.68410   -0.875828E-05   -0.579271E-05   -0.112159E-04
 7.70212   -0.872145E-05   -0.575632E-05   -0.112855E-04
 7.72015   -0.868480E-05   -0.572011E-05   -0.113542E-04
 7.73818   -0.864833E-05   -0.568408E-05   -0.114221E-04
 7.75620   -0.861202E-05   -0.564823E-05   -0.114890E-04
 7.77423   -0.857589E-05   -0.561256E-05   -0.115551E-04
 7.79225   -0.853993E-05   -0.557707E-05   -0.116203E-04
 7.81028   -0.850413E-05   -0.554176E-05   -0.116846E-04
 7.82831   -0.846850E-05   -0.550663E-05   -0.117480E-04
 7.84633   -0.843304E-05   -0.547168E-05   -0.118106E-04
 7.86436   -0.839773E-05   -0.543690E-05   -0.118724E-04
 7.88238   -0.836259E-05   -0.540231E-05   -0.119333E-04
 7.90041   -0.832760E-05   -0.536788E-05   -0.119934E-04
 7.91844   -0.829278E-05   -0.533364E-05   -0.120526E-04
 7.93646   -0.825811E-05   -0.529957E-05   -0.121110E-04
 7.95449   -0.822360E-05   -0.526568E-05   -0.121686E-04
 7.97252   -0.818925E-05   -0.523196E-05   -0.122254E-04
 7.99054   -0.815504E-05   -0.519841E-05   -0.122813E-04
 8.00857   -0.812100E-05   -0.516504E-05   -0.123365E-04
 8.02659   -0.808710E-05   -0.513184E-05   -0.123908E-04
 8.04462   -0.805336E-05   -0.509881E-05   -0.124443E-04
 8.06265   -0.801978E-05   -0.506595E-05   -0.124971E-04
 8.08067   -0.798634E-05   -0.503327E-05   -0.125491E-04
 8.09870   -0.795305E-05   -0.500075E-05   -0.126003E-04
 8.11672   -0.791992E-05   -0.496839E-05   -0.126508E-04
 8.13475   -0.788693E-05   -0.493621E-05   -0.127004E-04
 8.15278   -0.785410E-05   -0.490419E-05   -0.127494E-04
 8.17080   -0.782141E-05   -0.487234E-05   -0.127975E-04
 8.18883   -0.778887E-05   -0.484065E-05   -0.128449E-04
 8.20685   -0.775649E-05   -0.480912E-05   -0.128916E-04
 8.22488   -0.772425E-05   -0.477775E-05   -0.129376E-04
 8.24291   -0.769216E-05   -0.474655E-05   -0.129828E-04
 8.26093   -0.766022E-05   -0.471551E-05   -0.130273E-04
 8.27896   -0.762843E-05   -0.468462E-05   -0.130711E-04
 8.29698   -0.759679E-05   -0.465389E-05   -0.131141E-04
 8.31501   -0.756529E-05   -0.462333E-05   -0.131565E-04
 8.33304   -0.753395E-05   -0.459291E-05   -0.131981E-04
 8.35106   -0.750275E-05   -0.456265E-05   -0.132391E-04
 8.36909   -0.747170E-05   -0.453255E-05   -0.132794E-04
 8.38711   -0.744080E-05   -0.450260E-05   -0.133190E-04
 8.40514   -0.741004E-05   -0.447280E-05   -0.133579E-04
 8.42317   -0.737944E-05   -0.444315E-05   -0.133961E-04
 8.44119   -0.734898E-05   -0.441365E-05   -0.134337E-04
 8.45922   -0.731867E-05   -0.438430E-05   -0.134706E-04
 8.47724   -0.728851E-05   -0.435510E-05   -0.135069E-04
 8.49527   -0.725849E-05   -0.432604E-05   -0.135425E-04
 8.51330   -0.722862E-05   -0.429714E-05   -0.135774E-04
 8.53132   -0.719890E-05   -0.426837E-05   -0.136117E-04
 8.54935   -0.716932E-05   -0.423976E-05   -0.136454E-04
 8.56737   -0.713990E-05   -0.421128E-05   -0.136784E-04
 8.58540   -0.711061E-05   -0.418295E-05   -0.137109E-04
 8.60343   -0.708148E-05   -0.415476E-05   -0.137427E-04
 8.62145   -0.705249E-05   -0.412671E-05   -0.137739E-04
 8.63948   -0.702365E-05   -0.409880E-05   -0.138044E-04
 8.65751   -0.699495E-05   -0.407103E-05   -0.138344E-04
 8.67553   -0.696640E-05   -0.404340E-05   -0.138637E-04
 8.69356   -0.693799E-05   -0.401590E-05   -0.138925E-04
 8.71158   -0.690973E-05   -0.398854E-05   -0.139207E-04
 8.72961   -0.688161E-05   -0.396132E-05   -0.139483E-04
 8.74764   -0.685364E-05   -0.393423E-05   -0.139753E-04
 8.76566   -0.682580E-05   -0.390728E-05   -0.140017E-04
 8.78369   -0.679812E-05   -0.388046E-05   -0.140276E-04
 8.80171   -0.677057E-05   -0.385378E-05   -0.140529E-04
 8.81974   -0.674317E-05   -0.382722E-05   -0.140776E-04
 8.83777   -0.671591E-05   -0.380080E-05   -0.141018E-04
 8.85579   -0.668879E-05   -0.377451E-05   -0.141254E-04
 8.87382   -0.666181E-05   -0.374834E-05   -0.141485E-04
 8.89184   -0.663496E-05   -0.372231E-05   -0.141711E-04
 8.90987   -0.660826E-05   -0.369641E-05   -0.141930E-04
 8.92790   -0.658170E-05   -0.367064E-05   -0.142145E-04
 8.94592   -0.655527E-05   -0.364499E-05   -0.142354E-04
 8.96395   -0.652899E-05   -0.361947E-05   -0.142558E-04
 8.98197   -0.650283E-05   -0.359408E-05   -0.142757E-04
 9.00000   -0.647681E-05   -0.356882E-05   -0.142951E-04
