 0.00500    0.143586E-01   -0.769341E-02    0.615200E-02
 0.02303    0.119112E-01   -0.646947E-02    0.523337E-02
 0.04105    0.104595E-01   -0.574294E-02    0.468738E-02
 0.05908    0.939458E-02   -0.520950E-02    0.428567E-02
 0.07710    0.855061E-02   -0.478631E-02    0.396624E-02
 0.09513    0.785301E-02   -0.443608E-02    0.370116E-02
 0.11316    0.726061E-02   -0.413826E-02    0.347510E-02
 0.13118    0.674779E-02   -0.388007E-02    0.327849E-02
 0.14921    0.629758E-02   -0.365302E-02    0.310500E-02
 0.16723    0.589796E-02   -0.345114E-02    0.295016E-02
 0.18526    0.554010E-02   -0.327001E-02    0.281070E-02
 0.20329    0.521730E-02   -0.310631E-02    0.268414E-02
 0.22131    0.492432E-02   -0.295742E-02    0.256854E-02
 0.23934    0.465705E-02   -0.282129E-02    0.246238E-02
 0.25736    0.441213E-02   -0.269626E-02    0.236442E-02
 0.27539    0.418681E-02   -0.258095E-02    0.227365E-02
 0.29342    0.397879E-02   -0.247423E-02    0.218923E-02
 0.31144    0.378617E-02   -0.237515E-02    0.211046E-02
 0.32947    0.360730E-02   -0.228289E-02    0.203673E-02
 0.34749    0.344078E-02   -0.219676E-02    0.196753E-02
 0.36552    0.328540E-02   -0.211616E-02    0.190243E-02
 0.38355    0.314012E-02   -0.204057E-02    0.184104E-02
 0.40157    0.300402E-02   -0.196953E-02    0.178302E-02
 0.41960    0.287629E-02   -0.190265E-02    0.172809E-02
 0.43763    0.275621E-02   -0.183957E-02    0.167598E-02
 0.45565    0.264315E-02   -0.177997E-02    0.162646E-02
 0.47368    0.253655E-02   -0.172359E-02    0.157934E-02
 0.49170    0.243590E-02   -0.167016E-02    0.153442E-02
 0.50973    0.234075E-02   -0.161946E-02    0.149154E-02
 0.52776    0.225069E-02   -0.157130E-02    0.145056E-02
 0.54578    0.216534E-02   -0.152549E-02    0.141135E-02
 0.56381    0.208439E-02   -0.148186E-02    0.137377E-02
 0.58183    0.200751E-02   -0.144027E-02    0.133773E-02
 0.59986    0.193444E-02   -0.140057E-02    0.130312E-02
 0.61789    0.186492E-02   -0.136265E-02    0.126985E-02
 0.63591    0.179871E-02   -0.132638E-02    0.123784E-02
 0.65394    0.173562E-02   -0.129167E-02    0.120701E-02
 0.67196    0.167543E-02   -0.125841E-02    0.117730E-02
 0.68999    0.161798E-02   -0.122653E-02    0.114863E-02
 0.70802    0.156310E-02   -0.119593E-02    0.112095E-02
 0.72604    0.151063E-02   -0.116654E-02    0.109421E-02
 0.74407    0.146043E-02   -0.113830E-02    0.106835E-02
 0.76209    0.141238E-02   -0.111114E-02    0.104333E-02
 0.78012    0.136635E-02   -0.108499E-02    0.101910E-02
 0.79815    0.132223E-02   -0.105981E-02    0.995622E-03
 0.81617    0.127992E-02   -0.103554E-02    0.972863E-03
 0.83420    0.123932E-02   -0.101214E-02    0.950785E-03
 0.85222    0.120034E-02   -0.989560E-03    0.929355E-03
 0.87025    0.116289E-02   -0.967756E-03    0.908545E-03
 0.88828    0.112689E-02   -0.946691E-03    0.888324E-03
 0.90630    0.109228E-02   -0.926331E-03    0.868668E-03
 0.92433    0.105897E-02   -0.906640E-03    0.849550E-03
 0.94235    0.102692E-02   -0.887586E-03    0.830948E-03
 0.96038    0.996054E-03   -0.869140E-03    0.812840E-03
 0.97841    0.966318E-03   -0.851275E-03    0.795205E-03
 0.99643    0.937659E-03   -0.833963E-03    0.778025E-03
 1.01446    0.910028E-03   -0.817179E-03    0.761280E-03
 1.03248    0.883377E-03   -0.800902E-03    0.744955E-03
 1.05051    0.857661E-03   -0.785108E-03    0.729032E-03
 1.06854    0.832839E-03   -0.769777E-03    0.713497E-03
 1.08656    0.808871E-03   -0.754889E-03    0.698335E-03
 1.10459    0.785719E-03   -0.740427E-03    0.683533E-03
 1.12262    0.763347E-03   -0.726371E-03    0.669077E-03
 1.14064    0.741724E-03   -0.712707E-03    0.654956E-03
 1.15867    0.720817E-03   -0.699418E-03    0.641158E-03
 1.17669    0.700596E-03   -0.686490E-03    0.627671E-03
 1.19472    0.681033E-03   -0.673909E-03    0.614487E-03
 1.21275    0.662101E-03   -0.661661E-03    0.601593E-03
 1.23077    0.643775E-03   -0.649734E-03    0.588982E-03
 1.24880    0.626031E-03   -0.638116E-03    0.576645E-03
 1.26682    0.608845E-03   -0.626795E-03    0.564571E-03
 1.28485    0.592193E-03   -0.615762E-03    0.552754E-03
 1.30288    0.576063E-03   -0.605003E-03    0.541186E-03
 1.32090    0.560425E-03   -0.594512E-03    0.529859E-03
 1.33893    0.545265E-03   -0.584277E-03    0.518766E-03
 1.35695    0.530565E-03   -0.574291E-03    0.507901E-03
 1.37498    0.516306E-03   -0.564544E-03    0.497256E-03
 1.39301    0.502473E-03   -0.555030E-03    0.486826E-03
 1.41103    0.489051E-03   -0.545738E-03    0.476604E-03
 1.42906    0.476025E-03   -0.536664E-03    0.466586E-03
 1.44708    0.463380E-03   -0.527798E-03    0.456765E-03
 1.46511    0.451103E-03   -0.519135E-03    0.447136E-03
 1.48314    0.439180E-03   -0.510670E-03    0.437691E-03
 1.50116    0.427601E-03   -0.502391E-03    0.428431E-03
 1.51919    0.416352E-03   -0.494298E-03    0.419349E-03
 1.53721    0.405423E-03   -0.486383E-03    0.410441E-03
 1.55524    0.394802E-03   -0.478640E-03    0.401700E-03
 1.57327    0.384478E-03   -0.471065E-03    0.393125E-03
 1.59129    0.374443E-03   -0.463652E-03    0.384710E-03
 1.60932    0.364687E-03   -0.456396E-03    0.376452E-03
 1.62734    0.355199E-03   -0.449293E-03    0.368347E-03
 1.64537    0.345972E-03   -0.442339E-03    0.360392E-03
 1.66340    0.336997E-03   -0.435588E-03    0.352582E-03
 1.68142    0.328266E-03   -0.428859E-03    0.344915E-03
 1.69945    0.319770E-03   -0.422325E-03    0.337387E-03
 1.71747    0.311504E-03   -0.415923E-03    0.329996E-03
 1.73550    0.303458E-03   -0.409650E-03    0.322737E-03
 1.75353    0.295627E-03   -0.403502E-03    0.315609E-03
 1.77155    0.288004E-03   -0.397475E-03    0.308609E-03
 1.78958    0.280582E-03   -0.391567E-03    0.301733E-03
 1.80761    0.273356E-03   -0.385774E-03    0.294979E-03
 1.82563    0.266319E-03   -0.380093E-03    0.288345E-03
 1.84366    0.259466E-03   -0.374522E-03    0.281828E-03
 1.86168    0.252791E-03   -0.369056E-03    0.275425E-03
 1.87971    0.246289E-03   -0.363695E-03    0.269135E-03
 1.89774    0.239955E-03   -0.358434E-03    0.262955E-03
 1.91576    0.233784E-03   -0.353272E-03    0.256882E-03
 1.93379    0.227772E-03   -0.348206E-03    0.250915E-03
 1.95181    0.221913E-03   -0.343234E-03    0.245052E-03
 1.96984    0.216204E-03   -0.338353E-03    0.239291E-03
 1.98787    0.210640E-03   -0.333561E-03    0.233628E-03
 2.00589    0.205218E-03   -0.328858E-03    0.228065E-03
 2.02392    0.199933E-03   -0.324239E-03    0.222596E-03
 2.04194    0.194782E-03   -0.319703E-03    0.217222E-03
 2.05997    0.189760E-03   -0.315248E-03    0.211941E-03
 2.07800    0.184866E-03   -0.310873E-03    0.206750E-03
 2.09602    0.180095E-03   -0.306575E-03    0.201649E-03
 2.11405    0.175445E-03   -0.302354E-03    0.196635E-03
 2.13207    0.170911E-03   -0.298206E-03    0.191707E-03
 2.15010    0.166492E-03   -0.294132E-03    0.186863E-03
 2.16813    0.162184E-03   -0.290128E-03    0.182103E-03
 2.18615    0.157985E-03   -0.286195E-03    0.177425E-03
 2.20418    0.153892E-03   -0.282330E-03    0.172827E-03
 2.22220    0.149902E-03   -0.278531E-03    0.168307E-03
 2.24023    0.146014E-03   -0.274799E-03    0.163866E-03
 2.25826    0.142225E-03   -0.271131E-03    0.159501E-03
 2.27628    0.138533E-03   -0.267526E-03    0.155212E-03
 2.29431    0.134935E-03   -0.263983E-03    0.150996E-03
 2.31233    0.131430E-03   -0.260502E-03    0.146854E-03
 2.33036    0.128016E-03   -0.257080E-03    0.142783E-03
 2.34839    0.124691E-03   -0.253717E-03    0.138783E-03
 2.36641    0.121453E-03   -0.250412E-03    0.134853E-03
 2.38444    0.118301E-03   -0.247164E-03    0.130992E-03
 2.40246    0.115232E-03   -0.243972E-03    0.127199E-03
 2.42049    0.112246E-03   -0.240836E-03    0.123472E-03
 2.43852    0.109342E-03   -0.237753E-03    0.119812E-03
 2.45654    0.106517E-03   -0.234725E-03    0.116216E-03
 2.47457    0.103771E-03   -0.231748E-03    0.112685E-03
 2.49260    0.101102E-03   -0.228824E-03    0.109217E-03
 2.51062    0.985081E-04   -0.225952E-03    0.105811E-03
 2.52865    0.959893E-04   -0.223129E-03    0.102467E-03
 2.54667    0.935438E-04   -0.220357E-03    0.991834E-04
 2.56470    0.911709E-04   -0.217634E-03    0.959600E-04
 2.58273    0.888692E-04   -0.214959E-03    0.927956E-04
 2.60075    0.866374E-04   -0.212332E-03    0.896894E-04
 2.61878    0.844745E-04   -0.209752E-03    0.866409E-04
 2.63680    0.823794E-04   -0.207218E-03    0.836490E-04
 2.65483    0.803509E-04   -0.204730E-03    0.807128E-04
 2.67286    0.783880E-04   -0.202287E-03    0.778318E-04
 2.69088    0.764892E-04   -0.199888E-03    0.750050E-04
 2.70891    0.746536E-04   -0.197533E-03    0.722313E-04
 2.72693    0.728795E-04   -0.195220E-03    0.695102E-04
 2.74496    0.711660E-04   -0.192950E-03    0.668406E-04
 2.76299    0.695114E-04   -0.190720E-03    0.642217E-04
 2.78101    0.679142E-04   -0.188531E-03    0.616524E-04
 2.79904    0.663729E-04   -0.186381E-03    0.591317E-04
 2.81706    0.648860E-04   -0.184269E-03    0.566588E-04
 2.83509    0.634516E-04   -0.182194E-03    0.542325E-04
 2.85312    0.620677E-04   -0.180156E-03    0.518516E-04
 2.87114    0.607326E-04   -0.178153E-03    0.495152E-04
 2.88917    0.594442E-04   -0.176184E-03    0.472220E-04
 2.90719    0.582002E-04   -0.174248E-03    0.449710E-04
 2.92522    0.569985E-04   -0.172343E-03    0.427606E-04
 2.94325    0.558366E-04   -0.170469E-03    0.405897E-04
 2.96127    0.547120E-04   -0.168623E-03    0.384570E-04
 2.97930    0.536222E-04   -0.166805E-03    0.363611E-04
 2.99732    0.525645E-04   -0.165013E-03    0.343005E-04
 3.01535    0.515358E-04   -0.163245E-03    0.322739E-04
 3.03338    0.505337E-04   -0.161500E-03    0.302797E-04
 3.05140    0.495548E-04   -0.159776E-03    0.283165E-04
 3.06943    0.485963E-04   -0.158071E-03    0.263829E-04
 3.08745    0.476549E-04   -0.156385E-03    0.244768E-04
 3.10548    0.467277E-04   -0.154714E-03    0.225971E-04
 3.12351    0.458112E-04   -0.153057E-03    0.207422E-04
 3.14153    0.449022E-04   -0.151413E-03    0.189105E-04
 3.15956    0.439978E-04   -0.149782E-03    0.171003E-04
 3.17759    0.430944E-04   -0.148158E-03    0.153100E-04
 3.19561    0.421890E-04   -0.146543E-03    0.135382E-04
 3.21364    0.412785E-04   -0.144932E-03    0.117833E-04
 3.23166    0.403596E-04   -0.143326E-03    0.100438E-04
 3.24969    0.394294E-04   -0.141723E-03    0.831822E-05
 3.26772    0.384852E-04   -0.140120E-03    0.660511E-05
 3.28574    0.375240E-04   -0.138517E-03    0.490317E-05
 3.30377    0.365405E-04   -0.136911E-03    0.321111E-05
 3.32179    0.355378E-04   -0.135303E-03    0.152767E-05
 3.33982    0.345106E-04   -0.133690E-03   -0.148344E-06
 3.35785    0.334596E-04   -0.132071E-03   -0.181802E-05
 3.37587    0.323776E-04   -0.130445E-03   -0.348237E-05
 3.39390    0.312654E-04   -0.128811E-03   -0.514224E-05
 3.41192    0.301217E-04   -0.127169E-03   -0.679846E-05
 3.42995    0.289450E-04   -0.125518E-03   -0.845180E-05
 3.44798    0.277346E-04   -0.123857E-03   -0.101029E-04
 3.46600    0.264894E-04   -0.122185E-03   -0.117519E-04
 3.48403    0.252091E-04   -0.120502E-03   -0.134001E-04
 3.50205    0.238935E-04   -0.118810E-03   -0.150468E-04
 3.52008    0.225425E-04   -0.117105E-03   -0.166927E-04
 3.53811    0.211564E-04   -0.115390E-03   -0.183378E-04
 3.55613    0.197356E-04   -0.113665E-03   -0.199821E-04
 3.57416    0.182810E-04   -0.111929E-03   -0.216255E-04
 3.59218    0.167935E-04   -0.110184E-03   -0.232675E-04
 3.61021    0.152744E-04   -0.108429E-03   -0.249081E-04
 3.62824    0.137250E-04   -0.106665E-03   -0.265468E-04
 3.64626    0.121471E-04   -0.104894E-03   -0.281831E-04
 3.66429    0.105423E-04   -0.103116E-03   -0.298165E-04
 3.68231    0.891294E-05   -0.101332E-03   -0.314461E-04
 3.70034    0.726090E-05   -0.995426E-04   -0.330714E-04
 3.71837    0.558857E-05   -0.977499E-04   -0.346916E-04
 3.73639    0.389845E-05   -0.959541E-04   -0.363057E-04
 3.75442    0.219303E-05   -0.941581E-04   -0.379129E-04
 3.77244    0.474910E-06   -0.923616E-04   -0.395123E-04
 3.79047   -0.125313E-05   -0.905659E-04   -0.411029E-04
 3.80850   -0.298840E-05   -0.887735E-04   -0.426837E-04
 3.82652   -0.472792E-05   -0.869854E-04   -0.442537E-04
 3.84455   -0.646924E-05   -0.852027E-04   -0.458118E-04
 3.86258   -0.820924E-05   -0.834272E-04   -0.473571E-04
 3.88060   -0.994519E-05   -0.816598E-04   -0.488885E-04
 3.89863   -0.116745E-04   -0.799024E-04   -0.504049E-04
 3.91665   -0.133943E-04   -0.781570E-04   -0.519053E-04
 3.93468   -0.151020E-04   -0.764231E-04   -0.533891E-04
 3.95271   -0.167951E-04   -0.747029E-04   -0.548549E-04
 3.97073   -0.184708E-04   -0.729980E-04   -0.563021E-04
 3.98876   -0.201271E-04   -0.713089E-04   -0.577295E-04
 4.00678   -0.217615E-04   -0.696361E-04   -0.591361E-04
 4.02481   -0.233718E-04   -0.679830E-04   -0.605216E-04
 4.04284   -0.249562E-04   -0.663494E-04   -0.618851E-04
 4.06086   -0.265123E-04   -0.647362E-04   -0.632256E-04
 4.07889   -0.280390E-04   -0.631444E-04   -0.645428E-04
 4.09691   -0.295342E-04   -0.615746E-04   -0.658359E-04
 4.11494   -0.309965E-04   -0.600277E-04   -0.671043E-04
 4.13297   -0.324245E-04   -0.585046E-04   -0.683476E-04
 4.15099   -0.338171E-04   -0.570058E-04   -0.695653E-04
 4.16902   -0.351730E-04   -0.555316E-04   -0.707571E-04
 4.18704   -0.364915E-04   -0.540825E-04   -0.719226E-04
 4.20507   -0.377717E-04   -0.526592E-04   -0.730616E-04
 4.22310   -0.390128E-04   -0.512618E-04   -0.741737E-04
 4.24112   -0.402145E-04   -0.498909E-04   -0.752588E-04
 4.25915   -0.413761E-04   -0.485463E-04   -0.763168E-04
 4.27717   -0.424976E-04   -0.472284E-04   -0.773476E-04
 4.29520   -0.435784E-04   -0.459370E-04   -0.783513E-04
 4.31323   -0.446189E-04   -0.446726E-04   -0.793277E-04
 4.33125   -0.456190E-04   -0.434347E-04   -0.802770E-04
 4.34928   -0.465788E-04   -0.422235E-04   -0.811992E-04
 4.36730   -0.474984E-04   -0.410388E-04   -0.820945E-04
 4.38533   -0.483782E-04   -0.398803E-04   -0.829631E-04
 4.40336   -0.492186E-04   -0.387479E-04   -0.838051E-04
 4.42138   -0.500202E-04   -0.376413E-04   -0.846212E-04
 4.43941   -0.507833E-04   -0.365604E-04   -0.854109E-04
 4.45743   -0.515086E-04   -0.355045E-04   -0.861749E-04
 4.47546   -0.521967E-04   -0.344738E-04   -0.869131E-04
 4.49349   -0.528485E-04   -0.334676E-04   -0.876269E-04
 4.51151   -0.534644E-04   -0.324851E-04   -0.883157E-04
 4.52954   -0.540454E-04   -0.315269E-04   -0.889800E-04
 4.54757   -0.545922E-04   -0.305918E-04   -0.896204E-04
 4.56559   -0.551058E-04   -0.296795E-04   -0.902372E-04
 4.58362   -0.555871E-04   -0.287896E-04   -0.908310E-04
 4.60164   -0.560367E-04   -0.279216E-04   -0.914017E-04
 4.61967   -0.564558E-04   -0.270749E-04   -0.919503E-04
 4.63770   -0.568450E-04   -0.262492E-04   -0.924771E-04
 4.65572   -0.572054E-04   -0.254440E-04   -0.929823E-04
 4.67375   -0.575379E-04   -0.246587E-04   -0.934665E-04
 4.69177   -0.578434E-04   -0.238929E-04   -0.939305E-04
 4.70980   -0.581228E-04   -0.231462E-04   -0.943739E-04
 4.72783   -0.583770E-04   -0.224178E-04   -0.947977E-04
 4.74585   -0.586069E-04   -0.217074E-04   -0.952023E-04
 4.76388   -0.588134E-04   -0.210145E-04   -0.955881E-04
 4.78190   -0.589973E-04   -0.203387E-04   -0.959556E-04
 4.79993   -0.591595E-04   -0.196795E-04   -0.963051E-04
 4.81796   -0.593010E-04   -0.190364E-04   -0.966371E-04
 4.83598   -0.594223E-04   -0.184089E-04   -0.969520E-04
 4.85401   -0.595245E-04   -0.177966E-04   -0.972505E-04
 4.87203   -0.596082E-04   -0.171992E-04   -0.975321E-04
 4.89006   -0.596743E-04   -0.166160E-04   -0.978113E-04
 4.90809   -0.597236E-04   -0.160468E-04   -0.980488E-04
 4.92611   -0.597566E-04   -0.154911E-04   -0.982843E-04
 4.94414   -0.597742E-04   -0.149485E-04   -0.985051E-04
 4.96216   -0.597770E-04   -0.144187E-04   -0.987115E-04
 4.98019   -0.597658E-04   -0.139012E-04   -0.989039E-04
 4.99822   -0.597409E-04   -0.133956E-04   -0.990827E-04
 5.01624   -0.597033E-04   -0.129017E-04   -0.992483E-04
 5.03427   -0.596535E-04   -0.124192E-04   -0.994007E-04
 5.05229   -0.595919E-04   -0.119476E-04   -0.995405E-04
 5.07032   -0.595194E-04   -0.114866E-04   -0.996681E-04
 5.08835   -0.594361E-04   -0.110360E-04   -0.997837E-04
 5.10637   -0.593429E-04   -0.105954E-04   -0.998876E-04
 5.12440   -0.592401E-04   -0.101646E-04   -0.999801E-04
 5.14242   -0.591282E-04   -0.974314E-05   -0.100061E-03
 5.16045   -0.590077E-04   -0.933087E-05   -0.100132E-03
 5.17848   -0.588790E-04   -0.892749E-05   -0.100192E-03
 5.19650   -0.587424E-04   -0.853279E-05   -0.100242E-03
 5.21453   -0.585987E-04   -0.814655E-05   -0.100282E-03
 5.23256   -0.584479E-04   -0.776845E-05   -0.100312E-03
 5.25058   -0.582905E-04   -0.739831E-05   -0.100332E-03
 5.26861   -0.581269E-04   -0.703585E-05   -0.100343E-03
 5.28663   -0.579576E-04   -0.668097E-05   -0.100346E-03
 5.30466   -0.577825E-04   -0.633331E-05   -0.100339E-03
 5.32269   -0.576021E-04   -0.599276E-05   -0.100324E-03
 5.34071   -0.574169E-04   -0.565917E-05   -0.100300E-03
 5.35874   -0.572270E-04   -0.533229E-05   -0.100268E-03
 5.37676   -0.570326E-04   -0.501196E-05   -0.100228E-03
 5.39479   -0.568341E-04   -0.469801E-05   -0.100180E-03
 5.41282   -0.566318E-04   -0.439026E-05   -0.100125E-03
 5.43084   -0.564259E-04   -0.408858E-05   -0.100063E-03
 5.44887   -0.562164E-04   -0.379280E-05   -0.999928E-04
 5.46689   -0.560038E-04   -0.350275E-05   -0.999159E-04
 5.48492   -0.557882E-04   -0.321836E-05   -0.998321E-04
 5.50295   -0.555697E-04   -0.293936E-05   -0.997417E-04
 5.52097   -0.553487E-04   -0.266565E-05   -0.996447E-04
 5.53900   -0.551254E-04   -0.239722E-05   -0.995413E-04
 5.55702   -0.548997E-04   -0.213386E-05   -0.994319E-04
 5.57505   -0.546718E-04   -0.187546E-05   -0.993162E-04
 5.59308   -0.544420E-04   -0.162190E-05   -0.991944E-04
 5.61110   -0.542105E-04   -0.137305E-05   -0.990670E-04
 5.62913   -0.539771E-04   -0.112882E-05   -0.989340E-04
 5.64715   -0.537425E-04   -0.889117E-06   -0.987954E-04
 5.66518   -0.535062E-04   -0.653813E-06   -0.986516E-04
 5.68321   -0.532689E-04   -0.422834E-06   -0.985025E-04
 5.70123   -0.530304E-04   -0.196040E-06   -0.983484E-04
 5.71926   -0.527909E-04    0.266177E-07   -0.981893E-04
 5.73728   -0.525504E-04    0.245253E-06   -0.980254E-04
 5.75531   -0.523092E-04    0.459943E-06   -0.978567E-04
 5.77334   -0.520672E-04    0.670799E-06   -0.976835E-04
 5.79136   -0.518246E-04    0.877838E-06   -0.975059E-04
 5.80939   -0.515815E-04    0.108120E-05   -0.973239E-04
 5.82741   -0.513379E-04    0.128095E-05   -0.971376E-04
 5.84544   -0.510940E-04    0.147714E-05   -0.969473E-04
 5.86347   -0.508497E-04    0.166986E-05   -0.967531E-04
 5.88149   -0.506053E-04    0.185918E-05   -0.965549E-04
 5.89952   -0.503607E-04    0.204518E-05   -0.963527E-04
 5.91755   -0.501161E-04    0.222791E-05   -0.961471E-04
 5.93557   -0.498715E-04    0.240745E-05   -0.959378E-04
 5.95360   -0.496269E-04    0.258384E-05   -0.957249E-04
 5.97162   -0.493824E-04    0.275715E-05   -0.955084E-04
 5.98965   -0.491382E-04    0.292746E-05   -0.952888E-04
 6.00768   -0.488942E-04    0.309481E-05   -0.950659E-04
 6.02570   -0.486503E-04    0.325926E-05   -0.948399E-04
 6.04373   -0.484067E-04    0.342088E-05   -0.946109E-04
 6.06175   -0.481636E-04    0.357971E-05   -0.943788E-04
 6.07978   -0.479209E-04    0.373580E-05   -0.941439E-04
 6.09781   -0.476787E-04    0.388921E-05   -0.939061E-04
 6.11583   -0.474370E-04    0.403998E-05   -0.936655E-04
 6.13386   -0.471957E-04    0.418817E-05   -0.934223E-04
 6.15188   -0.469551E-04    0.433382E-05   -0.931764E-04
 6.16991   -0.467151E-04    0.447699E-05   -0.929281E-04
 6.18794   -0.464758E-04    0.461772E-05   -0.926773E-04
 6.20596   -0.462371E-04    0.475603E-05   -0.924241E-04
 6.22399   -0.459991E-04    0.489202E-05   -0.921685E-04
 6.24201   -0.457620E-04    0.502569E-05   -0.919107E-04
 6.26004   -0.455255E-04    0.515707E-05   -0.916507E-04
 6.27807   -0.452899E-04    0.528625E-05   -0.913886E-04
 6.29609   -0.450551E-04    0.541323E-05   -0.911243E-04
 6.31412   -0.448212E-04    0.553808E-05   -0.908581E-04
 6.33214   -0.445882E-04    0.566081E-05   -0.905899E-04
 6.35017   -0.443561E-04    0.578147E-05   -0.903198E-04
 6.36820   -0.441249E-04    0.590010E-05   -0.900479E-04
 6.38622   -0.438945E-04    0.601673E-05   -0.897742E-04
 6.40425   -0.436653E-04    0.613141E-05   -0.894988E-04
 6.42227   -0.434370E-04    0.624416E-05   -0.892217E-04
 6.44030   -0.432097E-04    0.635501E-05   -0.889431E-04
 6.45833   -0.429834E-04    0.646401E-05   -0.886628E-04
 6.47635   -0.427580E-04    0.657119E-05   -0.883810E-04
 6.49438   -0.425339E-04    0.667656E-05   -0.880978E-04
 6.51240   -0.423109E-04    0.678016E-05   -0.878132E-04
 6.53043   -0.420888E-04    0.688205E-05   -0.875274E-04
 6.54846   -0.418680E-04    0.698222E-05   -0.872400E-04
 6.56648   -0.416480E-04    0.708073E-05   -0.869515E-04
 6.58451   -0.414293E-04    0.717758E-05   -0.866617E-04
 6.60254   -0.412116E-04    0.727281E-05   -0.863708E-04
 6.62056   -0.409953E-04    0.736645E-05   -0.860787E-04
 6.63859   -0.407801E-04    0.745852E-05   -0.857856E-04
 6.65661   -0.405659E-04    0.754905E-05   -0.854914E-04
 6.67464   -0.403529E-04    0.763807E-05   -0.851963E-04
 6.69267   -0.401410E-04    0.772559E-05   -0.849000E-04
 6.71069   -0.399304E-04    0.781164E-05   -0.846029E-04
 6.72872   -0.397209E-04    0.789624E-05   -0.843050E-04
 6.74674   -0.395125E-04    0.797942E-05   -0.840063E-04
 6.76477   -0.393054E-04    0.806118E-05   -0.837068E-04
 6.78280   -0.390994E-04    0.814157E-05   -0.834066E-04
 6.80082   -0.388946E-04    0.822059E-05   -0.831056E-04
 6.81885   -0.386910E-04    0.829826E-05   -0.828040E-04
 6.83687   -0.384885E-04    0.837460E-05   -0.825017E-04
 6.85490   -0.382871E-04    0.844963E-05   -0.821988E-04
 6.87293   -0.380870E-04    0.852336E-05   -0.818953E-04
 6.89095   -0.378879E-04    0.859582E-05   -0.815913E-04
 6.90898   -0.376900E-04    0.866701E-05   -0.812868E-04
 6.92700   -0.374932E-04    0.873696E-05   -0.809819E-04
 6.94503   -0.372978E-04    0.880569E-05   -0.806765E-04
 6.96306   -0.371032E-04    0.887318E-05   -0.803706E-04
 6.98108   -0.369098E-04    0.893948E-05   -0.800641E-04
 6.99911   -0.367176E-04    0.900458E-05   -0.797577E-04
 7.01713   -0.365264E-04    0.906851E-05   -0.794507E-04
 7.03516   -0.363364E-04    0.913004E-05   -0.791434E-04
 7.05319   -0.361474E-04    0.919166E-05   -0.788356E-04
 7.07121   -0.359595E-04    0.925218E-05   -0.785278E-04
 7.08924   -0.357726E-04    0.931148E-05   -0.782196E-04
 7.10726   -0.355867E-04    0.937088E-05   -0.779113E-04
 7.12529   -0.354020E-04    0.942798E-05   -0.776028E-04
 7.14332   -0.352182E-04    0.948401E-05   -0.772941E-04
 7.16134   -0.350354E-04    0.953889E-05   -0.769852E-04
 7.17937   -0.348536E-04    0.959275E-05   -0.766762E-04
 7.19739   -0.346728E-04    0.964551E-05   -0.763670E-04
 7.21542   -0.344929E-04    0.969720E-05   -0.760578E-04
 7.23345   -0.343141E-04    0.974783E-05   -0.757485E-04
 7.25147   -0.341361E-04    0.979743E-05   -0.754391E-04
 7.26950   -0.339591E-04    0.984599E-05   -0.751297E-04
 7.28753   -0.337831E-04    0.989352E-05   -0.748203E-04
 7.30555   -0.336078E-04    0.994003E-05   -0.745108E-04
 7.32358   -0.334335E-04    0.998553E-05   -0.742014E-04
 7.34160   -0.332601E-04    0.100300E-04   -0.738920E-04
 7.35963   -0.330876E-04    0.100735E-04   -0.735827E-04
 7.37766   -0.329158E-04    0.101161E-04   -0.732734E-04
 7.39568   -0.327450E-04    0.101576E-04   -0.729641E-04
 7.41371   -0.325749E-04    0.101982E-04   -0.726550E-04
 7.43173   -0.324058E-04    0.102378E-04   -0.723460E-04
 7.44976   -0.322374E-04    0.102765E-04   -0.720372E-04
 7.46779   -0.320697E-04    0.103142E-04   -0.717285E-04
 7.48581   -0.319031E-04    0.103510E-04   -0.714199E-04
 7.50384   -0.317371E-04    0.103869E-04   -0.711115E-04
 7.52186   -0.315719E-04    0.104218E-04   -0.708034E-04
 7.53989   -0.314075E-04    0.104558E-04   -0.704954E-04
 7.55792   -0.312438E-04    0.104890E-04   -0.701876E-04
 7.57594   -0.310810E-04    0.105213E-04   -0.698801E-04
 7.59397   -0.309189E-04    0.105527E-04   -0.695728E-04
 7.61199   -0.307575E-04    0.105832E-04   -0.692657E-04
 7.63002   -0.305968E-04    0.106129E-04   -0.689590E-04
 7.64805   -0.304369E-04    0.106417E-04   -0.686525E-04
 7.66607   -0.302777E-04    0.106697E-04   -0.683463E-04
 7.68410   -0.301192E-04    0.106968E-04   -0.680404E-04
 7.70212   -0.299615E-04    0.107232E-04   -0.677349E-04
 7.72015   -0.298044E-04    0.107487E-04   -0.674299E-04
 7.73818   -0.296482E-04    0.107735E-04   -0.671252E-04
 7.75620   -0.294927E-04    0.107974E-04   -0.668208E-04
 7.77423   -0.293379E-04    0.108205E-04   -0.665168E-04
 7.79225   -0.291837E-04    0.108429E-04   -0.662132E-04
 7.81028   -0.290303E-04    0.108646E-04   -0.659100E-04
 7.82831   -0.288777E-04    0.108855E-04   -0.656072E-04
 7.84633   -0.287257E-04    0.109057E-04   -0.653049E-04
 7.86436   -0.285744E-04    0.109252E-04   -0.650030E-04
 7.88238   -0.284239E-04    0.109439E-04   -0.647017E-04
 7.90041   -0.282741E-04    0.109620E-04   -0.644008E-04
 7.91844   -0.281249E-04    0.109793E-04   -0.641004E-04
 7.93646   -0.279764E-04    0.109960E-04   -0.638006E-04
 7.95449   -0.278289E-04    0.110120E-04   -0.635013E-04
 7.97252   -0.276819E-04    0.110273E-04   -0.632025E-04
 7.99054   -0.275356E-04    0.110420E-04   -0.629042E-04
 8.00857   -0.273900E-04    0.110561E-04   -0.626066E-04
 8.02659   -0.272453E-04    0.110695E-04   -0.623095E-04
 8.04462   -0.271012E-04    0.110823E-04   -0.620130E-04
 8.06265   -0.269578E-04    0.110946E-04   -0.617170E-04
 8.08067   -0.268152E-04    0.111062E-04   -0.614217E-04
 8.09870   -0.266732E-04    0.111172E-04   -0.611270E-04
 8.11672   -0.265321E-04    0.111277E-04   -0.608330E-04
 8.13475   -0.263915E-04    0.111376E-04   -0.605396E-04
 8.15278   -0.262518E-04    0.111470E-04   -0.602468E-04
 8.17080   -0.261128E-04    0.111558E-04   -0.599547E-04
 8.18883   -0.259745E-04    0.111641E-04   -0.596633E-04
 8.20685   -0.258370E-04    0.111718E-04   -0.593726E-04
 8.22488   -0.257002E-04    0.111791E-04   -0.590825E-04
 8.24291   -0.255641E-04    0.111858E-04   -0.587932E-04
 8.26093   -0.254287E-04    0.111920E-04   -0.585046E-04
 8.27896   -0.252941E-04    0.111978E-04   -0.582166E-04
 8.29698   -0.251602E-04    0.112031E-04   -0.579294E-04
 8.31501   -0.250271E-04    0.112079E-04   -0.576430E-04
 8.33304   -0.248947E-04    0.112122E-04   -0.573573E-04
 8.35106   -0.247629E-04    0.112161E-04   -0.570723E-04
 8.36909   -0.246321E-04    0.112196E-04   -0.567882E-04
 8.38711   -0.245019E-04    0.112226E-04   -0.565047E-04
 8.40514   -0.243725E-04    0.112252E-04   -0.562221E-04
 8.42317   -0.242438E-04    0.112274E-04   -0.559400E-04
 8.44119   -0.241158E-04    0.112292E-04   -0.556590E-04
 8.45922   -0.239885E-04    0.112305E-04   -0.553787E-04
 8.47724   -0.238621E-04    0.112315E-04   -0.550993E-04
 8.49527   -0.237363E-04    0.112321E-04   -0.548207E-04
 8.51330   -0.236113E-04    0.112323E-04   -0.545430E-04
 8.53132   -0.234870E-04    0.112321E-04   -0.542663E-04
 8.54935   -0.233634E-04    0.112316E-04   -0.539902E-04
 8.56737   -0.232406E-04    0.112307E-04   -0.537149E-04
 8.58540   -0.231185E-04    0.112295E-04   -0.534404E-04
 8.60343   -0.229971E-04    0.112279E-04   -0.531664E-04
 8.62145   -0.228765E-04    0.112260E-04   -0.528937E-04
 8.63948   -0.227566E-04    0.112238E-04   -0.526218E-04
 8.65751   -0.226374E-04    0.112212E-04   -0.523508E-04
 8.67553   -0.225190E-04    0.112183E-04   -0.520806E-04
 8.69356   -0.224011E-04    0.112151E-04   -0.518114E-04
 8.71158   -0.222842E-04    0.112116E-04   -0.515430E-04
 8.72961   -0.221679E-04    0.112078E-04   -0.512755E-04
 8.74764   -0.220524E-04    0.112037E-04   -0.510089E-04
 8.76566   -0.219375E-04    0.111994E-04   -0.507432E-04
 8.78369   -0.218234E-04    0.111947E-04   -0.504784E-04
 8.80171   -0.217099E-04    0.111898E-04   -0.502145E-04
 8.81974   -0.215972E-04    0.111845E-04   -0.499515E-04
 8.83777   -0.214852E-04    0.111791E-04   -0.496898E-04
 8.85579   -0.213739E-04    0.111733E-04   -0.494282E-04
 8.87382   -0.212633E-04    0.111673E-04   -0.491679E-04
 8.89184   -0.211534E-04    0.111611E-04   -0.489085E-04
 8.90987   -0.210441E-04    0.111546E-04   -0.486501E-04
 8.92790   -0.209356E-04    0.111478E-04   -0.483926E-04
 8.94592   -0.208278E-04    0.111409E-04   -0.481360E-04
 8.96395   -0.207206E-04    0.111337E-04   -0.478803E-04
 8.98197   -0.206141E-04    0.111262E-04   -0.476256E-04
 9.00000   -0.205084E-04    0.111186E-04   -0.473718E-04
