 0.00500    0.265954E-01   -0.135465E-01    0.102498E-01
 0.02303    0.216704E-01   -0.110837E-01    0.840191E-02
 0.04105    0.188046E-01   -0.964987E-02    0.732504E-02
 0.05908    0.167263E-01   -0.860951E-02    0.654299E-02
 0.07710    0.150944E-01   -0.779193E-02    0.592755E-02
 0.09513    0.137563E-01   -0.712132E-02    0.542179E-02
 0.11316    0.126280E-01   -0.655524E-02    0.499425E-02
 0.13118    0.116578E-01   -0.606805E-02    0.462564E-02
 0.14921    0.108114E-01   -0.564260E-02    0.430314E-02
 0.16723    0.100646E-01   -0.526684E-02    0.401773E-02
 0.18526    0.939962E-02   -0.493187E-02    0.376279E-02
 0.20329    0.880307E-02   -0.463103E-02    0.353330E-02
 0.22131    0.826455E-02   -0.435913E-02    0.332548E-02
 0.23934    0.777582E-02   -0.411205E-02    0.313621E-02
 0.25736    0.733022E-02   -0.388648E-02    0.296306E-02
 0.27539    0.692229E-02   -0.367970E-02    0.280393E-02
 0.29342    0.654750E-02   -0.348944E-02    0.265719E-02
 0.31144    0.620205E-02   -0.331383E-02    0.252141E-02
 0.32947    0.588274E-02   -0.315126E-02    0.239543E-02
 0.34749    0.558682E-02   -0.300037E-02    0.227821E-02
 0.36552    0.531192E-02   -0.285998E-02    0.216888E-02
 0.38355    0.505597E-02   -0.272906E-02    0.206669E-02
 0.40157    0.481719E-02   -0.260672E-02    0.197096E-02
 0.41960    0.459402E-02   -0.249218E-02    0.188112E-02
 0.43763    0.438507E-02   -0.238475E-02    0.179666E-02
 0.45565    0.418911E-02   -0.228383E-02    0.171713E-02
 0.47368    0.400506E-02   -0.218887E-02    0.164212E-02
 0.49170    0.383195E-02   -0.209940E-02    0.157128E-02
 0.50973    0.366890E-02   -0.201497E-02    0.150427E-02
 0.52776    0.351514E-02   -0.193520E-02    0.144082E-02
 0.54578    0.336995E-02   -0.185974E-02    0.138066E-02
 0.56381    0.323271E-02   -0.178827E-02    0.132356E-02
 0.58183    0.310284E-02   -0.172050E-02    0.126929E-02
 0.59986    0.297981E-02   -0.165618E-02    0.121768E-02
 0.61789    0.286315E-02   -0.159507E-02    0.116854E-02
 0.63591    0.275243E-02   -0.153695E-02    0.112170E-02
 0.65394    0.264724E-02   -0.148163E-02    0.107703E-02
 0.67196    0.254723E-02   -0.142892E-02    0.103439E-02
 0.68999    0.245207E-02   -0.137866E-02    0.993639E-03
 0.70802    0.236144E-02   -0.133069E-02    0.954690E-03
 0.72604    0.227507E-02   -0.128488E-02    0.917425E-03
 0.74407    0.219269E-02   -0.124110E-02    0.881746E-03
 0.76209    0.211407E-02   -0.119923E-02    0.847571E-03
 0.78012    0.203898E-02   -0.115915E-02    0.814803E-03
 0.79815    0.196722E-02   -0.112077E-02    0.783374E-03
 0.81617    0.189861E-02   -0.108399E-02    0.753210E-03
 0.83420    0.183295E-02   -0.104872E-02    0.724245E-03
 0.85222    0.177010E-02   -0.101489E-02    0.696418E-03
 0.87025    0.170990E-02   -0.982402E-03    0.669670E-03
 0.88828    0.165220E-02   -0.951202E-03    0.643949E-03
 0.90630    0.159687E-02   -0.921220E-03    0.619203E-03
 0.92433    0.154380E-02   -0.892391E-03    0.595386E-03
 0.94235    0.149286E-02   -0.864665E-03    0.572453E-03
 0.96038    0.144395E-02   -0.837980E-03    0.550364E-03
 0.97841    0.139696E-02   -0.812284E-03    0.529078E-03
 0.99643    0.135180E-02   -0.787537E-03    0.508561E-03
 1.01446    0.130838E-02   -0.763690E-03    0.488779E-03
 1.03248    0.126662E-02   -0.740703E-03    0.469694E-03
 1.05051    0.122644E-02   -0.718535E-03    0.451282E-03
 1.06854    0.118777E-02   -0.697150E-03    0.433512E-03
 1.08656    0.115053E-02   -0.676511E-03    0.416357E-03
 1.10459    0.111466E-02   -0.656587E-03    0.399792E-03
 1.12262    0.108010E-02   -0.637346E-03    0.383792E-03
 1.14064    0.104678E-02   -0.618758E-03    0.368334E-03
 1.15867    0.101466E-02   -0.600795E-03    0.353396E-03
 1.17669    0.983688E-03   -0.583432E-03    0.338957E-03
 1.19472    0.953805E-03   -0.566644E-03    0.324998E-03
 1.21275    0.924967E-03   -0.550406E-03    0.311502E-03
 1.23077    0.897133E-03   -0.534697E-03    0.298449E-03
 1.24880    0.870258E-03   -0.519495E-03    0.285824E-03
 1.26682    0.844303E-03   -0.504780E-03    0.273611E-03
 1.28485    0.819231E-03   -0.490533E-03    0.261793E-03
 1.30288    0.795006E-03   -0.476736E-03    0.250357E-03
 1.32090    0.771593E-03   -0.463370E-03    0.239288E-03
 1.33893    0.748959E-03   -0.450421E-03    0.228575E-03
 1.35695    0.727075E-03   -0.437873E-03    0.218203E-03
 1.37498    0.705912E-03   -0.425709E-03    0.208161E-03
 1.39301    0.685439E-03   -0.413916E-03    0.198438E-03
 1.41103    0.665633E-03   -0.402480E-03    0.189022E-03
 1.42906    0.646466E-03   -0.391389E-03    0.179903E-03
 1.44708    0.627914E-03   -0.380629E-03    0.171071E-03
 1.46511    0.609955E-03   -0.370189E-03    0.162517E-03
 1.48314    0.592568E-03   -0.360059E-03    0.154230E-03
 1.50116    0.575729E-03   -0.350226E-03    0.146202E-03
 1.51919    0.559421E-03   -0.340681E-03    0.138426E-03
 1.53721    0.543623E-03   -0.331414E-03    0.130892E-03
 1.55524    0.528317E-03   -0.322415E-03    0.123593E-03
 1.57327    0.513486E-03   -0.313675E-03    0.116521E-03
 1.59129    0.499113E-03   -0.305187E-03    0.109670E-03
 1.60932    0.485181E-03   -0.296940E-03    0.103032E-03
 1.62734    0.471677E-03   -0.288928E-03    0.966010E-04
 1.64537    0.458585E-03   -0.281143E-03    0.903701E-04
 1.66340    0.445890E-03   -0.273578E-03    0.843335E-04
 1.68142    0.433581E-03   -0.266226E-03    0.784853E-04
 1.69945    0.421643E-03   -0.259079E-03    0.728202E-04
 1.71747    0.410065E-03   -0.252132E-03    0.673324E-04
 1.73550    0.398836E-03   -0.245379E-03    0.620170E-04
 1.75353    0.387943E-03   -0.238813E-03    0.568688E-04
 1.77155    0.377377E-03   -0.232430E-03    0.518831E-04
 1.78958    0.367126E-03   -0.226224E-03    0.470551E-04
 1.80761    0.357182E-03   -0.220188E-03    0.423808E-04
 1.82563    0.347534E-03   -0.214320E-03    0.378555E-04
 1.84366    0.338175E-03   -0.208613E-03    0.334754E-04
 1.86168    0.329094E-03   -0.203063E-03    0.292366E-04
 1.87971    0.320285E-03   -0.197667E-03    0.251351E-04
 1.89774    0.311740E-03   -0.192419E-03    0.211675E-04
 1.91576    0.303451E-03   -0.187317E-03    0.173303E-04
 1.93379    0.295410E-03   -0.182356E-03    0.136201E-04
 1.95181    0.287613E-03   -0.177532E-03    0.100340E-04
 1.96984    0.280051E-03   -0.172843E-03    0.656862E-05
 1.98787    0.272720E-03   -0.168285E-03    0.322124E-05
 2.00589    0.265613E-03   -0.163855E-03   -0.108179E-07
 2.02392    0.258726E-03   -0.159550E-03   -0.313041E-05
 2.04194    0.252053E-03   -0.155367E-03   -0.613988E-05
 2.05997    0.245589E-03   -0.151304E-03   -0.904174E-05
 2.07800    0.239331E-03   -0.147359E-03   -0.118380E-04
 2.09602    0.233273E-03   -0.143529E-03   -0.145311E-04
 2.11405    0.227413E-03   -0.139811E-03   -0.171231E-04
 2.13207    0.221745E-03   -0.136204E-03   -0.196156E-04
 2.15010    0.216268E-03   -0.132707E-03   -0.220110E-04
 2.16813    0.210976E-03   -0.129315E-03   -0.243111E-04
 2.18615    0.205868E-03   -0.126030E-03   -0.265172E-04
 2.20418    0.200940E-03   -0.122847E-03   -0.286313E-04
 2.22220    0.196189E-03   -0.119766E-03   -0.306550E-04
 2.24023    0.191612E-03   -0.116785E-03   -0.325901E-04
 2.25826    0.187207E-03   -0.113903E-03   -0.344378E-04
 2.27628    0.182971E-03   -0.111117E-03   -0.361997E-04
 2.29431    0.178902E-03   -0.108427E-03   -0.378777E-04
 2.31233    0.174995E-03   -0.105831E-03   -0.394731E-04
 2.33036    0.171250E-03   -0.103327E-03   -0.409871E-04
 2.34839    0.167661E-03   -0.100913E-03   -0.424221E-04
 2.36641    0.164228E-03   -0.985884E-04   -0.437792E-04
 2.38444    0.160945E-03   -0.963503E-04   -0.450604E-04
 2.40246    0.157811E-03   -0.941972E-04   -0.462674E-04
 2.42049    0.154821E-03   -0.921269E-04   -0.474022E-04
 2.43852    0.151970E-03   -0.901372E-04   -0.484668E-04
 2.45654    0.149256E-03   -0.882257E-04   -0.494634E-04
 2.47457    0.146672E-03   -0.863898E-04   -0.503941E-04
 2.49260    0.144214E-03   -0.846268E-04   -0.512617E-04
 2.51062    0.141875E-03   -0.829335E-04   -0.520683E-04
 2.52865    0.139651E-03   -0.813069E-04   -0.528173E-04
 2.54667    0.137535E-03   -0.797433E-04   -0.535110E-04
 2.56470    0.135518E-03   -0.782393E-04   -0.541530E-04
 2.58273    0.133595E-03   -0.767906E-04   -0.547463E-04
 2.60075    0.131757E-03   -0.753933E-04   -0.552945E-04
 2.61878    0.129996E-03   -0.740429E-04   -0.558011E-04
 2.63680    0.128303E-03   -0.727348E-04   -0.562701E-04
 2.65483    0.126669E-03   -0.714642E-04   -0.567054E-04
 2.67286    0.125084E-03   -0.702263E-04   -0.571109E-04
 2.69088    0.123538E-03   -0.690155E-04   -0.574908E-04
 2.70891    0.122021E-03   -0.678271E-04   -0.578495E-04
 2.72693    0.120524E-03   -0.666554E-04   -0.581913E-04
 2.74496    0.119035E-03   -0.654951E-04   -0.585206E-04
 2.76299    0.117544E-03   -0.643408E-04   -0.588416E-04
 2.78101    0.116041E-03   -0.631871E-04   -0.591589E-04
 2.79904    0.114516E-03   -0.620286E-04   -0.594767E-04
 2.81706    0.112958E-03   -0.608602E-04   -0.597990E-04
 2.83509    0.111358E-03   -0.596768E-04   -0.601303E-04
 2.85312    0.109706E-03   -0.584734E-04   -0.604743E-04
 2.87114    0.107994E-03   -0.572456E-04   -0.608349E-04
 2.88917    0.106213E-03   -0.559889E-04   -0.612154E-04
 2.90719    0.104355E-03   -0.546994E-04   -0.616199E-04
 2.92522    0.102414E-03   -0.533735E-04   -0.620497E-04
 2.94325    0.100384E-03   -0.520079E-04   -0.625086E-04
 2.96127    0.982588E-04   -0.505998E-04   -0.629989E-04
 2.97930    0.960343E-04   -0.491468E-04   -0.635222E-04
 2.99732    0.937072E-04   -0.476471E-04   -0.640802E-04
 3.01535    0.912748E-04   -0.460991E-04   -0.646744E-04
 3.03338    0.887357E-04   -0.445024E-04   -0.653057E-04
 3.05140    0.860893E-04   -0.428563E-04   -0.659735E-04
 3.06943    0.833363E-04   -0.411609E-04   -0.666794E-04
 3.08745    0.804779E-04   -0.394169E-04   -0.674223E-04
 3.10548    0.775165E-04   -0.376254E-04   -0.682016E-04
 3.12351    0.744556E-04   -0.357879E-04   -0.690161E-04
 3.14153    0.712993E-04   -0.339066E-04   -0.698647E-04
 3.15956    0.680525E-04   -0.319836E-04   -0.707455E-04
 3.17759    0.647210E-04   -0.300220E-04   -0.716565E-04
 3.19561    0.613114E-04   -0.280250E-04   -0.725953E-04
 3.21364    0.578308E-04   -0.259958E-04   -0.735594E-04
 3.23166    0.542865E-04   -0.239385E-04   -0.745462E-04
 3.24969    0.506870E-04   -0.218569E-04   -0.755523E-04
 3.26772    0.470404E-04   -0.197551E-04   -0.765750E-04
 3.28574    0.433555E-04   -0.176376E-04   -0.776109E-04
 3.30377    0.396413E-04   -0.155087E-04   -0.786568E-04
 3.32179    0.359067E-04   -0.133729E-04   -0.797092E-04
 3.33982    0.321606E-04   -0.112348E-04   -0.807647E-04
 3.35785    0.284123E-04   -0.909887E-05   -0.818201E-04
 3.37587    0.246706E-04   -0.696953E-05   -0.828719E-04
 3.39390    0.209442E-04   -0.485110E-05   -0.839169E-04
 3.41192    0.172416E-04   -0.274787E-05   -0.849517E-04
 3.42995    0.135708E-04   -0.663904E-06   -0.859737E-04
 3.44798    0.993972E-05    0.139697E-05   -0.869794E-04
 3.46600    0.635572E-05    0.343108E-05   -0.879661E-04
 3.48403    0.282564E-05    0.543479E-05   -0.889313E-04
 3.50205   -0.643926E-06    0.740493E-05   -0.898725E-04
 3.52008   -0.404698E-05    0.933855E-05   -0.907875E-04
 3.53811   -0.737811E-05    0.112328E-04   -0.916739E-04
 3.55613   -0.106323E-04    0.130854E-04   -0.925302E-04
 3.57416   -0.138051E-04    0.148938E-04   -0.933545E-04
 3.59218   -0.168927E-04    0.166563E-04   -0.941451E-04
 3.61021   -0.198915E-04    0.183711E-04   -0.949010E-04
 3.62824   -0.227988E-04    0.200367E-04   -0.956209E-04
 3.64626   -0.256121E-04    0.216520E-04   -0.963039E-04
 3.66429   -0.283296E-04    0.232160E-04   -0.969493E-04
 3.68231   -0.309499E-04    0.247279E-04   -0.975565E-04
 3.70034   -0.334720E-04    0.261875E-04   -0.981251E-04
 3.71837   -0.358953E-04    0.275942E-04   -0.986548E-04
 3.73639   -0.382194E-04    0.289481E-04   -0.991458E-04
 3.75442   -0.404449E-04    0.302491E-04   -0.995978E-04
 3.77244   -0.425719E-04    0.314976E-04   -0.100011E-03
 3.79047   -0.446014E-04    0.326941E-04   -0.100386E-03
 3.80850   -0.465345E-04    0.338390E-04   -0.100723E-03
 3.82652   -0.483726E-04    0.349330E-04   -0.101023E-03
 3.84455   -0.501172E-04    0.359770E-04   -0.101285E-03
 3.86258   -0.517702E-04    0.369719E-04   -0.101512E-03
 3.88060   -0.533335E-04    0.379187E-04   -0.101703E-03
 3.89863   -0.548092E-04    0.388184E-04   -0.101860E-03
 3.91665   -0.561996E-04    0.396722E-04   -0.101983E-03
 3.93468   -0.575071E-04    0.404812E-04   -0.102073E-03
 3.95271   -0.587340E-04    0.412469E-04   -0.102131E-03
 3.97073   -0.598829E-04    0.419703E-04   -0.102159E-03
 3.98876   -0.609564E-04    0.426528E-04   -0.102156E-03
 4.00678   -0.619569E-04    0.432958E-04   -0.102125E-03
 4.02481   -0.628872E-04    0.439005E-04   -0.102065E-03
 4.04284   -0.637498E-04    0.444683E-04   -0.101979E-03
 4.06086   -0.645474E-04    0.450006E-04   -0.101867E-03
 4.07889   -0.652824E-04    0.454985E-04   -0.101730E-03
 4.09691   -0.659576E-04    0.459636E-04   -0.101570E-03
 4.11494   -0.665755E-04    0.463970E-04   -0.101386E-03
 4.13297   -0.671384E-04    0.468000E-04   -0.101181E-03
 4.15099   -0.676488E-04    0.471739E-04   -0.100955E-03
 4.16902   -0.681091E-04    0.475198E-04   -0.100709E-03
 4.18704   -0.685215E-04    0.478391E-04   -0.100444E-03
 4.20507   -0.688885E-04    0.481327E-04   -0.100161E-03
 4.22310   -0.692121E-04    0.484020E-04   -0.998610E-04
 4.24112   -0.694945E-04    0.486479E-04   -0.995444E-04
 4.25915   -0.697376E-04    0.488714E-04   -0.992122E-04
 4.27717   -0.699435E-04    0.490737E-04   -0.988652E-04
 4.29520   -0.701140E-04    0.492557E-04   -0.985042E-04
 4.31323   -0.702510E-04    0.494184E-04   -0.981300E-04
 4.33125   -0.703563E-04    0.495626E-04   -0.977432E-04
 4.34928   -0.704315E-04    0.496893E-04   -0.973447E-04
 4.36730   -0.704782E-04    0.497993E-04   -0.969350E-04
 4.38533   -0.704980E-04    0.498933E-04   -0.965147E-04
 4.40336   -0.704923E-04    0.499722E-04   -0.960845E-04
 4.42138   -0.704627E-04    0.500368E-04   -0.956450E-04
 4.43941   -0.704103E-04    0.500876E-04   -0.951966E-04
 4.45743   -0.703365E-04    0.501254E-04   -0.947400E-04
 4.47546   -0.702425E-04    0.501509E-04   -0.942757E-04
 4.49349   -0.701294E-04    0.501646E-04   -0.938042E-04
 4.51151   -0.699985E-04    0.501672E-04   -0.933258E-04
 4.52954   -0.698507E-04    0.501591E-04   -0.928410E-04
 4.54757   -0.696870E-04    0.501410E-04   -0.923504E-04
 4.56559   -0.695084E-04    0.501134E-04   -0.918543E-04
 4.58362   -0.693158E-04    0.500766E-04   -0.913531E-04
 4.60164   -0.691101E-04    0.500313E-04   -0.908471E-04
 4.61967   -0.688920E-04    0.499778E-04   -0.903369E-04
 4.63770   -0.686623E-04    0.499165E-04   -0.898225E-04
 4.65572   -0.684219E-04    0.498479E-04   -0.893044E-04
 4.67375   -0.681712E-04    0.497723E-04   -0.887828E-04
 4.69177   -0.679111E-04    0.496901E-04   -0.882581E-04
 4.70980   -0.676422E-04    0.496016E-04   -0.877306E-04
 4.72783   -0.673650E-04    0.495074E-04   -0.872005E-04
 4.74585   -0.670801E-04    0.494073E-04   -0.866681E-04
 4.76388   -0.667881E-04    0.493020E-04   -0.861335E-04
 4.78190   -0.664894E-04    0.491916E-04   -0.855970E-04
 4.79993   -0.661845E-04    0.490765E-04   -0.850589E-04
 4.81796   -0.658739E-04    0.489568E-04   -0.845194E-04
 4.83598   -0.655581E-04    0.488328E-04   -0.839786E-04
 4.85401   -0.652373E-04    0.487048E-04   -0.834367E-04
 4.87203   -0.649121E-04    0.485730E-04   -0.828940E-04
 4.89006   -0.645827E-04    0.484376E-04   -0.823505E-04
 4.90809   -0.642496E-04    0.482988E-04   -0.818066E-04
 4.92611   -0.639130E-04    0.481567E-04   -0.812623E-04
 4.94414   -0.635732E-04    0.480117E-04   -0.807178E-04
 4.96216   -0.632307E-04    0.478954E-04   -0.801732E-04
 4.98019   -0.628855E-04    0.477131E-04   -0.796288E-04
 4.99822   -0.625381E-04    0.475599E-04   -0.790846E-04
 5.01624   -0.621886E-04    0.474043E-04   -0.785409E-04
 5.03427   -0.618373E-04    0.472465E-04   -0.779977E-04
 5.05229   -0.614845E-04    0.470866E-04   -0.774553E-04
 5.07032   -0.611302E-04    0.469247E-04   -0.769137E-04
 5.08835   -0.607748E-04    0.467610E-04   -0.763731E-04
 5.10637   -0.604184E-04    0.465955E-04   -0.758336E-04
 5.12440   -0.600612E-04    0.464284E-04   -0.752953E-04
 5.14242   -0.597034E-04    0.462598E-04   -0.747582E-04
 5.16045   -0.593451E-04    0.460898E-04   -0.742227E-04
 5.17848   -0.589865E-04    0.459185E-04   -0.736886E-04
 5.19650   -0.586278E-04    0.457460E-04   -0.731561E-04
 5.21453   -0.582691E-04    0.455724E-04   -0.726252E-04
 5.23256   -0.579104E-04    0.453977E-04   -0.720961E-04
 5.25058   -0.575520E-04    0.452221E-04   -0.715688E-04
 5.26861   -0.571940E-04    0.450457E-04   -0.710433E-04
 5.28663   -0.568365E-04    0.448684E-04   -0.705197E-04
 5.30466   -0.564796E-04    0.446905E-04   -0.699980E-04
 5.32269   -0.561234E-04    0.445119E-04   -0.694782E-04
 5.34071   -0.557680E-04    0.443328E-04   -0.689605E-04
 5.35874   -0.554135E-04    0.441532E-04   -0.684447E-04
 5.37676   -0.550600E-04    0.439731E-04   -0.679310E-04
 5.39479   -0.547075E-04    0.437927E-04   -0.674194E-04
 5.41282   -0.543563E-04    0.436120E-04   -0.669098E-04
 5.43084   -0.540064E-04    0.434311E-04   -0.664023E-04
 5.44887   -0.536577E-04    0.432499E-04   -0.658970E-04
 5.46689   -0.533106E-04    0.430686E-04   -0.653938E-04
 5.48492   -0.529649E-04    0.428873E-04   -0.648928E-04
 5.50295   -0.526207E-04    0.427060E-04   -0.643940E-04
 5.52097   -0.522783E-04    0.425246E-04   -0.638974E-04
 5.53900   -0.519375E-04    0.423434E-04   -0.634031E-04
 5.55702   -0.515985E-04    0.421623E-04   -0.629112E-04
 5.57505   -0.512613E-04    0.419814E-04   -0.624216E-04
 5.59308   -0.509261E-04    0.418007E-04   -0.619344E-04
 5.61110   -0.505927E-04    0.416202E-04   -0.614495E-04
 5.62913   -0.502613E-04    0.414401E-04   -0.609672E-04
 5.64715   -0.499320E-04    0.412603E-04   -0.604873E-04
 5.66518   -0.496049E-04    0.410809E-04   -0.600099E-04
 5.68321   -0.492798E-04    0.409019E-04   -0.595351E-04
 5.70123   -0.489569E-04    0.407233E-04   -0.590629E-04
 5.71926   -0.486362E-04    0.405452E-04   -0.585932E-04
 5.73728   -0.483176E-04    0.403677E-04   -0.581262E-04
 5.75531   -0.480014E-04    0.401906E-04   -0.576618E-04
 5.77334   -0.476875E-04    0.400141E-04   -0.572002E-04
 5.79136   -0.473759E-04    0.398383E-04   -0.567412E-04
 5.80939   -0.470666E-04    0.396630E-04   -0.562849E-04
 5.82741   -0.467596E-04    0.394883E-04   -0.558313E-04
 5.84544   -0.464550E-04    0.393143E-04   -0.553804E-04
 5.86347   -0.461527E-04    0.391409E-04   -0.549323E-04
 5.88149   -0.458527E-04    0.389682E-04   -0.544869E-04
 5.89952   -0.455551E-04    0.387962E-04   -0.540443E-04
 5.91755   -0.452599E-04    0.386249E-04   -0.536044E-04
 5.93557   -0.449670E-04    0.384542E-04   -0.531672E-04
 5.95360   -0.446764E-04    0.382843E-04   -0.527328E-04
 5.97162   -0.443881E-04    0.381151E-04   -0.523011E-04
 5.98965   -0.441021E-04    0.379465E-04   -0.518722E-04
 6.00768   -0.438184E-04    0.377787E-04   -0.514459E-04
 6.02570   -0.435369E-04    0.376115E-04   -0.510224E-04
 6.04373   -0.432576E-04    0.374451E-04   -0.506015E-04
 6.06175   -0.429805E-04    0.372793E-04   -0.501834E-04
 6.07978   -0.427055E-04    0.371142E-04   -0.497679E-04
 6.09781   -0.424326E-04    0.369498E-04   -0.493550E-04
 6.11583   -0.421618E-04    0.367860E-04   -0.489448E-04
 6.13386   -0.418930E-04    0.366230E-04   -0.485372E-04
 6.15188   -0.416262E-04    0.364604E-04   -0.481322E-04
 6.16991   -0.413613E-04    0.362986E-04   -0.477297E-04
 6.18794   -0.410983E-04    0.361373E-04   -0.473298E-04
 6.20596   -0.408372E-04    0.359766E-04   -0.469325E-04
 6.22399   -0.405779E-04    0.358166E-04   -0.465377E-04
 6.24201   -0.403204E-04    0.356571E-04   -0.461454E-04
 6.26004   -0.400646E-04    0.354982E-04   -0.457556E-04
 6.27807   -0.398105E-04    0.353398E-04   -0.453682E-04
 6.29609   -0.395580E-04    0.351819E-04   -0.449833E-04
 6.31412   -0.393071E-04    0.350246E-04   -0.446008E-04
 6.33214   -0.390578E-04    0.348677E-04   -0.442207E-04
 6.35017   -0.388100E-04    0.347113E-04   -0.438431E-04
 6.36820   -0.385636E-04    0.345554E-04   -0.434678E-04
 6.38622   -0.383187E-04    0.344000E-04   -0.430948E-04
 6.40425   -0.380752E-04    0.342450E-04   -0.427241E-04
 6.42227   -0.378331E-04    0.340905E-04   -0.423557E-04
 6.44030   -0.375922E-04    0.339363E-04   -0.419896E-04
 6.45833   -0.373527E-04    0.337826E-04   -0.416258E-04
 6.47635   -0.371145E-04    0.336294E-04   -0.412643E-04
 6.49438   -0.368775E-04    0.334765E-04   -0.409050E-04
 6.51240   -0.366418E-04    0.333240E-04   -0.405479E-04
 6.53043   -0.364072E-04    0.331720E-04   -0.401930E-04
 6.54846   -0.361739E-04    0.330203E-04   -0.398403E-04
 6.56648   -0.359417E-04    0.328690E-04   -0.394899E-04
 6.58451   -0.357106E-04    0.327181E-04   -0.391416E-04
 6.60254   -0.354807E-04    0.325675E-04   -0.387954E-04
 6.62056   -0.352520E-04    0.324174E-04   -0.384514E-04
 6.63859   -0.350243E-04    0.322676E-04   -0.381096E-04
 6.65661   -0.347978E-04    0.321183E-04   -0.377699E-04
 6.67464   -0.345723E-04    0.319693E-04   -0.374323E-04
 6.69267   -0.343480E-04    0.318207E-04   -0.370968E-04
 6.71069   -0.341248E-04    0.316725E-04   -0.367634E-04
 6.72872   -0.339027E-04    0.315248E-04   -0.364322E-04
 6.74674   -0.336817E-04    0.313774E-04   -0.361030E-04
 6.76477   -0.334618E-04    0.312305E-04   -0.357759E-04
 6.78280   -0.332430E-04    0.310840E-04   -0.354509E-04
 6.80082   -0.330254E-04    0.309379E-04   -0.351280E-04
 6.81885   -0.328089E-04    0.307922E-04   -0.348072E-04
 6.83687   -0.325934E-04    0.306470E-04   -0.344885E-04
 6.85490   -0.323792E-04    0.305023E-04   -0.341718E-04
 6.87293   -0.321660E-04    0.303580E-04   -0.338571E-04
 6.89095   -0.319541E-04    0.302142E-04   -0.335446E-04
 6.90898   -0.317432E-04    0.300708E-04   -0.332341E-04
 6.92700   -0.315336E-04    0.299279E-04   -0.329256E-04
 6.94503   -0.313251E-04    0.297856E-04   -0.326192E-04
 6.96306   -0.311178E-04    0.296437E-04   -0.323148E-04
 6.98108   -0.309117E-04    0.295023E-04   -0.320124E-04
 6.99911   -0.307067E-04    0.293615E-04   -0.317121E-04
 7.01713   -0.305030E-04    0.292211E-04   -0.314138E-04
 7.03516   -0.303005E-04    0.290813E-04   -0.311175E-04
 7.05319   -0.300992E-04    0.289421E-04   -0.308233E-04
 7.07121   -0.298992E-04    0.288034E-04   -0.305310E-04
 7.08924   -0.297003E-04    0.286652E-04   -0.302408E-04
 7.10726   -0.295027E-04    0.285276E-04   -0.299526E-04
 7.12529   -0.293064E-04    0.283906E-04   -0.296663E-04
 7.14332   -0.291113E-04    0.282541E-04   -0.293821E-04
 7.16134   -0.289174E-04    0.281182E-04   -0.290998E-04
 7.17937   -0.287249E-04    0.279829E-04   -0.288196E-04
 7.19739   -0.285335E-04    0.278482E-04   -0.285413E-04
 7.21542   -0.283435E-04    0.277141E-04   -0.282650E-04
 7.23345   -0.281547E-04    0.275805E-04   -0.279906E-04
 7.25147   -0.279672E-04    0.274476E-04   -0.277182E-04
 7.26950   -0.277810E-04    0.273153E-04   -0.274477E-04
 7.28753   -0.275960E-04    0.271836E-04   -0.271792E-04
 7.30555   -0.274123E-04    0.270525E-04   -0.269126E-04
 7.32358   -0.272299E-04    0.269220E-04   -0.266480E-04
 7.34160   -0.270488E-04    0.267922E-04   -0.263853E-04
 7.35963   -0.268690E-04    0.266629E-04   -0.261244E-04
 7.37766   -0.266904E-04    0.265343E-04   -0.258655E-04
 7.39568   -0.265131E-04    0.264064E-04   -0.256085E-04
 7.41371   -0.263371E-04    0.262790E-04   -0.253534E-04
 7.43173   -0.261624E-04    0.261523E-04   -0.251002E-04
 7.44976   -0.259890E-04    0.260262E-04   -0.248488E-04
 7.46779   -0.258168E-04    0.259008E-04   -0.245993E-04
 7.48581   -0.256459E-04    0.257760E-04   -0.243516E-04
 7.50384   -0.254762E-04    0.256518E-04   -0.241058E-04
 7.52186   -0.253079E-04    0.255283E-04   -0.238619E-04
 7.53989   -0.251408E-04    0.254054E-04   -0.236198E-04
 7.55792   -0.249749E-04    0.252831E-04   -0.233795E-04
 7.57594   -0.248103E-04    0.251615E-04   -0.231410E-04
 7.59397   -0.246470E-04    0.250406E-04   -0.229043E-04
 7.61199   -0.244849E-04    0.249203E-04   -0.226695E-04
 7.63002   -0.243241E-04    0.248006E-04   -0.224364E-04
 7.64805   -0.241645E-04    0.246815E-04   -0.222051E-04
 7.66607   -0.240062E-04    0.245631E-04   -0.219756E-04
 7.68410   -0.238491E-04    0.244454E-04   -0.217478E-04
 7.70212   -0.236932E-04    0.243283E-04   -0.215218E-04
 7.72015   -0.235386E-04    0.242119E-04   -0.212975E-04
 7.73818   -0.233851E-04    0.240961E-04   -0.210750E-04
 7.75620   -0.232330E-04    0.239809E-04   -0.208541E-04
 7.77423   -0.230820E-04    0.238664E-04   -0.206351E-04
 7.79225   -0.229322E-04    0.237525E-04   -0.204177E-04
 7.81028   -0.227836E-04    0.236392E-04   -0.202020E-04
 7.82831   -0.226362E-04    0.235266E-04   -0.199880E-04
 7.84633   -0.224900E-04    0.234146E-04   -0.197756E-04
 7.86436   -0.223450E-04    0.233033E-04   -0.195649E-04
 7.88238   -0.222011E-04    0.231926E-04   -0.193559E-04
 7.90041   -0.220585E-04    0.230825E-04   -0.191486E-04
 7.91844   -0.219169E-04    0.229730E-04   -0.189428E-04
 7.93646   -0.217766E-04    0.228642E-04   -0.187387E-04
 7.95449   -0.216373E-04    0.227560E-04   -0.185362E-04
 7.97252   -0.214992E-04    0.226484E-04   -0.183354E-04
 7.99054   -0.213623E-04    0.225414E-04   -0.181361E-04
 8.00857   -0.212264E-04    0.224350E-04   -0.179384E-04
 8.02659   -0.210917E-04    0.223293E-04   -0.177422E-04
 8.04462   -0.209580E-04    0.222241E-04   -0.175477E-04
 8.06265   -0.208255E-04    0.221196E-04   -0.173547E-04
 8.08067   -0.206940E-04    0.220157E-04   -0.171632E-04
 8.09870   -0.205636E-04    0.219123E-04   -0.169733E-04
 8.11672   -0.204343E-04    0.218096E-04   -0.167844E-04
 8.13475   -0.203060E-04    0.217074E-04   -0.165979E-04
 8.15278   -0.201788E-04    0.216059E-04   -0.164125E-04
 8.17080   -0.200526E-04    0.215049E-04   -0.162286E-04
 8.18883   -0.199274E-04    0.214045E-04   -0.160462E-04
 8.20685   -0.198033E-04    0.213047E-04   -0.158652E-04
 8.22488   -0.196802E-04    0.212054E-04   -0.156857E-04
 8.24291   -0.195580E-04    0.211067E-04   -0.155077E-04
 8.26093   -0.194369E-04    0.210086E-04   -0.153311E-04
 8.27896   -0.193167E-04    0.209111E-04   -0.151559E-04
 8.29698   -0.191975E-04    0.208141E-04   -0.149821E-04
 8.31501   -0.190793E-04    0.207176E-04   -0.148097E-04
 8.33304   -0.189620E-04    0.206218E-04   -0.146388E-04
 8.35106   -0.188457E-04    0.205264E-04   -0.144692E-04
 8.36909   -0.187303E-04    0.204316E-04   -0.143010E-04
 8.38711   -0.186158E-04    0.203374E-04   -0.141341E-04
 8.40514   -0.185022E-04    0.202437E-04   -0.139686E-04
 8.42317   -0.183896E-04    0.201505E-04   -0.138045E-04
 8.44119   -0.182779E-04    0.200579E-04   -0.136417E-04
 8.45922   -0.181670E-04    0.199657E-04   -0.134802E-04
 8.47724   -0.180570E-04    0.198741E-04   -0.133201E-04
 8.49527   -0.179480E-04    0.197831E-04   -0.131612E-04
 8.51330   -0.178397E-04    0.196925E-04   -0.130037E-04
 8.53132   -0.177324E-04    0.196024E-04   -0.128474E-04
 8.54935   -0.176259E-04    0.195129E-04   -0.126924E-04
 8.56737   -0.175202E-04    0.194239E-04   -0.125387E-04
 8.58540   -0.174154E-04    0.193354E-04   -0.123862E-04
 8.60343   -0.173114E-04    0.192473E-04   -0.122350E-04
 8.62145   -0.172082E-04    0.191598E-04   -0.120851E-04
 8.63948   -0.171058E-04    0.190728E-04   -0.119363E-04
 8.65751   -0.170043E-04    0.189862E-04   -0.117888E-04
 8.67553   -0.169035E-04    0.189002E-04   -0.116425E-04
 8.69356   -0.168036E-04    0.188146E-04   -0.114974E-04
 8.71158   -0.167044E-04    0.187295E-04   -0.113535E-04
 8.72961   -0.166060E-04    0.186449E-04   -0.112108E-04
 8.74764   -0.165083E-04    0.185607E-04   -0.110693E-04
 8.76566   -0.164115E-04    0.184771E-04   -0.109289E-04
 8.78369   -0.163153E-04    0.183939E-04   -0.107897E-04
 8.80171   -0.162200E-04    0.183111E-04   -0.106516E-04
 8.81974   -0.161253E-04    0.182289E-04   -0.105147E-04
 8.83777   -0.160315E-04    0.181470E-04   -0.103790E-04
 8.85579   -0.159383E-04    0.180657E-04   -0.102443E-04
 8.87382   -0.158459E-04    0.179848E-04   -0.101108E-04
 8.89184   -0.157541E-04    0.179043E-04   -0.997837E-05
 8.90987   -0.156631E-04    0.178243E-04   -0.984706E-05
 8.92790   -0.155728E-04    0.177448E-04   -0.971683E-05
 8.94592   -0.154832E-04    0.176657E-04   -0.958770E-05
 8.96395   -0.153943E-04    0.175870E-04   -0.945966E-05
 8.98197   -0.153061E-04    0.175088E-04   -0.933268E-05
 9.00000   -0.152185E-04    0.174310E-04   -0.920675E-05
