 0.00500    0.391999E-02   -0.206912E-02    0.170691E-02
 0.02303    0.322710E-02   -0.172267E-02    0.144701E-02
 0.04105    0.281896E-02   -0.151855E-02    0.129385E-02
 0.05908    0.252081E-02   -0.136940E-02    0.118185E-02
 0.07710    0.228533E-02   -0.125158E-02    0.109332E-02
 0.09513    0.209126E-02   -0.115444E-02    0.102027E-02
 0.11316    0.192690E-02   -0.107215E-02    0.958331E-03
 0.13118    0.178497E-02   -0.100106E-02    0.904768E-03
 0.14921    0.166068E-02   -0.938768E-03    0.857780E-03
 0.16723    0.155060E-02   -0.883578E-03    0.816094E-03
 0.18526    0.145224E-02   -0.834237E-03    0.778774E-03
 0.20329    0.136371E-02   -0.789801E-03    0.745113E-03
 0.22131    0.128353E-02   -0.749532E-03    0.714558E-03
 0.23934    0.121053E-02   -0.712845E-03    0.686674E-03
 0.25736    0.114377E-02   -0.679271E-03    0.661107E-03
 0.27539    0.108247E-02   -0.648421E-03    0.637568E-03
 0.29342    0.102599E-02   -0.619972E-03    0.615815E-03
 0.31144    0.973791E-03   -0.593656E-03    0.595648E-03
 0.32947    0.925407E-03   -0.569243E-03    0.576895E-03
 0.34749    0.880445E-03   -0.546537E-03    0.559408E-03
 0.36552    0.838568E-03   -0.525367E-03    0.543063E-03
 0.38355    0.799480E-03   -0.505587E-03    0.527748E-03
 0.40157    0.762926E-03   -0.487069E-03    0.513368E-03
 0.41960    0.728679E-03   -0.469700E-03    0.499840E-03
 0.43763    0.696539E-03   -0.453381E-03    0.487089E-03
 0.45565    0.666329E-03   -0.438023E-03    0.475048E-03
 0.47368    0.637890E-03   -0.423547E-03    0.463660E-03
 0.49170    0.611084E-03   -0.409884E-03    0.452873E-03
 0.50973    0.585782E-03   -0.396969E-03    0.442638E-03
 0.52776    0.561872E-03   -0.384747E-03    0.432914E-03
 0.54578    0.539250E-03   -0.373167E-03    0.423664E-03
 0.56381    0.517824E-03   -0.362181E-03    0.414851E-03
 0.58183    0.497510E-03   -0.351748E-03    0.406446E-03
 0.59986    0.478229E-03   -0.341830E-03    0.398419E-03
 0.61789    0.459914E-03   -0.332391E-03    0.390745E-03
 0.63591    0.442498E-03   -0.323400E-03    0.383400E-03
 0.65394    0.425924E-03   -0.314828E-03    0.376363E-03
 0.67196    0.410139E-03   -0.306647E-03    0.369613E-03
 0.68999    0.395092E-03   -0.298834E-03    0.363133E-03
 0.70802    0.380739E-03   -0.291366E-03    0.356905E-03
 0.72604    0.367038E-03   -0.284221E-03    0.350914E-03
 0.74407    0.353948E-03   -0.277381E-03    0.345146E-03
 0.76209    0.341436E-03   -0.270828E-03    0.339587E-03
 0.78012    0.329468E-03   -0.264544E-03    0.334226E-03
 0.79815    0.318012E-03   -0.258516E-03    0.329052E-03
 0.81617    0.307042E-03   -0.252728E-03    0.324053E-03
 0.83420    0.296529E-03   -0.247168E-03    0.319220E-03
 0.85222    0.286449E-03   -0.241823E-03    0.314543E-03
 0.87025    0.276780E-03   -0.236682E-03    0.310016E-03
 0.88828    0.267500E-03   -0.231734E-03    0.305629E-03
 0.90630    0.258588E-03   -0.226970E-03    0.301375E-03
 0.92433    0.250027E-03   -0.222378E-03    0.297247E-03
 0.94235    0.241797E-03   -0.217952E-03    0.293240E-03
 0.96038    0.233884E-03   -0.213683E-03    0.289347E-03
 0.97841    0.226271E-03   -0.209563E-03    0.285562E-03
 0.99643    0.218944E-03   -0.205585E-03    0.281880E-03
 1.01446    0.211890E-03   -0.201743E-03    0.278296E-03
 1.03248    0.205095E-03   -0.198029E-03    0.274806E-03
 1.05051    0.198549E-03   -0.194438E-03    0.271405E-03
 1.06854    0.192238E-03   -0.190965E-03    0.268089E-03
 1.08656    0.186153E-03   -0.187604E-03    0.264854E-03
 1.10459    0.180284E-03   -0.184350E-03    0.261697E-03
 1.12262    0.174620E-03   -0.181198E-03    0.258614E-03
 1.14064    0.169154E-03   -0.178144E-03    0.255603E-03
 1.15867    0.163877E-03   -0.175183E-03    0.252658E-03
 1.17669    0.158780E-03   -0.172312E-03    0.249779E-03
 1.19472    0.153855E-03   -0.169527E-03    0.246962E-03
 1.21275    0.149097E-03   -0.166824E-03    0.244205E-03
 1.23077    0.144497E-03   -0.164201E-03    0.241505E-03
 1.24880    0.140049E-03   -0.161652E-03    0.238860E-03
 1.26682    0.135748E-03   -0.159177E-03    0.236267E-03
 1.28485    0.131587E-03   -0.156771E-03    0.233725E-03
 1.30288    0.127561E-03   -0.154433E-03    0.231232E-03
 1.32090    0.123664E-03   -0.152158E-03    0.228786E-03
 1.33893    0.119892E-03   -0.149946E-03    0.226385E-03
 1.35695    0.116239E-03   -0.147793E-03    0.224027E-03
 1.37498    0.112702E-03   -0.145697E-03    0.221710E-03
 1.39301    0.109275E-03   -0.143657E-03    0.219434E-03
 1.41103    0.105955E-03   -0.141669E-03    0.217197E-03
 1.42906    0.102737E-03   -0.139732E-03    0.214996E-03
 1.44708    0.996180E-04   -0.137845E-03    0.212832E-03
 1.46511    0.965944E-04   -0.136005E-03    0.210703E-03
 1.48314    0.936626E-04   -0.134211E-03    0.208607E-03
 1.50116    0.908194E-04   -0.132461E-03    0.206544E-03
 1.51919    0.880616E-04   -0.130754E-03    0.204512E-03
 1.53721    0.853861E-04   -0.129088E-03    0.202510E-03
 1.55524    0.827900E-04   -0.127461E-03    0.200538E-03
 1.57327    0.802708E-04   -0.125873E-03    0.198593E-03
 1.59129    0.778256E-04   -0.124322E-03    0.196677E-03
 1.60932    0.754519E-04   -0.122806E-03    0.194787E-03
 1.62734    0.731475E-04   -0.121325E-03    0.192923E-03
 1.64537    0.709099E-04   -0.119877E-03    0.191083E-03
 1.66340    0.687369E-04   -0.118463E-03    0.189268E-03
 1.68142    0.666265E-04   -0.117079E-03    0.187477E-03
 1.69945    0.645765E-04   -0.115725E-03    0.185718E-03
 1.71747    0.625849E-04   -0.114401E-03    0.183961E-03
 1.73550    0.606500E-04   -0.113106E-03    0.182236E-03
 1.75353    0.587700E-04   -0.111838E-03    0.180532E-03
 1.77155    0.569431E-04   -0.110596E-03    0.178849E-03
 1.78958    0.551677E-04   -0.109381E-03    0.177185E-03
 1.80761    0.534422E-04   -0.108190E-03    0.175540E-03
 1.82563    0.517651E-04   -0.107024E-03    0.173914E-03
 1.84366    0.501348E-04   -0.105882E-03    0.172307E-03
 1.86168    0.485501E-04   -0.104763E-03    0.170717E-03
 1.87971    0.470096E-04   -0.103666E-03    0.169145E-03
 1.89774    0.455120E-04   -0.102590E-03    0.167589E-03
 1.91576    0.440559E-04   -0.101536E-03    0.166051E-03
 1.93379    0.426404E-04   -0.100502E-03    0.164528E-03
 1.95181    0.412643E-04   -0.994887E-04    0.163022E-03
 1.96984    0.399264E-04   -0.984944E-04    0.161530E-03
 1.98787    0.386258E-04   -0.975189E-04    0.160055E-03
 2.00589    0.373614E-04   -0.965621E-04    0.158593E-03
 2.02392    0.361324E-04   -0.956232E-04    0.157147E-03
 2.04194    0.349378E-04   -0.947018E-04    0.155715E-03
 2.05997    0.337767E-04   -0.937977E-04    0.154296E-03
 2.07800    0.326484E-04   -0.929102E-04    0.152892E-03
 2.09602    0.315521E-04   -0.920392E-04    0.151501E-03
 2.11405    0.304869E-04   -0.911840E-04    0.150123E-03
 2.13207    0.294523E-04   -0.903442E-04    0.148759E-03
 2.15010    0.284474E-04   -0.895205E-04    0.147407E-03
 2.16813    0.274716E-04   -0.887114E-04    0.146068E-03
 2.18615    0.265243E-04   -0.879170E-04    0.144741E-03
 2.20418    0.256050E-04   -0.871370E-04    0.143427E-03
 2.22220    0.247129E-04   -0.863711E-04    0.142125E-03
 2.24023    0.238476E-04   -0.856187E-04    0.140834E-03
 2.25826    0.230086E-04   -0.848806E-04    0.139556E-03
 2.27628    0.221952E-04   -0.841555E-04    0.138289E-03
 2.29431    0.214069E-04   -0.834434E-04    0.137034E-03
 2.31233    0.206434E-04   -0.827442E-04    0.135790E-03
 2.33036    0.199040E-04   -0.820576E-04    0.134557E-03
 2.34839    0.191882E-04   -0.813833E-04    0.133335E-03
 2.36641    0.184956E-04   -0.807213E-04    0.132124E-03
 2.38444    0.178256E-04   -0.800710E-04    0.130924E-03
 2.40246    0.171779E-04   -0.794324E-04    0.129734E-03
 2.42049    0.165519E-04   -0.788053E-04    0.128555E-03
 2.43852    0.159468E-04   -0.781892E-04    0.127387E-03
 2.45654    0.153626E-04   -0.775840E-04    0.126228E-03
 2.47457    0.147985E-04   -0.769894E-04    0.125079E-03
 2.49260    0.142539E-04   -0.764054E-04    0.123940E-03
 2.51062    0.137282E-04   -0.758313E-04    0.122811E-03
 2.52865    0.132209E-04   -0.752670E-04    0.121691E-03
 2.54667    0.127313E-04   -0.747120E-04    0.120580E-03
 2.56470    0.122589E-04   -0.741666E-04    0.119478E-03
 2.58273    0.118029E-04   -0.736299E-04    0.118385E-03
 2.60075    0.113627E-04   -0.731014E-04    0.117301E-03
 2.61878    0.109375E-04   -0.725815E-04    0.116225E-03
 2.63680    0.105267E-04   -0.720693E-04    0.115157E-03
 2.65483    0.101294E-04   -0.715644E-04    0.114097E-03
 2.67286    0.974491E-05   -0.710666E-04    0.113044E-03
 2.69088    0.937247E-05   -0.705755E-04    0.111999E-03
 2.70891    0.901126E-05   -0.700906E-04    0.110960E-03
 2.72693    0.866048E-05   -0.696117E-04    0.109928E-03
 2.74496    0.831934E-05   -0.691382E-04    0.108903E-03
 2.76299    0.798703E-05   -0.686698E-04    0.107884E-03
 2.78101    0.766275E-05   -0.682061E-04    0.106871E-03
 2.79904    0.734570E-05   -0.677467E-04    0.105863E-03
 2.81706    0.703511E-05   -0.672912E-04    0.104861E-03
 2.83509    0.673020E-05   -0.668392E-04    0.103863E-03
 2.85312    0.643023E-05   -0.663903E-04    0.102871E-03
 2.87114    0.613451E-05   -0.659444E-04    0.101883E-03
 2.88917    0.584232E-05   -0.655009E-04    0.100899E-03
 2.90719    0.555300E-05   -0.650596E-04    0.999196E-04
 2.92522    0.526593E-05   -0.646200E-04    0.989438E-04
 2.94325    0.498057E-05   -0.641820E-04    0.979717E-04
 2.96127    0.469636E-05   -0.637451E-04    0.970030E-04
 2.97930    0.441279E-05   -0.633096E-04    0.960376E-04
 2.99732    0.412939E-05   -0.628746E-04    0.950753E-04
 3.01535    0.384580E-05   -0.624404E-04    0.941160E-04
 3.03338    0.356161E-05   -0.620065E-04    0.931595E-04
 3.05140    0.327656E-05   -0.615729E-04    0.922057E-04
 3.06943    0.299034E-05   -0.611394E-04    0.912547E-04
 3.08745    0.270270E-05   -0.607059E-04    0.903063E-04
 3.10548    0.241348E-05   -0.602724E-04    0.893601E-04
 3.12351    0.212251E-05   -0.598388E-04    0.884167E-04
 3.14153    0.182972E-05   -0.594049E-04    0.874756E-04
 3.15956    0.153497E-05   -0.589708E-04    0.865369E-04
 3.17759    0.123825E-05   -0.585364E-04    0.856007E-04
 3.19561    0.939517E-06   -0.581018E-04    0.846669E-04
 3.21364    0.638778E-06   -0.576669E-04    0.837355E-04
 3.23166    0.336094E-06   -0.572317E-04    0.828066E-04
 3.24969    0.314589E-07   -0.567964E-04    0.818802E-04
 3.26772   -0.275052E-06   -0.563608E-04    0.809562E-04
 3.28574   -0.583381E-06   -0.559251E-04    0.800349E-04
 3.30377   -0.893372E-06   -0.554892E-04    0.791161E-04
 3.32179   -0.120500E-05   -0.550535E-04    0.782001E-04
 3.33982   -0.151819E-05   -0.546177E-04    0.772868E-04
 3.35785   -0.183275E-05   -0.541817E-04    0.763761E-04
 3.37587   -0.214870E-05   -0.537463E-04    0.754685E-04
 3.39390   -0.246587E-05   -0.533108E-04    0.745634E-04
 3.41192   -0.278419E-05   -0.528755E-04    0.736616E-04
 3.42995   -0.310359E-05   -0.524404E-04    0.727624E-04
 3.44798   -0.342392E-05   -0.520058E-04    0.718664E-04
 3.46600   -0.374512E-05   -0.515715E-04    0.709736E-04
 3.48403   -0.406706E-05   -0.511376E-04    0.700838E-04
 3.50205   -0.438969E-05   -0.507042E-04    0.691972E-04
 3.52008   -0.471292E-05   -0.502715E-04    0.683139E-04
 3.53811   -0.503668E-05   -0.498396E-04    0.674339E-04
 3.55613   -0.536071E-05   -0.494076E-04    0.665573E-04
 3.57416   -0.568516E-05   -0.489767E-04    0.656841E-04
 3.59218   -0.600977E-05   -0.485466E-04    0.648144E-04
 3.61021   -0.633449E-05   -0.481173E-04    0.639481E-04
 3.62824   -0.665919E-05   -0.476888E-04    0.630855E-04
 3.64626   -0.698375E-05   -0.472615E-04    0.622266E-04
 3.66429   -0.730804E-05   -0.468350E-04    0.613714E-04
 3.68231   -0.763191E-05   -0.464097E-04    0.605200E-04
 3.70034   -0.795523E-05   -0.459855E-04    0.596725E-04
 3.71837   -0.827783E-05   -0.455627E-04    0.588290E-04
 3.73639   -0.859956E-05   -0.451413E-04    0.579896E-04
 3.75442   -0.892022E-05   -0.447213E-04    0.571543E-04
 3.77244   -0.923966E-05   -0.443029E-04    0.563232E-04
 3.79047   -0.955762E-05   -0.438861E-04    0.554965E-04
 3.80850   -0.987394E-05   -0.434711E-04    0.546742E-04
 3.82652   -0.101884E-04   -0.430580E-04    0.538564E-04
 3.84455   -0.105007E-04   -0.426471E-04    0.530432E-04
 3.86258   -0.108107E-04   -0.422383E-04    0.522348E-04
 3.88060   -0.111181E-04   -0.418316E-04    0.514312E-04
 3.89863   -0.114226E-04   -0.414276E-04    0.506326E-04
 3.91665   -0.117241E-04   -0.410260E-04    0.498390E-04
 3.93468   -0.120222E-04   -0.406271E-04    0.490504E-04
 3.95271   -0.123166E-04   -0.402310E-04    0.482673E-04
 3.97073   -0.126073E-04   -0.398378E-04    0.474899E-04
 3.98876   -0.128938E-04   -0.394479E-04    0.467172E-04
 4.00678   -0.131759E-04   -0.390610E-04    0.459506E-04
 4.02481   -0.134534E-04   -0.386775E-04    0.451897E-04
 4.04284   -0.137260E-04   -0.382975E-04    0.444345E-04
 4.06086   -0.139935E-04   -0.379211E-04    0.436853E-04
 4.07889   -0.142557E-04   -0.375485E-04    0.429420E-04
 4.09691   -0.145124E-04   -0.371796E-04    0.422049E-04
 4.11494   -0.147633E-04   -0.368146E-04    0.414739E-04
 4.13297   -0.150082E-04   -0.364537E-04    0.407491E-04
 4.15099   -0.152470E-04   -0.360969E-04    0.400306E-04
 4.16902   -0.154796E-04   -0.357444E-04    0.393186E-04
 4.18704   -0.157056E-04   -0.353961E-04    0.386129E-04
 4.20507   -0.159251E-04   -0.350520E-04    0.379136E-04
 4.22310   -0.161379E-04   -0.347125E-04    0.372210E-04
 4.24112   -0.163439E-04   -0.343774E-04    0.365349E-04
 4.25915   -0.165431E-04   -0.340469E-04    0.358553E-04
 4.27717   -0.167352E-04   -0.337209E-04    0.351824E-04
 4.29520   -0.169203E-04   -0.333993E-04    0.345162E-04
 4.31323   -0.170984E-04   -0.330825E-04    0.338565E-04
 4.33125   -0.172694E-04   -0.327703E-04    0.332036E-04
 4.34928   -0.174333E-04   -0.324627E-04    0.325573E-04
 4.36730   -0.175901E-04   -0.321597E-04    0.319176E-04
 4.38533   -0.177398E-04   -0.318612E-04    0.312845E-04
 4.40336   -0.178825E-04   -0.315674E-04    0.306581E-04
 4.42138   -0.180182E-04   -0.312781E-04    0.300383E-04
 4.43941   -0.181469E-04   -0.309933E-04    0.294250E-04
 4.45743   -0.182688E-04   -0.307131E-04    0.288182E-04
 4.47546   -0.183839E-04   -0.304373E-04    0.282179E-04
 4.49349   -0.184923E-04   -0.301658E-04    0.276241E-04
 4.51151   -0.185941E-04   -0.298987E-04    0.270368E-04
 4.52954   -0.186895E-04   -0.296359E-04    0.264558E-04
 4.54757   -0.187784E-04   -0.293772E-04    0.258808E-04
 4.56559   -0.188612E-04   -0.291230E-04    0.253122E-04
 4.58362   -0.189378E-04   -0.288727E-04    0.247498E-04
 4.60164   -0.190085E-04   -0.286264E-04    0.241935E-04
 4.61967   -0.190731E-04   -0.283841E-04    0.236432E-04
 4.63770   -0.191323E-04   -0.281457E-04    0.230990E-04
 4.65572   -0.191859E-04   -0.279111E-04    0.225606E-04
 4.67375   -0.192341E-04   -0.276802E-04    0.220280E-04
 4.69177   -0.192771E-04   -0.274530E-04    0.215013E-04
 4.70980   -0.193149E-04   -0.272293E-04    0.209803E-04
 4.72783   -0.193478E-04   -0.270090E-04    0.204649E-04
 4.74585   -0.193760E-04   -0.267922E-04    0.199550E-04
 4.76388   -0.193995E-04   -0.265787E-04    0.194506E-04
 4.78190   -0.194186E-04   -0.263685E-04    0.189517E-04
 4.79993   -0.194333E-04   -0.261614E-04    0.184581E-04
 4.81796   -0.194440E-04   -0.259574E-04    0.179697E-04
 4.83598   -0.194507E-04   -0.257563E-04    0.174867E-04
 4.85401   -0.194534E-04   -0.255583E-04    0.170086E-04
 4.87203   -0.194525E-04   -0.253630E-04    0.165357E-04
 4.89006   -0.194481E-04   -0.251706E-04    0.160678E-04
 4.90809   -0.194401E-04   -0.249808E-04    0.156047E-04
 4.92611   -0.194290E-04   -0.247936E-04    0.151465E-04
 4.94414   -0.194147E-04   -0.246090E-04    0.146931E-04
 4.96216   -0.193973E-04   -0.244269E-04    0.142444E-04
 4.98019   -0.193771E-04   -0.242471E-04    0.138003E-04
 4.99822   -0.193542E-04   -0.240697E-04    0.133609E-04
 5.01624   -0.193287E-04   -0.238946E-04    0.129260E-04
 5.03427   -0.193006E-04   -0.237217E-04    0.124955E-04
 5.05229   -0.192701E-04   -0.235510E-04    0.120695E-04
 5.07032   -0.192373E-04   -0.233823E-04    0.116478E-04
 5.08835   -0.192024E-04   -0.232157E-04    0.112304E-04
 5.10637   -0.191655E-04   -0.230511E-04    0.108172E-04
 5.12440   -0.191265E-04   -0.228884E-04    0.104082E-04
 5.14242   -0.190857E-04   -0.227276E-04    0.100033E-04
 5.16045   -0.190431E-04   -0.225685E-04    0.960245E-05
 5.17848   -0.189988E-04   -0.224113E-04    0.920565E-05
 5.19650   -0.189529E-04   -0.222558E-04    0.881289E-05
 5.21453   -0.189055E-04   -0.221019E-04    0.842402E-05
 5.23256   -0.188567E-04   -0.219497E-04    0.803903E-05
 5.25058   -0.188065E-04   -0.217991E-04    0.765776E-05
 5.26861   -0.187551E-04   -0.216500E-04    0.728023E-05
 5.28663   -0.187025E-04   -0.215025E-04    0.690654E-05
 5.30466   -0.186487E-04   -0.213564E-04    0.653656E-05
 5.32269   -0.185938E-04   -0.212118E-04    0.617024E-05
 5.34071   -0.185380E-04   -0.210685E-04    0.580762E-05
 5.35874   -0.184811E-04   -0.209266E-04    0.544841E-05
 5.37676   -0.184235E-04   -0.207860E-04    0.509284E-05
 5.39479   -0.183649E-04   -0.206467E-04    0.474081E-05
 5.41282   -0.183057E-04   -0.205087E-04    0.439228E-05
 5.43084   -0.182457E-04   -0.203719E-04    0.404709E-05
 5.44887   -0.181851E-04   -0.202364E-04    0.370535E-05
 5.46689   -0.181237E-04   -0.201020E-04    0.336702E-05
 5.48492   -0.180618E-04   -0.199688E-04    0.303201E-05
 5.50295   -0.179993E-04   -0.198367E-04    0.270030E-05
 5.52097   -0.179365E-04   -0.197057E-04    0.237188E-05
 5.53900   -0.178732E-04   -0.195758E-04    0.204670E-05
 5.55702   -0.178094E-04   -0.194469E-04    0.172474E-05
 5.57505   -0.177452E-04   -0.193191E-04    0.140596E-05
 5.59308   -0.176807E-04   -0.191923E-04    0.109033E-05
 5.61110   -0.176158E-04   -0.190665E-04    0.777829E-06
 5.62913   -0.175507E-04   -0.189417E-04    0.468428E-06
 5.64715   -0.174854E-04   -0.188178E-04    0.162075E-06
 5.66518   -0.174197E-04   -0.186949E-04   -0.141215E-06
 5.68321   -0.173540E-04   -0.185729E-04   -0.441511E-06
 5.70123   -0.172880E-04   -0.184517E-04   -0.738824E-06
 5.71926   -0.172219E-04   -0.183315E-04   -0.103318E-05
 5.73728   -0.171556E-04   -0.182122E-04   -0.132461E-05
 5.75531   -0.170892E-04   -0.180937E-04   -0.161314E-05
 5.77334   -0.170228E-04   -0.179759E-04   -0.189879E-05
 5.79136   -0.169563E-04   -0.178592E-04   -0.218158E-05
 5.80939   -0.168898E-04   -0.177432E-04   -0.246154E-05
 5.82741   -0.168232E-04   -0.176280E-04   -0.273867E-05
 5.84544   -0.167567E-04   -0.175136E-04   -0.301303E-05
 5.86347   -0.166901E-04   -0.174000E-04   -0.328461E-05
 5.88149   -0.166235E-04   -0.172871E-04   -0.355347E-05
 5.89952   -0.165570E-04   -0.171750E-04   -0.381961E-05
 5.91755   -0.164906E-04   -0.170637E-04   -0.408305E-05
 5.93557   -0.164242E-04   -0.169531E-04   -0.434363E-05
 5.95360   -0.163579E-04   -0.168431E-04   -0.460194E-05
 5.97162   -0.162916E-04   -0.167341E-04   -0.485740E-05
 5.98965   -0.162255E-04   -0.166256E-04   -0.511024E-05
 6.00768   -0.161594E-04   -0.165179E-04   -0.536047E-05
 6.02570   -0.160935E-04   -0.164108E-04   -0.560813E-05
 6.04373   -0.160276E-04   -0.163045E-04   -0.585323E-05
 6.06175   -0.159619E-04   -0.161988E-04   -0.609578E-05
 6.07978   -0.158964E-04   -0.160938E-04   -0.633582E-05
 6.09781   -0.158310E-04   -0.159895E-04   -0.657335E-05
 6.11583   -0.157657E-04   -0.158858E-04   -0.680840E-05
 6.13386   -0.157006E-04   -0.157828E-04   -0.704099E-05
 6.15188   -0.156357E-04   -0.156804E-04   -0.727109E-05
 6.16991   -0.155708E-04   -0.155786E-04   -0.749881E-05
 6.18794   -0.155063E-04   -0.154775E-04   -0.772325E-05
 6.20596   -0.154418E-04   -0.153771E-04   -0.794704E-05
 6.22399   -0.153775E-04   -0.152772E-04   -0.816763E-05
 6.24201   -0.153134E-04   -0.151780E-04   -0.838583E-05
 6.26004   -0.152495E-04   -0.150794E-04   -0.860169E-05
 6.27807   -0.151858E-04   -0.149814E-04   -0.881524E-05
 6.29609   -0.151222E-04   -0.148840E-04   -0.902648E-05
 6.31412   -0.150588E-04   -0.147872E-04   -0.923545E-05
 6.33214   -0.149957E-04   -0.146910E-04   -0.944215E-05
 6.35017   -0.149327E-04   -0.145953E-04   -0.964654E-05
 6.36820   -0.148699E-04   -0.145003E-04   -0.984880E-05
 6.38622   -0.148073E-04   -0.144059E-04   -0.100488E-04
 6.40425   -0.147449E-04   -0.143120E-04   -0.102466E-04
 6.42227   -0.146828E-04   -0.142186E-04   -0.104422E-04
 6.44030   -0.146209E-04   -0.141260E-04   -0.106356E-04
 6.45833   -0.145591E-04   -0.140338E-04   -0.108268E-04
 6.47635   -0.144976E-04   -0.139422E-04   -0.110159E-04
 6.49438   -0.144363E-04   -0.138511E-04   -0.112029E-04
 6.51240   -0.143751E-04   -0.137606E-04   -0.113877E-04
 6.53043   -0.143142E-04   -0.136707E-04   -0.115705E-04
 6.54846   -0.142535E-04   -0.135813E-04   -0.117512E-04
 6.56648   -0.141931E-04   -0.134924E-04   -0.119298E-04
 6.58451   -0.141328E-04   -0.134040E-04   -0.121063E-04
 6.60254   -0.140728E-04   -0.133162E-04   -0.122807E-04
 6.62056   -0.140130E-04   -0.132289E-04   -0.124531E-04
 6.63859   -0.139535E-04   -0.131422E-04   -0.126236E-04
 6.65661   -0.138941E-04   -0.130559E-04   -0.127919E-04
 6.67464   -0.138350E-04   -0.129702E-04   -0.129584E-04
 6.69267   -0.137761E-04   -0.128849E-04   -0.131228E-04
 6.71069   -0.137175E-04   -0.128002E-04   -0.132852E-04
 6.72872   -0.136591E-04   -0.127160E-04   -0.134457E-04
 6.74674   -0.136009E-04   -0.126322E-04   -0.136043E-04
 6.76477   -0.135430E-04   -0.125490E-04   -0.137610E-04
 6.78280   -0.134853E-04   -0.124663E-04   -0.139158E-04
 6.80082   -0.134279E-04   -0.123839E-04   -0.140686E-04
 6.81885   -0.133707E-04   -0.123022E-04   -0.142196E-04
 6.83687   -0.133137E-04   -0.122209E-04   -0.143688E-04
 6.85490   -0.132571E-04   -0.121401E-04   -0.145161E-04
 6.87293   -0.132007E-04   -0.120597E-04   -0.146616E-04
 6.89095   -0.131445E-04   -0.119798E-04   -0.148052E-04
 6.90898   -0.130886E-04   -0.119004E-04   -0.149471E-04
 6.92700   -0.130330E-04   -0.118214E-04   -0.150871E-04
 6.94503   -0.129776E-04   -0.117429E-04   -0.152254E-04
 6.96306   -0.129224E-04   -0.116648E-04   -0.153620E-04
 6.98108   -0.128675E-04   -0.115872E-04   -0.154968E-04
 6.99911   -0.128129E-04   -0.115100E-04   -0.156298E-04
 7.01713   -0.127585E-04   -0.114332E-04   -0.157612E-04
 7.03516   -0.127044E-04   -0.113569E-04   -0.158909E-04
 7.05319   -0.126506E-04   -0.112810E-04   -0.160189E-04
 7.07121   -0.125970E-04   -0.112056E-04   -0.161452E-04
 7.08924   -0.125437E-04   -0.111306E-04   -0.162697E-04
 7.10726   -0.124906E-04   -0.110560E-04   -0.163927E-04
 7.12529   -0.124378E-04   -0.109819E-04   -0.165141E-04
 7.14332   -0.123853E-04   -0.109081E-04   -0.166339E-04
 7.16134   -0.123330E-04   -0.108348E-04   -0.167520E-04
 7.17937   -0.122810E-04   -0.107619E-04   -0.168685E-04
 7.19739   -0.122292E-04   -0.106894E-04   -0.169834E-04
 7.21542   -0.121778E-04   -0.106173E-04   -0.170967E-04
 7.23345   -0.121265E-04   -0.105456E-04   -0.172085E-04
 7.25147   -0.120756E-04   -0.104743E-04   -0.173188E-04
 7.26950   -0.120249E-04   -0.104035E-04   -0.174274E-04
 7.28753   -0.119744E-04   -0.103330E-04   -0.175346E-04
 7.30555   -0.119242E-04   -0.102629E-04   -0.176402E-04
 7.32358   -0.118742E-04   -0.101932E-04   -0.177444E-04
 7.34160   -0.118245E-04   -0.101239E-04   -0.178470E-04
 7.35963   -0.117751E-04   -0.100550E-04   -0.179482E-04
 7.37766   -0.117259E-04   -0.998652E-05   -0.180478E-04
 7.39568   -0.116769E-04   -0.991842E-05   -0.181461E-04
 7.41371   -0.116282E-04   -0.985077E-05   -0.182429E-04
 7.43173   -0.115797E-04   -0.978339E-05   -0.183382E-04
 7.44976   -0.115315E-04   -0.971644E-05   -0.184321E-04
 7.46779   -0.114835E-04   -0.964987E-05   -0.185246E-04
 7.48581   -0.114358E-04   -0.958368E-05   -0.186157E-04
 7.50384   -0.113883E-04   -0.951788E-05   -0.187054E-04
 7.52186   -0.113410E-04   -0.945245E-05   -0.187937E-04
 7.53989   -0.112939E-04   -0.938740E-05   -0.188806E-04
 7.55792   -0.112471E-04   -0.932273E-05   -0.189662E-04
 7.57594   -0.112006E-04   -0.925842E-05   -0.190504E-04
 7.59397   -0.111542E-04   -0.919465E-05   -0.191333E-04
 7.61199   -0.111080E-04   -0.913092E-05   -0.192148E-04
 7.63002   -0.110621E-04   -0.906776E-05   -0.192951E-04
 7.64805   -0.110164E-04   -0.900489E-05   -0.193740E-04
 7.66607   -0.109709E-04   -0.894243E-05   -0.194516E-04
 7.68410   -0.109256E-04   -0.888032E-05   -0.195279E-04
 7.70212   -0.108806E-04   -0.881858E-05   -0.196030E-04
 7.72015   -0.108357E-04   -0.875720E-05   -0.196767E-04
 7.73818   -0.107911E-04   -0.869618E-05   -0.197493E-04
 7.75620   -0.107467E-04   -0.863551E-05   -0.198205E-04
 7.77423   -0.107025E-04   -0.857520E-05   -0.198906E-04
 7.79225   -0.106584E-04   -0.851524E-05   -0.199594E-04
 7.81028   -0.106147E-04   -0.845564E-05   -0.200269E-04
 7.82831   -0.105710E-04   -0.839639E-05   -0.200933E-04
 7.84633   -0.105276E-04   -0.833749E-05   -0.201585E-04
 7.86436   -0.104844E-04   -0.827893E-05   -0.202225E-04
 7.88238   -0.104414E-04   -0.822077E-05   -0.202853E-04
 7.90041   -0.103986E-04   -0.816290E-05   -0.203469E-04
 7.91844   -0.103560E-04   -0.810537E-05   -0.204074E-04
 7.93646   -0.103135E-04   -0.804813E-05   -0.204667E-04
 7.95449   -0.102713E-04   -0.799128E-05   -0.205249E-04
 7.97252   -0.102293E-04   -0.793477E-05   -0.205820E-04
 7.99054   -0.101874E-04   -0.787859E-05   -0.206379E-04
 8.00857   -0.101458E-04   -0.782275E-05   -0.206927E-04
 8.02659   -0.101043E-04   -0.776729E-05   -0.207465E-04
 8.04462   -0.100630E-04   -0.771210E-05   -0.207991E-04
 8.06265   -0.100219E-04   -0.765720E-05   -0.208506E-04
 8.08067   -0.998099E-05   -0.760266E-05   -0.209011E-04
 8.09870   -0.994024E-05   -0.754851E-05   -0.209505E-04
 8.11672   -0.989973E-05   -0.749462E-05   -0.209988E-04
 8.13475   -0.985938E-05   -0.744105E-05   -0.210461E-04
 8.15278   -0.981921E-05   -0.738780E-05   -0.210924E-04
 8.17080   -0.977922E-05   -0.733481E-05   -0.211376E-04
 8.18883   -0.973941E-05   -0.728219E-05   -0.211818E-04
 8.20685   -0.969979E-05   -0.722987E-05   -0.212250E-04
 8.22488   -0.966034E-05   -0.717793E-05   -0.212672E-04
 8.24291   -0.962107E-05   -0.712624E-05   -0.213084E-04
 8.26093   -0.958200E-05   -0.707485E-05   -0.213487E-04
 8.27896   -0.954311E-05   -0.702377E-05   -0.213879E-04
 8.29698   -0.950438E-05   -0.697299E-05   -0.214262E-04
 8.31501   -0.946585E-05   -0.692251E-05   -0.214635E-04
 8.33304   -0.942749E-05   -0.687232E-05   -0.214999E-04
 8.35106   -0.938929E-05   -0.682244E-05   -0.215354E-04
 8.36909   -0.935130E-05   -0.677284E-05   -0.215699E-04
 8.38711   -0.931347E-05   -0.672353E-05   -0.216035E-04
 8.40514   -0.927583E-05   -0.667447E-05   -0.216362E-04
 8.42317   -0.923837E-05   -0.662574E-05   -0.216680E-04
 8.44119   -0.920109E-05   -0.657731E-05   -0.216988E-04
 8.45922   -0.916397E-05   -0.652915E-05   -0.217288E-04
 8.47724   -0.912705E-05   -0.648129E-05   -0.217580E-04
 8.49527   -0.909028E-05   -0.643372E-05   -0.217862E-04
 8.51330   -0.905369E-05   -0.638641E-05   -0.218136E-04
 8.53132   -0.901729E-05   -0.633935E-05   -0.218401E-04
 8.54935   -0.898106E-05   -0.629260E-05   -0.218658E-04
 8.56737   -0.894500E-05   -0.624612E-05   -0.218906E-04
 8.58540   -0.890910E-05   -0.619990E-05   -0.219146E-04
 8.60343   -0.887340E-05   -0.615396E-05   -0.219378E-04
 8.62145   -0.883786E-05   -0.610828E-05   -0.219602E-04
 8.63948   -0.880250E-05   -0.606288E-05   -0.219817E-04
 8.65751   -0.876731E-05   -0.601774E-05   -0.220025E-04
 8.67553   -0.873230E-05   -0.597285E-05   -0.220225E-04
 8.69356   -0.869746E-05   -0.592823E-05   -0.220416E-04
 8.71158   -0.866275E-05   -0.588388E-05   -0.220600E-04
 8.72961   -0.862829E-05   -0.583977E-05   -0.220777E-04
 8.74764   -0.859395E-05   -0.579593E-05   -0.220946E-04
 8.76566   -0.855970E-05   -0.575235E-05   -0.221107E-04
 8.78369   -0.852578E-05   -0.570902E-05   -0.221260E-04
 8.80171   -0.849197E-05   -0.566593E-05   -0.221407E-04
 8.81974   -0.845830E-05   -0.562311E-05   -0.221545E-04
 8.83777   -0.842481E-05   -0.558053E-05   -0.221677E-04
 8.85579   -0.839149E-05   -0.553821E-05   -0.221802E-04
 8.87382   -0.835833E-05   -0.549610E-05   -0.221919E-04
 8.89184   -0.832534E-05   -0.545435E-05   -0.222029E-04
 8.90987   -0.829251E-05   -0.541267E-05   -0.222133E-04
 8.92790   -0.825983E-05   -0.537131E-05   -0.222229E-04
 8.94592   -0.822733E-05   -0.533019E-05   -0.222319E-04
 8.96395   -0.819499E-05   -0.528932E-05   -0.222401E-04
 8.98197   -0.816281E-05   -0.524868E-05   -0.222478E-04
 9.00000   -0.813080E-05   -0.520828E-05   -0.222547E-04
