 0.00500    0.455148E-01   -0.220629E-01    0.159349E-01
 0.02303    0.363727E-01   -0.174931E-01    0.125089E-01
 0.04105    0.311510E-01   -0.148840E-01    0.105551E-01
 0.05908    0.274084E-01   -0.130153E-01    0.915771E-02
 0.07710    0.244978E-01   -0.115632E-01    0.807362E-02
 0.09513    0.221308E-01   -0.103834E-01    0.719456E-02
 0.11316    0.201502E-01   -0.939716E-02    0.646128E-02
 0.13118    0.184594E-01   -0.855617E-02    0.583738E-02
 0.14921    0.169944E-01   -0.782837E-02    0.529876E-02
 0.16723    0.157101E-01   -0.719115E-02    0.482841E-02
 0.18526    0.145738E-01   -0.662811E-02    0.441394E-02
 0.20329    0.135606E-01   -0.612683E-02    0.404599E-02
 0.22131    0.126514E-01   -0.567767E-02    0.371730E-02
 0.23934    0.118311E-01   -0.527307E-02    0.342213E-02
 0.25736    0.110874E-01   -0.490686E-02    0.315584E-02
 0.27539    0.104103E-01   -0.457405E-02    0.291465E-02
 0.29342    0.979161E-02   -0.427049E-02    0.269543E-02
 0.31144    0.922440E-02   -0.399275E-02    0.249556E-02
 0.32947    0.870283E-02   -0.373781E-02    0.231283E-02
 0.34749    0.822188E-02   -0.350323E-02    0.214533E-02
 0.36552    0.777732E-02   -0.328686E-02    0.199145E-02
 0.38355    0.736545E-02   -0.308683E-02    0.184978E-02
 0.40157    0.698306E-02   -0.290154E-02    0.171912E-02
 0.41960    0.662733E-02   -0.272957E-02    0.159837E-02
 0.43763    0.629582E-02   -0.256970E-02    0.148663E-02
 0.45565    0.598632E-02   -0.242081E-02    0.138304E-02
 0.47368    0.569692E-02   -0.228194E-02    0.128689E-02
 0.49170    0.542590E-02   -0.215223E-02    0.119753E-02
 0.50973    0.517174E-02   -0.203092E-02    0.111436E-02
 0.52776    0.493307E-02   -0.191731E-02    0.103689E-02
 0.54578    0.470864E-02   -0.181079E-02    0.964630E-03
 0.56381    0.449736E-02   -0.171079E-02    0.897170E-03
 0.58183    0.429823E-02   -0.161684E-02    0.834134E-03
 0.59986    0.411037E-02   -0.152846E-02    0.775183E-03
 0.61789    0.393293E-02   -0.144524E-02    0.720004E-03
 0.63591    0.376517E-02   -0.136682E-02    0.668317E-03
 0.65394    0.360640E-02   -0.129285E-02    0.619865E-03
 0.67196    0.345603E-02   -0.122303E-02    0.574418E-03
 0.68999    0.331349E-02   -0.115706E-02    0.531762E-03
 0.70802    0.317824E-02   -0.109469E-02    0.491704E-03
 0.72604    0.304982E-02   -0.103569E-02    0.454064E-03
 0.74407    0.292780E-02   -0.979821E-03    0.418680E-03
 0.76209    0.281177E-02   -0.926900E-03    0.385402E-03
 0.78012    0.270136E-02   -0.876736E-03    0.354091E-03
 0.79815    0.259623E-02   -0.829158E-03    0.324621E-03
 0.81617    0.249607E-02   -0.784008E-03    0.296874E-03
 0.83420    0.240058E-02   -0.741139E-03    0.270742E-03
 0.85222    0.230949E-02   -0.700417E-03    0.246123E-03
 0.87025    0.222255E-02   -0.661715E-03    0.222924E-03
 0.88828    0.213952E-02   -0.624918E-03    0.201059E-03
 0.90630    0.206019E-02   -0.589917E-03    0.180447E-03
 0.92433    0.198436E-02   -0.556612E-03    0.161015E-03
 0.94235    0.191185E-02   -0.524909E-03    0.142695E-03
 0.96038    0.184246E-02   -0.494721E-03    0.125420E-03
 0.97841    0.177604E-02   -0.465963E-03    0.109131E-03
 0.99643    0.171244E-02   -0.438561E-03    0.937696E-04
 1.01446    0.165150E-02   -0.412440E-03    0.792846E-04
 1.03248    0.159310E-02   -0.387536E-03    0.656265E-04
 1.05051    0.153710E-02   -0.363785E-03    0.527500E-04
 1.06854    0.148340E-02   -0.341129E-03    0.406119E-04
 1.08656    0.143187E-02   -0.319512E-03    0.291723E-04
 1.10459    0.138242E-02   -0.298883E-03    0.183931E-04
 1.12262    0.133494E-02   -0.279192E-03    0.823868E-05
 1.14064    0.128934E-02   -0.260392E-03   -0.132448E-05
 1.15867    0.124553E-02   -0.242441E-03   -0.103276E-04
 1.17669    0.120343E-02   -0.225298E-03   -0.188002E-04
 1.19472    0.116296E-02   -0.208923E-03   -0.267700E-04
 1.21275    0.112412E-02   -0.193281E-03   -0.342634E-04
 1.23077    0.108663E-02   -0.178338E-03   -0.413048E-04
 1.24880    0.105062E-02   -0.164059E-03   -0.479181E-04
 1.26682    0.101598E-02   -0.150415E-03   -0.541251E-04
 1.28485    0.982633E-03   -0.137377E-03   -0.599465E-04
 1.30288    0.950530E-03   -0.124917E-03   -0.654018E-04
 1.32090    0.919618E-03   -0.113009E-03   -0.705090E-04
 1.33893    0.889846E-03   -0.101629E-03   -0.752858E-04
 1.35695    0.861167E-03   -0.907533E-04   -0.797487E-04
 1.37498    0.833535E-03   -0.803595E-04   -0.839132E-04
 1.39301    0.806906E-03   -0.704272E-04   -0.877942E-04
 1.41103    0.781240E-03   -0.609356E-04   -0.914057E-04
 1.42906    0.756498E-03   -0.518663E-04   -0.947609E-04
 1.44708    0.732643E-03   -0.432013E-04   -0.978723E-04
 1.46511    0.709640E-03   -0.349238E-04   -0.100751E-03
 1.48314    0.687457E-03   -0.270177E-04   -0.103409E-03
 1.50116    0.666062E-03   -0.194680E-04   -0.105857E-03
 1.51919    0.645426E-03   -0.122599E-04   -0.108103E-03
 1.53721    0.625519E-03   -0.537989E-05   -0.110159E-03
 1.55524    0.606314E-03    0.118510E-05   -0.112032E-03
 1.57327    0.587787E-03    0.744760E-05   -0.113730E-03
 1.59129    0.569912E-03    0.134191E-04   -0.115263E-03
 1.60932    0.552666E-03    0.191106E-04   -0.116637E-03
 1.62734    0.536028E-03    0.245325E-04   -0.117859E-03
 1.64537    0.519978E-03    0.296951E-04   -0.118936E-03
 1.66340    0.504495E-03    0.346076E-04   -0.119874E-03
 1.68142    0.489561E-03    0.392780E-04   -0.120679E-03
 1.69945    0.475160E-03    0.437152E-04   -0.121356E-03
 1.71747    0.461273E-03    0.479272E-04   -0.121910E-03
 1.73550    0.447887E-03    0.519208E-04   -0.122345E-03
 1.75353    0.434987E-03    0.557029E-04   -0.122667E-03
 1.77155    0.422558E-03    0.592796E-04   -0.122880E-03
 1.78958    0.410591E-03    0.626568E-04   -0.122986E-03
 1.80761    0.399071E-03    0.658398E-04   -0.122989E-03
 1.82563    0.387990E-03    0.688336E-04   -0.122893E-03
 1.84366    0.377337E-03    0.716426E-04   -0.122699E-03
 1.86168    0.367103E-03    0.742710E-04   -0.122410E-03
 1.87971    0.357278E-03    0.767229E-04   -0.122028E-03
 1.89774    0.347857E-03    0.790017E-04   -0.121557E-03
 1.91576    0.338831E-03    0.811106E-04   -0.120996E-03
 1.93379    0.330192E-03    0.830527E-04   -0.120348E-03
 1.95181    0.321935E-03    0.848313E-04   -0.119614E-03
 1.96984    0.314055E-03    0.864484E-04   -0.118797E-03
 1.98787    0.306543E-03    0.879070E-04   -0.117896E-03
 2.00589    0.299396E-03    0.892092E-04   -0.116913E-03
 2.02392    0.292607E-03    0.903578E-04   -0.115850E-03
 2.04194    0.286171E-03    0.913552E-04   -0.114707E-03
 2.05997    0.280082E-03    0.922043E-04   -0.113487E-03
 2.07800    0.274332E-03    0.929076E-04   -0.112190E-03
 2.09602    0.268915E-03    0.934684E-04   -0.110818E-03
 2.11405    0.263824E-03    0.938900E-04   -0.109373E-03
 2.13207    0.259050E-03    0.941764E-04   -0.107858E-03
 2.15010    0.254585E-03    0.943317E-04   -0.106275E-03
 2.16813    0.250417E-03    0.943603E-04   -0.104627E-03
 2.18615    0.246536E-03    0.942684E-04   -0.102917E-03
 2.20418    0.242928E-03    0.940612E-04   -0.101149E-03
 2.22220    0.239581E-03    0.937456E-04   -0.993283E-04
 2.24023    0.236477E-03    0.933290E-04   -0.974587E-04
 2.25826    0.233599E-03    0.928197E-04   -0.955460E-04
 2.27628    0.230931E-03    0.922265E-04   -0.935964E-04
 2.29431    0.228451E-03    0.915590E-04   -0.916163E-04
 2.31233    0.226138E-03    0.908276E-04   -0.896130E-04
 2.33036    0.223967E-03    0.900433E-04   -0.875942E-04
 2.34839    0.221918E-03    0.892183E-04   -0.855679E-04
 2.36641    0.219962E-03    0.883644E-04   -0.835427E-04
 2.38444    0.218073E-03    0.874945E-04   -0.815277E-04
 2.40246    0.216227E-03    0.866217E-04   -0.795320E-04
 2.42049    0.214394E-03    0.857593E-04   -0.775649E-04
 2.43852    0.212546E-03    0.849208E-04   -0.756362E-04
 2.45654    0.210657E-03    0.841197E-04   -0.737549E-04
 2.47457    0.208698E-03    0.833696E-04   -0.719309E-04
 2.49260    0.206641E-03    0.826832E-04   -0.701731E-04
 2.51062    0.204465E-03    0.820730E-04   -0.684903E-04
 2.52865    0.202141E-03    0.815511E-04   -0.668911E-04
 2.54667    0.199648E-03    0.811282E-04   -0.653830E-04
 2.56470    0.196966E-03    0.808145E-04   -0.639729E-04
 2.58273    0.194075E-03    0.806191E-04   -0.626673E-04
 2.60075    0.190960E-03    0.805498E-04   -0.614714E-04
 2.61878    0.187606E-03    0.806131E-04   -0.603899E-04
 2.63680    0.184002E-03    0.808142E-04   -0.594260E-04
 2.65483    0.180141E-03    0.811570E-04   -0.585823E-04
 2.67286    0.176018E-03    0.816435E-04   -0.578600E-04
 2.69088    0.171630E-03    0.822742E-04   -0.572592E-04
 2.70891    0.166980E-03    0.830486E-04   -0.567790E-04
 2.72693    0.162072E-03    0.839640E-04   -0.564173E-04
 2.74496    0.156912E-03    0.850170E-04   -0.561712E-04
 2.76299    0.151510E-03    0.862026E-04   -0.560366E-04
 2.78101    0.145879E-03    0.875146E-04   -0.560088E-04
 2.79904    0.140033E-03    0.889451E-04   -0.560818E-04
 2.81706    0.133990E-03    0.904857E-04   -0.562490E-04
 2.83509    0.127768E-03    0.921266E-04   -0.565031E-04
 2.85312    0.121389E-03    0.938573E-04   -0.568362E-04
 2.87114    0.114874E-03    0.956672E-04   -0.572400E-04
 2.88917    0.108246E-03    0.975447E-04   -0.577059E-04
 2.90719    0.101527E-03    0.994780E-04   -0.582262E-04
 2.92522    0.947427E-04    0.101456E-03   -0.587898E-04
 2.94325    0.879164E-04    0.103465E-03   -0.593877E-04
 2.96127    0.810721E-04    0.105494E-03   -0.600133E-04
 2.97930    0.742334E-04    0.107532E-03   -0.606566E-04
 2.99732    0.674231E-04    0.109566E-03   -0.613092E-04
 3.01535    0.606628E-04    0.111586E-03   -0.619628E-04
 3.03338    0.539741E-04    0.113582E-03   -0.626099E-04
 3.05140    0.473759E-04    0.115544E-03   -0.632431E-04
 3.06943    0.408863E-04    0.117462E-03   -0.638557E-04
 3.08745    0.345224E-04    0.119329E-03   -0.644416E-04
 3.10548    0.282990E-04    0.121136E-03   -0.649954E-04
 3.12351    0.222299E-04    0.122878E-03   -0.655119E-04
 3.14153    0.163274E-04    0.124547E-03   -0.659868E-04
 3.15956    0.106019E-04    0.126140E-03   -0.664163E-04
 3.17759    0.506253E-05    0.127651E-03   -0.667969E-04
 3.19561   -0.283409E-06    0.129076E-03   -0.671261E-04
 3.21364   -0.543020E-05    0.130414E-03   -0.674016E-04
 3.23166   -0.103736E-04    0.131661E-03   -0.676220E-04
 3.24969   -0.151108E-04    0.132816E-03   -0.677864E-04
 3.26772   -0.196399E-04    0.133879E-03   -0.678940E-04
 3.28574   -0.239607E-04    0.134849E-03   -0.679452E-04
 3.30377   -0.280733E-04    0.135726E-03   -0.679393E-04
 3.32179   -0.319793E-04    0.136512E-03   -0.678774E-04
 3.33982   -0.356812E-04    0.137207E-03   -0.677603E-04
 3.35785   -0.391814E-04    0.137812E-03   -0.675890E-04
 3.37587   -0.424847E-04    0.138331E-03   -0.673651E-04
 3.39390   -0.455954E-04    0.138765E-03   -0.670902E-04
 3.41192   -0.485184E-04    0.139116E-03   -0.667661E-04
 3.42995   -0.512593E-04    0.139387E-03   -0.663947E-04
 3.44798   -0.538240E-04    0.139582E-03   -0.659782E-04
 3.46600   -0.562184E-04    0.139703E-03   -0.655187E-04
 3.48403   -0.584485E-04    0.139752E-03   -0.650184E-04
 3.50205   -0.605210E-04    0.139734E-03   -0.644796E-04
 3.52008   -0.624420E-04    0.139652E-03   -0.639046E-04
 3.53811   -0.642183E-04    0.139508E-03   -0.632957E-04
 3.55613   -0.658563E-04    0.139305E-03   -0.626550E-04
 3.57416   -0.673624E-04    0.139048E-03   -0.619850E-04
 3.59218   -0.687431E-04    0.138739E-03   -0.612876E-04
 3.61021   -0.700045E-04    0.138380E-03   -0.605653E-04
 3.62824   -0.711528E-04    0.137976E-03   -0.598200E-04
 3.64626   -0.721939E-04    0.137529E-03   -0.590538E-04
 3.66429   -0.731337E-04    0.137042E-03   -0.582686E-04
 3.68231   -0.739776E-04    0.136517E-03   -0.574664E-04
 3.70034   -0.747310E-04    0.135957E-03   -0.566491E-04
 3.71837   -0.753991E-04    0.135364E-03   -0.558182E-04
 3.73639   -0.759868E-04    0.134742E-03   -0.549753E-04
 3.75442   -0.764988E-04    0.134091E-03   -0.541222E-04
 3.77244   -0.769399E-04    0.133415E-03   -0.532601E-04
 3.79047   -0.773141E-04    0.132716E-03   -0.523906E-04
 3.80850   -0.776257E-04    0.131995E-03   -0.515150E-04
 3.82652   -0.778787E-04    0.131254E-03   -0.506346E-04
 3.84455   -0.780766E-04    0.130495E-03   -0.497504E-04
 3.86258   -0.782230E-04    0.129720E-03   -0.488636E-04
 3.88060   -0.783212E-04    0.128930E-03   -0.479752E-04
 3.89863   -0.783743E-04    0.128126E-03   -0.470861E-04
 3.91665   -0.783853E-04    0.127311E-03   -0.461972E-04
 3.93468   -0.783568E-04    0.126485E-03   -0.453093E-04
 3.95271   -0.782916E-04    0.125649E-03   -0.444230E-04
 3.97073   -0.781921E-04    0.124806E-03   -0.435392E-04
 3.98876   -0.780606E-04    0.123955E-03   -0.426585E-04
 4.00678   -0.778995E-04    0.123097E-03   -0.417815E-04
 4.02481   -0.777106E-04    0.122234E-03   -0.409087E-04
 4.04284   -0.774959E-04    0.121367E-03   -0.400407E-04
 4.06086   -0.772573E-04    0.120496E-03   -0.391778E-04
 4.07889   -0.769964E-04    0.119623E-03   -0.383206E-04
 4.09691   -0.767148E-04    0.118747E-03   -0.374694E-04
 4.11494   -0.764140E-04    0.117869E-03   -0.366244E-04
 4.13297   -0.760954E-04    0.116990E-03   -0.357861E-04
 4.15099   -0.757603E-04    0.116112E-03   -0.349548E-04
 4.16902   -0.754100E-04    0.115233E-03   -0.341306E-04
 4.18704   -0.750457E-04    0.114355E-03   -0.333138E-04
 4.20507   -0.746684E-04    0.113478E-03   -0.325047E-04
 4.22310   -0.742792E-04    0.112603E-03   -0.317033E-04
 4.24112   -0.738790E-04    0.111729E-03   -0.309099E-04
 4.25915   -0.734688E-04    0.110857E-03   -0.301246E-04
 4.27717   -0.730494E-04    0.109989E-03   -0.293473E-04
 4.29520   -0.726215E-04    0.109123E-03   -0.285783E-04
 4.31323   -0.721860E-04    0.108260E-03   -0.278176E-04
 4.33125   -0.717436E-04    0.107401E-03   -0.270654E-04
 4.34928   -0.712949E-04    0.106546E-03   -0.263217E-04
 4.36730   -0.708405E-04    0.105694E-03   -0.255865E-04
 4.38533   -0.703810E-04    0.104847E-03   -0.248600E-04
 4.40336   -0.699171E-04    0.104004E-03   -0.241421E-04
 4.42138   -0.694491E-04    0.103166E-03   -0.234332E-04
 4.43941   -0.689777E-04    0.102332E-03   -0.227331E-04
 4.45743   -0.685031E-04    0.101504E-03   -0.220422E-04
 4.47546   -0.680259E-04    0.100680E-03   -0.213602E-04
 4.49349   -0.675465E-04    0.998610E-04   -0.206874E-04
 4.51151   -0.670651E-04    0.990475E-04   -0.200237E-04
 4.52954   -0.665823E-04    0.982393E-04   -0.193694E-04
 4.54757   -0.660982E-04    0.974365E-04   -0.187245E-04
 4.56559   -0.656133E-04    0.966392E-04   -0.180890E-04
 4.58362   -0.651279E-04    0.958475E-04   -0.174629E-04
 4.60164   -0.646421E-04    0.950614E-04   -0.168461E-04
 4.61967   -0.641563E-04    0.942810E-04   -0.162386E-04
 4.63770   -0.636708E-04    0.935064E-04   -0.156404E-04
 4.65572   -0.631858E-04    0.927376E-04   -0.150513E-04
 4.67375   -0.627014E-04    0.919746E-04   -0.144711E-04
 4.69177   -0.622180E-04    0.912176E-04   -0.138998E-04
 4.70980   -0.617357E-04    0.904665E-04   -0.133371E-04
 4.72783   -0.612548E-04    0.897213E-04   -0.127829E-04
 4.74585   -0.607754E-04    0.889822E-04   -0.122371E-04
 4.76388   -0.602977E-04    0.882491E-04   -0.116995E-04
 4.78190   -0.598220E-04    0.875221E-04   -0.111698E-04
 4.79993   -0.593483E-04    0.868012E-04   -0.106481E-04
 4.81796   -0.588769E-04    0.860864E-04   -0.101341E-04
 4.83598   -0.584079E-04    0.853778E-04   -0.962776E-05
 4.85401   -0.579415E-04    0.846753E-04   -0.912893E-05
 4.87203   -0.574778E-04    0.839790E-04   -0.863753E-05
 4.89006   -0.570171E-04    0.832889E-04   -0.815356E-05
 4.90809   -0.565593E-04    0.826050E-04   -0.767696E-05
 4.92611   -0.561048E-04    0.819273E-04   -0.720768E-05
 4.94414   -0.556535E-04    0.812559E-04   -0.674569E-05
 4.96216   -0.552057E-04    0.805907E-04   -0.629099E-05
 4.98019   -0.547615E-04    0.799317E-04   -0.584353E-05
 4.99822   -0.543209E-04    0.792791E-04   -0.540332E-05
 5.01624   -0.538840E-04    0.786326E-04   -0.497032E-05
 5.03427   -0.534510E-04    0.779924E-04   -0.454452E-05
 5.05229   -0.530220E-04    0.773584E-04   -0.412587E-05
 5.07032   -0.525970E-04    0.767307E-04   -0.371435E-05
 5.08835   -0.521760E-04    0.761091E-04   -0.330992E-05
 5.10637   -0.517592E-04    0.754938E-04   -0.291251E-05
 5.12440   -0.513466E-04    0.748845E-04   -0.252206E-05
 5.14242   -0.509382E-04    0.742814E-04   -0.213849E-05
 5.16045   -0.505341E-04    0.736845E-04   -0.176175E-05
 5.17848   -0.501342E-04    0.730935E-04   -0.139173E-05
 5.19650   -0.497385E-04    0.725086E-04   -0.102836E-05
 5.21453   -0.493472E-04    0.719296E-04   -0.671550E-06
 5.23256   -0.489601E-04    0.713565E-04   -0.321181E-06
 5.25058   -0.485772E-04    0.707893E-04    0.228236E-07
 5.26861   -0.481985E-04    0.702279E-04    0.360566E-06
 5.28663   -0.478240E-04    0.696721E-04    0.692170E-06
 5.30466   -0.474535E-04    0.691221E-04    0.101774E-05
 5.32269   -0.470870E-04    0.685776E-04    0.133736E-05
 5.34071   -0.467245E-04    0.680386E-04    0.165117E-05
 5.35874   -0.463658E-04    0.675050E-04    0.195926E-05
 5.37676   -0.460108E-04    0.669767E-04    0.226175E-05
 5.39479   -0.456595E-04    0.664536E-04    0.255873E-05
 5.41282   -0.453117E-04    0.659357E-04    0.285033E-05
 5.43084   -0.449673E-04    0.654228E-04    0.313665E-05
 5.44887   -0.446263E-04    0.649149E-04    0.341781E-05
 5.46689   -0.442884E-04    0.644118E-04    0.369385E-05
 5.48492   -0.439536E-04    0.639135E-04    0.396435E-05
 5.50295   -0.436218E-04    0.634199E-04    0.423058E-05
 5.52097   -0.432927E-04    0.629308E-04    0.449212E-05
 5.53900   -0.429665E-04    0.624462E-04    0.474968E-05
 5.55702   -0.426428E-04    0.619660E-04    0.500197E-05
 5.57505   -0.423216E-04    0.614900E-04    0.524987E-05
 5.59308   -0.420028E-04    0.610183E-04    0.549342E-05
 5.61110   -0.416863E-04    0.605507E-04    0.573271E-05
 5.62913   -0.413720E-04    0.600871E-04    0.596784E-05
 5.64715   -0.410597E-04    0.596275E-04    0.619890E-05
 5.66518   -0.407495E-04    0.591717E-04    0.642599E-05
 5.68321   -0.404411E-04    0.587198E-04    0.664918E-05
 5.70123   -0.401346E-04    0.582716E-04    0.686854E-05
 5.71926   -0.398298E-04    0.578270E-04    0.708419E-05
 5.73728   -0.395267E-04    0.573861E-04    0.729617E-05
 5.75531   -0.392252E-04    0.569486E-04    0.750457E-05
 5.77334   -0.389252E-04    0.565147E-04    0.770945E-05
 5.79136   -0.386268E-04    0.560842E-04    0.791088E-05
 5.80939   -0.383298E-04    0.556571E-04    0.810893E-05
 5.82741   -0.380343E-04    0.552333E-04    0.830366E-05
 5.84544   -0.377403E-04    0.548128E-04    0.849511E-05
 5.86347   -0.374477E-04    0.543956E-04    0.868333E-05
 5.88149   -0.371564E-04    0.539816E-04    0.886839E-05
 5.89952   -0.368666E-04    0.535708E-04    0.905031E-05
 5.91755   -0.365782E-04    0.531632E-04    0.922915E-05
 5.93557   -0.362913E-04    0.527588E-04    0.940493E-05
 5.95360   -0.360058E-04    0.523575E-04    0.957775E-05
 5.97162   -0.357217E-04    0.519594E-04    0.974755E-05
 5.98965   -0.354391E-04    0.515643E-04    0.991440E-05
 6.00768   -0.351580E-04    0.511724E-04    0.100783E-04
 6.02570   -0.348785E-04    0.507835E-04    0.102394E-04
 6.04373   -0.346004E-04    0.503977E-04    0.103976E-04
 6.06175   -0.343240E-04    0.500150E-04    0.105530E-04
 6.07978   -0.340491E-04    0.496352E-04    0.107056E-04
 6.09781   -0.337759E-04    0.492585E-04    0.108555E-04
 6.11583   -0.335043E-04    0.488849E-04    0.110026E-04
 6.13386   -0.332344E-04    0.485142E-04    0.111470E-04
 6.15188   -0.329662E-04    0.481466E-04    0.112887E-04
 6.16991   -0.326997E-04    0.477819E-04    0.114278E-04
 6.18794   -0.324350E-04    0.474203E-04    0.115642E-04
 6.20596   -0.321720E-04    0.470616E-04    0.116980E-04
 6.22399   -0.319108E-04    0.467058E-04    0.118293E-04
 6.24201   -0.316515E-04    0.463530E-04    0.119580E-04
 6.26004   -0.313940E-04    0.460032E-04    0.120842E-04
 6.27807   -0.311384E-04    0.456563E-04    0.122078E-04
 6.29609   -0.308847E-04    0.453123E-04    0.123290E-04
 6.31412   -0.306329E-04    0.449712E-04    0.124477E-04
 6.33214   -0.303829E-04    0.446329E-04    0.125641E-04
 6.35017   -0.301350E-04    0.442976E-04    0.126780E-04
 6.36820   -0.298889E-04    0.439651E-04    0.127895E-04
 6.38622   -0.296448E-04    0.436355E-04    0.128987E-04
 6.40425   -0.294027E-04    0.433087E-04    0.130056E-04
 6.42227   -0.291625E-04    0.429847E-04    0.131102E-04
 6.44030   -0.289243E-04    0.426635E-04    0.132126E-04
 6.45833   -0.286881E-04    0.423450E-04    0.133127E-04
 6.47635   -0.284539E-04    0.420294E-04    0.134105E-04
 6.49438   -0.282216E-04    0.417165E-04    0.135062E-04
 6.51240   -0.279913E-04    0.414063E-04    0.135998E-04
 6.53043   -0.277630E-04    0.410988E-04    0.136912E-04
 6.54846   -0.275367E-04    0.407940E-04    0.137805E-04
 6.56648   -0.273123E-04    0.404919E-04    0.138677E-04
 6.58451   -0.270900E-04    0.401924E-04    0.139529E-04
 6.60254   -0.268696E-04    0.398956E-04    0.140360E-04
 6.62056   -0.266511E-04    0.396014E-04    0.141171E-04
 6.63859   -0.264346E-04    0.393097E-04    0.141963E-04
 6.65661   -0.262201E-04    0.390206E-04    0.142735E-04
 6.67464   -0.260076E-04    0.387341E-04    0.143488E-04
 6.69267   -0.257970E-04    0.384502E-04    0.144222E-04
 6.71069   -0.255883E-04    0.381687E-04    0.144937E-04
 6.72872   -0.253816E-04    0.378898E-04    0.145633E-04
 6.74674   -0.251768E-04    0.376133E-04    0.146311E-04
 6.76477   -0.249740E-04    0.373393E-04    0.146972E-04
 6.78280   -0.247730E-04    0.370677E-04    0.147614E-04
 6.80082   -0.245740E-04    0.367986E-04    0.148239E-04
 6.81885   -0.243769E-04    0.365319E-04    0.148846E-04
 6.83687   -0.241818E-04    0.362675E-04    0.149436E-04
 6.85490   -0.239885E-04    0.360056E-04    0.150010E-04
 6.87293   -0.237971E-04    0.357459E-04    0.150566E-04
 6.89095   -0.236076E-04    0.354887E-04    0.151107E-04
 6.90898   -0.234199E-04    0.352337E-04    0.151631E-04
 6.92700   -0.232341E-04    0.349810E-04    0.152139E-04
 6.94503   -0.230502E-04    0.347307E-04    0.152631E-04
 6.96306   -0.228681E-04    0.344825E-04    0.153108E-04
 6.98108   -0.226879E-04    0.342365E-04    0.153570E-04
 6.99911   -0.225094E-04    0.339928E-04    0.154016E-04
 7.01713   -0.223327E-04    0.337513E-04    0.154448E-04
 7.03516   -0.221579E-04    0.335120E-04    0.154865E-04
 7.05319   -0.219848E-04    0.332748E-04    0.155268E-04
 7.07121   -0.218134E-04    0.330398E-04    0.155656E-04
 7.08924   -0.216438E-04    0.328068E-04    0.156031E-04
 7.10726   -0.214758E-04    0.325760E-04    0.156392E-04
 7.12529   -0.213096E-04    0.323472E-04    0.156739E-04
 7.14332   -0.211451E-04    0.321204E-04    0.157073E-04
 7.16134   -0.209822E-04    0.318957E-04    0.157394E-04
 7.17937   -0.208209E-04    0.316730E-04    0.157702E-04
 7.19739   -0.206613E-04    0.314522E-04    0.157998E-04
 7.21542   -0.205033E-04    0.312335E-04    0.158281E-04
 7.23345   -0.203468E-04    0.310166E-04    0.158552E-04
 7.25147   -0.201919E-04    0.308017E-04    0.158811E-04
 7.26950   -0.200386E-04    0.305887E-04    0.159058E-04
 7.28753   -0.198867E-04    0.303775E-04    0.159294E-04
 7.30555   -0.197364E-04    0.301682E-04    0.159518E-04
 7.32358   -0.195876E-04    0.299608E-04    0.159731E-04
 7.34160   -0.194402E-04    0.297551E-04    0.159933E-04
 7.35963   -0.192943E-04    0.295513E-04    0.160124E-04
 7.37766   -0.191499E-04    0.293492E-04    0.160304E-04
 7.39568   -0.190068E-04    0.291489E-04    0.160474E-04
 7.41371   -0.188651E-04    0.289503E-04    0.160634E-04
 7.43173   -0.187249E-04    0.287535E-04    0.160783E-04
 7.44976   -0.185860E-04    0.285583E-04    0.160923E-04
 7.46779   -0.184484E-04    0.283649E-04    0.161053E-04
 7.48581   -0.183122E-04    0.281731E-04    0.161173E-04
 7.50384   -0.181773E-04    0.279829E-04    0.161284E-04
 7.52186   -0.180437E-04    0.277944E-04    0.161386E-04
 7.53989   -0.179114E-04    0.276075E-04    0.161479E-04
 7.55792   -0.177804E-04    0.274223E-04    0.161562E-04
 7.57594   -0.176506E-04    0.272386E-04    0.161637E-04
 7.59397   -0.175221E-04    0.270564E-04    0.161704E-04
 7.61199   -0.173949E-04    0.268758E-04    0.161762E-04
 7.63002   -0.172688E-04    0.266968E-04    0.161811E-04
 7.64805   -0.171440E-04    0.265192E-04    0.161853E-04
 7.66607   -0.170203E-04    0.263432E-04    0.161886E-04
 7.68410   -0.168979E-04    0.261687E-04    0.161912E-04
 7.70212   -0.167766E-04    0.259956E-04    0.161930E-04
 7.72015   -0.166564E-04    0.258240E-04    0.161940E-04
 7.73818   -0.165374E-04    0.256538E-04    0.161943E-04
 7.75620   -0.164196E-04    0.254851E-04    0.161938E-04
 7.77423   -0.163028E-04    0.253178E-04    0.161926E-04
 7.79225   -0.161872E-04    0.251519E-04    0.161907E-04
 7.81028   -0.160727E-04    0.249874E-04    0.161881E-04
 7.82831   -0.159592E-04    0.248243E-04    0.161848E-04
 7.84633   -0.158469E-04    0.246625E-04    0.161809E-04
 7.86436   -0.157356E-04    0.245020E-04    0.161763E-04
 7.88238   -0.156253E-04    0.243430E-04    0.161710E-04
 7.90041   -0.155161E-04    0.241852E-04    0.161651E-04
 7.91844   -0.154079E-04    0.240287E-04    0.161585E-04
 7.93646   -0.153007E-04    0.238736E-04    0.161514E-04
 7.95449   -0.151946E-04    0.237197E-04    0.161436E-04
 7.97252   -0.150894E-04    0.235671E-04    0.161352E-04
 7.99054   -0.149853E-04    0.234158E-04    0.161263E-04
 8.00857   -0.148821E-04    0.232657E-04    0.161168E-04
 8.02659   -0.147799E-04    0.231168E-04    0.161067E-04
 8.04462   -0.146786E-04    0.229692E-04    0.160960E-04
 8.06265   -0.145783E-04    0.228228E-04    0.160848E-04
 8.08067   -0.144789E-04    0.226776E-04    0.160731E-04
 8.09870   -0.143805E-04    0.225336E-04    0.160608E-04
 8.11672   -0.142830E-04    0.223907E-04    0.160481E-04
 8.13475   -0.141865E-04    0.222491E-04    0.160348E-04
 8.15278   -0.140908E-04    0.221086E-04    0.160210E-04
 8.17080   -0.139960E-04    0.219692E-04    0.160067E-04
 8.18883   -0.139021E-04    0.218310E-04    0.159919E-04
 8.20685   -0.138092E-04    0.216939E-04    0.159767E-04
 8.22488   -0.137170E-04    0.215579E-04    0.159610E-04
 8.24291   -0.136258E-04    0.214231E-04    0.159449E-04
 8.26093   -0.135354E-04    0.212893E-04    0.159283E-04
 8.27896   -0.134459E-04    0.211566E-04    0.159112E-04
 8.29698   -0.133572E-04    0.210250E-04    0.158938E-04
 8.31501   -0.132693E-04    0.208944E-04    0.158759E-04
 8.33304   -0.131822E-04    0.207649E-04    0.158576E-04
 8.35106   -0.130959E-04    0.206365E-04    0.158389E-04
 8.36909   -0.130105E-04    0.205091E-04    0.158199E-04
 8.38711   -0.129258E-04    0.203826E-04    0.158004E-04
 8.40514   -0.128418E-04    0.202572E-04    0.157806E-04
 8.42317   -0.127586E-04    0.201328E-04    0.157604E-04
 8.44119   -0.126762E-04    0.200093E-04    0.157398E-04
 8.45922   -0.125945E-04    0.198869E-04    0.157189E-04
 8.47724   -0.125134E-04    0.197653E-04    0.156977E-04
 8.49527   -0.124331E-04    0.196447E-04    0.156761E-04
 8.51330   -0.123534E-04    0.195251E-04    0.156543E-04
 8.53132   -0.122744E-04    0.194063E-04    0.156321E-04
 8.54935   -0.121960E-04    0.192885E-04    0.156096E-04
 8.56737   -0.121183E-04    0.191715E-04    0.155869E-04
 8.58540   -0.120411E-04    0.190554E-04    0.155638E-04
 8.60343   -0.119646E-04    0.189401E-04    0.155405E-04
 8.62145   -0.118886E-04    0.188258E-04    0.155170E-04
 8.63948   -0.118132E-04    0.187122E-04    0.154932E-04
 8.65751   -0.117383E-04    0.185995E-04    0.154691E-04
 8.67553   -0.116640E-04    0.184876E-04    0.154448E-04
 8.69356   -0.115902E-04    0.183765E-04    0.154203E-04
 8.71158   -0.115169E-04    0.182661E-04    0.153956E-04
 8.72961   -0.114441E-04    0.181566E-04    0.153707E-04
 8.74764   -0.113718E-04    0.180478E-04    0.153455E-04
 8.76566   -0.112999E-04    0.179398E-04    0.153202E-04
 8.78369   -0.112286E-04    0.178326E-04    0.152947E-04
 8.80171   -0.111577E-04    0.177261E-04    0.152689E-04
 8.81974   -0.110873E-04    0.176203E-04    0.152430E-04
 8.83777   -0.110173E-04    0.175153E-04    0.152170E-04
 8.85579   -0.109478E-04    0.174110E-04    0.151907E-04
 8.87382   -0.108788E-04    0.173074E-04    0.151643E-04
 8.89184   -0.108102E-04    0.172046E-04    0.151377E-04
 8.90987   -0.107420E-04    0.171025E-04    0.151109E-04
 8.92790   -0.106744E-04    0.170011E-04    0.150840E-04
 8.94592   -0.106072E-04    0.169004E-04    0.150569E-04
 8.96395   -0.105404E-04    0.168004E-04    0.150297E-04
 8.98197   -0.104741E-04    0.167011E-04    0.150022E-04
 9.00000   -0.104083E-04    0.166025E-04    0.149747E-04
