 0.00500    0.233470E-02   -0.116527E-02    0.897543E-03
 0.02303    0.192104E-02   -0.958470E-03    0.742458E-03
 0.04105    0.167745E-02   -0.836713E-03    0.651207E-03
 0.05908    0.149955E-02   -0.747817E-03    0.584615E-03
 0.07710    0.135909E-02   -0.677652E-03    0.532092E-03
 0.09513    0.124335E-02   -0.619862E-03    0.488864E-03
 0.11316    0.114536E-02   -0.570954E-03    0.452313E-03
 0.13118    0.106077E-02   -0.528755E-03    0.420804E-03
 0.14921    0.986703E-03   -0.491825E-03    0.393256E-03
 0.16723    0.921126E-03   -0.459147E-03    0.368902E-03
 0.18526    0.862548E-03   -0.429972E-03    0.347182E-03
 0.20329    0.809838E-03   -0.403737E-03    0.327671E-03
 0.22131    0.762110E-03   -0.379997E-03    0.310035E-03
 0.23934    0.718672E-03   -0.358405E-03    0.294012E-03
 0.25736    0.678957E-03   -0.338678E-03    0.279389E-03
 0.27539    0.642501E-03   -0.320582E-03    0.265991E-03
 0.29342    0.608921E-03   -0.303926E-03    0.253672E-03
 0.31144    0.577894E-03   -0.288549E-03    0.242312E-03
 0.32947    0.549143E-03   -0.274311E-03    0.231805E-03
 0.34749    0.522434E-03   -0.261095E-03    0.222064E-03
 0.36552    0.497566E-03   -0.248799E-03    0.213011E-03
 0.38355    0.474361E-03   -0.237336E-03    0.204581E-03
 0.40157    0.452667E-03   -0.226628E-03    0.196714E-03
 0.41960    0.432348E-03   -0.216609E-03    0.189361E-03
 0.43763    0.413286E-03   -0.207217E-03    0.182477E-03
 0.45565    0.395373E-03   -0.198400E-03    0.176020E-03
 0.47368    0.378517E-03   -0.190111E-03    0.169955E-03
 0.49170    0.362633E-03   -0.182308E-03    0.164252E-03
 0.50973    0.347646E-03   -0.174952E-03    0.158881E-03
 0.52776    0.333489E-03   -0.168010E-03    0.153816E-03
 0.54578    0.320098E-03   -0.161450E-03    0.149035E-03
 0.56381    0.307420E-03   -0.155246E-03    0.144516E-03
 0.58183    0.295404E-03   -0.149372E-03    0.140241E-03
 0.59986    0.284004E-03   -0.143804E-03    0.136193E-03
 0.61789    0.273178E-03   -0.138523E-03    0.132354E-03
 0.63591    0.262888E-03   -0.133533E-03    0.128712E-03
 0.65394    0.253100E-03   -0.128742E-03    0.125253E-03
 0.67196    0.243780E-03   -0.124210E-03    0.121964E-03
 0.68999    0.234900E-03   -0.119896E-03    0.118836E-03
 0.70802    0.226433E-03   -0.115787E-03    0.115857E-03
 0.72604    0.218353E-03   -0.111870E-03    0.113018E-03
 0.74407    0.210637E-03   -0.108133E-03    0.110310E-03
 0.76209    0.203265E-03   -0.104567E-03    0.107727E-03
 0.78012    0.196216E-03   -0.101161E-03    0.105259E-03
 0.79815    0.189472E-03   -0.979058E-04    0.102901E-03
 0.81617    0.183016E-03   -0.947931E-04    0.100646E-03
 0.83420    0.176832E-03   -0.918149E-04    0.984875E-04
 0.85222    0.170906E-03   -0.889637E-04    0.964208E-04
 0.87025    0.165223E-03   -0.862328E-04    0.944405E-04
 0.88828    0.159771E-03   -0.836157E-04    0.925419E-04
 0.90630    0.154538E-03   -0.811064E-04    0.907206E-04
 0.92433    0.149513E-03   -0.786994E-04    0.889723E-04
 0.94235    0.144685E-03   -0.763893E-04    0.872933E-04
 0.96038    0.140044E-03   -0.741714E-04    0.856798E-04
 0.97841    0.135582E-03   -0.720409E-04    0.841285E-04
 0.99643    0.131289E-03   -0.699937E-04    0.826363E-04
 1.01446    0.127158E-03   -0.680257E-04    0.812000E-04
 1.03248    0.123180E-03   -0.661330E-04    0.798169E-04
 1.05051    0.119349E-03   -0.643121E-04    0.784844E-04
 1.06854    0.115659E-03   -0.625596E-04    0.772001E-04
 1.08656    0.112101E-03   -0.608723E-04    0.759615E-04
 1.10459    0.108672E-03   -0.592473E-04    0.747665E-04
 1.12262    0.105364E-03   -0.576817E-04    0.736131E-04
 1.14064    0.102173E-03   -0.561728E-04    0.724992E-04
 1.15867    0.990930E-04   -0.547182E-04    0.714231E-04
 1.17669    0.961198E-04   -0.533153E-04    0.703829E-04
 1.19472    0.932487E-04   -0.519621E-04    0.693771E-04
 1.21275    0.904755E-04   -0.506563E-04    0.684041E-04
 1.23077    0.877960E-04   -0.493959E-04    0.674624E-04
 1.24880    0.852065E-04   -0.481791E-04    0.665507E-04
 1.26682    0.827032E-04   -0.470040E-04    0.656676E-04
 1.28485    0.802827E-04   -0.458688E-04    0.648119E-04
 1.30288    0.779416E-04   -0.447720E-04    0.639825E-04
 1.32090    0.756767E-04   -0.437119E-04    0.631780E-04
 1.33893    0.734852E-04   -0.426872E-04    0.623977E-04
 1.35695    0.713640E-04   -0.416962E-04    0.616402E-04
 1.37498    0.693106E-04   -0.407378E-04    0.609049E-04
 1.39301    0.673223E-04   -0.398107E-04    0.601906E-04
 1.41103    0.653967E-04   -0.389136E-04    0.594967E-04
 1.42906    0.635314E-04   -0.380454E-04    0.588221E-04
 1.44708    0.617242E-04   -0.372049E-04    0.581662E-04
 1.46511    0.599732E-04   -0.363913E-04    0.575282E-04
 1.48314    0.582760E-04   -0.356033E-04    0.569075E-04
 1.50116    0.566308E-04   -0.348401E-04    0.563032E-04
 1.51919    0.550357E-04   -0.341008E-04    0.557148E-04
 1.53721    0.534889E-04   -0.333844E-04    0.551417E-04
 1.55524    0.519888E-04   -0.326902E-04    0.545833E-04
 1.57327    0.505337E-04   -0.320173E-04    0.540389E-04
 1.59129    0.491222E-04   -0.313651E-04    0.535081E-04
 1.60932    0.477525E-04   -0.307326E-04    0.529904E-04
 1.62734    0.464235E-04   -0.301194E-04    0.524853E-04
 1.64537    0.451336E-04   -0.295246E-04    0.519923E-04
 1.66340    0.438817E-04   -0.289477E-04    0.515109E-04
 1.68142    0.426664E-04   -0.283880E-04    0.510408E-04
 1.69945    0.414864E-04   -0.278449E-04    0.505815E-04
 1.71747    0.403408E-04   -0.273180E-04    0.501327E-04
 1.73550    0.392285E-04   -0.268066E-04    0.496940E-04
 1.75353    0.381483E-04   -0.263103E-04    0.492650E-04
 1.77155    0.370993E-04   -0.258286E-04    0.488454E-04
 1.78958    0.360805E-04   -0.253610E-04    0.484349E-04
 1.80761    0.350911E-04   -0.249071E-04    0.480332E-04
 1.82563    0.341301E-04   -0.244664E-04    0.476399E-04
 1.84366    0.331966E-04   -0.240386E-04    0.472549E-04
 1.86168    0.322900E-04   -0.236232E-04    0.468779E-04
 1.87971    0.314093E-04   -0.232198E-04    0.465085E-04
 1.89774    0.305539E-04   -0.228282E-04    0.461466E-04
 1.91576    0.297231E-04   -0.224479E-04    0.457920E-04
 1.93379    0.289161E-04   -0.220787E-04    0.454443E-04
 1.95181    0.281323E-04   -0.217202E-04    0.451034E-04
 1.96984    0.273711E-04   -0.213720E-04    0.447691E-04
 1.98787    0.266319E-04   -0.210341E-04    0.444412E-04
 2.00589    0.259141E-04   -0.207059E-04    0.441195E-04
 2.02392    0.252170E-04   -0.203873E-04    0.438039E-04
 2.04194    0.245403E-04   -0.200781E-04    0.434941E-04
 2.05997    0.238832E-04   -0.197778E-04    0.431899E-04
 2.07800    0.232453E-04   -0.194864E-04    0.428914E-04
 2.09602    0.226261E-04   -0.192034E-04    0.425980E-04
 2.11405    0.220251E-04   -0.189288E-04    0.423100E-04
 2.13207    0.214417E-04   -0.186622E-04    0.420269E-04
 2.15010    0.208754E-04   -0.184035E-04    0.417487E-04
 2.16813    0.203258E-04   -0.181523E-04    0.414753E-04
 2.18615    0.197924E-04   -0.179085E-04    0.412064E-04
 2.20418    0.192747E-04   -0.176718E-04    0.409419E-04
 2.22220    0.187722E-04   -0.174419E-04    0.406817E-04
 2.24023    0.182845E-04   -0.172187E-04    0.404256E-04
 2.25826    0.178109E-04   -0.170020E-04    0.401734E-04
 2.27628    0.173512E-04   -0.167914E-04    0.399250E-04
 2.29431    0.169047E-04   -0.165868E-04    0.396803E-04
 2.31233    0.164710E-04   -0.163879E-04    0.394391E-04
 2.33036    0.160498E-04   -0.161945E-04    0.392012E-04
 2.34839    0.156403E-04   -0.160065E-04    0.389664E-04
 2.36641    0.152422E-04   -0.158234E-04    0.387347E-04
 2.38444    0.148551E-04   -0.156452E-04    0.385059E-04
 2.40246    0.144785E-04   -0.154716E-04    0.382799E-04
 2.42049    0.141119E-04   -0.153024E-04    0.380564E-04
 2.43852    0.137550E-04   -0.151374E-04    0.378353E-04
 2.45654    0.134073E-04   -0.149765E-04    0.376166E-04
 2.47457    0.130684E-04   -0.148193E-04    0.374001E-04
 2.49260    0.127379E-04   -0.146657E-04    0.371856E-04
 2.51062    0.124155E-04   -0.145156E-04    0.369731E-04
 2.52865    0.121008E-04   -0.143688E-04    0.367624E-04
 2.54667    0.117935E-04   -0.142251E-04    0.365535E-04
 2.56470    0.114932E-04   -0.140844E-04    0.363462E-04
 2.58273    0.111998E-04   -0.139465E-04    0.361404E-04
 2.60075    0.109130E-04   -0.138114E-04    0.359361E-04
 2.61878    0.106325E-04   -0.136789E-04    0.357333E-04
 2.63680    0.103582E-04   -0.135489E-04    0.355317E-04
 2.65483    0.100898E-04   -0.134214E-04    0.353315E-04
 2.67286    0.982720E-05   -0.132962E-04    0.351326E-04
 2.69088    0.957032E-05   -0.131734E-04    0.349348E-04
 2.70891    0.931902E-05   -0.130529E-04    0.347383E-04
 2.72693    0.907322E-05   -0.129346E-04    0.345430E-04
 2.74496    0.883286E-05   -0.128186E-04    0.343489E-04
 2.76299    0.859789E-05   -0.127047E-04    0.341559E-04
 2.78101    0.836828E-05   -0.125930E-04    0.339642E-04
 2.79904    0.814402E-05   -0.124836E-04    0.337736E-04
 2.81706    0.792510E-05   -0.123762E-04    0.335843E-04
 2.83509    0.771151E-05   -0.122711E-04    0.333961E-04
 2.85312    0.750327E-05   -0.121683E-04    0.332093E-04
 2.87114    0.730036E-05   -0.120676E-04    0.330237E-04
 2.88917    0.710282E-05   -0.119694E-04    0.328395E-04
 2.90719    0.691063E-05   -0.118732E-04    0.326564E-04
 2.92522    0.672379E-05   -0.117793E-04    0.324748E-04
 2.94325    0.654229E-05   -0.116876E-04    0.322945E-04
 2.96127    0.636609E-05   -0.115982E-04    0.321155E-04
 2.97930    0.619517E-05   -0.115110E-04    0.319379E-04
 2.99732    0.602944E-05   -0.114260E-04    0.317617E-04
 3.01535    0.586883E-05   -0.113432E-04    0.315868E-04
 3.03338    0.571325E-05   -0.112625E-04    0.314132E-04
 3.05140    0.556258E-05   -0.111839E-04    0.312409E-04
 3.06943    0.541667E-05   -0.111073E-04    0.310699E-04
 3.08745    0.527534E-05   -0.110327E-04    0.309001E-04
 3.10548    0.513843E-05   -0.109599E-04    0.307315E-04
 3.12351    0.500570E-05   -0.108889E-04    0.305641E-04
 3.14153    0.487692E-05   -0.108195E-04    0.303975E-04
 3.15956    0.475182E-05   -0.107516E-04    0.302322E-04
 3.17759    0.463014E-05   -0.106851E-04    0.300677E-04
 3.19561    0.451154E-05   -0.106199E-04    0.299039E-04
 3.21364    0.439575E-05   -0.105558E-04    0.297409E-04
 3.23166    0.428237E-05   -0.104927E-04    0.295785E-04
 3.24969    0.417110E-05   -0.104303E-04    0.294166E-04
 3.26772    0.406156E-05   -0.103685E-04    0.292551E-04
 3.28574    0.395338E-05   -0.103071E-04    0.290939E-04
 3.30377    0.384619E-05   -0.102460E-04    0.289328E-04
 3.32179    0.373959E-05   -0.101850E-04    0.287717E-04
 3.33982    0.363320E-05   -0.101239E-04    0.286105E-04
 3.35785    0.352664E-05   -0.100625E-04    0.284492E-04
 3.37587    0.341953E-05   -0.100006E-04    0.282875E-04
 3.39390    0.331151E-05   -0.993801E-05    0.281253E-04
 3.41192    0.320222E-05   -0.987462E-05    0.279627E-04
 3.42995    0.309133E-05   -0.981030E-05    0.277992E-04
 3.44798    0.297853E-05   -0.974481E-05    0.276352E-04
 3.46600    0.286350E-05   -0.967810E-05    0.274703E-04
 3.48403    0.274598E-05   -0.960997E-05    0.273043E-04
 3.50205    0.262570E-05   -0.954032E-05    0.271375E-04
 3.52008    0.250244E-05   -0.946905E-05    0.269695E-04
 3.53811    0.237597E-05   -0.939607E-05    0.268004E-04
 3.55613    0.224616E-05   -0.932138E-05    0.266301E-04
 3.57416    0.211285E-05   -0.924464E-05    0.264586E-04
 3.59218    0.197594E-05   -0.916610E-05    0.262859E-04
 3.61021    0.183536E-05   -0.908563E-05    0.261119E-04
 3.62824    0.169106E-05   -0.900321E-05    0.259368E-04
 3.64626    0.154306E-05   -0.891885E-05    0.257602E-04
 3.66429    0.139136E-05   -0.883256E-05    0.255825E-04
 3.68231    0.123603E-05   -0.874438E-05    0.254037E-04
 3.70034    0.107715E-05   -0.865436E-05    0.252237E-04
 3.71837    0.914825E-06   -0.856256E-05    0.250426E-04
 3.73639    0.749207E-06   -0.846905E-05    0.248605E-04
 3.75442    0.580460E-06   -0.837392E-05    0.246774E-04
 3.77244    0.408753E-06   -0.827726E-05    0.244934E-04
 3.79047    0.234363E-06   -0.817920E-05    0.243087E-04
 3.80850    0.574862E-07   -0.807986E-05    0.241233E-04
 3.82652   -0.121554E-06   -0.797937E-05    0.239373E-04
 3.84455   -0.302546E-06   -0.787787E-05    0.237508E-04
 3.86258   -0.485172E-06   -0.777551E-05    0.235640E-04
 3.88060   -0.669140E-06   -0.767245E-05    0.233769E-04
 3.89863   -0.854113E-06   -0.756883E-05    0.231897E-04
 3.91665   -0.103981E-05   -0.746482E-05    0.230025E-04
 3.93468   -0.122591E-05   -0.736057E-05    0.228155E-04
 3.95271   -0.141209E-05   -0.725625E-05    0.226285E-04
 3.97073   -0.159802E-05   -0.715201E-05    0.224420E-04
 3.98876   -0.178339E-05   -0.704801E-05    0.222560E-04
 4.00678   -0.196789E-05   -0.694441E-05    0.220706E-04
 4.02481   -0.215121E-05   -0.684136E-05    0.218859E-04
 4.04284   -0.233303E-05   -0.673902E-05    0.217019E-04
 4.06086   -0.251307E-05   -0.663752E-05    0.215190E-04
 4.07889   -0.269105E-05   -0.653702E-05    0.213370E-04
 4.09691   -0.286670E-05   -0.643764E-05    0.211562E-04
 4.11494   -0.303977E-05   -0.633950E-05    0.209766E-04
 4.13297   -0.321003E-05   -0.624273E-05    0.207982E-04
 4.15099   -0.337725E-05   -0.614744E-05    0.206213E-04
 4.16902   -0.354124E-05   -0.605371E-05    0.204459E-04
 4.18704   -0.370180E-05   -0.596165E-05    0.202719E-04
 4.20507   -0.385878E-05   -0.587134E-05    0.200995E-04
 4.22310   -0.401200E-05   -0.578285E-05    0.199288E-04
 4.24112   -0.416133E-05   -0.569625E-05    0.197598E-04
 4.25915   -0.430665E-05   -0.561161E-05    0.195925E-04
 4.27717   -0.444784E-05   -0.552897E-05    0.194269E-04
 4.29520   -0.458482E-05   -0.544839E-05    0.192631E-04
 4.31323   -0.471751E-05   -0.536989E-05    0.191012E-04
 4.33125   -0.484585E-05   -0.529350E-05    0.189412E-04
 4.34928   -0.496980E-05   -0.521926E-05    0.187829E-04
 4.36730   -0.508932E-05   -0.514716E-05    0.186266E-04
 4.38533   -0.520441E-05   -0.507722E-05    0.184721E-04
 4.40336   -0.531508E-05   -0.500943E-05    0.183194E-04
 4.42138   -0.542132E-05   -0.494379E-05    0.181687E-04
 4.43941   -0.552316E-05   -0.488028E-05    0.180197E-04
 4.45743   -0.562064E-05   -0.481889E-05    0.178727E-04
 4.47546   -0.571379E-05   -0.475959E-05    0.177274E-04
 4.49349   -0.580266E-05   -0.470237E-05    0.175839E-04
 4.51151   -0.588730E-05   -0.464719E-05    0.174423E-04
 4.52954   -0.596778E-05   -0.459402E-05    0.173023E-04
 4.54757   -0.604417E-05   -0.454283E-05    0.171641E-04
 4.56559   -0.611655E-05   -0.449357E-05    0.170275E-04
 4.58362   -0.618500E-05   -0.444621E-05    0.168927E-04
 4.60164   -0.624961E-05   -0.440070E-05    0.167594E-04
 4.61967   -0.631047E-05   -0.435699E-05    0.166278E-04
 4.63770   -0.636768E-05   -0.431504E-05    0.164977E-04
 4.65572   -0.642134E-05   -0.427479E-05    0.163691E-04
 4.67375   -0.647155E-05   -0.423620E-05    0.162420E-04
 4.69177   -0.651841E-05   -0.419921E-05    0.161163E-04
 4.70980   -0.656201E-05   -0.416378E-05    0.159919E-04
 4.72783   -0.660247E-05   -0.412985E-05    0.158690E-04
 4.74585   -0.663989E-05   -0.409737E-05    0.157474E-04
 4.76388   -0.667436E-05   -0.406629E-05    0.156271E-04
 4.78190   -0.670600E-05   -0.403656E-05    0.155080E-04
 4.79993   -0.673488E-05   -0.400814E-05    0.153902E-04
 4.81796   -0.676113E-05   -0.398096E-05    0.152736E-04
 4.83598   -0.678485E-05   -0.395499E-05    0.151581E-04
 4.85401   -0.680612E-05   -0.393016E-05    0.150437E-04
 4.87203   -0.682504E-05   -0.390645E-05    0.149304E-04
 4.89006   -0.684172E-05   -0.388379E-05    0.148182E-04
 4.90809   -0.685624E-05   -0.386213E-05    0.147069E-04
 4.92611   -0.686870E-05   -0.384146E-05    0.145966E-04
 4.94414   -0.687917E-05   -0.382171E-05    0.144873E-04
 4.96216   -0.688773E-05   -0.380283E-05    0.143788E-04
 4.98019   -0.689455E-05   -0.378480E-05    0.142713E-04
 4.99822   -0.689960E-05   -0.376757E-05    0.141646E-04
 5.01624   -0.690299E-05   -0.375110E-05    0.140588E-04
 5.03427   -0.690482E-05   -0.373537E-05    0.139537E-04
 5.05229   -0.690514E-05   -0.372032E-05    0.138494E-04
 5.07032   -0.690403E-05   -0.370593E-05    0.137459E-04
 5.08835   -0.690155E-05   -0.369216E-05    0.136431E-04
 5.10637   -0.689778E-05   -0.367897E-05    0.135410E-04
 5.12440   -0.689275E-05   -0.366638E-05    0.134396E-04
 5.14242   -0.688656E-05   -0.365430E-05    0.133389E-04
 5.16045   -0.687928E-05   -0.364272E-05    0.132388E-04
 5.17848   -0.687092E-05   -0.363162E-05    0.131393E-04
 5.19650   -0.686154E-05   -0.362097E-05    0.130405E-04
 5.21453   -0.685124E-05   -0.361074E-05    0.129422E-04
 5.23256   -0.683999E-05   -0.360092E-05    0.128445E-04
 5.25058   -0.682794E-05   -0.359148E-05    0.127473E-04
 5.26861   -0.681505E-05   -0.358239E-05    0.126507E-04
 5.28663   -0.680139E-05   -0.357364E-05    0.125546E-04
 5.30466   -0.678701E-05   -0.356521E-05    0.124591E-04
 5.32269   -0.677193E-05   -0.355708E-05    0.123640E-04
 5.34071   -0.675620E-05   -0.354923E-05    0.122694E-04
 5.35874   -0.673986E-05   -0.354164E-05    0.121753E-04
 5.37676   -0.672293E-05   -0.353430E-05    0.120817E-04
 5.39479   -0.670546E-05   -0.352720E-05    0.119885E-04
 5.41282   -0.668747E-05   -0.352031E-05    0.118958E-04
 5.43084   -0.666899E-05   -0.351362E-05    0.118035E-04
 5.44887   -0.665005E-05   -0.350713E-05    0.117117E-04
 5.46689   -0.663068E-05   -0.350082E-05    0.116203E-04
 5.48492   -0.661090E-05   -0.349467E-05    0.115292E-04
 5.50295   -0.659075E-05   -0.348868E-05    0.114386E-04
 5.52097   -0.657024E-05   -0.348283E-05    0.113484E-04
 5.53900   -0.654939E-05   -0.347711E-05    0.112586E-04
 5.55702   -0.652822E-05   -0.347153E-05    0.111702E-04
 5.57505   -0.650676E-05   -0.346605E-05    0.110801E-04
 5.59308   -0.648502E-05   -0.346069E-05    0.109915E-04
 5.61110   -0.646302E-05   -0.345542E-05    0.109032E-04
 5.62913   -0.644078E-05   -0.345024E-05    0.108152E-04
 5.64715   -0.641832E-05   -0.344516E-05    0.107277E-04
 5.66518   -0.639565E-05   -0.344014E-05    0.106404E-04
 5.68321   -0.637279E-05   -0.343520E-05    0.105536E-04
 5.70123   -0.634974E-05   -0.343032E-05    0.104671E-04
 5.71926   -0.632654E-05   -0.342550E-05    0.103809E-04
 5.73728   -0.630318E-05   -0.342073E-05    0.102951E-04
 5.75531   -0.627968E-05   -0.341601E-05    0.102097E-04
 5.77334   -0.625603E-05   -0.341133E-05    0.101245E-04
 5.79136   -0.623229E-05   -0.340669E-05    0.100397E-04
 5.80939   -0.620844E-05   -0.340208E-05    0.995524E-05
 5.82741   -0.618450E-05   -0.339750E-05    0.987111E-05
 5.84544   -0.616047E-05   -0.339294E-05    0.978729E-05
 5.86347   -0.613637E-05   -0.338841E-05    0.970381E-05
 5.88149   -0.611220E-05   -0.338389E-05    0.962065E-05
 5.89952   -0.608797E-05   -0.337938E-05    0.953780E-05
 5.91755   -0.606371E-05   -0.337488E-05    0.945527E-05
 5.93557   -0.603939E-05   -0.337039E-05    0.937306E-05
 5.95360   -0.601504E-05   -0.336590E-05    0.929116E-05
 5.97162   -0.599066E-05   -0.336142E-05    0.920957E-05
 5.98965   -0.596625E-05   -0.335693E-05    0.912830E-05
 6.00768   -0.594184E-05   -0.335243E-05    0.904731E-05
 6.02570   -0.591742E-05   -0.334793E-05    0.896664E-05
 6.04373   -0.589299E-05   -0.334342E-05    0.888626E-05
 6.06175   -0.586857E-05   -0.333891E-05    0.880618E-05
 6.07978   -0.584417E-05   -0.333437E-05    0.872640E-05
 6.09781   -0.581977E-05   -0.332982E-05    0.864690E-05
 6.11583   -0.579540E-05   -0.332526E-05    0.856771E-05
 6.13386   -0.577105E-05   -0.332067E-05    0.848880E-05
 6.15188   -0.574673E-05   -0.331607E-05    0.841017E-05
 6.16991   -0.572244E-05   -0.331144E-05    0.833184E-05
 6.18794   -0.569819E-05   -0.330679E-05    0.825377E-05
 6.20596   -0.567399E-05   -0.330212E-05    0.817600E-05
 6.22399   -0.564983E-05   -0.329740E-05    0.809850E-05
 6.24201   -0.562572E-05   -0.329269E-05    0.802129E-05
 6.26004   -0.560166E-05   -0.328793E-05    0.794436E-05
 6.27807   -0.557767E-05   -0.328314E-05    0.786764E-05
 6.29609   -0.555373E-05   -0.327832E-05    0.779127E-05
 6.31412   -0.552986E-05   -0.327347E-05    0.771518E-05
 6.33214   -0.550605E-05   -0.326859E-05    0.763945E-05
 6.35017   -0.548232E-05   -0.326367E-05    0.756395E-05
 6.36820   -0.545866E-05   -0.325872E-05    0.748870E-05
 6.38622   -0.543508E-05   -0.325374E-05    0.741376E-05
 6.40425   -0.541157E-05   -0.324871E-05    0.733910E-05
 6.42227   -0.538815E-05   -0.324365E-05    0.726473E-05
 6.44030   -0.536481E-05   -0.323855E-05    0.719065E-05
 6.45833   -0.534156E-05   -0.323342E-05    0.711687E-05
 6.47635   -0.531840E-05   -0.322824E-05    0.704336E-05
 6.49438   -0.529533E-05   -0.322302E-05    0.697016E-05
 6.51240   -0.527236E-05   -0.321777E-05    0.689724E-05
 6.53043   -0.524948E-05   -0.321247E-05    0.682462E-05
 6.54846   -0.522668E-05   -0.320713E-05    0.675229E-05
 6.56648   -0.520400E-05   -0.320174E-05    0.668025E-05
 6.58451   -0.518143E-05   -0.319632E-05    0.660851E-05
 6.60254   -0.515896E-05   -0.319085E-05    0.653705E-05
 6.62056   -0.513659E-05   -0.318534E-05    0.646589E-05
 6.63859   -0.511435E-05   -0.317978E-05    0.639500E-05
 6.65661   -0.509220E-05   -0.317417E-05    0.632441E-05
 6.67464   -0.507017E-05   -0.316853E-05    0.625410E-05
 6.69267   -0.504825E-05   -0.316284E-05    0.618409E-05
 6.71069   -0.502645E-05   -0.315710E-05    0.611435E-05
 6.72872   -0.500476E-05   -0.315130E-05    0.604491E-05
 6.74674   -0.498320E-05   -0.314548E-05    0.597574E-05
 6.76477   -0.496175E-05   -0.313961E-05    0.590687E-05
 6.78280   -0.494042E-05   -0.313368E-05    0.583828E-05
 6.80082   -0.491922E-05   -0.312771E-05    0.576994E-05
 6.81885   -0.489814E-05   -0.312169E-05    0.570188E-05
 6.83687   -0.487718E-05   -0.311563E-05    0.563409E-05
 6.85490   -0.485635E-05   -0.310951E-05    0.556655E-05
 6.87293   -0.483564E-05   -0.310335E-05    0.549933E-05
 6.89095   -0.481506E-05   -0.309715E-05    0.543237E-05
 6.90898   -0.479460E-05   -0.309089E-05    0.536569E-05
 6.92700   -0.477427E-05   -0.308459E-05    0.529929E-05
 6.94503   -0.475407E-05   -0.307825E-05    0.523318E-05
 6.96306   -0.473400E-05   -0.307186E-05    0.516732E-05
 6.98108   -0.471405E-05   -0.306542E-05    0.510172E-05
 6.99911   -0.469423E-05   -0.305894E-05    0.503643E-05
 7.01713   -0.467453E-05   -0.305241E-05    0.497140E-05
 7.03516   -0.465495E-05   -0.304584E-05    0.490664E-05
 7.05319   -0.463550E-05   -0.303923E-05    0.484216E-05
 7.07121   -0.461619E-05   -0.303258E-05    0.477795E-05
 7.08924   -0.459699E-05   -0.302588E-05    0.471398E-05
 7.10726   -0.457792E-05   -0.301914E-05    0.465032E-05
 7.12529   -0.455897E-05   -0.301236E-05    0.458693E-05
 7.14332   -0.454015E-05   -0.300553E-05    0.452383E-05
 7.16134   -0.452144E-05   -0.299867E-05    0.446099E-05
 7.17937   -0.450286E-05   -0.299178E-05    0.439843E-05
 7.19739   -0.448439E-05   -0.298484E-05    0.433615E-05
 7.21542   -0.446604E-05   -0.297787E-05    0.427414E-05
 7.23345   -0.444780E-05   -0.297086E-05    0.421241E-05
 7.25147   -0.442968E-05   -0.296382E-05    0.415096E-05
 7.26950   -0.441167E-05   -0.295675E-05    0.408978E-05
 7.28753   -0.439377E-05   -0.294964E-05    0.402888E-05
 7.30555   -0.437598E-05   -0.294251E-05    0.396826E-05
 7.32358   -0.435830E-05   -0.293534E-05    0.390792E-05
 7.34160   -0.434072E-05   -0.292815E-05    0.384785E-05
 7.35963   -0.432323E-05   -0.292093E-05    0.378806E-05
 7.37766   -0.430585E-05   -0.291368E-05    0.372855E-05
 7.39568   -0.428857E-05   -0.290641E-05    0.366932E-05
 7.41371   -0.427138E-05   -0.289911E-05    0.361037E-05
 7.43173   -0.425429E-05   -0.289180E-05    0.355169E-05
 7.44976   -0.423729E-05   -0.288446E-05    0.349329E-05
 7.46779   -0.422038E-05   -0.287710E-05    0.343518E-05
 7.48581   -0.420357E-05   -0.286972E-05    0.337734E-05
 7.50384   -0.418684E-05   -0.286233E-05    0.331978E-05
 7.52186   -0.417019E-05   -0.285492E-05    0.326250E-05
 7.53989   -0.415363E-05   -0.284749E-05    0.320550E-05
 7.55792   -0.413715E-05   -0.284005E-05    0.314878E-05
 7.57594   -0.412075E-05   -0.283259E-05    0.309234E-05
 7.59397   -0.410443E-05   -0.282512E-05    0.303618E-05
 7.61199   -0.408819E-05   -0.281764E-05    0.298030E-05
 7.63002   -0.407202E-05   -0.281015E-05    0.292469E-05
 7.64805   -0.405593E-05   -0.280265E-05    0.286937E-05
 7.66607   -0.403991E-05   -0.279514E-05    0.281432E-05
 7.68410   -0.402396E-05   -0.278762E-05    0.275944E-05
 7.70212   -0.400808E-05   -0.278009E-05    0.270498E-05
 7.72015   -0.399227E-05   -0.277256E-05    0.265077E-05
 7.73818   -0.397653E-05   -0.276502E-05    0.259684E-05
 7.75620   -0.396086E-05   -0.275748E-05    0.254318E-05
 7.77423   -0.394525E-05   -0.274993E-05    0.248981E-05
 7.79225   -0.392971E-05   -0.274237E-05    0.243671E-05
 7.81028   -0.391423E-05   -0.273481E-05    0.238389E-05
 7.82831   -0.389881E-05   -0.272725E-05    0.233134E-05
 7.84633   -0.388345E-05   -0.271969E-05    0.227919E-05
 7.86436   -0.386816E-05   -0.271212E-05    0.222719E-05
 7.88238   -0.385294E-05   -0.270456E-05    0.217548E-05
 7.90041   -0.383777E-05   -0.269699E-05    0.212404E-05
 7.91844   -0.382267E-05   -0.268942E-05    0.207288E-05
 7.93646   -0.380762E-05   -0.268185E-05    0.202199E-05
 7.95449   -0.379263E-05   -0.267428E-05    0.197137E-05
 7.97252   -0.377770E-05   -0.266671E-05    0.192098E-05
 7.99054   -0.376283E-05   -0.265914E-05    0.187090E-05
 8.00857   -0.374803E-05   -0.265156E-05    0.182109E-05
 8.02659   -0.373328E-05   -0.264399E-05    0.177156E-05
 8.04462   -0.371859E-05   -0.263642E-05    0.172229E-05
 8.06265   -0.370396E-05   -0.262885E-05    0.167331E-05
 8.08067   -0.368939E-05   -0.262128E-05    0.162458E-05
 8.09870   -0.367488E-05   -0.261371E-05    0.157612E-05
 8.11672   -0.366043E-05   -0.260614E-05    0.152792E-05
 8.13475   -0.364604E-05   -0.259857E-05    0.147975E-05
 8.15278   -0.363171E-05   -0.259100E-05    0.143208E-05
 8.17080   -0.361745E-05   -0.258343E-05    0.138468E-05
 8.18883   -0.360324E-05   -0.257586E-05    0.133778E-05
 8.20685   -0.358909E-05   -0.256829E-05    0.129091E-05
 8.22488   -0.357501E-05   -0.256073E-05    0.124429E-05
 8.24291   -0.356099E-05   -0.255316E-05    0.119793E-05
 8.26093   -0.354702E-05   -0.254559E-05    0.115184E-05
 8.27896   -0.353312E-05   -0.253803E-05    0.110600E-05
 8.29698   -0.351929E-05   -0.253046E-05    0.106042E-05
 8.31501   -0.350551E-05   -0.252289E-05    0.101510E-05
 8.33304   -0.349179E-05   -0.251533E-05    0.970035E-06
 8.35106   -0.347814E-05   -0.250776E-05    0.925226E-06
 8.36909   -0.346455E-05   -0.250020E-05    0.880664E-06
 8.38711   -0.345105E-05   -0.249263E-05    0.836369E-06
 8.40514   -0.343758E-05   -0.248507E-05    0.792321E-06
 8.42317   -0.342418E-05   -0.247750E-05    0.748524E-06
 8.44119   -0.341084E-05   -0.246994E-05    0.704979E-06
 8.45922   -0.339757E-05   -0.246237E-05    0.661684E-06
 8.47724   -0.338436E-05   -0.245481E-05    0.618640E-06
 8.49527   -0.337121E-05   -0.244725E-05    0.575843E-06
 8.51330   -0.335813E-05   -0.243969E-05    0.533295E-06
 8.53132   -0.334511E-05   -0.243214E-05    0.490992E-06
 8.54935   -0.333216E-05   -0.242458E-05    0.448936E-06
 8.56737   -0.331927E-05   -0.241702E-05    0.407127E-06
 8.58540   -0.330644E-05   -0.240946E-05    0.365563E-06
 8.60343   -0.329367E-05   -0.240190E-05    0.324244E-06
 8.62145   -0.328097E-05   -0.239434E-05    0.283167E-06
 8.63948   -0.326833E-05   -0.238679E-05    0.242334E-06
 8.65751   -0.325576E-05   -0.237923E-05    0.201743E-06
 8.67553   -0.324325E-05   -0.237168E-05    0.161389E-06
 8.69356   -0.323080E-05   -0.236413E-05    0.121276E-06
 8.71158   -0.321842E-05   -0.235657E-05    0.814024E-07
 8.72961   -0.320609E-05   -0.234905E-05    0.417651E-07
 8.74764   -0.319383E-05   -0.234150E-05    0.236878E-08
 8.76566   -0.318163E-05   -0.233392E-05   -0.367896E-07
 8.78369   -0.316949E-05   -0.232638E-05   -0.757134E-07
 8.80171   -0.315741E-05   -0.231883E-05   -0.114398E-06
 8.81974   -0.314540E-05   -0.231129E-05   -0.152851E-06
 8.83777   -0.313345E-05   -0.230375E-05   -0.191069E-06
 8.85579   -0.312156E-05   -0.229621E-05   -0.229055E-06
 8.87382   -0.310973E-05   -0.228867E-05   -0.266809E-06
 8.89184   -0.309796E-05   -0.228114E-05   -0.304330E-06
 8.90987   -0.308625E-05   -0.227363E-05   -0.341620E-06
 8.92790   -0.307461E-05   -0.226610E-05   -0.378680E-06
 8.94592   -0.306301E-05   -0.225858E-05   -0.415511E-06
 8.96395   -0.305149E-05   -0.225106E-05   -0.452113E-06
 8.98197   -0.304002E-05   -0.224355E-05   -0.488487E-06
 9.00000   -0.302861E-05   -0.223604E-05   -0.524635E-06
