 0.00500    0.674349E-01   -0.327684E-01    0.236799E-01
 0.01250    0.615960E-01   -0.298493E-01    0.214904E-01
 0.02000    0.573782E-01   -0.277408E-01    0.199090E-01
 0.02751    0.539861E-01   -0.260454E-01    0.186386E-01
 0.03501    0.511253E-01   -0.246154E-01    0.175669E-01
 0.04251    0.486406E-01   -0.233736E-01    0.166364E-01
 0.05001    0.464415E-01   -0.222745E-01    0.158130E-01
 0.05751    0.444670E-01   -0.212879E-01    0.150742E-01
 0.06502    0.426753E-01   -0.203928E-01    0.144042E-01
 0.07252    0.410360E-01   -0.195740E-01    0.137914E-01
 0.08002    0.395258E-01   -0.188198E-01    0.132272E-01
 0.08752    0.381266E-01   -0.181211E-01    0.127047E-01
 0.09503    0.368244E-01   -0.174710E-01    0.122187E-01
 0.10253    0.356073E-01   -0.168635E-01    0.117648E-01
 0.11003    0.344657E-01   -0.162938E-01    0.113394E-01
 0.11753    0.333915E-01   -0.157578E-01    0.109393E-01
 0.12503    0.323780E-01   -0.152523E-01    0.105621E-01
 0.13254    0.314196E-01   -0.147743E-01    0.102057E-01
 0.14004    0.305112E-01   -0.143214E-01    0.986812E-02
 0.14754    0.296485E-01   -0.138913E-01    0.954776E-02
 0.15504    0.288277E-01   -0.134823E-01    0.924322E-02
 0.16254    0.280456E-01   -0.130926E-01    0.895325E-02
 0.17005    0.272992E-01   -0.127209E-01    0.867675E-02
 0.17755    0.265859E-01   -0.123656E-01    0.841272E-02
 0.18505    0.259034E-01   -0.120259E-01    0.816032E-02
 0.19255    0.252495E-01   -0.117004E-01    0.791875E-02
 0.20005    0.246225E-01   -0.113884E-01    0.768728E-02
 0.20756    0.240204E-01   -0.110890E-01    0.746526E-02
 0.21506    0.234418E-01   -0.108013E-01    0.725211E-02
 0.22256    0.228854E-01   -0.105247E-01    0.704731E-02
 0.23006    0.223497E-01   -0.102585E-01    0.685036E-02
 0.23756    0.218336E-01   -0.100021E-01    0.666082E-02
 0.24507    0.213361E-01   -0.975507E-02    0.647828E-02
 0.25257    0.208561E-01   -0.951678E-02    0.630236E-02
 0.26007    0.203927E-01   -0.928681E-02    0.613270E-02
 0.26757    0.199450E-01   -0.906473E-02    0.596899E-02
 0.27508    0.195123E-01   -0.885013E-02    0.581092E-02
 0.28258    0.190937E-01   -0.864265E-02    0.565822E-02
 0.29008    0.186887E-01   -0.844195E-02    0.551063E-02
 0.29758    0.182966E-01   -0.824771E-02    0.536790E-02
 0.30508    0.179167E-01   -0.805962E-02    0.522981E-02
 0.31259    0.175486E-01   -0.787741E-02    0.509615E-02
 0.32009    0.171916E-01   -0.770081E-02    0.496672E-02
 0.32759    0.168454E-01   -0.752957E-02    0.484132E-02
 0.33509    0.165094E-01   -0.736346E-02    0.471980E-02
 0.34259    0.161832E-01   -0.720226E-02    0.460197E-02
 0.35010    0.158663E-01   -0.704577E-02    0.448769E-02
 0.35760    0.155585E-01   -0.689380E-02    0.437681E-02
 0.36510    0.152594E-01   -0.674616E-02    0.426920E-02
 0.37260    0.149685E-01   -0.660268E-02    0.416472E-02
 0.38010    0.146856E-01   -0.646320E-02    0.406326E-02
 0.38761    0.144104E-01   -0.632757E-02    0.396469E-02
 0.39511    0.141425E-01   -0.619563E-02    0.386890E-02
 0.40261    0.138818E-01   -0.606725E-02    0.377579E-02
 0.41011    0.136279E-01   -0.594230E-02    0.368526E-02
 0.41761    0.133806E-01   -0.582065E-02    0.359722E-02
 0.42512    0.131396E-01   -0.570217E-02    0.351157E-02
 0.43262    0.129047E-01   -0.558677E-02    0.342822E-02
 0.44012    0.126758E-01   -0.547432E-02    0.334711E-02
 0.44762    0.124525E-01   -0.536472E-02    0.326814E-02
 0.45513    0.122347E-01   -0.525789E-02    0.319124E-02
 0.46263    0.120223E-01   -0.515371E-02    0.311635E-02
 0.47013    0.118150E-01   -0.505211E-02    0.304339E-02
 0.47763    0.116126E-01   -0.495300E-02    0.297230E-02
 0.48513    0.114151E-01   -0.485630E-02    0.290303E-02
 0.49264    0.112222E-01   -0.476192E-02    0.283550E-02
 0.50014    0.110338E-01   -0.466980E-02    0.276966E-02
 0.50764    0.108498E-01   -0.457986E-02    0.270547E-02
 0.51514    0.106700E-01   -0.449203E-02    0.264286E-02
 0.52264    0.104942E-01   -0.440625E-02    0.258178E-02
 0.53015    0.103225E-01   -0.432245E-02    0.252220E-02
 0.53765    0.101545E-01   -0.424058E-02    0.246406E-02
 0.54515    0.999032E-02   -0.416057E-02    0.240732E-02
 0.55265    0.982972E-02   -0.408237E-02    0.235193E-02
 0.56015    0.967263E-02   -0.400592E-02    0.229786E-02
 0.56766    0.951894E-02   -0.393118E-02    0.224507E-02
 0.57516    0.936856E-02   -0.385809E-02    0.219351E-02
 0.58266    0.922138E-02   -0.378660E-02    0.214316E-02
 0.59016    0.907731E-02   -0.371667E-02    0.209398E-02
 0.59766    0.893628E-02   -0.364826E-02    0.204593E-02
 0.60517    0.879818E-02   -0.358132E-02    0.199898E-02
 0.61267    0.866294E-02   -0.351581E-02    0.195310E-02
 0.62017    0.853048E-02   -0.345169E-02    0.190826E-02
 0.62767    0.840072E-02   -0.338892E-02    0.186443E-02
 0.63518    0.827360E-02   -0.332746E-02    0.182158E-02
 0.64268    0.814903E-02   -0.326729E-02    0.177969E-02
 0.65018    0.802695E-02   -0.320836E-02    0.173873E-02
 0.65768    0.790730E-02   -0.315064E-02    0.169868E-02
 0.66518    0.779000E-02   -0.309410E-02    0.165951E-02
 0.67269    0.767501E-02   -0.303871E-02    0.162119E-02
 0.68019    0.756226E-02   -0.298481E-02    0.158371E-02
 0.68769    0.745168E-02   -0.293163E-02    0.154704E-02
 0.69519    0.734323E-02   -0.287915E-02    0.151116E-02
 0.70269    0.723686E-02   -0.282806E-02    0.147605E-02
 0.71020    0.713250E-02   -0.277799E-02    0.144169E-02
 0.71770    0.703010E-02   -0.272889E-02    0.140806E-02
 0.72520    0.692963E-02   -0.268076E-02    0.137515E-02
 0.73270    0.683103E-02   -0.263355E-02    0.134293E-02
 0.74020    0.673425E-02   -0.258726E-02    0.131139E-02
 0.74771    0.663926E-02   -0.254186E-02    0.128050E-02
 0.75521    0.654600E-02   -0.249733E-02    0.125027E-02
 0.76271    0.645444E-02   -0.245364E-02    0.122066E-02
 0.77021    0.636454E-02   -0.241078E-02    0.119166E-02
 0.77771    0.627626E-02   -0.236873E-02    0.116326E-02
 0.78522    0.618955E-02   -0.232746E-02    0.113544E-02
 0.79272    0.610439E-02   -0.228696E-02    0.110820E-02
 0.80022    0.602073E-02   -0.224721E-02    0.108151E-02
 0.80772    0.593855E-02   -0.220820E-02    0.105536E-02
 0.81523    0.585780E-02   -0.216990E-02    0.102974E-02
 0.82273    0.577846E-02   -0.213230E-02    0.100464E-02
 0.83023    0.570049E-02   -0.209539E-02    0.980044E-03
 0.83773    0.562386E-02   -0.205914E-02    0.955941E-03
 0.84523    0.554854E-02   -0.202355E-02    0.932321E-03
 0.85274    0.547451E-02   -0.198860E-02    0.909170E-03
 0.86024    0.540173E-02   -0.195427E-02    0.886480E-03
 0.86774    0.533018E-02   -0.192055E-02    0.864240E-03
 0.87524    0.525983E-02   -0.188742E-02    0.842439E-03
 0.88274    0.519065E-02   -0.185489E-02    0.821067E-03
 0.89025    0.512262E-02   -0.182292E-02    0.800116E-03
 0.89775    0.505571E-02   -0.179151E-02    0.779574E-03
 0.90525    0.498991E-02   -0.176065E-02    0.759435E-03
 0.91275    0.492518E-02   -0.173032E-02    0.739688E-03
 0.92025    0.486151E-02   -0.170052E-02    0.720325E-03
 0.92776    0.479887E-02   -0.167123E-02    0.701338E-03
 0.93526    0.473724E-02   -0.164244E-02    0.682718E-03
 0.94276    0.467660E-02   -0.161414E-02    0.664458E-03
 0.95026    0.461693E-02   -0.158632E-02    0.646549E-03
 0.95776    0.455821E-02   -0.155898E-02    0.628985E-03
 0.96527    0.450042E-02   -0.153209E-02    0.611758E-03
 0.97277    0.444354E-02   -0.150566E-02    0.594860E-03
 0.98027    0.438755E-02   -0.147967E-02    0.578285E-03
 0.98777    0.433244E-02   -0.145411E-02    0.562026E-03
 0.99528    0.427818E-02   -0.142898E-02    0.546076E-03
 1.00278    0.422477E-02   -0.140427E-02    0.530430E-03
 1.01028    0.417218E-02   -0.137996E-02    0.515080E-03
 1.01778    0.412040E-02   -0.135605E-02    0.500020E-03
 1.02528    0.406941E-02   -0.133254E-02    0.485246E-03
 1.03279    0.401920E-02   -0.130941E-02    0.470749E-03
 1.04029    0.396975E-02   -0.128666E-02    0.456526E-03
 1.04779    0.392105E-02   -0.126427E-02    0.442571E-03
 1.05529    0.387309E-02   -0.124225E-02    0.428877E-03
 1.06279    0.382584E-02   -0.122059E-02    0.415441E-03
 1.07030    0.377929E-02   -0.119927E-02    0.402257E-03
 1.07780    0.373344E-02   -0.117830E-02    0.389319E-03
 1.08530    0.368827E-02   -0.115766E-02    0.376622E-03
 1.09280    0.364377E-02   -0.113734E-02    0.364163E-03
 1.10030    0.359992E-02   -0.111736E-02    0.351936E-03
 1.10781    0.355671E-02   -0.109768E-02    0.339937E-03
 1.11531    0.351413E-02   -0.107832E-02    0.328161E-03
 1.12281    0.347217E-02   -0.105927E-02    0.316605E-03
 1.13031    0.343082E-02   -0.104051E-02    0.305262E-03
 1.13781    0.339006E-02   -0.102205E-02    0.294131E-03
 1.14532    0.334989E-02   -0.100387E-02    0.283206E-03
 1.15282    0.331030E-02   -0.985980E-03    0.272482E-03
 1.16032    0.327127E-02   -0.968367E-03    0.261958E-03
 1.16782    0.323280E-02   -0.951026E-03    0.251629E-03
 1.17533    0.319487E-02   -0.933954E-03    0.241490E-03
 1.18283    0.315747E-02   -0.917144E-03    0.231540E-03
 1.19033    0.312061E-02   -0.900594E-03    0.221773E-03
 1.19783    0.308426E-02   -0.884297E-03    0.212187E-03
 1.20533    0.304842E-02   -0.868250E-03    0.202778E-03
 1.21284    0.301307E-02   -0.852448E-03    0.193543E-03
 1.22034    0.297822E-02   -0.836886E-03    0.184479E-03
 1.22784    0.294385E-02   -0.821561E-03    0.175582E-03
 1.23534    0.290996E-02   -0.806469E-03    0.166849E-03
 1.24284    0.287653E-02   -0.791605E-03    0.158278E-03
 1.25035    0.284356E-02   -0.776965E-03    0.149865E-03
 1.25785    0.281104E-02   -0.762546E-03    0.141608E-03
 1.26535    0.277896E-02   -0.748344E-03    0.133503E-03
 1.27285    0.274732E-02   -0.734355E-03    0.125548E-03
 1.28035    0.271611E-02   -0.720575E-03    0.117740E-03
 1.28786    0.268532E-02   -0.707002E-03    0.110077E-03
 1.29536    0.265494E-02   -0.693630E-03    0.102555E-03
 1.30286    0.262497E-02   -0.680457E-03    0.951726E-04
 1.31036    0.259540E-02   -0.667480E-03    0.879272E-04
 1.31786    0.256622E-02   -0.654695E-03    0.808160E-04
 1.32537    0.253744E-02   -0.642099E-03    0.738367E-04
 1.33287    0.250903E-02   -0.629689E-03    0.669868E-04
 1.34037    0.248100E-02   -0.617462E-03    0.602643E-04
 1.34787    0.245333E-02   -0.605415E-03    0.536667E-04
 1.35538    0.242604E-02   -0.593545E-03    0.471923E-04
 1.36288    0.239909E-02   -0.581849E-03    0.408384E-04
 1.37038    0.237251E-02   -0.570324E-03    0.346031E-04
 1.37788    0.234626E-02   -0.558967E-03    0.284841E-04
 1.38538    0.232036E-02   -0.547776E-03    0.224794E-04
 1.39289    0.229479E-02   -0.536748E-03    0.165873E-04
 1.40039    0.226956E-02   -0.525880E-03    0.108058E-04
 1.40789    0.224464E-02   -0.515170E-03    0.513275E-05
 1.41539    0.222005E-02   -0.504616E-03   -0.433496E-06
 1.42289    0.219578E-02   -0.494215E-03   -0.589486E-05
 1.43040    0.217181E-02   -0.483963E-03   -0.112531E-04
 1.43790    0.214815E-02   -0.473860E-03   -0.165100E-04
 1.44540    0.212480E-02   -0.463902E-03   -0.216674E-04
 1.45290    0.210173E-02   -0.454088E-03   -0.267270E-04
 1.46040    0.207896E-02   -0.444415E-03   -0.316902E-04
 1.46791    0.205648E-02   -0.434881E-03   -0.365589E-04
 1.47541    0.203428E-02   -0.425484E-03   -0.413348E-04
 1.48291    0.201236E-02   -0.416221E-03   -0.460191E-04
 1.49041    0.199071E-02   -0.407091E-03   -0.506137E-04
 1.49791    0.196934E-02   -0.398091E-03   -0.551197E-04
 1.50542    0.194823E-02   -0.389220E-03   -0.595390E-04
 1.51292    0.192739E-02   -0.380475E-03   -0.638730E-04
 1.52042    0.190680E-02   -0.371855E-03   -0.681228E-04
 1.52792    0.188647E-02   -0.363358E-03   -0.722903E-04
 1.53543    0.186639E-02   -0.354981E-03   -0.763766E-04
 1.54293    0.184655E-02   -0.346724E-03   -0.803821E-04
 1.55043    0.182696E-02   -0.338583E-03   -0.843100E-04
 1.55793    0.180761E-02   -0.330559E-03   -0.881607E-04
 1.56543    0.178850E-02   -0.322647E-03   -0.919360E-04
 1.57294    0.176962E-02   -0.314848E-03   -0.956359E-04
 1.58044    0.175097E-02   -0.307159E-03   -0.992626E-04
 1.58794    0.173255E-02   -0.299579E-03   -0.102817E-03
 1.59544    0.171435E-02   -0.292105E-03   -0.106301E-03
 1.60294    0.169637E-02   -0.284737E-03   -0.109714E-03
 1.61045    0.167861E-02   -0.277473E-03   -0.113060E-03
 1.61795    0.166107E-02   -0.270311E-03   -0.116337E-03
 1.62545    0.164373E-02   -0.263251E-03   -0.119548E-03
 1.63295    0.162660E-02   -0.256289E-03   -0.122693E-03
 1.64045    0.160968E-02   -0.249426E-03   -0.125774E-03
 1.64796    0.159296E-02   -0.242658E-03   -0.128792E-03
 1.65546    0.157644E-02   -0.235986E-03   -0.131748E-03
 1.66296    0.156011E-02   -0.229407E-03   -0.134642E-03
 1.67046    0.154399E-02   -0.222921E-03   -0.137476E-03
 1.67796    0.152805E-02   -0.216526E-03   -0.140252E-03
 1.68547    0.151230E-02   -0.210221E-03   -0.142968E-03
 1.69297    0.149674E-02   -0.204004E-03   -0.145628E-03
 1.70047    0.148136E-02   -0.197875E-03   -0.148230E-03
 1.70797    0.146616E-02   -0.191831E-03   -0.150778E-03
 1.71548    0.145114E-02   -0.185872E-03   -0.153270E-03
 1.72298    0.143629E-02   -0.179996E-03   -0.155709E-03
 1.73048    0.142162E-02   -0.174203E-03   -0.158095E-03
 1.73798    0.140713E-02   -0.168491E-03   -0.160430E-03
 1.74548    0.139280E-02   -0.162859E-03   -0.162713E-03
 1.75299    0.137863E-02   -0.157305E-03   -0.164945E-03
 1.76049    0.136464E-02   -0.151830E-03   -0.167128E-03
 1.76799    0.135080E-02   -0.146431E-03   -0.169262E-03
 1.77549    0.133713E-02   -0.141108E-03   -0.171348E-03
 1.78299    0.132361E-02   -0.135859E-03   -0.173386E-03
 1.79050    0.131025E-02   -0.130684E-03   -0.175379E-03
 1.79800    0.129704E-02   -0.125581E-03   -0.177325E-03
 1.80550    0.128399E-02   -0.120550E-03   -0.179226E-03
 1.81300    0.127108E-02   -0.115590E-03   -0.181083E-03
 1.82050    0.125833E-02   -0.110699E-03   -0.182896E-03
 1.82801    0.124572E-02   -0.105877E-03   -0.184666E-03
 1.83551    0.123325E-02   -0.101122E-03   -0.186394E-03
 1.84301    0.122093E-02   -0.964350E-04   -0.188080E-03
 1.85051    0.120875E-02   -0.918129E-04   -0.189726E-03
 1.85802    0.119670E-02   -0.872558E-04   -0.191331E-03
 1.86552    0.118479E-02   -0.827627E-04   -0.192896E-03
 1.87302    0.117302E-02   -0.783328E-04   -0.194422E-03
 1.88052    0.116139E-02   -0.739645E-04   -0.195909E-03
 1.88802    0.114988E-02   -0.696586E-04   -0.197359E-03
 1.89553    0.113850E-02   -0.654134E-04   -0.198771E-03
 1.90303    0.112726E-02   -0.612281E-04   -0.200147E-03
 1.91053    0.111614E-02   -0.571019E-04   -0.201487E-03
 1.91803    0.110514E-02   -0.530339E-04   -0.202790E-03
 1.92553    0.109427E-02   -0.490236E-04   -0.204059E-03
 1.93304    0.108352E-02   -0.450715E-04   -0.205294E-03
 1.94054    0.107290E-02   -0.411726E-04   -0.206494E-03
 1.94804    0.106239E-02   -0.373305E-04   -0.207660E-03
 1.95554    0.105200E-02   -0.335425E-04   -0.208794E-03
 1.96304    0.104172E-02   -0.298087E-04   -0.209896E-03
 1.97055    0.103156E-02   -0.261283E-04   -0.210965E-03
 1.97805    0.102152E-02   -0.225003E-04   -0.212003E-03
 1.98555    0.101158E-02   -0.189241E-04   -0.213010E-03
 1.99305    0.100176E-02   -0.153991E-04   -0.213987E-03
 2.00055    0.992050E-03   -0.119257E-04   -0.214933E-03
 2.00806    0.982446E-03   -0.850102E-05   -0.215850E-03
 2.01556    0.972948E-03   -0.512476E-05   -0.216737E-03
 2.02306    0.963557E-03   -0.179811E-05   -0.217596E-03
 2.03056    0.954270E-03    0.148043E-05   -0.218426E-03
 2.03807    0.945086E-03    0.471156E-05   -0.219232E-03
 2.04557    0.936004E-03    0.789586E-05   -0.220007E-03
 2.05307    0.927023E-03    0.110339E-04   -0.220756E-03
 2.06057    0.918142E-03    0.141254E-04   -0.221477E-03
 2.06807    0.909360E-03    0.171734E-04   -0.222172E-03
 2.07558    0.900674E-03    0.201754E-04   -0.222841E-03
 2.08308    0.892085E-03    0.231340E-04   -0.223485E-03
 2.09058    0.883592E-03    0.260500E-04   -0.224104E-03
 2.09808    0.875192E-03    0.289214E-04   -0.224698E-03
 2.10558    0.866886E-03    0.317512E-04   -0.225267E-03
 2.11309    0.858671E-03    0.345389E-04   -0.225813E-03
 2.12059    0.850548E-03    0.372862E-04   -0.226334E-03
 2.12809    0.842515E-03    0.399916E-04   -0.226833E-03
 2.13559    0.834570E-03    0.426566E-04   -0.227308E-03
 2.14309    0.826714E-03    0.452815E-04   -0.227760E-03
 2.15060    0.818945E-03    0.478660E-04   -0.228191E-03
 2.15810    0.811262E-03    0.504125E-04   -0.228595E-03
 2.16560    0.803665E-03    0.529203E-04   -0.228982E-03
 2.17310    0.796151E-03    0.553899E-04   -0.229346E-03
 2.18060    0.788721E-03    0.578219E-04   -0.229690E-03
 2.18811    0.781374E-03    0.602165E-04   -0.230013E-03
 2.19561    0.774108E-03    0.625742E-04   -0.230315E-03
 2.20311    0.766924E-03    0.648953E-04   -0.230597E-03
 2.21061    0.759819E-03    0.671805E-04   -0.230859E-03
 2.21812    0.752794E-03    0.694300E-04   -0.231101E-03
 2.22562    0.745846E-03    0.716442E-04   -0.231324E-03
 2.23312    0.738977E-03    0.738236E-04   -0.231527E-03
 2.24062    0.732184E-03    0.759684E-04   -0.231712E-03
 2.24812    0.725468E-03    0.780789E-04   -0.231877E-03
 2.25563    0.718827E-03    0.801557E-04   -0.232025E-03
 2.26313    0.712260E-03    0.821991E-04   -0.232154E-03
 2.27063    0.705767E-03    0.842095E-04   -0.232264E-03
 2.27813    0.699348E-03    0.861869E-04   -0.232358E-03
 2.28563    0.693001E-03    0.881319E-04   -0.232433E-03
 2.29314    0.686726E-03    0.900448E-04   -0.232491E-03
 2.30064    0.680522E-03    0.919258E-04   -0.232532E-03
 2.30814    0.674389E-03    0.937755E-04   -0.232556E-03
 2.31564    0.668325E-03    0.955939E-04   -0.232564E-03
 2.32314    0.662331E-03    0.973815E-04   -0.232554E-03
 2.33065    0.656405E-03    0.991384E-04   -0.232529E-03
 2.33815    0.650548E-03    0.100865E-03   -0.232487E-03
 2.34565    0.644758E-03    0.102562E-03   -0.232429E-03
 2.35315    0.639034E-03    0.104228E-03   -0.232355E-03
 2.36065    0.633378E-03    0.105866E-03   -0.232266E-03
 2.36816    0.627787E-03    0.107474E-03   -0.232162E-03
 2.37566    0.622261E-03    0.109053E-03   -0.232042E-03
 2.38316    0.616800E-03    0.110603E-03   -0.231906E-03
 2.39066    0.611404E-03    0.112126E-03   -0.231756E-03
 2.39817    0.606071E-03    0.113619E-03   -0.231591E-03
 2.40567    0.600801E-03    0.115085E-03   -0.231411E-03
 2.41317    0.595594E-03    0.116523E-03   -0.231217E-03
 2.42067    0.590450E-03    0.117934E-03   -0.231009E-03
 2.42817    0.585367E-03    0.119317E-03   -0.230786E-03
 2.43568    0.580346E-03    0.120673E-03   -0.230549E-03
 2.44318    0.575386E-03    0.122002E-03   -0.230298E-03
 2.45068    0.570487E-03    0.123305E-03   -0.230033E-03
 2.45818    0.565647E-03    0.124581E-03   -0.229754E-03
 2.46568    0.560867E-03    0.125830E-03   -0.229462E-03
 2.47319    0.556147E-03    0.127054E-03   -0.229156E-03
 2.48069    0.551485E-03    0.128251E-03   -0.228836E-03
 2.48819    0.546882E-03    0.129423E-03   -0.228504E-03
 2.49569    0.542338E-03    0.130569E-03   -0.228158E-03
 2.50319    0.537851E-03    0.131690E-03   -0.227798E-03
 2.51070    0.533422E-03    0.132785E-03   -0.227426E-03
 2.51820    0.529049E-03    0.133855E-03   -0.227041E-03
 2.52570    0.524734E-03    0.134901E-03   -0.226643E-03
 2.53320    0.520475E-03    0.135921E-03   -0.226233E-03
 2.54070    0.516272E-03    0.136917E-03   -0.225809E-03
 2.54821    0.512124E-03    0.137888E-03   -0.225374E-03
 2.55571    0.508033E-03    0.138836E-03   -0.224925E-03
 2.56321    0.503996E-03    0.139758E-03   -0.224464E-03
 2.57071    0.500014E-03    0.140657E-03   -0.223991E-03
 2.57822    0.496087E-03    0.141532E-03   -0.223506E-03
 2.58572    0.492214E-03    0.142383E-03   -0.223008E-03
 2.59322    0.488395E-03    0.143210E-03   -0.222499E-03
 2.60072    0.484630E-03    0.144014E-03   -0.221977E-03
 2.60822    0.480918E-03    0.144794E-03   -0.221443E-03
 2.61573    0.477259E-03    0.145551E-03   -0.220897E-03
 2.62323    0.473652E-03    0.146286E-03   -0.220340E-03
 2.63073    0.470099E-03    0.146997E-03   -0.219771E-03
 2.63823    0.466598E-03    0.147685E-03   -0.219190E-03
 2.64573    0.463148E-03    0.148350E-03   -0.218597E-03
 2.65324    0.459751E-03    0.148993E-03   -0.217993E-03
 2.66074    0.456404E-03    0.149613E-03   -0.217377E-03
 2.66824    0.453109E-03    0.150211E-03   -0.216750E-03
 2.67574    0.449865E-03    0.150786E-03   -0.216112E-03
 2.68324    0.446671E-03    0.151340E-03   -0.215462E-03
 2.69075    0.443528E-03    0.151871E-03   -0.214801E-03
 2.69825    0.440435E-03    0.152381E-03   -0.214129E-03
 2.70575    0.437392E-03    0.152869E-03   -0.213445E-03
 2.71325    0.434398E-03    0.153335E-03   -0.212751E-03
 2.72075    0.431453E-03    0.153779E-03   -0.212046E-03
 2.72826    0.428557E-03    0.154203E-03   -0.211330E-03
 2.73576    0.425710E-03    0.154605E-03   -0.210603E-03
 2.74326    0.422911E-03    0.154986E-03   -0.209865E-03
 2.75076    0.420160E-03    0.155346E-03   -0.209117E-03
 2.75827    0.417457E-03    0.155685E-03   -0.208358E-03
 2.76577    0.414801E-03    0.156004E-03   -0.207588E-03
 2.77327    0.412193E-03    0.156302E-03   -0.206808E-03
 2.78077    0.409631E-03    0.156579E-03   -0.206018E-03
 2.78827    0.407115E-03    0.156837E-03   -0.205218E-03
 2.79578    0.404645E-03    0.157075E-03   -0.204408E-03
 2.80328    0.402221E-03    0.157292E-03   -0.203587E-03
 2.81078    0.399842E-03    0.157490E-03   -0.202757E-03
 2.81828    0.397508E-03    0.157669E-03   -0.201916E-03
 2.82578    0.395218E-03    0.157828E-03   -0.201067E-03
 2.83329    0.392973E-03    0.157969E-03   -0.200207E-03
 2.84079    0.390771E-03    0.158090E-03   -0.199338E-03
 2.84829    0.388612E-03    0.158193E-03   -0.198460E-03
 2.85579    0.386496E-03    0.158277E-03   -0.197572E-03
 2.86329    0.384422E-03    0.158343E-03   -0.196676E-03
 2.87080    0.382389E-03    0.158391E-03   -0.195771E-03
 2.87830    0.380398E-03    0.158420E-03   -0.194857E-03
 2.88580    0.378448E-03    0.158433E-03   -0.193934E-03
 2.89330    0.376538E-03    0.158428E-03   -0.193003E-03
 2.90080    0.374668E-03    0.158406E-03   -0.192064E-03
 2.90831    0.372836E-03    0.158367E-03   -0.191116E-03
 2.91581    0.371043E-03    0.158312E-03   -0.190160E-03
 2.92331    0.369289E-03    0.158241E-03   -0.189197E-03
 2.93081    0.367571E-03    0.158153E-03   -0.188226E-03
 2.93832    0.365891E-03    0.158050E-03   -0.187248E-03
 2.94582    0.364246E-03    0.157932E-03   -0.186263E-03
 2.95332    0.362637E-03    0.157798E-03   -0.185271E-03
 2.96082    0.361063E-03    0.157650E-03   -0.184272E-03
 2.96832    0.359523E-03    0.157487E-03   -0.183267E-03
 2.97583    0.358016E-03    0.157311E-03   -0.182255E-03
 2.98333    0.356541E-03    0.157121E-03   -0.181237E-03
 2.99083    0.355098E-03    0.156917E-03   -0.180213E-03
 2.99833    0.353687E-03    0.156701E-03   -0.179184E-03
 3.00583    0.352305E-03    0.156472E-03   -0.178150E-03
 3.01334    0.350953E-03    0.156231E-03   -0.177110E-03
 3.02084    0.349630E-03    0.155978E-03   -0.176066E-03
 3.02834    0.348334E-03    0.155714E-03   -0.175017E-03
 3.03584    0.347066E-03    0.155439E-03   -0.173965E-03
 3.04334    0.345823E-03    0.155154E-03   -0.172908E-03
 3.05085    0.344605E-03    0.154858E-03   -0.171848E-03
 3.05835    0.343412E-03    0.154553E-03   -0.170784E-03
 3.06585    0.342242E-03    0.154239E-03   -0.169718E-03
 3.07335    0.341094E-03    0.153916E-03   -0.168649E-03
 3.08085    0.339968E-03    0.153584E-03   -0.167577E-03
 3.08836    0.338862E-03    0.153246E-03   -0.166504E-03
 3.09586    0.337775E-03    0.152899E-03   -0.165429E-03
 3.10336    0.336707E-03    0.152546E-03   -0.164353E-03
 3.11086    0.335656E-03    0.152187E-03   -0.163275E-03
 3.11837    0.334621E-03    0.151822E-03   -0.162198E-03
 3.12587    0.333602E-03    0.151452E-03   -0.161119E-03
 3.13337    0.332597E-03    0.151077E-03   -0.160041E-03
 3.14087    0.331604E-03    0.150698E-03   -0.158964E-03
 3.14837    0.330624E-03    0.150315E-03   -0.157888E-03
 3.15588    0.329654E-03    0.149930E-03   -0.156812E-03
 3.16338    0.328694E-03    0.149541E-03   -0.155739E-03
 3.17088    0.327743E-03    0.149159E-03   -0.154667E-03
 3.17838    0.326800E-03    0.148767E-03   -0.153598E-03
 3.18588    0.325862E-03    0.148375E-03   -0.152531E-03
 3.19339    0.324930E-03    0.147981E-03   -0.151468E-03
 3.20089    0.324003E-03    0.147588E-03   -0.150408E-03
 3.20839    0.323078E-03    0.147196E-03   -0.149352E-03
 3.21589    0.322155E-03    0.146805E-03   -0.148300E-03
 3.22339    0.321232E-03    0.146416E-03   -0.147254E-03
 3.23090    0.320310E-03    0.146020E-03   -0.146212E-03
 3.23840    0.319385E-03    0.145636E-03   -0.145176E-03
 3.24590    0.318458E-03    0.145256E-03   -0.144146E-03
 3.25340    0.317527E-03    0.144880E-03   -0.143122E-03
 3.26090    0.316592E-03    0.144508E-03   -0.142105E-03
 3.26841    0.315650E-03    0.144141E-03   -0.141095E-03
 3.27591    0.314700E-03    0.143781E-03   -0.140092E-03
 3.28341    0.313743E-03    0.143426E-03   -0.139097E-03
 3.29091    0.312776E-03    0.143079E-03   -0.138111E-03
 3.29842    0.311799E-03    0.142738E-03   -0.137133E-03
 3.30592    0.310810E-03    0.142406E-03   -0.136164E-03
 3.31342    0.309808E-03    0.142082E-03   -0.135205E-03
 3.32092    0.308792E-03    0.141767E-03   -0.134255E-03
 3.32842    0.307762E-03    0.141461E-03   -0.133315E-03
 3.33593    0.306716E-03    0.141165E-03   -0.132386E-03
 3.34343    0.305653E-03    0.140889E-03   -0.131468E-03
 3.35093    0.304572E-03    0.140615E-03   -0.130560E-03
 3.35843    0.303473E-03    0.140352E-03   -0.129665E-03
 3.36593    0.302353E-03    0.140101E-03   -0.128781E-03
 3.37344    0.301214E-03    0.139862E-03   -0.127909E-03
 3.38094    0.300053E-03    0.139626E-03   -0.127049E-03
 3.38844    0.298869E-03    0.139413E-03   -0.126202E-03
 3.39594    0.297662E-03    0.139213E-03   -0.125368E-03
 3.40344    0.296431E-03    0.139027E-03   -0.124548E-03
 3.41095    0.295175E-03    0.138856E-03   -0.123741E-03
 3.41845    0.293894E-03    0.138699E-03   -0.122947E-03
 3.42595    0.292586E-03    0.138558E-03   -0.122168E-03
 3.43345    0.291251E-03    0.138432E-03   -0.121403E-03
 3.44095    0.289889E-03    0.138323E-03   -0.120653E-03
 3.44846    0.288498E-03    0.138228E-03   -0.119917E-03
 3.45596    0.287078E-03    0.138150E-03   -0.119197E-03
 3.46346    0.285629E-03    0.138087E-03   -0.118491E-03
 3.47096    0.284149E-03    0.138044E-03   -0.117801E-03
 3.47847    0.282639E-03    0.138017E-03   -0.117146E-03
 3.48597    0.281098E-03    0.138007E-03   -0.116467E-03
 3.49347    0.279525E-03    0.138015E-03   -0.115824E-03
 3.50097    0.277920E-03    0.138040E-03   -0.115197E-03
 3.50847    0.276283E-03    0.138084E-03   -0.114586E-03
 3.51598    0.274613E-03    0.138146E-03   -0.113991E-03
 3.52348    0.272910E-03    0.138225E-03   -0.113412E-03
 3.53098    0.271174E-03    0.138324E-03   -0.112849E-03
 3.53848    0.269404E-03    0.138440E-03   -0.112303E-03
 3.54598    0.267601E-03    0.138576E-03   -0.111774E-03
 3.55349    0.265763E-03    0.138730E-03   -0.111261E-03
 3.56099    0.263892E-03    0.138903E-03   -0.110764E-03
 3.56849    0.261987E-03    0.139095E-03   -0.110284E-03
 3.57599    0.260048E-03    0.139305E-03   -0.109820E-03
 3.58349    0.258075E-03    0.139534E-03   -0.109373E-03
 3.59100    0.256068E-03    0.139781E-03   -0.108943E-03
 3.59850    0.254028E-03    0.140048E-03   -0.108529E-03
 3.60600    0.251952E-03    0.140333E-03   -0.108131E-03
 3.61350    0.249843E-03    0.140637E-03   -0.107749E-03
 3.62101    0.247701E-03    0.140959E-03   -0.107384E-03
 3.62851    0.245525E-03    0.141299E-03   -0.107035E-03
 3.63601    0.243316E-03    0.141658E-03   -0.106702E-03
 3.64351    0.241075E-03    0.142035E-03   -0.106385E-03
 3.65101    0.238801E-03    0.142430E-03   -0.106084E-03
 3.65852    0.236495E-03    0.142843E-03   -0.105798E-03
 3.66602    0.234158E-03    0.143273E-03   -0.105528E-03
 3.67352    0.231789E-03    0.143720E-03   -0.105273E-03
 3.68102    0.229389E-03    0.144185E-03   -0.105033E-03
 3.68852    0.226959E-03    0.144666E-03   -0.104809E-03
 3.69603    0.224499E-03    0.145164E-03   -0.104598E-03
 3.70353    0.222009E-03    0.145677E-03   -0.104403E-03
 3.71103    0.219492E-03    0.146207E-03   -0.104222E-03
 3.71853    0.216945E-03    0.146753E-03   -0.104054E-03
 3.72603    0.214371E-03    0.147315E-03   -0.103901E-03
 3.73354    0.211770E-03    0.147892E-03   -0.103761E-03
 3.74104    0.209143E-03    0.148483E-03   -0.103635E-03
 3.74854    0.206490E-03    0.149089E-03   -0.103522E-03
 3.75604    0.203812E-03    0.149709E-03   -0.103421E-03
 3.76354    0.201111E-03    0.150343E-03   -0.103333E-03
 3.77105    0.198386E-03    0.150990E-03   -0.103258E-03
 3.77855    0.195639E-03    0.151650E-03   -0.103194E-03
 3.78605    0.192870E-03    0.152322E-03   -0.103142E-03
 3.79355    0.190079E-03    0.153007E-03   -0.103101E-03
 3.80106    0.187269E-03    0.153703E-03   -0.103071E-03
 3.80856    0.184439E-03    0.154411E-03   -0.103052E-03
 3.81606    0.181591E-03    0.155129E-03   -0.103043E-03
 3.82356    0.178725E-03    0.155858E-03   -0.103044E-03
 3.83106    0.175843E-03    0.156597E-03   -0.103055E-03
 3.83857    0.172945E-03    0.157345E-03   -0.103076E-03
 3.84607    0.170032E-03    0.158103E-03   -0.103105E-03
 3.85357    0.167105E-03    0.158868E-03   -0.103143E-03
 3.86107    0.164166E-03    0.159643E-03   -0.103189E-03
 3.86857    0.161213E-03    0.160424E-03   -0.103243E-03
 3.87608    0.158250E-03    0.161213E-03   -0.103305E-03
 3.88358    0.155277E-03    0.162009E-03   -0.103374E-03
 3.89108    0.152294E-03    0.162812E-03   -0.103450E-03
 3.89858    0.149303E-03    0.163619E-03   -0.103532E-03
 3.90608    0.146304E-03    0.164433E-03   -0.103621E-03
 3.91359    0.143299E-03    0.165251E-03   -0.103715E-03
 3.92109    0.140289E-03    0.166073E-03   -0.103815E-03
 3.92859    0.137274E-03    0.166900E-03   -0.103920E-03
 3.93609    0.134256E-03    0.167730E-03   -0.104030E-03
 3.94359    0.131234E-03    0.168562E-03   -0.104144E-03
 3.95110    0.128211E-03    0.169398E-03   -0.104262E-03
 3.95860    0.125188E-03    0.170235E-03   -0.104385E-03
 3.96610    0.122163E-03    0.171074E-03   -0.104509E-03
 3.97360    0.119141E-03    0.171914E-03   -0.104638E-03
 3.98111    0.116120E-03    0.172755E-03   -0.104769E-03
 3.98861    0.113102E-03    0.173596E-03   -0.104903E-03
 3.99611    0.110088E-03    0.174437E-03   -0.105038E-03
 4.00361    0.107079E-03    0.175277E-03   -0.105175E-03
 4.01111    0.104075E-03    0.176116E-03   -0.105314E-03
 4.01862    0.101077E-03    0.176954E-03   -0.105453E-03
 4.02612    0.980864E-04    0.177789E-03   -0.105593E-03
 4.03362    0.951038E-04    0.178623E-03   -0.105734E-03
 4.04112    0.921299E-04    0.179453E-03   -0.105875E-03
 4.04862    0.891657E-04    0.180280E-03   -0.106015E-03
 4.05613    0.862120E-04    0.181104E-03   -0.106156E-03
 4.06363    0.832700E-04    0.181924E-03   -0.106295E-03
 4.07113    0.803395E-04    0.182739E-03   -0.106433E-03
 4.07863    0.774217E-04    0.183550E-03   -0.106570E-03
 4.08613    0.745173E-04    0.184356E-03   -0.106705E-03
 4.09364    0.716272E-04    0.185156E-03   -0.106839E-03
 4.10114    0.687518E-04    0.185951E-03   -0.106970E-03
 4.10864    0.658920E-04    0.186739E-03   -0.107099E-03
 4.11614    0.630483E-04    0.187521E-03   -0.107225E-03
 4.12364    0.602214E-04    0.188296E-03   -0.107349E-03
 4.13115    0.574121E-04    0.189064E-03   -0.107469E-03
 4.13865    0.546208E-04    0.189825E-03   -0.107586E-03
 4.14615    0.518482E-04    0.190579E-03   -0.107700E-03
 4.15365    0.490949E-04    0.191324E-03   -0.107809E-03
 4.16116    0.463610E-04    0.192061E-03   -0.107915E-03
 4.16866    0.436477E-04    0.192790E-03   -0.108017E-03
 4.17616    0.409554E-04    0.193509E-03   -0.108114E-03
 4.18366    0.382842E-04    0.194220E-03   -0.108206E-03
 4.19116    0.356347E-04    0.194922E-03   -0.108294E-03
 4.19867    0.330074E-04    0.195614E-03   -0.108377E-03
 4.20617    0.304029E-04    0.196296E-03   -0.108455E-03
 4.21367    0.278215E-04    0.196969E-03   -0.108528E-03
 4.22117    0.252637E-04    0.197631E-03   -0.108595E-03
 4.22867    0.227297E-04    0.198283E-03   -0.108657E-03
 4.23618    0.202199E-04    0.198925E-03   -0.108713E-03
 4.24368    0.177346E-04    0.199557E-03   -0.108764E-03
 4.25118    0.152744E-04    0.200177E-03   -0.108808E-03
 4.25868    0.128394E-04    0.200786E-03   -0.108847E-03
 4.26618    0.104300E-04    0.201385E-03   -0.108880E-03
 4.27369    0.804625E-05    0.201972E-03   -0.108906E-03
 4.28119    0.568851E-05    0.202548E-03   -0.108926E-03
 4.28869    0.335701E-05    0.203113E-03   -0.108940E-03
 4.29619    0.105204E-05    0.203666E-03   -0.108946E-03
 4.30369   -0.122633E-05    0.204207E-03   -0.108947E-03
 4.31120   -0.347782E-05    0.204736E-03   -0.108941E-03
 4.31870   -0.570218E-05    0.205254E-03   -0.108928E-03
 4.32620   -0.789946E-05    0.205760E-03   -0.108908E-03
 4.33370   -0.100697E-04    0.206253E-03   -0.108882E-03
 4.34121   -0.122123E-04    0.206735E-03   -0.108849E-03
 4.34871   -0.143273E-04    0.207205E-03   -0.108809E-03
 4.35621   -0.164147E-04    0.207663E-03   -0.108762E-03
 4.36371   -0.184744E-04    0.208108E-03   -0.108708E-03
 4.37121   -0.205065E-04    0.208542E-03   -0.108647E-03
 4.37872   -0.225107E-04    0.208962E-03   -0.108579E-03
 4.38622   -0.244871E-04    0.209371E-03   -0.108505E-03
 4.39372   -0.264357E-04    0.209768E-03   -0.108423E-03
 4.40122   -0.283564E-04    0.210152E-03   -0.108334E-03
 4.40872   -0.302494E-04    0.210524E-03   -0.108238E-03
 4.41623   -0.321145E-04    0.210884E-03   -0.108136E-03
 4.42373   -0.339519E-04    0.211232E-03   -0.108026E-03
 4.43123   -0.357614E-04    0.211567E-03   -0.107909E-03
 4.43873   -0.375435E-04    0.211891E-03   -0.107785E-03
 4.44623   -0.392979E-04    0.212202E-03   -0.107655E-03
 4.45374   -0.410247E-04    0.212501E-03   -0.107517E-03
 4.46124   -0.427243E-04    0.212788E-03   -0.107373E-03
 4.46874   -0.443965E-04    0.213063E-03   -0.107221E-03
 4.47624   -0.460414E-04    0.213326E-03   -0.107063E-03
 4.48374   -0.476593E-04    0.213578E-03   -0.106899E-03
 4.49125   -0.492502E-04    0.213817E-03   -0.106727E-03
 4.49875   -0.508146E-04    0.214045E-03   -0.106549E-03
 4.50625   -0.523517E-04    0.214261E-03   -0.106364E-03
 4.51375   -0.538626E-04    0.214466E-03   -0.106173E-03
 4.52126   -0.553472E-04    0.214659E-03   -0.105975E-03
 4.52876   -0.568057E-04    0.214840E-03   -0.105771E-03
 4.53626   -0.582379E-04    0.215010E-03   -0.105560E-03
 4.54376   -0.596445E-04    0.215170E-03   -0.105343E-03
 4.55126   -0.610254E-04    0.215317E-03   -0.105120E-03
 4.55877   -0.623810E-04    0.215454E-03   -0.104890E-03
 4.56627   -0.637112E-04    0.215580E-03   -0.104655E-03
 4.57377   -0.650164E-04    0.215695E-03   -0.104413E-03
 4.58127   -0.662968E-04    0.215799E-03   -0.104166E-03
 4.58877   -0.675526E-04    0.215893E-03   -0.103912E-03
 4.59628   -0.687841E-04    0.215976E-03   -0.103653E-03
 4.60378   -0.699914E-04    0.216049E-03   -0.103388E-03
 4.61128   -0.711748E-04    0.216111E-03   -0.103117E-03
 4.61878   -0.723345E-04    0.216163E-03   -0.102841E-03
 4.62628   -0.734708E-04    0.216205E-03   -0.102559E-03
 4.63379   -0.745838E-04    0.216237E-03   -0.102272E-03
 4.64129   -0.756740E-04    0.216259E-03   -0.101979E-03
 4.64879   -0.767413E-04    0.216271E-03   -0.101681E-03
 4.65629   -0.777862E-04    0.216274E-03   -0.101378E-03
 4.66379   -0.788089E-04    0.216267E-03   -0.101071E-03
 4.67130   -0.798096E-04    0.216251E-03   -0.100758E-03
 4.67880   -0.807886E-04    0.216226E-03   -0.100440E-03
 4.68630   -0.817464E-04    0.216192E-03   -0.100117E-03
 4.69380   -0.826825E-04    0.216149E-03   -0.997899E-04
 4.70131   -0.835979E-04    0.216097E-03   -0.994581E-04
 4.70881   -0.844927E-04    0.216035E-03   -0.991214E-04
 4.71631   -0.853670E-04    0.215966E-03   -0.987806E-04
 4.72381   -0.862213E-04    0.215888E-03   -0.984351E-04
 4.73131   -0.870555E-04    0.215801E-03   -0.980856E-04
 4.73882   -0.878702E-04    0.215707E-03   -0.977323E-04
 4.74632   -0.886655E-04    0.215604E-03   -0.973740E-04
 4.75382   -0.894417E-04    0.215494E-03   -0.970121E-04
 4.76132   -0.901991E-04    0.215375E-03   -0.966464E-04
 4.76882   -0.909379E-04    0.215249E-03   -0.962767E-04
 4.77633   -0.916584E-04    0.215115E-03   -0.959038E-04
 4.78383   -0.923608E-04    0.214974E-03   -0.955270E-04
 4.79133   -0.930454E-04    0.214826E-03   -0.951466E-04
 4.79883   -0.937126E-04    0.214670E-03   -0.947624E-04
 4.80633   -0.943624E-04    0.214507E-03   -0.943752E-04
 4.81384   -0.949952E-04    0.214337E-03   -0.939846E-04
 4.82134   -0.956111E-04    0.214161E-03   -0.935909E-04
 4.82884   -0.962106E-04    0.213977E-03   -0.931939E-04
 4.83634   -0.967939E-04    0.213788E-03   -0.927940E-04
 4.84384   -0.973613E-04    0.213591E-03   -0.923910E-04
 4.85135   -0.979128E-04    0.213389E-03   -0.919854E-04
 4.85885   -0.984488E-04    0.213180E-03   -0.915769E-04
 4.86635   -0.989694E-04    0.212965E-03   -0.911658E-04
 4.87385   -0.994753E-04    0.212744E-03   -0.907520E-04
 4.88136   -0.999661E-04    0.212517E-03   -0.903357E-04
 4.88886   -0.100443E-03    0.212285E-03   -0.899171E-04
 4.89636   -0.100905E-03    0.212047E-03   -0.894962E-04
 4.90386   -0.101353E-03    0.211803E-03   -0.890727E-04
 4.91136   -0.101787E-03    0.211554E-03   -0.886472E-04
 4.91887   -0.102208E-03    0.211300E-03   -0.882194E-04
 4.92637   -0.102615E-03    0.211041E-03   -0.877896E-04
 4.93387   -0.103009E-03    0.210776E-03   -0.873579E-04
 4.94137   -0.103390E-03    0.210507E-03   -0.869243E-04
 4.94887   -0.103759E-03    0.210233E-03   -0.864888E-04
 4.95638   -0.104115E-03    0.209953E-03   -0.860516E-04
 4.96388   -0.104459E-03    0.209670E-03   -0.856127E-04
 4.97138   -0.104790E-03    0.209381E-03   -0.851722E-04
 4.97888   -0.105110E-03    0.209089E-03   -0.847302E-04
 4.98638   -0.105419E-03    0.208792E-03   -0.842867E-04
 4.99389   -0.105716E-03    0.208491E-03   -0.838417E-04
 5.00139   -0.106002E-03    0.208185E-03   -0.833955E-04
 5.00889   -0.106276E-03    0.207876E-03   -0.829479E-04
 5.01639   -0.106540E-03    0.207563E-03   -0.824990E-04
 5.02389   -0.106794E-03    0.207245E-03   -0.820492E-04
 5.03140   -0.107037E-03    0.206925E-03   -0.815982E-04
 5.03890   -0.107269E-03    0.206600E-03   -0.811461E-04
 5.04640   -0.107492E-03    0.206272E-03   -0.806931E-04
 5.05390   -0.107705E-03    0.205940E-03   -0.802392E-04
 5.06141   -0.107908E-03    0.205605E-03   -0.797845E-04
 5.06891   -0.108102E-03    0.205267E-03   -0.793289E-04
 5.07641   -0.108286E-03    0.204926E-03   -0.788727E-04
 5.08391   -0.108462E-03    0.204581E-03   -0.784159E-04
 5.09141   -0.108628E-03    0.204233E-03   -0.779581E-04
 5.09892   -0.108786E-03    0.203883E-03   -0.775000E-04
 5.10642   -0.108935E-03    0.203529E-03   -0.770413E-04
 5.11392   -0.109075E-03    0.203173E-03   -0.765822E-04
 5.12142   -0.109208E-03    0.202814E-03   -0.761227E-04
 5.12892   -0.109332E-03    0.202452E-03   -0.756628E-04
 5.13643   -0.109448E-03    0.202087E-03   -0.752026E-04
 5.14393   -0.109557E-03    0.201721E-03   -0.747419E-04
 5.15143   -0.109658E-03    0.201351E-03   -0.742814E-04
 5.15893   -0.109751E-03    0.200980E-03   -0.738206E-04
 5.16643   -0.109837E-03    0.200606E-03   -0.733597E-04
 5.17394   -0.109916E-03    0.200230E-03   -0.728985E-04
 5.18144   -0.109988E-03    0.199851E-03   -0.724375E-04
 5.18894   -0.110052E-03    0.199471E-03   -0.719763E-04
 5.19644   -0.110111E-03    0.199088E-03   -0.715153E-04
 5.20394   -0.110162E-03    0.198704E-03   -0.710542E-04
 5.21145   -0.110207E-03    0.198318E-03   -0.705934E-04
 5.21895   -0.110246E-03    0.197930E-03   -0.701328E-04
 5.22645   -0.110278E-03    0.197540E-03   -0.696722E-04
 5.23395   -0.110304E-03    0.197148E-03   -0.692122E-04
 5.24146   -0.110324E-03    0.196755E-03   -0.687520E-04
 5.24896   -0.110339E-03    0.196360E-03   -0.682924E-04
 5.25646   -0.110347E-03    0.195964E-03   -0.678329E-04
 5.26396   -0.110350E-03    0.195566E-03   -0.673741E-04
 5.27146   -0.110348E-03    0.195167E-03   -0.669156E-04
 5.27897   -0.110340E-03    0.194766E-03   -0.664576E-04
 5.28647   -0.110327E-03    0.194364E-03   -0.659999E-04
 5.29397   -0.110309E-03    0.193961E-03   -0.655429E-04
 5.30147   -0.110285E-03    0.193556E-03   -0.650863E-04
 5.30897   -0.110257E-03    0.193150E-03   -0.646303E-04
 5.31648   -0.110224E-03    0.192743E-03   -0.641749E-04
 5.32398   -0.110186E-03    0.192336E-03   -0.637202E-04
 5.33148   -0.110143E-03    0.191927E-03   -0.632661E-04
 5.33898   -0.110096E-03    0.191517E-03   -0.628125E-04
 5.34648   -0.110045E-03    0.191106E-03   -0.623597E-04
 5.35399   -0.109989E-03    0.190694E-03   -0.619077E-04
 5.36149   -0.109929E-03    0.190281E-03   -0.614565E-04
 5.36899   -0.109865E-03    0.189868E-03   -0.610062E-04
 5.37649   -0.109796E-03    0.189454E-03   -0.605563E-04
 5.38399   -0.109724E-03    0.189039E-03   -0.601075E-04
 5.39150   -0.109648E-03    0.188623E-03   -0.596594E-04
 5.39900   -0.109568E-03    0.188206E-03   -0.592123E-04
 5.40650   -0.109484E-03    0.187789E-03   -0.587660E-04
 5.41400   -0.109396E-03    0.187372E-03   -0.583207E-04
 5.42151   -0.109306E-03    0.186954E-03   -0.578763E-04
 5.42901   -0.109211E-03    0.186535E-03   -0.574328E-04
 5.43651   -0.109113E-03    0.186116E-03   -0.569903E-04
 5.44401   -0.109012E-03    0.185697E-03   -0.565487E-04
 5.45151   -0.108908E-03    0.185277E-03   -0.561082E-04
 5.45902   -0.108800E-03    0.184856E-03   -0.556687E-04
 5.46652   -0.108689E-03    0.184436E-03   -0.552302E-04
 5.47402   -0.108575E-03    0.184015E-03   -0.547927E-04
 5.48152   -0.108459E-03    0.183593E-03   -0.543564E-04
 5.48902   -0.108339E-03    0.183172E-03   -0.539210E-04
 5.49653   -0.108217E-03    0.182750E-03   -0.534868E-04
 5.50403   -0.108091E-03    0.182328E-03   -0.530532E-04
 5.51153   -0.107963E-03    0.181906E-03   -0.526217E-04
 5.51903   -0.107833E-03    0.181484E-03   -0.521908E-04
 5.52653   -0.107700E-03    0.181061E-03   -0.517611E-04
 5.53404   -0.107564E-03    0.180639E-03   -0.513322E-04
 5.54154   -0.107426E-03    0.180216E-03   -0.509053E-04
 5.54904   -0.107285E-03    0.179794E-03   -0.504790E-04
 5.55654   -0.107142E-03    0.179371E-03   -0.500540E-04
 5.56405   -0.106997E-03    0.178948E-03   -0.496302E-04
 5.57155   -0.106850E-03    0.178526E-03   -0.492077E-04
 5.57905   -0.106700E-03    0.178103E-03   -0.487863E-04
 5.58655   -0.106548E-03    0.177681E-03   -0.483662E-04
 5.59405   -0.106395E-03    0.177259E-03   -0.479474E-04
 5.60156   -0.106239E-03    0.176836E-03   -0.475298E-04
 5.60906   -0.106081E-03    0.176414E-03   -0.471134E-04
 5.61656   -0.105921E-03    0.175993E-03   -0.466983E-04
 5.62406   -0.105760E-03    0.175571E-03   -0.462846E-04
 5.63156   -0.105596E-03    0.175149E-03   -0.458721E-04
 5.63907   -0.105431E-03    0.174728E-03   -0.454609E-04
 5.64657   -0.105264E-03    0.174307E-03   -0.450509E-04
 5.65407   -0.105095E-03    0.173886E-03   -0.446424E-04
 5.66157   -0.104925E-03    0.173466E-03   -0.442350E-04
 5.66907   -0.104753E-03    0.173046E-03   -0.438297E-04
 5.67658   -0.104580E-03    0.172626E-03   -0.434249E-04
 5.68408   -0.104405E-03    0.172206E-03   -0.430217E-04
 5.69158   -0.104228E-03    0.171787E-03   -0.426199E-04
 5.69908   -0.104050E-03    0.171368E-03   -0.422194E-04
 5.70658   -0.103871E-03    0.170950E-03   -0.418204E-04
 5.71409   -0.103690E-03    0.170532E-03   -0.414227E-04
 5.72159   -0.103508E-03    0.170114E-03   -0.410264E-04
 5.72909   -0.103325E-03    0.169697E-03   -0.406314E-04
 5.73659   -0.103140E-03    0.169280E-03   -0.402376E-04
 5.74410   -0.102954E-03    0.168864E-03   -0.398457E-04
 5.75160   -0.102767E-03    0.168447E-03   -0.394549E-04
 5.75910   -0.102579E-03    0.168032E-03   -0.390656E-04
 5.76660   -0.102390E-03    0.167617E-03   -0.386778E-04
 5.77410   -0.102200E-03    0.167203E-03   -0.382911E-04
 5.78161   -0.102008E-03    0.166789E-03   -0.379063E-04
 5.78911   -0.101816E-03    0.166375E-03   -0.375226E-04
 5.79661   -0.101622E-03    0.165962E-03   -0.371403E-04
 5.80411   -0.101428E-03    0.165550E-03   -0.367598E-04
 5.81161   -0.101232E-03    0.165138E-03   -0.363804E-04
 5.81912   -0.101036E-03    0.164727E-03   -0.360024E-04
 5.82662   -0.100839E-03    0.164316E-03   -0.356262E-04
 5.83412   -0.100641E-03    0.163906E-03   -0.352510E-04
 5.84162   -0.100442E-03    0.163497E-03   -0.348775E-04
 5.84912   -0.100242E-03    0.163088E-03   -0.345055E-04
 5.85663   -0.100042E-03    0.162680E-03   -0.341349E-04
 5.86413   -0.998404E-04    0.162272E-03   -0.337658E-04
 5.87163   -0.996384E-04    0.161865E-03   -0.333982E-04
 5.87913   -0.994358E-04    0.161459E-03   -0.330320E-04
 5.88663   -0.992325E-04    0.161053E-03   -0.326675E-04
 5.89414   -0.990285E-04    0.160648E-03   -0.323040E-04
 5.90164   -0.988240E-04    0.160243E-03   -0.319425E-04
 5.90914   -0.986188E-04    0.159840E-03   -0.315821E-04
 5.91664   -0.984130E-04    0.159437E-03   -0.312233E-04
 5.92415   -0.982069E-04    0.159034E-03   -0.308659E-04
 5.93165   -0.979998E-04    0.158633E-03   -0.305100E-04
 5.93915   -0.977924E-04    0.158232E-03   -0.301557E-04
 5.94665   -0.975845E-04    0.157832E-03   -0.298027E-04
 5.95415   -0.973761E-04    0.157432E-03   -0.294513E-04
 5.96166   -0.971673E-04    0.157033E-03   -0.291011E-04
 5.96916   -0.969580E-04    0.156635E-03   -0.287529E-04
 5.97666   -0.967483E-04    0.156238E-03   -0.284059E-04
 5.98416   -0.965383E-04    0.155842E-03   -0.280604E-04
 5.99166   -0.963278E-04    0.155446E-03   -0.277165E-04
 5.99917   -0.961170E-04    0.155051E-03   -0.273737E-04
 6.00667   -0.959058E-04    0.154657E-03   -0.270327E-04
 6.01417   -0.956943E-04    0.154263E-03   -0.266930E-04
 6.02167   -0.954825E-04    0.153870E-03   -0.263550E-04
 6.02917   -0.952707E-04    0.153478E-03   -0.260182E-04
 6.03668   -0.950580E-04    0.153087E-03   -0.256830E-04
 6.04418   -0.948454E-04    0.152697E-03   -0.253493E-04
 6.05168   -0.946325E-04    0.152307E-03   -0.250171E-04
 6.05918   -0.944194E-04    0.151918E-03   -0.246863E-04
 6.06668   -0.942061E-04    0.151530E-03   -0.243570E-04
 6.07419   -0.939925E-04    0.151143E-03   -0.240292E-04
 6.08169   -0.937788E-04    0.150757E-03   -0.237028E-04
 6.08919   -0.935650E-04    0.150371E-03   -0.233779E-04
 6.09669   -0.933510E-04    0.149987E-03   -0.230544E-04
 6.10420   -0.931368E-04    0.149603E-03   -0.227324E-04
 6.11170   -0.929225E-04    0.149220E-03   -0.224120E-04
 6.11920   -0.927081E-04    0.148837E-03   -0.220929E-04
 6.12670   -0.924936E-04    0.148456E-03   -0.217753E-04
 6.13420   -0.922791E-04    0.148075E-03   -0.214589E-04
 6.14171   -0.920644E-04    0.147695E-03   -0.211442E-04
 6.14921   -0.918497E-04    0.147317E-03   -0.208309E-04
 6.15671   -0.916350E-04    0.146939E-03   -0.205191E-04
 6.16421   -0.914202E-04    0.146561E-03   -0.202088E-04
 6.17171   -0.912054E-04    0.146185E-03   -0.198998E-04
 6.17922   -0.909906E-04    0.145810E-03   -0.195923E-04
 6.18672   -0.907758E-04    0.145435E-03   -0.192862E-04
 6.19422   -0.905610E-04    0.145061E-03   -0.189816E-04
 6.20172   -0.903463E-04    0.144688E-03   -0.186786E-04
 6.20922   -0.901315E-04    0.144316E-03   -0.183766E-04
 6.21673   -0.899168E-04    0.143945E-03   -0.180762E-04
 6.22423   -0.897022E-04    0.143574E-03   -0.177772E-04
 6.23173   -0.894877E-04    0.143205E-03   -0.174797E-04
 6.23923   -0.892732E-04    0.142836E-03   -0.171835E-04
 6.24673   -0.890589E-04    0.142469E-03   -0.168887E-04
 6.25424   -0.888446E-04    0.142102E-03   -0.165954E-04
 6.26174   -0.886305E-04    0.141736E-03   -0.163035E-04
 6.26924   -0.884165E-04    0.141371E-03   -0.160130E-04
 6.27674   -0.882025E-04    0.141007E-03   -0.157238E-04
 6.28425   -0.879888E-04    0.140643E-03   -0.154361E-04
 6.29175   -0.877752E-04    0.140281E-03   -0.151497E-04
 6.29925   -0.875618E-04    0.139919E-03   -0.148647E-04
 6.30675   -0.873485E-04    0.139559E-03   -0.145811E-04
 6.31425   -0.871355E-04    0.139199E-03   -0.142992E-04
 6.32176   -0.869226E-04    0.138840E-03   -0.140183E-04
 6.32926   -0.867099E-04    0.138482E-03   -0.137388E-04
 6.33676   -0.864975E-04    0.138125E-03   -0.134607E-04
 6.34426   -0.862852E-04    0.137769E-03   -0.131839E-04
 6.35176   -0.860731E-04    0.137414E-03   -0.129082E-04
 6.35927   -0.858613E-04    0.137060E-03   -0.126341E-04
 6.36677   -0.856498E-04    0.136707E-03   -0.123613E-04
 6.37427   -0.854385E-04    0.136354E-03   -0.120899E-04
 6.38177   -0.852274E-04    0.136003E-03   -0.118199E-04
 6.38927   -0.850167E-04    0.135652E-03   -0.115511E-04
 6.39678   -0.848062E-04    0.135302E-03   -0.112837E-04
 6.40428   -0.845960E-04    0.134953E-03   -0.110176E-04
 6.41178   -0.843861E-04    0.134605E-03   -0.107528E-04
 6.41928   -0.841765E-04    0.134258E-03   -0.104893E-04
 6.42678   -0.839671E-04    0.133912E-03   -0.102272E-04
 6.43429   -0.837581E-04    0.133567E-03   -0.996630E-05
 6.44179   -0.835494E-04    0.133223E-03   -0.970673E-05
 6.44929   -0.833411E-04    0.132879E-03   -0.944849E-05
 6.45679   -0.831330E-04    0.132537E-03   -0.919147E-05
 6.46430   -0.829254E-04    0.132195E-03   -0.893577E-05
 6.47180   -0.827181E-04    0.131855E-03   -0.868134E-05
 6.47930   -0.825111E-04    0.131515E-03   -0.842820E-05
 6.48680   -0.823045E-04    0.131176E-03   -0.817635E-05
 6.49430   -0.820983E-04    0.130838E-03   -0.792574E-05
 6.50181   -0.818924E-04    0.130501E-03   -0.767673E-05
 6.50931   -0.816869E-04    0.130165E-03   -0.742835E-05
 6.51681   -0.814818E-04    0.129830E-03   -0.718149E-05
 6.52431   -0.812772E-04    0.129496E-03   -0.693591E-05
 6.53181   -0.810729E-04    0.129163E-03   -0.669164E-05
 6.53932   -0.808690E-04    0.128831E-03   -0.644854E-05
 6.54682   -0.806655E-04    0.128499E-03   -0.620668E-05
 6.55432   -0.804625E-04    0.128169E-03   -0.596607E-05
 6.56182   -0.802599E-04    0.127839E-03   -0.572666E-05
 6.56932   -0.800577E-04    0.127511E-03   -0.548855E-05
 6.57683   -0.798559E-04    0.127183E-03   -0.525161E-05
 6.58433   -0.796546E-04    0.126856E-03   -0.501589E-05
 6.59183   -0.794538E-04    0.126531E-03   -0.478144E-05
 6.59933   -0.792533E-04    0.126206E-03   -0.454810E-05
 6.60683   -0.790534E-04    0.125882E-03   -0.431602E-05
 6.61434   -0.788539E-04    0.125559E-03   -0.408509E-05
 6.62184   -0.786549E-04    0.125237E-03   -0.385572E-05
 6.62934   -0.784563E-04    0.124916E-03   -0.362697E-05
 6.63684   -0.782582E-04    0.124595E-03   -0.339968E-05
 6.64435   -0.780606E-04    0.124276E-03   -0.317357E-05
 6.65185   -0.778635E-04    0.123958E-03   -0.294864E-05
 6.65935   -0.776669E-04    0.123640E-03   -0.272490E-05
 6.66685   -0.774708E-04    0.123324E-03   -0.250233E-05
 6.67435   -0.772751E-04    0.123008E-03   -0.228094E-05
 6.68186   -0.770800E-04    0.122693E-03   -0.206072E-05
 6.68936   -0.768854E-04    0.122380E-03   -0.184164E-05
 6.69686   -0.766913E-04    0.122067E-03   -0.162375E-05
 6.70436   -0.764977E-04    0.121755E-03   -0.140702E-05
 6.71186   -0.763046E-04    0.121444E-03   -0.119145E-05
 6.71937   -0.761120E-04    0.121134E-03   -0.977013E-06
 6.72687   -0.759199E-04    0.120825E-03   -0.763738E-06
 6.73437   -0.757284E-04    0.120517E-03   -0.551610E-06
 6.74187   -0.755374E-04    0.120209E-03   -0.340628E-06
 6.74937   -0.753469E-04    0.119903E-03   -0.130793E-06
 6.75688   -0.751570E-04    0.119597E-03    0.779141E-07
 6.76438   -0.749676E-04    0.119293E-03    0.285501E-06
 6.77188   -0.747788E-04    0.118989E-03    0.491945E-06
 6.77938   -0.745904E-04    0.118686E-03    0.697268E-06
 6.78688   -0.744027E-04    0.118385E-03    0.901471E-06
 6.79439   -0.742154E-04    0.118084E-03    0.110456E-05
 6.80189   -0.740287E-04    0.117784E-03    0.130653E-05
 6.80939   -0.738426E-04    0.117485E-03    0.150739E-05
 6.81689   -0.736570E-04    0.117186E-03    0.170714E-05
 6.82440   -0.734720E-04    0.116889E-03    0.190579E-05
 6.83190   -0.732875E-04    0.116593E-03    0.210333E-05
 6.83940   -0.731036E-04    0.116297E-03    0.229979E-05
 6.84690   -0.729202E-04    0.116003E-03    0.249515E-05
 6.85440   -0.727374E-04    0.115709E-03    0.268943E-05
 6.86191   -0.725551E-04    0.115416E-03    0.288262E-05
 6.86941   -0.723734E-04    0.115124E-03    0.307473E-05
 6.87691   -0.721923E-04    0.114833E-03    0.326575E-05
 6.88441   -0.720117E-04    0.114543E-03    0.345571E-05
 6.89191   -0.718316E-04    0.114254E-03    0.364459E-05
 6.89942   -0.716522E-04    0.113966E-03    0.383240E-05
 6.90692   -0.714733E-04    0.113678E-03    0.401915E-05
 6.91442   -0.712949E-04    0.113392E-03    0.420485E-05
 6.92192   -0.711171E-04    0.113106E-03    0.438949E-05
 6.92942   -0.709399E-04    0.112821E-03    0.457308E-05
 6.93693   -0.707632E-04    0.112537E-03    0.475562E-05
 6.94443   -0.705871E-04    0.112254E-03    0.493712E-05
 6.95193   -0.704116E-04    0.111972E-03    0.511758E-05
 6.95943   -0.702366E-04    0.111691E-03    0.529701E-05
 6.96693   -0.700621E-04    0.111411E-03    0.547540E-05
 6.97444   -0.698883E-04    0.111131E-03    0.565274E-05
 6.98194   -0.697149E-04    0.110852E-03    0.582910E-05
 6.98944   -0.695422E-04    0.110575E-03    0.600447E-05
 6.99694   -0.693700E-04    0.110297E-03    0.617879E-05
 7.00445   -0.691983E-04    0.110021E-03    0.635210E-05
 7.01195   -0.690272E-04    0.109746E-03    0.652441E-05
 7.01945   -0.688566E-04    0.109472E-03    0.669572E-05
 7.02695   -0.686866E-04    0.109198E-03    0.686604E-05
 7.03445   -0.685171E-04    0.108925E-03    0.703536E-05
 7.04196   -0.683482E-04    0.108653E-03    0.720371E-05
 7.04946   -0.681798E-04    0.108382E-03    0.737107E-05
 7.05696   -0.680119E-04    0.108112E-03    0.753744E-05
 7.06446   -0.678446E-04    0.107843E-03    0.770285E-05
 7.07196   -0.676778E-04    0.107574E-03    0.786729E-05
 7.07947   -0.675116E-04    0.107306E-03    0.803077E-05
 7.08697   -0.673459E-04    0.107039E-03    0.819330E-05
 7.09447   -0.671807E-04    0.106773E-03    0.835487E-05
 7.10197   -0.670160E-04    0.106508E-03    0.851549E-05
 7.10947   -0.668519E-04    0.106243E-03    0.867517E-05
 7.11698   -0.666882E-04    0.105980E-03    0.883390E-05
 7.12448   -0.665251E-04    0.105717E-03    0.899170E-05
 7.13198   -0.663625E-04    0.105455E-03    0.914857E-05
 7.13948   -0.662005E-04    0.105194E-03    0.930452E-05
 7.14698   -0.660389E-04    0.104933E-03    0.945955E-05
 7.15449   -0.658778E-04    0.104673E-03    0.961367E-05
 7.16199   -0.657172E-04    0.104415E-03    0.976687E-05
 7.16949   -0.655572E-04    0.104156E-03    0.991918E-05
 7.17699   -0.653976E-04    0.103899E-03    0.100704E-04
 7.18450   -0.652385E-04    0.103643E-03    0.102209E-04
 7.19200   -0.650799E-04    0.103387E-03    0.103705E-04
 7.19950   -0.649218E-04    0.103132E-03    0.105192E-04
 7.20700   -0.647641E-04    0.102878E-03    0.106671E-04
 7.21450   -0.646069E-04    0.102624E-03    0.108141E-04
 7.22201   -0.644503E-04    0.102371E-03    0.109602E-04
 7.22951   -0.642940E-04    0.102119E-03    0.111054E-04
 7.23701   -0.641383E-04    0.101868E-03    0.112501E-04
 7.24451   -0.639830E-04    0.101618E-03    0.113933E-04
 7.25201   -0.638281E-04    0.101368E-03    0.115360E-04
 7.25952   -0.636737E-04    0.101119E-03    0.116778E-04
 7.26702   -0.635198E-04    0.100871E-03    0.118188E-04
 7.27452   -0.633663E-04    0.100624E-03    0.119590E-04
 7.28202   -0.632133E-04    0.100377E-03    0.120983E-04
 7.28952   -0.630606E-04    0.100131E-03    0.122368E-04
 7.29703   -0.629085E-04    0.998852E-04    0.123745E-04
 7.30453   -0.627567E-04    0.996406E-04    0.125114E-04
 7.31203   -0.626054E-04    0.993967E-04    0.126474E-04
 7.31953   -0.624545E-04    0.991535E-04    0.127827E-04
 7.32704   -0.623040E-04    0.989110E-04    0.129171E-04
 7.33454   -0.621539E-04    0.986692E-04    0.130508E-04
 7.34204   -0.620043E-04    0.984282E-04    0.131836E-04
 7.34954   -0.618550E-04    0.981878E-04    0.133157E-04
 7.35704   -0.617062E-04    0.979481E-04    0.134469E-04
 7.36455   -0.615577E-04    0.977091E-04    0.135775E-04
 7.37205   -0.614096E-04    0.974708E-04    0.137072E-04
 7.37955   -0.612620E-04    0.972332E-04    0.138362E-04
 7.38705   -0.611147E-04    0.969963E-04    0.139644E-04
 7.39455   -0.609678E-04    0.967600E-04    0.140919E-04
 7.40206   -0.608212E-04    0.965244E-04    0.142185E-04
 7.40956   -0.606751E-04    0.962895E-04    0.143445E-04
 7.41706   -0.605293E-04    0.960552E-04    0.144697E-04
 7.42456   -0.603839E-04    0.958216E-04    0.145941E-04
 7.43206   -0.602388E-04    0.955887E-04    0.147179E-04
 7.43957   -0.600941E-04    0.953564E-04    0.148409E-04
 7.44707   -0.599497E-04    0.951250E-04    0.149631E-04
 7.45457   -0.598057E-04    0.948940E-04    0.150847E-04
 7.46207   -0.596621E-04    0.946636E-04    0.152055E-04
 7.46957   -0.595188E-04    0.944339E-04    0.153256E-04
 7.47708   -0.593758E-04    0.942048E-04    0.154450E-04
 7.48458   -0.592332E-04    0.939761E-04    0.155637E-04
 7.49208   -0.590909E-04    0.937483E-04    0.156817E-04
 7.49958   -0.589489E-04    0.935211E-04    0.157990E-04
 7.50709   -0.588072E-04    0.932945E-04    0.159157E-04
 7.51459   -0.586659E-04    0.930686E-04    0.160316E-04
 7.52209   -0.585249E-04    0.928432E-04    0.161468E-04
 7.52959   -0.583842E-04    0.926185E-04    0.162614E-04
 7.53709   -0.582438E-04    0.923944E-04    0.163753E-04
 7.54460   -0.581038E-04    0.921709E-04    0.164885E-04
 7.55210   -0.579640E-04    0.919480E-04    0.166011E-04
 7.55960   -0.578245E-04    0.917257E-04    0.167129E-04
 7.56710   -0.576854E-04    0.915039E-04    0.168242E-04
 7.57460   -0.575465E-04    0.912828E-04    0.169347E-04
 7.58211   -0.574079E-04    0.910623E-04    0.170447E-04
 7.58961   -0.572696E-04    0.908424E-04    0.171539E-04
 7.59711   -0.571316E-04    0.906230E-04    0.172626E-04
 7.60461   -0.569939E-04    0.904042E-04    0.173706E-04
 7.61211   -0.568564E-04    0.901861E-04    0.174780E-04
 7.61962   -0.567193E-04    0.899684E-04    0.175846E-04
 7.62712   -0.565824E-04    0.897514E-04    0.176907E-04
 7.63462   -0.564458E-04    0.895349E-04    0.177962E-04
 7.64212   -0.563094E-04    0.893190E-04    0.179010E-04
 7.64962   -0.561734E-04    0.891040E-04    0.180053E-04
 7.65713   -0.560375E-04    0.888892E-04    0.181089E-04
 7.66463   -0.559020E-04    0.886750E-04    0.182119E-04
 7.67213   -0.557667E-04    0.884613E-04    0.183143E-04
 7.67963   -0.556317E-04    0.882482E-04    0.184161E-04
 7.68714   -0.554969E-04    0.880357E-04    0.185173E-04
 7.69464   -0.553624E-04    0.878237E-04    0.186179E-04
 7.70214   -0.552281E-04    0.876120E-04    0.187179E-04
 7.70964   -0.550941E-04    0.874011E-04    0.188173E-04
 7.71714   -0.549604E-04    0.871907E-04    0.189161E-04
 7.72465   -0.548268E-04    0.869809E-04    0.190144E-04
 7.73215   -0.546936E-04    0.867716E-04    0.191120E-04
 7.73965   -0.545605E-04    0.865629E-04    0.192091E-04
 7.74715   -0.544278E-04    0.863547E-04    0.193056E-04
 7.75465   -0.542952E-04    0.861470E-04    0.194016E-04
 7.76216   -0.541629E-04    0.859399E-04    0.194970E-04
 7.76966   -0.540308E-04    0.857333E-04    0.195917E-04
 7.77716   -0.538990E-04    0.855272E-04    0.196860E-04
 7.78466   -0.537674E-04    0.853216E-04    0.197797E-04
 7.79216   -0.536360E-04    0.851165E-04    0.198728E-04
 7.79967   -0.535049E-04    0.849120E-04    0.199654E-04
 7.80717   -0.533740E-04    0.847080E-04    0.200574E-04
 7.81467   -0.532433E-04    0.845045E-04    0.201489E-04
 7.82217   -0.531128E-04    0.843015E-04    0.202398E-04
 7.82967   -0.529826E-04    0.840991E-04    0.203302E-04
 7.83718   -0.528526E-04    0.838971E-04    0.204201E-04
 7.84468   -0.527229E-04    0.836957E-04    0.205094E-04
 7.85218   -0.525933E-04    0.834947E-04    0.205982E-04
 7.85968   -0.524640E-04    0.832943E-04    0.206864E-04
 7.86719   -0.523349E-04    0.830944E-04    0.207741E-04
 7.87469   -0.522061E-04    0.828950E-04    0.208613E-04
 7.88219   -0.520774E-04    0.826960E-04    0.209480E-04
 7.88969   -0.519490E-04    0.824976E-04    0.210341E-04
 7.89719   -0.518208E-04    0.822999E-04    0.211198E-04
 7.90470   -0.516928E-04    0.821025E-04    0.212049E-04
 7.91220   -0.515650E-04    0.819056E-04    0.212895E-04
 7.91970   -0.514375E-04    0.817091E-04    0.213736E-04
 7.92720   -0.513102E-04    0.815132E-04    0.214572E-04
 7.93470   -0.511831E-04    0.813177E-04    0.215402E-04
 7.94221   -0.510562E-04    0.811227E-04    0.216228E-04
 7.94971   -0.509296E-04    0.809282E-04    0.217049E-04
 7.95721   -0.508031E-04    0.807340E-04    0.217864E-04
 7.96471   -0.506769E-04    0.805405E-04    0.218675E-04
 7.97221   -0.505509E-04    0.803475E-04    0.219481E-04
 7.97972   -0.504251E-04    0.801549E-04    0.220282E-04
 7.98722   -0.502996E-04    0.799629E-04    0.221078E-04
 7.99472   -0.501742E-04    0.797713E-04    0.221869E-04
 8.00222   -0.500491E-04    0.795802E-04    0.222655E-04
 8.00972   -0.499242E-04    0.793896E-04    0.223436E-04
 8.01723   -0.497995E-04    0.791994E-04    0.224212E-04
 8.02473   -0.496751E-04    0.790098E-04    0.224984E-04
 8.03223   -0.495508E-04    0.788206E-04    0.225751E-04
 8.03973   -0.494268E-04    0.786318E-04    0.226513E-04
 8.04724   -0.493030E-04    0.784436E-04    0.227270E-04
 8.05474   -0.491795E-04    0.782558E-04    0.228023E-04
 8.06224   -0.490561E-04    0.780685E-04    0.228771E-04
 8.06974   -0.489330E-04    0.778817E-04    0.229513E-04
 8.07724   -0.488101E-04    0.776953E-04    0.230252E-04
 8.08475   -0.486874E-04    0.775094E-04    0.230986E-04
 8.09225   -0.485649E-04    0.773240E-04    0.231715E-04
 8.09975   -0.484427E-04    0.771390E-04    0.232439E-04
 8.10725   -0.483207E-04    0.769545E-04    0.233159E-04
 8.11475   -0.481989E-04    0.767705E-04    0.233875E-04
 8.12226   -0.480774E-04    0.765869E-04    0.234587E-04
 8.12976   -0.479561E-04    0.764038E-04    0.235293E-04
 8.13726   -0.478350E-04    0.762214E-04    0.235994E-04
 8.14476   -0.477141E-04    0.760392E-04    0.236691E-04
 8.15226   -0.475935E-04    0.758575E-04    0.237384E-04
 8.15977   -0.474731E-04    0.756762E-04    0.238073E-04
 8.16727   -0.473529E-04    0.754954E-04    0.238757E-04
 8.17477   -0.472329E-04    0.753151E-04    0.239436E-04
 8.18227   -0.471132E-04    0.751352E-04    0.240111E-04
 8.18977   -0.469937E-04    0.749555E-04    0.240782E-04
 8.19728   -0.468745E-04    0.747766E-04    0.241448E-04
 8.20478   -0.467555E-04    0.745980E-04    0.242110E-04
 8.21228   -0.466367E-04    0.744200E-04    0.242767E-04
 8.21978   -0.465181E-04    0.742424E-04    0.243421E-04
 8.22729   -0.463998E-04    0.740652E-04    0.244069E-04
 8.23479   -0.462817E-04    0.738885E-04    0.244714E-04
 8.24229   -0.461639E-04    0.737122E-04    0.245354E-04
 8.24979   -0.460463E-04    0.735364E-04    0.245990E-04
 8.25729   -0.459289E-04    0.733611E-04    0.246622E-04
 8.26480   -0.458118E-04    0.731862E-04    0.247249E-04
 8.27230   -0.456949E-04    0.730117E-04    0.247873E-04
 8.27980   -0.455783E-04    0.728377E-04    0.248492E-04
 8.28730   -0.454619E-04    0.726641E-04    0.249107E-04
 8.29480   -0.453457E-04    0.724912E-04    0.249717E-04
 8.30231   -0.452298E-04    0.723185E-04    0.250324E-04
 8.30981   -0.451142E-04    0.721463E-04    0.250926E-04
 8.31731   -0.449987E-04    0.719745E-04    0.251524E-04
 8.32481   -0.448835E-04    0.718032E-04    0.252118E-04
 8.33231   -0.447686E-04    0.716323E-04    0.252708E-04
 8.33982   -0.446539E-04    0.714616E-04    0.253294E-04
 8.34732   -0.445395E-04    0.712916E-04    0.253876E-04
 8.35482   -0.444253E-04    0.711220E-04    0.254454E-04
 8.36232   -0.443114E-04    0.709529E-04    0.255028E-04
 8.36982   -0.441977E-04    0.707842E-04    0.255597E-04
 8.37733   -0.440842E-04    0.706159E-04    0.256163E-04
 8.38483   -0.439710E-04    0.704481E-04    0.256725E-04
 8.39233   -0.438581E-04    0.702807E-04    0.257282E-04
 8.39983   -0.437454E-04    0.701138E-04    0.257836E-04
 8.40734   -0.436330E-04    0.699473E-04    0.258386E-04
 8.41484   -0.435208E-04    0.697812E-04    0.258931E-04
 8.42234   -0.434088E-04    0.696156E-04    0.259473E-04
 8.42984   -0.432972E-04    0.694503E-04    0.260011E-04
 8.43734   -0.431858E-04    0.692856E-04    0.260545E-04
 8.44485   -0.430746E-04    0.691214E-04    0.261075E-04
 8.45235   -0.429637E-04    0.689575E-04    0.261602E-04
 8.45985   -0.428530E-04    0.687940E-04    0.262124E-04
 8.46735   -0.427427E-04    0.686310E-04    0.262643E-04
 8.47485   -0.426325E-04    0.684684E-04    0.263157E-04
 8.48236   -0.425226E-04    0.683062E-04    0.263668E-04
 8.48986   -0.424130E-04    0.681444E-04    0.264175E-04
 8.49736   -0.423037E-04    0.679831E-04    0.264679E-04
 8.50486   -0.421946E-04    0.678222E-04    0.265178E-04
 8.51236   -0.420858E-04    0.676615E-04    0.265674E-04
 8.51987   -0.419772E-04    0.675015E-04    0.266166E-04
 8.52737   -0.418689E-04    0.673418E-04    0.266654E-04
 8.53487   -0.417608E-04    0.671826E-04    0.267139E-04
 8.54237   -0.416530E-04    0.670238E-04    0.267620E-04
 8.54987   -0.415455E-04    0.668655E-04    0.268097E-04
 8.55738   -0.414383E-04    0.667075E-04    0.268570E-04
 8.56488   -0.413313E-04    0.665500E-04    0.269040E-04
 8.57238   -0.412245E-04    0.663929E-04    0.269507E-04
 8.57988   -0.411181E-04    0.662362E-04    0.269969E-04
 8.58739   -0.410119E-04    0.660800E-04    0.270428E-04
 8.59489   -0.409059E-04    0.659241E-04    0.270883E-04
 8.60239   -0.408003E-04    0.657687E-04    0.271335E-04
 8.60989   -0.406949E-04    0.656137E-04    0.271783E-04
 8.61739   -0.405897E-04    0.654591E-04    0.272228E-04
 8.62490   -0.404849E-04    0.653049E-04    0.272669E-04
 8.63240   -0.403803E-04    0.651512E-04    0.273106E-04
 8.63990   -0.402759E-04    0.649978E-04    0.273540E-04
 8.64740   -0.401719E-04    0.648449E-04    0.273971E-04
 8.65490   -0.400681E-04    0.646924E-04    0.274398E-04
 8.66241   -0.399646E-04    0.645403E-04    0.274821E-04
 8.66991   -0.398613E-04    0.643886E-04    0.275241E-04
 8.67741   -0.397583E-04    0.642373E-04    0.275658E-04
 8.68491   -0.396556E-04    0.640864E-04    0.276071E-04
 8.69241   -0.395531E-04    0.639359E-04    0.276481E-04
 8.69992   -0.394510E-04    0.637858E-04    0.276887E-04
 8.70742   -0.393490E-04    0.636362E-04    0.277290E-04
 8.71492   -0.392474E-04    0.634869E-04    0.277689E-04
 8.72242   -0.391460E-04    0.633381E-04    0.278085E-04
 8.72992   -0.390449E-04    0.631896E-04    0.278478E-04
 8.73743   -0.389441E-04    0.630416E-04    0.278867E-04
 8.74493   -0.388435E-04    0.628941E-04    0.279253E-04
 8.75243   -0.387432E-04    0.627469E-04    0.279636E-04
 8.75993   -0.386432E-04    0.626000E-04    0.280015E-04
 8.76744   -0.385435E-04    0.624536E-04    0.280392E-04
 8.77494   -0.384440E-04    0.623075E-04    0.280764E-04
 8.78244   -0.383448E-04    0.621619E-04    0.281134E-04
 8.78994   -0.382459E-04    0.620166E-04    0.281500E-04
 8.79744   -0.381472E-04    0.618718E-04    0.281863E-04
 8.80495   -0.380488E-04    0.617273E-04    0.282223E-04
 8.81245   -0.379507E-04    0.615833E-04    0.282580E-04
 8.81995   -0.378528E-04    0.614396E-04    0.282933E-04
 8.82745   -0.377552E-04    0.612964E-04    0.283283E-04
 8.83495   -0.376579E-04    0.611535E-04    0.283630E-04
 8.84246   -0.375609E-04    0.610108E-04    0.283974E-04
 8.84996   -0.374641E-04    0.608687E-04    0.284315E-04
 8.85746   -0.373676E-04    0.607270E-04    0.284652E-04
 8.86496   -0.372714E-04    0.605857E-04    0.284987E-04
 8.87246   -0.371754E-04    0.604448E-04    0.285318E-04
 8.87997   -0.370797E-04    0.603042E-04    0.285646E-04
 8.88747   -0.369843E-04    0.601641E-04    0.285971E-04
 8.89497   -0.368892E-04    0.600243E-04    0.286293E-04
 8.90247   -0.367943E-04    0.598849E-04    0.286612E-04
 8.90997   -0.366997E-04    0.597459E-04    0.286928E-04
 8.91748   -0.366054E-04    0.596073E-04    0.287241E-04
 8.92498   -0.365113E-04    0.594691E-04    0.287551E-04
 8.93248   -0.364175E-04    0.593312E-04    0.287858E-04
 8.93998   -0.363240E-04    0.591938E-04    0.288162E-04
 8.94749   -0.362307E-04    0.590567E-04    0.288463E-04
 8.95499   -0.361377E-04    0.589199E-04    0.288761E-04
 8.96249   -0.360450E-04    0.587836E-04    0.289055E-04
 8.96999   -0.359525E-04    0.586477E-04    0.289347E-04
 8.97749   -0.358603E-04    0.585121E-04    0.289636E-04
 8.98500   -0.357684E-04    0.583769E-04    0.289923E-04
 8.99250   -0.356768E-04    0.582422E-04    0.290206E-04
 9.00000   -0.355854E-04    0.581077E-04    0.290486E-04
