 0.00500    0.294076E-01   -0.145984E-01    0.107981E-01
 0.02303    0.235698E-01   -0.116798E-01    0.860909E-02
 0.04105    0.202281E-01   -0.100090E-01    0.735618E-02
 0.05908    0.178294E-01   -0.880979E-02    0.645710E-02
 0.07710    0.159616E-01   -0.787610E-02    0.575715E-02
 0.09513    0.144409E-01   -0.711603E-02    0.518752E-02
 0.11316    0.131671E-01   -0.647942E-02    0.471052E-02
 0.13118    0.120786E-01   -0.593546E-02    0.430304E-02
 0.14921    0.111345E-01   -0.546373E-02    0.394975E-02
 0.16723    0.103060E-01   -0.504982E-02    0.363988E-02
 0.18526    0.957223E-02   -0.468330E-02    0.336556E-02
 0.20329    0.891739E-02   -0.435625E-02    0.312085E-02
 0.22131    0.832921E-02   -0.406253E-02    0.290117E-02
 0.23934    0.779801E-02   -0.379732E-02    0.270287E-02
 0.25736    0.731597E-02   -0.355669E-02    0.252302E-02
 0.27539    0.687670E-02   -0.333745E-02    0.235922E-02
 0.29342    0.647496E-02   -0.313698E-02    0.220950E-02
 0.31144    0.610631E-02   -0.295305E-02    0.207220E-02
 0.32947    0.576701E-02   -0.278381E-02    0.194592E-02
 0.34749    0.545386E-02   -0.262765E-02    0.182945E-02
 0.36552    0.516415E-02   -0.248320E-02    0.172177E-02
 0.38355    0.489550E-02   -0.234929E-02    0.162199E-02
 0.40157    0.464585E-02   -0.222488E-02    0.152935E-02
 0.41960    0.441342E-02   -0.210908E-02    0.144316E-02
 0.43763    0.419661E-02   -0.200109E-02    0.136284E-02
 0.45565    0.399404E-02   -0.190022E-02    0.128785E-02
 0.47368    0.380445E-02   -0.180584E-02    0.121773E-02
 0.49170    0.362675E-02   -0.171740E-02    0.115208E-02
 0.50973    0.345996E-02   -0.163442E-02    0.109051E-02
 0.52776    0.330321E-02   -0.155645E-02    0.103271E-02
 0.54578    0.315569E-02   -0.148310E-02    0.978373E-03
 0.56381    0.301670E-02   -0.141402E-02    0.927232E-03
 0.58183    0.288559E-02   -0.134887E-02    0.879047E-03
 0.59986    0.276179E-02   -0.128737E-02    0.833602E-03
 0.61789    0.264476E-02   -0.122926E-02    0.790699E-03
 0.63591    0.253403E-02   -0.117430E-02    0.750156E-03
 0.65394    0.242915E-02   -0.112226E-02    0.711809E-03
 0.67196    0.232974E-02   -0.107295E-02    0.675510E-03
 0.68999    0.223542E-02   -0.102619E-02    0.641122E-03
 0.70802    0.214585E-02   -0.981804E-03    0.608519E-03
 0.72604    0.206074E-02   -0.939643E-03    0.577588E-03
 0.74407    0.197980E-02   -0.899566E-03    0.548220E-03
 0.76209    0.190277E-02   -0.861444E-03    0.520320E-03
 0.78012    0.182942E-02   -0.825157E-03    0.493798E-03
 0.79815    0.175951E-02   -0.790594E-03    0.468572E-03
 0.81617    0.169286E-02   -0.757653E-03    0.444564E-03
 0.83420    0.162926E-02   -0.726240E-03    0.421704E-03
 0.85222    0.156854E-02   -0.696267E-03    0.399925E-03
 0.87025    0.151054E-02   -0.667650E-03    0.379168E-03
 0.88828    0.145511E-02   -0.640316E-03    0.359374E-03
 0.90630    0.140210E-02   -0.614194E-03    0.340492E-03
 0.92433    0.135139E-02   -0.589218E-03    0.322471E-03
 0.94235    0.130286E-02   -0.565329E-03    0.305266E-03
 0.96038    0.125638E-02   -0.542468E-03    0.288835E-03
 0.97841    0.121185E-02   -0.520581E-03    0.273138E-03
 0.99643    0.116918E-02   -0.499619E-03    0.258136E-03
 1.01446    0.112826E-02   -0.479534E-03    0.243794E-03
 1.03248    0.108901E-02   -0.460283E-03    0.230079E-03
 1.05051    0.105134E-02   -0.441824E-03    0.216961E-03
 1.06854    0.101519E-02   -0.424119E-03    0.204410E-03
 1.08656    0.980474E-03   -0.407132E-03    0.192399E-03
 1.10459    0.947126E-03   -0.390829E-03    0.180903E-03
 1.12262    0.915083E-03   -0.375176E-03    0.169898E-03
 1.14064    0.884282E-03   -0.360145E-03    0.159359E-03
 1.15867    0.854667E-03   -0.345705E-03    0.149267E-03
 1.17669    0.826183E-03   -0.331831E-03    0.139600E-03
 1.19472    0.798780E-03   -0.318496E-03    0.130339E-03
 1.21275    0.772409E-03   -0.305676E-03    0.121466E-03
 1.23077    0.747024E-03   -0.293349E-03    0.112965E-03
 1.24880    0.722582E-03   -0.281493E-03    0.104819E-03
 1.26682    0.699043E-03   -0.270087E-03    0.970109E-04
 1.28485    0.676365E-03   -0.259111E-03    0.895278E-04
 1.30288    0.654515E-03   -0.248549E-03    0.823554E-04
 1.32090    0.633456E-03   -0.238382E-03    0.754806E-04
 1.33893    0.613156E-03   -0.228593E-03    0.688910E-04
 1.35695    0.593583E-03   -0.219168E-03    0.625745E-04
 1.37498    0.574709E-03   -0.210091E-03    0.565205E-04
 1.39301    0.556504E-03   -0.201349E-03    0.507178E-04
 1.41103    0.538940E-03   -0.192926E-03    0.451563E-04
 1.42906    0.521994E-03   -0.184812E-03    0.398264E-04
 1.44708    0.505640E-03   -0.176993E-03    0.347188E-04
 1.46511    0.489855E-03   -0.169459E-03    0.298247E-04
 1.48314    0.474618E-03   -0.162198E-03    0.251359E-04
 1.50116    0.459908E-03   -0.155199E-03    0.206446E-04
 1.51919    0.445704E-03   -0.148454E-03    0.163432E-04
 1.53721    0.431989E-03   -0.141953E-03    0.122247E-04
 1.55524    0.418745E-03   -0.135685E-03    0.828203E-05
 1.57327    0.405953E-03   -0.129645E-03    0.450900E-05
 1.59129    0.393599E-03   -0.123822E-03    0.899327E-06
 1.60932    0.381666E-03   -0.118209E-03   -0.255287E-05
 1.62734    0.370141E-03   -0.112799E-03   -0.585314E-05
 1.64537    0.359008E-03   -0.107586E-03   -0.900674E-05
 1.66340    0.348256E-03   -0.102562E-03   -0.120186E-04
 1.68142    0.337871E-03   -0.977212E-04   -0.148936E-04
 1.69945    0.327843E-03   -0.930578E-04   -0.176362E-04
 1.71747    0.318159E-03   -0.885664E-04   -0.202507E-04
 1.73550    0.308810E-03   -0.842415E-04   -0.227413E-04
 1.75353    0.299785E-03   -0.800784E-04   -0.251113E-04
 1.77155    0.291076E-03   -0.760725E-04   -0.273645E-04
 1.78958    0.282673E-03   -0.722191E-04   -0.295042E-04
 1.80761    0.274569E-03   -0.685146E-04   -0.315336E-04
 1.82563    0.266756E-03   -0.649548E-04   -0.334552E-04
 1.84366    0.259227E-03   -0.615365E-04   -0.352726E-04
 1.86168    0.251976E-03   -0.582562E-04   -0.369877E-04
 1.87971    0.244997E-03   -0.551111E-04   -0.386031E-04
 1.89774    0.238283E-03   -0.520982E-04   -0.401208E-04
 1.91576    0.231830E-03   -0.492148E-04   -0.415430E-04
 1.93379    0.225632E-03   -0.464585E-04   -0.428718E-04
 1.95181    0.219686E-03   -0.438267E-04   -0.441089E-04
 1.96984    0.213985E-03   -0.413173E-04   -0.452561E-04
 1.98787    0.208527E-03   -0.389283E-04   -0.463150E-04
 2.00589    0.203308E-03   -0.366576E-04   -0.472872E-04
 2.02392    0.198322E-03   -0.345032E-04   -0.481742E-04
 2.04194    0.193566E-03   -0.324630E-04   -0.489777E-04
 2.05997    0.189037E-03   -0.305350E-04   -0.496994E-04
 2.07800    0.184731E-03   -0.287173E-04   -0.503405E-04
 2.09602    0.180641E-03   -0.270075E-04   -0.509030E-04
 2.11405    0.176766E-03   -0.254034E-04   -0.513889E-04
 2.13207    0.173098E-03   -0.239025E-04   -0.517997E-04
 2.15010    0.169634E-03   -0.225020E-04   -0.521377E-04
 2.16813    0.166366E-03   -0.211993E-04   -0.524052E-04
 2.18615    0.163290E-03   -0.199906E-04   -0.526046E-04
 2.20418    0.160396E-03   -0.188730E-04   -0.527388E-04
 2.22220    0.157679E-03   -0.178419E-04   -0.528105E-04
 2.24023    0.155129E-03   -0.168935E-04   -0.528233E-04
 2.25826    0.152736E-03   -0.160227E-04   -0.527805E-04
 2.27628    0.150491E-03   -0.152243E-04   -0.526863E-04
 2.29431    0.148382E-03   -0.144935E-04   -0.525428E-04
 2.31233    0.146397E-03   -0.138236E-04   -0.523605E-04
 2.33036    0.144524E-03   -0.132082E-04   -0.521382E-04
 2.34839    0.142749E-03   -0.126407E-04   -0.518832E-04
 2.36641    0.141058E-03   -0.121137E-04   -0.516009E-04
 2.38444    0.139434E-03   -0.116199E-04   -0.512968E-04
 2.40246    0.137864E-03   -0.111513E-04   -0.509772E-04
 2.42049    0.136331E-03   -0.107001E-04   -0.506477E-04
 2.43852    0.134818E-03   -0.102579E-04   -0.503148E-04
 2.45654    0.133309E-03   -0.981664E-05   -0.499844E-04
 2.47457    0.131787E-03   -0.936773E-05   -0.496629E-04
 2.49260    0.130237E-03   -0.890303E-05   -0.493566E-04
 2.51062    0.128641E-03   -0.841459E-05   -0.490717E-04
 2.52865    0.126983E-03   -0.789441E-05   -0.488138E-04
 2.54667    0.125250E-03   -0.733514E-05   -0.485886E-04
 2.56470    0.123427E-03   -0.672966E-05   -0.484015E-04
 2.58273    0.121501E-03   -0.607141E-05   -0.482574E-04
 2.60075    0.119460E-03   -0.535451E-05   -0.481607E-04
 2.61878    0.117292E-03   -0.457345E-05   -0.481155E-04
 2.63680    0.114990E-03   -0.372379E-05   -0.481253E-04
 2.65483    0.112546E-03   -0.280169E-05   -0.481927E-04
 2.67286    0.109952E-03   -0.180425E-05   -0.483202E-04
 2.69088    0.107207E-03   -0.729328E-06   -0.485094E-04
 2.70891    0.104306E-03    0.424272E-06   -0.487610E-04
 2.72693    0.101249E-03    0.165688E-05   -0.490753E-04
 2.74496    0.980381E-04    0.296792E-05   -0.494520E-04
 2.76299    0.946750E-04    0.435618E-05   -0.498901E-04
 2.78101    0.911638E-04    0.581936E-05   -0.503879E-04
 2.79904    0.875114E-04    0.735462E-05   -0.509431E-04
 2.81706    0.837251E-04    0.895765E-05   -0.515529E-04
 2.83509    0.798143E-04    0.106243E-04   -0.522139E-04
 2.85312    0.757890E-04    0.123492E-04   -0.529223E-04
 2.87114    0.716601E-04    0.141270E-04   -0.536738E-04
 2.88917    0.674404E-04    0.159516E-04   -0.544639E-04
 2.90719    0.631424E-04    0.178163E-04   -0.552878E-04
 2.92522    0.587800E-04    0.197144E-04   -0.561403E-04
 2.94325    0.543667E-04    0.216390E-04   -0.570162E-04
 2.96127    0.499172E-04    0.235829E-04   -0.579103E-04
 2.97930    0.454463E-04    0.255390E-04   -0.588173E-04
 2.99732    0.409673E-04    0.274999E-04   -0.597315E-04
 3.01535    0.364949E-04    0.294590E-04   -0.606480E-04
 3.03338    0.320427E-04    0.314090E-04   -0.615615E-04
 3.05140    0.276239E-04    0.333436E-04   -0.624670E-04
 3.06943    0.232511E-04    0.352564E-04   -0.633600E-04
 3.08745    0.189359E-04    0.371414E-04   -0.642359E-04
 3.10548    0.146899E-04    0.389931E-04   -0.650906E-04
 3.12351    0.105232E-04    0.408065E-04   -0.659203E-04
 3.14153    0.644530E-05    0.425767E-04   -0.667215E-04
 3.15956    0.246481E-05    0.442998E-04   -0.674909E-04
 3.17759   -0.141053E-05    0.459713E-04   -0.682256E-04
 3.19561   -0.517415E-05    0.475881E-04   -0.689232E-04
 3.21364   -0.882019E-05    0.491475E-04   -0.695816E-04
 3.23166   -0.123441E-04    0.506471E-04   -0.701989E-04
 3.24969   -0.157417E-04    0.520849E-04   -0.707739E-04
 3.26772   -0.190104E-04    0.534595E-04   -0.713052E-04
 3.28574   -0.221476E-04    0.547697E-04   -0.717923E-04
 3.30377   -0.251519E-04    0.560144E-04   -0.722342E-04
 3.32179   -0.280226E-04    0.571943E-04   -0.726311E-04
 3.33982   -0.307595E-04    0.583084E-04   -0.729827E-04
 3.35785   -0.333632E-04    0.593539E-04   -0.732894E-04
 3.37587   -0.358350E-04    0.603381E-04   -0.735514E-04
 3.39390   -0.381765E-04    0.612584E-04   -0.737695E-04
 3.41192   -0.403898E-04    0.621193E-04   -0.739445E-04
 3.42995   -0.424775E-04    0.629155E-04   -0.740774E-04
 3.44798   -0.444424E-04    0.636517E-04   -0.741692E-04
 3.46600   -0.462877E-04    0.643294E-04   -0.742210E-04
 3.48403   -0.480166E-04    0.649503E-04   -0.742342E-04
 3.50205   -0.496329E-04    0.655159E-04   -0.742100E-04
 3.52008   -0.511401E-04    0.660288E-04   -0.741500E-04
 3.53811   -0.525424E-04    0.664905E-04   -0.740554E-04
 3.55613   -0.538435E-04    0.669030E-04   -0.739280E-04
 3.57416   -0.550475E-04    0.672684E-04   -0.737690E-04
 3.59218   -0.561585E-04    0.675886E-04   -0.735799E-04
 3.61021   -0.571805E-04    0.678657E-04   -0.733625E-04
 3.62824   -0.581175E-04    0.681016E-04   -0.731179E-04
 3.64626   -0.589735E-04    0.682985E-04   -0.728480E-04
 3.66429   -0.597523E-04    0.684581E-04   -0.725539E-04
 3.68231   -0.604578E-04    0.685824E-04   -0.722372E-04
 3.70034   -0.610936E-04    0.686732E-04   -0.718991E-04
 3.71837   -0.616634E-04    0.687325E-04   -0.715411E-04
 3.73639   -0.621707E-04    0.687618E-04   -0.711643E-04
 3.75442   -0.626189E-04    0.687629E-04   -0.707703E-04
 3.77244   -0.630112E-04    0.687374E-04   -0.703600E-04
 3.79047   -0.633508E-04    0.686870E-04   -0.699345E-04
 3.80850   -0.636408E-04    0.686130E-04   -0.694953E-04
 3.82652   -0.638839E-04    0.685170E-04   -0.690432E-04
 3.84455   -0.640831E-04    0.684003E-04   -0.685792E-04
 3.86258   -0.642408E-04    0.682643E-04   -0.681043E-04
 3.88060   -0.643596E-04    0.681101E-04   -0.676194E-04
 3.89863   -0.644419E-04    0.679390E-04   -0.671254E-04
 3.91665   -0.644899E-04    0.677520E-04   -0.666231E-04
 3.93468   -0.645059E-04    0.675503E-04   -0.661131E-04
 3.95271   -0.644917E-04    0.673349E-04   -0.655964E-04
 3.97073   -0.644493E-04    0.671066E-04   -0.650738E-04
 3.98876   -0.643805E-04    0.668665E-04   -0.645455E-04
 4.00678   -0.642872E-04    0.666154E-04   -0.640124E-04
 4.02481   -0.641709E-04    0.663541E-04   -0.634751E-04
 4.04284   -0.640331E-04    0.660832E-04   -0.629342E-04
 4.06086   -0.638753E-04    0.658037E-04   -0.623899E-04
 4.07889   -0.636988E-04    0.655161E-04   -0.618430E-04
 4.09691   -0.635048E-04    0.652210E-04   -0.612938E-04
 4.11494   -0.632947E-04    0.649190E-04   -0.607429E-04
 4.13297   -0.630695E-04    0.646108E-04   -0.601904E-04
 4.15099   -0.628303E-04    0.642968E-04   -0.596370E-04
 4.16902   -0.625781E-04    0.639775E-04   -0.590827E-04
 4.18704   -0.623138E-04    0.636535E-04   -0.585281E-04
 4.20507   -0.620384E-04    0.633250E-04   -0.579733E-04
 4.22310   -0.617527E-04    0.629926E-04   -0.574187E-04
 4.24112   -0.614574E-04    0.626567E-04   -0.568647E-04
 4.25915   -0.611533E-04    0.623175E-04   -0.563115E-04
 4.27717   -0.608411E-04    0.619755E-04   -0.557588E-04
 4.29520   -0.605215E-04    0.616310E-04   -0.552075E-04
 4.31323   -0.601950E-04    0.612842E-04   -0.546574E-04
 4.33125   -0.598623E-04    0.609354E-04   -0.541088E-04
 4.34928   -0.595238E-04    0.605850E-04   -0.535619E-04
 4.36730   -0.591802E-04    0.602331E-04   -0.530168E-04
 4.38533   -0.588318E-04    0.598800E-04   -0.524737E-04
 4.40336   -0.584793E-04    0.595259E-04   -0.519328E-04
 4.42138   -0.581228E-04    0.591710E-04   -0.513941E-04
 4.43941   -0.577630E-04    0.588156E-04   -0.508579E-04
 4.45743   -0.574001E-04    0.584597E-04   -0.503242E-04
 4.47546   -0.570345E-04    0.581037E-04   -0.497932E-04
 4.49349   -0.566665E-04    0.577475E-04   -0.492651E-04
 4.51151   -0.562965E-04    0.573914E-04   -0.487400E-04
 4.52954   -0.559248E-04    0.570356E-04   -0.482180E-04
 4.54757   -0.555515E-04    0.566801E-04   -0.476992E-04
 4.56559   -0.551771E-04    0.563251E-04   -0.471838E-04
 4.58362   -0.548017E-04    0.559707E-04   -0.466719E-04
 4.60164   -0.544255E-04    0.556169E-04   -0.461635E-04
 4.61967   -0.540489E-04    0.552640E-04   -0.456588E-04
 4.63770   -0.536720E-04    0.549120E-04   -0.451578E-04
 4.65572   -0.532949E-04    0.545610E-04   -0.446605E-04
 4.67375   -0.529180E-04    0.542111E-04   -0.441671E-04
 4.69177   -0.525413E-04    0.538624E-04   -0.436774E-04
 4.70980   -0.521651E-04    0.535149E-04   -0.431917E-04
 4.72783   -0.517894E-04    0.531687E-04   -0.427097E-04
 4.74585   -0.514145E-04    0.528240E-04   -0.422315E-04
 4.76388   -0.510405E-04    0.524806E-04   -0.417572E-04
 4.78190   -0.506675E-04    0.521388E-04   -0.412866E-04
 4.79993   -0.502957E-04    0.517986E-04   -0.408198E-04
 4.81796   -0.499252E-04    0.514601E-04   -0.403567E-04
 4.83598   -0.495561E-04    0.511232E-04   -0.398973E-04
 4.85401   -0.491886E-04    0.507881E-04   -0.394416E-04
 4.87203   -0.488227E-04    0.504547E-04   -0.389895E-04
 4.89006   -0.484585E-04    0.501241E-04   -0.385411E-04
 4.90809   -0.480963E-04    0.497937E-04   -0.380963E-04
 4.92611   -0.477359E-04    0.494661E-04   -0.376552E-04
 4.94414   -0.473777E-04    0.491404E-04   -0.372177E-04
 4.96216   -0.470216E-04    0.488168E-04   -0.367839E-04
 4.98019   -0.466678E-04    0.484952E-04   -0.363538E-04
 4.99822   -0.463163E-04    0.481757E-04   -0.359273E-04
 5.01624   -0.459672E-04    0.478584E-04   -0.355045E-04
 5.03427   -0.456206E-04    0.475432E-04   -0.350854E-04
 5.05229   -0.452766E-04    0.472302E-04   -0.346701E-04
 5.07032   -0.449351E-04    0.469194E-04   -0.342585E-04
 5.08835   -0.445963E-04    0.466109E-04   -0.338506E-04
 5.10637   -0.442603E-04    0.463046E-04   -0.334465E-04
 5.12440   -0.439270E-04    0.460006E-04   -0.330463E-04
 5.14242   -0.435966E-04    0.456989E-04   -0.326498E-04
 5.16045   -0.432690E-04    0.453995E-04   -0.322571E-04
 5.17848   -0.429443E-04    0.451024E-04   -0.318681E-04
 5.19650   -0.426224E-04    0.448076E-04   -0.314830E-04
 5.21453   -0.423036E-04    0.445152E-04   -0.311016E-04
 5.23256   -0.419876E-04    0.442250E-04   -0.307240E-04
 5.25058   -0.416746E-04    0.439372E-04   -0.303501E-04
 5.26861   -0.413646E-04    0.436517E-04   -0.299800E-04
 5.28663   -0.410574E-04    0.433686E-04   -0.296135E-04
 5.30466   -0.407532E-04    0.430877E-04   -0.292507E-04
 5.32269   -0.404519E-04    0.428091E-04   -0.288915E-04
 5.34071   -0.401535E-04    0.425327E-04   -0.285359E-04
 5.35874   -0.398580E-04    0.422586E-04   -0.281839E-04
 5.37676   -0.395652E-04    0.419867E-04   -0.278354E-04
 5.39479   -0.392752E-04    0.417170E-04   -0.274904E-04
 5.41282   -0.389879E-04    0.414494E-04   -0.271488E-04
 5.43084   -0.387032E-04    0.411840E-04   -0.268106E-04
 5.44887   -0.384212E-04    0.409207E-04   -0.264758E-04
 5.46689   -0.381417E-04    0.406594E-04   -0.261442E-04
 5.48492   -0.378647E-04    0.404001E-04   -0.258160E-04
 5.50295   -0.375902E-04    0.401429E-04   -0.254910E-04
 5.52097   -0.373180E-04    0.398875E-04   -0.251691E-04
 5.53900   -0.370480E-04    0.396341E-04   -0.248504E-04
 5.55702   -0.367804E-04    0.393826E-04   -0.245347E-04
 5.57505   -0.365148E-04    0.391329E-04   -0.242221E-04
 5.59308   -0.362514E-04    0.388850E-04   -0.239125E-04
 5.61110   -0.359899E-04    0.386388E-04   -0.236059E-04
 5.62913   -0.357305E-04    0.383944E-04   -0.233022E-04
 5.64715   -0.354729E-04    0.381516E-04   -0.230013E-04
 5.66518   -0.352171E-04    0.379105E-04   -0.227032E-04
 5.68321   -0.349631E-04    0.376709E-04   -0.224080E-04
 5.70123   -0.347108E-04    0.374330E-04   -0.221155E-04
 5.71926   -0.344601E-04    0.371965E-04   -0.218256E-04
 5.73728   -0.342110E-04    0.369616E-04   -0.215385E-04
 5.75531   -0.339635E-04    0.367281E-04   -0.212539E-04
 5.77334   -0.337174E-04    0.364961E-04   -0.209720E-04
 5.79136   -0.334728E-04    0.362655E-04   -0.206926E-04
 5.80939   -0.332296E-04    0.360363E-04   -0.204157E-04
 5.82741   -0.329877E-04    0.358085E-04   -0.201413E-04
 5.84544   -0.327472E-04    0.355820E-04   -0.198693E-04
 5.86347   -0.325080E-04    0.353568E-04   -0.195998E-04
 5.88149   -0.322701E-04    0.351330E-04   -0.193327E-04
 5.89952   -0.320334E-04    0.349104E-04   -0.190680E-04
 5.91755   -0.317980E-04    0.346892E-04   -0.188056E-04
 5.93557   -0.315639E-04    0.344692E-04   -0.185456E-04
 5.95360   -0.313310E-04    0.342505E-04   -0.182878E-04
 5.97162   -0.310993E-04    0.340331E-04   -0.180324E-04
 5.98965   -0.308688E-04    0.338169E-04   -0.177792E-04
 6.00768   -0.306396E-04    0.336019E-04   -0.175283E-04
 6.02570   -0.304116E-04    0.333883E-04   -0.172797E-04
 6.04373   -0.301848E-04    0.331758E-04   -0.170332E-04
 6.06175   -0.299592E-04    0.329646E-04   -0.167890E-04
 6.07978   -0.297350E-04    0.327547E-04   -0.165470E-04
 6.09781   -0.295119E-04    0.325461E-04   -0.163072E-04
 6.11583   -0.292902E-04    0.323386E-04   -0.160695E-04
 6.13386   -0.290697E-04    0.321324E-04   -0.158340E-04
 6.15188   -0.288505E-04    0.319275E-04   -0.156007E-04
 6.16991   -0.286327E-04    0.317238E-04   -0.153695E-04
 6.18794   -0.284162E-04    0.315214E-04   -0.151405E-04
 6.20596   -0.282010E-04    0.313202E-04   -0.149136E-04
 6.22399   -0.279871E-04    0.311203E-04   -0.146888E-04
 6.24201   -0.277746E-04    0.309217E-04   -0.144661E-04
 6.26004   -0.275635E-04    0.307244E-04   -0.142455E-04
 6.27807   -0.273539E-04    0.305283E-04   -0.140270E-04
 6.29609   -0.271456E-04    0.303335E-04   -0.138106E-04
 6.31412   -0.269387E-04    0.301400E-04   -0.135962E-04
 6.33214   -0.267333E-04    0.299478E-04   -0.133839E-04
 6.35017   -0.265293E-04    0.297568E-04   -0.131736E-04
 6.36820   -0.263267E-04    0.295671E-04   -0.129654E-04
 6.38622   -0.261257E-04    0.293788E-04   -0.127592E-04
 6.40425   -0.259261E-04    0.291917E-04   -0.125550E-04
 6.42227   -0.257279E-04    0.290058E-04   -0.123528E-04
 6.44030   -0.255313E-04    0.288213E-04   -0.121526E-04
 6.45833   -0.253361E-04    0.286381E-04   -0.119544E-04
 6.47635   -0.251425E-04    0.284561E-04   -0.117581E-04
 6.49438   -0.249503E-04    0.282754E-04   -0.115638E-04
 6.51240   -0.247597E-04    0.280960E-04   -0.113715E-04
 6.53043   -0.245706E-04    0.279179E-04   -0.111810E-04
 6.54846   -0.243829E-04    0.277410E-04   -0.109925E-04
 6.56648   -0.241968E-04    0.275654E-04   -0.108059E-04
 6.58451   -0.240122E-04    0.273911E-04   -0.106212E-04
 6.60254   -0.238291E-04    0.272181E-04   -0.104384E-04
 6.62056   -0.236475E-04    0.270463E-04   -0.102574E-04
 6.63859   -0.234674E-04    0.268757E-04   -0.100783E-04
 6.65661   -0.232888E-04    0.267064E-04   -0.990104E-05
 6.67464   -0.231117E-04    0.265384E-04   -0.972560E-05
 6.69267   -0.229361E-04    0.263716E-04   -0.955197E-05
 6.71069   -0.227620E-04    0.262060E-04   -0.938015E-05
 6.72872   -0.225894E-04    0.260417E-04   -0.921011E-05
 6.74674   -0.224183E-04    0.258786E-04   -0.904185E-05
 6.76477   -0.222487E-04    0.257167E-04   -0.887535E-05
 6.78280   -0.220806E-04    0.255560E-04   -0.871060E-05
 6.80082   -0.219139E-04    0.253966E-04   -0.854758E-05
 6.81885   -0.217487E-04    0.252383E-04   -0.838632E-05
 6.83687   -0.215850E-04    0.250813E-04   -0.822674E-05
 6.85490   -0.214228E-04    0.249254E-04   -0.806881E-05
 6.87293   -0.212620E-04    0.247707E-04   -0.791260E-05
 6.89095   -0.211026E-04    0.246172E-04   -0.775806E-05
 6.90898   -0.209448E-04    0.244649E-04   -0.760517E-05
 6.92700   -0.207883E-04    0.243138E-04   -0.745393E-05
 6.94503   -0.206333E-04    0.241638E-04   -0.730431E-05
 6.96306   -0.204797E-04    0.240150E-04   -0.715630E-05
 6.98108   -0.203275E-04    0.238673E-04   -0.700990E-05
 6.99911   -0.201768E-04    0.237207E-04   -0.686509E-05
 7.01713   -0.200274E-04    0.235753E-04   -0.672185E-05
 7.03516   -0.198795E-04    0.234310E-04   -0.658017E-05
 7.05319   -0.197329E-04    0.232879E-04   -0.644003E-05
 7.07121   -0.195877E-04    0.231458E-04   -0.630143E-05
 7.08924   -0.194438E-04    0.230049E-04   -0.616435E-05
 7.10726   -0.193013E-04    0.228650E-04   -0.602877E-05
 7.12529   -0.191602E-04    0.227263E-04   -0.589468E-05
 7.14332   -0.190204E-04    0.225886E-04   -0.576207E-05
 7.16134   -0.188819E-04    0.224520E-04   -0.563092E-05
 7.17937   -0.187447E-04    0.223164E-04   -0.550122E-05
 7.19739   -0.186088E-04    0.221819E-04   -0.537295E-05
 7.21542   -0.184741E-04    0.220484E-04   -0.524611E-05
 7.23345   -0.183408E-04    0.219160E-04   -0.512066E-05
 7.25147   -0.182087E-04    0.217846E-04   -0.499662E-05
 7.26950   -0.180778E-04    0.216542E-04   -0.487394E-05
 7.28753   -0.179482E-04    0.215249E-04   -0.475264E-05
 7.30555   -0.178198E-04    0.213965E-04   -0.463269E-05
 7.32358   -0.176926E-04    0.212691E-04   -0.451408E-05
 7.34160   -0.175666E-04    0.211426E-04   -0.439678E-05
 7.35963   -0.174418E-04    0.210172E-04   -0.428080E-05
 7.37766   -0.173181E-04    0.208927E-04   -0.416612E-05
 7.39568   -0.171956E-04    0.207692E-04   -0.405271E-05
 7.41371   -0.170742E-04    0.206466E-04   -0.394058E-05
 7.43173   -0.169540E-04    0.205249E-04   -0.382971E-05
 7.44976   -0.168348E-04    0.204042E-04   -0.372008E-05
 7.46779   -0.167168E-04    0.202843E-04   -0.361167E-05
 7.48581   -0.165999E-04    0.201654E-04   -0.350449E-05
 7.50384   -0.164840E-04    0.200474E-04   -0.339851E-05
 7.52186   -0.163692E-04    0.199303E-04   -0.329373E-05
 7.53989   -0.162555E-04    0.198141E-04   -0.319012E-05
 7.55792   -0.161428E-04    0.196987E-04   -0.308769E-05
 7.57594   -0.160311E-04    0.195842E-04   -0.298641E-05
 7.59397   -0.159205E-04    0.194706E-04   -0.288627E-05
 7.61199   -0.158108E-04    0.193578E-04   -0.278727E-05
 7.63002   -0.157022E-04    0.192458E-04   -0.268939E-05
 7.64805   -0.155946E-04    0.191347E-04   -0.259261E-05
 7.66607   -0.154879E-04    0.190244E-04   -0.249694E-05
 7.68410   -0.153822E-04    0.189150E-04   -0.240235E-05
 7.70212   -0.152775E-04    0.188063E-04   -0.230883E-05
 7.72015   -0.151737E-04    0.186985E-04   -0.221639E-05
 7.73818   -0.150708E-04    0.185914E-04   -0.212499E-05
 7.75620   -0.149689E-04    0.184852E-04   -0.203464E-05
 7.77423   -0.148679E-04    0.183797E-04   -0.194532E-05
 7.79225   -0.147678E-04    0.182750E-04   -0.185702E-05
 7.81028   -0.146686E-04    0.181711E-04   -0.176973E-05
 7.82831   -0.145703E-04    0.180679E-04   -0.168344E-05
 7.84633   -0.144728E-04    0.179655E-04   -0.159814E-05
 7.86436   -0.143763E-04    0.178639E-04   -0.151383E-05
 7.88238   -0.142806E-04    0.177630E-04   -0.143048E-05
 7.90041   -0.141857E-04    0.176628E-04   -0.134809E-05
 7.91844   -0.140917E-04    0.175634E-04   -0.126666E-05
 7.93646   -0.139985E-04    0.174646E-04   -0.118616E-05
 7.95449   -0.139062E-04    0.173666E-04   -0.110660E-05
 7.97252   -0.138147E-04    0.172693E-04   -0.102796E-05
 7.99054   -0.137239E-04    0.171728E-04   -0.950232E-06
 8.00857   -0.136340E-04    0.170769E-04   -0.873408E-06
 8.02659   -0.135449E-04    0.169817E-04   -0.797478E-06
 8.04462   -0.134565E-04    0.168872E-04   -0.722435E-06
 8.06265   -0.133690E-04    0.167933E-04   -0.648269E-06
 8.08067   -0.132822E-04    0.167002E-04   -0.574971E-06
 8.09870   -0.131961E-04    0.166077E-04   -0.502547E-06
 8.11672   -0.131109E-04    0.165159E-04   -0.430960E-06
 8.13475   -0.130263E-04    0.164247E-04   -0.360215E-06
 8.15278   -0.129425E-04    0.163342E-04   -0.290302E-06
 8.17080   -0.128595E-04    0.162444E-04   -0.221202E-06
 8.18883   -0.127771E-04    0.161551E-04   -0.152933E-06
 8.20685   -0.126955E-04    0.160666E-04   -0.854726E-07
 8.22488   -0.126146E-04    0.159786E-04   -0.188129E-07
 8.24291   -0.125344E-04    0.158913E-04    0.470545E-07
 8.26093   -0.124549E-04    0.158046E-04    0.112137E-06
 8.27896   -0.123761E-04    0.157185E-04    0.176430E-06
 8.29698   -0.122980E-04    0.156330E-04    0.239967E-06
 8.31501   -0.122206E-04    0.155482E-04    0.302743E-06
 8.33304   -0.121438E-04    0.154639E-04    0.364766E-06
 8.35106   -0.120677E-04    0.153802E-04    0.426044E-06
 8.36909   -0.119923E-04    0.152972E-04    0.486585E-06
 8.38711   -0.119175E-04    0.152147E-04    0.546397E-06
 8.40514   -0.118433E-04    0.151328E-04    0.605504E-06
 8.42317   -0.117698E-04    0.150514E-04    0.663881E-06
 8.44119   -0.116969E-04    0.149706E-04    0.721554E-06
 8.45922   -0.116246E-04    0.148904E-04    0.778529E-06
 8.47724   -0.115529E-04    0.148108E-04    0.834816E-06
 8.49527   -0.114818E-04    0.147316E-04    0.890423E-06
 8.51330   -0.114113E-04    0.146531E-04    0.945357E-06
 8.53132   -0.113414E-04    0.145750E-04    0.999626E-06
 8.54935   -0.112721E-04    0.144975E-04    0.105324E-05
 8.56737   -0.112033E-04    0.144205E-04    0.110622E-05
 8.58540   -0.111350E-04    0.143441E-04    0.115854E-05
 8.60343   -0.110673E-04    0.142681E-04    0.121023E-05
 8.62145   -0.110001E-04    0.141926E-04    0.126131E-05
 8.63948   -0.109335E-04    0.141177E-04    0.131177E-05
 8.65751   -0.108673E-04    0.140432E-04    0.136162E-05
 8.67553   -0.108016E-04    0.139692E-04    0.141088E-05
 8.69356   -0.107365E-04    0.138957E-04    0.145954E-05
 8.71158   -0.106718E-04    0.138226E-04    0.150762E-05
 8.72961   -0.106075E-04    0.137501E-04    0.155512E-05
 8.74764   -0.105438E-04    0.136779E-04    0.160206E-05
 8.76566   -0.104805E-04    0.136063E-04    0.164843E-05
 8.78369   -0.104176E-04    0.135350E-04    0.169425E-05
 8.80171   -0.103552E-04    0.134643E-04    0.173953E-05
 8.81974   -0.102932E-04    0.133939E-04    0.178426E-05
 8.83777   -0.102316E-04    0.133240E-04    0.182845E-05
 8.85579   -0.101704E-04    0.132546E-04    0.187212E-05
 8.87382   -0.101097E-04    0.131855E-04    0.191527E-05
 8.89184   -0.100494E-04    0.131169E-04    0.195789E-05
 8.90987   -0.998944E-05    0.130487E-04    0.200001E-05
 8.92790   -0.992992E-05    0.129809E-04    0.204161E-05
 8.94592   -0.987080E-05    0.129135E-04    0.208271E-05
 8.96395   -0.981208E-05    0.128465E-04    0.212333E-05
 8.98197   -0.975376E-05    0.127800E-04    0.216344E-05
 9.00000   -0.969583E-05    0.127138E-04    0.220307E-05
