 0.00500    0.223897E-02   -0.110751E-02    0.841680E-03
 0.02303    0.184302E-02   -0.909579E-03    0.693265E-03
 0.04105    0.160973E-02   -0.792988E-03    0.605920E-03
 0.05908    0.143930E-02   -0.707849E-03    0.542211E-03
 0.07710    0.130469E-02   -0.640683E-03    0.491937E-03
 0.09513    0.119376E-02   -0.585295E-03    0.450599E-03
 0.11316    0.109981E-02   -0.538454E-03    0.415661E-03
 0.13118    0.101870E-02   -0.498043E-03    0.385561E-03
 0.14921    0.947678E-03   -0.462682E-03    0.359261E-03
 0.16723    0.884786E-03   -0.431396E-03    0.336026E-03
 0.18526    0.828599E-03   -0.403470E-03    0.315318E-03
 0.20329    0.778036E-03   -0.378362E-03    0.296730E-03
 0.22131    0.732249E-03   -0.355647E-03    0.279941E-03
 0.23934    0.690572E-03   -0.334992E-03    0.264699E-03
 0.25736    0.652465E-03   -0.316125E-03    0.250801E-03
 0.27539    0.617482E-03   -0.298823E-03    0.238078E-03
 0.29342    0.585257E-03   -0.282902E-03    0.226391E-03
 0.31144    0.555479E-03   -0.268207E-03    0.215623E-03
 0.32947    0.527885E-03   -0.254605E-03    0.205673E-03
 0.34749    0.502249E-03   -0.241983E-03    0.196457E-03
 0.36552    0.478377E-03   -0.230245E-03    0.187901E-03
 0.38355    0.456102E-03   -0.219304E-03    0.179941E-03
 0.40157    0.435276E-03   -0.209089E-03    0.172521E-03
 0.41960    0.415770E-03   -0.199533E-03    0.165593E-03
 0.43763    0.397469E-03   -0.190579E-03    0.159114E-03
 0.45565    0.380272E-03   -0.182177E-03    0.153044E-03
 0.47368    0.364088E-03   -0.174281E-03    0.147350E-03
 0.49170    0.348838E-03   -0.166850E-03    0.142001E-03
 0.50973    0.334448E-03   -0.159848E-03    0.136970E-03
 0.52776    0.320854E-03   -0.153244E-03    0.132232E-03
 0.54578    0.307997E-03   -0.147006E-03    0.127765E-03
 0.56381    0.295823E-03   -0.141109E-03    0.123548E-03
 0.58183    0.284285E-03   -0.135528E-03    0.119564E-03
 0.59986    0.273339E-03   -0.130241E-03    0.115797E-03
 0.61789    0.262943E-03   -0.125228E-03    0.112230E-03
 0.63591    0.253062E-03   -0.120470E-03    0.108850E-03
 0.65394    0.243663E-03   -0.115951E-03    0.105644E-03
 0.67196    0.234714E-03   -0.111656E-03    0.102602E-03
 0.68999    0.226187E-03   -0.107570E-03    0.997115E-04
 0.70802    0.218056E-03   -0.103680E-03    0.969638E-04
 0.72604    0.210298E-03   -0.999738E-04    0.943495E-04
 0.74407    0.202889E-03   -0.964408E-04    0.918603E-04
 0.76209    0.195810E-03   -0.930707E-04    0.894886E-04
 0.78012    0.189042E-03   -0.898537E-04    0.872273E-04
 0.79815    0.182566E-03   -0.867813E-04    0.850700E-04
 0.81617    0.176368E-03   -0.838452E-04    0.830104E-04
 0.83420    0.170430E-03   -0.810375E-04    0.810429E-04
 0.85222    0.164740E-03   -0.783515E-04    0.791623E-04
 0.87025    0.159284E-03   -0.757804E-04    0.773636E-04
 0.88828    0.154049E-03   -0.733181E-04    0.756423E-04
 0.90630    0.149025E-03   -0.709589E-04    0.739941E-04
 0.92433    0.144200E-03   -0.686974E-04    0.724150E-04
 0.94235    0.139565E-03   -0.665285E-04    0.709015E-04
 0.96038    0.135109E-03   -0.644475E-04    0.694499E-04
 0.97841    0.130825E-03   -0.624502E-04    0.680571E-04
 0.99643    0.126704E-03   -0.605322E-04    0.667200E-04
 1.01446    0.122738E-03   -0.586898E-04    0.654357E-04
 1.03248    0.118919E-03   -0.569193E-04    0.642016E-04
 1.05051    0.115242E-03   -0.552173E-04    0.630151E-04
 1.06854    0.111699E-03   -0.535805E-04    0.618739E-04
 1.08656    0.108284E-03   -0.520059E-04    0.607758E-04
 1.10459    0.104992E-03   -0.504907E-04    0.597187E-04
 1.12262    0.101817E-03   -0.490320E-04    0.587006E-04
 1.14064    0.987534E-04   -0.476274E-04    0.577197E-04
 1.15867    0.957972E-04   -0.462744E-04    0.567741E-04
 1.17669    0.929433E-04   -0.449707E-04    0.558623E-04
 1.19472    0.901874E-04   -0.437142E-04    0.549826E-04
 1.21275    0.875255E-04   -0.425028E-04    0.541336E-04
 1.23077    0.849537E-04   -0.413346E-04    0.533139E-04
 1.24880    0.824682E-04   -0.402079E-04    0.525222E-04
 1.26682    0.800655E-04   -0.391208E-04    0.517573E-04
 1.28485    0.777423E-04   -0.380716E-04    0.510178E-04
 1.30288    0.754954E-04   -0.370589E-04    0.503028E-04
 1.32090    0.733217E-04   -0.360811E-04    0.496112E-04
 1.33893    0.712183E-04   -0.351367E-04    0.489418E-04
 1.35695    0.691826E-04   -0.342245E-04    0.482938E-04
 1.37498    0.672118E-04   -0.333431E-04    0.476663E-04
 1.39301    0.653036E-04   -0.324914E-04    0.470584E-04
 1.41103    0.634556E-04   -0.316681E-04    0.464693E-04
 1.42906    0.616655E-04   -0.308722E-04    0.458981E-04
 1.44708    0.599313E-04   -0.301027E-04    0.453442E-04
 1.46511    0.582507E-04   -0.293585E-04    0.448069E-04
 1.48314    0.566220E-04   -0.286386E-04    0.442852E-04
 1.50116    0.550432E-04   -0.279421E-04    0.437791E-04
 1.51919    0.535124E-04   -0.272682E-04    0.432875E-04
 1.53721    0.520281E-04   -0.266161E-04    0.428099E-04
 1.55524    0.505886E-04   -0.259848E-04    0.423458E-04
 1.57327    0.491923E-04   -0.253738E-04    0.418946E-04
 1.59129    0.478377E-04   -0.247821E-04    0.414559E-04
 1.60932    0.465234E-04   -0.242092E-04    0.410292E-04
 1.62734    0.452481E-04   -0.236544E-04    0.406139E-04
 1.64537    0.440104E-04   -0.231171E-04    0.402098E-04
 1.66340    0.428090E-04   -0.225965E-04    0.398163E-04
 1.68142    0.416429E-04   -0.220922E-04    0.394330E-04
 1.69945    0.405107E-04   -0.216037E-04    0.390596E-04
 1.71747    0.394115E-04   -0.211302E-04    0.386957E-04
 1.73550    0.383442E-04   -0.206715E-04    0.383410E-04
 1.75353    0.373078E-04   -0.202269E-04    0.379952E-04
 1.77155    0.363013E-04   -0.197960E-04    0.376579E-04
 1.78958    0.353238E-04   -0.193784E-04    0.373288E-04
 1.80761    0.343745E-04   -0.189737E-04    0.370077E-04
 1.82563    0.334525E-04   -0.185814E-04    0.366942E-04
 1.84366    0.325570E-04   -0.182012E-04    0.363882E-04
 1.86168    0.316872E-04   -0.178326E-04    0.360893E-04
 1.87971    0.308423E-04   -0.174754E-04    0.357974E-04
 1.89774    0.300217E-04   -0.171291E-04    0.355121E-04
 1.91576    0.292246E-04   -0.167936E-04    0.352334E-04
 1.93379    0.284505E-04   -0.164683E-04    0.349609E-04
 1.95181    0.276986E-04   -0.161530E-04    0.346945E-04
 1.96984    0.269683E-04   -0.158475E-04    0.344340E-04
 1.98787    0.262591E-04   -0.155514E-04    0.341792E-04
 2.00589    0.255704E-04   -0.152646E-04    0.339299E-04
 2.02392    0.249015E-04   -0.149866E-04    0.336860E-04
 2.04194    0.242520E-04   -0.147172E-04    0.334472E-04
 2.05997    0.236214E-04   -0.144563E-04    0.332134E-04
 2.07800    0.230090E-04   -0.142035E-04    0.329845E-04
 2.09602    0.224143E-04   -0.139586E-04    0.327603E-04
 2.11405    0.218370E-04   -0.137213E-04    0.325406E-04
 2.13207    0.212763E-04   -0.134915E-04    0.323253E-04
 2.15010    0.207319E-04   -0.132688E-04    0.321142E-04
 2.16813    0.202033E-04   -0.130530E-04    0.319072E-04
 2.18615    0.196899E-04   -0.128439E-04    0.317040E-04
 2.20418    0.191913E-04   -0.126413E-04    0.315047E-04
 2.22220    0.187069E-04   -0.124449E-04    0.313088E-04
 2.24023    0.182363E-04   -0.122546E-04    0.311165E-04
 2.25826    0.177790E-04   -0.120700E-04    0.309275E-04
 2.27628    0.173345E-04   -0.118909E-04    0.307416E-04
 2.29431    0.169023E-04   -0.117171E-04    0.305587E-04
 2.31233    0.164820E-04   -0.115485E-04    0.303787E-04
 2.33036    0.160732E-04   -0.113847E-04    0.302014E-04
 2.34839    0.156753E-04   -0.112256E-04    0.300267E-04
 2.36641    0.152879E-04   -0.110709E-04    0.298546E-04
 2.38444    0.149107E-04   -0.109205E-04    0.296846E-04
 2.40246    0.145432E-04   -0.107741E-04    0.295168E-04
 2.42049    0.141850E-04   -0.106317E-04    0.293511E-04
 2.43852    0.138357E-04   -0.104929E-04    0.291873E-04
 2.45654    0.134951E-04   -0.103577E-04    0.290254E-04
 2.47457    0.131627E-04   -0.102259E-04    0.288652E-04
 2.49260    0.128383E-04   -0.100973E-04    0.287066E-04
 2.51062    0.125217E-04   -0.997185E-05    0.285497E-04
 2.52865    0.122125E-04   -0.984941E-05    0.283942E-04
 2.54667    0.119104E-04   -0.972986E-05    0.282402E-04
 2.56470    0.116154E-04   -0.961312E-05    0.280875E-04
 2.58273    0.113273E-04   -0.949910E-05    0.279362E-04
 2.60075    0.110458E-04   -0.938774E-05    0.277862E-04
 2.61878    0.107709E-04   -0.927898E-05    0.276375E-04
 2.63680    0.105024E-04   -0.917279E-05    0.274900E-04
 2.65483    0.102403E-04   -0.906911E-05    0.273438E-04
 2.67286    0.998453E-05   -0.896794E-05    0.271988E-04
 2.69088    0.973499E-05   -0.886926E-05    0.270551E-04
 2.70891    0.949168E-05   -0.877306E-05    0.269126E-04
 2.72693    0.925456E-05   -0.867933E-05    0.267714E-04
 2.74496    0.902365E-05   -0.858809E-05    0.266314E-04
 2.76299    0.879893E-05   -0.849935E-05    0.264928E-04
 2.78101    0.858042E-05   -0.841310E-05    0.263554E-04
 2.79904    0.836812E-05   -0.832938E-05    0.262195E-04
 2.81706    0.816203E-05   -0.824818E-05    0.260850E-04
 2.83509    0.796216E-05   -0.816952E-05    0.259516E-04
 2.85312    0.776849E-05   -0.809339E-05    0.258198E-04
 2.87114    0.758103E-05   -0.801982E-05    0.256894E-04
 2.88917    0.739975E-05   -0.794879E-05    0.255605E-04
 2.90719    0.722462E-05   -0.788030E-05    0.254330E-04
 2.92522    0.705558E-05   -0.781432E-05    0.253069E-04
 2.94325    0.689259E-05   -0.775086E-05    0.251823E-04
 2.96127    0.673554E-05   -0.768985E-05    0.250591E-04
 2.97930    0.658434E-05   -0.763127E-05    0.249374E-04
 2.99732    0.643885E-05   -0.757507E-05    0.248171E-04
 3.01535    0.629893E-05   -0.752116E-05    0.246980E-04
 3.03338    0.616439E-05   -0.746947E-05    0.245803E-04
 3.05140    0.603505E-05   -0.741993E-05    0.244638E-04
 3.06943    0.591069E-05   -0.737242E-05    0.243486E-04
 3.08745    0.579106E-05   -0.732684E-05    0.242345E-04
 3.10548    0.567590E-05   -0.728308E-05    0.241215E-04
 3.12351    0.556492E-05   -0.724099E-05    0.240094E-04
 3.14153    0.545782E-05   -0.720042E-05    0.238982E-04
 3.15956    0.535426E-05   -0.716123E-05    0.237878E-04
 3.17759    0.525389E-05   -0.712325E-05    0.236781E-04
 3.19561    0.515635E-05   -0.708630E-05    0.235690E-04
 3.21364    0.506126E-05   -0.705021E-05    0.234603E-04
 3.23166    0.496822E-05   -0.701479E-05    0.233519E-04
 3.24969    0.487684E-05   -0.697987E-05    0.232438E-04
 3.26772    0.478671E-05   -0.694524E-05    0.231357E-04
 3.28574    0.469742E-05   -0.691069E-05    0.230275E-04
 3.30377    0.460857E-05   -0.687606E-05    0.229192E-04
 3.32179    0.451972E-05   -0.684110E-05    0.228105E-04
 3.33982    0.443047E-05   -0.680567E-05    0.227014E-04
 3.35785    0.434041E-05   -0.676954E-05    0.225917E-04
 3.37587    0.424914E-05   -0.673255E-05    0.224812E-04
 3.39390    0.415628E-05   -0.669451E-05    0.223700E-04
 3.41192    0.406147E-05   -0.665522E-05    0.222578E-04
 3.42995    0.396437E-05   -0.661454E-05    0.221446E-04
 3.44798    0.386464E-05   -0.657232E-05    0.220302E-04
 3.46600    0.376199E-05   -0.652841E-05    0.219145E-04
 3.48403    0.365616E-05   -0.648269E-05    0.217975E-04
 3.50205    0.354688E-05   -0.643504E-05    0.216792E-04
 3.52008    0.343394E-05   -0.638536E-05    0.215593E-04
 3.53811    0.331714E-05   -0.633356E-05    0.214380E-04
 3.55613    0.319633E-05   -0.627957E-05    0.213150E-04
 3.57416    0.307136E-05   -0.622333E-05    0.211905E-04
 3.59218    0.294217E-05   -0.616480E-05    0.210644E-04
 3.61021    0.280869E-05   -0.610387E-05    0.209367E-04
 3.62824    0.267090E-05   -0.604075E-05    0.208073E-04
 3.64626    0.252882E-05   -0.597531E-05    0.206763E-04
 3.66429    0.238250E-05   -0.590760E-05    0.205438E-04
 3.68231    0.223203E-05   -0.583768E-05    0.204098E-04
 3.70034    0.207752E-05   -0.576559E-05    0.202743E-04
 3.71837    0.191910E-05   -0.569148E-05    0.201374E-04
 3.73639    0.175692E-05   -0.561531E-05    0.199992E-04
 3.75442    0.159118E-05   -0.553724E-05    0.198597E-04
 3.77244    0.142211E-05   -0.545738E-05    0.197191E-04
 3.79047    0.124994E-05   -0.537586E-05    0.195773E-04
 3.80850    0.107494E-05   -0.529281E-05    0.194373E-04
 3.82652    0.897403E-06   -0.520837E-05    0.192911E-04
 3.84455    0.717464E-06   -0.512272E-05    0.191468E-04
 3.86258    0.535955E-06   -0.503600E-05    0.190020E-04
 3.88060    0.352686E-06   -0.494838E-05    0.188566E-04
 3.89863    0.168159E-06   -0.486002E-05    0.187109E-04
 3.91665   -0.172915E-07   -0.477111E-05    0.185649E-04
 3.93468   -0.203333E-06   -0.468179E-05    0.184189E-04
 3.95271   -0.389628E-06   -0.459225E-05    0.182729E-04
 3.97073   -0.575843E-06   -0.450265E-05    0.181270E-04
 3.98876   -0.761644E-06   -0.441316E-05    0.179814E-04
 4.00678   -0.946708E-06   -0.432393E-05    0.178362E-04
 4.02481   -0.113069E-05   -0.423514E-05    0.176915E-04
 4.04284   -0.131328E-05   -0.414694E-05    0.175474E-04
 4.06086   -0.149418E-05   -0.405948E-05    0.174041E-04
 4.07889   -0.167309E-05   -0.397291E-05    0.172616E-04
 4.09691   -0.184973E-05   -0.388737E-05    0.171201E-04
 4.11494   -0.202384E-05   -0.380299E-05    0.169796E-04
 4.13297   -0.219517E-05   -0.371990E-05    0.168403E-04
 4.15099   -0.236350E-05   -0.363819E-05    0.167022E-04
 4.16902   -0.252862E-05   -0.355799E-05    0.165654E-04
 4.18704   -0.269034E-05   -0.347937E-05    0.164299E-04
 4.20507   -0.284849E-05   -0.340243E-05    0.162958E-04
 4.22310   -0.300290E-05   -0.332724E-05    0.161633E-04
 4.24112   -0.315344E-05   -0.325387E-05    0.160322E-04
 4.25915   -0.329998E-05   -0.318239E-05    0.159027E-04
 4.27717   -0.344241E-05   -0.311284E-05    0.157748E-04
 4.29520   -0.358063E-05   -0.304528E-05    0.156485E-04
 4.31323   -0.371457E-05   -0.297974E-05    0.155239E-04
 4.33125   -0.384415E-05   -0.291628E-05    0.154010E-04
 4.34928   -0.396935E-05   -0.285485E-05    0.152798E-04
 4.36730   -0.409013E-05   -0.279552E-05    0.151602E-04
 4.38533   -0.420648E-05   -0.273828E-05    0.150424E-04
 4.40336   -0.431841E-05   -0.268312E-05    0.149263E-04
 4.42138   -0.442593E-05   -0.263006E-05    0.148118E-04
 4.43941   -0.452907E-05   -0.257906E-05    0.146991E-04
 4.45743   -0.462785E-05   -0.253010E-05    0.145880E-04
 4.47546   -0.472233E-05   -0.248317E-05    0.144786E-04
 4.49349   -0.481255E-05   -0.243823E-05    0.143708E-04
 4.51151   -0.489857E-05   -0.239527E-05    0.142646E-04
 4.52954   -0.498044E-05   -0.235425E-05    0.141599E-04
 4.54757   -0.505825E-05   -0.231513E-05    0.140568E-04
 4.56559   -0.513207E-05   -0.227788E-05    0.139553E-04
 4.58362   -0.520199E-05   -0.224244E-05    0.138552E-04
 4.60164   -0.526810E-05   -0.220879E-05    0.137566E-04
 4.61967   -0.533048E-05   -0.217686E-05    0.136593E-04
 4.63770   -0.538926E-05   -0.214659E-05    0.135635E-04
 4.65572   -0.544451E-05   -0.211798E-05    0.134690E-04
 4.67375   -0.549635E-05   -0.209094E-05    0.133758E-04
 4.69177   -0.554487E-05   -0.206542E-05    0.132839E-04
 4.70980   -0.559019E-05   -0.204137E-05    0.131932E-04
 4.72783   -0.563239E-05   -0.201875E-05    0.131037E-04
 4.74585   -0.567160E-05   -0.199751E-05    0.130153E-04
 4.76388   -0.570788E-05   -0.197758E-05    0.129280E-04
 4.78190   -0.574141E-05   -0.195894E-05    0.128418E-04
 4.79993   -0.577221E-05   -0.194150E-05    0.127567E-04
 4.81796   -0.580042E-05   -0.192525E-05    0.126725E-04
 4.83598   -0.582612E-05   -0.191012E-05    0.125893E-04
 4.85401   -0.584939E-05   -0.189607E-05    0.125071E-04
 4.87203   -0.587040E-05   -0.188303E-05    0.124257E-04
 4.89006   -0.588913E-05   -0.187101E-05    0.123452E-04
 4.90809   -0.590585E-05   -0.185991E-05    0.122655E-04
 4.92611   -0.592051E-05   -0.184967E-05    0.121867E-04
 4.94414   -0.593321E-05   -0.184030E-05    0.121085E-04
 4.96216   -0.594405E-05   -0.183175E-05    0.120312E-04
 4.98019   -0.595312E-05   -0.182396E-05    0.119545E-04
 4.99822   -0.596049E-05   -0.181690E-05    0.118785E-04
 5.01624   -0.596625E-05   -0.181054E-05    0.118032E-04
 5.03427   -0.597046E-05   -0.180483E-05    0.117285E-04
 5.05229   -0.597319E-05   -0.179975E-05    0.116544E-04
 5.07032   -0.597452E-05   -0.179526E-05    0.115809E-04
 5.08835   -0.597451E-05   -0.179133E-05    0.115079E-04
 5.10637   -0.597323E-05   -0.178792E-05    0.114355E-04
 5.12440   -0.597073E-05   -0.178501E-05    0.113636E-04
 5.14242   -0.596708E-05   -0.178257E-05    0.112922E-04
 5.16045   -0.596234E-05   -0.178057E-05    0.112212E-04
 5.17848   -0.595656E-05   -0.177899E-05    0.111507E-04
 5.19650   -0.594979E-05   -0.177779E-05    0.110807E-04
 5.21453   -0.594208E-05   -0.177696E-05    0.110111E-04
 5.23256   -0.593348E-05   -0.177648E-05    0.109419E-04
 5.25058   -0.592405E-05   -0.177631E-05    0.108731E-04
 5.26861   -0.591381E-05   -0.177645E-05    0.108046E-04
 5.28663   -0.590281E-05   -0.177687E-05    0.107366E-04
 5.30466   -0.589110E-05   -0.177754E-05    0.106689E-04
 5.32269   -0.587870E-05   -0.177846E-05    0.106015E-04
 5.34071   -0.586566E-05   -0.177963E-05    0.105344E-04
 5.35874   -0.585201E-05   -0.178099E-05    0.104677E-04
 5.37676   -0.583779E-05   -0.178255E-05    0.104013E-04
 5.39479   -0.582302E-05   -0.178429E-05    0.103352E-04
 5.41282   -0.580773E-05   -0.178621E-05    0.102694E-04
 5.43084   -0.579197E-05   -0.178828E-05    0.102038E-04
 5.44887   -0.577574E-05   -0.179050E-05    0.101386E-04
 5.46689   -0.575908E-05   -0.179284E-05    0.100736E-04
 5.48492   -0.574200E-05   -0.179530E-05    0.100088E-04
 5.50295   -0.572460E-05   -0.179787E-05    0.994436E-05
 5.52097   -0.570681E-05   -0.180053E-05    0.988013E-05
 5.53900   -0.568868E-05   -0.180328E-05    0.981614E-05
 5.55702   -0.567024E-05   -0.180612E-05    0.975238E-05
 5.57505   -0.565150E-05   -0.180902E-05    0.968885E-05
 5.59308   -0.563249E-05   -0.181198E-05    0.962556E-05
 5.61110   -0.561320E-05   -0.181500E-05    0.956249E-05
 5.62913   -0.559370E-05   -0.181807E-05    0.949964E-05
 5.64715   -0.557396E-05   -0.182117E-05    0.943700E-05
 5.66518   -0.555401E-05   -0.182431E-05    0.937457E-05
 5.68321   -0.553387E-05   -0.182748E-05    0.931234E-05
 5.70123   -0.551351E-05   -0.183067E-05    0.925033E-05
 5.71926   -0.549305E-05   -0.183387E-05    0.918852E-05
 5.73728   -0.547241E-05   -0.183708E-05    0.912690E-05
 5.75531   -0.545163E-05   -0.184030E-05    0.906549E-05
 5.77334   -0.543072E-05   -0.184351E-05    0.900427E-05
 5.79136   -0.540970E-05   -0.184673E-05    0.894324E-05
 5.80939   -0.538854E-05   -0.184993E-05    0.888239E-05
 5.82741   -0.536728E-05   -0.185312E-05    0.882173E-05
 5.84544   -0.534601E-05   -0.185629E-05    0.876128E-05
 5.86347   -0.532462E-05   -0.185945E-05    0.870099E-05
 5.88149   -0.530316E-05   -0.186258E-05    0.864087E-05
 5.89952   -0.528160E-05   -0.186568E-05    0.858094E-05
 5.91755   -0.526002E-05   -0.186875E-05    0.852117E-05
 5.93557   -0.523840E-05   -0.187179E-05    0.846157E-05
 5.95360   -0.521675E-05   -0.187480E-05    0.840215E-05
 5.97162   -0.519510E-05   -0.187776E-05    0.834290E-05
 5.98965   -0.517339E-05   -0.188069E-05    0.828381E-05
 6.00768   -0.515166E-05   -0.188357E-05    0.822490E-05
 6.02570   -0.512990E-05   -0.188641E-05    0.816614E-05
 6.04373   -0.510816E-05   -0.188920E-05    0.810755E-05
 6.06175   -0.508643E-05   -0.189195E-05    0.804910E-05
 6.07978   -0.506472E-05   -0.189464E-05    0.799083E-05
 6.09781   -0.504300E-05   -0.189728E-05    0.793271E-05
 6.11583   -0.502129E-05   -0.189987E-05    0.787475E-05
 6.13386   -0.499960E-05   -0.190241E-05    0.781694E-05
 6.15188   -0.497794E-05   -0.190488E-05    0.775928E-05
 6.16991   -0.495631E-05   -0.190730E-05    0.770177E-05
 6.18794   -0.493471E-05   -0.190967E-05    0.764441E-05
 6.20596   -0.491315E-05   -0.191197E-05    0.758718E-05
 6.22399   -0.489163E-05   -0.191422E-05    0.753012E-05
 6.24201   -0.487015E-05   -0.191640E-05    0.747321E-05
 6.26004   -0.484872E-05   -0.191852E-05    0.741645E-05
 6.27807   -0.482735E-05   -0.192058E-05    0.735987E-05
 6.29609   -0.480602E-05   -0.192257E-05    0.730341E-05
 6.31412   -0.478476E-05   -0.192450E-05    0.724711E-05
 6.33214   -0.476353E-05   -0.192636E-05    0.719096E-05
 6.35017   -0.474239E-05   -0.192816E-05    0.713496E-05
 6.36820   -0.472135E-05   -0.192989E-05    0.707913E-05
 6.38622   -0.470034E-05   -0.193155E-05    0.702345E-05
 6.40425   -0.467941E-05   -0.193315E-05    0.696792E-05
 6.42227   -0.465856E-05   -0.193467E-05    0.691257E-05
 6.44030   -0.463778E-05   -0.193613E-05    0.685737E-05
 6.45833   -0.461708E-05   -0.193752E-05    0.680232E-05
 6.47635   -0.459647E-05   -0.193884E-05    0.674745E-05
 6.49438   -0.457593E-05   -0.194008E-05    0.669278E-05
 6.51240   -0.455549E-05   -0.194126E-05    0.663825E-05
 6.53043   -0.453513E-05   -0.194237E-05    0.658389E-05
 6.54846   -0.451487E-05   -0.194340E-05    0.652969E-05
 6.56648   -0.449469E-05   -0.194436E-05    0.647567E-05
 6.58451   -0.447461E-05   -0.194525E-05    0.642182E-05
 6.60254   -0.445463E-05   -0.194607E-05    0.636813E-05
 6.62056   -0.443475E-05   -0.194682E-05    0.631461E-05
 6.63859   -0.441497E-05   -0.194749E-05    0.626127E-05
 6.65661   -0.439529E-05   -0.194809E-05    0.620808E-05
 6.67464   -0.437571E-05   -0.194861E-05    0.615507E-05
 6.69267   -0.435622E-05   -0.194906E-05    0.610222E-05
 6.71069   -0.433686E-05   -0.194944E-05    0.604954E-05
 6.72872   -0.431763E-05   -0.194974E-05    0.599700E-05
 6.74674   -0.429849E-05   -0.194997E-05    0.594466E-05
 6.76477   -0.427946E-05   -0.195012E-05    0.589246E-05
 6.78280   -0.426054E-05   -0.195021E-05    0.584043E-05
 6.80082   -0.424173E-05   -0.195021E-05    0.578856E-05
 6.81885   -0.422304E-05   -0.195014E-05    0.573684E-05
 6.83687   -0.420447E-05   -0.195000E-05    0.568529E-05
 6.85490   -0.418601E-05   -0.194979E-05    0.563390E-05
 6.87293   -0.416767E-05   -0.194950E-05    0.558266E-05
 6.89095   -0.414945E-05   -0.194914E-05    0.553159E-05
 6.90898   -0.413134E-05   -0.194870E-05    0.548067E-05
 6.92700   -0.411336E-05   -0.194820E-05    0.542992E-05
 6.94503   -0.409549E-05   -0.194762E-05    0.537932E-05
 6.96306   -0.407774E-05   -0.194696E-05    0.532887E-05
 6.98108   -0.406010E-05   -0.194624E-05    0.527862E-05
 6.99911   -0.404259E-05   -0.194545E-05    0.522850E-05
 7.01713   -0.402519E-05   -0.194459E-05    0.517855E-05
 7.03516   -0.400791E-05   -0.194366E-05    0.512877E-05
 7.05319   -0.399075E-05   -0.194266E-05    0.507914E-05
 7.07121   -0.397370E-05   -0.194159E-05    0.502968E-05
 7.08924   -0.395677E-05   -0.194046E-05    0.498039E-05
 7.10726   -0.393995E-05   -0.193926E-05    0.493125E-05
 7.12529   -0.392324E-05   -0.193799E-05    0.488229E-05
 7.14332   -0.390665E-05   -0.193666E-05    0.483349E-05
 7.16134   -0.389015E-05   -0.193527E-05    0.478486E-05
 7.17937   -0.387378E-05   -0.193382E-05    0.473640E-05
 7.19739   -0.385752E-05   -0.193230E-05    0.468810E-05
 7.21542   -0.384137E-05   -0.193073E-05    0.463997E-05
 7.23345   -0.382530E-05   -0.192909E-05    0.459201E-05
 7.25147   -0.380938E-05   -0.192740E-05    0.454423E-05
 7.26950   -0.379354E-05   -0.192566E-05    0.449661E-05
 7.28753   -0.377779E-05   -0.192385E-05    0.444917E-05
 7.30555   -0.376217E-05   -0.192200E-05    0.440189E-05
 7.32358   -0.374662E-05   -0.192009E-05    0.435480E-05
 7.34160   -0.373117E-05   -0.191813E-05    0.430787E-05
 7.35963   -0.371581E-05   -0.191612E-05    0.426110E-05
 7.37766   -0.370054E-05   -0.191407E-05    0.421455E-05
 7.39568   -0.368535E-05   -0.191196E-05    0.416815E-05
 7.41371   -0.367025E-05   -0.190982E-05    0.412192E-05
 7.43173   -0.365524E-05   -0.190762E-05    0.407588E-05
 7.44976   -0.364032E-05   -0.190539E-05    0.403001E-05
 7.46779   -0.362549E-05   -0.190311E-05    0.398432E-05
 7.48581   -0.361072E-05   -0.190079E-05    0.393880E-05
 7.50384   -0.359603E-05   -0.189843E-05    0.389347E-05
 7.52186   -0.358140E-05   -0.189604E-05    0.384831E-05
 7.53989   -0.356686E-05   -0.189361E-05    0.380334E-05
 7.55792   -0.355239E-05   -0.189114E-05    0.375855E-05
 7.57594   -0.353800E-05   -0.188864E-05    0.371394E-05
 7.59397   -0.352368E-05   -0.188610E-05    0.366950E-05
 7.61199   -0.350942E-05   -0.188353E-05    0.362525E-05
 7.63002   -0.349523E-05   -0.188093E-05    0.358119E-05
 7.64805   -0.348110E-05   -0.187830E-05    0.353730E-05
 7.66607   -0.346704E-05   -0.187564E-05    0.349359E-05
 7.68410   -0.345303E-05   -0.187295E-05    0.345007E-05
 7.70212   -0.343909E-05   -0.187023E-05    0.340673E-05
 7.72015   -0.342521E-05   -0.186748E-05    0.336357E-05
 7.73818   -0.341139E-05   -0.186471E-05    0.332060E-05
 7.75620   -0.339762E-05   -0.186191E-05    0.327781E-05
 7.77423   -0.338391E-05   -0.185908E-05    0.323520E-05
 7.79225   -0.337026E-05   -0.185623E-05    0.319278E-05
 7.81028   -0.335665E-05   -0.185336E-05    0.315054E-05
 7.82831   -0.334310E-05   -0.185047E-05    0.310848E-05
 7.84633   -0.332961E-05   -0.184755E-05    0.306661E-05
 7.86436   -0.331618E-05   -0.184461E-05    0.302493E-05
 7.88238   -0.330281E-05   -0.184165E-05    0.298341E-05
 7.90041   -0.328946E-05   -0.183866E-05    0.294211E-05
 7.91844   -0.327620E-05   -0.183566E-05    0.290097E-05
 7.93646   -0.326297E-05   -0.183264E-05    0.286001E-05
 7.95449   -0.324979E-05   -0.182960E-05    0.281924E-05
 7.97252   -0.323665E-05   -0.182653E-05    0.277865E-05
 7.99054   -0.322359E-05   -0.182345E-05    0.273825E-05
 8.00857   -0.321057E-05   -0.182035E-05    0.269803E-05
 8.02659   -0.319759E-05   -0.181723E-05    0.265799E-05
 8.04462   -0.318467E-05   -0.181409E-05    0.261812E-05
 8.06265   -0.317180E-05   -0.181093E-05    0.257845E-05
 8.08067   -0.315899E-05   -0.180775E-05    0.253895E-05
 8.09870   -0.314622E-05   -0.180455E-05    0.249963E-05
 8.11672   -0.313351E-05   -0.180134E-05    0.246049E-05
 8.13475   -0.312085E-05   -0.179810E-05    0.242153E-05
 8.15278   -0.310824E-05   -0.179485E-05    0.238275E-05
 8.17080   -0.309568E-05   -0.179158E-05    0.234415E-05
 8.18883   -0.308318E-05   -0.178829E-05    0.230572E-05
 8.20685   -0.307073E-05   -0.178498E-05    0.226747E-05
 8.22488   -0.305834E-05   -0.178166E-05    0.222940E-05
 8.24291   -0.304600E-05   -0.177831E-05    0.219150E-05
 8.26093   -0.303370E-05   -0.177495E-05    0.215379E-05
 8.27896   -0.302147E-05   -0.177157E-05    0.211624E-05
 8.29698   -0.300930E-05   -0.176817E-05    0.207888E-05
 8.31501   -0.299717E-05   -0.176475E-05    0.204169E-05
 8.33304   -0.298511E-05   -0.176131E-05    0.200466E-05
 8.35106   -0.297311E-05   -0.175786E-05    0.196782E-05
 8.36909   -0.296116E-05   -0.175438E-05    0.193115E-05
 8.38711   -0.294926E-05   -0.175089E-05    0.189465E-05
 8.40514   -0.293742E-05   -0.174739E-05    0.185832E-05
 8.42317   -0.292564E-05   -0.174386E-05    0.182216E-05
 8.44119   -0.291391E-05   -0.174032E-05    0.178618E-05
 8.45922   -0.290224E-05   -0.173676E-05    0.175037E-05
 8.47724   -0.289062E-05   -0.173318E-05    0.171473E-05
 8.49527   -0.287906E-05   -0.172958E-05    0.167916E-05
 8.51330   -0.286756E-05   -0.172597E-05    0.164386E-05
 8.53132   -0.285612E-05   -0.172234E-05    0.160873E-05
 8.54935   -0.284473E-05   -0.171869E-05    0.157377E-05
 8.56737   -0.283340E-05   -0.171502E-05    0.153898E-05
 8.58540   -0.282213E-05   -0.171134E-05    0.150435E-05
 8.60343   -0.281092E-05   -0.170764E-05    0.146990E-05
 8.62145   -0.279976E-05   -0.170393E-05    0.143561E-05
 8.63948   -0.278866E-05   -0.170019E-05    0.140149E-05
 8.65751   -0.277761E-05   -0.169645E-05    0.136753E-05
 8.67553   -0.276663E-05   -0.169268E-05    0.133374E-05
 8.69356   -0.275570E-05   -0.168890E-05    0.130020E-05
 8.71158   -0.274483E-05   -0.168510E-05    0.126674E-05
 8.72961   -0.273401E-05   -0.168129E-05    0.123344E-05
 8.74764   -0.272325E-05   -0.167746E-05    0.120031E-05
 8.76566   -0.271255E-05   -0.167362E-05    0.116735E-05
 8.78369   -0.270191E-05   -0.166976E-05    0.113454E-05
 8.80171   -0.269132E-05   -0.166589E-05    0.110190E-05
 8.81974   -0.268079E-05   -0.166200E-05    0.106943E-05
 8.83777   -0.267031E-05   -0.165810E-05    0.103711E-05
 8.85579   -0.265989E-05   -0.165418E-05    0.100496E-05
 8.87382   -0.264953E-05   -0.165025E-05    0.972969E-06
 8.89184   -0.263922E-05   -0.164630E-05    0.941151E-06
 8.90987   -0.262896E-05   -0.164234E-05    0.909483E-06
 8.92790   -0.261876E-05   -0.163837E-05    0.877978E-06
 8.94592   -0.260862E-05   -0.163438E-05    0.846632E-06
 8.96395   -0.259854E-05   -0.163038E-05    0.815446E-06
 8.98197   -0.258850E-05   -0.162637E-05    0.784418E-06
 9.00000   -0.257853E-05   -0.162234E-05    0.753550E-06
