 0.00500    0.475226E-01   -0.231594E-01    0.167967E-01
 0.01250    0.428250E-01   -0.208108E-01    0.150352E-01
 0.02000    0.394891E-01   -0.191434E-01    0.137852E-01
 0.02751    0.368395E-01   -0.178190E-01    0.127926E-01
 0.03501    0.346253E-01   -0.167122E-01    0.119633E-01
 0.04251    0.327187E-01   -0.157594E-01    0.112495E-01
 0.05001    0.310424E-01   -0.149219E-01    0.106225E-01
 0.05751    0.295473E-01   -0.141751E-01    0.100634E-01
 0.06502    0.281989E-01   -0.135016E-01    0.955958E-02
 0.07252    0.269719E-01   -0.128889E-01    0.910139E-02
 0.08002    0.258478E-01   -0.123277E-01    0.868190E-02
 0.08752    0.248115E-01   -0.118105E-01    0.829552E-02
 0.09503    0.238515E-01   -0.113315E-01    0.793784E-02
 0.10253    0.229583E-01   -0.108860E-01    0.760535E-02
 0.11003    0.221243E-01   -0.104700E-01    0.729515E-02
 0.11753    0.213431E-01   -0.100805E-01    0.700481E-02
 0.12503    0.206091E-01   -0.971466E-02    0.673228E-02
 0.13254    0.199178E-01   -0.937020E-02    0.647585E-02
 0.14004    0.192652E-01   -0.904512E-02    0.623400E-02
 0.14754    0.186480E-01   -0.873772E-02    0.600546E-02
 0.15504    0.180630E-01   -0.844651E-02    0.578911E-02
 0.16254    0.175076E-01   -0.817015E-02    0.558394E-02
 0.17005    0.169796E-01   -0.790745E-02    0.538905E-02
 0.17755    0.164767E-01   -0.765739E-02    0.520369E-02
 0.18505    0.159973E-01   -0.741907E-02    0.502716E-02
 0.19255    0.155396E-01   -0.719164E-02    0.485884E-02
 0.20005    0.151022E-01   -0.697437E-02    0.469816E-02
 0.20756    0.146837E-01   -0.676658E-02    0.454462E-02
 0.21506    0.142829E-01   -0.656766E-02    0.439776E-02
 0.22256    0.138987E-01   -0.637704E-02    0.425715E-02
 0.23006    0.135301E-01   -0.619423E-02    0.412242E-02
 0.23756    0.131761E-01   -0.601877E-02    0.399321E-02
 0.24507    0.128360E-01   -0.585023E-02    0.386922E-02
 0.25257    0.125089E-01   -0.568821E-02    0.375014E-02
 0.26007    0.121940E-01   -0.553235E-02    0.363571E-02
 0.26757    0.118908E-01   -0.538232E-02    0.352566E-02
 0.27508    0.115986E-01   -0.523781E-02    0.341976E-02
 0.28258    0.113169E-01   -0.509853E-02    0.331779E-02
 0.29008    0.110450E-01   -0.496422E-02    0.321957E-02
 0.29758    0.107826E-01   -0.483464E-02    0.312490E-02
 0.30508    0.105292E-01   -0.470954E-02    0.303360E-02
 0.31259    0.102843E-01   -0.458872E-02    0.294552E-02
 0.32009    0.100475E-01   -0.447197E-02    0.286050E-02
 0.32759    0.981848E-02   -0.435910E-02    0.277840E-02
 0.33509    0.959685E-02   -0.424994E-02    0.269909E-02
 0.34259    0.938229E-02   -0.414432E-02    0.262243E-02
 0.35010    0.917447E-02   -0.404208E-02    0.254832E-02
 0.35760    0.897311E-02   -0.394307E-02    0.247664E-02
 0.36510    0.877792E-02   -0.384716E-02    0.240728E-02
 0.37260    0.858866E-02   -0.375421E-02    0.234014E-02
 0.38010    0.840507E-02   -0.366410E-02    0.227514E-02
 0.38761    0.822692E-02   -0.357671E-02    0.221219E-02
 0.39511    0.805399E-02   -0.349194E-02    0.215119E-02
 0.40261    0.788607E-02   -0.340968E-02    0.209208E-02
 0.41011    0.772297E-02   -0.332983E-02    0.203477E-02
 0.41761    0.756449E-02   -0.325229E-02    0.197920E-02
 0.42512    0.741046E-02   -0.317697E-02    0.192530E-02
 0.43262    0.726071E-02   -0.310380E-02    0.187300E-02
 0.44012    0.711507E-02   -0.303269E-02    0.182224E-02
 0.44762    0.697340E-02   -0.296356E-02    0.177298E-02
 0.45513    0.683556E-02   -0.289634E-02    0.172514E-02
 0.46263    0.670139E-02   -0.283096E-02    0.167868E-02
 0.47013    0.657077E-02   -0.276736E-02    0.163354E-02
 0.47763    0.644357E-02   -0.270547E-02    0.158969E-02
 0.48513    0.631967E-02   -0.264523E-02    0.154707E-02
 0.49264    0.619896E-02   -0.258658E-02    0.150564E-02
 0.50014    0.608133E-02   -0.252947E-02    0.146536E-02
 0.50764    0.596667E-02   -0.247385E-02    0.142619E-02
 0.51514    0.585488E-02   -0.241966E-02    0.138809E-02
 0.52264    0.574587E-02   -0.236686E-02    0.135103E-02
 0.53015    0.563954E-02   -0.231540E-02    0.131496E-02
 0.53765    0.553582E-02   -0.226524E-02    0.127987E-02
 0.54515    0.543461E-02   -0.221633E-02    0.124571E-02
 0.55265    0.533583E-02   -0.216864E-02    0.121245E-02
 0.56015    0.523940E-02   -0.212212E-02    0.118007E-02
 0.56766    0.514526E-02   -0.207675E-02    0.114853E-02
 0.57516    0.505332E-02   -0.203247E-02    0.111782E-02
 0.58266    0.496353E-02   -0.198926E-02    0.108790E-02
 0.59016    0.487581E-02   -0.194709E-02    0.105875E-02
 0.59766    0.479010E-02   -0.190592E-02    0.103034E-02
 0.60517    0.470635E-02   -0.186572E-02    0.100265E-02
 0.61267    0.462448E-02   -0.182646E-02    0.975671E-03
 0.62017    0.454446E-02   -0.178813E-02    0.949366E-03
 0.62767    0.446622E-02   -0.175068E-02    0.923720E-03
 0.63518    0.438972E-02   -0.171409E-02    0.898713E-03
 0.64268    0.431489E-02   -0.167834E-02    0.874326E-03
 0.65018    0.424170E-02   -0.164340E-02    0.850541E-03
 0.65768    0.417010E-02   -0.160926E-02    0.827340E-03
 0.66518    0.410003E-02   -0.157588E-02    0.804706E-03
 0.67269    0.403147E-02   -0.154324E-02    0.782623E-03
 0.68019    0.396436E-02   -0.151134E-02    0.761075E-03
 0.68769    0.389867E-02   -0.148013E-02    0.740046E-03
 0.69519    0.383436E-02   -0.144962E-02    0.719523E-03
 0.70269    0.377139E-02   -0.141977E-02    0.699491E-03
 0.71020    0.370972E-02   -0.139056E-02    0.679936E-03
 0.71770    0.364933E-02   -0.136199E-02    0.660845E-03
 0.72520    0.359016E-02   -0.133404E-02    0.642206E-03
 0.73270    0.353221E-02   -0.130668E-02    0.624006E-03
 0.74020    0.347542E-02   -0.127990E-02    0.606233E-03
 0.74771    0.341978E-02   -0.125369E-02    0.588876E-03
 0.75521    0.336525E-02   -0.122803E-02    0.571923E-03
 0.76271    0.331180E-02   -0.120291E-02    0.555365E-03
 0.77021    0.325941E-02   -0.117831E-02    0.539189E-03
 0.77771    0.320805E-02   -0.115422E-02    0.523387E-03
 0.78522    0.315769E-02   -0.113063E-02    0.507949E-03
 0.79272    0.310831E-02   -0.110753E-02    0.492864E-03
 0.80022    0.305989E-02   -0.108490E-02    0.478125E-03
 0.80772    0.301240E-02   -0.106272E-02    0.463722E-03
 0.81523    0.296581E-02   -0.104100E-02    0.449646E-03
 0.82273    0.292011E-02   -0.101972E-02    0.435890E-03
 0.83023    0.287528E-02   -0.998865E-03    0.422446E-03
 0.83773    0.283129E-02   -0.978428E-03    0.409305E-03
 0.84523    0.278813E-02   -0.958398E-03    0.396460E-03
 0.85274    0.274577E-02   -0.938767E-03    0.383904E-03
 0.86024    0.270420E-02   -0.919524E-03    0.371629E-03
 0.86774    0.266340E-02   -0.900659E-03    0.359629E-03
 0.87524    0.262334E-02   -0.882165E-03    0.347897E-03
 0.88274    0.258402E-02   -0.864032E-03    0.336426E-03
 0.89025    0.254541E-02   -0.846252E-03    0.325210E-03
 0.89775    0.250751E-02   -0.828817E-03    0.314243E-03
 0.90525    0.247028E-02   -0.811720E-03    0.303519E-03
 0.91275    0.243373E-02   -0.794951E-03    0.293032E-03
 0.92025    0.239782E-02   -0.778504E-03    0.282777E-03
 0.92776    0.236256E-02   -0.762371E-03    0.272748E-03
 0.93526    0.232792E-02   -0.746545E-03    0.262938E-03
 0.94276    0.229389E-02   -0.731020E-03    0.253345E-03
 0.95026    0.226046E-02   -0.715788E-03    0.243962E-03
 0.95776    0.222761E-02   -0.700843E-03    0.234786E-03
 0.96527    0.219534E-02   -0.686180E-03    0.225810E-03
 0.97277    0.216362E-02   -0.671792E-03    0.217024E-03
 0.98027    0.213245E-02   -0.657672E-03    0.208437E-03
 0.98777    0.210182E-02   -0.643814E-03    0.200042E-03
 0.99528    0.207171E-02   -0.630216E-03    0.191826E-03
 1.00278    0.204212E-02   -0.616869E-03    0.183788E-03
 1.01028    0.201303E-02   -0.603768E-03    0.175926E-03
 1.01778    0.198443E-02   -0.590908E-03    0.168235E-03
 1.02528    0.195631E-02   -0.578284E-03    0.160711E-03
 1.03279    0.192867E-02   -0.565892E-03    0.153351E-03
 1.04029    0.190149E-02   -0.553725E-03    0.146151E-03
 1.04779    0.187476E-02   -0.541780E-03    0.139108E-03
 1.05529    0.184847E-02   -0.530052E-03    0.132217E-03
 1.06279    0.182262E-02   -0.518536E-03    0.125476E-03
 1.07030    0.179720E-02   -0.507228E-03    0.118882E-03
 1.07780    0.177219E-02   -0.496123E-03    0.112431E-03
 1.08530    0.174759E-02   -0.485219E-03    0.106120E-03
 1.09280    0.172339E-02   -0.474509E-03    0.999459E-04
 1.10030    0.169959E-02   -0.463992E-03    0.939064E-04
 1.10781    0.167617E-02   -0.453661E-03    0.879981E-04
 1.11531    0.165313E-02   -0.443515E-03    0.822184E-04
 1.12281    0.163046E-02   -0.433550E-03    0.765646E-04
 1.13031    0.160815E-02   -0.423761E-03    0.710339E-04
 1.13781    0.158620E-02   -0.414145E-03    0.656240E-04
 1.14532    0.156460E-02   -0.404699E-03    0.603321E-04
 1.15282    0.154334E-02   -0.395420E-03    0.551556E-04
 1.16032    0.152242E-02   -0.386304E-03    0.500924E-04
 1.16782    0.150183E-02   -0.377348E-03    0.451401E-04
 1.17533    0.148156E-02   -0.368549E-03    0.402962E-04
 1.18283    0.146161E-02   -0.359904E-03    0.355586E-04
 1.19033    0.144197E-02   -0.351409E-03    0.309252E-04
 1.19783    0.142264E-02   -0.343063E-03    0.263935E-04
 1.20533    0.140361E-02   -0.334863E-03    0.219619E-04
 1.21284    0.138487E-02   -0.326804E-03    0.176281E-04
 1.22034    0.136642E-02   -0.318886E-03    0.133901E-04
 1.22784    0.134826E-02   -0.311104E-03    0.924591E-05
 1.23534    0.133037E-02   -0.303458E-03    0.519370E-05
 1.24284    0.131276E-02   -0.295943E-03    0.123161E-05
 1.25035    0.129542E-02   -0.288558E-03   -0.264218E-05
 1.25785    0.127834E-02   -0.281300E-03   -0.642945E-05
 1.26535    0.126152E-02   -0.274167E-03   -0.101320E-04
 1.27285    0.124496E-02   -0.267155E-03   -0.137513E-04
 1.28035    0.122864E-02   -0.260265E-03   -0.172895E-04
 1.28786    0.121257E-02   -0.253493E-03   -0.207477E-04
 1.29536    0.119675E-02   -0.246837E-03   -0.241278E-04
 1.30286    0.118116E-02   -0.240294E-03   -0.274316E-04
 1.31036    0.116580E-02   -0.233863E-03   -0.306600E-04
 1.31786    0.115067E-02   -0.227541E-03   -0.338148E-04
 1.32537    0.113576E-02   -0.221327E-03   -0.368971E-04
 1.33287    0.112108E-02   -0.215219E-03   -0.399090E-04
 1.34037    0.110661E-02   -0.209215E-03   -0.428517E-04
 1.34787    0.109236E-02   -0.203312E-03   -0.457262E-04
 1.35538    0.107832E-02   -0.197510E-03   -0.485341E-04
 1.36288    0.106448E-02   -0.191807E-03   -0.512767E-04
 1.37038    0.105085E-02   -0.186200E-03   -0.539551E-04
 1.37788    0.103741E-02   -0.180688E-03   -0.565706E-04
 1.38538    0.102417E-02   -0.175269E-03   -0.591246E-04
 1.39289    0.101113E-02   -0.169943E-03   -0.616180E-04
 1.40039    0.998269E-03   -0.164706E-03   -0.640521E-04
 1.40789    0.985598E-03   -0.159557E-03   -0.664281E-04
 1.41539    0.973110E-03   -0.154495E-03   -0.687476E-04
 1.42289    0.960802E-03   -0.149513E-03   -0.710103E-04
 1.43040    0.948671E-03   -0.144622E-03   -0.732185E-04
 1.43790    0.936714E-03   -0.139812E-03   -0.753729E-04
 1.44540    0.924929E-03   -0.135090E-03   -0.774743E-04
 1.45290    0.913313E-03   -0.130442E-03   -0.795239E-04
 1.46040    0.901861E-03   -0.125872E-03   -0.815228E-04
 1.46791    0.890574E-03   -0.121379E-03   -0.834716E-04
 1.47541    0.879447E-03   -0.116962E-03   -0.853717E-04
 1.48291    0.868476E-03   -0.112620E-03   -0.872238E-04
 1.49041    0.857662E-03   -0.108350E-03   -0.890290E-04
 1.49791    0.847001E-03   -0.104153E-03   -0.907879E-04
 1.50542    0.836490E-03   -0.100027E-03   -0.925014E-04
 1.51292    0.826127E-03   -0.959698E-04   -0.941703E-04
 1.52042    0.815910E-03   -0.919814E-04   -0.957958E-04
 1.52792    0.805836E-03   -0.880606E-04   -0.973784E-04
 1.53543    0.795903E-03   -0.842061E-04   -0.989190E-04
 1.54293    0.786110E-03   -0.804166E-04   -0.100418E-03
 1.55043    0.776454E-03   -0.766914E-04   -0.101877E-03
 1.55793    0.766932E-03   -0.730294E-04   -0.103296E-03
 1.56543    0.757543E-03   -0.694292E-04   -0.104676E-03
 1.57294    0.748285E-03   -0.658902E-04   -0.106018E-03
 1.58044    0.739155E-03   -0.624114E-04   -0.107322E-03
 1.58794    0.730153E-03   -0.589917E-04   -0.108589E-03
 1.59544    0.721275E-03   -0.556303E-04   -0.109820E-03
 1.60294    0.712520E-03   -0.523263E-04   -0.111014E-03
 1.61045    0.703886E-03   -0.490786E-04   -0.112175E-03
 1.61795    0.695372E-03   -0.458863E-04   -0.113300E-03
 1.62545    0.686976E-03   -0.427487E-04   -0.114393E-03
 1.63295    0.678695E-03   -0.396650E-04   -0.115451E-03
 1.64045    0.670528E-03   -0.366342E-04   -0.116478E-03
 1.64796    0.662474E-03   -0.336555E-04   -0.117472E-03
 1.65546    0.654531E-03   -0.307283E-04   -0.118435E-03
 1.66296    0.646697E-03   -0.278517E-04   -0.119367E-03
 1.67046    0.638971E-03   -0.250248E-04   -0.120269E-03
 1.67796    0.631351E-03   -0.222468E-04   -0.121141E-03
 1.68547    0.623836E-03   -0.195175E-04   -0.121984E-03
 1.69297    0.616424E-03   -0.168358E-04   -0.122798E-03
 1.70047    0.609114E-03   -0.142007E-04   -0.123584E-03
 1.70797    0.601904E-03   -0.116119E-04   -0.124342E-03
 1.71548    0.594793E-03   -0.906846E-05   -0.125073E-03
 1.72298    0.587779E-03   -0.657003E-05   -0.125776E-03
 1.73048    0.580862E-03   -0.411586E-05   -0.126454E-03
 1.73798    0.574039E-03   -0.170517E-05   -0.127106E-03
 1.74548    0.567311E-03    0.662524E-06   -0.127732E-03
 1.75299    0.560675E-03    0.298787E-05   -0.128333E-03
 1.76049    0.554130E-03    0.527144E-05   -0.128909E-03
 1.76799    0.547675E-03    0.751387E-05   -0.129461E-03
 1.77549    0.541309E-03    0.971560E-05   -0.129989E-03
 1.78299    0.535031E-03    0.118775E-04   -0.130493E-03
 1.79050    0.528839E-03    0.139999E-04   -0.130975E-03
 1.79800    0.522733E-03    0.160830E-04   -0.131434E-03
 1.80550    0.516711E-03    0.181278E-04   -0.131870E-03
 1.81300    0.510773E-03    0.201346E-04   -0.132285E-03
 1.82050    0.504917E-03    0.221041E-04   -0.132677E-03
 1.82801    0.499142E-03    0.240365E-04   -0.133049E-03
 1.83551    0.493448E-03    0.259325E-04   -0.133399E-03
 1.84301    0.487834E-03    0.277924E-04   -0.133728E-03
 1.85051    0.482297E-03    0.296167E-04   -0.134037E-03
 1.85802    0.476838E-03    0.314058E-04   -0.134326E-03
 1.86552    0.471456E-03    0.331602E-04   -0.134595E-03
 1.87302    0.466151E-03    0.348803E-04   -0.134845E-03
 1.88052    0.460920E-03    0.365664E-04   -0.135075E-03
 1.88802    0.455764E-03    0.382191E-04   -0.135286E-03
 1.89553    0.450681E-03    0.398386E-04   -0.135478E-03
 1.90303    0.445671E-03    0.414250E-04   -0.135651E-03
 1.91053    0.440734E-03    0.429791E-04   -0.135806E-03
 1.91803    0.435867E-03    0.445011E-04   -0.135944E-03
 1.92553    0.431071E-03    0.459912E-04   -0.136063E-03
 1.93304    0.426345E-03    0.474499E-04   -0.136164E-03
 1.94054    0.421689E-03    0.488775E-04   -0.136248E-03
 1.94804    0.417101E-03    0.502743E-04   -0.136315E-03
 1.95554    0.412581E-03    0.516405E-04   -0.136364E-03
 1.96304    0.408128E-03    0.529763E-04   -0.136397E-03
 1.97055    0.403743E-03    0.542822E-04   -0.136413E-03
 1.97805    0.399424E-03    0.555583E-04   -0.136412E-03
 1.98555    0.395170E-03    0.568050E-04   -0.136395E-03
 1.99305    0.390982E-03    0.580225E-04   -0.136361E-03
 2.00055    0.386859E-03    0.592108E-04   -0.136312E-03
 2.00806    0.382799E-03    0.603703E-04   -0.136246E-03
 2.01556    0.378804E-03    0.615015E-04   -0.136165E-03
 2.02306    0.374872E-03    0.626043E-04   -0.136067E-03
 2.03056    0.371002E-03    0.636790E-04   -0.135955E-03
 2.03807    0.367195E-03    0.647257E-04   -0.135826E-03
 2.04557    0.363450E-03    0.657446E-04   -0.135683E-03
 2.05307    0.359767E-03    0.667360E-04   -0.135524E-03
 2.06057    0.356145E-03    0.677002E-04   -0.135350E-03
 2.06807    0.352584E-03    0.686373E-04   -0.135161E-03
 2.07558    0.349083E-03    0.695471E-04   -0.134957E-03
 2.08308    0.345642E-03    0.704303E-04   -0.134738E-03
 2.09058    0.342261E-03    0.712863E-04   -0.134504E-03
 2.09808    0.338940E-03    0.721161E-04   -0.134256E-03
 2.10558    0.335677E-03    0.729196E-04   -0.133993E-03
 2.11309    0.332473E-03    0.736969E-04   -0.133715E-03
 2.12059    0.329328E-03    0.744481E-04   -0.133423E-03
 2.12809    0.326241E-03    0.751733E-04   -0.133117E-03
 2.13559    0.323211E-03    0.758724E-04   -0.132797E-03
 2.14309    0.320240E-03    0.765463E-04   -0.132462E-03
 2.15060    0.317325E-03    0.771945E-04   -0.132113E-03
 2.15810    0.314467E-03    0.778177E-04   -0.131750E-03
 2.16560    0.311666E-03    0.784150E-04   -0.131373E-03
 2.17310    0.308921E-03    0.789872E-04   -0.130982E-03
 2.18060    0.306232E-03    0.795345E-04   -0.130577E-03
 2.18811    0.303598E-03    0.800571E-04   -0.130158E-03
 2.19561    0.301020E-03    0.805550E-04   -0.129725E-03
 2.20311    0.298498E-03    0.810284E-04   -0.129279E-03
 2.21061    0.296030E-03    0.814774E-04   -0.128820E-03
 2.21812    0.293616E-03    0.819024E-04   -0.128347E-03
 2.22562    0.291255E-03    0.823031E-04   -0.127860E-03
 2.23312    0.288949E-03    0.826797E-04   -0.127361E-03
 2.24062    0.286696E-03    0.830328E-04   -0.126848E-03
 2.24812    0.284495E-03    0.833623E-04   -0.126322E-03
 2.25563    0.282347E-03    0.836687E-04   -0.125783E-03
 2.26313    0.280251E-03    0.839517E-04   -0.125231E-03
 2.27063    0.278206E-03    0.842118E-04   -0.124667E-03
 2.27813    0.276213E-03    0.844493E-04   -0.124090E-03
 2.28563    0.274270E-03    0.846641E-04   -0.123501E-03
 2.29314    0.272377E-03    0.848567E-04   -0.122899E-03
 2.30064    0.270533E-03    0.850273E-04   -0.122285E-03
 2.30814    0.268739E-03    0.851763E-04   -0.121659E-03
 2.31564    0.266992E-03    0.853037E-04   -0.121022E-03
 2.32314    0.265294E-03    0.854101E-04   -0.120373E-03
 2.33065    0.263642E-03    0.854956E-04   -0.119712E-03
 2.33815    0.262037E-03    0.855607E-04   -0.119041E-03
 2.34565    0.260477E-03    0.856056E-04   -0.118358E-03
 2.35315    0.258962E-03    0.856307E-04   -0.117665E-03
 2.36065    0.257492E-03    0.856364E-04   -0.116961E-03
 2.36816    0.256064E-03    0.856233E-04   -0.116247E-03
 2.37566    0.254679E-03    0.855915E-04   -0.115524E-03
 2.38316    0.253335E-03    0.855417E-04   -0.114791E-03
 2.39066    0.252031E-03    0.854742E-04   -0.114048E-03
 2.39817    0.250767E-03    0.853892E-04   -0.113297E-03
 2.40567    0.249541E-03    0.852878E-04   -0.112537E-03
 2.41317    0.248353E-03    0.851701E-04   -0.111768E-03
 2.42067    0.247201E-03    0.850371E-04   -0.110992E-03
 2.42817    0.246083E-03    0.848884E-04   -0.110208E-03
 2.43568    0.245000E-03    0.847256E-04   -0.109418E-03
 2.44318    0.243950E-03    0.845488E-04   -0.108620E-03
 2.45068    0.242931E-03    0.843588E-04   -0.107817E-03
 2.45818    0.241942E-03    0.841562E-04   -0.107007E-03
 2.46568    0.240982E-03    0.839417E-04   -0.106192E-03
 2.47319    0.240049E-03    0.837157E-04   -0.105373E-03
 2.48069    0.239141E-03    0.834794E-04   -0.104549E-03
 2.48819    0.238259E-03    0.832331E-04   -0.103721E-03
 2.49569    0.237398E-03    0.829777E-04   -0.102890E-03
 2.50319    0.236560E-03    0.827139E-04   -0.102057E-03
 2.51070    0.235741E-03    0.824427E-04   -0.101221E-03
 2.51820    0.234941E-03    0.821644E-04   -0.100383E-03
 2.52570    0.234157E-03    0.818802E-04   -0.995442E-04
 2.53320    0.233387E-03    0.815908E-04   -0.987049E-04
 2.54070    0.232631E-03    0.812971E-04   -0.978657E-04
 2.54821    0.231886E-03    0.809998E-04   -0.970271E-04
 2.55571    0.231151E-03    0.806999E-04   -0.961898E-04
 2.56321    0.230424E-03    0.803982E-04   -0.953545E-04
 2.57071    0.229703E-03    0.800956E-04   -0.945215E-04
 2.57822    0.228986E-03    0.797929E-04   -0.936919E-04
 2.58572    0.228272E-03    0.794910E-04   -0.928661E-04
 2.59322    0.227558E-03    0.791909E-04   -0.920444E-04
 2.60072    0.226844E-03    0.788935E-04   -0.912280E-04
 2.60822    0.226127E-03    0.785997E-04   -0.904171E-04
 2.61573    0.225405E-03    0.783101E-04   -0.896128E-04
 2.62323    0.224676E-03    0.780259E-04   -0.888153E-04
 2.63073    0.223939E-03    0.777479E-04   -0.880255E-04
 2.63823    0.223191E-03    0.774769E-04   -0.872440E-04
 2.64573    0.222432E-03    0.772140E-04   -0.864713E-04
 2.65324    0.221659E-03    0.769598E-04   -0.857082E-04
 2.66074    0.220871E-03    0.767153E-04   -0.849551E-04
 2.66824    0.220065E-03    0.764814E-04   -0.842128E-04
 2.67574    0.219241E-03    0.762587E-04   -0.834819E-04
 2.68324    0.218396E-03    0.760484E-04   -0.827625E-04
 2.69075    0.217529E-03    0.758510E-04   -0.820562E-04
 2.69825    0.216638E-03    0.756674E-04   -0.813627E-04
 2.70575    0.215722E-03    0.754983E-04   -0.806828E-04
 2.71325    0.214778E-03    0.753445E-04   -0.800170E-04
 2.72075    0.213807E-03    0.752067E-04   -0.793659E-04
 2.72826    0.212806E-03    0.750856E-04   -0.787300E-04
 2.73576    0.211774E-03    0.749820E-04   -0.781097E-04
 2.74326    0.210709E-03    0.748964E-04   -0.775054E-04
 2.75076    0.209610E-03    0.748294E-04   -0.769177E-04
 2.75827    0.208477E-03    0.747816E-04   -0.763469E-04
 2.76577    0.207308E-03    0.747536E-04   -0.757935E-04
 2.77327    0.206101E-03    0.747458E-04   -0.752579E-04
 2.78077    0.204856E-03    0.747589E-04   -0.747403E-04
 2.78827    0.203573E-03    0.747933E-04   -0.742411E-04
 2.79578    0.202249E-03    0.748493E-04   -0.737606E-04
 2.80328    0.200885E-03    0.749274E-04   -0.732990E-04
 2.81078    0.199479E-03    0.750279E-04   -0.728565E-04
 2.81828    0.198032E-03    0.751510E-04   -0.724336E-04
 2.82578    0.196542E-03    0.752973E-04   -0.720301E-04
 2.83329    0.195009E-03    0.754665E-04   -0.716464E-04
 2.84079    0.193432E-03    0.756592E-04   -0.712826E-04
 2.84829    0.191812E-03    0.758757E-04   -0.709387E-04
 2.85579    0.190148E-03    0.761157E-04   -0.706149E-04
 2.86329    0.188439E-03    0.763795E-04   -0.703111E-04
 2.87080    0.186686E-03    0.766667E-04   -0.700275E-04
 2.87830    0.184889E-03    0.769779E-04   -0.697639E-04
 2.88580    0.183048E-03    0.773128E-04   -0.695203E-04
 2.89330    0.181163E-03    0.776715E-04   -0.692967E-04
 2.90080    0.179233E-03    0.780537E-04   -0.690930E-04
 2.90831    0.177260E-03    0.784592E-04   -0.689090E-04
 2.91581    0.175244E-03    0.788880E-04   -0.687447E-04
 2.92331    0.173186E-03    0.793398E-04   -0.685997E-04
 2.93081    0.171085E-03    0.798142E-04   -0.684738E-04
 2.93832    0.168942E-03    0.803110E-04   -0.683669E-04
 2.94582    0.166759E-03    0.808299E-04   -0.682787E-04
 2.95332    0.164535E-03    0.813704E-04   -0.682089E-04
 2.96082    0.162272E-03    0.819321E-04   -0.681572E-04
 2.96832    0.159971E-03    0.825147E-04   -0.681232E-04
 2.97583    0.157632E-03    0.831177E-04   -0.681064E-04
 2.98333    0.155256E-03    0.837405E-04   -0.681068E-04
 2.99083    0.152845E-03    0.843826E-04   -0.681241E-04
 2.99833    0.150400E-03    0.850432E-04   -0.681573E-04
 3.00583    0.147921E-03    0.857225E-04   -0.682063E-04
 3.01334    0.145412E-03    0.864191E-04   -0.682706E-04
 3.02084    0.142869E-03    0.871327E-04   -0.683496E-04
 3.02834    0.140298E-03    0.878627E-04   -0.684431E-04
 3.03584    0.137698E-03    0.886084E-04   -0.685503E-04
 3.04334    0.135072E-03    0.893691E-04   -0.686710E-04
 3.05085    0.132420E-03    0.901440E-04   -0.688044E-04
 3.05835    0.129745E-03    0.909326E-04   -0.689501E-04
 3.06585    0.127046E-03    0.917340E-04   -0.691076E-04
 3.07335    0.124326E-03    0.925476E-04   -0.692762E-04
 3.08085    0.121587E-03    0.933726E-04   -0.694555E-04
 3.08836    0.118830E-03    0.942082E-04   -0.696448E-04
 3.09586    0.116056E-03    0.950536E-04   -0.698436E-04
 3.10336    0.113266E-03    0.959082E-04   -0.700513E-04
 3.11086    0.110464E-03    0.967711E-04   -0.702673E-04
 3.11837    0.107649E-03    0.976415E-04   -0.704910E-04
 3.12587    0.104824E-03    0.985187E-04   -0.707219E-04
 3.13337    0.101990E-03    0.994019E-04   -0.709594E-04
 3.14087    0.991495E-04    0.100290E-03   -0.712029E-04
 3.14837    0.963027E-04    0.101183E-03   -0.714518E-04
 3.15588    0.934518E-04    0.102080E-03   -0.717056E-04
 3.16338    0.905983E-04    0.102979E-03   -0.719636E-04
 3.17088    0.877436E-04    0.103880E-03   -0.722253E-04
 3.17838    0.848893E-04    0.104783E-03   -0.724901E-04
 3.18588    0.820368E-04    0.105687E-03   -0.727576E-04
 3.19339    0.791877E-04    0.106590E-03   -0.730270E-04
 3.20089    0.763434E-04    0.107493E-03   -0.732980E-04
 3.20839    0.735052E-04    0.108394E-03   -0.735700E-04
 3.21589    0.706747E-04    0.109293E-03   -0.738424E-04
 3.22339    0.678530E-04    0.110189E-03   -0.741147E-04
 3.23090    0.650416E-04    0.111082E-03   -0.743865E-04
 3.23840    0.622419E-04    0.111970E-03   -0.746573E-04
 3.24590    0.594549E-04    0.112853E-03   -0.749266E-04
 3.25340    0.566821E-04    0.113732E-03   -0.751939E-04
 3.26090    0.539245E-04    0.114604E-03   -0.754587E-04
 3.26841    0.511834E-04    0.115469E-03   -0.757208E-04
 3.27591    0.484600E-04    0.116327E-03   -0.759796E-04
 3.28341    0.457552E-04    0.117178E-03   -0.762348E-04
 3.29091    0.430702E-04    0.118020E-03   -0.764861E-04
 3.29842    0.404060E-04    0.118853E-03   -0.767328E-04
 3.30592    0.377636E-04    0.119678E-03   -0.769746E-04
 3.31342    0.351440E-04    0.120492E-03   -0.772113E-04
 3.32092    0.325480E-04    0.121296E-03   -0.774425E-04
 3.32842    0.299765E-04    0.122090E-03   -0.776679E-04
 3.33593    0.274304E-04    0.122872E-03   -0.778871E-04
 3.34343    0.249104E-04    0.123643E-03   -0.781000E-04
 3.35093    0.224173E-04    0.124403E-03   -0.783061E-04
 3.35843    0.199526E-04    0.125150E-03   -0.785053E-04
 3.36593    0.175144E-04    0.125884E-03   -0.786973E-04
 3.37344    0.151059E-04    0.126606E-03   -0.788818E-04
 3.38094    0.127268E-04    0.127315E-03   -0.790587E-04
 3.38844    0.103777E-04    0.128010E-03   -0.792278E-04
 3.39594    0.805909E-05    0.128692E-03   -0.793888E-04
 3.40344    0.577133E-05    0.129360E-03   -0.795417E-04
 3.41095    0.351492E-05    0.130014E-03   -0.796862E-04
 3.41845    0.129026E-05    0.130654E-03   -0.798222E-04
 3.42595   -0.902350E-06    0.131280E-03   -0.799496E-04
 3.43345   -0.306258E-05    0.131890E-03   -0.800680E-04
 3.44095   -0.519012E-05    0.132487E-03   -0.801778E-04
 3.44846   -0.728470E-05    0.133068E-03   -0.802787E-04
 3.45596   -0.934616E-05    0.133634E-03   -0.803705E-04
 3.46346   -0.113742E-04    0.134186E-03   -0.804533E-04
 3.47096   -0.133689E-04    0.134722E-03   -0.805269E-04
 3.47847   -0.153299E-04    0.135243E-03   -0.805913E-04
 3.48597   -0.172572E-04    0.135749E-03   -0.806464E-04
 3.49347   -0.191507E-04    0.136240E-03   -0.806923E-04
 3.50097   -0.210105E-04    0.136715E-03   -0.807289E-04
 3.50847   -0.228364E-04    0.137176E-03   -0.807562E-04
 3.51598   -0.246286E-04    0.137621E-03   -0.807743E-04
 3.52348   -0.263871E-04    0.138050E-03   -0.807831E-04
 3.53098   -0.281118E-04    0.138465E-03   -0.807827E-04
 3.53848   -0.298031E-04    0.138864E-03   -0.807731E-04
 3.54598   -0.314608E-04    0.139249E-03   -0.807543E-04
 3.55349   -0.330853E-04    0.139618E-03   -0.807264E-04
 3.56099   -0.346767E-04    0.139973E-03   -0.806895E-04
 3.56849   -0.362352E-04    0.140312E-03   -0.806436E-04
 3.57599   -0.377608E-04    0.140637E-03   -0.805888E-04
 3.58349   -0.392540E-04    0.140947E-03   -0.805251E-04
 3.59100   -0.407147E-04    0.141243E-03   -0.804527E-04
 3.59850   -0.421435E-04    0.141525E-03   -0.803716E-04
 3.60600   -0.435406E-04    0.141792E-03   -0.802819E-04
 3.61350   -0.449061E-04    0.142045E-03   -0.801838E-04
 3.62101   -0.462404E-04    0.142284E-03   -0.800772E-04
 3.62851   -0.475437E-04    0.142509E-03   -0.799625E-04
 3.63601   -0.488165E-04    0.142720E-03   -0.798395E-04
 3.64351   -0.500590E-04    0.142918E-03   -0.797086E-04
 3.65101   -0.512716E-04    0.143103E-03   -0.795697E-04
 3.65852   -0.524546E-04    0.143274E-03   -0.794229E-04
 3.66602   -0.536083E-04    0.143433E-03   -0.792687E-04
 3.67352   -0.547332E-04    0.143578E-03   -0.791068E-04
 3.68102   -0.558296E-04    0.143711E-03   -0.789375E-04
 3.68852   -0.568978E-04    0.143832E-03   -0.787610E-04
 3.69603   -0.579382E-04    0.143940E-03   -0.785772E-04
 3.70353   -0.589513E-04    0.144036E-03   -0.783865E-04
 3.71103   -0.599374E-04    0.144120E-03   -0.781889E-04
 3.71853   -0.608970E-04    0.144193E-03   -0.779846E-04
 3.72603   -0.618302E-04    0.144254E-03   -0.777737E-04
 3.73354   -0.627379E-04    0.144304E-03   -0.775563E-04
 3.74104   -0.636200E-04    0.144342E-03   -0.773326E-04
 3.74854   -0.644772E-04    0.144370E-03   -0.771028E-04
 3.75604   -0.653099E-04    0.144387E-03   -0.768669E-04
 3.76354   -0.661184E-04    0.144394E-03   -0.766252E-04
 3.77105   -0.669031E-04    0.144390E-03   -0.763777E-04
 3.77855   -0.676645E-04    0.144376E-03   -0.761244E-04
 3.78605   -0.684029E-04    0.144352E-03   -0.758661E-04
 3.79355   -0.691188E-04    0.144319E-03   -0.756022E-04
 3.80106   -0.698126E-04    0.144276E-03   -0.753331E-04
 3.80856   -0.704846E-04    0.144223E-03   -0.750589E-04
 3.81606   -0.711354E-04    0.144162E-03   -0.747801E-04
 3.82356   -0.717652E-04    0.144091E-03   -0.744964E-04
 3.83106   -0.723745E-04    0.144012E-03   -0.742082E-04
 3.83857   -0.729636E-04    0.143925E-03   -0.739155E-04
 3.84607   -0.735331E-04    0.143829E-03   -0.736184E-04
 3.85357   -0.740832E-04    0.143725E-03   -0.733170E-04
 3.86107   -0.746143E-04    0.143613E-03   -0.730117E-04
 3.86857   -0.751268E-04    0.143493E-03   -0.727023E-04
 3.87608   -0.756211E-04    0.143365E-03   -0.723892E-04
 3.88358   -0.760976E-04    0.143230E-03   -0.720724E-04
 3.89108   -0.765566E-04    0.143088E-03   -0.717520E-04
 3.89858   -0.769985E-04    0.142939E-03   -0.714282E-04
 3.90608   -0.774237E-04    0.142783E-03   -0.711011E-04
 3.91359   -0.778325E-04    0.142620E-03   -0.707707E-04
 3.92109   -0.782252E-04    0.142451E-03   -0.704373E-04
 3.92859   -0.786023E-04    0.142275E-03   -0.701010E-04
 3.93609   -0.789640E-04    0.142093E-03   -0.697618E-04
 3.94359   -0.793107E-04    0.141905E-03   -0.694198E-04
 3.95110   -0.796427E-04    0.141712E-03   -0.690752E-04
 3.95860   -0.799604E-04    0.141512E-03   -0.687283E-04
 3.96610   -0.802641E-04    0.141307E-03   -0.683789E-04
 3.97360   -0.805541E-04    0.141097E-03   -0.680272E-04
 3.98111   -0.808306E-04    0.140881E-03   -0.676733E-04
 3.98861   -0.810941E-04    0.140660E-03   -0.673173E-04
 3.99611   -0.813448E-04    0.140434E-03   -0.669593E-04
 4.00361   -0.815830E-04    0.140204E-03   -0.665995E-04
 4.01111   -0.818090E-04    0.139968E-03   -0.662379E-04
 4.01862   -0.820231E-04    0.139729E-03   -0.658746E-04
 4.02612   -0.822256E-04    0.139484E-03   -0.655097E-04
 4.03362   -0.824168E-04    0.139236E-03   -0.651433E-04
 4.04112   -0.825968E-04    0.138983E-03   -0.647755E-04
 4.04862   -0.827661E-04    0.138727E-03   -0.644064E-04
 4.05613   -0.829248E-04    0.138466E-03   -0.640360E-04
 4.06363   -0.830732E-04    0.138202E-03   -0.636643E-04
 4.07113   -0.832115E-04    0.137934E-03   -0.632917E-04
 4.07863   -0.833401E-04    0.137662E-03   -0.629180E-04
 4.08613   -0.834590E-04    0.137387E-03   -0.625434E-04
 4.09364   -0.835687E-04    0.137109E-03   -0.621680E-04
 4.10114   -0.836692E-04    0.136828E-03   -0.617918E-04
 4.10864   -0.837609E-04    0.136543E-03   -0.614148E-04
 4.11614   -0.838439E-04    0.136256E-03   -0.610373E-04
 4.12364   -0.839185E-04    0.135966E-03   -0.606591E-04
 4.13115   -0.839849E-04    0.135672E-03   -0.602805E-04
 4.13865   -0.840433E-04    0.135377E-03   -0.599014E-04
 4.14615   -0.840938E-04    0.135078E-03   -0.595219E-04
 4.15365   -0.841366E-04    0.134778E-03   -0.591421E-04
 4.16116   -0.841723E-04    0.134474E-03   -0.587621E-04
 4.16866   -0.842005E-04    0.134169E-03   -0.583818E-04
 4.17616   -0.842218E-04    0.133861E-03   -0.580014E-04
 4.18366   -0.842362E-04    0.133551E-03   -0.576210E-04
 4.19116   -0.842439E-04    0.133239E-03   -0.572405E-04
 4.19867   -0.842451E-04    0.132925E-03   -0.568600E-04
 4.20617   -0.842400E-04    0.132610E-03   -0.564796E-04
 4.21367   -0.842286E-04    0.132292E-03   -0.560993E-04
 4.22117   -0.842114E-04    0.131973E-03   -0.557192E-04
 4.22867   -0.841882E-04    0.131652E-03   -0.553393E-04
 4.23618   -0.841593E-04    0.131329E-03   -0.549596E-04
 4.24368   -0.841249E-04    0.131005E-03   -0.545803E-04
 4.25118   -0.840851E-04    0.130680E-03   -0.542013E-04
 4.25868   -0.840401E-04    0.130353E-03   -0.538226E-04
 4.26618   -0.839899E-04    0.130024E-03   -0.534444E-04
 4.27369   -0.839348E-04    0.129695E-03   -0.530668E-04
 4.28119   -0.838748E-04    0.129364E-03   -0.526896E-04
 4.28869   -0.838100E-04    0.129032E-03   -0.523128E-04
 4.29619   -0.837407E-04    0.128700E-03   -0.519367E-04
 4.30369   -0.836670E-04    0.128366E-03   -0.515612E-04
 4.31120   -0.835889E-04    0.128031E-03   -0.511863E-04
 4.31870   -0.835066E-04    0.127695E-03   -0.508121E-04
 4.32620   -0.834201E-04    0.127358E-03   -0.504386E-04
 4.33370   -0.833297E-04    0.127021E-03   -0.500658E-04
 4.34121   -0.832354E-04    0.126683E-03   -0.496938E-04
 4.34871   -0.831373E-04    0.126344E-03   -0.493226E-04
 4.35621   -0.830356E-04    0.126004E-03   -0.489521E-04
 4.36371   -0.829303E-04    0.125664E-03   -0.485826E-04
 4.37121   -0.828215E-04    0.125324E-03   -0.482138E-04
 4.37872   -0.827094E-04    0.124982E-03   -0.478460E-04
 4.38622   -0.825939E-04    0.124641E-03   -0.474790E-04
 4.39372   -0.824754E-04    0.124299E-03   -0.471130E-04
 4.40122   -0.823537E-04    0.123956E-03   -0.467480E-04
 4.40872   -0.822290E-04    0.123613E-03   -0.463839E-04
 4.41623   -0.821014E-04    0.123270E-03   -0.460208E-04
 4.42373   -0.819710E-04    0.122927E-03   -0.456587E-04
 4.43123   -0.818379E-04    0.122583E-03   -0.452977E-04
 4.43873   -0.817021E-04    0.122239E-03   -0.449377E-04
 4.44623   -0.815637E-04    0.121895E-03   -0.445787E-04
 4.45374   -0.814228E-04    0.121551E-03   -0.442209E-04
 4.46124   -0.812795E-04    0.121206E-03   -0.438641E-04
 4.46874   -0.811338E-04    0.120862E-03   -0.435085E-04
 4.47624   -0.809859E-04    0.120517E-03   -0.431540E-04
 4.48374   -0.808357E-04    0.120173E-03   -0.428006E-04
 4.49125   -0.806834E-04    0.119829E-03   -0.424484E-04
 4.49875   -0.805290E-04    0.119484E-03   -0.420973E-04
 4.50625   -0.803725E-04    0.119140E-03   -0.417473E-04
 4.51375   -0.802141E-04    0.118796E-03   -0.413986E-04
 4.52126   -0.800539E-04    0.118451E-03   -0.410511E-04
 4.52876   -0.798918E-04    0.118107E-03   -0.407047E-04
 4.53626   -0.797279E-04    0.117764E-03   -0.403595E-04
 4.54376   -0.795623E-04    0.117420E-03   -0.400156E-04
 4.55126   -0.793951E-04    0.117077E-03   -0.396730E-04
 4.55877   -0.792262E-04    0.116734E-03   -0.393316E-04
 4.56627   -0.790558E-04    0.116391E-03   -0.389914E-04
 4.57377   -0.788839E-04    0.116048E-03   -0.386526E-04
 4.58127   -0.787106E-04    0.115706E-03   -0.383149E-04
 4.58877   -0.785358E-04    0.115364E-03   -0.379786E-04
 4.59628   -0.783597E-04    0.115022E-03   -0.376436E-04
 4.60378   -0.781824E-04    0.114681E-03   -0.373101E-04
 4.61128   -0.780037E-04    0.114340E-03   -0.369775E-04
 4.61878   -0.778239E-04    0.114000E-03   -0.366464E-04
 4.62628   -0.776428E-04    0.113660E-03   -0.363166E-04
 4.63379   -0.774607E-04    0.113320E-03   -0.359881E-04
 4.64129   -0.772775E-04    0.112981E-03   -0.356610E-04
 4.64879   -0.770933E-04    0.112643E-03   -0.353354E-04
 4.65629   -0.769080E-04    0.112304E-03   -0.350110E-04
 4.66379   -0.767218E-04    0.111967E-03   -0.346880E-04
 4.67130   -0.765347E-04    0.111630E-03   -0.343664E-04
 4.67880   -0.763466E-04    0.111293E-03   -0.340461E-04
 4.68630   -0.761578E-04    0.110957E-03   -0.337259E-04
 4.69380   -0.759681E-04    0.110622E-03   -0.334084E-04
 4.70131   -0.757776E-04    0.110287E-03   -0.330924E-04
 4.70881   -0.755864E-04    0.109952E-03   -0.327777E-04
 4.71631   -0.753945E-04    0.109619E-03   -0.324645E-04
 4.72381   -0.752019E-04    0.109285E-03   -0.321527E-04
 4.73131   -0.750086E-04    0.108953E-03   -0.318423E-04
 4.73882   -0.748148E-04    0.108621E-03   -0.315333E-04
 4.74632   -0.746203E-04    0.108290E-03   -0.312258E-04
 4.75382   -0.744253E-04    0.107959E-03   -0.309211E-04
 4.76132   -0.742297E-04    0.107629E-03   -0.306164E-04
 4.76882   -0.740337E-04    0.107300E-03   -0.303132E-04
 4.77633   -0.738371E-04    0.106971E-03   -0.300115E-04
 4.78383   -0.736401E-04    0.106643E-03   -0.297112E-04
 4.79133   -0.734427E-04    0.106316E-03   -0.294124E-04
 4.79883   -0.732449E-04    0.105990E-03   -0.291151E-04
 4.80633   -0.730467E-04    0.105664E-03   -0.288192E-04
 4.81384   -0.728482E-04    0.105339E-03   -0.285249E-04
 4.82134   -0.726493E-04    0.105015E-03   -0.282319E-04
 4.82884   -0.724501E-04    0.104691E-03   -0.279405E-04
 4.83634   -0.722507E-04    0.104368E-03   -0.276505E-04
 4.84384   -0.720509E-04    0.104046E-03   -0.273620E-04
 4.85135   -0.718510E-04    0.103725E-03   -0.270750E-04
 4.85885   -0.716508E-04    0.103404E-03   -0.267894E-04
 4.86635   -0.714504E-04    0.103084E-03   -0.265054E-04
 4.87385   -0.712499E-04    0.102765E-03   -0.262228E-04
 4.88136   -0.710492E-04    0.102447E-03   -0.259416E-04
 4.88886   -0.708483E-04    0.102129E-03   -0.256620E-04
 4.89636   -0.706473E-04    0.101813E-03   -0.253838E-04
 4.90386   -0.704462E-04    0.101497E-03   -0.251071E-04
 4.91136   -0.702451E-04    0.101182E-03   -0.248318E-04
 4.91887   -0.700438E-04    0.100867E-03   -0.245580E-04
 4.92637   -0.698425E-04    0.100554E-03   -0.242856E-04
 4.93387   -0.696412E-04    0.100241E-03   -0.240147E-04
 4.94137   -0.694399E-04    0.999295E-04   -0.237453E-04
 4.94887   -0.692385E-04    0.996185E-04   -0.234773E-04
 4.95638   -0.690372E-04    0.993083E-04   -0.232107E-04
 4.96388   -0.688359E-04    0.989990E-04   -0.229455E-04
 4.97138   -0.686347E-04    0.986905E-04   -0.226818E-04
 4.97888   -0.684335E-04    0.983828E-04   -0.224195E-04
 4.98638   -0.682324E-04    0.980760E-04   -0.221586E-04
 4.99389   -0.680314E-04    0.977701E-04   -0.218992E-04
 5.00139   -0.678305E-04    0.974649E-04   -0.216411E-04
 5.00889   -0.676297E-04    0.971607E-04   -0.213843E-04
 5.01639   -0.674290E-04    0.968573E-04   -0.211290E-04
 5.02389   -0.672285E-04    0.965548E-04   -0.208751E-04
 5.03140   -0.670282E-04    0.962530E-04   -0.206226E-04
 5.03890   -0.668280E-04    0.959523E-04   -0.203714E-04
 5.04640   -0.666280E-04    0.956524E-04   -0.201217E-04
 5.05390   -0.664282E-04    0.953533E-04   -0.198733E-04
 5.06141   -0.662286E-04    0.950552E-04   -0.196262E-04
 5.06891   -0.660293E-04    0.947579E-04   -0.193805E-04
 5.07641   -0.658302E-04    0.944615E-04   -0.191361E-04
 5.08391   -0.656313E-04    0.941659E-04   -0.188930E-04
 5.09141   -0.654327E-04    0.938712E-04   -0.186513E-04
 5.09892   -0.652344E-04    0.935776E-04   -0.184109E-04
 5.10642   -0.650363E-04    0.932847E-04   -0.181719E-04
 5.11392   -0.648386E-04    0.929928E-04   -0.179341E-04
 5.12142   -0.646411E-04    0.927017E-04   -0.176976E-04
 5.12892   -0.644440E-04    0.924116E-04   -0.174625E-04
 5.13643   -0.642472E-04    0.921223E-04   -0.172286E-04
 5.14393   -0.640508E-04    0.918339E-04   -0.169960E-04
 5.15143   -0.638547E-04    0.915466E-04   -0.167648E-04
 5.15893   -0.636589E-04    0.912601E-04   -0.165347E-04
 5.16643   -0.634636E-04    0.909745E-04   -0.163060E-04
 5.17394   -0.632686E-04    0.906898E-04   -0.160786E-04
 5.18144   -0.630740E-04    0.904060E-04   -0.158524E-04
 5.18894   -0.628799E-04    0.901232E-04   -0.156274E-04
 5.19644   -0.626861E-04    0.898413E-04   -0.154038E-04
 5.20394   -0.624928E-04    0.895603E-04   -0.151814E-04
 5.21145   -0.622999E-04    0.892802E-04   -0.149602E-04
 5.21895   -0.621074E-04    0.890011E-04   -0.147403E-04
 5.22645   -0.619154E-04    0.887229E-04   -0.145219E-04
 5.23395   -0.617239E-04    0.884456E-04   -0.143045E-04
 5.24146   -0.615329E-04    0.881693E-04   -0.140883E-04
 5.24896   -0.613423E-04    0.878938E-04   -0.138733E-04
 5.25646   -0.611522E-04    0.876194E-04   -0.136594E-04
 5.26396   -0.609626E-04    0.873458E-04   -0.134471E-04
 5.27146   -0.607735E-04    0.870732E-04   -0.132356E-04
 5.27897   -0.605850E-04    0.868016E-04   -0.130258E-04
 5.28647   -0.603969E-04    0.865309E-04   -0.128169E-04
 5.29397   -0.602094E-04    0.862611E-04   -0.126093E-04
 5.30147   -0.600225E-04    0.859923E-04   -0.124029E-04
 5.30897   -0.598360E-04    0.857244E-04   -0.121978E-04
 5.31648   -0.596502E-04    0.854574E-04   -0.119938E-04
 5.32398   -0.594649E-04    0.851915E-04   -0.117910E-04
 5.33148   -0.592802E-04    0.849264E-04   -0.115895E-04
 5.33898   -0.590960E-04    0.846623E-04   -0.113891E-04
 5.34648   -0.589124E-04    0.843991E-04   -0.111899E-04
 5.35399   -0.587295E-04    0.841369E-04   -0.109919E-04
 5.36149   -0.585471E-04    0.838757E-04   -0.107951E-04
 5.36899   -0.583653E-04    0.836154E-04   -0.105995E-04
 5.37649   -0.581842E-04    0.833560E-04   -0.104050E-04
 5.38399   -0.580036E-04    0.830976E-04   -0.102118E-04
 5.39150   -0.578237E-04    0.828401E-04   -0.100197E-04
 5.39900   -0.576444E-04    0.825836E-04   -0.982876E-05
 5.40650   -0.574657E-04    0.823280E-04   -0.963902E-05
 5.41400   -0.572877E-04    0.820734E-04   -0.945045E-05
 5.42151   -0.571103E-04    0.818197E-04   -0.926303E-05
 5.42901   -0.569335E-04    0.815670E-04   -0.907681E-05
 5.43651   -0.567574E-04    0.813152E-04   -0.889174E-05
 5.44401   -0.565820E-04    0.810644E-04   -0.870778E-05
 5.45151   -0.564072E-04    0.808145E-04   -0.852498E-05
 5.45902   -0.562331E-04    0.805655E-04   -0.834335E-05
 5.46652   -0.560596E-04    0.803175E-04   -0.816285E-05
 5.47402   -0.558868E-04    0.800704E-04   -0.798349E-05
 5.48152   -0.557147E-04    0.798243E-04   -0.780527E-05
 5.48902   -0.555432E-04    0.795791E-04   -0.762818E-05
 5.49653   -0.553724E-04    0.793348E-04   -0.745222E-05
 5.50403   -0.552023E-04    0.790915E-04   -0.727737E-05
 5.51153   -0.550329E-04    0.788491E-04   -0.710365E-05
 5.51903   -0.548641E-04    0.786076E-04   -0.693104E-05
 5.52653   -0.546960E-04    0.783670E-04   -0.675955E-05
 5.53404   -0.545286E-04    0.781274E-04   -0.658913E-05
 5.54154   -0.543619E-04    0.778887E-04   -0.641984E-05
 5.54904   -0.541959E-04    0.776509E-04   -0.625151E-05
 5.55654   -0.540305E-04    0.774140E-04   -0.608441E-05
 5.56405   -0.538659E-04    0.771781E-04   -0.591840E-05
 5.57155   -0.537019E-04    0.769430E-04   -0.575346E-05
 5.57905   -0.535386E-04    0.767089E-04   -0.558961E-05
 5.58655   -0.533759E-04    0.764756E-04   -0.542683E-05
 5.59405   -0.532140E-04    0.762433E-04   -0.526512E-05
 5.60156   -0.530527E-04    0.760119E-04   -0.510446E-05
 5.60906   -0.528920E-04    0.757813E-04   -0.494488E-05
 5.61656   -0.527321E-04    0.755517E-04   -0.478633E-05
 5.62406   -0.525728E-04    0.753229E-04   -0.462883E-05
 5.63156   -0.524142E-04    0.750950E-04   -0.447237E-05
 5.63907   -0.522562E-04    0.748680E-04   -0.431693E-05
 5.64657   -0.520989E-04    0.746419E-04   -0.416253E-05
 5.65407   -0.519423E-04    0.744166E-04   -0.400914E-05
 5.66157   -0.517863E-04    0.741922E-04   -0.385678E-05
 5.66907   -0.516310E-04    0.739687E-04   -0.370541E-05
 5.67658   -0.514763E-04    0.737460E-04   -0.355506E-05
 5.68408   -0.513222E-04    0.735242E-04   -0.340569E-05
 5.69158   -0.511688E-04    0.733032E-04   -0.325732E-05
 5.69908   -0.510160E-04    0.730831E-04   -0.310992E-05
 5.70658   -0.508638E-04    0.728638E-04   -0.296351E-05
 5.71409   -0.507122E-04    0.726453E-04   -0.281806E-05
 5.72159   -0.505613E-04    0.724277E-04   -0.267358E-05
 5.72909   -0.504110E-04    0.722109E-04   -0.253005E-05
 5.73659   -0.502612E-04    0.719949E-04   -0.238748E-05
 5.74410   -0.501121E-04    0.717797E-04   -0.224585E-05
 5.75160   -0.499635E-04    0.715653E-04   -0.210514E-05
 5.75910   -0.498156E-04    0.713518E-04   -0.196538E-05
 5.76660   -0.496682E-04    0.711389E-04   -0.182653E-05
 5.77410   -0.495214E-04    0.709271E-04   -0.168861E-05
 5.78161   -0.493752E-04    0.707159E-04   -0.155160E-05
 5.78911   -0.492295E-04    0.705055E-04   -0.141549E-05
 5.79661   -0.490844E-04    0.702959E-04   -0.128030E-05
 5.80411   -0.489398E-04    0.700871E-04   -0.114598E-05
 5.81161   -0.487958E-04    0.698790E-04   -0.101255E-05
 5.81912   -0.486523E-04    0.696717E-04   -0.879989E-06
 5.82662   -0.485093E-04    0.694651E-04   -0.748300E-06
 5.83412   -0.483669E-04    0.692593E-04   -0.617476E-06
 5.84162   -0.482249E-04    0.690543E-04   -0.487495E-06
 5.84912   -0.480835E-04    0.688499E-04   -0.358385E-06
 5.85663   -0.479426E-04    0.686463E-04   -0.230112E-06
 5.86413   -0.478022E-04    0.684435E-04   -0.102673E-06
 5.87163   -0.476622E-04    0.682414E-04    0.239279E-07
 5.87913   -0.475228E-04    0.680399E-04    0.149709E-06
 5.88663   -0.473838E-04    0.678392E-04    0.274673E-06
 5.89414   -0.472452E-04    0.676392E-04    0.398823E-06
 5.90164   -0.471071E-04    0.674399E-04    0.522181E-06
 5.90914   -0.469695E-04    0.672413E-04    0.644715E-06
 5.91664   -0.468323E-04    0.670434E-04    0.766474E-06
 5.92415   -0.466956E-04    0.668462E-04    0.887426E-06
 5.93165   -0.465593E-04    0.666496E-04    0.100762E-05
 5.93915   -0.464234E-04    0.664538E-04    0.112704E-05
 5.94665   -0.462879E-04    0.662586E-04    0.124569E-05
 5.95415   -0.461528E-04    0.660641E-04    0.136358E-05
 5.96166   -0.460182E-04    0.658702E-04    0.148073E-05
 5.96916   -0.458839E-04    0.656770E-04    0.159712E-05
 5.97666   -0.457500E-04    0.654844E-04    0.171277E-05
 5.98416   -0.456165E-04    0.652925E-04    0.182767E-05
 5.99166   -0.454834E-04    0.651012E-04    0.194186E-05
 5.99917   -0.453506E-04    0.649105E-04    0.205532E-05
 6.00667   -0.452182E-04    0.647205E-04    0.216806E-05
 6.01417   -0.450862E-04    0.645311E-04    0.228009E-05
 6.02167   -0.449545E-04    0.643423E-04    0.239144E-05
 6.02917   -0.448232E-04    0.641541E-04    0.250205E-05
 6.03668   -0.446922E-04    0.639666E-04    0.261198E-05
 6.04418   -0.445615E-04    0.637796E-04    0.272123E-05
 6.05168   -0.444312E-04    0.635932E-04    0.282978E-05
 6.05918   -0.443012E-04    0.634075E-04    0.293766E-05
 6.06668   -0.441715E-04    0.632223E-04    0.304486E-05
 6.07419   -0.440421E-04    0.630377E-04    0.315139E-05
 6.08169   -0.439130E-04    0.628537E-04    0.325726E-05
 6.08919   -0.437842E-04    0.626702E-04    0.336246E-05
 6.09669   -0.436558E-04    0.624874E-04    0.346702E-05
 6.10420   -0.435276E-04    0.623052E-04    0.357090E-05
 6.11170   -0.433997E-04    0.621235E-04    0.367416E-05
 6.11920   -0.432721E-04    0.619423E-04    0.377679E-05
 6.12670   -0.431448E-04    0.617617E-04    0.387878E-05
 6.13420   -0.430177E-04    0.615817E-04    0.398014E-05
 6.14171   -0.428910E-04    0.614022E-04    0.408088E-05
 6.14921   -0.427645E-04    0.612233E-04    0.418100E-05
 6.15671   -0.426383E-04    0.610449E-04    0.428050E-05
 6.16421   -0.425123E-04    0.608671E-04    0.437939E-05
 6.17171   -0.423866E-04    0.606898E-04    0.447768E-05
 6.17922   -0.422612E-04    0.605130E-04    0.457534E-05
 6.18672   -0.421360E-04    0.603368E-04    0.467242E-05
 6.19422   -0.420111E-04    0.601611E-04    0.476890E-05
 6.20172   -0.418864E-04    0.599860E-04    0.486479E-05
 6.20922   -0.417620E-04    0.598113E-04    0.496010E-05
 6.21673   -0.416378E-04    0.596372E-04    0.505483E-05
 6.22423   -0.415139E-04    0.594636E-04    0.514896E-05
 6.23173   -0.413903E-04    0.592905E-04    0.524255E-05
 6.23923   -0.412668E-04    0.591180E-04    0.533554E-05
 6.24673   -0.411437E-04    0.589459E-04    0.542795E-05
 6.25424   -0.410207E-04    0.587744E-04    0.551980E-05
 6.26174   -0.408980E-04    0.586034E-04    0.561108E-05
 6.26924   -0.407756E-04    0.584329E-04    0.570181E-05
 6.27674   -0.406534E-04    0.582629E-04    0.579197E-05
 6.28425   -0.405314E-04    0.580934E-04    0.588159E-05
 6.29175   -0.404097E-04    0.579244E-04    0.597065E-05
 6.29925   -0.402882E-04    0.577559E-04    0.605917E-05
 6.30675   -0.401669E-04    0.575879E-04    0.614714E-05
 6.31425   -0.400459E-04    0.574204E-04    0.623456E-05
 6.32176   -0.399251E-04    0.572534E-04    0.632145E-05
 6.32926   -0.398046E-04    0.570868E-04    0.640781E-05
 6.33676   -0.396842E-04    0.569208E-04    0.649363E-05
 6.34426   -0.395642E-04    0.567553E-04    0.657892E-05
 6.35176   -0.394443E-04    0.565902E-04    0.666369E-05
 6.35927   -0.393247E-04    0.564257E-04    0.674793E-05
 6.36677   -0.392054E-04    0.562616E-04    0.683164E-05
 6.37427   -0.390863E-04    0.560980E-04    0.691484E-05
 6.38177   -0.389674E-04    0.559349E-04    0.699752E-05
 6.38927   -0.388487E-04    0.557723E-04    0.707968E-05
 6.39678   -0.387303E-04    0.556102E-04    0.716133E-05
 6.40428   -0.386122E-04    0.554485E-04    0.724246E-05
 6.41178   -0.384942E-04    0.552873E-04    0.732305E-05
 6.41928   -0.383766E-04    0.551266E-04    0.740322E-05
 6.42678   -0.382591E-04    0.549664E-04    0.748283E-05
 6.43429   -0.381420E-04    0.548067E-04    0.756195E-05
 6.44179   -0.380250E-04    0.546474E-04    0.764057E-05
 6.44929   -0.379083E-04    0.544886E-04    0.771867E-05
 6.45679   -0.377919E-04    0.543303E-04    0.779630E-05
 6.46430   -0.376757E-04    0.541725E-04    0.787343E-05
 6.47180   -0.375598E-04    0.540151E-04    0.795006E-05
 6.47930   -0.374441E-04    0.538582E-04    0.802622E-05
 6.48680   -0.373286E-04    0.537018E-04    0.810192E-05
 6.49430   -0.372135E-04    0.535457E-04    0.817710E-05
 6.50181   -0.370985E-04    0.533903E-04    0.825180E-05
 6.50931   -0.369839E-04    0.532353E-04    0.832604E-05
 6.51681   -0.368695E-04    0.530808E-04    0.839976E-05
 6.52431   -0.367553E-04    0.529267E-04    0.847302E-05
 6.53181   -0.366414E-04    0.527731E-04    0.854581E-05
 6.53932   -0.365278E-04    0.526200E-04    0.861812E-05
 6.54682   -0.364145E-04    0.524673E-04    0.868996E-05
 6.55432   -0.363014E-04    0.523151E-04    0.876133E-05
 6.56182   -0.361886E-04    0.521633E-04    0.883225E-05
 6.56932   -0.360760E-04    0.520120E-04    0.890269E-05
 6.57683   -0.359638E-04    0.518612E-04    0.897266E-05
 6.58433   -0.358518E-04    0.517109E-04    0.904217E-05
 6.59183   -0.357400E-04    0.515610E-04    0.911122E-05
 6.59933   -0.356286E-04    0.514115E-04    0.917983E-05
 6.60683   -0.355174E-04    0.512626E-04    0.924794E-05
 6.61434   -0.354065E-04    0.511140E-04    0.931562E-05
 6.62184   -0.352959E-04    0.509660E-04    0.938281E-05
 6.62934   -0.351856E-04    0.508184E-04    0.944958E-05
 6.63684   -0.350755E-04    0.506713E-04    0.951590E-05
 6.64435   -0.349658E-04    0.505246E-04    0.958177E-05
 6.65185   -0.348563E-04    0.503784E-04    0.964720E-05
 6.65935   -0.347471E-04    0.502326E-04    0.971218E-05
 6.66685   -0.346382E-04    0.500873E-04    0.977673E-05
 6.67435   -0.345296E-04    0.499425E-04    0.984082E-05
 6.68186   -0.344213E-04    0.497981E-04    0.990448E-05
 6.68936   -0.343132E-04    0.496542E-04    0.996769E-05
 6.69686   -0.342055E-04    0.495107E-04    0.100305E-04
 6.70436   -0.340980E-04    0.493676E-04    0.100928E-04
 6.71186   -0.339909E-04    0.492251E-04    0.101547E-04
 6.71937   -0.338841E-04    0.490829E-04    0.102162E-04
 6.72687   -0.337775E-04    0.489413E-04    0.102773E-04
 6.73437   -0.336712E-04    0.488000E-04    0.103379E-04
 6.74187   -0.335653E-04    0.486593E-04    0.103980E-04
 6.74937   -0.334596E-04    0.485189E-04    0.104578E-04
 6.75688   -0.333543E-04    0.483791E-04    0.105171E-04
 6.76438   -0.332492E-04    0.482396E-04    0.105761E-04
 6.77188   -0.331445E-04    0.481007E-04    0.106346E-04
 6.77938   -0.330400E-04    0.479621E-04    0.106926E-04
 6.78688   -0.329359E-04    0.478240E-04    0.107503E-04
 6.79439   -0.328321E-04    0.476864E-04    0.108076E-04
 6.80189   -0.327285E-04    0.475492E-04    0.108644E-04
 6.80939   -0.326253E-04    0.474124E-04    0.109208E-04
 6.81689   -0.325224E-04    0.472761E-04    0.109768E-04
 6.82440   -0.324198E-04    0.471402E-04    0.110324E-04
 6.83190   -0.323175E-04    0.470048E-04    0.110876E-04
 6.83940   -0.322155E-04    0.468698E-04    0.111424E-04
 6.84690   -0.321138E-04    0.467353E-04    0.111968E-04
 6.85440   -0.320125E-04    0.466011E-04    0.112508E-04
 6.86191   -0.319114E-04    0.464675E-04    0.113044E-04
 6.86941   -0.318107E-04    0.463342E-04    0.113576E-04
 6.87691   -0.317102E-04    0.462014E-04    0.114104E-04
 6.88441   -0.316101E-04    0.460690E-04    0.114628E-04
 6.89191   -0.315103E-04    0.459371E-04    0.115148E-04
 6.89942   -0.314108E-04    0.458056E-04    0.115665E-04
 6.90692   -0.313116E-04    0.456745E-04    0.116177E-04
 6.91442   -0.312128E-04    0.455438E-04    0.116685E-04
 6.92192   -0.311142E-04    0.454136E-04    0.117190E-04
 6.92942   -0.310160E-04    0.452838E-04    0.117691E-04
 6.93693   -0.309180E-04    0.451544E-04    0.118188E-04
 6.94443   -0.308204E-04    0.450254E-04    0.118681E-04
 6.95193   -0.307231E-04    0.448970E-04    0.119170E-04
 6.95943   -0.306262E-04    0.447689E-04    0.119656E-04
 6.96693   -0.305295E-04    0.446412E-04    0.120138E-04
 6.97444   -0.304331E-04    0.445140E-04    0.120616E-04
 6.98194   -0.303371E-04    0.443872E-04    0.121090E-04
 6.98944   -0.302414E-04    0.442608E-04    0.121561E-04
 6.99694   -0.301460E-04    0.441348E-04    0.122027E-04
 7.00445   -0.300509E-04    0.440092E-04    0.122491E-04
 7.01195   -0.299561E-04    0.438841E-04    0.122950E-04
 7.01945   -0.298617E-04    0.437594E-04    0.123406E-04
 7.02695   -0.297675E-04    0.436350E-04    0.123859E-04
 7.03445   -0.296737E-04    0.435111E-04    0.124307E-04
 7.04196   -0.295802E-04    0.433877E-04    0.124752E-04
 7.04946   -0.294870E-04    0.432646E-04    0.125194E-04
 7.05696   -0.293942E-04    0.431419E-04    0.125632E-04
 7.06446   -0.293016E-04    0.430197E-04    0.126066E-04
 7.07196   -0.292094E-04    0.428978E-04    0.126497E-04
 7.07947   -0.291175E-04    0.427764E-04    0.126925E-04
 7.08697   -0.290258E-04    0.426554E-04    0.127349E-04
 7.09447   -0.289346E-04    0.425348E-04    0.127769E-04
 7.10197   -0.288436E-04    0.424146E-04    0.128186E-04
 7.10947   -0.287529E-04    0.422948E-04    0.128600E-04
 7.11698   -0.286626E-04    0.421754E-04    0.129010E-04
 7.12448   -0.285726E-04    0.420564E-04    0.129417E-04
 7.13198   -0.284829E-04    0.419378E-04    0.129820E-04
 7.13948   -0.283935E-04    0.418196E-04    0.130220E-04
 7.14698   -0.283044E-04    0.417018E-04    0.130616E-04
 7.15449   -0.282156E-04    0.415844E-04    0.131009E-04
 7.16199   -0.281272E-04    0.414674E-04    0.131399E-04
 7.16949   -0.280390E-04    0.413508E-04    0.131786E-04
 7.17699   -0.279512E-04    0.412346E-04    0.132169E-04
 7.18450   -0.278637E-04    0.411187E-04    0.132549E-04
 7.19200   -0.277765E-04    0.410033E-04    0.132926E-04
 7.19950   -0.276896E-04    0.408883E-04    0.133299E-04
 7.20700   -0.276031E-04    0.407736E-04    0.133670E-04
 7.21450   -0.275168E-04    0.406594E-04    0.134037E-04
 7.22201   -0.274309E-04    0.405455E-04    0.134400E-04
 7.22951   -0.273453E-04    0.404321E-04    0.134761E-04
 7.23701   -0.272600E-04    0.403190E-04    0.135118E-04
 7.24451   -0.271749E-04    0.402063E-04    0.135473E-04
 7.25201   -0.270903E-04    0.400940E-04    0.135824E-04
 7.25952   -0.270059E-04    0.399820E-04    0.136172E-04
 7.26702   -0.269218E-04    0.398705E-04    0.136517E-04
 7.27452   -0.268380E-04    0.397593E-04    0.136858E-04
 7.28202   -0.267546E-04    0.396485E-04    0.137197E-04
 7.28952   -0.266715E-04    0.395381E-04    0.137533E-04
 7.29703   -0.265886E-04    0.394281E-04    0.137866E-04
 7.30453   -0.265061E-04    0.393184E-04    0.138195E-04
 7.31203   -0.264239E-04    0.392091E-04    0.138522E-04
 7.31953   -0.263420E-04    0.391002E-04    0.138845E-04
 7.32704   -0.262604E-04    0.389917E-04    0.139166E-04
 7.33454   -0.261791E-04    0.388835E-04    0.139483E-04
 7.34204   -0.260981E-04    0.387757E-04    0.139798E-04
 7.34954   -0.260174E-04    0.386683E-04    0.140110E-04
 7.35704   -0.259370E-04    0.385612E-04    0.140418E-04
 7.36455   -0.258569E-04    0.384545E-04    0.140724E-04
 7.37205   -0.257771E-04    0.383482E-04    0.141027E-04
 7.37955   -0.256977E-04    0.382423E-04    0.141327E-04
 7.38705   -0.256185E-04    0.381367E-04    0.141624E-04
 7.39455   -0.255396E-04    0.380314E-04    0.141918E-04
 7.40206   -0.254610E-04    0.379266E-04    0.142210E-04
 7.40956   -0.253828E-04    0.378221E-04    0.142498E-04
 7.41706   -0.253048E-04    0.377179E-04    0.142784E-04
 7.42456   -0.252271E-04    0.376141E-04    0.143067E-04
 7.43206   -0.251497E-04    0.375107E-04    0.143348E-04
 7.43957   -0.250727E-04    0.374076E-04    0.143625E-04
 7.44707   -0.249959E-04    0.373049E-04    0.143899E-04
 7.45457   -0.249194E-04    0.372025E-04    0.144172E-04
 7.46207   -0.248432E-04    0.371005E-04    0.144441E-04
 7.46957   -0.247673E-04    0.369988E-04    0.144708E-04
 7.47708   -0.246916E-04    0.368974E-04    0.144972E-04
 7.48458   -0.246163E-04    0.367965E-04    0.145233E-04
 7.49208   -0.245413E-04    0.366959E-04    0.145491E-04
 7.49958   -0.244665E-04    0.365956E-04    0.145747E-04
 7.50709   -0.243921E-04    0.364957E-04    0.146001E-04
 7.51459   -0.243179E-04    0.363961E-04    0.146251E-04
 7.52209   -0.242440E-04    0.362969E-04    0.146499E-04
 7.52959   -0.241704E-04    0.361979E-04    0.146745E-04
 7.53709   -0.240971E-04    0.360994E-04    0.146988E-04
 7.54460   -0.240241E-04    0.360012E-04    0.147228E-04
 7.55210   -0.239513E-04    0.359033E-04    0.147466E-04
 7.55960   -0.238788E-04    0.358057E-04    0.147701E-04
 7.56710   -0.238066E-04    0.357085E-04    0.147934E-04
 7.57460   -0.237347E-04    0.356116E-04    0.148165E-04
 7.58211   -0.236631E-04    0.355150E-04    0.148392E-04
 7.58961   -0.235918E-04    0.354188E-04    0.148618E-04
 7.59711   -0.235207E-04    0.353229E-04    0.148841E-04
 7.60461   -0.234499E-04    0.352273E-04    0.149061E-04
 7.61211   -0.233794E-04    0.351321E-04    0.149279E-04
 7.61962   -0.233091E-04    0.350372E-04    0.149495E-04
 7.62712   -0.232391E-04    0.349426E-04    0.149708E-04
 7.63462   -0.231694E-04    0.348483E-04    0.149919E-04
 7.64212   -0.231000E-04    0.347544E-04    0.150127E-04
 7.64962   -0.230308E-04    0.346608E-04    0.150333E-04
 7.65713   -0.229619E-04    0.345675E-04    0.150537E-04
 7.66463   -0.228933E-04    0.344745E-04    0.150738E-04
 7.67213   -0.228249E-04    0.343818E-04    0.150938E-04
 7.67963   -0.227568E-04    0.342895E-04    0.151134E-04
 7.68714   -0.226889E-04    0.341974E-04    0.151329E-04
 7.69464   -0.226214E-04    0.341057E-04    0.151521E-04
 7.70214   -0.225540E-04    0.340143E-04    0.151711E-04
 7.70964   -0.224870E-04    0.339232E-04    0.151899E-04
 7.71714   -0.224202E-04    0.338324E-04    0.152084E-04
 7.72465   -0.223537E-04    0.337419E-04    0.152268E-04
 7.73215   -0.222874E-04    0.336517E-04    0.152449E-04
 7.73965   -0.222213E-04    0.335618E-04    0.152628E-04
 7.74715   -0.221556E-04    0.334723E-04    0.152805E-04
 7.75465   -0.220901E-04    0.333830E-04    0.152979E-04
 7.76216   -0.220248E-04    0.332941E-04    0.153152E-04
 7.76966   -0.219598E-04    0.332054E-04    0.153322E-04
 7.77716   -0.218950E-04    0.331171E-04    0.153490E-04
 7.78466   -0.218305E-04    0.330290E-04    0.153656E-04
 7.79216   -0.217662E-04    0.329412E-04    0.153820E-04
 7.79967   -0.217022E-04    0.328538E-04    0.153982E-04
 7.80717   -0.216385E-04    0.327666E-04    0.154141E-04
 7.81467   -0.215749E-04    0.326797E-04    0.154299E-04
 7.82217   -0.215116E-04    0.325932E-04    0.154455E-04
 7.82967   -0.214486E-04    0.325069E-04    0.154608E-04
 7.83718   -0.213858E-04    0.324209E-04    0.154760E-04
 7.84468   -0.213233E-04    0.323352E-04    0.154910E-04
 7.85218   -0.212609E-04    0.322497E-04    0.155057E-04
 7.85968   -0.211989E-04    0.321646E-04    0.155203E-04
 7.86719   -0.211370E-04    0.320797E-04    0.155347E-04
 7.87469   -0.210754E-04    0.319952E-04    0.155488E-04
 7.88219   -0.210140E-04    0.319109E-04    0.155628E-04
 7.88969   -0.209529E-04    0.318269E-04    0.155766E-04
 7.89719   -0.208920E-04    0.317432E-04    0.155902E-04
 7.90470   -0.208313E-04    0.316597E-04    0.156036E-04
 7.91220   -0.207709E-04    0.315766E-04    0.156168E-04
 7.91970   -0.207107E-04    0.314937E-04    0.156298E-04
 7.92720   -0.206507E-04    0.314111E-04    0.156427E-04
 7.93470   -0.205909E-04    0.313288E-04    0.156553E-04
 7.94221   -0.205314E-04    0.312467E-04    0.156678E-04
 7.94971   -0.204721E-04    0.311649E-04    0.156801E-04
 7.95721   -0.204130E-04    0.310834E-04    0.156922E-04
 7.96471   -0.203542E-04    0.310022E-04    0.157041E-04
 7.97221   -0.202955E-04    0.309212E-04    0.157158E-04
 7.97972   -0.202371E-04    0.308405E-04    0.157274E-04
 7.98722   -0.201789E-04    0.307601E-04    0.157388E-04
 7.99472   -0.201210E-04    0.306799E-04    0.157500E-04
 8.00222   -0.200632E-04    0.306000E-04    0.157610E-04
 8.00972   -0.200057E-04    0.305204E-04    0.157719E-04
 8.01723   -0.199484E-04    0.304410E-04    0.157826E-04
 8.02473   -0.198913E-04    0.303619E-04    0.157931E-04
 8.03223   -0.198344E-04    0.302831E-04    0.158034E-04
 8.03973   -0.197777E-04    0.302045E-04    0.158136E-04
 8.04724   -0.197213E-04    0.301262E-04    0.158236E-04
 8.05474   -0.196650E-04    0.300481E-04    0.158334E-04
 8.06224   -0.196090E-04    0.299703E-04    0.158431E-04
 8.06974   -0.195531E-04    0.298927E-04    0.158526E-04
 8.07724   -0.194975E-04    0.298154E-04    0.158619E-04
 8.08475   -0.194421E-04    0.297384E-04    0.158711E-04
 8.09225   -0.193869E-04    0.296616E-04    0.158801E-04
 8.09975   -0.193319E-04    0.295850E-04    0.158889E-04
 8.10725   -0.192771E-04    0.295087E-04    0.158976E-04
 8.11475   -0.192225E-04    0.294327E-04    0.159062E-04
 8.12226   -0.191681E-04    0.293569E-04    0.159145E-04
 8.12976   -0.191140E-04    0.292814E-04    0.159227E-04
 8.13726   -0.190600E-04    0.292061E-04    0.159308E-04
 8.14476   -0.190062E-04    0.291310E-04    0.159387E-04
 8.15226   -0.189526E-04    0.290562E-04    0.159464E-04
 8.15977   -0.188992E-04    0.289816E-04    0.159540E-04
 8.16727   -0.188460E-04    0.289073E-04    0.159615E-04
 8.17477   -0.187931E-04    0.288332E-04    0.159688E-04
 8.18227   -0.187403E-04    0.287594E-04    0.159759E-04
 8.18977   -0.186877E-04    0.286858E-04    0.159829E-04
 8.19728   -0.186353E-04    0.286125E-04    0.159897E-04
 8.20478   -0.185831E-04    0.285393E-04    0.159964E-04
 8.21228   -0.185311E-04    0.284665E-04    0.160029E-04
 8.21978   -0.184792E-04    0.283938E-04    0.160093E-04
 8.22729   -0.184276E-04    0.283214E-04    0.160156E-04
 8.23479   -0.183762E-04    0.282492E-04    0.160217E-04
 8.24229   -0.183249E-04    0.281773E-04    0.160277E-04
 8.24979   -0.182739E-04    0.281056E-04    0.160335E-04
 8.25729   -0.182230E-04    0.280341E-04    0.160392E-04
 8.26480   -0.181723E-04    0.279629E-04    0.160447E-04
 8.27230   -0.181218E-04    0.278919E-04    0.160501E-04
 8.27980   -0.180715E-04    0.278211E-04    0.160554E-04
 8.28730   -0.180214E-04    0.277506E-04    0.160605E-04
 8.29480   -0.179714E-04    0.276802E-04    0.160655E-04
 8.30231   -0.179217E-04    0.276101E-04    0.160704E-04
 8.30981   -0.178721E-04    0.275403E-04    0.160751E-04
 8.31731   -0.178227E-04    0.274706E-04    0.160797E-04
 8.32481   -0.177735E-04    0.274012E-04    0.160841E-04
 8.33231   -0.177245E-04    0.273320E-04    0.160884E-04
 8.33982   -0.176757E-04    0.272630E-04    0.160926E-04
 8.34732   -0.176270E-04    0.271943E-04    0.160967E-04
 8.35482   -0.175785E-04    0.271258E-04    0.161006E-04
 8.36232   -0.175302E-04    0.270575E-04    0.161044E-04
 8.36982   -0.174821E-04    0.269894E-04    0.161081E-04
 8.37733   -0.174341E-04    0.269215E-04    0.161116E-04
 8.38483   -0.173863E-04    0.268539E-04    0.161150E-04
 8.39233   -0.173387E-04    0.267864E-04    0.161183E-04
 8.39983   -0.172913E-04    0.267192E-04    0.161214E-04
 8.40734   -0.172441E-04    0.266522E-04    0.161245E-04
 8.41484   -0.171970E-04    0.265854E-04    0.161274E-04
 8.42234   -0.171501E-04    0.265189E-04    0.161302E-04
 8.42984   -0.171034E-04    0.264525E-04    0.161328E-04
 8.43734   -0.170568E-04    0.263864E-04    0.161354E-04
 8.44485   -0.170104E-04    0.263204E-04    0.161378E-04
 8.45235   -0.169642E-04    0.262547E-04    0.161401E-04
 8.45985   -0.169182E-04    0.261892E-04    0.161423E-04
 8.46735   -0.168723E-04    0.261239E-04    0.161443E-04
 8.47485   -0.168266E-04    0.260588E-04    0.161463E-04
 8.48236   -0.167811E-04    0.259940E-04    0.161481E-04
 8.48986   -0.167357E-04    0.259293E-04    0.161498E-04
 8.49736   -0.166905E-04    0.258648E-04    0.161514E-04
 8.50486   -0.166455E-04    0.258006E-04    0.161529E-04
 8.51236   -0.166006E-04    0.257365E-04    0.161542E-04
 8.51987   -0.165559E-04    0.256727E-04    0.161555E-04
 8.52737   -0.165114E-04    0.256090E-04    0.161566E-04
 8.53487   -0.164670E-04    0.255456E-04    0.161576E-04
 8.54237   -0.164228E-04    0.254823E-04    0.161585E-04
 8.54987   -0.163788E-04    0.254193E-04    0.161593E-04
 8.55738   -0.163349E-04    0.253565E-04    0.161600E-04
 8.56488   -0.162912E-04    0.252938E-04    0.161606E-04
 8.57238   -0.162477E-04    0.252314E-04    0.161611E-04
 8.57988   -0.162043E-04    0.251692E-04    0.161614E-04
 8.58739   -0.161610E-04    0.251071E-04    0.161617E-04
 8.59489   -0.161180E-04    0.250453E-04    0.161618E-04
 8.60239   -0.160751E-04    0.249837E-04    0.161618E-04
 8.60989   -0.160323E-04    0.249222E-04    0.161618E-04
 8.61739   -0.159897E-04    0.248610E-04    0.161616E-04
 8.62490   -0.159473E-04    0.247999E-04    0.161613E-04
 8.63240   -0.159050E-04    0.247390E-04    0.161610E-04
 8.63990   -0.158629E-04    0.246784E-04    0.161605E-04
 8.64740   -0.158210E-04    0.246179E-04    0.161599E-04
 8.65490   -0.157792E-04    0.245577E-04    0.161592E-04
 8.66241   -0.157375E-04    0.244976E-04    0.161584E-04
 8.66991   -0.156960E-04    0.244377E-04    0.161575E-04
 8.67741   -0.156547E-04    0.243780E-04    0.161565E-04
 8.68491   -0.156135E-04    0.243185E-04    0.161554E-04
 8.69241   -0.155724E-04    0.242591E-04    0.161542E-04
 8.69992   -0.155316E-04    0.242000E-04    0.161529E-04
 8.70742   -0.154908E-04    0.241410E-04    0.161516E-04
 8.71492   -0.154502E-04    0.240823E-04    0.161501E-04
 8.72242   -0.154098E-04    0.240237E-04    0.161485E-04
 8.72992   -0.153695E-04    0.239653E-04    0.161468E-04
 8.73743   -0.153294E-04    0.239071E-04    0.161451E-04
 8.74493   -0.152894E-04    0.238491E-04    0.161432E-04
 8.75243   -0.152496E-04    0.237912E-04    0.161412E-04
 8.75993   -0.152099E-04    0.237336E-04    0.161392E-04
 8.76744   -0.151703E-04    0.236761E-04    0.161371E-04
 8.77494   -0.151309E-04    0.236188E-04    0.161348E-04
 8.78244   -0.150917E-04    0.235617E-04    0.161325E-04
 8.78994   -0.150526E-04    0.235047E-04    0.161301E-04
 8.79744   -0.150136E-04    0.234480E-04    0.161276E-04
 8.80495   -0.149747E-04    0.233914E-04    0.161250E-04
 8.81245   -0.149361E-04    0.233350E-04    0.161223E-04
 8.81995   -0.148975E-04    0.232788E-04    0.161195E-04
 8.82745   -0.148591E-04    0.232227E-04    0.161167E-04
 8.83495   -0.148208E-04    0.231668E-04    0.161138E-04
 8.84246   -0.147827E-04    0.231111E-04    0.161107E-04
 8.84996   -0.147447E-04    0.230556E-04    0.161076E-04
 8.85746   -0.147068E-04    0.230002E-04    0.161044E-04
 8.86496   -0.146691E-04    0.229451E-04    0.161012E-04
 8.87246   -0.146315E-04    0.228900E-04    0.160978E-04
 8.87997   -0.145941E-04    0.228352E-04    0.160944E-04
 8.88747   -0.145567E-04    0.227805E-04    0.160909E-04
 8.89497   -0.145195E-04    0.227260E-04    0.160873E-04
 8.90247   -0.144825E-04    0.226717E-04    0.160836E-04
 8.90997   -0.144455E-04    0.226175E-04    0.160798E-04
 8.91748   -0.144087E-04    0.225635E-04    0.160760E-04
 8.92498   -0.143721E-04    0.225096E-04    0.160721E-04
 8.93248   -0.143355E-04    0.224560E-04    0.160681E-04
 8.93998   -0.142991E-04    0.224024E-04    0.160640E-04
 8.94749   -0.142628E-04    0.223491E-04    0.160599E-04
 8.95499   -0.142266E-04    0.222959E-04    0.160556E-04
 8.96249   -0.141906E-04    0.222429E-04    0.160513E-04
 8.96999   -0.141546E-04    0.221900E-04    0.160470E-04
 8.97749   -0.141188E-04    0.221373E-04    0.160425E-04
 8.98500   -0.140831E-04    0.220847E-04    0.160380E-04
 8.99250   -0.140476E-04    0.220324E-04    0.160334E-04
 9.00000   -0.140121E-04    0.219801E-04    0.160288E-04
