 0.00500    0.467846E-02   -0.244838E-02    0.196433E-02
 0.02303    0.379179E-02   -0.200502E-02    0.163167E-02
 0.04105    0.327849E-02   -0.174821E-02    0.143884E-02
 0.05908    0.290741E-02   -0.156249E-02    0.129923E-02
 0.07710    0.261678E-02   -0.141694E-02    0.118966E-02
 0.09513    0.237899E-02   -0.129777E-02    0.109982E-02
 0.11316    0.217887E-02   -0.119741E-02    0.102403E-02
 0.13118    0.200711E-02   -0.111120E-02    0.958808E-03
 0.14921    0.185753E-02   -0.103605E-02    0.901832E-03
 0.16723    0.172576E-02   -0.969781E-03    0.851484E-03
 0.18526    0.160861E-02   -0.910804E-03    0.806574E-03
 0.20329    0.150367E-02   -0.857918E-03    0.766200E-03
 0.22131    0.140908E-02   -0.810188E-03    0.729669E-03
 0.23934    0.132335E-02   -0.766877E-03    0.696428E-03
 0.25736    0.124529E-02   -0.727389E-03    0.666031E-03
 0.27539    0.117392E-02   -0.691237E-03    0.638125E-03
 0.29342    0.110844E-02   -0.658015E-03    0.612398E-03
 0.31144    0.104816E-02   -0.627387E-03    0.588601E-03
 0.32947    0.992501E-03   -0.599064E-03    0.566521E-03
 0.34749    0.940982E-03   -0.572804E-03    0.545977E-03
 0.36552    0.893175E-03   -0.548394E-03    0.526811E-03
 0.38355    0.848714E-03   -0.525652E-03    0.508887E-03
 0.40157    0.807280E-03   -0.504419E-03    0.492088E-03
 0.41960    0.768594E-03   -0.484557E-03    0.476310E-03
 0.43763    0.732409E-03   -0.465942E-03    0.461462E-03
 0.45565    0.698508E-03   -0.448466E-03    0.447463E-03
 0.47368    0.666695E-03   -0.432034E-03    0.434242E-03
 0.49170    0.636804E-03   -0.416559E-03    0.421735E-03
 0.50973    0.608675E-03   -0.401964E-03    0.409885E-03
 0.52776    0.582172E-03   -0.388180E-03    0.398640E-03
 0.54578    0.557170E-03   -0.375146E-03    0.387956E-03
 0.56381    0.533557E-03   -0.362805E-03    0.377790E-03
 0.58183    0.511230E-03   -0.351107E-03    0.368104E-03
 0.59986    0.490096E-03   -0.340006E-03    0.358865E-03
 0.61789    0.470073E-03   -0.329460E-03    0.350042E-03
 0.63591    0.451083E-03   -0.319431E-03    0.341606E-03
 0.65394    0.433057E-03   -0.309885E-03    0.333532E-03
 0.67196    0.415931E-03   -0.300789E-03    0.325796E-03
 0.68999    0.399648E-03   -0.292115E-03    0.318377E-03
 0.70802    0.384152E-03   -0.283836E-03    0.311254E-03
 0.72604    0.369394E-03   -0.275926E-03    0.304410E-03
 0.74407    0.355329E-03   -0.268365E-03    0.297827E-03
 0.76209    0.341916E-03   -0.261130E-03    0.291491E-03
 0.78012    0.329114E-03   -0.254202E-03    0.285387E-03
 0.79815    0.316890E-03   -0.247564E-03    0.279501E-03
 0.81617    0.305208E-03   -0.241199E-03    0.273822E-03
 0.83420    0.294039E-03   -0.235092E-03    0.268339E-03
 0.85222    0.283353E-03   -0.229229E-03    0.263039E-03
 0.87025    0.273125E-03   -0.223595E-03    0.257915E-03
 0.88828    0.263329E-03   -0.218180E-03    0.252957E-03
 0.90630    0.253942E-03   -0.212971E-03    0.248155E-03
 0.92433    0.244945E-03   -0.207958E-03    0.243503E-03
 0.94235    0.236314E-03   -0.203130E-03    0.238993E-03
 0.96038    0.228033E-03   -0.198479E-03    0.234617E-03
 0.97841    0.220082E-03   -0.193996E-03    0.230371E-03
 0.99643    0.212447E-03   -0.189672E-03    0.226247E-03
 1.01446    0.205110E-03   -0.185499E-03    0.222240E-03
 1.03248    0.198059E-03   -0.181471E-03    0.218344E-03
 1.05051    0.191279E-03   -0.177581E-03    0.214554E-03
 1.06854    0.184758E-03   -0.173822E-03    0.210866E-03
 1.08656    0.178482E-03   -0.170188E-03    0.207276E-03
 1.10459    0.172442E-03   -0.166673E-03    0.203778E-03
 1.12262    0.166626E-03   -0.163273E-03    0.200369E-03
 1.14064    0.161023E-03   -0.159982E-03    0.197046E-03
 1.15867    0.155625E-03   -0.156796E-03    0.193804E-03
 1.17669    0.150423E-03   -0.153709E-03    0.190641E-03
 1.19472    0.145407E-03   -0.150718E-03    0.187554E-03
 1.21275    0.140571E-03   -0.147819E-03    0.184539E-03
 1.23077    0.135906E-03   -0.145007E-03    0.181593E-03
 1.24880    0.131404E-03   -0.142280E-03    0.178715E-03
 1.26682    0.127060E-03   -0.139633E-03    0.175901E-03
 1.28485    0.122867E-03   -0.137064E-03    0.173148E-03
 1.30288    0.118818E-03   -0.134569E-03    0.170455E-03
 1.32090    0.114907E-03   -0.132146E-03    0.167820E-03
 1.33893    0.111129E-03   -0.129791E-03    0.165241E-03
 1.35695    0.107479E-03   -0.127503E-03    0.162716E-03
 1.37498    0.103952E-03   -0.125278E-03    0.160241E-03
 1.39301    0.100542E-03   -0.123114E-03    0.157817E-03
 1.41103    0.972450E-04   -0.121009E-03    0.155441E-03
 1.42906    0.940572E-04   -0.118960E-03    0.153111E-03
 1.44708    0.909739E-04   -0.116967E-03    0.150827E-03
 1.46511    0.879916E-04   -0.115025E-03    0.148586E-03
 1.48314    0.851062E-04   -0.113135E-03    0.146387E-03
 1.50116    0.823145E-04   -0.111293E-03    0.144229E-03
 1.51919    0.796124E-04   -0.109498E-03    0.142111E-03
 1.53721    0.769972E-04   -0.107750E-03    0.140032E-03
 1.55524    0.744655E-04   -0.106045E-03    0.137989E-03
 1.57327    0.720145E-04   -0.104382E-03    0.135983E-03
 1.59129    0.696414E-04   -0.102761E-03    0.134012E-03
 1.60932    0.673433E-04   -0.101179E-03    0.132075E-03
 1.62734    0.651177E-04   -0.996361E-04    0.130171E-03
 1.64537    0.629623E-04   -0.981299E-04    0.128299E-03
 1.66340    0.608743E-04   -0.966599E-04    0.126459E-03
 1.68142    0.588519E-04   -0.952249E-04    0.124649E-03
 1.69945    0.568929E-04   -0.938236E-04    0.122870E-03
 1.71747    0.549952E-04   -0.924552E-04    0.121118E-03
 1.73550    0.531568E-04   -0.911189E-04    0.119395E-03
 1.75353    0.513760E-04   -0.898127E-04    0.117700E-03
 1.77155    0.496510E-04   -0.885373E-04    0.116032E-03
 1.78958    0.479801E-04   -0.872907E-04    0.114390E-03
 1.80761    0.463618E-04   -0.860724E-04    0.112773E-03
 1.82563    0.447943E-04   -0.848817E-04    0.111182E-03
 1.84366    0.432764E-04   -0.837177E-04    0.109616E-03
 1.86168    0.418065E-04   -0.825800E-04    0.108073E-03
 1.87971    0.403837E-04   -0.814679E-04    0.106554E-03
 1.89774    0.390065E-04   -0.803807E-04    0.105057E-03
 1.91576    0.376737E-04   -0.793177E-04    0.103584E-03
 1.93379    0.363843E-04   -0.782785E-04    0.102131E-03
 1.95181    0.351372E-04   -0.772623E-04    0.100702E-03
 1.96984    0.339314E-04   -0.762687E-04    0.992931E-04
 1.98787    0.327659E-04   -0.752974E-04    0.979056E-04
 2.00589    0.316397E-04   -0.743477E-04    0.965388E-04
 2.02392    0.305521E-04   -0.734193E-04    0.951921E-04
 2.04194    0.295019E-04   -0.725117E-04    0.938654E-04
 2.05997    0.284889E-04   -0.716245E-04    0.925582E-04
 2.07800    0.275117E-04   -0.707571E-04    0.912703E-04
 2.09602    0.265696E-04   -0.699093E-04    0.900012E-04
 2.11405    0.256621E-04   -0.690807E-04    0.887508E-04
 2.13207    0.247881E-04   -0.682710E-04    0.875187E-04
 2.15010    0.239471E-04   -0.674797E-04    0.863046E-04
 2.16813    0.231383E-04   -0.667061E-04    0.851082E-04
 2.18615    0.223606E-04   -0.659500E-04    0.839292E-04
 2.20418    0.216136E-04   -0.652112E-04    0.827673E-04
 2.22220    0.208964E-04   -0.644890E-04    0.816221E-04
 2.24023    0.202080E-04   -0.637832E-04    0.804933E-04
 2.25826    0.195477E-04   -0.630931E-04    0.793805E-04
 2.27628    0.189145E-04   -0.624185E-04    0.782833E-04
 2.29431    0.183077E-04   -0.617589E-04    0.772014E-04
 2.31233    0.177261E-04   -0.611136E-04    0.761345E-04
 2.33036    0.171689E-04   -0.604825E-04    0.750822E-04
 2.34839    0.166350E-04   -0.598649E-04    0.740439E-04
 2.36641    0.161235E-04   -0.592601E-04    0.730193E-04
 2.38444    0.156331E-04   -0.586675E-04    0.720079E-04
 2.40246    0.151628E-04   -0.580869E-04    0.710094E-04
 2.42049    0.147115E-04   -0.575173E-04    0.700232E-04
 2.43852    0.142779E-04   -0.569584E-04    0.690491E-04
 2.45654    0.138609E-04   -0.564094E-04    0.680860E-04
 2.47457    0.134591E-04   -0.558698E-04    0.671339E-04
 2.49260    0.130714E-04   -0.553389E-04    0.661921E-04
 2.51062    0.126964E-04   -0.548160E-04    0.652601E-04
 2.52865    0.123329E-04   -0.543005E-04    0.643373E-04
 2.54667    0.119794E-04   -0.537916E-04    0.634231E-04
 2.56470    0.116346E-04   -0.532888E-04    0.625178E-04
 2.58273    0.112972E-04   -0.527912E-04    0.616195E-04
 2.60075    0.109658E-04   -0.522983E-04    0.607287E-04
 2.61878    0.106391E-04   -0.518093E-04    0.598448E-04
 2.63680    0.103157E-04   -0.513235E-04    0.589668E-04
 2.65483    0.999440E-05   -0.508405E-04    0.580939E-04
 2.67286    0.967377E-05   -0.503592E-04    0.572265E-04
 2.69088    0.935255E-05   -0.498792E-04    0.563637E-04
 2.70891    0.902956E-05   -0.493998E-04    0.555050E-04
 2.72693    0.870360E-05   -0.489206E-04    0.546499E-04
 2.74496    0.837350E-05   -0.484409E-04    0.537980E-04
 2.76299    0.803821E-05   -0.479600E-04    0.529488E-04
 2.78101    0.769670E-05   -0.474776E-04    0.521020E-04
 2.79904    0.734803E-05   -0.469932E-04    0.512573E-04
 2.81706    0.699130E-05   -0.465064E-04    0.504143E-04
 2.83509    0.662574E-05   -0.460165E-04    0.495729E-04
 2.85312    0.625063E-05   -0.455235E-04    0.487321E-04
 2.87114    0.586539E-05   -0.450271E-04    0.478925E-04
 2.88917    0.546947E-05   -0.445267E-04    0.470536E-04
 2.90719    0.506252E-05   -0.440224E-04    0.462152E-04
 2.92522    0.464423E-05   -0.435140E-04    0.453773E-04
 2.94325    0.421438E-05   -0.430014E-04    0.445399E-04
 2.96127    0.377295E-05   -0.424846E-04    0.437028E-04
 2.97930    0.331987E-05   -0.419635E-04    0.428661E-04
 2.99732    0.285532E-05   -0.414382E-04    0.420300E-04
 3.01535    0.237950E-05   -0.409091E-04    0.411943E-04
 3.03338    0.189279E-05   -0.403757E-04    0.403594E-04
 3.05140    0.139564E-05   -0.398390E-04    0.395254E-04
 3.06943    0.888621E-06   -0.392989E-04    0.386925E-04
 3.08745    0.372356E-06   -0.387555E-04    0.378610E-04
 3.10548   -0.152439E-06   -0.382101E-04    0.370312E-04
 3.12351   -0.684994E-06   -0.376622E-04    0.362034E-04
 3.14153   -0.122447E-05   -0.371124E-04    0.353779E-04
 3.15956   -0.176992E-05   -0.365614E-04    0.345551E-04
 3.17759   -0.232036E-05   -0.360095E-04    0.337354E-04
 3.19561   -0.287474E-05   -0.354572E-04    0.329192E-04
 3.21364   -0.343198E-05   -0.349055E-04    0.321069E-04
 3.23166   -0.399096E-05   -0.343544E-04    0.312989E-04
 3.24969   -0.455061E-05   -0.338047E-04    0.304956E-04
 3.26772   -0.510979E-05   -0.332566E-04    0.296976E-04
 3.28574   -0.566740E-05   -0.327113E-04    0.289052E-04
 3.30377   -0.622233E-05   -0.321690E-04    0.281189E-04
 3.32179   -0.677349E-05   -0.316304E-04    0.273390E-04
 3.33982   -0.731981E-05   -0.310959E-04    0.265660E-04
 3.35785   -0.786022E-05   -0.305660E-04    0.258003E-04
 3.37587   -0.839373E-05   -0.300414E-04    0.250422E-04
 3.39390   -0.891939E-05   -0.295224E-04    0.242921E-04
 3.41192   -0.943627E-05   -0.290094E-04    0.235504E-04
 3.42995   -0.994353E-05   -0.285030E-04    0.228174E-04
 3.44798   -0.104403E-04   -0.280036E-04    0.220933E-04
 3.46600   -0.109260E-04   -0.275116E-04    0.213784E-04
 3.48403   -0.113998E-04   -0.270271E-04    0.206731E-04
 3.50205   -0.118613E-04   -0.265506E-04    0.199774E-04
 3.52008   -0.123097E-04   -0.260821E-04    0.192916E-04
 3.53811   -0.127448E-04   -0.256223E-04    0.186159E-04
 3.55613   -0.131661E-04   -0.251711E-04    0.179504E-04
 3.57416   -0.135732E-04   -0.247287E-04    0.172951E-04
 3.59218   -0.139658E-04   -0.242952E-04    0.166502E-04
 3.61021   -0.143437E-04   -0.238706E-04    0.160159E-04
 3.62824   -0.147067E-04   -0.234553E-04    0.153920E-04
 3.64626   -0.150548E-04   -0.230492E-04    0.147786E-04
 3.66429   -0.153879E-04   -0.226522E-04    0.141758E-04
 3.68231   -0.157061E-04   -0.222645E-04    0.135835E-04
 3.70034   -0.160093E-04   -0.218858E-04    0.130015E-04
 3.71837   -0.162978E-04   -0.215162E-04    0.124299E-04
 3.73639   -0.165716E-04   -0.211556E-04    0.118687E-04
 3.75442   -0.168309E-04   -0.208039E-04    0.113177E-04
 3.77244   -0.170758E-04   -0.204611E-04    0.107767E-04
 3.79047   -0.173067E-04   -0.201269E-04    0.102458E-04
 3.80850   -0.175239E-04   -0.198012E-04    0.972471E-05
 3.82652   -0.177275E-04   -0.194839E-04    0.921336E-05
 3.84455   -0.179180E-04   -0.191747E-04    0.871168E-05
 3.86258   -0.180957E-04   -0.188735E-04    0.821921E-05
 3.88060   -0.182609E-04   -0.185802E-04    0.773623E-05
 3.89863   -0.184139E-04   -0.182946E-04    0.726221E-05
 3.91665   -0.185553E-04   -0.180164E-04    0.679712E-05
 3.93468   -0.186851E-04   -0.177455E-04    0.634077E-05
 3.95271   -0.188041E-04   -0.174816E-04    0.589299E-05
 3.97073   -0.189124E-04   -0.172246E-04    0.545364E-05
 3.98876   -0.190105E-04   -0.169742E-04    0.502250E-05
 4.00678   -0.190988E-04   -0.167302E-04    0.459940E-05
 4.02481   -0.191776E-04   -0.164925E-04    0.418418E-05
 4.04284   -0.192473E-04   -0.162609E-04    0.377666E-05
 4.06086   -0.193083E-04   -0.160351E-04    0.337668E-05
 4.07889   -0.193610E-04   -0.158150E-04    0.298407E-05
 4.09691   -0.194057E-04   -0.156002E-04    0.259863E-05
 4.11494   -0.194427E-04   -0.153909E-04    0.222021E-05
 4.13297   -0.194726E-04   -0.151865E-04    0.184868E-05
 4.15099   -0.194953E-04   -0.149871E-04    0.148383E-05
 4.16902   -0.195116E-04   -0.147923E-04    0.112553E-05
 4.18704   -0.195215E-04   -0.146022E-04    0.773611E-06
 4.20507   -0.195255E-04   -0.144165E-04    0.427941E-06
 4.22310   -0.195237E-04   -0.142350E-04    0.883681E-07
 4.24112   -0.195165E-04   -0.140577E-04   -0.245235E-06
 4.25915   -0.195042E-04   -0.138842E-04   -0.573019E-06
 4.27717   -0.194871E-04   -0.137146E-04   -0.895110E-06
 4.29520   -0.194653E-04   -0.135486E-04   -0.121164E-05
 4.31323   -0.194392E-04   -0.133862E-04   -0.152273E-05
 4.33125   -0.194089E-04   -0.132271E-04   -0.182851E-05
 4.34928   -0.193748E-04   -0.130714E-04   -0.212910E-05
 4.36730   -0.193369E-04   -0.129188E-04   -0.242460E-05
 4.38533   -0.192956E-04   -0.127692E-04   -0.271514E-05
 4.40336   -0.192510E-04   -0.126226E-04   -0.300080E-05
 4.42138   -0.192034E-04   -0.124788E-04   -0.328168E-05
 4.43941   -0.191528E-04   -0.123378E-04   -0.355790E-05
 4.45743   -0.190995E-04   -0.121994E-04   -0.382955E-05
 4.47546   -0.190436E-04   -0.120635E-04   -0.409671E-05
 4.49349   -0.189853E-04   -0.119300E-04   -0.435947E-05
 4.51151   -0.189248E-04   -0.117989E-04   -0.461793E-05
 4.52954   -0.188621E-04   -0.116702E-04   -0.487220E-05
 4.54757   -0.187975E-04   -0.115436E-04   -0.512230E-05
 4.56559   -0.187310E-04   -0.114191E-04   -0.536835E-05
 4.58362   -0.186628E-04   -0.112967E-04   -0.561042E-05
 4.60164   -0.185930E-04   -0.111763E-04   -0.584858E-05
 4.61967   -0.185217E-04   -0.110579E-04   -0.608290E-05
 4.63770   -0.184490E-04   -0.109413E-04   -0.631346E-05
 4.65572   -0.183750E-04   -0.108265E-04   -0.654029E-05
 4.67375   -0.182998E-04   -0.107134E-04   -0.676351E-05
 4.69177   -0.182234E-04   -0.106021E-04   -0.698316E-05
 4.70980   -0.181461E-04   -0.104924E-04   -0.719930E-05
 4.72783   -0.180679E-04   -0.103843E-04   -0.741198E-05
 4.74585   -0.179887E-04   -0.102778E-04   -0.762128E-05
 4.76388   -0.179087E-04   -0.101727E-04   -0.782724E-05
 4.78190   -0.178281E-04   -0.100692E-04   -0.802990E-05
 4.79993   -0.177469E-04   -0.996696E-05   -0.822936E-05
 4.81796   -0.176650E-04   -0.986617E-05   -0.842563E-05
 4.83598   -0.175825E-04   -0.976672E-05   -0.861878E-05
 4.85401   -0.174996E-04   -0.966855E-05   -0.880888E-05
 4.87203   -0.174163E-04   -0.957165E-05   -0.899593E-05
 4.89006   -0.173326E-04   -0.947603E-05   -0.917999E-05
 4.90809   -0.172486E-04   -0.938156E-05   -0.936110E-05
 4.92611   -0.171643E-04   -0.928834E-05   -0.953941E-05
 4.94414   -0.170798E-04   -0.919610E-05   -0.971479E-05
 4.96216   -0.169951E-04   -0.910508E-05   -0.988739E-05
 4.98019   -0.169102E-04   -0.901512E-05   -0.100572E-04
 4.99822   -0.168253E-04   -0.892623E-05   -0.102242E-04
 5.01624   -0.167402E-04   -0.883837E-05   -0.103886E-04
 5.03427   -0.166551E-04   -0.875151E-05   -0.105503E-04
 5.05229   -0.165701E-04   -0.866569E-05   -0.107094E-04
 5.07032   -0.164849E-04   -0.858079E-05   -0.108658E-04
 5.08835   -0.163998E-04   -0.849684E-05   -0.110198E-04
 5.10637   -0.163148E-04   -0.841372E-05   -0.111712E-04
 5.12440   -0.162299E-04   -0.833158E-05   -0.113202E-04
 5.14242   -0.161450E-04   -0.825031E-05   -0.114668E-04
 5.16045   -0.160604E-04   -0.816991E-05   -0.116110E-04
 5.17848   -0.159758E-04   -0.809035E-05   -0.117527E-04
 5.19650   -0.158915E-04   -0.801163E-05   -0.118922E-04
 5.21453   -0.158073E-04   -0.793371E-05   -0.120294E-04
 5.23256   -0.157234E-04   -0.785661E-05   -0.121642E-04
 5.25058   -0.156396E-04   -0.778028E-05   -0.122969E-04
 5.26861   -0.155561E-04   -0.770471E-05   -0.124273E-04
 5.28663   -0.154729E-04   -0.762989E-05   -0.125555E-04
 5.30466   -0.153899E-04   -0.755580E-05   -0.126816E-04
 5.32269   -0.153072E-04   -0.748245E-05   -0.128055E-04
 5.34071   -0.152248E-04   -0.740981E-05   -0.129273E-04
 5.35874   -0.151427E-04   -0.733787E-05   -0.130470E-04
 5.37676   -0.150609E-04   -0.726667E-05   -0.131647E-04
 5.39479   -0.149794E-04   -0.719610E-05   -0.132803E-04
 5.41282   -0.148983E-04   -0.712620E-05   -0.133939E-04
 5.43084   -0.148175E-04   -0.705694E-05   -0.135055E-04
 5.44887   -0.147371E-04   -0.698834E-05   -0.136152E-04
 5.46689   -0.146570E-04   -0.692036E-05   -0.137229E-04
 5.48492   -0.145773E-04   -0.685297E-05   -0.138286E-04
 5.50295   -0.144980E-04   -0.678623E-05   -0.139325E-04
 5.52097   -0.144190E-04   -0.672010E-05   -0.140344E-04
 5.53900   -0.143404E-04   -0.665456E-05   -0.141344E-04
 5.55702   -0.142622E-04   -0.658961E-05   -0.142326E-04
 5.57505   -0.141845E-04   -0.652524E-05   -0.143290E-04
 5.59308   -0.141071E-04   -0.646143E-05   -0.144236E-04
 5.61110   -0.140301E-04   -0.639818E-05   -0.145164E-04
 5.62913   -0.139536E-04   -0.633549E-05   -0.146074E-04
 5.64715   -0.138774E-04   -0.627334E-05   -0.146967E-04
 5.66518   -0.138017E-04   -0.621172E-05   -0.147843E-04
 5.68321   -0.137264E-04   -0.615064E-05   -0.148701E-04
 5.70123   -0.136515E-04   -0.609008E-05   -0.149543E-04
 5.71926   -0.135771E-04   -0.603002E-05   -0.150368E-04
 5.73728   -0.135031E-04   -0.597048E-05   -0.151177E-04
 5.75531   -0.134295E-04   -0.591145E-05   -0.151970E-04
 5.77334   -0.133563E-04   -0.585296E-05   -0.152747E-04
 5.79136   -0.132836E-04   -0.579488E-05   -0.153508E-04
 5.80939   -0.132113E-04   -0.573731E-05   -0.154253E-04
 5.82741   -0.131395E-04   -0.568023E-05   -0.154983E-04
 5.84544   -0.130681E-04   -0.562363E-05   -0.155697E-04
 5.86347   -0.129971E-04   -0.556749E-05   -0.156396E-04
 5.88149   -0.129266E-04   -0.551182E-05   -0.157081E-04
 5.89952   -0.128564E-04   -0.545659E-05   -0.157751E-04
 5.91755   -0.127868E-04   -0.540184E-05   -0.158407E-04
 5.93557   -0.127175E-04   -0.534753E-05   -0.159048E-04
 5.95360   -0.126487E-04   -0.529366E-05   -0.159674E-04
 5.97162   -0.125803E-04   -0.524024E-05   -0.160287E-04
 5.98965   -0.125123E-04   -0.518726E-05   -0.160885E-04
 6.00768   -0.124448E-04   -0.513473E-05   -0.161470E-04
 6.02570   -0.123777E-04   -0.508262E-05   -0.162040E-04
 6.04373   -0.123109E-04   -0.503094E-05   -0.162597E-04
 6.06175   -0.122446E-04   -0.497968E-05   -0.163142E-04
 6.07978   -0.121787E-04   -0.492884E-05   -0.163672E-04
 6.09781   -0.121132E-04   -0.487843E-05   -0.164190E-04
 6.11583   -0.120481E-04   -0.482843E-05   -0.164695E-04
 6.13386   -0.119835E-04   -0.477884E-05   -0.165187E-04
 6.15188   -0.119191E-04   -0.472967E-05   -0.165665E-04
 6.16991   -0.118552E-04   -0.468090E-05   -0.166132E-04
 6.18794   -0.117916E-04   -0.463255E-05   -0.166587E-04
 6.20596   -0.117285E-04   -0.458460E-05   -0.167030E-04
 6.22399   -0.116657E-04   -0.453705E-05   -0.167459E-04
 6.24201   -0.116033E-04   -0.448991E-05   -0.167877E-04
 6.26004   -0.115412E-04   -0.444316E-05   -0.168283E-04
 6.27807   -0.114795E-04   -0.439681E-05   -0.168677E-04
 6.29609   -0.114182E-04   -0.435085E-05   -0.169060E-04
 6.31412   -0.113572E-04   -0.430528E-05   -0.169478E-04
 6.33214   -0.112966E-04   -0.426009E-05   -0.169791E-04
 6.35017   -0.112363E-04   -0.421529E-05   -0.170139E-04
 6.36820   -0.111763E-04   -0.417088E-05   -0.170476E-04
 6.38622   -0.111167E-04   -0.412685E-05   -0.170802E-04
 6.40425   -0.110574E-04   -0.408320E-05   -0.171117E-04
 6.42227   -0.109985E-04   -0.403992E-05   -0.171421E-04
 6.44030   -0.109398E-04   -0.399702E-05   -0.171715E-04
 6.45833   -0.108815E-04   -0.395449E-05   -0.171999E-04
 6.47635   -0.108235E-04   -0.391234E-05   -0.172272E-04
 6.49438   -0.107659E-04   -0.387055E-05   -0.172534E-04
 6.51240   -0.107085E-04   -0.382912E-05   -0.172786E-04
 6.53043   -0.106514E-04   -0.378805E-05   -0.173028E-04
 6.54846   -0.105947E-04   -0.374734E-05   -0.173260E-04
 6.56648   -0.105383E-04   -0.370699E-05   -0.173482E-04
 6.58451   -0.104821E-04   -0.366699E-05   -0.173695E-04
 6.60254   -0.104263E-04   -0.362734E-05   -0.173898E-04
 6.62056   -0.103708E-04   -0.358804E-05   -0.174091E-04
 6.63859   -0.103155E-04   -0.354908E-05   -0.174276E-04
 6.65661   -0.102606E-04   -0.351046E-05   -0.174450E-04
 6.67464   -0.102059E-04   -0.347218E-05   -0.174616E-04
 6.69267   -0.101516E-04   -0.343424E-05   -0.174772E-04
 6.71069   -0.100975E-04   -0.339663E-05   -0.174920E-04
 6.72872   -0.100438E-04   -0.335934E-05   -0.175059E-04
 6.74674   -0.999030E-05   -0.332238E-05   -0.175189E-04
 6.76477   -0.993713E-05   -0.328574E-05   -0.175310E-04
 6.78280   -0.988424E-05   -0.324941E-05   -0.175423E-04
 6.80082   -0.983163E-05   -0.321341E-05   -0.175528E-04
 6.81885   -0.977932E-05   -0.317771E-05   -0.175624E-04
 6.83687   -0.972731E-05   -0.314232E-05   -0.175714E-04
 6.85490   -0.967560E-05   -0.310723E-05   -0.175794E-04
 6.87293   -0.962417E-05   -0.307245E-05   -0.175867E-04
 6.89095   -0.957303E-05   -0.303796E-05   -0.175931E-04
 6.90898   -0.952218E-05   -0.300377E-05   -0.175988E-04
 6.92700   -0.947162E-05   -0.296986E-05   -0.176038E-04
 6.94503   -0.942136E-05   -0.293624E-05   -0.176079E-04
 6.96306   -0.937139E-05   -0.290291E-05   -0.176114E-04
 6.98108   -0.932170E-05   -0.286986E-05   -0.176141E-04
 6.99911   -0.927230E-05   -0.283708E-05   -0.176160E-04
 7.01713   -0.922320E-05   -0.280458E-05   -0.176172E-04
 7.03516   -0.917439E-05   -0.277235E-05   -0.176178E-04
 7.05319   -0.912587E-05   -0.274038E-05   -0.176177E-04
 7.07121   -0.907763E-05   -0.270868E-05   -0.176168E-04
 7.08924   -0.902970E-05   -0.267724E-05   -0.176154E-04
 7.10726   -0.898204E-05   -0.264606E-05   -0.176132E-04
 7.12529   -0.893469E-05   -0.261513E-05   -0.176104E-04
 7.14332   -0.888761E-05   -0.258446E-05   -0.176069E-04
 7.16134   -0.884083E-05   -0.255404E-05   -0.176029E-04
 7.17937   -0.879433E-05   -0.252386E-05   -0.175982E-04
 7.19739   -0.874813E-05   -0.249392E-05   -0.175929E-04
 7.21542   -0.870221E-05   -0.246423E-05   -0.175869E-04
 7.23345   -0.865657E-05   -0.243478E-05   -0.175803E-04
 7.25147   -0.861124E-05   -0.240557E-05   -0.175732E-04
 7.26950   -0.856618E-05   -0.237658E-05   -0.175655E-04
 7.28753   -0.852141E-05   -0.234784E-05   -0.175572E-04
 7.30555   -0.847692E-05   -0.231932E-05   -0.175484E-04
 7.32358   -0.843271E-05   -0.229102E-05   -0.175389E-04
 7.34160   -0.838878E-05   -0.226296E-05   -0.175290E-04
 7.35963   -0.834514E-05   -0.223511E-05   -0.175185E-04
 7.37766   -0.830178E-05   -0.220748E-05   -0.175074E-04
 7.39568   -0.825869E-05   -0.218007E-05   -0.174958E-04
 7.41371   -0.821588E-05   -0.215288E-05   -0.174837E-04
 7.43173   -0.817335E-05   -0.212590E-05   -0.174711E-04
 7.44976   -0.813110E-05   -0.209913E-05   -0.174580E-04
 7.46779   -0.808912E-05   -0.207257E-05   -0.174444E-04
 7.48581   -0.804741E-05   -0.204622E-05   -0.174303E-04
 7.50384   -0.800598E-05   -0.202008E-05   -0.174157E-04
 7.52186   -0.796481E-05   -0.199414E-05   -0.174006E-04
 7.53989   -0.792391E-05   -0.196839E-05   -0.173851E-04
 7.55792   -0.788328E-05   -0.194286E-05   -0.173691E-04
 7.57594   -0.784291E-05   -0.191752E-05   -0.173526E-04
 7.59397   -0.780281E-05   -0.189237E-05   -0.173357E-04
 7.61199   -0.776298E-05   -0.186742E-05   -0.173184E-04
 7.63002   -0.772340E-05   -0.184266E-05   -0.173006E-04
 7.64805   -0.768408E-05   -0.181810E-05   -0.172823E-04
 7.66607   -0.764503E-05   -0.179372E-05   -0.172637E-04
 7.68410   -0.760623E-05   -0.176953E-05   -0.172447E-04
 7.70212   -0.756770E-05   -0.174553E-05   -0.172252E-04
 7.72015   -0.752941E-05   -0.172171E-05   -0.172053E-04
 7.73818   -0.749138E-05   -0.169808E-05   -0.171850E-04
 7.75620   -0.745358E-05   -0.167462E-05   -0.171644E-04
 7.77423   -0.741606E-05   -0.165135E-05   -0.171433E-04
 7.79225   -0.737878E-05   -0.162825E-05   -0.171219E-04
 7.81028   -0.734174E-05   -0.160534E-05   -0.171001E-04
 7.82831   -0.730494E-05   -0.158260E-05   -0.170779E-04
 7.84633   -0.726839E-05   -0.156003E-05   -0.170554E-04
 7.86436   -0.723209E-05   -0.153764E-05   -0.170325E-04
 7.88238   -0.719603E-05   -0.151542E-05   -0.170092E-04
 7.90041   -0.716020E-05   -0.149337E-05   -0.169856E-04
 7.91844   -0.712461E-05   -0.147149E-05   -0.169617E-04
 7.93646   -0.708924E-05   -0.144977E-05   -0.169374E-04
 7.95449   -0.705412E-05   -0.142823E-05   -0.169128E-04
 7.97252   -0.701923E-05   -0.140684E-05   -0.168879E-04
 7.99054   -0.698457E-05   -0.138563E-05   -0.168626E-04
 8.00857   -0.695014E-05   -0.136458E-05   -0.168370E-04
 8.02659   -0.691594E-05   -0.134368E-05   -0.168111E-04
 8.04462   -0.688196E-05   -0.132295E-05   -0.167850E-04
 8.06265   -0.684819E-05   -0.130238E-05   -0.167585E-04
 8.08067   -0.681466E-05   -0.128197E-05   -0.167317E-04
 8.09870   -0.678133E-05   -0.126171E-05   -0.167046E-04
 8.11672   -0.674823E-05   -0.124161E-05   -0.166772E-04
 8.13475   -0.671535E-05   -0.122166E-05   -0.166496E-04
 8.15278   -0.668268E-05   -0.120187E-05   -0.166217E-04
 8.17080   -0.665023E-05   -0.118223E-05   -0.165935E-04
 8.18883   -0.661798E-05   -0.116275E-05   -0.165650E-04
 8.20685   -0.658595E-05   -0.114341E-05   -0.165363E-04
 8.22488   -0.655412E-05   -0.112422E-05   -0.165073E-04
 8.24291   -0.652250E-05   -0.110518E-05   -0.164781E-04
 8.26093   -0.649107E-05   -0.108630E-05   -0.164486E-04
 8.27896   -0.645986E-05   -0.106755E-05   -0.164189E-04
 8.29698   -0.642884E-05   -0.104896E-05   -0.163889E-04
 8.31501   -0.639802E-05   -0.103050E-05   -0.163587E-04
 8.33304   -0.636741E-05   -0.101220E-05   -0.163282E-04
 8.35106   -0.633698E-05   -0.994035E-06   -0.162976E-04
 8.36909   -0.630675E-05   -0.976014E-06   -0.162667E-04
 8.38711   -0.627671E-05   -0.958136E-06   -0.162355E-04
 8.40514   -0.624687E-05   -0.940397E-06   -0.162042E-04
 8.42317   -0.621721E-05   -0.922797E-06   -0.161726E-04
 8.44119   -0.618774E-05   -0.905335E-06   -0.161409E-04
 8.45922   -0.615846E-05   -0.888011E-06   -0.161089E-04
 8.47724   -0.612936E-05   -0.870821E-06   -0.160767E-04
 8.49527   -0.610045E-05   -0.853770E-06   -0.160443E-04
 8.51330   -0.607172E-05   -0.836852E-06   -0.160118E-04
 8.53132   -0.604317E-05   -0.820069E-06   -0.159790E-04
 8.54935   -0.601479E-05   -0.803419E-06   -0.159461E-04
 8.56737   -0.598660E-05   -0.786901E-06   -0.159130E-04
 8.58540   -0.595858E-05   -0.770514E-06   -0.158797E-04
 8.60343   -0.593074E-05   -0.754258E-06   -0.158462E-04
 8.62145   -0.590307E-05   -0.738132E-06   -0.158125E-04
 8.63948   -0.587557E-05   -0.722136E-06   -0.157787E-04
 8.65751   -0.584824E-05   -0.706268E-06   -0.157447E-04
 8.67553   -0.582108E-05   -0.690524E-06   -0.157105E-04
 8.69356   -0.579409E-05   -0.674905E-06   -0.156762E-04
 8.71158   -0.576727E-05   -0.659412E-06   -0.156417E-04
 8.72961   -0.574061E-05   -0.644044E-06   -0.156071E-04
 8.74764   -0.571411E-05   -0.628799E-06   -0.155723E-04
 8.76566   -0.568778E-05   -0.613677E-06   -0.155374E-04
 8.78369   -0.566161E-05   -0.598676E-06   -0.155023E-04
 8.80171   -0.563560E-05   -0.583797E-06   -0.154671E-04
 8.81974   -0.560975E-05   -0.569037E-06   -0.154317E-04
 8.83777   -0.558406E-05   -0.554397E-06   -0.153963E-04
 8.85579   -0.555852E-05   -0.539876E-06   -0.153606E-04
 8.87382   -0.553314E-05   -0.525472E-06   -0.153249E-04
 8.89184   -0.550791E-05   -0.511185E-06   -0.152890E-04
 8.90987   -0.548284E-05   -0.497025E-06   -0.152530E-04
 8.92790   -0.545791E-05   -0.482970E-06   -0.152169E-04
 8.94592   -0.543314E-05   -0.469030E-06   -0.151807E-04
 8.96395   -0.540852E-05   -0.455203E-06   -0.151443E-04
 8.98197   -0.538404E-05   -0.441489E-06   -0.151079E-04
 9.00000   -0.535971E-05   -0.427888E-06   -0.150713E-04
