 0.00500    0.458508E-02   -0.241849E-02    0.196570E-02
 0.01250    0.416700E-02   -0.220944E-02    0.180886E-02
 0.02000    0.386714E-02   -0.205952E-02    0.169636E-02
 0.02751    0.362722E-02   -0.193953E-02    0.160634E-02
 0.03501    0.342563E-02   -0.183869E-02    0.153064E-02
 0.04251    0.325115E-02   -0.175140E-02    0.146508E-02
 0.05001    0.309714E-02   -0.167434E-02    0.140718E-02
 0.05751    0.295922E-02   -0.160531E-02    0.135530E-02
 0.06502    0.283437E-02   -0.154282E-02    0.130831E-02
 0.07252    0.272038E-02   -0.148575E-02    0.126537E-02
 0.08002    0.261559E-02   -0.143328E-02    0.122587E-02
 0.08752    0.251870E-02   -0.138475E-02    0.118932E-02
 0.09503    0.242868E-02   -0.133964E-02    0.115532E-02
 0.10253    0.234469E-02   -0.129755E-02    0.112358E-02
 0.11003    0.226603E-02   -0.125812E-02    0.109383E-02
 0.11753    0.219215E-02   -0.122108E-02    0.106586E-02
 0.12503    0.212255E-02   -0.118617E-02    0.103948E-02
 0.13254    0.205683E-02   -0.115319E-02    0.101455E-02
 0.14004    0.199463E-02   -0.112198E-02    0.990925E-03
 0.14754    0.193565E-02   -0.109236E-02    0.968497E-03
 0.15504    0.187961E-02   -0.106422E-02    0.947165E-03
 0.16254    0.182629E-02   -0.103743E-02    0.926841E-03
 0.17005    0.177546E-02   -0.101188E-02    0.907445E-03
 0.17755    0.172695E-02   -0.987494E-03    0.888910E-03
 0.18505    0.168059E-02   -0.964176E-03    0.871174E-03
 0.19255    0.163623E-02   -0.941856E-03    0.854181E-03
 0.20005    0.159374E-02   -0.920467E-03    0.837881E-03
 0.20756    0.155300E-02   -0.899948E-03    0.822228E-03
 0.21506    0.151389E-02   -0.880245E-03    0.807182E-03
 0.22256    0.147632E-02   -0.861307E-03    0.792706E-03
 0.23006    0.144019E-02   -0.843089E-03    0.778765E-03
 0.23756    0.140542E-02   -0.825549E-03    0.765329E-03
 0.24507    0.137194E-02   -0.808649E-03    0.752368E-03
 0.25257    0.133967E-02   -0.792354E-03    0.739857E-03
 0.26007    0.130855E-02   -0.776631E-03    0.727773E-03
 0.26757    0.127852E-02   -0.761449E-03    0.716090E-03
 0.27508    0.124952E-02   -0.746782E-03    0.704788E-03
 0.28258    0.122150E-02   -0.732602E-03    0.693848E-03
 0.29008    0.119441E-02   -0.718887E-03    0.683253E-03
 0.29758    0.116820E-02   -0.705612E-03    0.672986E-03
 0.30508    0.114285E-02   -0.692759E-03    0.663031E-03
 0.31259    0.111829E-02   -0.680306E-03    0.653374E-03
 0.32009    0.109451E-02   -0.668236E-03    0.644001E-03
 0.32759    0.107146E-02   -0.656531E-03    0.634899E-03
 0.33509    0.104910E-02   -0.645175E-03    0.626056E-03
 0.34259    0.102743E-02   -0.634154E-03    0.617461E-03
 0.35010    0.100639E-02   -0.623452E-03    0.609103E-03
 0.35760    0.985967E-03   -0.613057E-03    0.600973E-03
 0.36510    0.966136E-03   -0.602955E-03    0.593060E-03
 0.37260    0.946870E-03   -0.593135E-03    0.585356E-03
 0.38010    0.928149E-03   -0.583586E-03    0.577853E-03
 0.38761    0.909949E-03   -0.574297E-03    0.570543E-03
 0.39511    0.892250E-03   -0.565257E-03    0.563418E-03
 0.40261    0.875033E-03   -0.556457E-03    0.556471E-03
 0.41011    0.858280E-03   -0.547888E-03    0.549695E-03
 0.41761    0.841974E-03   -0.539541E-03    0.543083E-03
 0.42512    0.826097E-03   -0.531408E-03    0.536631E-03
 0.43262    0.810635E-03   -0.523482E-03    0.530331E-03
 0.44012    0.795572E-03   -0.515754E-03    0.524178E-03
 0.44762    0.780894E-03   -0.508218E-03    0.518168E-03
 0.45513    0.766588E-03   -0.500867E-03    0.512295E-03
 0.46263    0.752640E-03   -0.493694E-03    0.506554E-03
 0.47013    0.739039E-03   -0.486693E-03    0.500941E-03
 0.47763    0.725772E-03   -0.479860E-03    0.495451E-03
 0.48513    0.712828E-03   -0.473187E-03    0.490081E-03
 0.49264    0.700197E-03   -0.466669E-03    0.484826E-03
 0.50014    0.687868E-03   -0.460302E-03    0.479682E-03
 0.50764    0.675831E-03   -0.454081E-03    0.474646E-03
 0.51514    0.664077E-03   -0.448000E-03    0.469715E-03
 0.52264    0.652597E-03   -0.442056E-03    0.464885E-03
 0.53015    0.641382E-03   -0.436244E-03    0.460153E-03
 0.53765    0.630425E-03   -0.430560E-03    0.455515E-03
 0.54515    0.619716E-03   -0.424999E-03    0.450970E-03
 0.55265    0.609248E-03   -0.419559E-03    0.446513E-03
 0.56015    0.599015E-03   -0.414235E-03    0.442143E-03
 0.56766    0.589008E-03   -0.409025E-03    0.437857E-03
 0.57516    0.579221E-03   -0.403924E-03    0.433652E-03
 0.58266    0.569648E-03   -0.398929E-03    0.429526E-03
 0.59016    0.560283E-03   -0.394037E-03    0.425477E-03
 0.59766    0.551119E-03   -0.389246E-03    0.421502E-03
 0.60517    0.542150E-03   -0.384552E-03    0.417599E-03
 0.61267    0.533371E-03   -0.379953E-03    0.413767E-03
 0.62017    0.524777E-03   -0.375446E-03    0.410003E-03
 0.62767    0.516362E-03   -0.371028E-03    0.406305E-03
 0.63518    0.508121E-03   -0.366697E-03    0.402671E-03
 0.64268    0.500050E-03   -0.362450E-03    0.399101E-03
 0.65018    0.492143E-03   -0.358286E-03    0.395591E-03
 0.65768    0.484398E-03   -0.354201E-03    0.392141E-03
 0.66518    0.476808E-03   -0.350195E-03    0.388748E-03
 0.67269    0.469370E-03   -0.346264E-03    0.385412E-03
 0.68019    0.462081E-03   -0.342406E-03    0.382131E-03
 0.68769    0.454935E-03   -0.338621E-03    0.378903E-03
 0.69519    0.447929E-03   -0.334905E-03    0.375727E-03
 0.70269    0.441059E-03   -0.331258E-03    0.372602E-03
 0.71020    0.434323E-03   -0.327676E-03    0.369526E-03
 0.71770    0.427717E-03   -0.324160E-03    0.366498E-03
 0.72520    0.421236E-03   -0.320706E-03    0.363517E-03
 0.73270    0.414879E-03   -0.317314E-03    0.360582E-03
 0.74020    0.408642E-03   -0.313982E-03    0.357691E-03
 0.74771    0.402522E-03   -0.310708E-03    0.354844E-03
 0.75521    0.396517E-03   -0.307491E-03    0.352040E-03
 0.76271    0.390622E-03   -0.304330E-03    0.349277E-03
 0.77021    0.384837E-03   -0.301223E-03    0.346554E-03
 0.77771    0.379157E-03   -0.298169E-03    0.343871E-03
 0.78522    0.373581E-03   -0.295167E-03    0.341227E-03
 0.79272    0.368106E-03   -0.292215E-03    0.338620E-03
 0.80022    0.362729E-03   -0.289312E-03    0.336050E-03
 0.80772    0.357449E-03   -0.286458E-03    0.333516E-03
 0.81523    0.352263E-03   -0.283650E-03    0.331017E-03
 0.82273    0.347169E-03   -0.280889E-03    0.328552E-03
 0.83023    0.342165E-03   -0.278172E-03    0.326121E-03
 0.83773    0.337248E-03   -0.275499E-03    0.323723E-03
 0.84523    0.332417E-03   -0.272869E-03    0.321357E-03
 0.85274    0.327670E-03   -0.270281E-03    0.319023E-03
 0.86024    0.323005E-03   -0.267734E-03    0.316719E-03
 0.86774    0.318420E-03   -0.265227E-03    0.314445E-03
 0.87524    0.313913E-03   -0.262759E-03    0.312201E-03
 0.88274    0.309483E-03   -0.260329E-03    0.309985E-03
 0.89025    0.305127E-03   -0.257937E-03    0.307797E-03
 0.89775    0.300845E-03   -0.255582E-03    0.305637E-03
 0.90525    0.296635E-03   -0.253262E-03    0.303505E-03
 0.91275    0.292494E-03   -0.250978E-03    0.301398E-03
 0.92025    0.288423E-03   -0.248728E-03    0.299317E-03
 0.92776    0.284418E-03   -0.246511E-03    0.297262E-03
 0.93526    0.280479E-03   -0.244328E-03    0.295232E-03
 0.94276    0.276605E-03   -0.242176E-03    0.293225E-03
 0.95026    0.272793E-03   -0.240057E-03    0.291243E-03
 0.95776    0.269044E-03   -0.237968E-03    0.289284E-03
 0.96527    0.265354E-03   -0.235910E-03    0.287348E-03
 0.97277    0.261724E-03   -0.233881E-03    0.285435E-03
 0.98027    0.258152E-03   -0.231882E-03    0.283543E-03
 0.98777    0.254637E-03   -0.229910E-03    0.281673E-03
 0.99528    0.251177E-03   -0.227967E-03    0.279825E-03
 1.00278    0.247772E-03   -0.226052E-03    0.277997E-03
 1.01028    0.244420E-03   -0.224163E-03    0.276189E-03
 1.01778    0.241121E-03   -0.222300E-03    0.274401E-03
 1.02528    0.237873E-03   -0.220463E-03    0.272633E-03
 1.03279    0.234675E-03   -0.218652E-03    0.270885E-03
 1.04029    0.231527E-03   -0.216865E-03    0.269155E-03
 1.04779    0.228427E-03   -0.215103E-03    0.267443E-03
 1.05529    0.225375E-03   -0.213365E-03    0.265750E-03
 1.06279    0.222369E-03   -0.211650E-03    0.264075E-03
 1.07030    0.219409E-03   -0.209958E-03    0.262417E-03
 1.07780    0.216493E-03   -0.208288E-03    0.260777E-03
 1.08530    0.213622E-03   -0.206641E-03    0.259153E-03
 1.09280    0.210793E-03   -0.205015E-03    0.257547E-03
 1.10030    0.208007E-03   -0.203411E-03    0.255956E-03
 1.10781    0.205262E-03   -0.201828E-03    0.254381E-03
 1.11531    0.202558E-03   -0.200265E-03    0.252823E-03
 1.12281    0.199894E-03   -0.198722E-03    0.251280E-03
 1.13031    0.197269E-03   -0.197199E-03    0.249752E-03
 1.13781    0.194683E-03   -0.195696E-03    0.248238E-03
 1.14532    0.192135E-03   -0.194212E-03    0.246740E-03
 1.15282    0.189623E-03   -0.192746E-03    0.245256E-03
 1.16032    0.187148E-03   -0.191299E-03    0.243787E-03
 1.16782    0.184709E-03   -0.189870E-03    0.242331E-03
 1.17533    0.182305E-03   -0.188459E-03    0.240889E-03
 1.18283    0.179936E-03   -0.187065E-03    0.239461E-03
 1.19033    0.177601E-03   -0.185689E-03    0.238046E-03
 1.19783    0.175298E-03   -0.184329E-03    0.236644E-03
 1.20533    0.173029E-03   -0.182986E-03    0.235255E-03
 1.21284    0.170792E-03   -0.181659E-03    0.233878E-03
 1.22034    0.168586E-03   -0.180348E-03    0.232515E-03
 1.22784    0.166412E-03   -0.179053E-03    0.231163E-03
 1.23534    0.164267E-03   -0.177774E-03    0.229823E-03
 1.24284    0.162153E-03   -0.176509E-03    0.228496E-03
 1.25035    0.160069E-03   -0.175260E-03    0.227180E-03
 1.25785    0.158013E-03   -0.174026E-03    0.225875E-03
 1.26535    0.155986E-03   -0.172805E-03    0.224582E-03
 1.27285    0.153987E-03   -0.171599E-03    0.223301E-03
 1.28035    0.152015E-03   -0.170408E-03    0.222030E-03
 1.28786    0.150071E-03   -0.169229E-03    0.220770E-03
 1.29536    0.148153E-03   -0.168065E-03    0.219520E-03
 1.30286    0.146261E-03   -0.166914E-03    0.218282E-03
 1.31036    0.144395E-03   -0.165776E-03    0.217053E-03
 1.31786    0.142554E-03   -0.164651E-03    0.215835E-03
 1.32537    0.140738E-03   -0.163538E-03    0.214627E-03
 1.33287    0.138947E-03   -0.162438E-03    0.213429E-03
 1.34037    0.137180E-03   -0.161350E-03    0.212240E-03
 1.34787    0.135437E-03   -0.160275E-03    0.211061E-03
 1.35538    0.133716E-03   -0.159211E-03    0.209892E-03
 1.36288    0.132019E-03   -0.158160E-03    0.208732E-03
 1.37038    0.130344E-03   -0.157120E-03    0.207581E-03
 1.37788    0.128692E-03   -0.156091E-03    0.206439E-03
 1.38538    0.127061E-03   -0.155073E-03    0.205307E-03
 1.39289    0.125452E-03   -0.154066E-03    0.204182E-03
 1.40039    0.123864E-03   -0.153070E-03    0.203067E-03
 1.40789    0.122297E-03   -0.152085E-03    0.201961E-03
 1.41539    0.120750E-03   -0.151110E-03    0.200863E-03
 1.42289    0.119224E-03   -0.150146E-03    0.199773E-03
 1.43040    0.117717E-03   -0.149192E-03    0.198692E-03
 1.43790    0.116230E-03   -0.148248E-03    0.197618E-03
 1.44540    0.114763E-03   -0.147314E-03    0.196553E-03
 1.45290    0.113314E-03   -0.146389E-03    0.195495E-03
 1.46040    0.111884E-03   -0.145475E-03    0.194446E-03
 1.46791    0.110472E-03   -0.144569E-03    0.193404E-03
 1.47541    0.109079E-03   -0.143673E-03    0.192370E-03
 1.48291    0.107703E-03   -0.142787E-03    0.191343E-03
 1.49041    0.106345E-03   -0.141909E-03    0.190324E-03
 1.49791    0.105004E-03   -0.141040E-03    0.189312E-03
 1.50542    0.103681E-03   -0.140180E-03    0.188307E-03
 1.51292    0.102374E-03   -0.139329E-03    0.187309E-03
 1.52042    0.101083E-03   -0.138487E-03    0.186319E-03
 1.52792    0.998093E-04   -0.137652E-03    0.185335E-03
 1.53543    0.985513E-04   -0.136826E-03    0.184359E-03
 1.54293    0.973091E-04   -0.136009E-03    0.183389E-03
 1.55043    0.960825E-04   -0.135199E-03    0.182425E-03
 1.55793    0.948713E-04   -0.134397E-03    0.181469E-03
 1.56543    0.936753E-04   -0.133604E-03    0.180519E-03
 1.57294    0.924941E-04   -0.132818E-03    0.179575E-03
 1.58044    0.913276E-04   -0.132039E-03    0.178638E-03
 1.58794    0.901756E-04   -0.131268E-03    0.177707E-03
 1.59544    0.890380E-04   -0.130505E-03    0.176782E-03
 1.60294    0.879144E-04   -0.129749E-03    0.175864E-03
 1.61045    0.868046E-04   -0.129000E-03    0.174951E-03
 1.61795    0.857086E-04   -0.128258E-03    0.174045E-03
 1.62545    0.846260E-04   -0.127524E-03    0.173144E-03
 1.63295    0.835567E-04   -0.126796E-03    0.172250E-03
 1.64045    0.825004E-04   -0.126075E-03    0.171361E-03
 1.64796    0.814574E-04   -0.125361E-03    0.170478E-03
 1.65546    0.804269E-04   -0.124654E-03    0.169600E-03
 1.66296    0.794091E-04   -0.123953E-03    0.168729E-03
 1.67046    0.784036E-04   -0.123259E-03    0.167862E-03
 1.67796    0.774103E-04   -0.122571E-03    0.167002E-03
 1.68547    0.764291E-04   -0.121889E-03    0.166146E-03
 1.69297    0.754598E-04   -0.121214E-03    0.165296E-03
 1.70047    0.745022E-04   -0.120545E-03    0.164452E-03
 1.70797    0.735563E-04   -0.119882E-03    0.163612E-03
 1.71548    0.726217E-04   -0.119225E-03    0.162778E-03
 1.72298    0.716984E-04   -0.118574E-03    0.161949E-03
 1.73048    0.707862E-04   -0.117929E-03    0.161125E-03
 1.73798    0.698850E-04   -0.117290E-03    0.160306E-03
 1.74548    0.689946E-04   -0.116656E-03    0.159492E-03
 1.75299    0.681149E-04   -0.116028E-03    0.158683E-03
 1.76049    0.672457E-04   -0.115406E-03    0.157879E-03
 1.76799    0.663869E-04   -0.114789E-03    0.157080E-03
 1.77549    0.655384E-04   -0.114177E-03    0.156285E-03
 1.78299    0.647000E-04   -0.113571E-03    0.155495E-03
 1.79050    0.638716E-04   -0.112971E-03    0.154710E-03
 1.79800    0.630531E-04   -0.112375E-03    0.153930E-03
 1.80550    0.622444E-04   -0.111785E-03    0.153154E-03
 1.81300    0.614453E-04   -0.111200E-03    0.152382E-03
 1.82050    0.606557E-04   -0.110619E-03    0.151615E-03
 1.82801    0.598754E-04   -0.110044E-03    0.150853E-03
 1.83551    0.591044E-04   -0.109474E-03    0.150095E-03
 1.84301    0.583427E-04   -0.108909E-03    0.149341E-03
 1.85051    0.575899E-04   -0.108348E-03    0.148592E-03
 1.85802    0.568460E-04   -0.107792E-03    0.147847E-03
 1.86552    0.561110E-04   -0.107241E-03    0.147106E-03
 1.87302    0.553847E-04   -0.106695E-03    0.146369E-03
 1.88052    0.546670E-04   -0.106153E-03    0.145637E-03
 1.88802    0.539578E-04   -0.105616E-03    0.144909E-03
 1.89553    0.532570E-04   -0.105084E-03    0.144185E-03
 1.90303    0.525645E-04   -0.104555E-03    0.143464E-03
 1.91053    0.518802E-04   -0.104032E-03    0.142748E-03
 1.91803    0.512040E-04   -0.103512E-03    0.142036E-03
 1.92553    0.505359E-04   -0.102997E-03    0.141328E-03
 1.93304    0.498756E-04   -0.102486E-03    0.140624E-03
 1.94054    0.492232E-04   -0.101980E-03    0.139923E-03
 1.94804    0.485786E-04   -0.101477E-03    0.139227E-03
 1.95554    0.479416E-04   -0.100979E-03    0.138534E-03
 1.96304    0.473121E-04   -0.100485E-03    0.137845E-03
 1.97055    0.466902E-04   -0.999948E-04    0.137160E-03
 1.97805    0.460756E-04   -0.995087E-04    0.136478E-03
 1.98555    0.454684E-04   -0.990266E-04    0.135801E-03
 1.99305    0.448684E-04   -0.985485E-04    0.135127E-03
 2.00055    0.442756E-04   -0.980742E-04    0.134456E-03
 2.00806    0.436898E-04   -0.976038E-04    0.133789E-03
 2.01556    0.431111E-04   -0.971372E-04    0.133126E-03
 2.02306    0.425393E-04   -0.966743E-04    0.132466E-03
 2.03056    0.419745E-04   -0.962152E-04    0.131810E-03
 2.03807    0.414163E-04   -0.957599E-04    0.131157E-03
 2.04557    0.408650E-04   -0.953082E-04    0.130508E-03
 2.05307    0.403203E-04   -0.948601E-04    0.129862E-03
 2.06057    0.397821E-04   -0.944157E-04    0.129220E-03
 2.06807    0.392505E-04   -0.939748E-04    0.128581E-03
 2.07558    0.387253E-04   -0.935375E-04    0.127946E-03
 2.08308    0.382066E-04   -0.931037E-04    0.127313E-03
 2.09058    0.376942E-04   -0.926734E-04    0.126685E-03
 2.09808    0.371880E-04   -0.922465E-04    0.126059E-03
 2.10558    0.366881E-04   -0.918232E-04    0.125437E-03
 2.11309    0.361943E-04   -0.914029E-04    0.124818E-03
 2.12059    0.357066E-04   -0.909863E-04    0.124202E-03
 2.12809    0.352250E-04   -0.905729E-04    0.123589E-03
 2.13559    0.347494E-04   -0.901628E-04    0.122980E-03
 2.14309    0.342797E-04   -0.897560E-04    0.122374E-03
 2.15060    0.338158E-04   -0.893525E-04    0.121771E-03
 2.15810    0.333578E-04   -0.889522E-04    0.121171E-03
 2.16560    0.329056E-04   -0.885551E-04    0.120574E-03
 2.17310    0.324590E-04   -0.881611E-04    0.119980E-03
 2.18060    0.320181E-04   -0.877702E-04    0.119389E-03
 2.18811    0.315829E-04   -0.873825E-04    0.118802E-03
 2.19561    0.311532E-04   -0.869979E-04    0.118217E-03
 2.20311    0.307289E-04   -0.866163E-04    0.117636E-03
 2.21061    0.303102E-04   -0.862378E-04    0.117057E-03
 2.21812    0.298968E-04   -0.858622E-04    0.116482E-03
 2.22562    0.294889E-04   -0.854898E-04    0.115909E-03
 2.23312    0.290863E-04   -0.851202E-04    0.115339E-03
 2.24062    0.286889E-04   -0.847536E-04    0.114772E-03
 2.24812    0.282968E-04   -0.843899E-04    0.114209E-03
 2.25563    0.279098E-04   -0.840291E-04    0.113648E-03
 2.26313    0.275280E-04   -0.836712E-04    0.113090E-03
 2.27063    0.271513E-04   -0.833162E-04    0.112534E-03
 2.27813    0.267796E-04   -0.829639E-04    0.111982E-03
 2.28563    0.264129E-04   -0.826144E-04    0.111432E-03
 2.29314    0.260512E-04   -0.822677E-04    0.110885E-03
 2.30064    0.256944E-04   -0.819238E-04    0.110341E-03
 2.30814    0.253424E-04   -0.815826E-04    0.109800E-03
 2.31564    0.249953E-04   -0.812442E-04    0.109262E-03
 2.32314    0.246529E-04   -0.809084E-04    0.108726E-03
 2.33065    0.243153E-04   -0.805754E-04    0.108193E-03
 2.33815    0.239823E-04   -0.802448E-04    0.107662E-03
 2.34565    0.236540E-04   -0.799169E-04    0.107134E-03
 2.35315    0.233302E-04   -0.795917E-04    0.106609E-03
 2.36065    0.230110E-04   -0.792690E-04    0.106087E-03
 2.36816    0.226963E-04   -0.789489E-04    0.105567E-03
 2.37566    0.223861E-04   -0.786313E-04    0.105050E-03
 2.38316    0.220802E-04   -0.783162E-04    0.104535E-03
 2.39066    0.217787E-04   -0.780036E-04    0.104023E-03
 2.39817    0.214815E-04   -0.776934E-04    0.103513E-03
 2.40567    0.211886E-04   -0.773856E-04    0.103006E-03
 2.41317    0.208999E-04   -0.770803E-04    0.102502E-03
 2.42067    0.206153E-04   -0.767773E-04    0.102000E-03
 2.42817    0.203349E-04   -0.764767E-04    0.101500E-03
 2.43568    0.200585E-04   -0.761784E-04    0.101003E-03
 2.44318    0.197861E-04   -0.758824E-04    0.100508E-03
 2.45068    0.195177E-04   -0.755887E-04    0.100016E-03
 2.45818    0.192532E-04   -0.752973E-04    0.995258E-04
 2.46568    0.189926E-04   -0.750080E-04    0.990382E-04
 2.47319    0.187357E-04   -0.747210E-04    0.985529E-04
 2.48069    0.184826E-04   -0.744361E-04    0.980700E-04
 2.48819    0.182332E-04   -0.741533E-04    0.975893E-04
 2.49569    0.179874E-04   -0.738727E-04    0.971109E-04
 2.50319    0.177452E-04   -0.735941E-04    0.966347E-04
 2.51070    0.175065E-04   -0.733175E-04    0.961608E-04
 2.51820    0.172712E-04   -0.730430E-04    0.956890E-04
 2.52570    0.170394E-04   -0.727705E-04    0.952195E-04
 2.53320    0.168109E-04   -0.725000E-04    0.947520E-04
 2.54070    0.165857E-04   -0.722314E-04    0.942867E-04
 2.54821    0.163637E-04   -0.719646E-04    0.938235E-04
 2.55571    0.161449E-04   -0.716998E-04    0.933624E-04
 2.56321    0.159292E-04   -0.714368E-04    0.929034E-04
 2.57071    0.157165E-04   -0.711756E-04    0.924463E-04
 2.57822    0.155069E-04   -0.709161E-04    0.919913E-04
 2.58572    0.153001E-04   -0.706584E-04    0.915383E-04
 2.59322    0.150962E-04   -0.704024E-04    0.910872E-04
 2.60072    0.148950E-04   -0.701480E-04    0.906380E-04
 2.60822    0.146966E-04   -0.698953E-04    0.901908E-04
 2.61573    0.145009E-04   -0.696443E-04    0.897456E-04
 2.62323    0.143077E-04   -0.693948E-04    0.893018E-04
 2.63073    0.141170E-04   -0.691468E-04    0.888601E-04
 2.63823    0.139288E-04   -0.689003E-04    0.884201E-04
 2.64573    0.137430E-04   -0.686554E-04    0.879820E-04
 2.65324    0.135596E-04   -0.684118E-04    0.875455E-04
 2.66074    0.133783E-04   -0.681697E-04    0.871108E-04
 2.66824    0.131993E-04   -0.679289E-04    0.866778E-04
 2.67574    0.130224E-04   -0.676894E-04    0.862464E-04
 2.68324    0.128475E-04   -0.674513E-04    0.858166E-04
 2.69075    0.126747E-04   -0.672144E-04    0.853884E-04
 2.69825    0.125037E-04   -0.669787E-04    0.849620E-04
 2.70575    0.123346E-04   -0.667442E-04    0.845369E-04
 2.71325    0.121672E-04   -0.665109E-04    0.841134E-04
 2.72075    0.120016E-04   -0.662787E-04    0.836914E-04
 2.72826    0.118376E-04   -0.660477E-04    0.832708E-04
 2.73576    0.116752E-04   -0.658176E-04    0.828516E-04
 2.74326    0.115144E-04   -0.655886E-04    0.824340E-04
 2.75076    0.113549E-04   -0.653606E-04    0.820175E-04
 2.75827    0.111969E-04   -0.651336E-04    0.816025E-04
 2.76577    0.110401E-04   -0.649074E-04    0.811888E-04
 2.77327    0.108847E-04   -0.646822E-04    0.807765E-04
 2.78077    0.107304E-04   -0.644577E-04    0.803654E-04
 2.78827    0.105772E-04   -0.642341E-04    0.799555E-04
 2.79578    0.104251E-04   -0.640114E-04    0.795469E-04
 2.80328    0.102740E-04   -0.637893E-04    0.791394E-04
 2.81078    0.101238E-04   -0.635681E-04    0.787332E-04
 2.81828    0.997448E-05   -0.633475E-04    0.783279E-04
 2.82578    0.982600E-05   -0.631275E-04    0.779239E-04
 2.83329    0.967826E-05   -0.629082E-04    0.775210E-04
 2.84079    0.953121E-05   -0.626895E-04    0.771192E-04
 2.84829    0.938481E-05   -0.624714E-04    0.767184E-04
 2.85579    0.923899E-05   -0.622539E-04    0.763187E-04
 2.86329    0.909370E-05   -0.620367E-04    0.759199E-04
 2.87080    0.894887E-05   -0.618201E-04    0.755221E-04
 2.87830    0.880447E-05   -0.616041E-04    0.751253E-04
 2.88580    0.866043E-05   -0.613883E-04    0.747294E-04
 2.89330    0.851672E-05   -0.611730E-04    0.743344E-04
 2.90080    0.837327E-05   -0.609581E-04    0.739404E-04
 2.90831    0.823005E-05   -0.607436E-04    0.735472E-04
 2.91581    0.808700E-05   -0.605293E-04    0.731548E-04
 2.92331    0.794408E-05   -0.603155E-04    0.727634E-04
 2.93081    0.780123E-05   -0.601018E-04    0.723726E-04
 2.93832    0.765841E-05   -0.598885E-04    0.719827E-04
 2.94582    0.751559E-05   -0.596754E-04    0.715936E-04
 2.95332    0.737273E-05   -0.594625E-04    0.712052E-04
 2.96082    0.722977E-05   -0.592498E-04    0.708176E-04
 2.96832    0.708670E-05   -0.590373E-04    0.704307E-04
 2.97583    0.694348E-05   -0.588250E-04    0.700446E-04
 2.98333    0.680006E-05   -0.586128E-04    0.696591E-04
 2.99083    0.665640E-05   -0.584008E-04    0.692743E-04
 2.99833    0.651246E-05   -0.581887E-04    0.688902E-04
 3.00583    0.636824E-05   -0.579769E-04    0.685067E-04
 3.01334    0.622369E-05   -0.577651E-04    0.681240E-04
 3.02084    0.607880E-05   -0.575534E-04    0.677418E-04
 3.02834    0.593353E-05   -0.573417E-04    0.673601E-04
 3.03584    0.578783E-05   -0.571300E-04    0.669792E-04
 3.04334    0.564171E-05   -0.569183E-04    0.665988E-04
 3.05085    0.549514E-05   -0.567068E-04    0.662191E-04
 3.05835    0.534808E-05   -0.564952E-04    0.658399E-04
 3.06585    0.520051E-05   -0.562832E-04    0.654613E-04
 3.07335    0.505245E-05   -0.560718E-04    0.650832E-04
 3.08085    0.490383E-05   -0.558601E-04    0.647057E-04
 3.08836    0.475466E-05   -0.556477E-04    0.643288E-04
 3.09586    0.460492E-05   -0.554366E-04    0.639523E-04
 3.10336    0.445461E-05   -0.552248E-04    0.635765E-04
 3.11086    0.430368E-05   -0.550129E-04    0.632011E-04
 3.11837    0.415216E-05   -0.548009E-04    0.628263E-04
 3.12587    0.400002E-05   -0.545888E-04    0.624520E-04
 3.13337    0.384723E-05   -0.543767E-04    0.620782E-04
 3.14087    0.369380E-05   -0.541645E-04    0.617049E-04
 3.14837    0.353972E-05   -0.539522E-04    0.613321E-04
 3.15588    0.338497E-05   -0.537398E-04    0.609598E-04
 3.16338    0.322958E-05   -0.535273E-04    0.605881E-04
 3.17088    0.307350E-05   -0.533147E-04    0.602167E-04
 3.17838    0.291677E-05   -0.531019E-04    0.598459E-04
 3.18588    0.275935E-05   -0.528891E-04    0.594756E-04
 3.19339    0.260127E-05   -0.526762E-04    0.591058E-04
 3.20089    0.244251E-05   -0.524632E-04    0.587364E-04
 3.20839    0.228307E-05   -0.522501E-04    0.583676E-04
 3.21589    0.212297E-05   -0.520364E-04    0.579993E-04
 3.22339    0.196219E-05   -0.518236E-04    0.576315E-04
 3.23090    0.180074E-05   -0.516102E-04    0.572642E-04
 3.23840    0.163864E-05   -0.513966E-04    0.568973E-04
 3.24590    0.147588E-05   -0.511830E-04    0.565309E-04
 3.25340    0.131246E-05   -0.509694E-04    0.561728E-04
 3.26090    0.114839E-05   -0.507556E-04    0.557997E-04
 3.26841    0.983689E-06   -0.505418E-04    0.554349E-04
 3.27591    0.818349E-06   -0.503278E-04    0.550706E-04
 3.28341    0.652396E-06   -0.501138E-04    0.547068E-04
 3.29091    0.485832E-06   -0.498998E-04    0.543436E-04
 3.29842    0.318663E-06   -0.496856E-04    0.539808E-04
 3.30592    0.150900E-06   -0.494714E-04    0.536186E-04
 3.31342   -0.174436E-07   -0.492571E-04    0.532569E-04
 3.32092   -0.186354E-06   -0.490429E-04    0.528958E-04
 3.32842   -0.355811E-06   -0.488285E-04    0.525354E-04
 3.33593   -0.525826E-06   -0.486142E-04    0.521751E-04
 3.34343   -0.696345E-06   -0.483999E-04    0.518156E-04
 3.35093   -0.867387E-06   -0.481853E-04    0.514567E-04
 3.35843   -0.103892E-05   -0.479709E-04    0.510984E-04
 3.36593   -0.121094E-05   -0.477565E-04    0.507406E-04
 3.37344   -0.138343E-05   -0.475421E-04    0.503834E-04
 3.38094   -0.155636E-05   -0.473277E-04    0.500268E-04
 3.38844   -0.172971E-05   -0.471133E-04    0.496707E-04
 3.39594   -0.190345E-05   -0.468990E-04    0.493154E-04
 3.40344   -0.207761E-05   -0.466848E-04    0.489606E-04
 3.41095   -0.225213E-05   -0.464706E-04    0.486064E-04
 3.41845   -0.242701E-05   -0.462564E-04    0.482530E-04
 3.42595   -0.260221E-05   -0.460424E-04    0.479000E-04
 3.43345   -0.277774E-05   -0.458284E-04    0.475479E-04
 3.44095   -0.295353E-05   -0.456146E-04    0.471963E-04
 3.44846   -0.312960E-05   -0.454009E-04    0.468453E-04
 3.45596   -0.330590E-05   -0.451872E-04    0.464951E-04
 3.46346   -0.348243E-05   -0.449738E-04    0.461456E-04
 3.47096   -0.365916E-05   -0.447603E-04    0.457967E-04
 3.47847   -0.383607E-05   -0.445473E-04    0.454486E-04
 3.48597   -0.401312E-05   -0.443343E-04    0.451012E-04
 3.49347   -0.419030E-05   -0.441216E-04    0.447545E-04
 3.50097   -0.436759E-05   -0.439090E-04    0.444086E-04
 3.50847   -0.454496E-05   -0.436966E-04    0.440634E-04
 3.51598   -0.472237E-05   -0.434844E-04    0.437190E-04
 3.52348   -0.489983E-05   -0.432725E-04    0.433753E-04
 3.53098   -0.507728E-05   -0.430609E-04    0.430325E-04
 3.53848   -0.525473E-05   -0.428495E-04    0.426905E-04
 3.54598   -0.543212E-05   -0.426384E-04    0.423492E-04
 3.55349   -0.560943E-05   -0.424276E-04    0.420088E-04
 3.56099   -0.578664E-05   -0.422171E-04    0.416691E-04
 3.56849   -0.596373E-05   -0.420069E-04    0.413303E-04
 3.57599   -0.614067E-05   -0.417971E-04    0.409924E-04
 3.58349   -0.631741E-05   -0.415876E-04    0.406553E-04
 3.59100   -0.649394E-05   -0.413785E-04    0.403191E-04
 3.59850   -0.667024E-05   -0.411697E-04    0.399838E-04
 3.60600   -0.684625E-05   -0.409614E-04    0.396493E-04
 3.61350   -0.702199E-05   -0.407534E-04    0.393170E-04
 3.62101   -0.719745E-05   -0.405459E-04    0.389832E-04
 3.62851   -0.737255E-05   -0.403388E-04    0.386515E-04
 3.63601   -0.754722E-05   -0.401322E-04    0.383215E-04
 3.64351   -0.772151E-05   -0.399260E-04    0.379917E-04
 3.65101   -0.789543E-05   -0.397203E-04    0.376628E-04
 3.65852   -0.806880E-05   -0.395151E-04    0.373350E-04
 3.66602   -0.824174E-05   -0.393104E-04    0.370082E-04
 3.67352   -0.841416E-05   -0.391063E-04    0.366823E-04
 3.68102   -0.858604E-05   -0.389027E-04    0.363574E-04
 3.68852   -0.875735E-05   -0.386996E-04    0.360336E-04
 3.69603   -0.892807E-05   -0.384971E-04    0.357108E-04
 3.70353   -0.909817E-05   -0.382952E-04    0.353891E-04
 3.71103   -0.926761E-05   -0.380939E-04    0.350684E-04
 3.71853   -0.943638E-05   -0.378932E-04    0.347488E-04
 3.72603   -0.960445E-05   -0.376931E-04    0.344303E-04
 3.73354   -0.977178E-05   -0.374936E-04    0.341129E-04
 3.74104   -0.993840E-05   -0.372949E-04    0.337965E-04
 3.74854   -0.101042E-04   -0.370967E-04    0.334807E-04
 3.75604   -0.102691E-04   -0.368992E-04    0.331666E-04
 3.76354   -0.104333E-04   -0.367025E-04    0.328536E-04
 3.77105   -0.105966E-04   -0.365064E-04    0.325417E-04
 3.77855   -0.107590E-04   -0.363111E-04    0.322310E-04
 3.78605   -0.109205E-04   -0.361165E-04    0.319214E-04
 3.79355   -0.110810E-04   -0.359226E-04    0.316130E-04
 3.80106   -0.112406E-04   -0.357295E-04    0.313058E-04
 3.80856   -0.113992E-04   -0.355371E-04    0.309998E-04
 3.81606   -0.115568E-04   -0.353456E-04    0.306951E-04
 3.82356   -0.117134E-04   -0.351548E-04    0.303914E-04
 3.83106   -0.118689E-04   -0.349648E-04    0.300890E-04
 3.83857   -0.120233E-04   -0.347756E-04    0.297878E-04
 3.84607   -0.121766E-04   -0.345873E-04    0.294879E-04
 3.85357   -0.123288E-04   -0.343998E-04    0.291892E-04
 3.86107   -0.124799E-04   -0.342132E-04    0.288917E-04
 3.86857   -0.126298E-04   -0.340274E-04    0.285955E-04
 3.87608   -0.127785E-04   -0.338425E-04    0.283006E-04
 3.88358   -0.129260E-04   -0.336585E-04    0.280069E-04
 3.89108   -0.130723E-04   -0.334753E-04    0.277145E-04
 3.89858   -0.132173E-04   -0.332931E-04    0.274234E-04
 3.90608   -0.133611E-04   -0.331117E-04    0.271337E-04
 3.91359   -0.135036E-04   -0.329313E-04    0.268452E-04
 3.92109   -0.136448E-04   -0.327518E-04    0.265580E-04
 3.92859   -0.137846E-04   -0.325733E-04    0.262721E-04
 3.93609   -0.139232E-04   -0.323957E-04    0.259875E-04
 3.94359   -0.140604E-04   -0.322190E-04    0.257043E-04
 3.95110   -0.141962E-04   -0.320433E-04    0.254224E-04
 3.95860   -0.143307E-04   -0.318686E-04    0.251418E-04
 3.96610   -0.144637E-04   -0.316948E-04    0.248625E-04
 3.97360   -0.145954E-04   -0.315221E-04    0.245846E-04
 3.98111   -0.147256E-04   -0.313503E-04    0.243081E-04
 3.98861   -0.148544E-04   -0.311795E-04    0.240329E-04
 3.99611   -0.149817E-04   -0.310097E-04    0.237590E-04
 4.00361   -0.151076E-04   -0.308409E-04    0.234866E-04
 4.01111   -0.152320E-04   -0.306732E-04    0.232153E-04
 4.01862   -0.153550E-04   -0.305064E-04    0.229457E-04
 4.02612   -0.154764E-04   -0.303407E-04    0.226774E-04
 4.03362   -0.155964E-04   -0.301760E-04    0.224103E-04
 4.04112   -0.157148E-04   -0.300123E-04    0.221447E-04
 4.04862   -0.158318E-04   -0.298497E-04    0.218805E-04
 4.05613   -0.159472E-04   -0.296881E-04    0.216176E-04
 4.06363   -0.160610E-04   -0.295275E-04    0.213561E-04
 4.07113   -0.161734E-04   -0.293680E-04    0.210959E-04
 4.07863   -0.162842E-04   -0.292095E-04    0.208372E-04
 4.08613   -0.163935E-04   -0.290521E-04    0.205799E-04
 4.09364   -0.165012E-04   -0.288957E-04    0.203239E-04
 4.10114   -0.166072E-04   -0.287404E-04    0.200694E-04
 4.10864   -0.167118E-04   -0.285862E-04    0.198162E-04
 4.11614   -0.168148E-04   -0.284330E-04    0.195644E-04
 4.12364   -0.169162E-04   -0.282808E-04    0.193140E-04
 4.13115   -0.170160E-04   -0.281297E-04    0.190650E-04
 4.13865   -0.171145E-04   -0.279797E-04    0.188173E-04
 4.14615   -0.172111E-04   -0.278307E-04    0.185710E-04
 4.15365   -0.173063E-04   -0.276828E-04    0.183262E-04
 4.16116   -0.173998E-04   -0.275360E-04    0.180827E-04
 4.16866   -0.174918E-04   -0.273902E-04    0.178405E-04
 4.17616   -0.175824E-04   -0.272455E-04    0.175998E-04
 4.18366   -0.176711E-04   -0.271018E-04    0.173604E-04
 4.19116   -0.177585E-04   -0.269591E-04    0.171224E-04
 4.19867   -0.178443E-04   -0.268176E-04    0.168858E-04
 4.20617   -0.179284E-04   -0.266770E-04    0.166505E-04
 4.21367   -0.180111E-04   -0.265376E-04    0.164166E-04
 4.22117   -0.180921E-04   -0.263991E-04    0.161841E-04
 4.22867   -0.181716E-04   -0.262618E-04    0.159530E-04
 4.23618   -0.182496E-04   -0.261254E-04    0.157231E-04
 4.24368   -0.183260E-04   -0.259901E-04    0.154947E-04
 4.25118   -0.184009E-04   -0.258559E-04    0.152676E-04
 4.25868   -0.184742E-04   -0.257226E-04    0.150418E-04
 4.26618   -0.185461E-04   -0.255904E-04    0.148174E-04
 4.27369   -0.186165E-04   -0.254592E-04    0.145943E-04
 4.28119   -0.186853E-04   -0.253290E-04    0.143725E-04
 4.28869   -0.187526E-04   -0.251998E-04    0.141521E-04
 4.29619   -0.188184E-04   -0.250717E-04    0.139330E-04
 4.30369   -0.188828E-04   -0.249445E-04    0.137152E-04
 4.31120   -0.189457E-04   -0.248184E-04    0.134987E-04
 4.31870   -0.190071E-04   -0.246932E-04    0.132836E-04
 4.32620   -0.190670E-04   -0.245691E-04    0.130697E-04
 4.33370   -0.191254E-04   -0.244459E-04    0.128571E-04
 4.34121   -0.191825E-04   -0.243237E-04    0.126458E-04
 4.34871   -0.192382E-04   -0.242025E-04    0.124359E-04
 4.35621   -0.192924E-04   -0.240822E-04    0.122271E-04
 4.36371   -0.193452E-04   -0.239629E-04    0.120197E-04
 4.37121   -0.193966E-04   -0.238446E-04    0.118135E-04
 4.37872   -0.194466E-04   -0.237272E-04    0.116086E-04
 4.38622   -0.194953E-04   -0.236108E-04    0.114050E-04
 4.39372   -0.195426E-04   -0.234953E-04    0.112026E-04
 4.40122   -0.195885E-04   -0.233807E-04    0.110015E-04
 4.40872   -0.196331E-04   -0.232670E-04    0.108016E-04
 4.41623   -0.196764E-04   -0.231543E-04    0.106029E-04
 4.42373   -0.197184E-04   -0.230425E-04    0.104054E-04
 4.43123   -0.197590E-04   -0.229316E-04    0.102092E-04
 4.43873   -0.197984E-04   -0.228216E-04    0.100141E-04
 4.44623   -0.198365E-04   -0.227124E-04    0.982031E-05
 4.45374   -0.198733E-04   -0.226042E-04    0.962769E-05
 4.46124   -0.199089E-04   -0.224968E-04    0.943626E-05
 4.46874   -0.199433E-04   -0.223903E-04    0.924600E-05
 4.47624   -0.199764E-04   -0.222847E-04    0.905691E-05
 4.48374   -0.200083E-04   -0.221799E-04    0.886901E-05
 4.49125   -0.200391E-04   -0.220759E-04    0.868226E-05
 4.49875   -0.200686E-04   -0.219728E-04    0.849669E-05
 4.50625   -0.200970E-04   -0.218705E-04    0.831225E-05
 4.51375   -0.201242E-04   -0.217691E-04    0.812894E-05
 4.52126   -0.201503E-04   -0.216685E-04    0.794678E-05
 4.52876   -0.201753E-04   -0.215686E-04    0.776574E-05
 4.53626   -0.201991E-04   -0.214696E-04    0.758581E-05
 4.54376   -0.202218E-04   -0.213714E-04    0.740701E-05
 4.55126   -0.202435E-04   -0.212739E-04    0.722931E-05
 4.55877   -0.202641E-04   -0.211773E-04    0.705270E-05
 4.56627   -0.202836E-04   -0.210814E-04    0.687719E-05
 4.57377   -0.203021E-04   -0.209863E-04    0.670278E-05
 4.58127   -0.203196E-04   -0.208919E-04    0.652947E-05
 4.58877   -0.203360E-04   -0.207983E-04    0.635720E-05
 4.59628   -0.203514E-04   -0.207054E-04    0.618598E-05
 4.60378   -0.203659E-04   -0.206132E-04    0.601582E-05
 4.61128   -0.203794E-04   -0.205218E-04    0.584671E-05
 4.61878   -0.203919E-04   -0.204311E-04    0.567863E-05
 4.62628   -0.204035E-04   -0.203411E-04    0.551159E-05
 4.63379   -0.204141E-04   -0.202518E-04    0.534554E-05
 4.64129   -0.204239E-04   -0.201632E-04    0.518053E-05
 4.64879   -0.204327E-04   -0.200753E-04    0.501655E-05
 4.65629   -0.204405E-04   -0.199880E-04    0.485357E-05
 4.66379   -0.204477E-04   -0.199015E-04    0.469159E-05
 4.67130   -0.204539E-04   -0.198156E-04    0.453059E-05
 4.67880   -0.204592E-04   -0.197303E-04    0.437057E-05
 4.68630   -0.204637E-04   -0.196457E-04    0.421158E-05
 4.69380   -0.204674E-04   -0.195618E-04    0.405347E-05
 4.70131   -0.204703E-04   -0.194785E-04    0.389636E-05
 4.70881   -0.204724E-04   -0.193958E-04    0.374020E-05
 4.71631   -0.204737E-04   -0.193137E-04    0.358501E-05
 4.72381   -0.204742E-04   -0.192323E-04    0.343074E-05
 4.73131   -0.204739E-04   -0.191514E-04    0.327742E-05
 4.73882   -0.204730E-04   -0.190712E-04    0.312501E-05
 4.74632   -0.204713E-04   -0.189915E-04    0.297351E-05
 4.75382   -0.204688E-04   -0.189125E-04    0.282294E-05
 4.76132   -0.204657E-04   -0.188340E-04    0.267328E-05
 4.76882   -0.204617E-04   -0.187561E-04    0.252451E-05
 4.77633   -0.204573E-04   -0.186787E-04    0.237664E-05
 4.78383   -0.204521E-04   -0.186019E-04    0.222966E-05
 4.79133   -0.204463E-04   -0.185257E-04    0.208355E-05
 4.79883   -0.204398E-04   -0.184500E-04    0.193833E-05
 4.80633   -0.204327E-04   -0.183749E-04    0.179398E-05
 4.81384   -0.204249E-04   -0.183002E-04    0.165047E-05
 4.82134   -0.204165E-04   -0.182261E-04    0.150783E-05
 4.82884   -0.204076E-04   -0.181526E-04    0.136603E-05
 4.83634   -0.203980E-04   -0.180795E-04    0.122505E-05
 4.84384   -0.203879E-04   -0.180070E-04    0.108495E-05
 4.85135   -0.203772E-04   -0.179349E-04    0.945649E-06
 4.85885   -0.203659E-04   -0.178634E-04    0.807180E-06
 4.86635   -0.203541E-04   -0.177923E-04    0.669543E-06
 4.87385   -0.203417E-04   -0.177218E-04    0.532676E-06
 4.88136   -0.203289E-04   -0.176517E-04    0.396641E-06
 4.88886   -0.203155E-04   -0.175820E-04    0.261411E-06
 4.89636   -0.203016E-04   -0.175129E-04    0.126971E-06
 4.90386   -0.202872E-04   -0.174442E-04   -0.668342E-08
 4.91136   -0.202723E-04   -0.173759E-04   -0.139556E-06
 4.91887   -0.202570E-04   -0.173082E-04   -0.271654E-06
 4.92637   -0.202412E-04   -0.172408E-04   -0.402984E-06
 4.93387   -0.202249E-04   -0.171739E-04   -0.533546E-06
 4.94137   -0.202082E-04   -0.171074E-04   -0.663347E-06
 4.94887   -0.201910E-04   -0.170414E-04   -0.792391E-06
 4.95638   -0.201735E-04   -0.169758E-04   -0.920685E-06
 4.96388   -0.201555E-04   -0.169106E-04   -0.104824E-05
 4.97138   -0.201370E-04   -0.168458E-04   -0.117505E-05
 4.97888   -0.201182E-04   -0.167814E-04   -0.130116E-05
 4.98638   -0.200990E-04   -0.167174E-04   -0.142651E-05
 4.99389   -0.200794E-04   -0.166539E-04   -0.155116E-05
 5.00139   -0.200595E-04   -0.165907E-04   -0.167504E-05
 5.00889   -0.200391E-04   -0.165279E-04   -0.179825E-05
 5.01639   -0.200184E-04   -0.164655E-04   -0.192070E-05
 5.02389   -0.199974E-04   -0.164034E-04   -0.204248E-05
 5.03140   -0.199760E-04   -0.163419E-04   -0.216355E-05
 5.03890   -0.199543E-04   -0.162805E-04   -0.228394E-05
 5.04640   -0.199322E-04   -0.162196E-04   -0.240365E-05
 5.05390   -0.199099E-04   -0.161590E-04   -0.252266E-05
 5.06141   -0.198872E-04   -0.160988E-04   -0.264100E-05
 5.06891   -0.198642E-04   -0.160390E-04   -0.275863E-05
 5.07641   -0.198409E-04   -0.159795E-04   -0.287562E-05
 5.08391   -0.198173E-04   -0.159203E-04   -0.299195E-05
 5.09141   -0.197934E-04   -0.158615E-04   -0.310762E-05
 5.09892   -0.197693E-04   -0.158030E-04   -0.322262E-05
 5.10642   -0.197449E-04   -0.157449E-04   -0.333697E-05
 5.11392   -0.197202E-04   -0.156871E-04   -0.345065E-05
 5.12142   -0.196952E-04   -0.156296E-04   -0.356370E-05
 5.12892   -0.196700E-04   -0.155724E-04   -0.367616E-05
 5.13643   -0.196446E-04   -0.155156E-04   -0.378794E-05
 5.14393   -0.196189E-04   -0.154591E-04   -0.389905E-05
 5.15143   -0.195930E-04   -0.154028E-04   -0.400956E-05
 5.15893   -0.195667E-04   -0.153469E-04   -0.411945E-05
 5.16643   -0.195405E-04   -0.152913E-04   -0.422872E-05
 5.17394   -0.195139E-04   -0.152360E-04   -0.433739E-05
 5.18144   -0.194871E-04   -0.151810E-04   -0.444543E-05
 5.18894   -0.194601E-04   -0.151263E-04   -0.455286E-05
 5.19644   -0.194329E-04   -0.150719E-04   -0.465969E-05
 5.20394   -0.194055E-04   -0.150177E-04   -0.476592E-05
 5.21145   -0.193779E-04   -0.149639E-04   -0.487155E-05
 5.21895   -0.193502E-04   -0.149103E-04   -0.497660E-05
 5.22645   -0.193222E-04   -0.148570E-04   -0.508104E-05
 5.23395   -0.192941E-04   -0.148040E-04   -0.518490E-05
 5.24146   -0.192658E-04   -0.147512E-04   -0.528818E-05
 5.24896   -0.192374E-04   -0.146987E-04   -0.539087E-05
 5.25646   -0.192088E-04   -0.146465E-04   -0.549303E-05
 5.26396   -0.191800E-04   -0.145945E-04   -0.559458E-05
 5.27146   -0.191511E-04   -0.145428E-04   -0.569556E-05
 5.27897   -0.191221E-04   -0.144914E-04   -0.579598E-05
 5.28647   -0.190928E-04   -0.144402E-04   -0.589583E-05
 5.29397   -0.190636E-04   -0.143893E-04   -0.599513E-05
 5.30147   -0.190341E-04   -0.143386E-04   -0.609387E-05
 5.30897   -0.190045E-04   -0.142882E-04   -0.619202E-05
 5.31648   -0.189747E-04   -0.142380E-04   -0.628966E-05
 5.32398   -0.189449E-04   -0.141880E-04   -0.638676E-05
 5.33148   -0.189150E-04   -0.141383E-04   -0.648331E-05
 5.33898   -0.188849E-04   -0.140888E-04   -0.657932E-05
 5.34648   -0.188547E-04   -0.140396E-04   -0.667480E-05
 5.35399   -0.188244E-04   -0.139906E-04   -0.676975E-05
 5.36149   -0.187941E-04   -0.139418E-04   -0.686417E-05
 5.36899   -0.187636E-04   -0.138933E-04   -0.695806E-05
 5.37649   -0.187330E-04   -0.138449E-04   -0.705143E-05
 5.38399   -0.187023E-04   -0.137968E-04   -0.714427E-05
 5.39150   -0.186716E-04   -0.137489E-04   -0.723660E-05
 5.39900   -0.186407E-04   -0.137013E-04   -0.732842E-05
 5.40650   -0.186098E-04   -0.136538E-04   -0.741972E-05
 5.41400   -0.185788E-04   -0.136066E-04   -0.751051E-05
 5.42151   -0.185478E-04   -0.135595E-04   -0.760080E-05
 5.42901   -0.185166E-04   -0.135127E-04   -0.769058E-05
 5.43651   -0.184854E-04   -0.134661E-04   -0.777987E-05
 5.44401   -0.184541E-04   -0.134197E-04   -0.786866E-05
 5.45151   -0.184228E-04   -0.133735E-04   -0.795695E-05
 5.45902   -0.183914E-04   -0.133275E-04   -0.804474E-05
 5.46652   -0.183599E-04   -0.132817E-04   -0.813205E-05
 5.47402   -0.183284E-04   -0.132361E-04   -0.821890E-05
 5.48152   -0.182969E-04   -0.131907E-04   -0.830524E-05
 5.48902   -0.182653E-04   -0.131455E-04   -0.839108E-05
 5.49653   -0.182336E-04   -0.131005E-04   -0.847647E-05
 5.50403   -0.182019E-04   -0.130557E-04   -0.856139E-05
 5.51153   -0.181702E-04   -0.130110E-04   -0.864582E-05
 5.51903   -0.181383E-04   -0.129666E-04   -0.872977E-05
 5.52653   -0.181066E-04   -0.129223E-04   -0.881326E-05
 5.53404   -0.180747E-04   -0.128782E-04   -0.889622E-05
 5.54154   -0.180428E-04   -0.128343E-04   -0.897877E-05
 5.54904   -0.180109E-04   -0.127906E-04   -0.906089E-05
 5.55654   -0.179790E-04   -0.127471E-04   -0.914252E-05
 5.56405   -0.179470E-04   -0.127037E-04   -0.922369E-05
 5.57155   -0.179150E-04   -0.126606E-04   -0.930441E-05
 5.57905   -0.178830E-04   -0.126175E-04   -0.938467E-05
 5.58655   -0.178509E-04   -0.125747E-04   -0.946447E-05
 5.59405   -0.178188E-04   -0.125321E-04   -0.954385E-05
 5.60156   -0.177868E-04   -0.124896E-04   -0.962278E-05
 5.60906   -0.177547E-04   -0.124472E-04   -0.970125E-05
 5.61656   -0.177226E-04   -0.124051E-04   -0.977929E-05
 5.62406   -0.176905E-04   -0.123631E-04   -0.985689E-05
 5.63156   -0.176584E-04   -0.123213E-04   -0.993405E-05
 5.63907   -0.176263E-04   -0.122796E-04   -0.100108E-04
 5.64657   -0.175941E-04   -0.122381E-04   -0.100871E-04
 5.65407   -0.175620E-04   -0.121968E-04   -0.101629E-04
 5.66157   -0.175298E-04   -0.121556E-04   -0.102384E-04
 5.66907   -0.174977E-04   -0.121146E-04   -0.103134E-04
 5.67658   -0.174656E-04   -0.120738E-04   -0.103880E-04
 5.68408   -0.174334E-04   -0.120331E-04   -0.104621E-04
 5.69158   -0.174013E-04   -0.119925E-04   -0.105359E-04
 5.69908   -0.173692E-04   -0.119521E-04   -0.106092E-04
 5.70658   -0.173370E-04   -0.119119E-04   -0.106821E-04
 5.71409   -0.173050E-04   -0.118718E-04   -0.107546E-04
 5.72159   -0.172728E-04   -0.118319E-04   -0.108267E-04
 5.72909   -0.172407E-04   -0.117921E-04   -0.108983E-04
 5.73659   -0.172086E-04   -0.117525E-04   -0.109696E-04
 5.74410   -0.171765E-04   -0.117130E-04   -0.110405E-04
 5.75160   -0.171445E-04   -0.116736E-04   -0.111109E-04
 5.75910   -0.171124E-04   -0.116345E-04   -0.111810E-04
 5.76660   -0.170804E-04   -0.115954E-04   -0.112506E-04
 5.77410   -0.170484E-04   -0.115565E-04   -0.113199E-04
 5.78161   -0.170164E-04   -0.115177E-04   -0.113887E-04
 5.78911   -0.169844E-04   -0.114791E-04   -0.114572E-04
 5.79661   -0.169524E-04   -0.114406E-04   -0.115252E-04
 5.80411   -0.169205E-04   -0.114023E-04   -0.115929E-04
 5.81161   -0.168885E-04   -0.113641E-04   -0.116602E-04
 5.81912   -0.168567E-04   -0.113260E-04   -0.117271E-04
 5.82662   -0.168247E-04   -0.112881E-04   -0.117936E-04
 5.83412   -0.167929E-04   -0.112503E-04   -0.118598E-04
 5.84162   -0.167611E-04   -0.112126E-04   -0.119255E-04
 5.84912   -0.167293E-04   -0.111751E-04   -0.119909E-04
 5.85663   -0.166975E-04   -0.111377E-04   -0.120559E-04
 5.86413   -0.166658E-04   -0.111005E-04   -0.121205E-04
 5.87163   -0.166341E-04   -0.110634E-04   -0.121847E-04
 5.87913   -0.166024E-04   -0.110264E-04   -0.122486E-04
 5.88663   -0.165707E-04   -0.109895E-04   -0.123121E-04
 5.89414   -0.165391E-04   -0.109528E-04   -0.123752E-04
 5.90164   -0.165075E-04   -0.109162E-04   -0.124380E-04
 5.90914   -0.164759E-04   -0.108797E-04   -0.125004E-04
 5.91664   -0.164444E-04   -0.108433E-04   -0.125624E-04
 5.92415   -0.164129E-04   -0.108071E-04   -0.126241E-04
 5.93165   -0.163815E-04   -0.107710E-04   -0.126853E-04
 5.93915   -0.163500E-04   -0.107351E-04   -0.127463E-04
 5.94665   -0.163186E-04   -0.106992E-04   -0.128068E-04
 5.95415   -0.162873E-04   -0.106635E-04   -0.128671E-04
 5.96166   -0.162560E-04   -0.106279E-04   -0.129269E-04
 5.96916   -0.162247E-04   -0.105924E-04   -0.129864E-04
 5.97666   -0.161934E-04   -0.105571E-04   -0.130456E-04
 5.98416   -0.161622E-04   -0.105218E-04   -0.131044E-04
 5.99166   -0.161311E-04   -0.104867E-04   -0.131628E-04
 5.99917   -0.160999E-04   -0.104517E-04   -0.132209E-04
 6.00667   -0.160688E-04   -0.104169E-04   -0.132787E-04
 6.01417   -0.160378E-04   -0.103821E-04   -0.133361E-04
 6.02167   -0.160068E-04   -0.103475E-04   -0.133932E-04
 6.02917   -0.159758E-04   -0.103129E-04   -0.134499E-04
 6.03668   -0.159449E-04   -0.102785E-04   -0.135062E-04
 6.04418   -0.159140E-04   -0.102442E-04   -0.135623E-04
 6.05168   -0.158832E-04   -0.102101E-04   -0.136180E-04
 6.05918   -0.158524E-04   -0.101760E-04   -0.136733E-04
 6.06668   -0.158216E-04   -0.101421E-04   -0.137283E-04
 6.07419   -0.157909E-04   -0.101082E-04   -0.137830E-04
 6.08169   -0.157602E-04   -0.100745E-04   -0.138374E-04
 6.08919   -0.157296E-04   -0.100409E-04   -0.138914E-04
 6.09669   -0.156990E-04   -0.100074E-04   -0.139451E-04
 6.10420   -0.156685E-04   -0.997404E-05   -0.139984E-04
 6.11170   -0.156380E-04   -0.994076E-05   -0.140515E-04
 6.11920   -0.156075E-04   -0.990760E-05   -0.141042E-04
 6.12670   -0.155771E-04   -0.987455E-05   -0.141565E-04
 6.13420   -0.155467E-04   -0.984161E-05   -0.142086E-04
 6.14171   -0.155165E-04   -0.980877E-05   -0.142603E-04
 6.14921   -0.154862E-04   -0.977605E-05   -0.143118E-04
 6.15671   -0.154560E-04   -0.974343E-05   -0.143628E-04
 6.16421   -0.154258E-04   -0.971092E-05   -0.144136E-04
 6.17171   -0.153957E-04   -0.967851E-05   -0.144641E-04
 6.17922   -0.153656E-04   -0.964621E-05   -0.145142E-04
 6.18672   -0.153356E-04   -0.961402E-05   -0.145640E-04
 6.19422   -0.153056E-04   -0.958193E-05   -0.146136E-04
 6.20172   -0.152757E-04   -0.954995E-05   -0.146628E-04
 6.20922   -0.152458E-04   -0.951807E-05   -0.147117E-04
 6.21673   -0.152160E-04   -0.948630E-05   -0.147602E-04
 6.22423   -0.151862E-04   -0.945462E-05   -0.148085E-04
 6.23173   -0.151565E-04   -0.942305E-05   -0.148565E-04
 6.23923   -0.151268E-04   -0.939159E-05   -0.149042E-04
 6.24673   -0.150971E-04   -0.936022E-05   -0.149515E-04
 6.25424   -0.150675E-04   -0.932895E-05   -0.149986E-04
 6.26174   -0.150380E-04   -0.929779E-05   -0.150453E-04
 6.26924   -0.150085E-04   -0.926673E-05   -0.150918E-04
 6.27674   -0.149791E-04   -0.923577E-05   -0.151380E-04
 6.28425   -0.149497E-04   -0.920490E-05   -0.151838E-04
 6.29175   -0.149204E-04   -0.917414E-05   -0.152294E-04
 6.29925   -0.148911E-04   -0.914347E-05   -0.152747E-04
 6.30675   -0.148619E-04   -0.911290E-05   -0.153197E-04
 6.31425   -0.148326E-04   -0.908243E-05   -0.153644E-04
 6.32176   -0.148036E-04   -0.905206E-05   -0.154088E-04
 6.32926   -0.147745E-04   -0.902178E-05   -0.154529E-04
 6.33676   -0.147455E-04   -0.899160E-05   -0.154967E-04
 6.34426   -0.147165E-04   -0.896152E-05   -0.155402E-04
 6.35176   -0.146876E-04   -0.893153E-05   -0.155834E-04
 6.35927   -0.146587E-04   -0.890164E-05   -0.156264E-04
 6.36677   -0.146299E-04   -0.887184E-05   -0.156691E-04
 6.37427   -0.146011E-04   -0.884214E-05   -0.157115E-04
 6.38177   -0.145724E-04   -0.881253E-05   -0.157536E-04
 6.38927   -0.145437E-04   -0.878302E-05   -0.157954E-04
 6.39678   -0.145151E-04   -0.875359E-05   -0.158370E-04
 6.40428   -0.144866E-04   -0.872426E-05   -0.158783E-04
 6.41178   -0.144581E-04   -0.869502E-05   -0.159193E-04
 6.41928   -0.144296E-04   -0.866587E-05   -0.159600E-04
 6.42678   -0.144012E-04   -0.863682E-05   -0.160004E-04
 6.43429   -0.143729E-04   -0.860786E-05   -0.160406E-04
 6.44179   -0.143446E-04   -0.857899E-05   -0.160805E-04
 6.44929   -0.143164E-04   -0.855020E-05   -0.161202E-04
 6.45679   -0.142882E-04   -0.852151E-05   -0.161595E-04
 6.46430   -0.142601E-04   -0.849291E-05   -0.161986E-04
 6.47180   -0.142320E-04   -0.846440E-05   -0.162374E-04
 6.47930   -0.142040E-04   -0.843598E-05   -0.162761E-04
 6.48680   -0.141760E-04   -0.840764E-05   -0.163144E-04
 6.49430   -0.141481E-04   -0.837939E-05   -0.163524E-04
 6.50181   -0.141203E-04   -0.835123E-05   -0.163902E-04
 6.50931   -0.140925E-04   -0.832316E-05   -0.164276E-04
 6.51681   -0.140647E-04   -0.829518E-05   -0.164649E-04
 6.52431   -0.140370E-04   -0.826728E-05   -0.165019E-04
 6.53181   -0.140094E-04   -0.823947E-05   -0.165386E-04
 6.53932   -0.139818E-04   -0.821175E-05   -0.165751E-04
 6.54682   -0.139543E-04   -0.818411E-05   -0.166112E-04
 6.55432   -0.139267E-04   -0.815655E-05   -0.166472E-04
 6.56182   -0.138993E-04   -0.812909E-05   -0.166829E-04
 6.56932   -0.138720E-04   -0.810326E-05   -0.167183E-04
 6.57683   -0.138447E-04   -0.807594E-05   -0.167535E-04
 6.58433   -0.138174E-04   -0.804719E-05   -0.167884E-04
 6.59183   -0.137902E-04   -0.802006E-05   -0.168231E-04
 6.59933   -0.137631E-04   -0.799301E-05   -0.168574E-04
 6.60683   -0.137360E-04   -0.796605E-05   -0.168916E-04
 6.61434   -0.137089E-04   -0.793916E-05   -0.169256E-04
 6.62184   -0.136820E-04   -0.791236E-05   -0.169592E-04
 6.62934   -0.136550E-04   -0.788565E-05   -0.169926E-04
 6.63684   -0.136282E-04   -0.785901E-05   -0.170258E-04
 6.64435   -0.136013E-04   -0.783246E-05   -0.170588E-04
 6.65185   -0.135746E-04   -0.780599E-05   -0.170914E-04
 6.65935   -0.135479E-04   -0.777960E-05   -0.171239E-04
 6.66685   -0.135212E-04   -0.775329E-05   -0.171561E-04
 6.67435   -0.134946E-04   -0.772706E-05   -0.171879E-04
 6.68186   -0.134681E-04   -0.770090E-05   -0.172197E-04
 6.68936   -0.134416E-04   -0.767483E-05   -0.172512E-04
 6.69686   -0.134151E-04   -0.764884E-05   -0.172825E-04
 6.70436   -0.133888E-04   -0.762293E-05   -0.173135E-04
 6.71186   -0.133623E-04   -0.759710E-05   -0.173442E-04
 6.71937   -0.133362E-04   -0.757135E-05   -0.173748E-04
 6.72687   -0.133099E-04   -0.754567E-05   -0.174049E-04
 6.73437   -0.132838E-04   -0.752007E-05   -0.174351E-04
 6.74187   -0.132577E-04   -0.749455E-05   -0.174648E-04
 6.74937   -0.132316E-04   -0.746910E-05   -0.174944E-04
 6.75688   -0.132056E-04   -0.744373E-05   -0.175237E-04
 6.76438   -0.131797E-04   -0.741844E-05   -0.175531E-04
 6.77188   -0.131538E-04   -0.739323E-05   -0.175820E-04
 6.77938   -0.131280E-04   -0.736809E-05   -0.176107E-04
 6.78688   -0.131022E-04   -0.734303E-05   -0.176389E-04
 6.79439   -0.130765E-04   -0.731805E-05   -0.176674E-04
 6.80189   -0.130508E-04   -0.729314E-05   -0.176954E-04
 6.80939   -0.130252E-04   -0.726830E-05   -0.177231E-04
 6.81689   -0.129996E-04   -0.724354E-05   -0.177507E-04
 6.82440   -0.129741E-04   -0.721886E-05   -0.177780E-04
 6.83190   -0.129486E-04   -0.719424E-05   -0.178052E-04
 6.83940   -0.129233E-04   -0.716971E-05   -0.178321E-04
 6.84690   -0.128979E-04   -0.714524E-05   -0.178587E-04
 6.85440   -0.128726E-04   -0.712086E-05   -0.178852E-04
 6.86191   -0.128474E-04   -0.709654E-05   -0.179114E-04
 6.86941   -0.128222E-04   -0.707230E-05   -0.179374E-04
 6.87691   -0.127971E-04   -0.704813E-05   -0.179633E-04
 6.88441   -0.127720E-04   -0.702403E-05   -0.179889E-04
 6.89191   -0.127470E-04   -0.700000E-05   -0.180143E-04
 6.89942   -0.127220E-04   -0.697605E-05   -0.180394E-04
 6.90692   -0.126971E-04   -0.695217E-05   -0.180644E-04
 6.91442   -0.126723E-04   -0.692836E-05   -0.180891E-04
 6.92192   -0.126474E-04   -0.690462E-05   -0.181137E-04
 6.92942   -0.126227E-04   -0.688095E-05   -0.181380E-04
 6.93693   -0.125980E-04   -0.685736E-05   -0.181621E-04
 6.94443   -0.125734E-04   -0.683384E-05   -0.181860E-04
 6.95193   -0.125488E-04   -0.681038E-05   -0.182097E-04
 6.95943   -0.125242E-04   -0.678699E-05   -0.182332E-04
 6.96693   -0.124997E-04   -0.676368E-05   -0.182565E-04
 6.97444   -0.124753E-04   -0.674043E-05   -0.182796E-04
 6.98194   -0.124509E-04   -0.671726E-05   -0.183025E-04
 6.98944   -0.124266E-04   -0.669415E-05   -0.183252E-04
 6.99694   -0.124023E-04   -0.667111E-05   -0.183477E-04
 7.00445   -0.123781E-04   -0.664814E-05   -0.183698E-04
 7.01195   -0.123540E-04   -0.662524E-05   -0.183920E-04
 7.01945   -0.123298E-04   -0.660241E-05   -0.184139E-04
 7.02695   -0.123057E-04   -0.657965E-05   -0.184356E-04
 7.03445   -0.122818E-04   -0.655695E-05   -0.184571E-04
 7.04196   -0.122578E-04   -0.653432E-05   -0.184784E-04
 7.04946   -0.122339E-04   -0.651176E-05   -0.184995E-04
 7.05696   -0.122101E-04   -0.648926E-05   -0.185204E-04
 7.06446   -0.121863E-04   -0.646684E-05   -0.185411E-04
 7.07196   -0.121625E-04   -0.644448E-05   -0.185616E-04
 7.07947   -0.121388E-04   -0.642218E-05   -0.185819E-04
 7.08697   -0.121152E-04   -0.639996E-05   -0.186020E-04
 7.09447   -0.120916E-04   -0.637780E-05   -0.186220E-04
 7.10197   -0.120681E-04   -0.635570E-05   -0.186417E-04
 7.10947   -0.120446E-04   -0.633367E-05   -0.186613E-04
 7.11698   -0.120211E-04   -0.631171E-05   -0.186806E-04
 7.12448   -0.119977E-04   -0.628981E-05   -0.186998E-04
 7.13198   -0.119744E-04   -0.626798E-05   -0.187188E-04
 7.13948   -0.119511E-04   -0.624621E-05   -0.187376E-04
 7.14698   -0.119279E-04   -0.622450E-05   -0.187563E-04
 7.15449   -0.119047E-04   -0.620286E-05   -0.187747E-04
 7.16199   -0.118816E-04   -0.618129E-05   -0.187930E-04
 7.16949   -0.118585E-04   -0.615977E-05   -0.188109E-04
 7.17699   -0.118355E-04   -0.613833E-05   -0.188289E-04
 7.18450   -0.118125E-04   -0.611694E-05   -0.188466E-04
 7.19200   -0.117896E-04   -0.609562E-05   -0.188642E-04
 7.19950   -0.117667E-04   -0.607437E-05   -0.188815E-04
 7.20700   -0.117439E-04   -0.605317E-05   -0.188987E-04
 7.21450   -0.117211E-04   -0.603204E-05   -0.189157E-04
 7.22201   -0.116984E-04   -0.601097E-05   -0.189325E-04
 7.22951   -0.116757E-04   -0.598997E-05   -0.189491E-04
 7.23701   -0.116531E-04   -0.596902E-05   -0.189656E-04
 7.24451   -0.116305E-04   -0.594814E-05   -0.189819E-04
 7.25201   -0.116080E-04   -0.592732E-05   -0.189980E-04
 7.25952   -0.115855E-04   -0.590656E-05   -0.190139E-04
 7.26702   -0.115631E-04   -0.588586E-05   -0.190297E-04
 7.27452   -0.115407E-04   -0.586523E-05   -0.190453E-04
 7.28202   -0.115183E-04   -0.584466E-05   -0.190607E-04
 7.28952   -0.114961E-04   -0.582414E-05   -0.190759E-04
 7.29703   -0.114738E-04   -0.580369E-05   -0.190910E-04
 7.30453   -0.114517E-04   -0.578330E-05   -0.191059E-04
 7.31203   -0.114295E-04   -0.576297E-05   -0.191205E-04
 7.31953   -0.114074E-04   -0.574270E-05   -0.191352E-04
 7.32704   -0.113854E-04   -0.572248E-05   -0.191496E-04
 7.33454   -0.113634E-04   -0.570233E-05   -0.191638E-04
 7.34204   -0.113415E-04   -0.568224E-05   -0.191779E-04
 7.34954   -0.113196E-04   -0.566221E-05   -0.191918E-04
 7.35704   -0.112977E-04   -0.564224E-05   -0.192056E-04
 7.36455   -0.112759E-04   -0.562232E-05   -0.192191E-04
 7.37205   -0.112542E-04   -0.560247E-05   -0.192325E-04
 7.37955   -0.112325E-04   -0.558267E-05   -0.192458E-04
 7.38705   -0.112108E-04   -0.556294E-05   -0.192589E-04
 7.39455   -0.111892E-04   -0.554326E-05   -0.192718E-04
 7.40206   -0.111677E-04   -0.552364E-05   -0.192846E-04
 7.40956   -0.111462E-04   -0.550408E-05   -0.192971E-04
 7.41706   -0.111247E-04   -0.548457E-05   -0.193096E-04
 7.42456   -0.111033E-04   -0.546512E-05   -0.193219E-04
 7.43206   -0.110819E-04   -0.544574E-05   -0.193340E-04
 7.43957   -0.110606E-04   -0.542640E-05   -0.193460E-04
 7.44707   -0.110393E-04   -0.540713E-05   -0.193578E-04
 7.45457   -0.110181E-04   -0.538791E-05   -0.193695E-04
 7.46207   -0.109969E-04   -0.536875E-05   -0.193810E-04
 7.46957   -0.109758E-04   -0.534964E-05   -0.193923E-04
 7.47708   -0.109547E-04   -0.533061E-05   -0.194035E-04
 7.48458   -0.109336E-04   -0.531161E-05   -0.194145E-04
 7.49208   -0.109126E-04   -0.529267E-05   -0.194255E-04
 7.49958   -0.108917E-04   -0.527379E-05   -0.194362E-04
 7.50709   -0.108708E-04   -0.525497E-05   -0.194468E-04
 7.51459   -0.108499E-04   -0.523620E-05   -0.194572E-04
 7.52209   -0.108291E-04   -0.521750E-05   -0.194675E-04
 7.52959   -0.108083E-04   -0.519884E-05   -0.194777E-04
 7.53709   -0.107876E-04   -0.518024E-05   -0.194876E-04
 7.54460   -0.107669E-04   -0.516169E-05   -0.194975E-04
 7.55210   -0.107463E-04   -0.514320E-05   -0.195072E-04
 7.55960   -0.107257E-04   -0.512476E-05   -0.195168E-04
 7.56710   -0.107052E-04   -0.510638E-05   -0.195262E-04
 7.57460   -0.106847E-04   -0.508805E-05   -0.195354E-04
 7.58211   -0.106642E-04   -0.506977E-05   -0.195445E-04
 7.58961   -0.106438E-04   -0.505155E-05   -0.195534E-04
 7.59711   -0.106234E-04   -0.503339E-05   -0.195623E-04
 7.60461   -0.106031E-04   -0.501527E-05   -0.195710E-04
 7.61211   -0.105828E-04   -0.499721E-05   -0.195796E-04
 7.61962   -0.105626E-04   -0.497921E-05   -0.195880E-04
 7.62712   -0.105424E-04   -0.496125E-05   -0.195962E-04
 7.63462   -0.105223E-04   -0.494335E-05   -0.196044E-04
 7.64212   -0.105022E-04   -0.492550E-05   -0.196123E-04
 7.64962   -0.104821E-04   -0.490771E-05   -0.196202E-04
 7.65713   -0.104621E-04   -0.488997E-05   -0.196279E-04
 7.66463   -0.104422E-04   -0.487228E-05   -0.196355E-04
 7.67213   -0.104222E-04   -0.485464E-05   -0.196429E-04
 7.67963   -0.104023E-04   -0.483705E-05   -0.196502E-04
 7.68714   -0.103825E-04   -0.481952E-05   -0.196573E-04
 7.69464   -0.103627E-04   -0.480203E-05   -0.196644E-04
 7.70214   -0.103430E-04   -0.478460E-05   -0.196712E-04
 7.70964   -0.103233E-04   -0.476722E-05   -0.196780E-04
 7.71714   -0.103036E-04   -0.474989E-05   -0.196846E-04
 7.72465   -0.102840E-04   -0.473262E-05   -0.196911E-04
 7.73215   -0.102644E-04   -0.471539E-05   -0.196975E-04
 7.73965   -0.102449E-04   -0.469821E-05   -0.197037E-04
 7.74715   -0.102254E-04   -0.468109E-05   -0.197098E-04
 7.75465   -0.102059E-04   -0.466401E-05   -0.197158E-04
 7.76216   -0.101865E-04   -0.464699E-05   -0.197216E-04
 7.76966   -0.101672E-04   -0.463001E-05   -0.197272E-04
 7.77716   -0.101478E-04   -0.461309E-05   -0.197329E-04
 7.78466   -0.101286E-04   -0.459621E-05   -0.197383E-04
 7.79216   -0.101093E-04   -0.457939E-05   -0.197436E-04
 7.79967   -0.100901E-04   -0.456261E-05   -0.197488E-04
 7.80717   -0.100710E-04   -0.454588E-05   -0.197539E-04
 7.81467   -0.100519E-04   -0.452921E-05   -0.197588E-04
 7.82217   -0.100328E-04   -0.451258E-05   -0.197636E-04
 7.82967   -0.100138E-04   -0.449600E-05   -0.197683E-04
 7.83718   -0.999479E-05   -0.447946E-05   -0.197729E-04
 7.84468   -0.997584E-05   -0.446298E-05   -0.197773E-04
 7.85218   -0.995694E-05   -0.444655E-05   -0.197817E-04
 7.85968   -0.993808E-05   -0.443016E-05   -0.197859E-04
 7.86719   -0.991926E-05   -0.441382E-05   -0.197900E-04
 7.87469   -0.990048E-05   -0.439753E-05   -0.197939E-04
 7.88219   -0.988174E-05   -0.438137E-05   -0.197978E-04
 7.88969   -0.986305E-05   -0.436517E-05   -0.198015E-04
 7.89719   -0.984439E-05   -0.434903E-05   -0.198051E-04
 7.90470   -0.982577E-05   -0.433292E-05   -0.198085E-04
 7.91220   -0.980720E-05   -0.431687E-05   -0.198119E-04
 7.91970   -0.978867E-05   -0.430086E-05   -0.198152E-04
 7.92720   -0.977018E-05   -0.428490E-05   -0.198183E-04
 7.93470   -0.975173E-05   -0.426899E-05   -0.198213E-04
 7.94221   -0.973332E-05   -0.425313E-05   -0.198242E-04
 7.94971   -0.971495E-05   -0.423730E-05   -0.198270E-04
 7.95721   -0.969662E-05   -0.422153E-05   -0.198296E-04
 7.96471   -0.967833E-05   -0.420580E-05   -0.198321E-04
 7.97221   -0.966008E-05   -0.419012E-05   -0.198346E-04
 7.97972   -0.964187E-05   -0.417449E-05   -0.198369E-04
 7.98722   -0.962370E-05   -0.415890E-05   -0.198391E-04
 7.99472   -0.960557E-05   -0.414335E-05   -0.198412E-04
 8.00222   -0.958748E-05   -0.412785E-05   -0.198432E-04
 8.00972   -0.956942E-05   -0.411240E-05   -0.198451E-04
 8.01723   -0.955142E-05   -0.409699E-05   -0.198469E-04
 8.02473   -0.953345E-05   -0.408162E-05   -0.198485E-04
 8.03223   -0.951553E-05   -0.406631E-05   -0.198500E-04
 8.03973   -0.949762E-05   -0.405103E-05   -0.198515E-04
 8.04724   -0.947979E-05   -0.403580E-05   -0.198528E-04
 8.05474   -0.946198E-05   -0.402061E-05   -0.198540E-04
 8.06224   -0.944421E-05   -0.400547E-05   -0.198551E-04
 8.06974   -0.942647E-05   -0.399037E-05   -0.198561E-04
 8.07724   -0.940878E-05   -0.397532E-05   -0.198570E-04
 8.08475   -0.939113E-05   -0.396031E-05   -0.198578E-04
 8.09225   -0.937352E-05   -0.394534E-05   -0.198585E-04
 8.09975   -0.935594E-05   -0.393042E-05   -0.198591E-04
 8.10725   -0.933840E-05   -0.391554E-05   -0.198596E-04
 8.11475   -0.932091E-05   -0.390070E-05   -0.198599E-04
 8.12226   -0.930345E-05   -0.388591E-05   -0.198602E-04
 8.12976   -0.928604E-05   -0.387115E-05   -0.198604E-04
 8.13726   -0.926866E-05   -0.385645E-05   -0.198604E-04
 8.14476   -0.925132E-05   -0.384178E-05   -0.198604E-04
 8.15226   -0.923402E-05   -0.382716E-05   -0.198602E-04
 8.15977   -0.921675E-05   -0.381257E-05   -0.198600E-04
 8.16727   -0.919954E-05   -0.379803E-05   -0.198597E-04
 8.17477   -0.918235E-05   -0.378353E-05   -0.198592E-04
 8.18227   -0.916520E-05   -0.376908E-05   -0.198587E-04
 8.18977   -0.914809E-05   -0.375466E-05   -0.198580E-04
 8.19728   -0.913102E-05   -0.374029E-05   -0.198573E-04
 8.20478   -0.911399E-05   -0.372596E-05   -0.198565E-04
 8.21228   -0.909700E-05   -0.371167E-05   -0.198555E-04
 8.21978   -0.908004E-05   -0.369742E-05   -0.198545E-04
 8.22729   -0.906312E-05   -0.368321E-05   -0.198534E-04
 8.23479   -0.904625E-05   -0.366904E-05   -0.198521E-04
 8.24229   -0.902941E-05   -0.365492E-05   -0.198508E-04
 8.24979   -0.901261E-05   -0.364083E-05   -0.198494E-04
 8.25729   -0.899584E-05   -0.362679E-05   -0.198479E-04
 8.26480   -0.897912E-05   -0.361278E-05   -0.198463E-04
 8.27230   -0.896243E-05   -0.359881E-05   -0.198446E-04
 8.27980   -0.894578E-05   -0.358489E-05   -0.198428E-04
 8.28730   -0.892916E-05   -0.357100E-05   -0.198409E-04
 8.29480   -0.891259E-05   -0.355716E-05   -0.198389E-04
 8.30231   -0.889605E-05   -0.354335E-05   -0.198369E-04
 8.30981   -0.887955E-05   -0.352958E-05   -0.198347E-04
 8.31731   -0.886309E-05   -0.351586E-05   -0.198325E-04
 8.32481   -0.884666E-05   -0.350217E-05   -0.198301E-04
 8.33231   -0.883028E-05   -0.348852E-05   -0.198277E-04
 8.33982   -0.881393E-05   -0.347491E-05   -0.198252E-04
 8.34732   -0.879761E-05   -0.346134E-05   -0.198225E-04
 8.35482   -0.878134E-05   -0.344780E-05   -0.198199E-04
 8.36232   -0.876510E-05   -0.343431E-05   -0.198171E-04
 8.36982   -0.874889E-05   -0.342085E-05   -0.198142E-04
 8.37733   -0.873274E-05   -0.340743E-05   -0.198113E-04
 8.38483   -0.871661E-05   -0.339405E-05   -0.198082E-04
 8.39233   -0.870052E-05   -0.338066E-05   -0.198051E-04
 8.39983   -0.868446E-05   -0.336735E-05   -0.198019E-04
 8.40734   -0.866845E-05   -0.335409E-05   -0.197986E-04
 8.41484   -0.865247E-05   -0.334086E-05   -0.197952E-04
 8.42234   -0.863653E-05   -0.332767E-05   -0.197917E-04
 8.42984   -0.862062E-05   -0.331452E-05   -0.197881E-04
 8.43734   -0.860475E-05   -0.330140E-05   -0.197845E-04
 8.44485   -0.858892E-05   -0.328832E-05   -0.197808E-04
 8.45235   -0.857312E-05   -0.327528E-05   -0.197769E-04
 8.45985   -0.855736E-05   -0.326228E-05   -0.197731E-04
 8.46735   -0.854163E-05   -0.324931E-05   -0.197691E-04
 8.47485   -0.852595E-05   -0.323638E-05   -0.197650E-04
 8.48236   -0.851029E-05   -0.322348E-05   -0.197609E-04
 8.48986   -0.849468E-05   -0.321062E-05   -0.197567E-04
 8.49736   -0.847910E-05   -0.319780E-05   -0.197524E-04
 8.50486   -0.846356E-05   -0.318502E-05   -0.197480E-04
 8.51236   -0.844805E-05   -0.317227E-05   -0.197435E-04
 8.51987   -0.843258E-05   -0.315955E-05   -0.197390E-04
 8.52737   -0.841714E-05   -0.314688E-05   -0.197344E-04
 8.53487   -0.840174E-05   -0.313423E-05   -0.197297E-04
 8.54237   -0.838638E-05   -0.312163E-05   -0.197249E-04
 8.54987   -0.837105E-05   -0.310906E-05   -0.197201E-04
 8.55738   -0.835575E-05   -0.309652E-05   -0.197151E-04
 8.56488   -0.834050E-05   -0.308402E-05   -0.197101E-04
 8.57238   -0.832528E-05   -0.307156E-05   -0.197051E-04
 8.57988   -0.831009E-05   -0.305912E-05   -0.196999E-04
 8.58739   -0.829494E-05   -0.304673E-05   -0.196947E-04
 8.59489   -0.827982E-05   -0.303437E-05   -0.196894E-04
 8.60239   -0.826474E-05   -0.302204E-05   -0.196840E-04
 8.60989   -0.824970E-05   -0.300975E-05   -0.196785E-04
 8.61739   -0.823469E-05   -0.299749E-05   -0.196730E-04
 8.62490   -0.821971E-05   -0.298527E-05   -0.196674E-04
 8.63240   -0.820477E-05   -0.297308E-05   -0.196617E-04
 8.63990   -0.818986E-05   -0.296093E-05   -0.196560E-04
 8.64740   -0.817499E-05   -0.294881E-05   -0.196502E-04
 8.65490   -0.816016E-05   -0.293673E-05   -0.196443E-04
 8.66241   -0.814536E-05   -0.292467E-05   -0.196383E-04
 8.66991   -0.813059E-05   -0.291265E-05   -0.196323E-04
 8.67741   -0.811586E-05   -0.290067E-05   -0.196262E-04
 8.68491   -0.810116E-05   -0.288872E-05   -0.196200E-04
 8.69241   -0.808649E-05   -0.287680E-05   -0.196137E-04
 8.69992   -0.807186E-05   -0.286492E-05   -0.196074E-04
 8.70742   -0.805727E-05   -0.285306E-05   -0.196010E-04
 8.71492   -0.804271E-05   -0.284124E-05   -0.195946E-04
 8.72242   -0.802818E-05   -0.282946E-05   -0.195881E-04
 8.72992   -0.801369E-05   -0.281771E-05   -0.195815E-04
 8.73743   -0.799923E-05   -0.280599E-05   -0.195748E-04
 8.74493   -0.798480E-05   -0.279430E-05   -0.195681E-04
 8.75243   -0.797041E-05   -0.278265E-05   -0.195613E-04
 8.75993   -0.795605E-05   -0.277103E-05   -0.195544E-04
 8.76744   -0.794173E-05   -0.275944E-05   -0.195475E-04
 8.77494   -0.792744E-05   -0.274788E-05   -0.195405E-04
 8.78244   -0.791318E-05   -0.273636E-05   -0.195334E-04
 8.78994   -0.789896E-05   -0.272486E-05   -0.195263E-04
 8.79744   -0.788477E-05   -0.271340E-05   -0.195191E-04
 8.80495   -0.787061E-05   -0.270197E-05   -0.195119E-04
 8.81245   -0.785649E-05   -0.269058E-05   -0.195046E-04
 8.81995   -0.784240E-05   -0.267921E-05   -0.194972E-04
 8.82745   -0.782834E-05   -0.266788E-05   -0.194897E-04
 8.83495   -0.781432E-05   -0.265658E-05   -0.194822E-04
 8.84246   -0.780032E-05   -0.264531E-05   -0.194746E-04
 8.84996   -0.778636E-05   -0.263407E-05   -0.194670E-04
 8.85746   -0.777244E-05   -0.262286E-05   -0.194593E-04
 8.86496   -0.775854E-05   -0.261169E-05   -0.194515E-04
 8.87246   -0.774468E-05   -0.260054E-05   -0.194437E-04
 8.87997   -0.773085E-05   -0.258943E-05   -0.194358E-04
 8.88747   -0.771706E-05   -0.257834E-05   -0.194278E-04
 8.89497   -0.770330E-05   -0.256729E-05   -0.194198E-04
 8.90247   -0.768956E-05   -0.255627E-05   -0.194118E-04
 8.90997   -0.767586E-05   -0.254527E-05   -0.194036E-04
 8.91748   -0.766220E-05   -0.253431E-05   -0.193954E-04
 8.92498   -0.764856E-05   -0.252339E-05   -0.193872E-04
 8.93248   -0.763496E-05   -0.251249E-05   -0.193789E-04
 8.93998   -0.762139E-05   -0.250162E-05   -0.193705E-04
 8.94749   -0.760785E-05   -0.249078E-05   -0.193621E-04
 8.95499   -0.759434E-05   -0.247997E-05   -0.193536E-04
 8.96249   -0.758086E-05   -0.246919E-05   -0.193451E-04
 8.96999   -0.756742E-05   -0.245844E-05   -0.193365E-04
 8.97749   -0.755401E-05   -0.244772E-05   -0.193278E-04
 8.98500   -0.754062E-05   -0.243703E-05   -0.193191E-04
 8.99250   -0.752727E-05   -0.242638E-05   -0.193104E-04
 9.00000   -0.751395E-05   -0.241575E-05   -0.193015E-04
