 0.00500    0.609826E-02   -0.326156E-02    0.266859E-02
 0.02303    0.499130E-02   -0.270800E-02    0.225323E-02
 0.04105    0.434380E-02   -0.238403E-02    0.200989E-02
 0.05908    0.387280E-02   -0.214822E-02    0.183250E-02
 0.07710    0.350202E-02   -0.196245E-02    0.169252E-02
 0.09513    0.319733E-02   -0.180966E-02    0.157715E-02
 0.11316    0.293990E-02   -0.168044E-02    0.147937E-02
 0.13118    0.271814E-02   -0.156901E-02    0.139483E-02
 0.14921    0.252434E-02   -0.147151E-02    0.132066E-02
 0.16723    0.235305E-02   -0.138523E-02    0.125484E-02
 0.18526    0.220031E-02   -0.130818E-02    0.119587E-02
 0.20329    0.206306E-02   -0.123884E-02    0.114263E-02
 0.22131    0.193899E-02   -0.117606E-02    0.109425E-02
 0.23934    0.182622E-02   -0.111890E-02    0.105004E-02
 0.25736    0.172326E-02   -0.106662E-02    0.100945E-02
 0.27539    0.162886E-02   -0.101861E-02    0.972019E-03
 0.29342    0.154203E-02   -0.974348E-03    0.937366E-03
 0.31144    0.146188E-02   -0.933415E-03    0.905176E-03
 0.32947    0.138770E-02   -0.895447E-03    0.875181E-03
 0.34749    0.131887E-02   -0.860136E-03    0.847153E-03
 0.36552    0.125484E-02   -0.827215E-03    0.820892E-03
 0.38355    0.119516E-02   -0.796454E-03    0.796230E-03
 0.40157    0.113941E-02   -0.767649E-03    0.773016E-03
 0.41960    0.108724E-02   -0.740624E-03    0.751119E-03
 0.43763    0.103834E-02   -0.715222E-03    0.730424E-03
 0.45565    0.992433E-03   -0.691307E-03    0.710829E-03
 0.47368    0.949263E-03   -0.668754E-03    0.692244E-03
 0.49170    0.908614E-03   -0.647455E-03    0.674587E-03
 0.50973    0.870286E-03   -0.627310E-03    0.657787E-03
 0.52776    0.834102E-03   -0.608232E-03    0.641773E-03
 0.54578    0.799901E-03   -0.590141E-03    0.626497E-03
 0.56381    0.767538E-03   -0.572965E-03    0.611899E-03
 0.58183    0.736880E-03   -0.556637E-03    0.597933E-03
 0.59986    0.707809E-03   -0.541100E-03    0.584555E-03
 0.61789    0.680216E-03   -0.526299E-03    0.571725E-03
 0.63591    0.654001E-03   -0.512185E-03    0.559407E-03
 0.65394    0.629074E-03   -0.498712E-03    0.547568E-03
 0.67196    0.605350E-03   -0.485841E-03    0.536178E-03
 0.68999    0.582752E-03   -0.473531E-03    0.525212E-03
 0.70802    0.561214E-03   -0.461750E-03    0.514638E-03
 0.72604    0.540667E-03   -0.450464E-03    0.504436E-03
 0.74407    0.521053E-03   -0.439645E-03    0.494584E-03
 0.76209    0.502316E-03   -0.429264E-03    0.485060E-03
 0.78012    0.484405E-03   -0.419297E-03    0.475850E-03
 0.79815    0.467273E-03   -0.409720E-03    0.466935E-03
 0.81617    0.450876E-03   -0.400512E-03    0.458299E-03
 0.83420    0.435173E-03   -0.391652E-03    0.449931E-03
 0.85222    0.420127E-03   -0.383121E-03    0.441807E-03
 0.87025    0.405702E-03   -0.374902E-03    0.433923E-03
 0.88828    0.391865E-03   -0.366980E-03    0.426265E-03
 0.90630    0.378585E-03   -0.359337E-03    0.418822E-03
 0.92433    0.365834E-03   -0.351961E-03    0.411584E-03
 0.94235    0.353585E-03   -0.344839E-03    0.404540E-03
 0.96038    0.341813E-03   -0.337957E-03    0.397682E-03
 0.97841    0.330495E-03   -0.331304E-03    0.391001E-03
 0.99643    0.319608E-03   -0.324869E-03    0.384490E-03
 1.01446    0.309131E-03   -0.318643E-03    0.378140E-03
 1.03248    0.299046E-03   -0.312614E-03    0.371945E-03
 1.05051    0.289333E-03   -0.306775E-03    0.365899E-03
 1.06854    0.279976E-03   -0.301117E-03    0.359994E-03
 1.08656    0.270958E-03   -0.295631E-03    0.354226E-03
 1.10459    0.262264E-03   -0.290311E-03    0.348589E-03
 1.12262    0.253880E-03   -0.285148E-03    0.343076E-03
 1.14064    0.245792E-03   -0.280137E-03    0.337685E-03
 1.15867    0.237986E-03   -0.275271E-03    0.332410E-03
 1.17669    0.230452E-03   -0.270543E-03    0.327246E-03
 1.19472    0.223177E-03   -0.265949E-03    0.322189E-03
 1.21275    0.216150E-03   -0.261482E-03    0.317236E-03
 1.23077    0.209362E-03   -0.257138E-03    0.312383E-03
 1.24880    0.202801E-03   -0.252912E-03    0.307626E-03
 1.26682    0.196459E-03   -0.248799E-03    0.302962E-03
 1.28485    0.190327E-03   -0.244794E-03    0.298388E-03
 1.30288    0.184397E-03   -0.240894E-03    0.293900E-03
 1.32090    0.178661E-03   -0.237095E-03    0.289496E-03
 1.33893    0.173111E-03   -0.233392E-03    0.285174E-03
 1.35695    0.167739E-03   -0.229783E-03    0.280929E-03
 1.37498    0.162539E-03   -0.226264E-03    0.276763E-03
 1.39301    0.157505E-03   -0.222831E-03    0.272668E-03
 1.41103    0.152630E-03   -0.219482E-03    0.268642E-03
 1.42906    0.147908E-03   -0.216213E-03    0.264690E-03
 1.44708    0.143333E-03   -0.213022E-03    0.260803E-03
 1.46511    0.138901E-03   -0.209906E-03    0.256981E-03
 1.48314    0.134605E-03   -0.206863E-03    0.253222E-03
 1.50116    0.130441E-03   -0.203889E-03    0.249525E-03
 1.51919    0.126404E-03   -0.200983E-03    0.245888E-03
 1.53721    0.122490E-03   -0.198143E-03    0.242308E-03
 1.55524    0.118695E-03   -0.195366E-03    0.238786E-03
 1.57327    0.115013E-03   -0.192650E-03    0.235318E-03
 1.59129    0.111442E-03   -0.189993E-03    0.231904E-03
 1.60932    0.107977E-03   -0.187394E-03    0.228542E-03
 1.62734    0.104615E-03   -0.184850E-03    0.225231E-03
 1.64537    0.101353E-03   -0.182360E-03    0.221970E-03
 1.66340    0.981865E-04   -0.179922E-03    0.218757E-03
 1.68142    0.951131E-04   -0.177534E-03    0.215591E-03
 1.69945    0.921295E-04   -0.175196E-03    0.212471E-03
 1.71747    0.892329E-04   -0.172906E-03    0.209397E-03
 1.73550    0.864206E-04   -0.170661E-03    0.206366E-03
 1.75353    0.836898E-04   -0.168462E-03    0.203378E-03
 1.77155    0.810379E-04   -0.166306E-03    0.200433E-03
 1.78958    0.784625E-04   -0.164193E-03    0.197528E-03
 1.80761    0.759614E-04   -0.162121E-03    0.194664E-03
 1.82563    0.735322E-04   -0.160088E-03    0.191840E-03
 1.84366    0.711730E-04   -0.158095E-03    0.189054E-03
 1.86168    0.688813E-04   -0.156140E-03    0.186305E-03
 1.87971    0.666555E-04   -0.154222E-03    0.183594E-03
 1.89774    0.644937E-04   -0.152340E-03    0.180919E-03
 1.91576    0.623940E-04   -0.150494E-03    0.178280E-03
 1.93379    0.603547E-04   -0.148681E-03    0.175676E-03
 1.95181    0.583743E-04   -0.146902E-03    0.173107E-03
 1.96984    0.564512E-04   -0.145156E-03    0.170571E-03
 1.98787    0.545839E-04   -0.143441E-03    0.168069E-03
 2.00589    0.527709E-04   -0.141758E-03    0.165599E-03
 2.02392    0.510110E-04   -0.140106E-03    0.163161E-03
 2.04194    0.493029E-04   -0.138483E-03    0.160756E-03
 2.05997    0.476452E-04   -0.136890E-03    0.158381E-03
 2.07800    0.460370E-04   -0.135326E-03    0.156037E-03
 2.09602    0.444769E-04   -0.133789E-03    0.153723E-03
 2.11405    0.429641E-04   -0.132280E-03    0.151439E-03
 2.13207    0.414974E-04   -0.130798E-03    0.149185E-03
 2.15010    0.400759E-04   -0.129343E-03    0.146959E-03
 2.16813    0.386987E-04   -0.127914E-03    0.144762E-03
 2.18615    0.373649E-04   -0.126510E-03    0.142594E-03
 2.20418    0.360735E-04   -0.125132E-03    0.140453E-03
 2.22220    0.348238E-04   -0.123778E-03    0.138340E-03
 2.24023    0.336149E-04   -0.122449E-03    0.136254E-03
 2.25826    0.324461E-04   -0.121144E-03    0.134195E-03
 2.27628    0.313164E-04   -0.119862E-03    0.132162E-03
 2.29431    0.302251E-04   -0.118603E-03    0.130155E-03
 2.31233    0.291715E-04   -0.117366E-03    0.128174E-03
 2.33036    0.281546E-04   -0.116152E-03    0.126219E-03
 2.34839    0.271738E-04   -0.114960E-03    0.124289E-03
 2.36641    0.262282E-04   -0.113790E-03    0.122383E-03
 2.38444    0.253169E-04   -0.112640E-03    0.120502E-03
 2.40246    0.244390E-04   -0.111511E-03    0.118644E-03
 2.42049    0.235936E-04   -0.110400E-03    0.116810E-03
 2.43852    0.227798E-04   -0.109310E-03    0.114999E-03
 2.45654    0.219966E-04   -0.108240E-03    0.113211E-03
 2.47457    0.212430E-04   -0.107187E-03    0.111445E-03
 2.49260    0.205179E-04   -0.106153E-03    0.109701E-03
 2.51062    0.198201E-04   -0.105136E-03    0.107978E-03
 2.52865    0.191486E-04   -0.104135E-03    0.106277E-03
 2.54667    0.185021E-04   -0.103149E-03    0.104595E-03
 2.56470    0.178794E-04   -0.102181E-03    0.102933E-03
 2.58273    0.172791E-04   -0.101227E-03    0.101290E-03
 2.60075    0.167000E-04   -0.100286E-03    0.996658E-04
 2.61878    0.161407E-04   -0.993595E-04    0.980596E-04
 2.63680    0.155998E-04   -0.984452E-04    0.964708E-04
 2.65483    0.150758E-04   -0.975429E-04    0.948987E-04
 2.67286    0.145672E-04   -0.966517E-04    0.933429E-04
 2.69088    0.140728E-04   -0.957708E-04    0.918025E-04
 2.70891    0.135908E-04   -0.948996E-04    0.902771E-04
 2.72693    0.131199E-04   -0.940373E-04    0.887657E-04
 2.74496    0.126585E-04   -0.931830E-04    0.872684E-04
 2.76299    0.122053E-04   -0.923360E-04    0.857839E-04
 2.78101    0.117585E-04   -0.914956E-04    0.843118E-04
 2.79904    0.113169E-04   -0.906610E-04    0.828514E-04
 2.81706    0.108789E-04   -0.898315E-04    0.814021E-04
 2.83509    0.104434E-04   -0.890063E-04    0.799634E-04
 2.85312    0.100089E-04   -0.881848E-04    0.785348E-04
 2.87114    0.957404E-05   -0.873663E-04    0.771154E-04
 2.88917    0.913772E-05   -0.865501E-04    0.757051E-04
 2.90719    0.869872E-05   -0.857357E-04    0.743030E-04
 2.92522    0.825597E-05   -0.849225E-04    0.729087E-04
 2.94325    0.780843E-05   -0.841100E-04    0.715221E-04
 2.96127    0.735515E-05   -0.832976E-04    0.701425E-04
 2.97930    0.689523E-05   -0.824843E-04    0.687695E-04
 2.99732    0.642789E-05   -0.816710E-04    0.674029E-04
 3.01535    0.595241E-05   -0.808565E-04    0.660423E-04
 3.03338    0.546817E-05   -0.800407E-04    0.646873E-04
 3.05140    0.497467E-05   -0.792231E-04    0.633378E-04
 3.06943    0.447152E-05   -0.784037E-04    0.619936E-04
 3.08745    0.395822E-05   -0.775821E-04    0.606543E-04
 3.10548    0.343468E-05   -0.767583E-04    0.593201E-04
 3.12351    0.290064E-05   -0.759329E-04    0.579907E-04
 3.14153    0.235604E-05   -0.751044E-04    0.566660E-04
 3.15956    0.180083E-05   -0.742736E-04    0.553461E-04
 3.17759    0.123514E-05   -0.734404E-04    0.540309E-04
 3.19561    0.659081E-06   -0.726050E-04    0.527206E-04
 3.21364    0.729396E-07   -0.717675E-04    0.514150E-04
 3.23166   -0.522958E-06   -0.709279E-04    0.501145E-04
 3.24969   -0.112825E-05   -0.700866E-04    0.488190E-04
 3.26772   -0.174241E-05   -0.692437E-04    0.475289E-04
 3.28574   -0.236493E-05   -0.683996E-04    0.462442E-04
 3.30377   -0.299524E-05   -0.675544E-04    0.449651E-04
 3.32179   -0.363269E-05   -0.667087E-04    0.436920E-04
 3.33982   -0.427659E-05   -0.658625E-04    0.424251E-04
 3.35785   -0.492617E-05   -0.650165E-04    0.411646E-04
 3.37587   -0.558072E-05   -0.641711E-04    0.399109E-04
 3.39390   -0.623936E-05   -0.633264E-04    0.386642E-04
 3.41192   -0.690121E-05   -0.624832E-04    0.374249E-04
 3.42995   -0.756544E-05   -0.616418E-04    0.361934E-04
 3.44798   -0.823105E-05   -0.608026E-04    0.349700E-04
 3.46600   -0.889714E-05   -0.599662E-04    0.337549E-04
 3.48403   -0.956275E-05   -0.591330E-04    0.325509E-04
 3.50205   -0.102270E-04   -0.583034E-04    0.313538E-04
 3.52008   -0.108890E-04   -0.574781E-04    0.301641E-04
 3.53811   -0.115476E-04   -0.566574E-04    0.289866E-04
 3.55613   -0.122021E-04   -0.558418E-04    0.278191E-04
 3.57416   -0.128515E-04   -0.550318E-04    0.266623E-04
 3.59218   -0.134948E-04   -0.542279E-04    0.255164E-04
 3.61021   -0.141312E-04   -0.534304E-04    0.243817E-04
 3.62824   -0.147599E-04   -0.526400E-04    0.232586E-04
 3.64626   -0.153799E-04   -0.518569E-04    0.221474E-04
 3.66429   -0.159905E-04   -0.510815E-04    0.210484E-04
 3.68231   -0.165910E-04   -0.503143E-04    0.199619E-04
 3.70034   -0.171807E-04   -0.495556E-04    0.188880E-04
 3.71837   -0.177589E-04   -0.488058E-04    0.178272E-04
 3.73639   -0.183249E-04   -0.480651E-04    0.167796E-04
 3.75442   -0.188782E-04   -0.473338E-04    0.157453E-04
 3.77244   -0.194182E-04   -0.466122E-04    0.147246E-04
 3.79047   -0.199446E-04   -0.459006E-04    0.137177E-04
 3.80850   -0.204567E-04   -0.451992E-04    0.127247E-04
 3.82652   -0.209543E-04   -0.445082E-04    0.117457E-04
 3.84455   -0.214369E-04   -0.438277E-04    0.107808E-04
 3.86258   -0.219044E-04   -0.431578E-04    0.983019E-05
 3.88060   -0.223564E-04   -0.424988E-04    0.889381E-05
 3.89863   -0.227928E-04   -0.418507E-04    0.797177E-05
 3.91665   -0.232134E-04   -0.412133E-04    0.706407E-05
 3.93468   -0.236182E-04   -0.405873E-04    0.617074E-05
 3.95271   -0.240070E-04   -0.399722E-04    0.529175E-05
 3.97073   -0.243798E-04   -0.393680E-04    0.442710E-05
 3.98876   -0.247368E-04   -0.387749E-04    0.357672E-05
 4.00678   -0.250778E-04   -0.381928E-04    0.274056E-05
 4.02481   -0.254031E-04   -0.376215E-04    0.191857E-05
 4.04284   -0.257126E-04   -0.370612E-04    0.111063E-05
 4.06086   -0.260067E-04   -0.365115E-04    0.316669E-06
 4.07889   -0.262854E-04   -0.359726E-04   -0.463437E-06
 4.09691   -0.265491E-04   -0.354442E-04   -0.122981E-05
 4.11494   -0.267978E-04   -0.349262E-04   -0.198258E-05
 4.13297   -0.270319E-04   -0.344185E-04   -0.272191E-05
 4.15099   -0.272517E-04   -0.339208E-04   -0.344793E-05
 4.16902   -0.274574E-04   -0.334332E-04   -0.416080E-05
 4.18704   -0.276494E-04   -0.329553E-04   -0.486070E-05
 4.20507   -0.278280E-04   -0.324870E-04   -0.554779E-05
 4.22310   -0.279935E-04   -0.320282E-04   -0.622226E-05
 4.24112   -0.281463E-04   -0.315786E-04   -0.688427E-05
 4.25915   -0.282866E-04   -0.311381E-04   -0.753400E-05
 4.27717   -0.284149E-04   -0.307065E-04   -0.817166E-05
 4.29520   -0.285316E-04   -0.302835E-04   -0.879747E-05
 4.31323   -0.286369E-04   -0.298690E-04   -0.941154E-05
 4.33125   -0.287313E-04   -0.294628E-04   -0.100141E-04
 4.34928   -0.288151E-04   -0.290646E-04   -0.106053E-04
 4.36730   -0.288887E-04   -0.286743E-04   -0.111854E-04
 4.38533   -0.289524E-04   -0.282917E-04   -0.117546E-04
 4.40336   -0.290067E-04   -0.279165E-04   -0.123131E-04
 4.42138   -0.290518E-04   -0.275487E-04   -0.128610E-04
 4.43941   -0.290881E-04   -0.271879E-04   -0.133985E-04
 4.45743   -0.291161E-04   -0.268340E-04   -0.139259E-04
 4.47546   -0.291359E-04   -0.264869E-04   -0.144432E-04
 4.49349   -0.291479E-04   -0.261462E-04   -0.149508E-04
 4.51151   -0.291525E-04   -0.258119E-04   -0.154488E-04
 4.52954   -0.291500E-04   -0.254838E-04   -0.159373E-04
 4.54757   -0.291407E-04   -0.251617E-04   -0.164165E-04
 4.56559   -0.291249E-04   -0.248454E-04   -0.168866E-04
 4.58362   -0.291029E-04   -0.245348E-04   -0.173478E-04
 4.60164   -0.290749E-04   -0.242297E-04   -0.178003E-04
 4.61967   -0.290413E-04   -0.239299E-04   -0.182441E-04
 4.63770   -0.290024E-04   -0.236353E-04   -0.186795E-04
 4.65572   -0.289583E-04   -0.233458E-04   -0.191066E-04
 4.67375   -0.289094E-04   -0.230612E-04   -0.195255E-04
 4.69177   -0.288558E-04   -0.227813E-04   -0.199365E-04
 4.70980   -0.287979E-04   -0.225060E-04   -0.203396E-04
 4.72783   -0.287358E-04   -0.222353E-04   -0.207350E-04
 4.74585   -0.286697E-04   -0.219689E-04   -0.211229E-04
 4.76388   -0.286000E-04   -0.217068E-04   -0.215034E-04
 4.78190   -0.285266E-04   -0.214488E-04   -0.218766E-04
 4.79993   -0.284500E-04   -0.211948E-04   -0.222426E-04
 4.81796   -0.283702E-04   -0.209447E-04   -0.226016E-04
 4.83598   -0.282874E-04   -0.206984E-04   -0.229537E-04
 4.85401   -0.282018E-04   -0.204559E-04   -0.232990E-04
 4.87203   -0.281136E-04   -0.202169E-04   -0.236376E-04
 4.89006   -0.280228E-04   -0.199814E-04   -0.239698E-04
 4.90809   -0.279298E-04   -0.197493E-04   -0.242955E-04
 4.92611   -0.278345E-04   -0.195206E-04   -0.246148E-04
 4.94414   -0.277372E-04   -0.192951E-04   -0.249280E-04
 4.96216   -0.276379E-04   -0.190726E-04   -0.252351E-04
 4.98019   -0.275369E-04   -0.188533E-04   -0.255361E-04
 4.99822   -0.274341E-04   -0.186371E-04   -0.258312E-04
 5.01624   -0.273298E-04   -0.184237E-04   -0.261205E-04
 5.03427   -0.272240E-04   -0.182132E-04   -0.264041E-04
 5.05229   -0.271168E-04   -0.180055E-04   -0.266821E-04
 5.07032   -0.270084E-04   -0.178006E-04   -0.269544E-04
 5.08835   -0.268989E-04   -0.175983E-04   -0.272214E-04
 5.10637   -0.267882E-04   -0.173986E-04   -0.274829E-04
 5.12440   -0.266766E-04   -0.172014E-04   -0.277392E-04
 5.14242   -0.265640E-04   -0.170067E-04   -0.279902E-04
 5.16045   -0.264506E-04   -0.168143E-04   -0.282361E-04
 5.17848   -0.263365E-04   -0.166244E-04   -0.284769E-04
 5.19650   -0.262217E-04   -0.164368E-04   -0.287127E-04
 5.21453   -0.261062E-04   -0.162515E-04   -0.289436E-04
 5.23256   -0.259902E-04   -0.160683E-04   -0.291697E-04
 5.25058   -0.258737E-04   -0.158874E-04   -0.293910E-04
 5.26861   -0.257568E-04   -0.157086E-04   -0.296076E-04
 5.28663   -0.256395E-04   -0.155319E-04   -0.298196E-04
 5.30466   -0.255219E-04   -0.153572E-04   -0.300270E-04
 5.32269   -0.254040E-04   -0.151846E-04   -0.302299E-04
 5.34071   -0.252859E-04   -0.150139E-04   -0.304285E-04
 5.35874   -0.251676E-04   -0.148451E-04   -0.306226E-04
 5.37676   -0.250491E-04   -0.146782E-04   -0.308125E-04
 5.39479   -0.249306E-04   -0.145132E-04   -0.309982E-04
 5.41282   -0.248120E-04   -0.143500E-04   -0.311797E-04
 5.43084   -0.246934E-04   -0.141886E-04   -0.313571E-04
 5.44887   -0.245749E-04   -0.140290E-04   -0.315305E-04
 5.46689   -0.244565E-04   -0.138710E-04   -0.316999E-04
 5.48492   -0.243380E-04   -0.137148E-04   -0.318653E-04
 5.50295   -0.242197E-04   -0.135602E-04   -0.320269E-04
 5.52097   -0.241015E-04   -0.134073E-04   -0.321847E-04
 5.53900   -0.239835E-04   -0.132560E-04   -0.323386E-04
 5.55702   -0.238657E-04   -0.131063E-04   -0.324889E-04
 5.57505   -0.237481E-04   -0.129581E-04   -0.326356E-04
 5.59308   -0.236308E-04   -0.128114E-04   -0.327786E-04
 5.61110   -0.235137E-04   -0.126663E-04   -0.329180E-04
 5.62913   -0.233969E-04   -0.125227E-04   -0.330539E-04
 5.64715   -0.232803E-04   -0.123805E-04   -0.331864E-04
 5.66518   -0.231642E-04   -0.122398E-04   -0.333154E-04
 5.68321   -0.230483E-04   -0.121005E-04   -0.334411E-04
 5.70123   -0.229328E-04   -0.119626E-04   -0.335635E-04
 5.71926   -0.228177E-04   -0.118261E-04   -0.336825E-04
 5.73728   -0.227029E-04   -0.116909E-04   -0.337983E-04
 5.75531   -0.225885E-04   -0.115571E-04   -0.339110E-04
 5.77334   -0.224746E-04   -0.114246E-04   -0.340204E-04
 5.79136   -0.223610E-04   -0.112934E-04   -0.341268E-04
 5.80939   -0.222479E-04   -0.111635E-04   -0.342301E-04
 5.82741   -0.221352E-04   -0.110349E-04   -0.343304E-04
 5.84544   -0.220229E-04   -0.109075E-04   -0.344276E-04
 5.86347   -0.219111E-04   -0.107814E-04   -0.345220E-04
 5.88149   -0.217997E-04   -0.106565E-04   -0.346134E-04
 5.89952   -0.216888E-04   -0.105328E-04   -0.347019E-04
 5.91755   -0.215784E-04   -0.104103E-04   -0.347876E-04
 5.93557   -0.214684E-04   -0.102890E-04   -0.348704E-04
 5.95360   -0.213589E-04   -0.101689E-04   -0.349505E-04
 5.97162   -0.212499E-04   -0.100499E-04   -0.350279E-04
 5.98965   -0.211414E-04   -0.993207E-05   -0.351026E-04
 6.00768   -0.210333E-04   -0.981536E-05   -0.351746E-04
 6.02570   -0.209258E-04   -0.969977E-05   -0.352440E-04
 6.04373   -0.208188E-04   -0.958527E-05   -0.353108E-04
 6.06175   -0.207122E-04   -0.947187E-05   -0.353750E-04
 6.07978   -0.206062E-04   -0.935955E-05   -0.354366E-04
 6.09781   -0.205007E-04   -0.924829E-05   -0.354958E-04
 6.11583   -0.203956E-04   -0.913809E-05   -0.355525E-04
 6.13386   -0.202911E-04   -0.902893E-05   -0.356068E-04
 6.15188   -0.201871E-04   -0.892080E-05   -0.356587E-04
 6.16991   -0.200836E-04   -0.881369E-05   -0.357082E-04
 6.18794   -0.199807E-04   -0.870760E-05   -0.357554E-04
 6.20596   -0.198782E-04   -0.860250E-05   -0.358003E-04
 6.22399   -0.197763E-04   -0.849839E-05   -0.358429E-04
 6.24201   -0.196749E-04   -0.839526E-05   -0.358832E-04
 6.26004   -0.195740E-04   -0.829310E-05   -0.359214E-04
 6.27807   -0.194736E-04   -0.819189E-05   -0.359573E-04
 6.29609   -0.193737E-04   -0.809163E-05   -0.359911E-04
 6.31412   -0.192744E-04   -0.799231E-05   -0.360228E-04
 6.33214   -0.191755E-04   -0.789392E-05   -0.360524E-04
 6.35017   -0.190772E-04   -0.779644E-05   -0.360799E-04
 6.36820   -0.189794E-04   -0.769988E-05   -0.361053E-04
 6.38622   -0.188822E-04   -0.760422E-05   -0.361288E-04
 6.40425   -0.187854E-04   -0.750945E-05   -0.361503E-04
 6.42227   -0.186892E-04   -0.741556E-05   -0.361698E-04
 6.44030   -0.185935E-04   -0.732255E-05   -0.361874E-04
 6.45833   -0.184983E-04   -0.723040E-05   -0.362031E-04
 6.47635   -0.184036E-04   -0.713911E-05   -0.362168E-04
 6.49438   -0.183094E-04   -0.704867E-05   -0.362288E-04
 6.51240   -0.182157E-04   -0.695907E-05   -0.362389E-04
 6.53043   -0.181226E-04   -0.687031E-05   -0.362472E-04
 6.54846   -0.180299E-04   -0.678237E-05   -0.362537E-04
 6.56648   -0.179378E-04   -0.669525E-05   -0.362585E-04
 6.58451   -0.178461E-04   -0.660893E-05   -0.362615E-04
 6.60254   -0.177550E-04   -0.652343E-05   -0.362628E-04
 6.62056   -0.176643E-04   -0.643872E-05   -0.362624E-04
 6.63859   -0.175742E-04   -0.635480E-05   -0.362604E-04
 6.65661   -0.174845E-04   -0.627167E-05   -0.362567E-04
 6.67464   -0.173953E-04   -0.618931E-05   -0.362514E-04
 6.69267   -0.173067E-04   -0.610772E-05   -0.362445E-04
 6.71069   -0.172184E-04   -0.602689E-05   -0.362360E-04
 6.72872   -0.171307E-04   -0.594683E-05   -0.362260E-04
 6.74674   -0.170435E-04   -0.586751E-05   -0.362144E-04
 6.76477   -0.169567E-04   -0.578894E-05   -0.362014E-04
 6.78280   -0.168704E-04   -0.571110E-05   -0.361868E-04
 6.80082   -0.167845E-04   -0.563399E-05   -0.361707E-04
 6.81885   -0.166992E-04   -0.555761E-05   -0.361533E-04
 6.83687   -0.166142E-04   -0.548195E-05   -0.361344E-04
 6.85490   -0.165298E-04   -0.540701E-05   -0.361141E-04
 6.87293   -0.164458E-04   -0.533277E-05   -0.360923E-04
 6.89095   -0.163622E-04   -0.525924E-05   -0.360693E-04
 6.90898   -0.162791E-04   -0.518638E-05   -0.360449E-04
 6.92700   -0.161964E-04   -0.511423E-05   -0.360194E-04
 6.94503   -0.161142E-04   -0.504276E-05   -0.359923E-04
 6.96306   -0.160324E-04   -0.497197E-05   -0.359640E-04
 6.98108   -0.159510E-04   -0.490186E-05   -0.359344E-04
 6.99911   -0.158701E-04   -0.483241E-05   -0.359035E-04
 7.01713   -0.157896E-04   -0.476362E-05   -0.358714E-04
 7.03516   -0.157095E-04   -0.469548E-05   -0.358381E-04
 7.05319   -0.156299E-04   -0.462800E-05   -0.358036E-04
 7.07121   -0.155506E-04   -0.456116E-05   -0.357679E-04
 7.08924   -0.154718E-04   -0.449496E-05   -0.357310E-04
 7.10726   -0.153934E-04   -0.442939E-05   -0.356930E-04
 7.12529   -0.153154E-04   -0.436444E-05   -0.356539E-04
 7.14332   -0.152379E-04   -0.430012E-05   -0.356137E-04
 7.16134   -0.151607E-04   -0.423641E-05   -0.355723E-04
 7.17937   -0.150839E-04   -0.417331E-05   -0.355299E-04
 7.19739   -0.150076E-04   -0.411082E-05   -0.354865E-04
 7.21542   -0.149316E-04   -0.404893E-05   -0.354420E-04
 7.23345   -0.148561E-04   -0.398763E-05   -0.353965E-04
 7.25147   -0.147810E-04   -0.392691E-05   -0.353499E-04
 7.26950   -0.147062E-04   -0.386678E-05   -0.353024E-04
 7.28753   -0.146319E-04   -0.380755E-05   -0.352540E-04
 7.30555   -0.145579E-04   -0.374856E-05   -0.352045E-04
 7.32358   -0.144844E-04   -0.369013E-05   -0.351541E-04
 7.34160   -0.144112E-04   -0.363227E-05   -0.351028E-04
 7.35963   -0.143385E-04   -0.357464E-05   -0.350506E-04
 7.37766   -0.142661E-04   -0.351788E-05   -0.349975E-04
 7.39568   -0.141941E-04   -0.346166E-05   -0.349435E-04
 7.41371   -0.141225E-04   -0.340598E-05   -0.348887E-04
 7.43173   -0.140513E-04   -0.335083E-05   -0.348330E-04
 7.44976   -0.139805E-04   -0.329620E-05   -0.347766E-04
 7.46779   -0.139101E-04   -0.324210E-05   -0.347191E-04
 7.48581   -0.138400E-04   -0.318851E-05   -0.346610E-04
 7.50384   -0.137704E-04   -0.313543E-05   -0.346018E-04
 7.52186   -0.137011E-04   -0.308286E-05   -0.345423E-04
 7.53989   -0.136322E-04   -0.303078E-05   -0.344818E-04
 7.55792   -0.135637E-04   -0.297920E-05   -0.344206E-04
 7.57594   -0.134956E-04   -0.292811E-05   -0.343587E-04
 7.59397   -0.134278E-04   -0.287750E-05   -0.342960E-04
 7.61199   -0.133605E-04   -0.282738E-05   -0.342326E-04
 7.63002   -0.132935E-04   -0.277772E-05   -0.341686E-04
 7.64805   -0.132269E-04   -0.272854E-05   -0.341038E-04
 7.66607   -0.131607E-04   -0.267982E-05   -0.340384E-04
 7.68410   -0.130948E-04   -0.263156E-05   -0.339723E-04
 7.70212   -0.130293E-04   -0.258375E-05   -0.339056E-04
 7.72015   -0.129642E-04   -0.253640E-05   -0.338383E-04
 7.73818   -0.128995E-04   -0.248949E-05   -0.337703E-04
 7.75620   -0.128352E-04   -0.244302E-05   -0.337017E-04
 7.77423   -0.127712E-04   -0.239699E-05   -0.336326E-04
 7.79225   -0.127076E-04   -0.235140E-05   -0.335629E-04
 7.81028   -0.126443E-04   -0.230622E-05   -0.334926E-04
 7.82831   -0.125814E-04   -0.226148E-05   -0.334217E-04
 7.84633   -0.125189E-04   -0.221715E-05   -0.333503E-04
 7.86436   -0.124568E-04   -0.217323E-05   -0.332784E-04
 7.88238   -0.123950E-04   -0.212973E-05   -0.332060E-04
 7.90041   -0.123335E-04   -0.208664E-05   -0.331330E-04
 7.91844   -0.122725E-04   -0.204395E-05   -0.330596E-04
 7.93646   -0.122118E-04   -0.200165E-05   -0.329856E-04
 7.95449   -0.121514E-04   -0.195975E-05   -0.329112E-04
 7.97252   -0.120914E-04   -0.191824E-05   -0.328363E-04
 7.99054   -0.120318E-04   -0.187712E-05   -0.327610E-04
 8.00857   -0.119725E-04   -0.183638E-05   -0.326852E-04
 8.02659   -0.119136E-04   -0.179602E-05   -0.326089E-04
 8.04462   -0.118550E-04   -0.175604E-05   -0.325323E-04
 8.06265   -0.117968E-04   -0.171642E-05   -0.324552E-04
 8.08067   -0.117389E-04   -0.167718E-05   -0.323777E-04
 8.09870   -0.116814E-04   -0.163830E-05   -0.322999E-04
 8.11672   -0.116242E-04   -0.159978E-05   -0.322216E-04
 8.13475   -0.115674E-04   -0.156161E-05   -0.321430E-04
 8.15278   -0.115109E-04   -0.152381E-05   -0.320640E-04
 8.17080   -0.114547E-04   -0.148635E-05   -0.319846E-04
 8.18883   -0.113989E-04   -0.144923E-05   -0.319049E-04
 8.20685   -0.113435E-04   -0.141247E-05   -0.318248E-04
 8.22488   -0.112883E-04   -0.137604E-05   -0.317444E-04
 8.24291   -0.112335E-04   -0.133995E-05   -0.316637E-04
 8.26093   -0.111790E-04   -0.130419E-05   -0.315826E-04
 8.27896   -0.111249E-04   -0.126877E-05   -0.315013E-04
 8.29698   -0.110711E-04   -0.123367E-05   -0.314196E-04
 8.31501   -0.110176E-04   -0.119889E-05   -0.313377E-04
 8.33304   -0.109644E-04   -0.116444E-05   -0.312555E-04
 8.35106   -0.109116E-04   -0.113031E-05   -0.311730E-04
 8.36909   -0.108591E-04   -0.109649E-05   -0.310902E-04
 8.38711   -0.108069E-04   -0.106299E-05   -0.310072E-04
 8.40514   -0.107550E-04   -0.102979E-05   -0.309240E-04
 8.42317   -0.107035E-04   -0.996906E-06   -0.308404E-04
 8.44119   -0.106522E-04   -0.964322E-06   -0.307567E-04
 8.45922   -0.106013E-04   -0.932040E-06   -0.306727E-04
 8.47724   -0.105507E-04   -0.900057E-06   -0.305885E-04
 8.49527   -0.105004E-04   -0.868370E-06   -0.305041E-04
 8.51330   -0.104504E-04   -0.836976E-06   -0.304194E-04
 8.53132   -0.104007E-04   -0.805873E-06   -0.303346E-04
 8.54935   -0.103513E-04   -0.775058E-06   -0.302496E-04
 8.56737   -0.103022E-04   -0.744534E-06   -0.301644E-04
 8.58540   -0.102535E-04   -0.714287E-06   -0.300790E-04
 8.60343   -0.102050E-04   -0.684321E-06   -0.299934E-04
 8.62145   -0.101568E-04   -0.654633E-06   -0.299077E-04
 8.63948   -0.101089E-04   -0.625223E-06   -0.298218E-04
 8.65751   -0.100613E-04   -0.596082E-06   -0.297357E-04
 8.67553   -0.100140E-04   -0.567214E-06   -0.296495E-04
 8.69356   -0.996699E-05   -0.538614E-06   -0.295632E-04
 8.71158   -0.992026E-05   -0.510279E-06   -0.294767E-04
 8.72961   -0.987382E-05   -0.482209E-06   -0.293901E-04
 8.74764   -0.982766E-05   -0.454401E-06   -0.293034E-04
 8.76566   -0.978178E-05   -0.426851E-06   -0.292165E-04
 8.78369   -0.973619E-05   -0.399560E-06   -0.291295E-04
 8.80171   -0.969087E-05   -0.372523E-06   -0.290424E-04
 8.81974   -0.964583E-05   -0.345739E-06   -0.289552E-04
 8.83777   -0.960106E-05   -0.319205E-06   -0.288680E-04
 8.85579   -0.955657E-05   -0.292921E-06   -0.287806E-04
 8.87382   -0.951234E-05   -0.266883E-06   -0.286931E-04
 8.89184   -0.946839E-05   -0.241090E-06   -0.286056E-04
 8.90987   -0.942469E-05   -0.215539E-06   -0.285180E-04
 8.92790   -0.938127E-05   -0.190231E-06   -0.284303E-04
 8.94592   -0.933810E-05   -0.165159E-06   -0.283425E-04
 8.96395   -0.929520E-05   -0.140326E-06   -0.282547E-04
 8.98197   -0.925256E-05   -0.115728E-06   -0.281668E-04
 9.00000   -0.921017E-05   -0.913628E-07   -0.280789E-04
