 0.00500    0.899194E-02   -0.481429E-02    0.390698E-02
 0.02303    0.741872E-02   -0.402760E-02    0.331664E-02
 0.04105    0.649051E-02   -0.356317E-02    0.296778E-02
 0.05908    0.581180E-02   -0.322336E-02    0.271211E-02
 0.07710    0.527528E-02   -0.295452E-02    0.250949E-02
 0.09513    0.483281E-02   -0.273261E-02    0.234188E-02
 0.11316    0.445779E-02   -0.254433E-02    0.219935E-02
 0.13118    0.413378E-02   -0.238148E-02    0.207576E-02
 0.14921    0.384982E-02   -0.223858E-02    0.196701E-02
 0.16723    0.359820E-02   -0.211178E-02    0.187022E-02
 0.18526    0.337324E-02   -0.199826E-02    0.178328E-02
 0.20329    0.317063E-02   -0.189586E-02    0.170460E-02
 0.22131    0.298702E-02   -0.180291E-02    0.163293E-02
 0.23934    0.281977E-02   -0.171810E-02    0.156729E-02
 0.25736    0.266673E-02   -0.164035E-02    0.150688E-02
 0.27539    0.252613E-02   -0.156879E-02    0.145105E-02
 0.29342    0.239651E-02   -0.150268E-02    0.139926E-02
 0.31144    0.227665E-02   -0.144142E-02    0.135106E-02
 0.32947    0.216548E-02   -0.138449E-02    0.130605E-02
 0.34749    0.206213E-02   -0.133144E-02    0.126392E-02
 0.36552    0.196582E-02   -0.128188E-02    0.122437E-02
 0.38355    0.187589E-02   -0.123549E-02    0.118716E-02
 0.40157    0.179173E-02   -0.119197E-02    0.115208E-02
 0.41960    0.171285E-02   -0.115107E-02    0.111893E-02
 0.43763    0.163878E-02   -0.111257E-02    0.108756E-02
 0.45565    0.156912E-02   -0.107625E-02    0.105780E-02
 0.47368    0.150352E-02   -0.104195E-02    0.102955E-02
 0.49170    0.144165E-02   -0.100951E-02    0.100266E-02
 0.50973    0.138323E-02   -0.978778E-03    0.977047E-03
 0.52776    0.132799E-02   -0.949630E-03    0.952607E-03
 0.54578    0.127570E-02   -0.921950E-03    0.929258E-03
 0.56381    0.122615E-02   -0.895632E-03    0.906922E-03
 0.58183    0.117915E-02   -0.870582E-03    0.885528E-03
 0.59986    0.113452E-02   -0.846712E-03    0.865014E-03
 0.61789    0.109210E-02   -0.823942E-03    0.845321E-03
 0.63591    0.105175E-02   -0.802202E-03    0.826396E-03
 0.65394    0.101333E-02   -0.781425E-03    0.808191E-03
 0.67196    0.976715E-03   -0.761550E-03    0.790661E-03
 0.68999    0.941798E-03   -0.742521E-03    0.773765E-03
 0.70802    0.908470E-03   -0.724287E-03    0.757467E-03
 0.72604    0.876642E-03   -0.706800E-03    0.741730E-03
 0.74407    0.846222E-03   -0.690017E-03    0.726525E-03
 0.76209    0.817129E-03   -0.673897E-03    0.711820E-03
 0.78012    0.789286E-03   -0.658403E-03    0.697588E-03
 0.79815    0.762624E-03   -0.643500E-03    0.683805E-03
 0.81617    0.737076E-03   -0.629155E-03    0.670447E-03
 0.83420    0.712585E-03   -0.615339E-03    0.657491E-03
 0.85222    0.689088E-03   -0.602024E-03    0.644918E-03
 0.87025    0.666536E-03   -0.589183E-03    0.632709E-03
 0.88828    0.644880E-03   -0.576793E-03    0.620845E-03
 0.90630    0.624072E-03   -0.564831E-03    0.609311E-03
 0.92433    0.604072E-03   -0.553275E-03    0.598090E-03
 0.94235    0.584836E-03   -0.542106E-03    0.587170E-03
 0.96038    0.566333E-03   -0.531304E-03    0.576535E-03
 0.97841    0.548521E-03   -0.520853E-03    0.566173E-03
 0.99643    0.531369E-03   -0.510736E-03    0.556073E-03
 1.01446    0.514847E-03   -0.500938E-03    0.546223E-03
 1.03248    0.498924E-03   -0.491445E-03    0.536613E-03
 1.05051    0.483574E-03   -0.482242E-03    0.527233E-03
 1.06854    0.468770E-03   -0.473316E-03    0.518073E-03
 1.08656    0.454487E-03   -0.464657E-03    0.509125E-03
 1.10459    0.440701E-03   -0.456251E-03    0.500380E-03
 1.12262    0.427395E-03   -0.448089E-03    0.491832E-03
 1.14064    0.414543E-03   -0.440161E-03    0.483471E-03
 1.15867    0.402127E-03   -0.432456E-03    0.475291E-03
 1.17669    0.390130E-03   -0.424965E-03    0.467287E-03
 1.19472    0.378533E-03   -0.417681E-03    0.459450E-03
 1.21275    0.367319E-03   -0.410594E-03    0.451776E-03
 1.23077    0.356475E-03   -0.403697E-03    0.444258E-03
 1.24880    0.345983E-03   -0.396983E-03    0.436892E-03
 1.26682    0.335829E-03   -0.390444E-03    0.429673E-03
 1.28485    0.326003E-03   -0.384074E-03    0.422594E-03
 1.30288    0.316489E-03   -0.377867E-03    0.415653E-03
 1.32090    0.307275E-03   -0.371816E-03    0.408844E-03
 1.33893    0.298350E-03   -0.365916E-03    0.402163E-03
 1.35695    0.289704E-03   -0.360162E-03    0.395607E-03
 1.37498    0.281325E-03   -0.354548E-03    0.389171E-03
 1.39301    0.273203E-03   -0.349069E-03    0.382852E-03
 1.41103    0.265330E-03   -0.343720E-03    0.376646E-03
 1.42906    0.257695E-03   -0.338497E-03    0.370551E-03
 1.44708    0.250290E-03   -0.333396E-03    0.364563E-03
 1.46511    0.243107E-03   -0.328413E-03    0.358678E-03
 1.48314    0.236138E-03   -0.323543E-03    0.352895E-03
 1.50116    0.229376E-03   -0.318783E-03    0.347210E-03
 1.51919    0.222812E-03   -0.314129E-03    0.341620E-03
 1.53721    0.216440E-03   -0.309578E-03    0.336124E-03
 1.55524    0.210254E-03   -0.305126E-03    0.330718E-03
 1.57327    0.204247E-03   -0.300771E-03    0.325400E-03
 1.59129    0.198413E-03   -0.296509E-03    0.320169E-03
 1.60932    0.192746E-03   -0.292337E-03    0.315022E-03
 1.62734    0.187240E-03   -0.288253E-03    0.309956E-03
 1.64537    0.181891E-03   -0.284254E-03    0.304970E-03
 1.66340    0.176692E-03   -0.280337E-03    0.300062E-03
 1.68142    0.171640E-03   -0.276500E-03    0.295230E-03
 1.69945    0.166729E-03   -0.272741E-03    0.290473E-03
 1.71747    0.161954E-03   -0.269056E-03    0.285788E-03
 1.73550    0.157312E-03   -0.265445E-03    0.281174E-03
 1.75353    0.152799E-03   -0.261905E-03    0.276629E-03
 1.77155    0.148409E-03   -0.258433E-03    0.272153E-03
 1.78958    0.144140E-03   -0.255029E-03    0.267742E-03
 1.80761    0.139987E-03   -0.251690E-03    0.263397E-03
 1.82563    0.135948E-03   -0.248415E-03    0.259115E-03
 1.84366    0.132018E-03   -0.245201E-03    0.254896E-03
 1.86168    0.128195E-03   -0.242047E-03    0.250737E-03
 1.87971    0.124475E-03   -0.238951E-03    0.246639E-03
 1.89774    0.120856E-03   -0.235913E-03    0.242599E-03
 1.91576    0.117333E-03   -0.232930E-03    0.238616E-03
 1.93379    0.113906E-03   -0.230001E-03    0.234690E-03
 1.95181    0.110570E-03   -0.227124E-03    0.230819E-03
 1.96984    0.107323E-03   -0.224299E-03    0.227002E-03
 1.98787    0.104163E-03   -0.221524E-03    0.223239E-03
 2.00589    0.101088E-03   -0.218798E-03    0.219528E-03
 2.02392    0.980952E-04   -0.216122E-03    0.215868E-03
 2.04194    0.951817E-04   -0.213489E-03    0.212259E-03
 2.05997    0.923467E-04   -0.210903E-03    0.208700E-03
 2.07800    0.895876E-04   -0.208362E-03    0.205189E-03
 2.09602    0.869024E-04   -0.205864E-03    0.201727E-03
 2.11405    0.842896E-04   -0.203410E-03    0.198312E-03
 2.13207    0.817473E-04   -0.200997E-03    0.194943E-03
 2.15010    0.792737E-04   -0.198625E-03    0.191621E-03
 2.16813    0.768679E-04   -0.196293E-03    0.188343E-03
 2.18615    0.745274E-04   -0.194000E-03    0.185110E-03
 2.20418    0.722509E-04   -0.191746E-03    0.181921E-03
 2.22220    0.700373E-04   -0.189530E-03    0.178775E-03
 2.24023    0.678852E-04   -0.187351E-03    0.175672E-03
 2.25826    0.657936E-04   -0.185209E-03    0.172610E-03
 2.27628    0.637611E-04   -0.183102E-03    0.169590E-03
 2.29431    0.617863E-04   -0.181031E-03    0.166612E-03
 2.31233    0.598683E-04   -0.178995E-03    0.163673E-03
 2.33036    0.580057E-04   -0.176992E-03    0.160775E-03
 2.34839    0.561981E-04   -0.175023E-03    0.157916E-03
 2.36641    0.544440E-04   -0.173087E-03    0.155096E-03
 2.38444    0.527428E-04   -0.171184E-03    0.152314E-03
 2.40246    0.510932E-04   -0.169313E-03    0.149571E-03
 2.42049    0.494946E-04   -0.167473E-03    0.146864E-03
 2.43852    0.479460E-04   -0.165665E-03    0.144196E-03
 2.45654    0.464464E-04   -0.163887E-03    0.141563E-03
 2.47457    0.449949E-04   -0.162139E-03    0.138967E-03
 2.49260    0.435910E-04   -0.160421E-03    0.136407E-03
 2.51062    0.422331E-04   -0.158731E-03    0.133882E-03
 2.52865    0.409209E-04   -0.157071E-03    0.131392E-03
 2.54667    0.396531E-04   -0.155439E-03    0.128935E-03
 2.56470    0.384290E-04   -0.153834E-03    0.126513E-03
 2.58273    0.372477E-04   -0.152256E-03    0.124124E-03
 2.60075    0.361078E-04   -0.150705E-03    0.121768E-03
 2.61878    0.350086E-04   -0.149180E-03    0.119444E-03
 2.63680    0.339486E-04   -0.147681E-03    0.117152E-03
 2.65483    0.329266E-04   -0.146206E-03    0.114892E-03
 2.67286    0.319419E-04   -0.144755E-03    0.112661E-03
 2.69088    0.309933E-04   -0.143328E-03    0.110461E-03
 2.70891    0.300792E-04   -0.141924E-03    0.108290E-03
 2.72693    0.291982E-04   -0.140541E-03    0.106147E-03
 2.74496    0.283489E-04   -0.139181E-03    0.104033E-03
 2.76299    0.275299E-04   -0.137840E-03    0.101945E-03
 2.78101    0.267397E-04   -0.136519E-03    0.998846E-04
 2.79904    0.259766E-04   -0.135217E-03    0.978496E-04
 2.81706    0.252389E-04   -0.133933E-03    0.958397E-04
 2.83509    0.245249E-04   -0.132666E-03    0.938540E-04
 2.85312    0.238331E-04   -0.131416E-03    0.918917E-04
 2.87114    0.231613E-04   -0.130180E-03    0.899520E-04
 2.88917    0.225081E-04   -0.128959E-03    0.880341E-04
 2.90719    0.218712E-04   -0.127751E-03    0.861370E-04
 2.92522    0.212490E-04   -0.126556E-03    0.842599E-04
 2.94325    0.206395E-04   -0.125371E-03    0.824020E-04
 2.96127    0.200407E-04   -0.124197E-03    0.805625E-04
 2.97930    0.194508E-04   -0.123032E-03    0.787403E-04
 2.99732    0.188678E-04   -0.121876E-03    0.769345E-04
 3.01535    0.182897E-04   -0.120727E-03    0.751444E-04
 3.03338    0.177148E-04   -0.119584E-03    0.733693E-04
 3.05140    0.171411E-04   -0.118446E-03    0.716080E-04
 3.06943    0.165669E-04   -0.117313E-03    0.698600E-04
 3.08745    0.159902E-04   -0.116183E-03    0.681244E-04
 3.10548    0.154095E-04   -0.115055E-03    0.664004E-04
 3.12351    0.148231E-04   -0.113930E-03    0.646872E-04
 3.14153    0.142294E-04   -0.112805E-03    0.629841E-04
 3.15956    0.136270E-04   -0.111680E-03    0.612904E-04
 3.17759    0.130143E-04   -0.110554E-03    0.596057E-04
 3.19561    0.123902E-04   -0.109428E-03    0.579291E-04
 3.21364    0.117536E-04   -0.108299E-03    0.562602E-04
 3.23166    0.111031E-04   -0.107168E-03    0.545984E-04
 3.24969    0.104380E-04   -0.106034E-03    0.529435E-04
 3.26772    0.975735E-05   -0.104896E-03    0.512948E-04
 3.28574    0.906046E-05   -0.103755E-03    0.496520E-04
 3.30377    0.834673E-05   -0.102609E-03    0.480150E-04
 3.32179    0.761573E-05   -0.101459E-03    0.463827E-04
 3.33982    0.686703E-05   -0.100304E-03    0.447569E-04
 3.35785    0.610055E-05   -0.991448E-04    0.431355E-04
 3.37587    0.531618E-05   -0.979808E-04    0.415192E-04
 3.39390    0.451403E-05   -0.968121E-04    0.399058E-04
 3.41192    0.369429E-05   -0.956388E-04    0.382995E-04
 3.42995    0.285721E-05   -0.944611E-04    0.367004E-04
 3.44798    0.200328E-05   -0.932791E-04    0.351026E-04
 3.46600    0.113309E-05   -0.920932E-04    0.335116E-04
 3.48403    0.247242E-06   -0.909037E-04    0.319287E-04
 3.50205   -0.653470E-06   -0.897109E-04    0.303497E-04
 3.52008   -0.156814E-05   -0.885153E-04    0.287767E-04
 3.53811   -0.249580E-05   -0.873176E-04    0.272105E-04
 3.55613   -0.343538E-05   -0.861181E-04    0.256511E-04
 3.57416   -0.438565E-05   -0.849176E-04    0.240992E-04
 3.59218   -0.534549E-05   -0.837165E-04    0.225550E-04
 3.61021   -0.631353E-05   -0.825155E-04    0.210193E-04
 3.62824   -0.728855E-05   -0.813154E-04    0.194923E-04
 3.64626   -0.826913E-05   -0.801169E-04    0.179747E-04
 3.66429   -0.925368E-05   -0.789205E-04    0.164671E-04
 3.68231   -0.102411E-04   -0.777271E-04    0.149697E-04
 3.70034   -0.112297E-04   -0.765375E-04    0.134834E-04
 3.71837   -0.122180E-04   -0.753526E-04    0.120084E-04
 3.73639   -0.132045E-04   -0.741727E-04    0.105457E-04
 3.75442   -0.141876E-04   -0.729988E-04    0.909575E-05
 3.77244   -0.151661E-04   -0.718317E-04    0.765888E-05
 3.79047   -0.161384E-04   -0.706721E-04    0.623594E-05
 3.80850   -0.171031E-04   -0.695208E-04    0.482724E-05
 3.82652   -0.180587E-04   -0.683783E-04    0.343342E-05
 3.84455   -0.190041E-04   -0.672457E-04    0.205493E-05
 3.86258   -0.199377E-04   -0.661231E-04    0.692378E-06
 3.88060   -0.208585E-04   -0.650115E-04   -0.654045E-06
 3.89863   -0.217653E-04   -0.639114E-04   -0.198396E-05
 3.91665   -0.226569E-04   -0.628234E-04   -0.329644E-05
 3.93468   -0.235322E-04   -0.617480E-04   -0.459149E-05
 3.95271   -0.243904E-04   -0.606857E-04   -0.586857E-05
 3.97073   -0.252302E-04   -0.596369E-04   -0.712731E-05
 3.98876   -0.260512E-04   -0.586022E-04   -0.836799E-05
 4.00678   -0.268523E-04   -0.575819E-04   -0.958960E-05
 4.02481   -0.276328E-04   -0.565763E-04   -0.107922E-04
 4.04284   -0.283923E-04   -0.555858E-04   -0.119753E-04
 4.06086   -0.291301E-04   -0.546107E-04   -0.131395E-04
 4.07889   -0.298458E-04   -0.536511E-04   -0.142838E-04
 4.09691   -0.305389E-04   -0.527072E-04   -0.154084E-04
 4.11494   -0.312092E-04   -0.517793E-04   -0.165137E-04
 4.13297   -0.318563E-04   -0.508674E-04   -0.175989E-04
 4.15099   -0.324801E-04   -0.499716E-04   -0.186643E-04
 4.16902   -0.330805E-04   -0.490921E-04   -0.197099E-04
 4.18704   -0.336573E-04   -0.482288E-04   -0.207356E-04
 4.20507   -0.342106E-04   -0.473816E-04   -0.217416E-04
 4.22310   -0.347405E-04   -0.465506E-04   -0.227279E-04
 4.24112   -0.352470E-04   -0.457358E-04   -0.236946E-04
 4.25915   -0.357303E-04   -0.449369E-04   -0.246419E-04
 4.27717   -0.361908E-04   -0.441539E-04   -0.255698E-04
 4.29520   -0.366284E-04   -0.433866E-04   -0.264786E-04
 4.31323   -0.370437E-04   -0.426349E-04   -0.273685E-04
 4.33125   -0.374368E-04   -0.418986E-04   -0.282396E-04
 4.34928   -0.378082E-04   -0.411774E-04   -0.290917E-04
 4.36730   -0.381582E-04   -0.404713E-04   -0.299259E-04
 4.38533   -0.384874E-04   -0.397798E-04   -0.307418E-04
 4.40336   -0.387961E-04   -0.391028E-04   -0.315398E-04
 4.42138   -0.390848E-04   -0.384401E-04   -0.323201E-04
 4.43941   -0.393539E-04   -0.377913E-04   -0.330832E-04
 4.45743   -0.396040E-04   -0.371563E-04   -0.338290E-04
 4.47546   -0.398356E-04   -0.365347E-04   -0.345579E-04
 4.49349   -0.400491E-04   -0.359262E-04   -0.352703E-04
 4.51151   -0.402453E-04   -0.353306E-04   -0.359663E-04
 4.52954   -0.404244E-04   -0.347475E-04   -0.366463E-04
 4.54757   -0.405872E-04   -0.341758E-04   -0.373106E-04
 4.56559   -0.407342E-04   -0.336170E-04   -0.379594E-04
 4.58362   -0.408657E-04   -0.330699E-04   -0.385930E-04
 4.60164   -0.409826E-04   -0.325342E-04   -0.392118E-04
 4.61967   -0.410851E-04   -0.320095E-04   -0.398159E-04
 4.63770   -0.411739E-04   -0.314957E-04   -0.404056E-04
 4.65572   -0.412494E-04   -0.309924E-04   -0.409814E-04
 4.67375   -0.413124E-04   -0.304993E-04   -0.415433E-04
 4.69177   -0.413630E-04   -0.300162E-04   -0.420918E-04
 4.70980   -0.414020E-04   -0.295428E-04   -0.426270E-04
 4.72783   -0.414297E-04   -0.290789E-04   -0.431492E-04
 4.74585   -0.414466E-04   -0.286241E-04   -0.436588E-04
 4.76388   -0.414532E-04   -0.281782E-04   -0.441559E-04
 4.78190   -0.414500E-04   -0.277409E-04   -0.446408E-04
 4.79993   -0.414374E-04   -0.273121E-04   -0.451138E-04
 4.81796   -0.414157E-04   -0.268914E-04   -0.455750E-04
 4.83598   -0.413855E-04   -0.264787E-04   -0.460248E-04
 4.85401   -0.413471E-04   -0.260736E-04   -0.464632E-04
 4.87203   -0.413009E-04   -0.256761E-04   -0.468909E-04
 4.89006   -0.412472E-04   -0.252867E-04   -0.473076E-04
 4.90809   -0.411865E-04   -0.249035E-04   -0.477139E-04
 4.92611   -0.411191E-04   -0.245271E-04   -0.481097E-04
 4.94414   -0.410453E-04   -0.241575E-04   -0.484954E-04
 4.96216   -0.409654E-04   -0.237943E-04   -0.488712E-04
 4.98019   -0.408797E-04   -0.234374E-04   -0.492371E-04
 4.99822   -0.407886E-04   -0.230867E-04   -0.495937E-04
 5.01624   -0.406923E-04   -0.227419E-04   -0.499408E-04
 5.03427   -0.405911E-04   -0.224029E-04   -0.502787E-04
 5.05229   -0.404853E-04   -0.220695E-04   -0.506077E-04
 5.07032   -0.403750E-04   -0.217417E-04   -0.509279E-04
 5.08835   -0.402607E-04   -0.214191E-04   -0.512394E-04
 5.10637   -0.401424E-04   -0.211018E-04   -0.515424E-04
 5.12440   -0.400205E-04   -0.207895E-04   -0.518371E-04
 5.14242   -0.398950E-04   -0.204821E-04   -0.521237E-04
 5.16045   -0.397663E-04   -0.201797E-04   -0.524017E-04
 5.17848   -0.396345E-04   -0.198818E-04   -0.526730E-04
 5.19650   -0.394998E-04   -0.195884E-04   -0.529360E-04
 5.21453   -0.393624E-04   -0.192995E-04   -0.531914E-04
 5.23256   -0.392225E-04   -0.190149E-04   -0.534395E-04
 5.25058   -0.390801E-04   -0.187346E-04   -0.536802E-04
 5.26861   -0.389356E-04   -0.184584E-04   -0.539139E-04
 5.28663   -0.387889E-04   -0.181862E-04   -0.541405E-04
 5.30466   -0.386403E-04   -0.179180E-04   -0.543602E-04
 5.32269   -0.384899E-04   -0.176535E-04   -0.545732E-04
 5.34071   -0.383378E-04   -0.173929E-04   -0.547795E-04
 5.35874   -0.381841E-04   -0.171359E-04   -0.549793E-04
 5.37676   -0.380290E-04   -0.168824E-04   -0.551726E-04
 5.39479   -0.378726E-04   -0.166325E-04   -0.553597E-04
 5.41282   -0.377149E-04   -0.163860E-04   -0.555405E-04
 5.43084   -0.375561E-04   -0.161429E-04   -0.557153E-04
 5.44887   -0.373962E-04   -0.159030E-04   -0.558841E-04
 5.46689   -0.372355E-04   -0.156663E-04   -0.560470E-04
 5.48492   -0.370738E-04   -0.154328E-04   -0.562041E-04
 5.50295   -0.369114E-04   -0.152024E-04   -0.563554E-04
 5.52097   -0.367483E-04   -0.149750E-04   -0.565013E-04
 5.53900   -0.365846E-04   -0.147505E-04   -0.566416E-04
 5.55702   -0.364204E-04   -0.145289E-04   -0.567765E-04
 5.57505   -0.362557E-04   -0.143102E-04   -0.569062E-04
 5.59308   -0.360905E-04   -0.140943E-04   -0.570305E-04
 5.61110   -0.359251E-04   -0.138811E-04   -0.571497E-04
 5.62913   -0.357593E-04   -0.136706E-04   -0.572638E-04
 5.64715   -0.355933E-04   -0.134627E-04   -0.573730E-04
 5.66518   -0.354271E-04   -0.132574E-04   -0.574773E-04
 5.68321   -0.352609E-04   -0.130546E-04   -0.575767E-04
 5.70123   -0.350945E-04   -0.128543E-04   -0.576712E-04
 5.71926   -0.349281E-04   -0.126564E-04   -0.577616E-04
 5.73728   -0.347618E-04   -0.124610E-04   -0.578472E-04
 5.75531   -0.345955E-04   -0.122679E-04   -0.579282E-04
 5.77334   -0.344293E-04   -0.120771E-04   -0.580048E-04
 5.79136   -0.342633E-04   -0.118887E-04   -0.580771E-04
 5.80939   -0.340974E-04   -0.117024E-04   -0.581451E-04
 5.82741   -0.339318E-04   -0.115184E-04   -0.582089E-04
 5.84544   -0.337664E-04   -0.113365E-04   -0.582686E-04
 5.86347   -0.336013E-04   -0.111567E-04   -0.583242E-04
 5.88149   -0.334365E-04   -0.109791E-04   -0.583759E-04
 5.89952   -0.332720E-04   -0.108035E-04   -0.584235E-04
 5.91755   -0.331080E-04   -0.106299E-04   -0.584673E-04
 5.93557   -0.329443E-04   -0.104583E-04   -0.585073E-04
 5.95360   -0.327810E-04   -0.102887E-04   -0.585436E-04
 5.97162   -0.326182E-04   -0.101210E-04   -0.585762E-04
 5.98965   -0.324558E-04   -0.995525E-05   -0.586051E-04
 6.00768   -0.322940E-04   -0.979136E-05   -0.586305E-04
 6.02570   -0.321326E-04   -0.962931E-05   -0.586524E-04
 6.04373   -0.319718E-04   -0.946907E-05   -0.586708E-04
 6.06175   -0.318115E-04   -0.931063E-05   -0.586858E-04
 6.07978   -0.316517E-04   -0.915397E-05   -0.586974E-04
 6.09781   -0.314926E-04   -0.899905E-05   -0.587058E-04
 6.11583   -0.313340E-04   -0.884584E-05   -0.587109E-04
 6.13386   -0.311760E-04   -0.869432E-05   -0.587129E-04
 6.15188   -0.310186E-04   -0.854448E-05   -0.587117E-04
 6.16991   -0.308619E-04   -0.839629E-05   -0.587074E-04
 6.18794   -0.307058E-04   -0.824972E-05   -0.587001E-04
 6.20596   -0.305504E-04   -0.810476E-05   -0.586898E-04
 6.22399   -0.303956E-04   -0.796138E-05   -0.586766E-04
 6.24201   -0.302415E-04   -0.781957E-05   -0.586604E-04
 6.26004   -0.300880E-04   -0.767929E-05   -0.586414E-04
 6.27807   -0.299352E-04   -0.754053E-05   -0.586196E-04
 6.29609   -0.297832E-04   -0.740328E-05   -0.585951E-04
 6.31412   -0.296318E-04   -0.726750E-05   -0.585678E-04
 6.33214   -0.294811E-04   -0.713321E-05   -0.585378E-04
 6.35017   -0.293311E-04   -0.700035E-05   -0.585053E-04
 6.36820   -0.291819E-04   -0.686892E-05   -0.584701E-04
 6.38622   -0.290333E-04   -0.673891E-05   -0.584324E-04
 6.40425   -0.288855E-04   -0.661027E-05   -0.583921E-04
 6.42227   -0.287384E-04   -0.648304E-05   -0.583494E-04
 6.44030   -0.285920E-04   -0.635716E-05   -0.583043E-04
 6.45833   -0.284464E-04   -0.623262E-05   -0.582568E-04
 6.47635   -0.283014E-04   -0.610943E-05   -0.582069E-04
 6.49438   -0.281572E-04   -0.598754E-05   -0.581547E-04
 6.51240   -0.280138E-04   -0.586695E-05   -0.581002E-04
 6.53043   -0.278710E-04   -0.574764E-05   -0.580435E-04
 6.54846   -0.277290E-04   -0.562961E-05   -0.579845E-04
 6.56648   -0.275878E-04   -0.551283E-05   -0.579234E-04
 6.58451   -0.274472E-04   -0.539729E-05   -0.578602E-04
 6.60254   -0.273074E-04   -0.528299E-05   -0.577949E-04
 6.62056   -0.271684E-04   -0.516990E-05   -0.577275E-04
 6.63859   -0.270300E-04   -0.505802E-05   -0.576581E-04
 6.65661   -0.268924E-04   -0.494733E-05   -0.575867E-04
 6.67464   -0.267556E-04   -0.483782E-05   -0.575133E-04
 6.69267   -0.266194E-04   -0.472948E-05   -0.574380E-04
 6.71069   -0.264840E-04   -0.462230E-05   -0.573608E-04
 6.72872   -0.263493E-04   -0.451625E-05   -0.572818E-04
 6.74674   -0.262153E-04   -0.441133E-05   -0.572009E-04
 6.76477   -0.260821E-04   -0.430755E-05   -0.571182E-04
 6.78280   -0.259495E-04   -0.420487E-05   -0.570338E-04
 6.80082   -0.258177E-04   -0.410329E-05   -0.569476E-04
 6.81885   -0.256865E-04   -0.400280E-05   -0.568597E-04
 6.83687   -0.255561E-04   -0.390339E-05   -0.567702E-04
 6.85490   -0.254264E-04   -0.380504E-05   -0.566790E-04
 6.87293   -0.252974E-04   -0.370776E-05   -0.565862E-04
 6.89095   -0.251690E-04   -0.361153E-05   -0.564918E-04
 6.90898   -0.250414E-04   -0.351634E-05   -0.563958E-04
 6.92700   -0.249144E-04   -0.342218E-05   -0.562983E-04
 6.94503   -0.247881E-04   -0.332903E-05   -0.561993E-04
 6.96306   -0.246625E-04   -0.323690E-05   -0.560988E-04
 6.98108   -0.245376E-04   -0.314577E-05   -0.559969E-04
 6.99911   -0.244133E-04   -0.305563E-05   -0.558935E-04
 7.01713   -0.242897E-04   -0.296647E-05   -0.557887E-04
 7.03516   -0.241667E-04   -0.287830E-05   -0.556825E-04
 7.05319   -0.240444E-04   -0.279109E-05   -0.555750E-04
 7.07121   -0.239228E-04   -0.270484E-05   -0.554662E-04
 7.08924   -0.238018E-04   -0.261951E-05   -0.553560E-04
 7.10726   -0.236814E-04   -0.253518E-05   -0.552446E-04
 7.12529   -0.235616E-04   -0.245175E-05   -0.551319E-04
 7.14332   -0.234425E-04   -0.236925E-05   -0.550179E-04
 7.16134   -0.233240E-04   -0.228765E-05   -0.549028E-04
 7.17937   -0.232061E-04   -0.220699E-05   -0.547865E-04
 7.19739   -0.230888E-04   -0.212722E-05   -0.546689E-04
 7.21542   -0.229722E-04   -0.204836E-05   -0.545503E-04
 7.23345   -0.228561E-04   -0.197038E-05   -0.544305E-04
 7.25147   -0.227406E-04   -0.189329E-05   -0.543096E-04
 7.26950   -0.226257E-04   -0.181706E-05   -0.541876E-04
 7.28753   -0.225114E-04   -0.174171E-05   -0.540646E-04
 7.30555   -0.223977E-04   -0.166721E-05   -0.539405E-04
 7.32358   -0.222845E-04   -0.159357E-05   -0.538154E-04
 7.34160   -0.221719E-04   -0.152077E-05   -0.536894E-04
 7.35963   -0.220599E-04   -0.144880E-05   -0.535623E-04
 7.37766   -0.219485E-04   -0.137766E-05   -0.534343E-04
 7.39568   -0.218376E-04   -0.130735E-05   -0.533053E-04
 7.41371   -0.217272E-04   -0.123785E-05   -0.531754E-04
 7.43173   -0.216175E-04   -0.116916E-05   -0.530446E-04
 7.44976   -0.215082E-04   -0.110126E-05   -0.529130E-04
 7.46779   -0.213996E-04   -0.103416E-05   -0.527804E-04
 7.48581   -0.212914E-04   -0.967832E-06   -0.526471E-04
 7.50384   -0.211838E-04   -0.902286E-06   -0.525129E-04
 7.52186   -0.210767E-04   -0.837505E-06   -0.523779E-04
 7.53989   -0.209702E-04   -0.773492E-06   -0.522421E-04
 7.55792   -0.208642E-04   -0.710226E-06   -0.521056E-04
 7.57594   -0.207587E-04   -0.647708E-06   -0.519683E-04
 7.59397   -0.206538E-04   -0.585927E-06   -0.518303E-04
 7.61199   -0.205494E-04   -0.524879E-06   -0.516916E-04
 7.63002   -0.204455E-04   -0.464554E-06   -0.515522E-04
 7.64805   -0.203421E-04   -0.404944E-06   -0.514121E-04
 7.66607   -0.202392E-04   -0.346041E-06   -0.512714E-04
 7.68410   -0.201369E-04   -0.287839E-06   -0.511300E-04
 7.70212   -0.200351E-04   -0.230329E-06   -0.509880E-04
 7.72015   -0.199338E-04   -0.173506E-06   -0.508454E-04
 7.73818   -0.198330E-04   -0.117360E-06   -0.507022E-04
 7.75620   -0.197327E-04   -0.618839E-07   -0.505584E-04
 7.77423   -0.196329E-04   -0.707291E-08   -0.504141E-04
 7.79225   -0.195337E-04    0.470852E-07   -0.502692E-04
 7.81028   -0.194349E-04    0.100597E-06   -0.501239E-04
 7.82831   -0.193367E-04    0.153467E-06   -0.499780E-04
 7.84633   -0.192390E-04    0.205704E-06   -0.498316E-04
 7.86436   -0.191418E-04    0.257315E-06   -0.496848E-04
 7.88238   -0.190451E-04    0.308310E-06   -0.495374E-04
 7.90041   -0.189489E-04    0.358695E-06   -0.493897E-04
 7.91844   -0.188532E-04    0.408475E-06   -0.492415E-04
 7.93646   -0.187580E-04    0.457660E-06   -0.490929E-04
 7.95449   -0.186633E-04    0.506254E-06   -0.489439E-04
 7.97252   -0.185692E-04    0.554270E-06   -0.487945E-04
 7.99054   -0.184755E-04    0.601710E-06   -0.486448E-04
 8.00857   -0.183824E-04    0.648581E-06   -0.484947E-04
 8.02659   -0.182897E-04    0.694893E-06   -0.483442E-04
 8.04462   -0.181976E-04    0.740650E-06   -0.481935E-04
 8.06265   -0.181060E-04    0.785860E-06   -0.480424E-04
 8.08067   -0.180148E-04    0.830530E-06   -0.478910E-04
 8.09870   -0.179242E-04    0.874664E-06   -0.477393E-04
 8.11672   -0.178341E-04    0.918273E-06   -0.475874E-04
 8.13475   -0.177445E-04    0.961363E-06   -0.474352E-04
 8.15278   -0.176554E-04    0.100394E-05   -0.472828E-04
 8.17080   -0.175668E-04    0.104600E-05   -0.471301E-04
 8.18883   -0.174787E-04    0.108756E-05   -0.469772E-04
 8.20685   -0.173911E-04    0.112863E-05   -0.468241E-04
 8.22488   -0.173040E-04    0.116920E-05   -0.466708E-04
 8.24291   -0.172173E-04    0.120930E-05   -0.465173E-04
 8.26093   -0.171312E-04    0.124891E-05   -0.463636E-04
 8.27896   -0.170456E-04    0.128805E-05   -0.462098E-04
 8.29698   -0.169605E-04    0.132672E-05   -0.460558E-04
 8.31501   -0.168759E-04    0.136493E-05   -0.459017E-04
 8.33304   -0.167918E-04    0.140269E-05   -0.457474E-04
 8.35106   -0.167081E-04    0.143999E-05   -0.455930E-04
 8.36909   -0.166250E-04    0.147685E-05   -0.454386E-04
 8.38711   -0.165423E-04    0.151327E-05   -0.452840E-04
 8.40514   -0.164601E-04    0.154926E-05   -0.451293E-04
 8.42317   -0.163785E-04    0.158481E-05   -0.449746E-04
 8.44119   -0.162973E-04    0.161994E-05   -0.448198E-04
 8.45922   -0.162165E-04    0.165465E-05   -0.446649E-04
 8.47724   -0.161363E-04    0.168895E-05   -0.445100E-04
 8.49527   -0.160566E-04    0.172284E-05   -0.443550E-04
 8.51330   -0.159773E-04    0.175631E-05   -0.442000E-04
 8.53132   -0.158985E-04    0.178940E-05   -0.440451E-04
 8.54935   -0.158201E-04    0.182208E-05   -0.438900E-04
 8.56737   -0.157423E-04    0.185437E-05   -0.437350E-04
 8.58540   -0.156649E-04    0.188628E-05   -0.435800E-04
 8.60343   -0.155880E-04    0.191778E-05   -0.434250E-04
 8.62145   -0.155115E-04    0.194894E-05   -0.432700E-04
 8.63948   -0.154355E-04    0.197970E-05   -0.431151E-04
 8.65751   -0.153600E-04    0.201010E-05   -0.429602E-04
 8.67553   -0.152849E-04    0.204013E-05   -0.428053E-04
 8.69356   -0.152103E-04    0.206980E-05   -0.426505E-04
 8.71158   -0.151362E-04    0.209911E-05   -0.424958E-04
 8.72961   -0.150625E-04    0.212807E-05   -0.423411E-04
 8.74764   -0.149892E-04    0.215668E-05   -0.421865E-04
 8.76566   -0.149164E-04    0.218495E-05   -0.420320E-04
 8.78369   -0.148440E-04    0.221286E-05   -0.418776E-04
 8.80171   -0.147721E-04    0.224043E-05   -0.417233E-04
 8.81974   -0.147006E-04    0.226767E-05   -0.415691E-04
 8.83777   -0.146296E-04    0.229458E-05   -0.414150E-04
 8.85579   -0.145590E-04    0.232116E-05   -0.412610E-04
 8.87382   -0.144888E-04    0.234741E-05   -0.411072E-04
 8.89184   -0.144191E-04    0.237334E-05   -0.409534E-04
 8.90987   -0.143498E-04    0.239896E-05   -0.407998E-04
 8.92790   -0.142809E-04    0.242426E-05   -0.406464E-04
 8.94592   -0.142125E-04    0.244924E-05   -0.404931E-04
 8.96395   -0.141444E-04    0.247392E-05   -0.403400E-04
 8.98197   -0.140768E-04    0.249829E-05   -0.401870E-04
 9.00000   -0.140096E-04    0.252236E-05   -0.400342E-04
