 0.00500    0.162599E-01   -0.850927E-02    0.666533E-02
 0.02303    0.134405E-01   -0.709946E-02    0.560743E-02
 0.04105    0.117737E-01   -0.626552E-02    0.498112E-02
 0.05908    0.105536E-01   -0.565466E-02    0.452168E-02
 0.07710    0.958814E-02   -0.517099E-02    0.415734E-02
 0.09513    0.879132E-02   -0.477146E-02    0.385583E-02
 0.11316    0.811550E-02   -0.443230E-02    0.359937E-02
 0.13118    0.753123E-02   -0.413878E-02    0.337694E-02
 0.14921    0.701888E-02   -0.388111E-02    0.318121E-02
 0.16723    0.656462E-02   -0.365237E-02    0.300702E-02
 0.18526    0.615828E-02   -0.344751E-02    0.285060E-02
 0.20329    0.579213E-02   -0.326267E-02    0.270907E-02
 0.22131    0.546016E-02   -0.309484E-02    0.258019E-02
 0.23934    0.515762E-02   -0.294166E-02    0.246220E-02
 0.25736    0.488066E-02   -0.280121E-02    0.235368E-02
 0.27539    0.462611E-02   -0.267192E-02    0.225345E-02
 0.29342    0.439135E-02   -0.255247E-02    0.216053E-02
 0.31144    0.417417E-02   -0.244177E-02    0.207412E-02
 0.32947    0.397267E-02   -0.233887E-02    0.199352E-02
 0.34749    0.378526E-02   -0.224299E-02    0.191813E-02
 0.36552    0.361056E-02   -0.215343E-02    0.184744E-02
 0.38355    0.344736E-02   -0.206959E-02    0.178102E-02
 0.40157    0.329460E-02   -0.199096E-02    0.171847E-02
 0.41960    0.315137E-02   -0.191707E-02    0.165945E-02
 0.43763    0.301684E-02   -0.184750E-02    0.160367E-02
 0.45565    0.289028E-02   -0.178191E-02    0.155085E-02
 0.47368    0.277105E-02   -0.171998E-02    0.150077E-02
 0.49170    0.265857E-02   -0.166140E-02    0.145320E-02
 0.50973    0.255233E-02   -0.160594E-02    0.140796E-02
 0.52776    0.245186E-02   -0.155335E-02    0.136488E-02
 0.54578    0.235673E-02   -0.150343E-02    0.132380E-02
 0.56381    0.226656E-02   -0.145599E-02    0.128458E-02
 0.58183    0.218101E-02   -0.141085E-02    0.124709E-02
 0.59986    0.209975E-02   -0.136785E-02    0.121123E-02
 0.61789    0.202250E-02   -0.132686E-02    0.117688E-02
 0.63591    0.194900E-02   -0.128775E-02    0.114395E-02
 0.65394    0.187900E-02   -0.125039E-02    0.111234E-02
 0.67196    0.181228E-02   -0.121467E-02    0.108199E-02
 0.68999    0.174865E-02   -0.118049E-02    0.105281E-02
 0.70802    0.168790E-02   -0.114777E-02    0.102473E-02
 0.72604    0.162987E-02   -0.111641E-02    0.997698E-03
 0.74407    0.157440E-02   -0.108633E-02    0.971648E-03
 0.76209    0.152133E-02   -0.105746E-02    0.946528E-03
 0.78012    0.147054E-02   -0.102974E-02    0.922287E-03
 0.79815    0.142190E-02   -0.100310E-02    0.898880E-03
 0.81617    0.137528E-02   -0.977474E-03    0.876262E-03
 0.83420    0.133057E-02   -0.952819E-03    0.854393E-03
 0.85222    0.128768E-02   -0.929080E-03    0.833237E-03
 0.87025    0.124651E-02   -0.906209E-03    0.812758E-03
 0.88828    0.120697E-02   -0.884162E-03    0.792924E-03
 0.90630    0.116897E-02   -0.862899E-03    0.773703E-03
 0.92433    0.113244E-02   -0.842381E-03    0.755069E-03
 0.94235    0.109731E-02   -0.822570E-03    0.736994E-03
 0.96038    0.106350E-02   -0.803435E-03    0.719452E-03
 0.97841    0.103095E-02   -0.784941E-03    0.702421E-03
 0.99643    0.999607E-03   -0.767060E-03    0.685877E-03
 1.01446    0.969408E-03   -0.749764E-03    0.669802E-03
 1.03248    0.940302E-03   -0.733026E-03    0.654174E-03
 1.05051    0.912238E-03   -0.716821E-03    0.638975E-03
 1.06854    0.885169E-03   -0.701127E-03    0.624189E-03
 1.08656    0.859049E-03   -0.685920E-03    0.609798E-03
 1.10459    0.833838E-03   -0.671180E-03    0.595788E-03
 1.12262    0.809496E-03   -0.656887E-03    0.582143E-03
 1.14064    0.785984E-03   -0.643023E-03    0.568849E-03
 1.15867    0.763268E-03   -0.629569E-03    0.555894E-03
 1.17669    0.741314E-03   -0.616510E-03    0.543264E-03
 1.19472    0.720090E-03   -0.603829E-03    0.530949E-03
 1.21275    0.699566E-03   -0.591512E-03    0.518936E-03
 1.23077    0.679713E-03   -0.579544E-03    0.507216E-03
 1.24880    0.660505E-03   -0.567911E-03    0.495778E-03
 1.26682    0.641916E-03   -0.556602E-03    0.484613E-03
 1.28485    0.623920E-03   -0.545603E-03    0.473711E-03
 1.30288    0.606495E-03   -0.534903E-03    0.463063E-03
 1.32090    0.589618E-03   -0.524490E-03    0.452662E-03
 1.33893    0.573268E-03   -0.514356E-03    0.442498E-03
 1.35695    0.557426E-03   -0.504489E-03    0.432565E-03
 1.37498    0.542072E-03   -0.494879E-03    0.422856E-03
 1.39301    0.527188E-03   -0.485518E-03    0.413363E-03
 1.41103    0.512757E-03   -0.476397E-03    0.404080E-03
 1.42906    0.498762E-03   -0.467508E-03    0.395001E-03
 1.44708    0.485187E-03   -0.458843E-03    0.386119E-03
 1.46511    0.472017E-03   -0.450394E-03    0.377429E-03
 1.48314    0.459238E-03   -0.442154E-03    0.368924E-03
 1.50116    0.446835E-03   -0.434115E-03    0.360601E-03
 1.51919    0.434796E-03   -0.426272E-03    0.352453E-03
 1.53721    0.423107E-03   -0.418619E-03    0.344476E-03
 1.55524    0.411758E-03   -0.411147E-03    0.336665E-03
 1.57327    0.400735E-03   -0.403853E-03    0.329016E-03
 1.59129    0.390028E-03   -0.396730E-03    0.321523E-03
 1.60932    0.379626E-03   -0.389773E-03    0.314183E-03
 1.62734    0.369519E-03   -0.382977E-03    0.306992E-03
 1.64537    0.359697E-03   -0.376337E-03    0.299946E-03
 1.66340    0.350152E-03   -0.369848E-03    0.293041E-03
 1.68142    0.340872E-03   -0.363506E-03    0.286274E-03
 1.69945    0.331851E-03   -0.357306E-03    0.279641E-03
 1.71747    0.323080E-03   -0.351244E-03    0.273139E-03
 1.73550    0.314551E-03   -0.345316E-03    0.266765E-03
 1.75353    0.306256E-03   -0.339518E-03    0.260515E-03
 1.77155    0.298188E-03   -0.333846E-03    0.254386E-03
 1.78958    0.290340E-03   -0.328297E-03    0.248376E-03
 1.80761    0.282704E-03   -0.322867E-03    0.242482E-03
 1.82563    0.275275E-03   -0.317554E-03    0.236700E-03
 1.84366    0.268047E-03   -0.312352E-03    0.231030E-03
 1.86168    0.261012E-03   -0.307261E-03    0.225467E-03
 1.87971    0.254166E-03   -0.302276E-03    0.220010E-03
 1.89774    0.247503E-03   -0.297395E-03    0.214655E-03
 1.91576    0.241018E-03   -0.292616E-03    0.209402E-03
 1.93379    0.234704E-03   -0.287934E-03    0.204248E-03
 1.95181    0.228558E-03   -0.283349E-03    0.199190E-03
 1.96984    0.222575E-03   -0.278857E-03    0.194227E-03
 1.98787    0.216750E-03   -0.274456E-03    0.189356E-03
 2.00589    0.211079E-03   -0.270144E-03    0.184576E-03
 2.02392    0.205557E-03   -0.265919E-03    0.179885E-03
 2.04194    0.200181E-03   -0.261778E-03    0.175281E-03
 2.05997    0.194946E-03   -0.257720E-03    0.170762E-03
 2.07800    0.189849E-03   -0.253742E-03    0.166326E-03
 2.09602    0.184886E-03   -0.249843E-03    0.161973E-03
 2.11405    0.180055E-03   -0.246020E-03    0.157701E-03
 2.13207    0.175350E-03   -0.242273E-03    0.153507E-03
 2.15010    0.170771E-03   -0.238600E-03    0.149390E-03
 2.16813    0.166313E-03   -0.234999E-03    0.145350E-03
 2.18615    0.161973E-03   -0.231468E-03    0.141385E-03
 2.20418    0.157749E-03   -0.228006E-03    0.137493E-03
 2.22220    0.153639E-03   -0.224612E-03    0.133673E-03
 2.24023    0.149639E-03   -0.221284E-03    0.129924E-03
 2.25826    0.145747E-03   -0.218021E-03    0.126244E-03
 2.27628    0.141962E-03   -0.214821E-03    0.122633E-03
 2.29431    0.138281E-03   -0.211685E-03    0.119090E-03
 2.31233    0.134702E-03   -0.208609E-03    0.115613E-03
 2.33036    0.131223E-03   -0.205595E-03    0.112202E-03
 2.34839    0.127841E-03   -0.202639E-03    0.108855E-03
 2.36641    0.124555E-03   -0.199742E-03    0.105572E-03
 2.38444    0.121364E-03   -0.196903E-03    0.102351E-03
 2.40246    0.118267E-03   -0.194121E-03    0.991922E-04
 2.42049    0.115260E-03   -0.191394E-03    0.960940E-04
 2.43852    0.112343E-03   -0.188722E-03    0.930556E-04
 2.45654    0.109515E-03   -0.186103E-03    0.900765E-04
 2.47457    0.106773E-03   -0.183539E-03    0.871556E-04
 2.49260    0.104118E-03   -0.181026E-03    0.842923E-04
 2.51062    0.101547E-03   -0.178566E-03    0.814855E-04
 2.52865    0.990579E-04   -0.176156E-03    0.787345E-04
 2.54667    0.966507E-04   -0.173796E-03    0.760386E-04
 2.56470    0.943236E-04   -0.171486E-03    0.733969E-04
 2.58273    0.920754E-04   -0.169225E-03    0.708088E-04
 2.60075    0.899046E-04   -0.167012E-03    0.682734E-04
 2.61878    0.878098E-04   -0.164845E-03    0.657898E-04
 2.63680    0.857895E-04   -0.162725E-03    0.633573E-04
 2.65483    0.838419E-04   -0.160650E-03    0.609747E-04
 2.67286    0.819660E-04   -0.158619E-03    0.586417E-04
 2.69088    0.801597E-04   -0.156632E-03    0.563567E-04
 2.70891    0.784213E-04   -0.154688E-03    0.541191E-04
 2.72693    0.767492E-04   -0.152785E-03    0.519277E-04
 2.74496    0.751408E-04   -0.150923E-03    0.497817E-04
 2.76299    0.735946E-04   -0.149100E-03    0.476797E-04
 2.78101    0.721081E-04   -0.147315E-03    0.456208E-04
 2.79904    0.706793E-04   -0.145567E-03    0.436039E-04
 2.81706    0.693055E-04   -0.143854E-03    0.416276E-04
 2.83509    0.679841E-04   -0.142176E-03    0.396907E-04
 2.85312    0.667125E-04   -0.140530E-03    0.377918E-04
 2.87114    0.654879E-04   -0.138915E-03    0.359296E-04
 2.88917    0.643071E-04   -0.137330E-03    0.341026E-04
 2.90719    0.631670E-04   -0.135773E-03    0.323094E-04
 2.92522    0.620644E-04   -0.134242E-03    0.305485E-04
 2.94325    0.609959E-04   -0.132735E-03    0.288180E-04
 2.96127    0.599581E-04   -0.131251E-03    0.271168E-04
 2.97930    0.589472E-04   -0.129787E-03    0.254432E-04
 2.99732    0.579600E-04   -0.128342E-03    0.237952E-04
 3.01535    0.569924E-04   -0.126915E-03    0.221713E-04
 3.03338    0.560406E-04   -0.125501E-03    0.205698E-04
 3.05140    0.551011E-04   -0.124101E-03    0.189891E-04
 3.06943    0.541696E-04   -0.122711E-03    0.174271E-04
 3.08745    0.532425E-04   -0.121330E-03    0.158821E-04
 3.10548    0.523160E-04   -0.119956E-03    0.143512E-04
 3.12351    0.513861E-04   -0.118586E-03    0.128359E-04
 3.14153    0.504490E-04   -0.117219E-03    0.113325E-04
 3.15956    0.495011E-04   -0.115853E-03    0.983960E-05
 3.17759    0.485394E-04   -0.114486E-03    0.835738E-05
 3.19561    0.475596E-04   -0.113116E-03    0.688087E-05
 3.21364    0.465591E-04   -0.111742E-03    0.541062E-05
 3.23166    0.455346E-04   -0.110361E-03    0.394438E-05
 3.24969    0.444830E-04   -0.108973E-03    0.248211E-05
 3.26772    0.434018E-04   -0.107576E-03    0.102158E-05
 3.28574    0.422885E-04   -0.106168E-03   -0.437982E-06
 3.30377    0.411412E-04   -0.104750E-03   -0.189790E-05
 3.32179    0.399570E-04   -0.103318E-03   -0.335826E-05
 3.33982    0.387351E-04   -0.101873E-03   -0.482084E-05
 3.35785    0.374740E-04   -0.100414E-03   -0.628568E-05
 3.37587    0.361722E-04   -0.989399E-04   -0.775332E-05
 3.39390    0.348291E-04   -0.974507E-04   -0.922454E-05
 3.41192    0.334442E-04   -0.959460E-04   -0.106995E-04
 3.42995    0.320174E-04   -0.944255E-04   -0.121784E-04
 3.44798    0.305487E-04   -0.928897E-04   -0.136613E-04
 3.46600    0.290384E-04   -0.913384E-04   -0.151482E-04
 3.48403    0.274873E-04   -0.897720E-04   -0.166387E-04
 3.50205    0.258962E-04   -0.881910E-04   -0.181328E-04
 3.52008    0.242670E-04   -0.865960E-04   -0.196299E-04
 3.53811    0.226005E-04   -0.849877E-04   -0.211295E-04
 3.55613    0.208989E-04   -0.833670E-04   -0.226312E-04
 3.57416    0.191642E-04   -0.817350E-04   -0.241341E-04
 3.59218    0.173988E-04   -0.800927E-04   -0.256373E-04
 3.61021    0.156047E-04   -0.784418E-04   -0.271402E-04
 3.62824    0.137847E-04   -0.767830E-04   -0.286414E-04
 3.64626    0.119417E-04   -0.751179E-04   -0.301404E-04
 3.66429    0.100788E-04   -0.734479E-04   -0.316358E-04
 3.68231    0.819857E-05   -0.717749E-04   -0.331266E-04
 3.70034    0.630451E-05   -0.701000E-04   -0.346113E-04
 3.71837    0.439977E-05   -0.684252E-04   -0.360893E-04
 3.73639    0.248758E-05   -0.667519E-04   -0.375588E-04
 3.75442    0.571354E-06   -0.650800E-04   -0.390191E-04
 3.77244   -0.134570E-05   -0.634147E-04   -0.404685E-04
 3.79047   -0.326024E-05   -0.617561E-04   -0.419061E-04
 3.80850   -0.516905E-05   -0.601058E-04   -0.433303E-04
 3.82652   -0.706889E-05   -0.584652E-04   -0.447400E-04
 3.84455   -0.895639E-05   -0.568361E-04   -0.461344E-04
 3.86258   -0.108291E-04   -0.552218E-04   -0.475121E-04
 3.88060   -0.126836E-04   -0.536200E-04   -0.488720E-04
 3.89863   -0.145171E-04   -0.520340E-04   -0.502131E-04
 3.91665   -0.163270E-04   -0.504654E-04   -0.515343E-04
 3.93468   -0.181106E-04   -0.489152E-04   -0.528344E-04
 3.95271   -0.198655E-04   -0.473848E-04   -0.541131E-04
 3.97073   -0.215894E-04   -0.458752E-04   -0.553691E-04
 3.98876   -0.232803E-04   -0.443877E-04   -0.566019E-04
 4.00678   -0.249362E-04   -0.429230E-04   -0.578106E-04
 4.02481   -0.265552E-04   -0.414823E-04   -0.589944E-04
 4.04284   -0.281357E-04   -0.400660E-04   -0.601531E-04
 4.06086   -0.296765E-04   -0.386751E-04   -0.612861E-04
 4.07889   -0.311761E-04   -0.373102E-04   -0.623928E-04
 4.09691   -0.326335E-04   -0.359720E-04   -0.634728E-04
 4.11494   -0.340477E-04   -0.346608E-04   -0.645260E-04
 4.13297   -0.354180E-04   -0.333768E-04   -0.655521E-04
 4.15099   -0.367436E-04   -0.321204E-04   -0.665506E-04
 4.16902   -0.380242E-04   -0.308920E-04   -0.675217E-04
 4.18704   -0.392594E-04   -0.296915E-04   -0.684653E-04
 4.20507   -0.404489E-04   -0.285193E-04   -0.693813E-04
 4.22310   -0.415929E-04   -0.273751E-04   -0.702699E-04
 4.24112   -0.426913E-04   -0.262591E-04   -0.711309E-04
 4.25915   -0.437443E-04   -0.251710E-04   -0.719645E-04
 4.27717   -0.447523E-04   -0.241107E-04   -0.727711E-04
 4.29520   -0.457156E-04   -0.230780E-04   -0.735510E-04
 4.31323   -0.466346E-04   -0.220726E-04   -0.743039E-04
 4.33125   -0.475102E-04   -0.210942E-04   -0.750306E-04
 4.34928   -0.483426E-04   -0.201425E-04   -0.757311E-04
 4.36730   -0.491329E-04   -0.192170E-04   -0.764062E-04
 4.38533   -0.498817E-04   -0.183174E-04   -0.770558E-04
 4.40336   -0.505900E-04   -0.174432E-04   -0.776805E-04
 4.42138   -0.512585E-04   -0.165939E-04   -0.782806E-04
 4.43941   -0.518882E-04   -0.157690E-04   -0.788570E-04
 4.45743   -0.524803E-04   -0.149681E-04   -0.794097E-04
 4.47546   -0.530353E-04   -0.141905E-04   -0.799392E-04
 4.49349   -0.535546E-04   -0.134358E-04   -0.804461E-04
 4.51151   -0.540391E-04   -0.127033E-04   -0.809307E-04
 4.52954   -0.544900E-04   -0.119926E-04   -0.813937E-04
 4.54757   -0.549082E-04   -0.113030E-04   -0.818353E-04
 4.56559   -0.552949E-04   -0.106340E-04   -0.822565E-04
 4.58362   -0.556511E-04   -0.998508E-05   -0.826576E-04
 4.60164   -0.559778E-04   -0.935559E-05   -0.830388E-04
 4.61967   -0.562761E-04   -0.874506E-05   -0.834009E-04
 4.63770   -0.565470E-04   -0.815282E-05   -0.837442E-04
 4.65572   -0.567917E-04   -0.757846E-05   -0.840693E-04
 4.67375   -0.570110E-04   -0.702133E-05   -0.843766E-04
 4.69177   -0.572060E-04   -0.648087E-05   -0.846666E-04
 4.70980   -0.573777E-04   -0.595659E-05   -0.849400E-04
 4.72783   -0.575270E-04   -0.544798E-05   -0.851969E-04
 4.74585   -0.576549E-04   -0.495458E-05   -0.854380E-04
 4.76388   -0.577622E-04   -0.447578E-05   -0.856637E-04
 4.78190   -0.578500E-04   -0.401119E-05   -0.858745E-04
 4.79993   -0.579189E-04   -0.356033E-05   -0.860703E-04
 4.81796   -0.579700E-04   -0.312272E-05   -0.862523E-04
 4.83598   -0.580039E-04   -0.269796E-05   -0.864203E-04
 4.85401   -0.580215E-04   -0.228557E-05   -0.865752E-04
 4.87203   -0.580236E-04   -0.188514E-05   -0.867170E-04
 4.89006   -0.580108E-04   -0.149628E-05   -0.868461E-04
 4.90809   -0.579839E-04   -0.111858E-05   -0.869632E-04
 4.92611   -0.579436E-04   -0.751686E-06   -0.870682E-04
 4.94414   -0.578905E-04   -0.395215E-06   -0.871616E-04
 4.96216   -0.578252E-04   -0.488153E-07   -0.872440E-04
 4.98019   -0.577485E-04    0.287866E-06   -0.873155E-04
 4.99822   -0.576608E-04    0.615143E-06   -0.873764E-04
 5.01624   -0.575626E-04    0.933348E-06   -0.874268E-04
 5.03427   -0.574547E-04    0.124277E-05   -0.874677E-04
 5.05229   -0.573374E-04    0.154372E-05   -0.874986E-04
 5.07032   -0.572113E-04    0.183647E-05   -0.875200E-04
 5.08835   -0.570768E-04    0.212129E-05   -0.875325E-04
 5.10637   -0.569345E-04    0.239844E-05   -0.875361E-04
 5.12440   -0.567846E-04    0.266819E-05   -0.875309E-04
 5.14242   -0.566277E-04    0.293077E-05   -0.875174E-04
 5.16045   -0.564641E-04    0.318644E-05   -0.874960E-04
 5.17848   -0.562942E-04    0.343538E-05   -0.874665E-04
 5.19650   -0.561184E-04    0.367781E-05   -0.874293E-04
 5.21453   -0.559370E-04    0.391394E-05   -0.873847E-04
 5.23256   -0.557504E-04    0.414402E-05   -0.873329E-04
 5.25058   -0.555588E-04    0.436817E-05   -0.872740E-04
 5.26861   -0.553625E-04    0.458660E-05   -0.872084E-04
 5.28663   -0.551619E-04    0.479950E-05   -0.871360E-04
 5.30466   -0.549572E-04    0.500703E-05   -0.870572E-04
 5.32269   -0.547487E-04    0.520934E-05   -0.869720E-04
 5.34071   -0.545366E-04    0.540660E-05   -0.868807E-04
 5.35874   -0.543211E-04    0.559898E-05   -0.867835E-04
 5.37676   -0.541026E-04    0.578658E-05   -0.866805E-04
 5.39479   -0.538811E-04    0.596956E-05   -0.865719E-04
 5.41282   -0.536569E-04    0.614807E-05   -0.864578E-04
 5.43084   -0.534302E-04    0.632220E-05   -0.863385E-04
 5.44887   -0.532012E-04    0.649211E-05   -0.862139E-04
 5.46689   -0.529700E-04    0.665792E-05   -0.860844E-04
 5.48492   -0.527368E-04    0.681971E-05   -0.859499E-04
 5.50295   -0.525018E-04    0.697761E-05   -0.858106E-04
 5.52097   -0.522652E-04    0.713176E-05   -0.856668E-04
 5.53900   -0.520270E-04    0.728222E-05   -0.855184E-04
 5.55702   -0.517875E-04    0.742910E-05   -0.853655E-04
 5.57505   -0.515466E-04    0.757249E-05   -0.852086E-04
 5.59308   -0.513047E-04    0.771248E-05   -0.850474E-04
 5.61110   -0.510618E-04    0.784918E-05   -0.848822E-04
 5.62913   -0.508179E-04    0.798265E-05   -0.847130E-04
 5.64715   -0.505733E-04    0.811299E-05   -0.845401E-04
 5.66518   -0.503280E-04    0.824027E-05   -0.843635E-04
 5.68321   -0.500821E-04    0.836457E-05   -0.841833E-04
 5.70123   -0.498358E-04    0.848599E-05   -0.839996E-04
 5.71926   -0.495890E-04    0.860457E-05   -0.838126E-04
 5.73728   -0.493420E-04    0.872041E-05   -0.836222E-04
 5.75531   -0.490947E-04    0.883354E-05   -0.834287E-04
 5.77334   -0.488473E-04    0.894405E-05   -0.832321E-04
 5.79136   -0.485998E-04    0.905200E-05   -0.830324E-04
 5.80939   -0.483523E-04    0.915747E-05   -0.828299E-04
 5.82741   -0.481049E-04    0.926048E-05   -0.826246E-04
 5.84544   -0.478576E-04    0.936112E-05   -0.824164E-04
 5.86347   -0.476105E-04    0.945943E-05   -0.822057E-04
 5.88149   -0.473637E-04    0.955548E-05   -0.819923E-04
 5.89952   -0.471172E-04    0.964931E-05   -0.817765E-04
 5.91755   -0.468710E-04    0.974097E-05   -0.815582E-04
 5.93557   -0.466253E-04    0.983052E-05   -0.813376E-04
 5.95360   -0.463800E-04    0.991801E-05   -0.811148E-04
 5.97162   -0.461353E-04    0.100035E-04   -0.808897E-04
 5.98965   -0.458911E-04    0.100870E-04   -0.806625E-04
 6.00768   -0.456475E-04    0.101685E-04   -0.804332E-04
 6.02570   -0.454045E-04    0.102482E-04   -0.802019E-04
 6.04373   -0.451622E-04    0.103260E-04   -0.799686E-04
 6.06175   -0.449207E-04    0.104021E-04   -0.797335E-04
 6.07978   -0.446799E-04    0.104763E-04   -0.794965E-04
 6.09781   -0.444399E-04    0.105489E-04   -0.792578E-04
 6.11583   -0.442007E-04    0.106198E-04   -0.790174E-04
 6.13386   -0.439624E-04    0.106890E-04   -0.787753E-04
 6.15188   -0.437249E-04    0.107566E-04   -0.785315E-04
 6.16991   -0.434884E-04    0.108227E-04   -0.782862E-04
 6.18794   -0.432528E-04    0.108872E-04   -0.780395E-04
 6.20596   -0.430181E-04    0.109502E-04   -0.777913E-04
 6.22399   -0.427845E-04    0.110117E-04   -0.775416E-04
 6.24201   -0.425518E-04    0.110717E-04   -0.772906E-04
 6.26004   -0.423202E-04    0.111304E-04   -0.770383E-04
 6.27807   -0.420896E-04    0.111877E-04   -0.767847E-04
 6.29609   -0.418601E-04    0.112436E-04   -0.765299E-04
 6.31412   -0.416317E-04    0.112983E-04   -0.762739E-04
 6.33214   -0.414044E-04    0.113516E-04   -0.760168E-04
 6.35017   -0.411782E-04    0.114036E-04   -0.757585E-04
 6.36820   -0.409531E-04    0.114545E-04   -0.754992E-04
 6.38622   -0.407292E-04    0.115041E-04   -0.752389E-04
 6.40425   -0.405064E-04    0.115525E-04   -0.749776E-04
 6.42227   -0.402849E-04    0.115997E-04   -0.747153E-04
 6.44030   -0.400645E-04    0.116457E-04   -0.744521E-04
 6.45833   -0.398453E-04    0.116907E-04   -0.741881E-04
 6.47635   -0.396273E-04    0.117346E-04   -0.739233E-04
 6.49438   -0.394105E-04    0.117774E-04   -0.736576E-04
 6.51240   -0.391949E-04    0.118191E-04   -0.733912E-04
 6.53043   -0.389805E-04    0.118598E-04   -0.731241E-04
 6.54846   -0.387674E-04    0.118995E-04   -0.728564E-04
 6.56648   -0.385555E-04    0.119382E-04   -0.725880E-04
 6.58451   -0.383448E-04    0.119758E-04   -0.723189E-04
 6.60254   -0.381354E-04    0.120126E-04   -0.720494E-04
 6.62056   -0.379272E-04    0.120484E-04   -0.717792E-04
 6.63859   -0.377202E-04    0.120832E-04   -0.715086E-04
 6.65661   -0.375145E-04    0.121172E-04   -0.712375E-04
 6.67464   -0.373100E-04    0.121502E-04   -0.709660E-04
 6.69267   -0.371067E-04    0.121823E-04   -0.706940E-04
 6.71069   -0.369046E-04    0.122136E-04   -0.704217E-04
 6.72872   -0.367038E-04    0.122440E-04   -0.701490E-04
 6.74674   -0.365042E-04    0.122736E-04   -0.698760E-04
 6.76477   -0.363058E-04    0.123023E-04   -0.696027E-04
 6.78280   -0.361086E-04    0.123302E-04   -0.693291E-04
 6.80082   -0.359126E-04    0.123573E-04   -0.690552E-04
 6.81885   -0.357178E-04    0.123835E-04   -0.687812E-04
 6.83687   -0.355241E-04    0.124090E-04   -0.685069E-04
 6.85490   -0.353316E-04    0.124337E-04   -0.682324E-04
 6.87293   -0.351403E-04    0.124576E-04   -0.679578E-04
 6.89095   -0.349502E-04    0.124807E-04   -0.676830E-04
 6.90898   -0.347611E-04    0.125032E-04   -0.674081E-04
 6.92700   -0.345732E-04    0.125249E-04   -0.671331E-04
 6.94503   -0.343864E-04    0.125457E-04   -0.668580E-04
 6.96306   -0.342007E-04    0.125659E-04   -0.665828E-04
 6.98108   -0.340161E-04    0.125853E-04   -0.663076E-04
 6.99911   -0.338326E-04    0.126040E-04   -0.660323E-04
 7.01713   -0.336501E-04    0.126220E-04   -0.657570E-04
 7.03516   -0.334687E-04    0.126392E-04   -0.654817E-04
 7.05319   -0.332884E-04    0.126558E-04   -0.652064E-04
 7.07121   -0.331090E-04    0.126716E-04   -0.649311E-04
 7.08924   -0.329307E-04    0.126867E-04   -0.646559E-04
 7.10726   -0.327533E-04    0.127012E-04   -0.643807E-04
 7.12529   -0.325770E-04    0.127150E-04   -0.641056E-04
 7.14332   -0.324016E-04    0.127280E-04   -0.638305E-04
 7.16134   -0.322271E-04    0.127405E-04   -0.635556E-04
 7.17937   -0.320536E-04    0.127522E-04   -0.632807E-04
 7.19739   -0.318810E-04    0.127632E-04   -0.630060E-04
 7.21542   -0.317094E-04    0.127736E-04   -0.627314E-04
 7.23345   -0.315386E-04    0.127834E-04   -0.624569E-04
 7.25147   -0.313687E-04    0.127925E-04   -0.621827E-04
 7.26950   -0.311998E-04    0.128009E-04   -0.619086E-04
 7.28753   -0.310316E-04    0.128087E-04   -0.616346E-04
 7.30555   -0.308644E-04    0.128159E-04   -0.613609E-04
 7.32358   -0.306979E-04    0.128224E-04   -0.610874E-04
 7.34160   -0.305324E-04    0.128283E-04   -0.608141E-04
 7.35963   -0.303676E-04    0.128336E-04   -0.605410E-04
 7.37766   -0.302037E-04    0.128383E-04   -0.602682E-04
 7.39568   -0.300405E-04    0.128424E-04   -0.599956E-04
 7.41371   -0.298782E-04    0.128458E-04   -0.597233E-04
 7.43173   -0.297166E-04    0.128487E-04   -0.594513E-04
 7.44976   -0.295559E-04    0.128510E-04   -0.591796E-04
 7.46779   -0.293959E-04    0.128527E-04   -0.589082E-04
 7.48581   -0.292367E-04    0.128539E-04   -0.586371E-04
 7.50384   -0.290782E-04    0.128544E-04   -0.583664E-04
 7.52186   -0.289206E-04    0.128544E-04   -0.580959E-04
 7.53989   -0.287636E-04    0.128539E-04   -0.578259E-04
 7.55792   -0.286075E-04    0.128528E-04   -0.575562E-04
 7.57594   -0.284521E-04    0.128512E-04   -0.572869E-04
 7.59397   -0.282974E-04    0.128490E-04   -0.570179E-04
 7.61199   -0.281435E-04    0.128463E-04   -0.567494E-04
 7.63002   -0.279903E-04    0.128431E-04   -0.564813E-04
 7.64805   -0.278378E-04    0.128394E-04   -0.562136E-04
 7.66607   -0.276861E-04    0.128353E-04   -0.559463E-04
 7.68410   -0.275351E-04    0.128306E-04   -0.556795E-04
 7.70212   -0.273849E-04    0.128254E-04   -0.554132E-04
 7.72015   -0.272354E-04    0.128198E-04   -0.551473E-04
 7.73818   -0.270866E-04    0.128137E-04   -0.548819E-04
 7.75620   -0.269386E-04    0.128071E-04   -0.546170E-04
 7.77423   -0.267913E-04    0.128001E-04   -0.543526E-04
 7.79225   -0.266447E-04    0.127927E-04   -0.540887E-04
 7.81028   -0.264989E-04    0.127848E-04   -0.538253E-04
 7.82831   -0.263538E-04    0.127765E-04   -0.535625E-04
 7.84633   -0.262094E-04    0.127678E-04   -0.533002E-04
 7.86436   -0.260658E-04    0.127587E-04   -0.530384E-04
 7.88238   -0.259229E-04    0.127493E-04   -0.527773E-04
 7.90041   -0.257808E-04    0.127394E-04   -0.525167E-04
 7.91844   -0.256395E-04    0.127291E-04   -0.522567E-04
 7.93646   -0.254988E-04    0.127185E-04   -0.519973E-04
 7.95449   -0.253589E-04    0.127076E-04   -0.517385E-04
 7.97252   -0.252198E-04    0.126962E-04   -0.514804E-04
 7.99054   -0.250814E-04    0.126846E-04   -0.512228E-04
 8.00857   -0.249438E-04    0.126726E-04   -0.509659E-04
 8.02659   -0.248069E-04    0.126603E-04   -0.507096E-04
 8.04462   -0.246708E-04    0.126476E-04   -0.504540E-04
 8.06265   -0.245354E-04    0.126347E-04   -0.501990E-04
 8.08067   -0.244009E-04    0.126214E-04   -0.499447E-04
 8.09870   -0.242670E-04    0.126079E-04   -0.496911E-04
 8.11672   -0.241339E-04    0.125941E-04   -0.494382E-04
 8.13475   -0.240016E-04    0.125800E-04   -0.491860E-04
 8.15278   -0.238701E-04    0.125656E-04   -0.489344E-04
 8.17080   -0.237393E-04    0.125510E-04   -0.486836E-04
 8.18883   -0.236093E-04    0.125361E-04   -0.484335E-04
 8.20685   -0.234800E-04    0.125210E-04   -0.481841E-04
 8.22488   -0.233515E-04    0.125056E-04   -0.479354E-04
 8.24291   -0.232238E-04    0.124900E-04   -0.476875E-04
 8.26093   -0.230968E-04    0.124741E-04   -0.474403E-04
 8.27896   -0.229706E-04    0.124580E-04   -0.471939E-04
 8.29698   -0.228451E-04    0.124418E-04   -0.469482E-04
 8.31501   -0.227204E-04    0.124253E-04   -0.467033E-04
 8.33304   -0.225965E-04    0.124086E-04   -0.464591E-04
 8.35106   -0.224734E-04    0.123917E-04   -0.462157E-04
 8.36909   -0.223509E-04    0.123746E-04   -0.459731E-04
 8.38711   -0.222293E-04    0.123573E-04   -0.457312E-04
 8.40514   -0.221084E-04    0.123398E-04   -0.454902E-04
 8.42317   -0.219883E-04    0.123222E-04   -0.452499E-04
 8.44119   -0.218689E-04    0.123043E-04   -0.450105E-04
 8.45922   -0.217502E-04    0.122864E-04   -0.447718E-04
 8.47724   -0.216324E-04    0.122682E-04   -0.445339E-04
 8.49527   -0.215152E-04    0.122499E-04   -0.442969E-04
 8.51330   -0.213988E-04    0.122314E-04   -0.440607E-04
 8.53132   -0.212832E-04    0.122128E-04   -0.438252E-04
 8.54935   -0.211683E-04    0.121941E-04   -0.435906E-04
 8.56737   -0.210541E-04    0.121752E-04   -0.433568E-04
 8.58540   -0.209407E-04    0.121562E-04   -0.431238E-04
 8.60343   -0.208280E-04    0.121370E-04   -0.428917E-04
 8.62145   -0.207160E-04    0.121177E-04   -0.426604E-04
 8.63948   -0.206048E-04    0.120983E-04   -0.424299E-04
 8.65751   -0.204942E-04    0.120787E-04   -0.422002E-04
 8.67553   -0.203844E-04    0.120591E-04   -0.419714E-04
 8.69356   -0.202754E-04    0.120393E-04   -0.417435E-04
 8.71158   -0.201670E-04    0.120194E-04   -0.415163E-04
 8.72961   -0.200593E-04    0.119994E-04   -0.412901E-04
 8.74764   -0.199524E-04    0.119794E-04   -0.410646E-04
 8.76566   -0.198462E-04    0.119592E-04   -0.408400E-04
 8.78369   -0.197406E-04    0.119389E-04   -0.406163E-04
 8.80171   -0.196358E-04    0.119185E-04   -0.403935E-04
 8.81974   -0.195316E-04    0.118980E-04   -0.401714E-04
 8.83777   -0.194282E-04    0.118775E-04   -0.399502E-04
 8.85579   -0.193254E-04    0.118568E-04   -0.397299E-04
 8.87382   -0.192233E-04    0.118361E-04   -0.395105E-04
 8.89184   -0.191219E-04    0.118153E-04   -0.392919E-04
 8.90987   -0.190212E-04    0.117944E-04   -0.390741E-04
 8.92790   -0.189211E-04    0.117734E-04   -0.388572E-04
 8.94592   -0.188218E-04    0.117524E-04   -0.386412E-04
 8.96395   -0.187230E-04    0.117313E-04   -0.384260E-04
 8.98197   -0.186250E-04    0.117101E-04   -0.382117E-04
 9.00000   -0.185276E-04    0.116889E-04   -0.379983E-04
