 0.00500    0.532052E-01   -0.259619E-01    0.188521E-01
 0.01501    0.469550E-01   -0.228371E-01    0.165084E-01
 0.02501    0.427445E-01   -0.207325E-01    0.149308E-01
 0.03502    0.394802E-01   -0.191009E-01    0.137081E-01
 0.04502    0.367951E-01   -0.177589E-01    0.127025E-01
 0.05503    0.345095E-01   -0.166169E-01    0.118473E-01
 0.06503    0.325201E-01   -0.156230E-01    0.111034E-01
 0.07504    0.307603E-01   -0.147441E-01    0.104458E-01
 0.08504    0.291851E-01   -0.139576E-01    0.985763E-02
 0.09505    0.277615E-01   -0.132469E-01    0.932654E-02
 0.10506    0.264648E-01   -0.125998E-01    0.884328E-02
 0.11506    0.252765E-01   -0.120070E-01    0.840079E-02
 0.12507    0.241816E-01   -0.114609E-01    0.799351E-02
 0.13507    0.231683E-01   -0.109557E-01    0.761692E-02
 0.14508    0.222267E-01   -0.104864E-01    0.726739E-02
 0.15508    0.213488E-01   -0.100490E-01    0.694186E-02
 0.16509    0.205279E-01   -0.964014E-02    0.663779E-02
 0.17509    0.197581E-01   -0.925691E-02    0.635302E-02
 0.18510    0.190345E-01   -0.889680E-02    0.608567E-02
 0.19511    0.183529E-01   -0.855771E-02    0.583414E-02
 0.20511    0.177095E-01   -0.823779E-02    0.559704E-02
 0.21512    0.171011E-01   -0.793541E-02    0.537316E-02
 0.22512    0.165249E-01   -0.764914E-02    0.516140E-02
 0.23513    0.159783E-01   -0.737772E-02    0.496082E-02
 0.24513    0.154591E-01   -0.712001E-02    0.477057E-02
 0.25514    0.149652E-01   -0.687502E-02    0.458988E-02
 0.26514    0.144950E-01   -0.664183E-02    0.441808E-02
 0.27515    0.140466E-01   -0.641962E-02    0.425455E-02
 0.28516    0.136187E-01   -0.620766E-02    0.409873E-02
 0.29516    0.132099E-01   -0.600527E-02    0.395012E-02
 0.30517    0.128190E-01   -0.581184E-02    0.380825E-02
 0.31517    0.124448E-01   -0.562682E-02    0.367270E-02
 0.32518    0.120864E-01   -0.544969E-02    0.354309E-02
 0.33518    0.117429E-01   -0.527998E-02    0.341907E-02
 0.34519    0.114133E-01   -0.511728E-02    0.330031E-02
 0.35519    0.110968E-01   -0.496117E-02    0.318651E-02
 0.36520    0.107928E-01   -0.481129E-02    0.307739E-02
 0.37521    0.105006E-01   -0.466730E-02    0.297270E-02
 0.38521    0.102195E-01   -0.452888E-02    0.287220E-02
 0.39522    0.994891E-02   -0.439574E-02    0.277567E-02
 0.40522    0.968833E-02   -0.426761E-02    0.268289E-02
 0.41523    0.943724E-02   -0.414422E-02    0.259368E-02
 0.42523    0.919517E-02   -0.402536E-02    0.250786E-02
 0.43524    0.896168E-02   -0.391078E-02    0.242527E-02
 0.44524    0.873634E-02   -0.380029E-02    0.234574E-02
 0.45525    0.851879E-02   -0.369370E-02    0.226912E-02
 0.46526    0.830864E-02   -0.359081E-02    0.219529E-02
 0.47526    0.810556E-02   -0.349146E-02    0.212411E-02
 0.48527    0.790924E-02   -0.339549E-02    0.205546E-02
 0.49527    0.771936E-02   -0.330274E-02    0.198923E-02
 0.50528    0.753565E-02   -0.321308E-02    0.192530E-02
 0.51528    0.735783E-02   -0.312637E-02    0.186358E-02
 0.52529    0.718565E-02   -0.304247E-02    0.180397E-02
 0.53529    0.701887E-02   -0.296128E-02    0.174638E-02
 0.54530    0.685726E-02   -0.288267E-02    0.169072E-02
 0.55531    0.670061E-02   -0.280654E-02    0.163692E-02
 0.56531    0.654872E-02   -0.273278E-02    0.158489E-02
 0.57532    0.640140E-02   -0.266131E-02    0.153456E-02
 0.58532    0.625846E-02   -0.259204E-02    0.148586E-02
 0.59533    0.611974E-02   -0.252486E-02    0.143873E-02
 0.60533    0.598506E-02   -0.245970E-02    0.139311E-02
 0.61534    0.585427E-02   -0.239649E-02    0.134894E-02
 0.62534    0.572723E-02   -0.233515E-02    0.130615E-02
 0.63535    0.560378E-02   -0.227560E-02    0.126471E-02
 0.64536    0.548380E-02   -0.221778E-02    0.122454E-02
 0.65536    0.536716E-02   -0.216163E-02    0.118562E-02
 0.66537    0.525374E-02   -0.210708E-02    0.114788E-02
 0.67537    0.514342E-02   -0.205408E-02    0.111130E-02
 0.68538    0.503609E-02   -0.200257E-02    0.107582E-02
 0.69538    0.493165E-02   -0.195249E-02    0.104140E-02
 0.70539    0.482999E-02   -0.190381E-02    0.100801E-02
 0.71539    0.473101E-02   -0.185646E-02    0.975613E-03
 0.72540    0.463463E-02   -0.181040E-02    0.944169E-03
 0.73541    0.454076E-02   -0.176559E-02    0.913648E-03
 0.74541    0.444931E-02   -0.172198E-02    0.884015E-03
 0.75542    0.436019E-02   -0.167954E-02    0.855242E-03
 0.76542    0.427334E-02   -0.163823E-02    0.827298E-03
 0.77543    0.418868E-02   -0.159800E-02    0.800156E-03
 0.78543    0.410613E-02   -0.155882E-02    0.773789E-03
 0.79544    0.402563E-02   -0.152067E-02    0.748171E-03
 0.80544    0.394712E-02   -0.148349E-02    0.723277E-03
 0.81545    0.387052E-02   -0.144728E-02    0.699084E-03
 0.82546    0.379579E-02   -0.141198E-02    0.675570E-03
 0.83546    0.372285E-02   -0.137758E-02    0.652710E-03
 0.84547    0.365167E-02   -0.134404E-02    0.630484E-03
 0.85547    0.358217E-02   -0.131135E-02    0.608874E-03
 0.86548    0.351432E-02   -0.127947E-02    0.587859E-03
 0.87548    0.344806E-02   -0.124838E-02    0.567420E-03
 0.88549    0.338335E-02   -0.121805E-02    0.547539E-03
 0.89549    0.332013E-02   -0.118846E-02    0.528201E-03
 0.90550    0.325838E-02   -0.115960E-02    0.509385E-03
 0.91551    0.319803E-02   -0.113144E-02    0.491079E-03
 0.92551    0.313905E-02   -0.110395E-02    0.473268E-03
 0.93552    0.308141E-02   -0.107712E-02    0.455934E-03
 0.94552    0.302506E-02   -0.105093E-02    0.439065E-03
 0.95553    0.296997E-02   -0.102537E-02    0.422647E-03
 0.96553    0.291611E-02   -0.100041E-02    0.406666E-03
 0.97554    0.286343E-02   -0.976029E-03    0.391109E-03
 0.98555    0.281190E-02   -0.952222E-03    0.375964E-03
 0.99555    0.276150E-02   -0.928970E-03    0.361219E-03
 1.00556    0.271220E-02   -0.906256E-03    0.346863E-03
 1.01556    0.266395E-02   -0.884066E-03    0.332884E-03
 1.02557    0.261674E-02   -0.862386E-03    0.319272E-03
 1.03557    0.257054E-02   -0.841201E-03    0.306016E-03
 1.04558    0.252532E-02   -0.820499E-03    0.293107E-03
 1.05558    0.248106E-02   -0.800267E-03    0.280534E-03
 1.06559    0.243772E-02   -0.780492E-03    0.268289E-03
 1.07560    0.239529E-02   -0.761162E-03    0.256362E-03
 1.08560    0.235374E-02   -0.742266E-03    0.244744E-03
 1.09561    0.231305E-02   -0.723791E-03    0.233428E-03
 1.10561    0.227320E-02   -0.705728E-03    0.222405E-03
 1.11562    0.223417E-02   -0.688065E-03    0.211667E-03
 1.12562    0.219593E-02   -0.670793E-03    0.201206E-03
 1.13563    0.215847E-02   -0.653900E-03    0.191015E-03
 1.14563    0.212177E-02   -0.637378E-03    0.181087E-03
 1.15564    0.208580E-02   -0.621217E-03    0.171414E-03
 1.16565    0.205055E-02   -0.605408E-03    0.161991E-03
 1.17565    0.201601E-02   -0.589943E-03    0.152809E-03
 1.18566    0.198215E-02   -0.574812E-03    0.143864E-03
 1.19566    0.194896E-02   -0.560007E-03    0.135149E-03
 1.20567    0.191642E-02   -0.545521E-03    0.126657E-03
 1.21567    0.188452E-02   -0.531346E-03    0.118384E-03
 1.22568    0.185325E-02   -0.517474E-03    0.110324E-03
 1.23568    0.182258E-02   -0.503898E-03    0.102471E-03
 1.24569    0.179250E-02   -0.490611E-03    0.948192E-04
 1.25570    0.176300E-02   -0.477606E-03    0.873648E-04
 1.26570    0.173407E-02   -0.464877E-03    0.801020E-04
 1.27571    0.170570E-02   -0.452416E-03    0.730265E-04
 1.28571    0.167786E-02   -0.440217E-03    0.661334E-04
 1.29572    0.165055E-02   -0.428275E-03    0.594178E-04
 1.30572    0.162376E-02   -0.416583E-03    0.528762E-04
 1.31573    0.159747E-02   -0.405135E-03    0.465035E-04
 1.32573    0.157167E-02   -0.393927E-03    0.402954E-04
 1.33574    0.154636E-02   -0.382951E-03    0.342485E-04
 1.34575    0.152152E-02   -0.372204E-03    0.283585E-04
 1.35575    0.149714E-02   -0.361680E-03    0.226219E-04
 1.36576    0.147321E-02   -0.351374E-03    0.170346E-04
 1.37576    0.144972E-02   -0.341280E-03    0.115931E-04
 1.38577    0.142667E-02   -0.331395E-03    0.629393E-05
 1.39577    0.140403E-02   -0.321713E-03    0.113350E-05
 1.40578    0.138181E-02   -0.312230E-03   -0.389133E-05
 1.41578    0.135999E-02   -0.302941E-03   -0.878395E-05
 1.42579    0.133857E-02   -0.293843E-03   -0.135475E-04
 1.43580    0.131753E-02   -0.284930E-03   -0.181849E-04
 1.44580    0.129688E-02   -0.276200E-03   -0.226994E-04
 1.45581    0.127659E-02   -0.267647E-03   -0.270938E-04
 1.46581    0.125667E-02   -0.259269E-03   -0.313708E-04
 1.47582    0.123710E-02   -0.251061E-03   -0.355332E-04
 1.48582    0.121788E-02   -0.243019E-03   -0.395838E-04
 1.49583    0.119901E-02   -0.235141E-03   -0.435251E-04
 1.50583    0.118046E-02   -0.227422E-03   -0.473597E-04
 1.51584    0.116225E-02   -0.219860E-03   -0.510899E-04
 1.52585    0.114435E-02   -0.212450E-03   -0.547183E-04
 1.53585    0.112677E-02   -0.205191E-03   -0.582471E-04
 1.54586    0.110949E-02   -0.198078E-03   -0.616787E-04
 1.55586    0.109252E-02   -0.191108E-03   -0.650156E-04
 1.56587    0.107584E-02   -0.184279E-03   -0.682591E-04
 1.57587    0.105945E-02   -0.177589E-03   -0.714120E-04
 1.58588    0.104335E-02   -0.171032E-03   -0.744763E-04
 1.59588    0.102752E-02   -0.164608E-03   -0.774540E-04
 1.60589    0.101197E-02   -0.158313E-03   -0.803470E-04
 1.61590    0.996682E-03   -0.152144E-03   -0.831573E-04
 1.62590    0.981658E-03   -0.146100E-03   -0.858866E-04
 1.63591    0.966891E-03   -0.140177E-03   -0.885369E-04
 1.64591    0.952376E-03   -0.134373E-03   -0.911098E-04
 1.65592    0.938109E-03   -0.128685E-03   -0.936071E-04
 1.66592    0.924084E-03   -0.123112E-03   -0.960305E-04
 1.67593    0.910297E-03   -0.117652E-03   -0.983815E-04
 1.68593    0.896744E-03   -0.112302E-03   -0.100662E-03
 1.69594    0.883420E-03   -0.107059E-03   -0.102873E-03
 1.70595    0.870321E-03   -0.101922E-03   -0.105016E-03
 1.71595    0.857442E-03   -0.968886E-04   -0.107094E-03
 1.72596    0.844781E-03   -0.919570E-04   -0.109106E-03
 1.73596    0.832331E-03   -0.871252E-04   -0.111055E-03
 1.74597    0.820091E-03   -0.823911E-04   -0.112943E-03
 1.75597    0.808056E-03   -0.777528E-04   -0.114769E-03
 1.76598    0.796222E-03   -0.732086E-04   -0.116536E-03
 1.77598    0.784585E-03   -0.687567E-04   -0.118245E-03
 1.78599    0.773143E-03   -0.643954E-04   -0.119898E-03
 1.79600    0.761892E-03   -0.601228E-04   -0.121494E-03
 1.80600    0.750827E-03   -0.559376E-04   -0.123036E-03
 1.81601    0.739947E-03   -0.518378E-04   -0.124525E-03
 1.82601    0.729248E-03   -0.478220E-04   -0.125961E-03
 1.83602    0.718727E-03   -0.438888E-04   -0.127347E-03
 1.84602    0.708380E-03   -0.400368E-04   -0.128682E-03
 1.85603    0.698205E-03   -0.362643E-04   -0.129968E-03
 1.86603    0.688198E-03   -0.325698E-04   -0.131206E-03
 1.87604    0.678358E-03   -0.289521E-04   -0.132397E-03
 1.88605    0.668681E-03   -0.254099E-04   -0.133542E-03
 1.89605    0.659164E-03   -0.219416E-04   -0.134641E-03
 1.90606    0.649806E-03   -0.185462E-04   -0.135696E-03
 1.91606    0.640603E-03   -0.152223E-04   -0.136708E-03
 1.92607    0.631552E-03   -0.119689E-04   -0.137677E-03
 1.93607    0.622652E-03   -0.878483E-05   -0.138604E-03
 1.94608    0.613901E-03   -0.566881E-05   -0.139491E-03
 1.95608    0.605295E-03   -0.261951E-05   -0.140337E-03
 1.96609    0.596832E-03    0.363878E-06   -0.141143E-03
 1.97610    0.588511E-03    0.328254E-05   -0.141911E-03
 1.98610    0.580330E-03    0.613741E-05   -0.142640E-03
 1.99611    0.572285E-03    0.892964E-05   -0.143333E-03
 2.00611    0.564376E-03    0.116601E-04   -0.143988E-03
 2.01612    0.556600E-03    0.143298E-04   -0.144608E-03
 2.02612    0.548955E-03    0.169393E-04   -0.145192E-03
 2.03613    0.541440E-03    0.194902E-04   -0.145741E-03
 2.04613    0.534052E-03    0.219827E-04   -0.146256E-03
 2.05614    0.526791E-03    0.244179E-04   -0.146738E-03
 2.06615    0.519654E-03    0.267965E-04   -0.147186E-03
 2.07615    0.512640E-03    0.291194E-04   -0.147601E-03
 2.08616    0.505747E-03    0.313873E-04   -0.147985E-03
 2.09616    0.498973E-03    0.336008E-04   -0.148337E-03
 2.10617    0.492319E-03    0.357608E-04   -0.148657E-03
 2.11617    0.485781E-03    0.378680E-04   -0.148947E-03
 2.12618    0.479358E-03    0.399226E-04   -0.149206E-03
 2.13618    0.473050E-03    0.419258E-04   -0.149436E-03
 2.14619    0.466855E-03    0.438778E-04   -0.149636E-03
 2.15620    0.460771E-03    0.457794E-04   -0.149807E-03
 2.16620    0.454798E-03    0.476312E-04   -0.149950E-03
 2.17621    0.448934E-03    0.494335E-04   -0.150063E-03
 2.18621    0.443178E-03    0.511871E-04   -0.150149E-03
 2.19622    0.437530E-03    0.528922E-04   -0.150207E-03
 2.20622    0.431987E-03    0.545496E-04   -0.150238E-03
 2.21623    0.426550E-03    0.561598E-04   -0.150241E-03
 2.22623    0.421217E-03    0.577230E-04   -0.150218E-03
 2.23624    0.415986E-03    0.592397E-04   -0.150168E-03
 2.24625    0.410859E-03    0.607106E-04   -0.150092E-03
 2.25625    0.405833E-03    0.621358E-04   -0.149989E-03
 2.26626    0.400907E-03    0.635159E-04   -0.149861E-03
 2.27626    0.396081E-03    0.648510E-04   -0.149707E-03
 2.28627    0.391354E-03    0.661417E-04   -0.149528E-03
 2.29627    0.386725E-03    0.673883E-04   -0.149324E-03
 2.30628    0.382194E-03    0.685912E-04   -0.149094E-03
 2.31628    0.377758E-03    0.697506E-04   -0.148840E-03
 2.32629    0.373419E-03    0.708672E-04   -0.148561E-03
 2.33630    0.369175E-03    0.719409E-04   -0.148258E-03
 2.34630    0.365025E-03    0.729725E-04   -0.147931E-03
 2.35631    0.360968E-03    0.739620E-04   -0.147580E-03
 2.36631    0.357005E-03    0.749097E-04   -0.147205E-03
 2.37632    0.353133E-03    0.758163E-04   -0.146807E-03
 2.38632    0.349353E-03    0.766819E-04   -0.146386E-03
 2.39633    0.345663E-03    0.775069E-04   -0.145941E-03
 2.40633    0.342064E-03    0.782917E-04   -0.145473E-03
 2.41634    0.338553E-03    0.790368E-04   -0.144982E-03
 2.42635    0.335130E-03    0.797420E-04   -0.144469E-03
 2.43635    0.331795E-03    0.804082E-04   -0.143934E-03
 2.44636    0.328546E-03    0.810357E-04   -0.143377E-03
 2.45636    0.325383E-03    0.816249E-04   -0.142798E-03
 2.46637    0.322304E-03    0.821763E-04   -0.142197E-03
 2.47637    0.319310E-03    0.826901E-04   -0.141576E-03
 2.48638    0.316397E-03    0.831671E-04   -0.140933E-03
 2.49638    0.313566E-03    0.836075E-04   -0.140270E-03
 2.50639    0.310816E-03    0.840120E-04   -0.139586E-03
 2.51640    0.308145E-03    0.843811E-04   -0.138882E-03
 2.52640    0.305553E-03    0.847153E-04   -0.138159E-03
 2.53641    0.303038E-03    0.850154E-04   -0.137417E-03
 2.54641    0.300598E-03    0.852818E-04   -0.136656E-03
 2.55642    0.298232E-03    0.855154E-04   -0.135877E-03
 2.56642    0.295939E-03    0.857166E-04   -0.135080E-03
 2.57643    0.293718E-03    0.858864E-04   -0.134265E-03
 2.58643    0.291566E-03    0.860255E-04   -0.133434E-03
 2.59644    0.289482E-03    0.861345E-04   -0.132586E-03
 2.60645    0.287464E-03    0.862145E-04   -0.131723E-03
 2.61645    0.285511E-03    0.862661E-04   -0.130844E-03
 2.62646    0.283620E-03    0.862905E-04   -0.129951E-03
 2.63646    0.281790E-03    0.862886E-04   -0.129044E-03
 2.64647    0.280017E-03    0.862613E-04   -0.128124E-03
 2.65647    0.278302E-03    0.862097E-04   -0.127191E-03
 2.66648    0.276640E-03    0.861348E-04   -0.126247E-03
 2.67648    0.275031E-03    0.860377E-04   -0.125291E-03
 2.68649    0.273471E-03    0.859197E-04   -0.124326E-03
 2.69650    0.271958E-03    0.857819E-04   -0.123351E-03
 2.70650    0.270489E-03    0.856255E-04   -0.122368E-03
 2.71651    0.269063E-03    0.854518E-04   -0.121378E-03
 2.72651    0.267676E-03    0.852620E-04   -0.120380E-03
 2.73652    0.266325E-03    0.850577E-04   -0.119377E-03
 2.74652    0.265007E-03    0.848400E-04   -0.118370E-03
 2.75653    0.263721E-03    0.846107E-04   -0.117358E-03
 2.76654    0.262463E-03    0.843703E-04   -0.116344E-03
 2.77654    0.261230E-03    0.841211E-04   -0.115328E-03
 2.78655    0.260019E-03    0.838644E-04   -0.114311E-03
 2.79655    0.258827E-03    0.836015E-04   -0.113295E-03
 2.80656    0.257650E-03    0.833339E-04   -0.112280E-03
 2.81656    0.256487E-03    0.830634E-04   -0.111268E-03
 2.82657    0.255333E-03    0.827913E-04   -0.110260E-03
 2.83657    0.254186E-03    0.825194E-04   -0.109256E-03
 2.84658    0.253042E-03    0.822489E-04   -0.108258E-03
 2.85659    0.251898E-03    0.819815E-04   -0.107267E-03
 2.86659    0.250751E-03    0.817188E-04   -0.106285E-03
 2.87660    0.249598E-03    0.814622E-04   -0.105311E-03
 2.88660    0.248436E-03    0.812136E-04   -0.104348E-03
 2.89661    0.247261E-03    0.809742E-04   -0.103396E-03
 2.90661    0.246071E-03    0.807458E-04   -0.102457E-03
 2.91662    0.244862E-03    0.805294E-04   -0.101531E-03
 2.92662    0.243632E-03    0.803269E-04   -0.100620E-03
 2.93663    0.242377E-03    0.801396E-04   -0.997245E-04
 2.94664    0.241095E-03    0.799689E-04   -0.988452E-04
 2.95664    0.239783E-03    0.798162E-04   -0.979840E-04
 2.96665    0.238438E-03    0.796829E-04   -0.971414E-04
 2.97665    0.237058E-03    0.795702E-04   -0.963183E-04
 2.98666    0.235639E-03    0.794792E-04   -0.955155E-04
 2.99666    0.234180E-03    0.794113E-04   -0.947340E-04
 3.00667    0.232679E-03    0.793676E-04   -0.939746E-04
 3.01667    0.231132E-03    0.793491E-04   -0.932380E-04
 3.02668    0.229539E-03    0.793572E-04   -0.925251E-04
 3.03669    0.227896E-03    0.793923E-04   -0.918364E-04
 3.04669    0.226202E-03    0.794557E-04   -0.911727E-04
 3.05670    0.224456E-03    0.795482E-04   -0.905344E-04
 3.06670    0.222654E-03    0.796706E-04   -0.899226E-04
 3.07671    0.220798E-03    0.798234E-04   -0.893366E-04
 3.08671    0.218885E-03    0.800074E-04   -0.887780E-04
 3.09672    0.216913E-03    0.802230E-04   -0.882468E-04
 3.10672    0.214882E-03    0.804708E-04   -0.877435E-04
 3.11673    0.212791E-03    0.807509E-04   -0.872680E-04
 3.12674    0.210640E-03    0.810645E-04   -0.868208E-04
 3.13674    0.208428E-03    0.814110E-04   -0.864019E-04
 3.14675    0.206154E-03    0.817907E-04   -0.860115E-04
 3.15675    0.203818E-03    0.822040E-04   -0.856498E-04
 3.16676    0.201421E-03    0.826507E-04   -0.853160E-04
 3.17676    0.198961E-03    0.831305E-04   -0.850111E-04
 3.18677    0.196440E-03    0.836439E-04   -0.847344E-04
 3.19677    0.193858E-03    0.841903E-04   -0.844861E-04
 3.20678    0.191216E-03    0.847694E-04   -0.842655E-04
 3.21679    0.188513E-03    0.853809E-04   -0.840728E-04
 3.22679    0.185751E-03    0.860244E-04   -0.839073E-04
 3.23680    0.182932E-03    0.866994E-04   -0.837687E-04
 3.24680    0.180056E-03    0.874053E-04   -0.836566E-04
 3.25681    0.177123E-03    0.881416E-04   -0.835705E-04
 3.26681    0.174137E-03    0.889074E-04   -0.835099E-04
 3.27682    0.171098E-03    0.897020E-04   -0.834742E-04
 3.28682    0.168007E-03    0.905247E-04   -0.834628E-04
 3.29683    0.164868E-03    0.913746E-04   -0.834751E-04
 3.30684    0.161680E-03    0.922507E-04   -0.835103E-04
 3.31684    0.158447E-03    0.931520E-04   -0.835675E-04
 3.32685    0.155170E-03    0.940776E-04   -0.836462E-04
 3.33685    0.151852E-03    0.950263E-04   -0.837457E-04
 3.34686    0.148494E-03    0.959972E-04   -0.838647E-04
 3.35686    0.145099E-03    0.969891E-04   -0.840029E-04
 3.36687    0.141669E-03    0.980008E-04   -0.841590E-04
 3.37687    0.138208E-03    0.990312E-04   -0.843325E-04
 3.38688    0.134716E-03    0.100079E-03   -0.845223E-04
 3.39689    0.131196E-03    0.101143E-03   -0.847274E-04
 3.40689    0.127651E-03    0.102222E-03   -0.849470E-04
 3.41690    0.124084E-03    0.103314E-03   -0.851799E-04
 3.42690    0.120496E-03    0.104419E-03   -0.854255E-04
 3.43691    0.116892E-03    0.105536E-03   -0.856826E-04
 3.44691    0.113272E-03    0.106662E-03   -0.859503E-04
 3.45692    0.109641E-03    0.107796E-03   -0.862276E-04
 3.46692    0.106000E-03    0.108938E-03   -0.865136E-04
 3.47693    0.102352E-03    0.110085E-03   -0.868072E-04
 3.48694    0.986991E-04    0.111237E-03   -0.871078E-04
 3.49694    0.950446E-04    0.112393E-03   -0.874142E-04
 3.50695    0.913909E-04    0.113551E-03   -0.877253E-04
 3.51695    0.877401E-04    0.114710E-03   -0.880396E-04
 3.52696    0.840952E-04    0.115868E-03   -0.883579E-04
 3.53696    0.804585E-04    0.117024E-03   -0.886780E-04
 3.54697    0.768318E-04    0.118178E-03   -0.889992E-04
 3.55697    0.732179E-04    0.119328E-03   -0.893207E-04
 3.56698    0.696190E-04    0.120473E-03   -0.896418E-04
 3.57699    0.660373E-04    0.121612E-03   -0.899617E-04
 3.58699    0.624748E-04    0.122744E-03   -0.902794E-04
 3.59700    0.589339E-04    0.123868E-03   -0.905943E-04
 3.60700    0.554162E-04    0.124982E-03   -0.909055E-04
 3.61701    0.519241E-04    0.126086E-03   -0.912124E-04
 3.62701    0.484592E-04    0.127179E-03   -0.915143E-04
 3.63702    0.450233E-04    0.128260E-03   -0.918103E-04
 3.64702    0.416184E-04    0.129328E-03   -0.921001E-04
 3.65703    0.382460E-04    0.130382E-03   -0.923829E-04
 3.66704    0.349077E-04    0.131421E-03   -0.926581E-04
 3.67704    0.316052E-04    0.132445E-03   -0.929248E-04
 3.68705    0.283398E-04    0.133454E-03   -0.931829E-04
 3.69705    0.251126E-04    0.134445E-03   -0.934318E-04
 3.70706    0.219253E-04    0.135419E-03   -0.936711E-04
 3.71706    0.187789E-04    0.136375E-03   -0.939002E-04
 3.72707    0.156747E-04    0.137313E-03   -0.941188E-04
 3.73707    0.126137E-04    0.138231E-03   -0.943265E-04
 3.74708    0.959664E-05    0.139130E-03   -0.945228E-04
 3.75709    0.662469E-05    0.140009E-03   -0.947075E-04
 3.76709    0.369856E-05    0.140868E-03   -0.948801E-04
 3.77710    0.818805E-06    0.141705E-03   -0.950407E-04
 3.78710   -0.201363E-05    0.142522E-03   -0.951888E-04
 3.79711   -0.479823E-05    0.143317E-03   -0.953241E-04
 3.80711   -0.753441E-05    0.144091E-03   -0.954465E-04
 3.81712   -0.102219E-04    0.144843E-03   -0.955557E-04
 3.82712   -0.128601E-04    0.145573E-03   -0.956518E-04
 3.83713   -0.154487E-04    0.146280E-03   -0.957347E-04
 3.84714   -0.179875E-04    0.146965E-03   -0.958040E-04
 3.85714   -0.204762E-04    0.147627E-03   -0.958596E-04
 3.86715   -0.229147E-04    0.148267E-03   -0.959017E-04
 3.87715   -0.253029E-04    0.148884E-03   -0.959301E-04
 3.88716   -0.276407E-04    0.149479E-03   -0.959449E-04
 3.89716   -0.299281E-04    0.150051E-03   -0.959461E-04
 3.90717   -0.321653E-04    0.150600E-03   -0.959336E-04
 3.91717   -0.343523E-04    0.151127E-03   -0.959075E-04
 3.92718   -0.364892E-04    0.151631E-03   -0.958674E-04
 3.93719   -0.385764E-04    0.152113E-03   -0.958138E-04
 3.94719   -0.406140E-04    0.152572E-03   -0.957473E-04
 3.95720   -0.426022E-04    0.153009E-03   -0.956672E-04
 3.96720   -0.445417E-04    0.153425E-03   -0.955739E-04
 3.97721   -0.464324E-04    0.153818E-03   -0.954678E-04
 3.98721   -0.482845E-04    0.154190E-03   -0.953484E-04
 3.99722   -0.500699E-04    0.154540E-03   -0.952164E-04
 4.00722   -0.518174E-04    0.154870E-03   -0.950714E-04
 4.01723   -0.535182E-04    0.155178E-03   -0.949141E-04
 4.02724   -0.551726E-04    0.155466E-03   -0.947444E-04
 4.03724   -0.567813E-04    0.155733E-03   -0.945629E-04
 4.04725   -0.583448E-04    0.155980E-03   -0.943693E-04
 4.05725   -0.598636E-04    0.156207E-03   -0.941640E-04
 4.06726   -0.613384E-04    0.156415E-03   -0.939471E-04
 4.07726   -0.627699E-04    0.156603E-03   -0.937191E-04
 4.08727   -0.641584E-04    0.156773E-03   -0.934800E-04
 4.09727   -0.655047E-04    0.156923E-03   -0.932298E-04
 4.10728   -0.668095E-04    0.157056E-03   -0.929694E-04
 4.11729   -0.680735E-04    0.157170E-03   -0.926983E-04
 4.12729   -0.692974E-04    0.157267E-03   -0.924175E-04
 4.13730   -0.704818E-04    0.157346E-03   -0.921265E-04
 4.14730   -0.716274E-04    0.157408E-03   -0.918258E-04
 4.15731   -0.727347E-04    0.157454E-03   -0.915156E-04
 4.16731   -0.738047E-04    0.157483E-03   -0.911962E-04
 4.17732   -0.748380E-04    0.157497E-03   -0.908680E-04
 4.18732   -0.758353E-04    0.157494E-03   -0.905311E-04
 4.19733   -0.767973E-04    0.157477E-03   -0.901859E-04
 4.20734   -0.777248E-04    0.157444E-03   -0.898322E-04
 4.21734   -0.786183E-04    0.157397E-03   -0.894706E-04
 4.22735   -0.794788E-04    0.157335E-03   -0.891014E-04
 4.23735   -0.803067E-04    0.157260E-03   -0.887248E-04
 4.24736   -0.811030E-04    0.157171E-03   -0.883409E-04
 4.25736   -0.818680E-04    0.157069E-03   -0.879500E-04
 4.26737   -0.826027E-04    0.156954E-03   -0.875524E-04
 4.27737   -0.833077E-04    0.156827E-03   -0.871482E-04
 4.28738   -0.839837E-04    0.156687E-03   -0.867377E-04
 4.29739   -0.846312E-04    0.156535E-03   -0.863213E-04
 4.30739   -0.852512E-04    0.156372E-03   -0.858990E-04
 4.31740   -0.858440E-04    0.156197E-03   -0.854710E-04
 4.32740   -0.864105E-04    0.156012E-03   -0.850378E-04
 4.33741   -0.869512E-04    0.155815E-03   -0.845994E-04
 4.34741   -0.874668E-04    0.155609E-03   -0.841560E-04
 4.35742   -0.879580E-04    0.155392E-03   -0.837078E-04
 4.36742   -0.884251E-04    0.155166E-03   -0.832552E-04
 4.37743   -0.888691E-04    0.154930E-03   -0.827983E-04
 4.38744   -0.892904E-04    0.154686E-03   -0.823373E-04
 4.39744   -0.896896E-04    0.154432E-03   -0.818722E-04
 4.40745   -0.900672E-04    0.154169E-03   -0.814034E-04
 4.41745   -0.904240E-04    0.153899E-03   -0.809311E-04
 4.42746   -0.907604E-04    0.153620E-03   -0.804556E-04
 4.43746   -0.910768E-04    0.153334E-03   -0.799768E-04
 4.44747   -0.913740E-04    0.153040E-03   -0.794949E-04
 4.45747   -0.916524E-04    0.152739E-03   -0.790103E-04
 4.46748   -0.919125E-04    0.152431E-03   -0.785229E-04
 4.47749   -0.921551E-04    0.152116E-03   -0.780333E-04
 4.48749   -0.923800E-04    0.151794E-03   -0.775409E-04
 4.49750   -0.925883E-04    0.151466E-03   -0.770470E-04
 4.50750   -0.927803E-04    0.151132E-03   -0.765506E-04
 4.51751   -0.929564E-04    0.150792E-03   -0.760525E-04
 4.52751   -0.931172E-04    0.150447E-03   -0.755525E-04
 4.53752   -0.932630E-04    0.150096E-03   -0.750510E-04
 4.54753   -0.933942E-04    0.149740E-03   -0.745483E-04
 4.55753   -0.935114E-04    0.149379E-03   -0.740441E-04
 4.56754   -0.936148E-04    0.149013E-03   -0.735388E-04
 4.57754   -0.937049E-04    0.148643E-03   -0.730323E-04
 4.58755   -0.937822E-04    0.148268E-03   -0.725250E-04
 4.59755   -0.938471E-04    0.147888E-03   -0.720167E-04
 4.60756   -0.938995E-04    0.147505E-03   -0.715079E-04
 4.61756   -0.939403E-04    0.147118E-03   -0.709988E-04
 4.62757   -0.939697E-04    0.146727E-03   -0.704887E-04
 4.63758   -0.939880E-04    0.146332E-03   -0.699790E-04
 4.64758   -0.939956E-04    0.145934E-03   -0.694682E-04
 4.65759   -0.939927E-04    0.145533E-03   -0.689576E-04
 4.66759   -0.939797E-04    0.145128E-03   -0.684471E-04
 4.67760   -0.939571E-04    0.144721E-03   -0.679363E-04
 4.68760   -0.939251E-04    0.144311E-03   -0.674255E-04
 4.69761   -0.938836E-04    0.143898E-03   -0.669153E-04
 4.70761   -0.938332E-04    0.143482E-03   -0.664054E-04
 4.71762   -0.937744E-04    0.143065E-03   -0.658957E-04
 4.72763   -0.937073E-04    0.142644E-03   -0.653868E-04
 4.73763   -0.936320E-04    0.142222E-03   -0.648777E-04
 4.74764   -0.935488E-04    0.141798E-03   -0.643699E-04
 4.75764   -0.934582E-04    0.141371E-03   -0.638626E-04
 4.76765   -0.933602E-04    0.140943E-03   -0.633560E-04
 4.77765   -0.932552E-04    0.140513E-03   -0.628502E-04
 4.78766   -0.931433E-04    0.140082E-03   -0.623453E-04
 4.79766   -0.930248E-04    0.139649E-03   -0.618414E-04
 4.80767   -0.928999E-04    0.139214E-03   -0.613384E-04
 4.81768   -0.927690E-04    0.138778E-03   -0.608365E-04
 4.82768   -0.926317E-04    0.138341E-03   -0.603356E-04
 4.83769   -0.924891E-04    0.137903E-03   -0.598358E-04
 4.84769   -0.923405E-04    0.137464E-03   -0.593374E-04
 4.85770   -0.921865E-04    0.137024E-03   -0.588402E-04
 4.86770   -0.920274E-04    0.136583E-03   -0.583444E-04
 4.87771   -0.918633E-04    0.136141E-03   -0.578498E-04
 4.88771   -0.916944E-04    0.135699E-03   -0.573566E-04
 4.89772   -0.915207E-04    0.135256E-03   -0.568647E-04
 4.90773   -0.913425E-04    0.134812E-03   -0.563742E-04
 4.91773   -0.911599E-04    0.134368E-03   -0.558856E-04
 4.92774   -0.909732E-04    0.133924E-03   -0.553984E-04
 4.93774   -0.907824E-04    0.133479E-03   -0.549126E-04
 4.94775   -0.905879E-04    0.133034E-03   -0.544283E-04
 4.95775   -0.903891E-04    0.132588E-03   -0.539458E-04
 4.96776   -0.901871E-04    0.132143E-03   -0.534651E-04
 4.97776   -0.899814E-04    0.131697E-03   -0.529863E-04
 4.98777   -0.897724E-04    0.131251E-03   -0.525090E-04
 4.99778   -0.895602E-04    0.130805E-03   -0.520329E-04
 5.00778   -0.893448E-04    0.130360E-03   -0.515590E-04
 5.01779   -0.891265E-04    0.129914E-03   -0.510869E-04
 5.02779   -0.889053E-04    0.129469E-03   -0.506167E-04
 5.03780   -0.886813E-04    0.129024E-03   -0.501483E-04
 5.04780   -0.884547E-04    0.128579E-03   -0.496817E-04
 5.05781   -0.882256E-04    0.128134E-03   -0.492171E-04
 5.06781   -0.879938E-04    0.127690E-03   -0.487546E-04
 5.07782   -0.877599E-04    0.127246E-03   -0.482938E-04
 5.08783   -0.875237E-04    0.126802E-03   -0.478349E-04
 5.09783   -0.872852E-04    0.126359E-03   -0.473781E-04
 5.10784   -0.870448E-04    0.125917E-03   -0.469232E-04
 5.11784   -0.868023E-04    0.125475E-03   -0.464706E-04
 5.12785   -0.865580E-04    0.125033E-03   -0.460199E-04
 5.13785   -0.863119E-04    0.124592E-03   -0.455713E-04
 5.14786   -0.860640E-04    0.124152E-03   -0.451247E-04
 5.15786   -0.858146E-04    0.123713E-03   -0.446803E-04
 5.16787   -0.855635E-04    0.123274E-03   -0.442380E-04
 5.17788   -0.853110E-04    0.122836E-03   -0.437978E-04
 5.18788   -0.850570E-04    0.122398E-03   -0.433600E-04
 5.19789   -0.848017E-04    0.121962E-03   -0.429242E-04
 5.20789   -0.845451E-04    0.121526E-03   -0.424905E-04
 5.21790   -0.842874E-04    0.121091E-03   -0.420590E-04
 5.22790   -0.840284E-04    0.120657E-03   -0.416298E-04
 5.23791   -0.837684E-04    0.120224E-03   -0.412029E-04
 5.24791   -0.835073E-04    0.119792E-03   -0.407782E-04
 5.25792   -0.832453E-04    0.119360E-03   -0.403558E-04
 5.26793   -0.829823E-04    0.118930E-03   -0.399355E-04
 5.27793   -0.827186E-04    0.118501E-03   -0.395176E-04
 5.28794   -0.824540E-04    0.118072E-03   -0.391019E-04
 5.29794   -0.821887E-04    0.117645E-03   -0.386885E-04
 5.30795   -0.819227E-04    0.117218E-03   -0.382775E-04
 5.31795   -0.816560E-04    0.116793E-03   -0.378689E-04
 5.32796   -0.813889E-04    0.116369E-03   -0.374622E-04
 5.33796   -0.811212E-04    0.115946E-03   -0.370580E-04
 5.34797   -0.808529E-04    0.115524E-03   -0.366561E-04
 5.35798   -0.805839E-04    0.115103E-03   -0.362564E-04
 5.36798   -0.803148E-04    0.114683E-03   -0.358591E-04
 5.37799   -0.800453E-04    0.114264E-03   -0.354641E-04
 5.38799   -0.797754E-04    0.113846E-03   -0.350713E-04
 5.39800   -0.795052E-04    0.113430E-03   -0.346808E-04
 5.40800   -0.792350E-04    0.113015E-03   -0.342926E-04
 5.41801   -0.789644E-04    0.112601E-03   -0.339066E-04
 5.42801   -0.786935E-04    0.112188E-03   -0.335229E-04
 5.43802   -0.784227E-04    0.111776E-03   -0.331414E-04
 5.44803   -0.781517E-04    0.111366E-03   -0.327622E-04
 5.45803   -0.778807E-04    0.110957E-03   -0.323853E-04
 5.46804   -0.776096E-04    0.110549E-03   -0.320106E-04
 5.47804   -0.773385E-04    0.110142E-03   -0.316380E-04
 5.48805   -0.770675E-04    0.109737E-03   -0.312677E-04
 5.49805   -0.767966E-04    0.109333E-03   -0.308996E-04
 5.50806   -0.765257E-04    0.108930E-03   -0.305336E-04
 5.51806   -0.762550E-04    0.108529E-03   -0.301699E-04
 5.52807   -0.759847E-04    0.108129E-03   -0.298083E-04
 5.53808   -0.757143E-04    0.107730E-03   -0.294488E-04
 5.54808   -0.754441E-04    0.107332E-03   -0.290916E-04
 5.55809   -0.751740E-04    0.106936E-03   -0.287364E-04
 5.56809   -0.749044E-04    0.106541E-03   -0.283834E-04
 5.57810   -0.746352E-04    0.106147E-03   -0.280326E-04
 5.58810   -0.743662E-04    0.105755E-03   -0.276838E-04
 5.59811   -0.740978E-04    0.105364E-03   -0.273372E-04
 5.60811   -0.738294E-04    0.104975E-03   -0.269927E-04
 5.61812   -0.735615E-04    0.104587E-03   -0.266502E-04
 5.62813   -0.732942E-04    0.104200E-03   -0.263100E-04
 5.63813   -0.730272E-04    0.103815E-03   -0.259717E-04
 5.64814   -0.727608E-04    0.103431E-03   -0.256356E-04
 5.65814   -0.724949E-04    0.103048E-03   -0.253015E-04
 5.66815   -0.722295E-04    0.102667E-03   -0.249695E-04
 5.67815   -0.719646E-04    0.102287E-03   -0.246396E-04
 5.68816   -0.717004E-04    0.101909E-03   -0.243117E-04
 5.69816   -0.714367E-04    0.101532E-03   -0.239859E-04
 5.70817   -0.711736E-04    0.101156E-03   -0.236621E-04
 5.71818   -0.709112E-04    0.100782E-03   -0.233404E-04
 5.72818   -0.706494E-04    0.100409E-03   -0.230207E-04
 5.73819   -0.703883E-04    0.100038E-03   -0.227031E-04
 5.74819   -0.701279E-04    0.996682E-04   -0.223876E-04
 5.75820   -0.698682E-04    0.992997E-04   -0.220741E-04
 5.76820   -0.696092E-04    0.989328E-04   -0.217625E-04
 5.77821   -0.693510E-04    0.985672E-04   -0.214530E-04
 5.78821   -0.690936E-04    0.982032E-04   -0.211456E-04
 5.79822   -0.688369E-04    0.978405E-04   -0.208401E-04
 5.80823   -0.685811E-04    0.974793E-04   -0.205367E-04
 5.81823   -0.683260E-04    0.971196E-04   -0.202352E-04
 5.82824   -0.680718E-04    0.967613E-04   -0.199357E-04
 5.83824   -0.678185E-04    0.964049E-04   -0.196383E-04
 5.84825   -0.675660E-04    0.960496E-04   -0.193428E-04
 5.85825   -0.673144E-04    0.956957E-04   -0.190493E-04
 5.86826   -0.670638E-04    0.953433E-04   -0.187578E-04
 5.87826   -0.668139E-04    0.949923E-04   -0.184682E-04
 5.88827   -0.665649E-04    0.946424E-04   -0.181806E-04
 5.89828   -0.663169E-04    0.942944E-04   -0.178949E-04
 5.90828   -0.660699E-04    0.939478E-04   -0.176112E-04
 5.91829   -0.658238E-04    0.936027E-04   -0.173294E-04
 5.92829   -0.655787E-04    0.932591E-04   -0.170495E-04
 5.93830   -0.653345E-04    0.929169E-04   -0.167716E-04
 5.94830   -0.650913E-04    0.925762E-04   -0.164955E-04
 5.95831   -0.648491E-04    0.922370E-04   -0.162214E-04
 5.96831   -0.646079E-04    0.918992E-04   -0.159491E-04
 5.97832   -0.643677E-04    0.915630E-04   -0.156788E-04
 5.98833   -0.641285E-04    0.912281E-04   -0.154103E-04
 5.99833   -0.638904E-04    0.908946E-04   -0.151437E-04
 6.00834   -0.636532E-04    0.905627E-04   -0.148790E-04
 6.01834   -0.634171E-04    0.902323E-04   -0.146161E-04
 6.02835   -0.631820E-04    0.899032E-04   -0.143551E-04
 6.03835   -0.629480E-04    0.895757E-04   -0.140959E-04
 6.04836   -0.627150E-04    0.892496E-04   -0.138385E-04
 6.05836   -0.624830E-04    0.889249E-04   -0.135829E-04
 6.06837   -0.622521E-04    0.886017E-04   -0.133292E-04
 6.07838   -0.620223E-04    0.882799E-04   -0.130773E-04
 6.08838   -0.617934E-04    0.879595E-04   -0.128271E-04
 6.09839   -0.615657E-04    0.876406E-04   -0.125788E-04
 6.10839   -0.613390E-04    0.873231E-04   -0.123322E-04
 6.11840   -0.611133E-04    0.870070E-04   -0.120873E-04
 6.12840   -0.608887E-04    0.866923E-04   -0.118442E-04
 6.13841   -0.606652E-04    0.863791E-04   -0.116029E-04
 6.14841   -0.604427E-04    0.860672E-04   -0.113633E-04
 6.15842   -0.602212E-04    0.857567E-04   -0.111255E-04
 6.16843   -0.600008E-04    0.854477E-04   -0.108893E-04
 6.17843   -0.597814E-04    0.851400E-04   -0.106549E-04
 6.18844   -0.595631E-04    0.848337E-04   -0.104221E-04
 6.19844   -0.593457E-04    0.845288E-04   -0.101910E-04
 6.20845   -0.591295E-04    0.842252E-04   -0.996161E-05
 6.21845   -0.589142E-04    0.839230E-04   -0.973389E-05
 6.22846   -0.586999E-04    0.836221E-04   -0.950780E-05
 6.23846   -0.584866E-04    0.833226E-04   -0.928337E-05
 6.24847   -0.582744E-04    0.830244E-04   -0.906057E-05
 6.25848   -0.580631E-04    0.827276E-04   -0.883941E-05
 6.26848   -0.578528E-04    0.824321E-04   -0.861982E-05
 6.27849   -0.576435E-04    0.821378E-04   -0.840185E-05
 6.28849   -0.574352E-04    0.818449E-04   -0.818547E-05
 6.29850   -0.572278E-04    0.815534E-04   -0.797066E-05
 6.30850   -0.570213E-04    0.812630E-04   -0.775742E-05
 6.31851   -0.568158E-04    0.809740E-04   -0.754574E-05
 6.32852   -0.566112E-04    0.806861E-04   -0.733560E-05
 6.33852   -0.564076E-04    0.803996E-04   -0.712699E-05
 6.34853   -0.562048E-04    0.801143E-04   -0.691989E-05
 6.35853   -0.560030E-04    0.798303E-04   -0.671432E-05
 6.36854   -0.558020E-04    0.795475E-04   -0.651022E-05
 6.37854   -0.556020E-04    0.792659E-04   -0.630761E-05
 6.38855   -0.554027E-04    0.789855E-04   -0.610647E-05
 6.39855   -0.552044E-04    0.787064E-04   -0.590680E-05
 6.40856   -0.550069E-04    0.784284E-04   -0.570860E-05
 6.41857   -0.548102E-04    0.781516E-04   -0.551178E-05
 6.42857   -0.546143E-04    0.778760E-04   -0.531641E-05
 6.43858   -0.544193E-04    0.776016E-04   -0.512247E-05
 6.44858   -0.542250E-04    0.773283E-04   -0.492991E-05
 6.45859   -0.540316E-04    0.770562E-04   -0.473875E-05
 6.46859   -0.538389E-04    0.767852E-04   -0.454895E-05
 6.47860   -0.536470E-04    0.765153E-04   -0.436053E-05
 6.48860   -0.534559E-04    0.762466E-04   -0.417348E-05
 6.49861   -0.532655E-04    0.759789E-04   -0.398774E-05
 6.50862   -0.530758E-04    0.757124E-04   -0.380336E-05
 6.51862   -0.528868E-04    0.754469E-04   -0.362028E-05
 6.52863   -0.526986E-04    0.751826E-04   -0.343851E-05
 6.53863   -0.525110E-04    0.749194E-04   -0.325803E-05
 6.54864   -0.523242E-04    0.746571E-04   -0.307885E-05
 6.55864   -0.521380E-04    0.743959E-04   -0.290094E-05
 6.56865   -0.519525E-04    0.741358E-04   -0.272431E-05
 6.57865   -0.517676E-04    0.738767E-04   -0.254892E-05
 6.58866   -0.515834E-04    0.736187E-04   -0.237476E-05
 6.59867   -0.513999E-04    0.733617E-04   -0.220184E-05
 6.60867   -0.512169E-04    0.731056E-04   -0.203015E-05
 6.61868   -0.510346E-04    0.728506E-04   -0.185964E-05
 6.62868   -0.508529E-04    0.725966E-04   -0.169034E-05
 6.63869   -0.506717E-04    0.723436E-04   -0.152224E-05
 6.64869   -0.504912E-04    0.720916E-04   -0.135531E-05
 6.65870   -0.503112E-04    0.718405E-04   -0.118955E-05
 6.66870   -0.501318E-04    0.715904E-04   -0.102495E-05
 6.67871   -0.499530E-04    0.713412E-04   -0.861501E-06
 6.68872   -0.497747E-04    0.710930E-04   -0.699199E-06
 6.69872   -0.495969E-04    0.708458E-04   -0.538018E-06
 6.70873   -0.494197E-04    0.705995E-04   -0.377956E-06
 6.71873   -0.492431E-04    0.703541E-04   -0.219010E-06
 6.72874   -0.490669E-04    0.701096E-04   -0.611682E-07
 6.73874   -0.488913E-04    0.698660E-04    0.955824E-07
 6.74875   -0.487161E-04    0.696233E-04    0.251246E-06
 6.75875   -0.485415E-04    0.693816E-04    0.405830E-06
 6.76876   -0.483674E-04    0.691407E-04    0.559354E-06
 6.77877   -0.481937E-04    0.689008E-04    0.711809E-06
 6.78877   -0.480206E-04    0.686617E-04    0.863209E-06
 6.79878   -0.478479E-04    0.684235E-04    0.101357E-05
 6.80878   -0.476757E-04    0.681862E-04    0.116289E-05
 6.81879   -0.475040E-04    0.679497E-04    0.131118E-05
 6.82879   -0.473328E-04    0.677141E-04    0.145844E-05
 6.83880   -0.471620E-04    0.674794E-04    0.160469E-05
 6.84880   -0.469916E-04    0.672455E-04    0.174993E-05
 6.85881   -0.468218E-04    0.670125E-04    0.189418E-05
 6.86882   -0.466524E-04    0.667803E-04    0.203745E-05
 6.87882   -0.464834E-04    0.665489E-04    0.217972E-05
 6.88883   -0.463149E-04    0.663184E-04    0.232101E-05
 6.89883   -0.461468E-04    0.660887E-04    0.246132E-05
 6.90884   -0.459792E-04    0.658598E-04    0.260066E-05
 6.91884   -0.458121E-04    0.656318E-04    0.273904E-05
 6.92885   -0.456453E-04    0.654046E-04    0.287648E-05
 6.93885   -0.454790E-04    0.651782E-04    0.301295E-05
 6.94886   -0.453132E-04    0.649526E-04    0.314848E-05
 6.95887   -0.451478E-04    0.647279E-04    0.328307E-05
 6.96887   -0.449828E-04    0.645039E-04    0.341673E-05
 6.97888   -0.448183E-04    0.642807E-04    0.354948E-05
 6.98888   -0.446542E-04    0.640584E-04    0.368129E-05
 6.99889   -0.444905E-04    0.638368E-04    0.381219E-05
 7.00889   -0.443273E-04    0.636160E-04    0.394219E-05
 7.01890   -0.441645E-04    0.633961E-04    0.407127E-05
 7.02890   -0.440021E-04    0.631771E-04    0.419945E-05
 7.03891   -0.438402E-04    0.629587E-04    0.432674E-05
 7.04892   -0.436787E-04    0.627411E-04    0.445313E-05
 7.05892   -0.435177E-04    0.625242E-04    0.457865E-05
 7.06893   -0.433571E-04    0.623082E-04    0.470332E-05
 7.07893   -0.431969E-04    0.620927E-04    0.482708E-05
 7.08894   -0.430372E-04    0.618782E-04    0.494997E-05
 7.09894   -0.428779E-04    0.616644E-04    0.507200E-05
 7.10895   -0.427190E-04    0.614514E-04    0.519317E-05
 7.11895   -0.425606E-04    0.612392E-04    0.531348E-05
 7.12896   -0.424026E-04    0.610278E-04    0.543294E-05
 7.13897   -0.422451E-04    0.608171E-04    0.555156E-05
 7.14897   -0.420880E-04    0.606072E-04    0.566933E-05
 7.15898   -0.419313E-04    0.603980E-04    0.578626E-05
 7.16898   -0.417751E-04    0.601896E-04    0.590236E-05
 7.17899   -0.416193E-04    0.599819E-04    0.601764E-05
 7.18899   -0.414640E-04    0.597750E-04    0.613208E-05
 7.19900   -0.413092E-04    0.595689E-04    0.624571E-05
 7.20900   -0.411547E-04    0.593635E-04    0.635852E-05
 7.21901   -0.410008E-04    0.591589E-04    0.647052E-05
 7.22902   -0.408473E-04    0.589550E-04    0.658171E-05
 7.23902   -0.406942E-04    0.587518E-04    0.669209E-05
 7.24903   -0.405416E-04    0.585494E-04    0.680167E-05
 7.25903   -0.403895E-04    0.583477E-04    0.691046E-05
 7.26904   -0.402379E-04    0.581467E-04    0.701845E-05
 7.27904   -0.400866E-04    0.579465E-04    0.712566E-05
 7.28905   -0.399359E-04    0.577471E-04    0.723208E-05
 7.29905   -0.397856E-04    0.575483E-04    0.733771E-05
 7.30906   -0.396358E-04    0.573503E-04    0.744257E-05
 7.31907   -0.394865E-04    0.571531E-04    0.754665E-05
 7.32907   -0.393376E-04    0.569565E-04    0.764995E-05
 7.33908   -0.391892E-04    0.567607E-04    0.775250E-05
 7.34908   -0.390413E-04    0.565657E-04    0.785430E-05
 7.35909   -0.388939E-04    0.563713E-04    0.795533E-05
 7.36909   -0.387469E-04    0.561777E-04    0.805560E-05
 7.37910   -0.386004E-04    0.559848E-04    0.815512E-05
 7.38910   -0.384544E-04    0.557926E-04    0.825389E-05
 7.39911   -0.383089E-04    0.556011E-04    0.835190E-05
 7.40912   -0.381639E-04    0.554104E-04    0.844918E-05
 7.41912   -0.380193E-04    0.552203E-04    0.854572E-05
 7.42913   -0.378753E-04    0.550310E-04    0.864153E-05
 7.43913   -0.377317E-04    0.548424E-04    0.873661E-05
 7.44914   -0.375886E-04    0.546545E-04    0.883096E-05
 7.45914   -0.374460E-04    0.544673E-04    0.892458E-05
 7.46915   -0.373039E-04    0.542809E-04    0.901749E-05
 7.47915   -0.371623E-04    0.540951E-04    0.910966E-05
 7.48916   -0.370212E-04    0.539100E-04    0.920114E-05
 7.49917   -0.368806E-04    0.537257E-04    0.929191E-05
 7.50917   -0.367405E-04    0.535420E-04    0.938196E-05
 7.51918   -0.366009E-04    0.533590E-04    0.947131E-05
 7.52918   -0.364618E-04    0.531770E-04    0.955996E-05
 7.53919   -0.363232E-04    0.529954E-04    0.964792E-05
 7.54919   -0.361850E-04    0.528146E-04    0.973517E-05
 7.55920   -0.360474E-04    0.526344E-04    0.982174E-05
 7.56920   -0.359103E-04    0.524549E-04    0.990763E-05
 7.57921   -0.357737E-04    0.522759E-04    0.999283E-05
 7.58922   -0.356376E-04    0.520978E-04    0.100774E-04
 7.59922   -0.355020E-04    0.519207E-04    0.101612E-04
 7.60923   -0.353669E-04    0.517440E-04    0.102444E-04
 7.61923   -0.352323E-04    0.515679E-04    0.103269E-04
 7.62924   -0.350983E-04    0.513926E-04    0.104087E-04
 7.63924   -0.349647E-04    0.512179E-04    0.104899E-04
 7.64925   -0.348316E-04    0.510436E-04    0.105704E-04
 7.65925   -0.346991E-04    0.508703E-04    0.106502E-04
 7.66926   -0.345670E-04    0.506977E-04    0.107294E-04
 7.67927   -0.344355E-04    0.505257E-04    0.108080E-04
 7.68927   -0.343045E-04    0.503544E-04    0.108858E-04
 7.69928   -0.341740E-04    0.501838E-04    0.109631E-04
 7.70928   -0.340440E-04    0.500138E-04    0.110397E-04
 7.71929   -0.339145E-04    0.498445E-04    0.111157E-04
 7.72929   -0.337855E-04    0.496759E-04    0.111911E-04
 7.73930   -0.336570E-04    0.495079E-04    0.112658E-04
 7.74930   -0.335291E-04    0.493406E-04    0.113399E-04
 7.75931   -0.334016E-04    0.491739E-04    0.114133E-04
 7.76932   -0.332747E-04    0.490081E-04    0.114862E-04
 7.77932   -0.331483E-04    0.488428E-04    0.115584E-04
 7.78933   -0.330224E-04    0.486781E-04    0.116300E-04
 7.79933   -0.328970E-04    0.485140E-04    0.117010E-04
 7.80934   -0.327721E-04    0.483507E-04    0.117714E-04
 7.81934   -0.326478E-04    0.481878E-04    0.118412E-04
 7.82935   -0.325239E-04    0.480257E-04    0.119103E-04
 7.83935   -0.324006E-04    0.478643E-04    0.119789E-04
 7.84936   -0.322778E-04    0.477035E-04    0.120469E-04
 7.85937   -0.321555E-04    0.475433E-04    0.121143E-04
 7.86937   -0.320337E-04    0.473838E-04    0.121811E-04
 7.87938   -0.319124E-04    0.472250E-04    0.122473E-04
 7.88938   -0.317916E-04    0.470667E-04    0.123129E-04
 7.89939   -0.316714E-04    0.469091E-04    0.123780E-04
 7.90939   -0.315516E-04    0.467521E-04    0.124425E-04
 7.91940   -0.314324E-04    0.465958E-04    0.125064E-04
 7.92940   -0.313137E-04    0.464401E-04    0.125697E-04
 7.93941   -0.311954E-04    0.462850E-04    0.126324E-04
 7.94942   -0.310777E-04    0.461305E-04    0.126946E-04
 7.95942   -0.309605E-04    0.459766E-04    0.127563E-04
 7.96943   -0.308439E-04    0.458235E-04    0.128173E-04
 7.97943   -0.307277E-04    0.456709E-04    0.128779E-04
 7.98944   -0.306120E-04    0.455189E-04    0.129378E-04
 7.99944   -0.304968E-04    0.453676E-04    0.129972E-04
 8.00945   -0.303822E-04    0.452168E-04    0.130561E-04
 8.01945   -0.302680E-04    0.450666E-04    0.131144E-04
 8.02946   -0.301544E-04    0.449169E-04    0.131722E-04
 8.03947   -0.300412E-04    0.447680E-04    0.132294E-04
 8.04947   -0.299286E-04    0.446197E-04    0.132862E-04
 8.05948   -0.298164E-04    0.444719E-04    0.133423E-04
 8.06948   -0.297048E-04    0.443248E-04    0.133980E-04
 8.07949   -0.295936E-04    0.441782E-04    0.134531E-04
 8.08949   -0.294830E-04    0.440323E-04    0.135077E-04
 8.09950   -0.293728E-04    0.438869E-04    0.135618E-04
 8.10951   -0.292632E-04    0.437421E-04    0.136154E-04
 8.11951   -0.291540E-04    0.435980E-04    0.136684E-04
 8.12952   -0.290453E-04    0.434545E-04    0.137210E-04
 8.13952   -0.289372E-04    0.433115E-04    0.137730E-04
 8.14953   -0.288295E-04    0.431691E-04    0.138246E-04
 8.15953   -0.287223E-04    0.430272E-04    0.138756E-04
 8.16954   -0.286155E-04    0.428858E-04    0.139261E-04
 8.17954   -0.285093E-04    0.427451E-04    0.139762E-04
 8.18955   -0.284036E-04    0.426049E-04    0.140257E-04
 8.19956   -0.282983E-04    0.424654E-04    0.140748E-04
 8.20956   -0.281935E-04    0.423264E-04    0.141233E-04
 8.21957   -0.280892E-04    0.421880E-04    0.141714E-04
 8.22957   -0.279853E-04    0.420502E-04    0.142190E-04
 8.23958   -0.278820E-04    0.419129E-04    0.142662E-04
 8.24958   -0.277791E-04    0.417761E-04    0.143128E-04
 8.25959   -0.276767E-04    0.416399E-04    0.143590E-04
 8.26959   -0.275747E-04    0.415042E-04    0.144047E-04
 8.27960   -0.274732E-04    0.413691E-04    0.144500E-04
 8.28961   -0.273722E-04    0.412346E-04    0.144948E-04
 8.29961   -0.272717E-04    0.411006E-04    0.145391E-04
 8.30962   -0.271716E-04    0.409672E-04    0.145830E-04
 8.31962   -0.270720E-04    0.408342E-04    0.146264E-04
 8.32963   -0.269728E-04    0.407020E-04    0.146694E-04
 8.33963   -0.268741E-04    0.405701E-04    0.147119E-04
 8.34964   -0.267758E-04    0.404388E-04    0.147540E-04
 8.35964   -0.266780E-04    0.403082E-04    0.147956E-04
 8.36965   -0.265807E-04    0.401778E-04    0.148368E-04
 8.37966   -0.264838E-04    0.400481E-04    0.148776E-04
 8.38966   -0.263873E-04    0.399189E-04    0.149179E-04
 8.39967   -0.262913E-04    0.397903E-04    0.149578E-04
 8.40967   -0.261957E-04    0.396621E-04    0.149973E-04
 8.41968   -0.261006E-04    0.395345E-04    0.150364E-04
 8.42968   -0.260059E-04    0.394074E-04    0.150750E-04
 8.43969   -0.259117E-04    0.392808E-04    0.151132E-04
 8.44969   -0.258178E-04    0.391548E-04    0.151510E-04
 8.45970   -0.257245E-04    0.390291E-04    0.151884E-04
 8.46971   -0.256315E-04    0.389041E-04    0.152253E-04
 8.47971   -0.255390E-04    0.387796E-04    0.152619E-04
 8.48972   -0.254469E-04    0.386555E-04    0.152980E-04
 8.49972   -0.253552E-04    0.385320E-04    0.153338E-04
 8.50973   -0.252640E-04    0.384089E-04    0.153691E-04
 8.51973   -0.251731E-04    0.382864E-04    0.154041E-04
 8.52974   -0.250827E-04    0.381644E-04    0.154386E-04
 8.53974   -0.249928E-04    0.380428E-04    0.154728E-04
 8.54975   -0.249032E-04    0.379216E-04    0.155066E-04
 8.55976   -0.248140E-04    0.378010E-04    0.155399E-04
 8.56976   -0.247253E-04    0.376808E-04    0.155729E-04
 8.57977   -0.246369E-04    0.375611E-04    0.156056E-04
 8.58977   -0.245490E-04    0.374420E-04    0.156378E-04
 8.59978   -0.244615E-04    0.373233E-04    0.156697E-04
 8.60978   -0.243743E-04    0.372051E-04    0.157012E-04
 8.61979   -0.242876E-04    0.370874E-04    0.157323E-04
 8.62979   -0.242013E-04    0.369701E-04    0.157630E-04
 8.63980   -0.241154E-04    0.368534E-04    0.157934E-04
 8.64981   -0.240298E-04    0.367370E-04    0.158234E-04
 8.65981   -0.239447E-04    0.366212E-04    0.158531E-04
 8.66982   -0.238600E-04    0.365058E-04    0.158824E-04
 8.67982   -0.237756E-04    0.363908E-04    0.159113E-04
 8.68983   -0.236916E-04    0.362764E-04    0.159399E-04
 8.69983   -0.236080E-04    0.361623E-04    0.159682E-04
 8.70984   -0.235248E-04    0.360488E-04    0.159961E-04
 8.71984   -0.234420E-04    0.359356E-04    0.160236E-04
 8.72985   -0.233596E-04    0.358230E-04    0.160508E-04
 8.73986   -0.232775E-04    0.357108E-04    0.160777E-04
 8.74986   -0.231958E-04    0.355990E-04    0.161042E-04
 8.75987   -0.231145E-04    0.354877E-04    0.161304E-04
 8.76987   -0.230336E-04    0.353768E-04    0.161562E-04
 8.77988   -0.229530E-04    0.352663E-04    0.161817E-04
 8.78988   -0.228728E-04    0.351563E-04    0.162069E-04
 8.79989   -0.227930E-04    0.350467E-04    0.162318E-04
 8.80989   -0.227135E-04    0.349376E-04    0.162563E-04
 8.81990   -0.226344E-04    0.348289E-04    0.162805E-04
 8.82991   -0.225557E-04    0.347206E-04    0.163044E-04
 8.83991   -0.224773E-04    0.346127E-04    0.163280E-04
 8.84992   -0.223992E-04    0.345052E-04    0.163512E-04
 8.85992   -0.223216E-04    0.343982E-04    0.163742E-04
 8.86993   -0.222442E-04    0.342916E-04    0.163968E-04
 8.87993   -0.221673E-04    0.341855E-04    0.164191E-04
 8.88994   -0.220906E-04    0.340797E-04    0.164411E-04
 8.89994   -0.220144E-04    0.339744E-04    0.164628E-04
 8.90995   -0.219384E-04    0.338694E-04    0.164842E-04
 8.91996   -0.218629E-04    0.337649E-04    0.165053E-04
 8.92996   -0.217876E-04    0.336608E-04    0.165261E-04
 8.93997   -0.217127E-04    0.335571E-04    0.165466E-04
 8.94997   -0.216381E-04    0.334538E-04    0.165668E-04
 8.95998   -0.215639E-04    0.333509E-04    0.165867E-04
 8.96998   -0.214900E-04    0.332484E-04    0.166064E-04
 8.97999   -0.214165E-04    0.331463E-04    0.166257E-04
 8.98999   -0.213432E-04    0.330447E-04    0.166447E-04
 9.00000   -0.212703E-04    0.329434E-04    0.166635E-04
