 0.00500    0.772135E-01   -0.373813E-01    0.268982E-01
 0.02303    0.642603E-01   -0.309062E-01    0.220420E-01
 0.04105    0.565326E-01   -0.270434E-01    0.191476E-01
 0.05908    0.508443E-01   -0.242009E-01    0.170186E-01
 0.07710    0.463251E-01   -0.219435E-01    0.153294E-01
 0.09513    0.425816E-01   -0.200744E-01    0.139319E-01
 0.11316    0.393973E-01   -0.184852E-01    0.127451E-01
 0.13118    0.366364E-01   -0.171081E-01    0.117179E-01
 0.14921    0.342093E-01   -0.158982E-01    0.108166E-01
 0.16723    0.320522E-01   -0.148236E-01    0.100171E-01
 0.18526    0.301184E-01   -0.138607E-01    0.930187E-02
 0.20329    0.283723E-01   -0.129920E-01    0.865759E-02
 0.22131    0.267861E-01   -0.122035E-01    0.807374E-02
 0.23934    0.253378E-01   -0.114840E-01    0.754201E-02
 0.25736    0.240095E-01   -0.108248E-01    0.705570E-02
 0.27539    0.227867E-01   -0.102184E-01    0.660925E-02
 0.29342    0.216571E-01   -0.965873E-02    0.619806E-02
 0.31144    0.206104E-01   -0.914067E-02    0.581826E-02
 0.32947    0.196379E-01   -0.865985E-02    0.546655E-02
 0.34749    0.187322E-01   -0.821247E-02    0.514008E-02
 0.36552    0.178867E-01   -0.779530E-02    0.483639E-02
 0.38355    0.170958E-01   -0.740554E-02    0.455338E-02
 0.40157    0.163546E-01   -0.704071E-02    0.428917E-02
 0.41960    0.156588E-01   -0.669866E-02    0.404213E-02
 0.43763    0.150046E-01   -0.637744E-02    0.381081E-02
 0.45565    0.143885E-01   -0.607534E-02    0.359390E-02
 0.47368    0.138075E-01   -0.579083E-02    0.339024E-02
 0.49170    0.132589E-01   -0.552257E-02    0.319881E-02
 0.50973    0.127402E-01   -0.526931E-02    0.301868E-02
 0.52776    0.122492E-01   -0.502995E-02    0.284902E-02
 0.54578    0.117840E-01   -0.480349E-02    0.268905E-02
 0.56381    0.113427E-01   -0.458902E-02    0.253808E-02
 0.58183    0.109237E-01   -0.438571E-02    0.239551E-02
 0.59986    0.105254E-01   -0.419282E-02    0.226075E-02
 0.61789    0.101466E-01   -0.400964E-02    0.213329E-02
 0.63591    0.978589E-02   -0.383555E-02    0.201264E-02
 0.65394    0.944219E-02   -0.366997E-02    0.189836E-02
 0.67196    0.911443E-02   -0.351237E-02    0.179005E-02
 0.68999    0.880164E-02   -0.336225E-02    0.168733E-02
 0.70802    0.850293E-02   -0.321918E-02    0.158988E-02
 0.72604    0.821745E-02   -0.308272E-02    0.149736E-02
 0.74407    0.794443E-02   -0.295249E-02    0.140948E-02
 0.76209    0.768317E-02   -0.282813E-02    0.132598E-02
 0.78012    0.743300E-02   -0.270932E-02    0.124659E-02
 0.79815    0.719332E-02   -0.259574E-02    0.117109E-02
 0.81617    0.696356E-02   -0.248711E-02    0.109926E-02
 0.83420    0.674318E-02   -0.238316E-02    0.103089E-02
 0.85222    0.653168E-02   -0.228364E-02    0.965802E-03
 0.87025    0.632860E-02   -0.218831E-02    0.903809E-03
 0.88828    0.613351E-02   -0.209697E-02    0.844750E-03
 0.90630    0.594600E-02   -0.200940E-02    0.788470E-03
 0.92433    0.576571E-02   -0.192540E-02    0.734824E-03
 0.94235    0.559226E-02   -0.184482E-02    0.683679E-03
 0.96038    0.542533E-02   -0.176750E-02    0.634905E-03
 0.97841    0.526461E-02   -0.169323E-02    0.588384E-03
 0.99643    0.510980E-02   -0.162191E-02    0.544003E-03
 1.01446    0.496063E-02   -0.155338E-02    0.501657E-03
 1.03248    0.481683E-02   -0.148752E-02    0.461246E-03
 1.05051    0.467816E-02   -0.142420E-02    0.422678E-03
 1.06854    0.454441E-02   -0.136330E-02    0.385864E-03
 1.08656    0.441532E-02   -0.130473E-02    0.350721E-03
 1.10459    0.429072E-02   -0.124836E-02    0.317172E-03
 1.12262    0.417040E-02   -0.119411E-02    0.285142E-03
 1.14064    0.405418E-02   -0.114188E-02    0.254561E-03
 1.15867    0.394189E-02   -0.109159E-02    0.225362E-03
 1.17669    0.383335E-02   -0.104314E-02    0.197483E-03
 1.19472    0.372842E-02   -0.996470E-03    0.170863E-03
 1.21275    0.362693E-02   -0.951496E-03    0.145448E-03
 1.23077    0.352877E-02   -0.908152E-03    0.121186E-03
 1.24880    0.343379E-02   -0.866365E-03    0.980165E-04
 1.26682    0.334186E-02   -0.826078E-03    0.759032E-04
 1.28485    0.325286E-02   -0.787227E-03    0.547968E-04
 1.30288    0.316669E-02   -0.749757E-03    0.346548E-04
 1.32090    0.308323E-02   -0.713609E-03    0.154339E-04
 1.33893    0.300237E-02   -0.678734E-03   -0.290401E-05
 1.35695    0.292402E-02   -0.645082E-03   -0.203969E-04
 1.37498    0.284808E-02   -0.612604E-03   -0.370804E-04
 1.39301    0.277447E-02   -0.581254E-03   -0.529887E-04
 1.41103    0.270309E-02   -0.550990E-03   -0.681540E-04
 1.42906    0.263386E-02   -0.521772E-03   -0.826065E-04
 1.44708    0.256671E-02   -0.493561E-03   -0.963756E-04
 1.46511    0.250157E-02   -0.466319E-03   -0.109489E-03
 1.48314    0.243836E-02   -0.440010E-03   -0.121973E-03
 1.50116    0.237701E-02   -0.414601E-03   -0.133854E-03
 1.51919    0.231746E-02   -0.390058E-03   -0.145156E-03
 1.53721    0.225965E-02   -0.366350E-03   -0.155902E-03
 1.55524    0.220351E-02   -0.343446E-03   -0.166114E-03
 1.57327    0.214898E-02   -0.321319E-03   -0.175815E-03
 1.59129    0.209602E-02   -0.299940E-03   -0.185024E-03
 1.60932    0.204457E-02   -0.279284E-03   -0.193760E-03
 1.62734    0.199458E-02   -0.259324E-03   -0.202044E-03
 1.64537    0.194600E-02   -0.240037E-03   -0.209892E-03
 1.66340    0.189879E-02   -0.221400E-03   -0.217320E-03
 1.68142    0.185289E-02   -0.203390E-03   -0.224346E-03
 1.69945    0.180827E-02   -0.185986E-03   -0.230986E-03
 1.71747    0.176488E-02   -0.169167E-03   -0.237255E-03
 1.73550    0.172269E-02   -0.152913E-03   -0.243167E-03
 1.75353    0.168166E-02   -0.137205E-03   -0.248737E-03
 1.77155    0.164174E-02   -0.122025E-03   -0.253977E-03
 1.78958    0.160292E-02   -0.107355E-03   -0.258900E-03
 1.80761    0.156515E-02   -0.931804E-04   -0.263518E-03
 1.82563    0.152839E-02   -0.794831E-04   -0.267843E-03
 1.84366    0.149263E-02   -0.662483E-04   -0.271887E-03
 1.86168    0.145782E-02   -0.534606E-04   -0.275659E-03
 1.87971    0.142394E-02   -0.411059E-04   -0.279171E-03
 1.89774    0.139096E-02   -0.291701E-04   -0.282432E-03
 1.91576    0.135886E-02   -0.176398E-04   -0.285453E-03
 1.93379    0.132760E-02   -0.650213E-05   -0.288241E-03
 1.95181    0.129717E-02    0.425483E-05   -0.290807E-03
 1.96984    0.126754E-02    0.146439E-04   -0.293157E-03
 1.98787    0.123868E-02    0.246756E-04   -0.295302E-03
 2.00589    0.121057E-02    0.343612E-04   -0.297247E-03
 2.02392    0.118320E-02    0.437111E-04   -0.299002E-03
 2.04194    0.115654E-02    0.527358E-04   -0.300572E-03
 2.05997    0.113058E-02    0.614447E-04   -0.301965E-03
 2.07800    0.110528E-02    0.698472E-04   -0.303187E-03
 2.09602    0.108064E-02    0.779529E-04   -0.304246E-03
 2.11405    0.105664E-02    0.857703E-04   -0.305145E-03
 2.13207    0.103325E-02    0.933078E-04   -0.305893E-03
 2.15010    0.101047E-02    0.100573E-03   -0.306494E-03
 2.16813    0.988275E-03    0.107575E-03   -0.306953E-03
 2.18615    0.966651E-03    0.114319E-03   -0.307276E-03
 2.20418    0.945584E-03    0.120815E-03   -0.307467E-03
 2.22220    0.925059E-03    0.127068E-03   -0.307532E-03
 2.24023    0.905064E-03    0.133086E-03   -0.307475E-03
 2.25826    0.885585E-03    0.138873E-03   -0.307299E-03
 2.27628    0.866610E-03    0.144438E-03   -0.307010E-03
 2.29431    0.848125E-03    0.149785E-03   -0.306611E-03
 2.31233    0.830120E-03    0.154919E-03   -0.306105E-03
 2.33036    0.812584E-03    0.159848E-03   -0.305497E-03
 2.34839    0.795505E-03    0.164575E-03   -0.304789E-03
 2.36641    0.778875E-03    0.169105E-03   -0.303985E-03
 2.38444    0.762683E-03    0.173443E-03   -0.303088E-03
 2.40246    0.746921E-03    0.177628E-03   -0.302101E-03
 2.42049    0.731578E-03    0.181562E-03   -0.301025E-03
 2.43852    0.716648E-03    0.185350E-03   -0.299865E-03
 2.45654    0.702122E-03    0.188963E-03   -0.298622E-03
 2.47457    0.687992E-03    0.192404E-03   -0.297297E-03
 2.49260    0.674252E-03    0.195676E-03   -0.295895E-03
 2.51062    0.660895E-03    0.198782E-03   -0.294415E-03
 2.52865    0.647915E-03    0.201726E-03   -0.292860E-03
 2.54667    0.635305E-03    0.204510E-03   -0.291232E-03
 2.56470    0.623059E-03    0.207137E-03   -0.289532E-03
 2.58273    0.611174E-03    0.209609E-03   -0.287761E-03
 2.60075    0.599642E-03    0.211928E-03   -0.285922E-03
 2.61878    0.588459E-03    0.214100E-03   -0.284012E-03
 2.63680    0.577621E-03    0.216122E-03   -0.282037E-03
 2.65483    0.567124E-03    0.217998E-03   -0.279995E-03
 2.67286    0.556962E-03    0.219731E-03   -0.277889E-03
 2.69088    0.547134E-03    0.221321E-03   -0.275718E-03
 2.70891    0.537634E-03    0.222770E-03   -0.273483E-03
 2.72693    0.528457E-03    0.224081E-03   -0.271186E-03
 2.74496    0.519602E-03    0.225254E-03   -0.268827E-03
 2.76299    0.511065E-03    0.226292E-03   -0.266407E-03
 2.78101    0.502841E-03    0.227196E-03   -0.263926E-03
 2.79904    0.494928E-03    0.227967E-03   -0.261386E-03
 2.81706    0.487320E-03    0.228609E-03   -0.258786E-03
 2.83509    0.480015E-03    0.229120E-03   -0.256127E-03
 2.85312    0.473008E-03    0.229506E-03   -0.253413E-03
 2.87114    0.466295E-03    0.229765E-03   -0.250642E-03
 2.88917    0.459871E-03    0.229902E-03   -0.247815E-03
 2.90719    0.453732E-03    0.229917E-03   -0.244933E-03
 2.92522    0.447872E-03    0.229813E-03   -0.241999E-03
 2.94325    0.442286E-03    0.229594E-03   -0.239013E-03
 2.96127    0.436968E-03    0.229261E-03   -0.235978E-03
 2.97930    0.431912E-03    0.228818E-03   -0.232894E-03
 2.99732    0.427110E-03    0.228268E-03   -0.229764E-03
 3.01535    0.422555E-03    0.227614E-03   -0.226590E-03
 3.03338    0.418238E-03    0.226861E-03   -0.223374E-03
 3.05140    0.414151E-03    0.226013E-03   -0.220120E-03
 3.06943    0.410285E-03    0.225074E-03   -0.216829E-03
 3.08745    0.406628E-03    0.224049E-03   -0.213506E-03
 3.10548    0.403171E-03    0.222943E-03   -0.210153E-03
 3.12351    0.399902E-03    0.221762E-03   -0.206775E-03
 3.14153    0.396807E-03    0.220512E-03   -0.203373E-03
 3.15956    0.393875E-03    0.219198E-03   -0.199955E-03
 3.17759    0.391090E-03    0.217829E-03   -0.196524E-03
 3.19561    0.388440E-03    0.216410E-03   -0.193085E-03
 3.21364    0.385909E-03    0.214949E-03   -0.189642E-03
 3.23166    0.383481E-03    0.213454E-03   -0.186201E-03
 3.24969    0.381141E-03    0.211931E-03   -0.182767E-03
 3.26772    0.378873E-03    0.210390E-03   -0.179346E-03
 3.28574    0.376659E-03    0.208838E-03   -0.175943E-03
 3.30377    0.374482E-03    0.207284E-03   -0.172564E-03
 3.32179    0.372324E-03    0.205737E-03   -0.169216E-03
 3.33982    0.370168E-03    0.204205E-03   -0.165904E-03
 3.35785    0.367996E-03    0.202696E-03   -0.162634E-03
 3.37587    0.365790E-03    0.201220E-03   -0.159412E-03
 3.39390    0.363532E-03    0.199784E-03   -0.156245E-03
 3.41192    0.361206E-03    0.198398E-03   -0.153137E-03
 3.42995    0.358795E-03    0.197070E-03   -0.150096E-03
 3.44798    0.356281E-03    0.195807E-03   -0.147127E-03
 3.46600    0.353649E-03    0.194619E-03   -0.144235E-03
 3.48403    0.350884E-03    0.193511E-03   -0.141425E-03
 3.50205    0.347971E-03    0.192491E-03   -0.138702E-03
 3.52008    0.344896E-03    0.191566E-03   -0.136071E-03
 3.53811    0.341647E-03    0.190742E-03   -0.133536E-03
 3.55613    0.338211E-03    0.190025E-03   -0.131102E-03
 3.57416    0.334579E-03    0.189420E-03   -0.128771E-03
 3.59218    0.330742E-03    0.188930E-03   -0.126547E-03
 3.61021    0.326690E-03    0.188561E-03   -0.124433E-03
 3.62824    0.322417E-03    0.188316E-03   -0.122429E-03
 3.64626    0.317918E-03    0.188197E-03   -0.120539E-03
 3.66429    0.313189E-03    0.188206E-03   -0.118764E-03
 3.68231    0.308227E-03    0.188343E-03   -0.117102E-03
 3.70034    0.303031E-03    0.188611E-03   -0.115557E-03
 3.71837    0.297601E-03    0.189008E-03   -0.114127E-03
 3.73639    0.291940E-03    0.189533E-03   -0.112810E-03
 3.75442    0.286048E-03    0.190185E-03   -0.111605E-03
 3.77244    0.279932E-03    0.190962E-03   -0.110511E-03
 3.79047    0.273597E-03    0.191861E-03   -0.109526E-03
 3.80850    0.267050E-03    0.192879E-03   -0.108645E-03
 3.82652    0.260297E-03    0.194011E-03   -0.107868E-03
 3.84455    0.253350E-03    0.195253E-03   -0.107189E-03
 3.86258    0.246217E-03    0.196599E-03   -0.106605E-03
 3.88060    0.238911E-03    0.198043E-03   -0.106111E-03
 3.89863    0.231444E-03    0.199581E-03   -0.105703E-03
 3.91665    0.223827E-03    0.201206E-03   -0.105376E-03
 3.93468    0.216075E-03    0.202910E-03   -0.105124E-03
 3.95271    0.208201E-03    0.204686E-03   -0.104943E-03
 3.97073    0.200223E-03    0.206528E-03   -0.104827E-03
 3.98876    0.192151E-03    0.208428E-03   -0.104770E-03
 4.00678    0.184004E-03    0.210377E-03   -0.104767E-03
 4.02481    0.175793E-03    0.212370E-03   -0.104812E-03
 4.04284    0.167537E-03    0.214398E-03   -0.104898E-03
 4.06086    0.159250E-03    0.216454E-03   -0.105021E-03
 4.07889    0.150946E-03    0.218530E-03   -0.105175E-03
 4.09691    0.142643E-03    0.220617E-03   -0.105353E-03
 4.11494    0.134354E-03    0.222710E-03   -0.105552E-03
 4.13297    0.126093E-03    0.224801E-03   -0.105764E-03
 4.15099    0.117874E-03    0.226882E-03   -0.105985E-03
 4.16902    0.109711E-03    0.228947E-03   -0.106210E-03
 4.18704    0.101617E-03    0.230991E-03   -0.106434E-03
 4.20507    0.936037E-04    0.233006E-03   -0.106652E-03
 4.22310    0.856825E-04    0.234986E-03   -0.106862E-03
 4.24112    0.778660E-04    0.236928E-03   -0.107056E-03
 4.25915    0.701629E-04    0.238825E-03   -0.107233E-03
 4.27717    0.625831E-04    0.240673E-03   -0.107389E-03
 4.29520    0.551363E-04    0.242466E-03   -0.107520E-03
 4.31323    0.478294E-04    0.244202E-03   -0.107623E-03
 4.33125    0.406698E-04    0.245876E-03   -0.107696E-03
 4.34928    0.336656E-04    0.247485E-03   -0.107737E-03
 4.36730    0.268212E-04    0.249027E-03   -0.107742E-03
 4.38533    0.201425E-04    0.250498E-03   -0.107711E-03
 4.40336    0.136338E-04    0.251896E-03   -0.107640E-03
 4.42138    0.729952E-05    0.253220E-03   -0.107529E-03
 4.43941    0.114076E-05    0.254468E-03   -0.107377E-03
 4.45743   -0.483809E-05    0.255639E-03   -0.107183E-03
 4.47546   -0.106349E-04    0.256733E-03   -0.106947E-03
 4.49349   -0.162514E-04    0.257747E-03   -0.106667E-03
 4.51151   -0.216838E-04    0.258682E-03   -0.106343E-03
 4.52954   -0.269333E-04    0.259538E-03   -0.105976E-03
 4.54757   -0.320001E-04    0.260314E-03   -0.105565E-03
 4.56559   -0.368848E-04    0.261013E-03   -0.105111E-03
 4.58362   -0.415886E-04    0.261633E-03   -0.104613E-03
 4.60164   -0.461134E-04    0.262177E-03   -0.104073E-03
 4.61967   -0.504611E-04    0.262644E-03   -0.103492E-03
 4.63770   -0.546339E-04    0.263036E-03   -0.102869E-03
 4.65572   -0.586345E-04    0.263353E-03   -0.102207E-03
 4.67375   -0.624659E-04    0.263599E-03   -0.101505E-03
 4.69177   -0.661311E-04    0.263774E-03   -0.100766E-03
 4.70980   -0.696336E-04    0.263880E-03   -0.999896E-04
 4.72783   -0.729767E-04    0.263919E-03   -0.991769E-04
 4.74585   -0.761643E-04    0.263892E-03   -0.983308E-04
 4.76388   -0.792001E-04    0.263801E-03   -0.974512E-04
 4.78190   -0.820879E-04    0.263648E-03   -0.965408E-04
 4.79993   -0.848325E-04    0.263436E-03   -0.955989E-04
 4.81796   -0.874368E-04    0.263165E-03   -0.946284E-04
 4.83598   -0.899054E-04    0.262838E-03   -0.936312E-04
 4.85401   -0.922424E-04    0.262458E-03   -0.926067E-04
 4.87203   -0.944521E-04    0.262026E-03   -0.915584E-04
 4.89006   -0.965384E-04    0.261543E-03   -0.904864E-04
 4.90809   -0.985056E-04    0.261013E-03   -0.893929E-04
 4.92611   -0.100358E-03    0.260437E-03   -0.882788E-04
 4.94414   -0.102099E-03    0.259817E-03   -0.871450E-04
 4.96216   -0.103733E-03    0.259155E-03   -0.859939E-04
 4.98019   -0.105264E-03    0.258454E-03   -0.848259E-04
 4.99822   -0.106697E-03    0.257714E-03   -0.836431E-04
 5.01624   -0.108034E-03    0.256938E-03   -0.824461E-04
 5.03427   -0.109289E-03    0.256127E-03   -0.812365E-04
 5.05229   -0.110436E-03    0.255283E-03   -0.800162E-04
 5.07032   -0.111509E-03    0.254408E-03   -0.787837E-04
 5.08835   -0.112501E-03    0.253505E-03   -0.775478E-04
 5.10637   -0.113415E-03    0.252573E-03   -0.762953E-04
 5.12440   -0.114255E-03    0.251615E-03   -0.750383E-04
 5.14242   -0.115024E-03    0.250632E-03   -0.737760E-04
 5.16045   -0.115725E-03    0.249626E-03   -0.725087E-04
 5.17848   -0.116360E-03    0.248598E-03   -0.712379E-04
 5.19650   -0.116934E-03    0.247550E-03   -0.699626E-04
 5.21453   -0.117448E-03    0.246483E-03   -0.686853E-04
 5.23256   -0.117905E-03    0.245397E-03   -0.674068E-04
 5.25058   -0.118308E-03    0.244296E-03   -0.661262E-04
 5.26861   -0.118660E-03    0.243178E-03   -0.648461E-04
 5.28663   -0.118962E-03    0.242046E-03   -0.635667E-04
 5.30466   -0.119217E-03    0.240901E-03   -0.622886E-04
 5.32269   -0.119427E-03    0.239744E-03   -0.610122E-04
 5.34071   -0.119595E-03    0.238575E-03   -0.597387E-04
 5.35874   -0.119722E-03    0.237396E-03   -0.584676E-04
 5.37676   -0.119810E-03    0.236208E-03   -0.572009E-04
 5.39479   -0.119862E-03    0.235011E-03   -0.559378E-04
 5.41282   -0.119878E-03    0.233806E-03   -0.546786E-04
 5.43084   -0.119861E-03    0.232594E-03   -0.534254E-04
 5.44887   -0.119812E-03    0.231376E-03   -0.521774E-04
 5.46689   -0.119733E-03    0.230152E-03   -0.509356E-04
 5.48492   -0.119626E-03    0.228923E-03   -0.496996E-04
 5.50295   -0.119491E-03    0.227690E-03   -0.484701E-04
 5.52097   -0.119331E-03    0.226454E-03   -0.472481E-04
 5.53900   -0.119145E-03    0.225214E-03   -0.460327E-04
 5.55702   -0.118937E-03    0.223972E-03   -0.448252E-04
 5.57505   -0.118707E-03    0.222728E-03   -0.436252E-04
 5.59308   -0.118455E-03    0.221483E-03   -0.424339E-04
 5.61110   -0.118184E-03    0.220236E-03   -0.412499E-04
 5.62913   -0.117894E-03    0.218989E-03   -0.400747E-04
 5.64715   -0.117586E-03    0.217742E-03   -0.389087E-04
 5.66518   -0.117261E-03    0.216495E-03   -0.377507E-04
 5.68321   -0.116921E-03    0.215249E-03   -0.366020E-04
 5.70123   -0.116565E-03    0.214003E-03   -0.354633E-04
 5.71926   -0.116195E-03    0.212760E-03   -0.343327E-04
 5.73728   -0.115811E-03    0.211517E-03   -0.332122E-04
 5.75531   -0.115415E-03    0.210277E-03   -0.321005E-04
 5.77334   -0.115007E-03    0.209039E-03   -0.309984E-04
 5.79136   -0.114587E-03    0.207804E-03   -0.299062E-04
 5.80939   -0.114157E-03    0.206571E-03   -0.288251E-04
 5.82741   -0.113717E-03    0.205341E-03   -0.277521E-04
 5.84544   -0.113267E-03    0.204115E-03   -0.266891E-04
 5.86347   -0.112808E-03    0.202892E-03   -0.256361E-04
 5.88149   -0.112342E-03    0.201673E-03   -0.245931E-04
 5.89952   -0.111867E-03    0.200458E-03   -0.235606E-04
 5.91755   -0.111385E-03    0.199247E-03   -0.225378E-04
 5.93557   -0.110896E-03    0.198040E-03   -0.215251E-04
 5.95360   -0.110401E-03    0.196838E-03   -0.205225E-04
 5.97162   -0.109900E-03    0.195640E-03   -0.195298E-04
 5.98965   -0.109394E-03    0.194447E-03   -0.185474E-04
 6.00768   -0.108882E-03    0.193258E-03   -0.175750E-04
 6.02570   -0.108366E-03    0.192075E-03   -0.166127E-04
 6.04373   -0.107845E-03    0.190897E-03   -0.156608E-04
 6.06175   -0.107320E-03    0.189724E-03   -0.147191E-04
 6.07978   -0.106792E-03    0.188556E-03   -0.137875E-04
 6.09781   -0.106260E-03    0.187394E-03   -0.128664E-04
 6.11583   -0.105725E-03    0.186237E-03   -0.119554E-04
 6.13386   -0.105187E-03    0.185085E-03   -0.110545E-04
 6.15188   -0.104647E-03    0.183940E-03   -0.101640E-04
 6.16991   -0.104104E-03    0.182800E-03   -0.928397E-05
 6.18794   -0.103560E-03    0.181665E-03   -0.841426E-05
 6.20596   -0.103014E-03    0.180537E-03   -0.755514E-05
 6.22399   -0.102466E-03    0.179415E-03   -0.670598E-05
 6.24201   -0.101916E-03    0.178298E-03   -0.586760E-05
 6.26004   -0.101366E-03    0.177188E-03   -0.503953E-05
 6.27807   -0.100815E-03    0.176083E-03   -0.422147E-05
 6.29609   -0.100263E-03    0.174985E-03   -0.341332E-05
 6.31412   -0.997104E-04    0.173892E-03   -0.261585E-05
 6.33214   -0.991575E-04    0.172806E-03   -0.182854E-05
 6.35017   -0.986044E-04    0.171726E-03   -0.105134E-05
 6.36820   -0.980513E-04    0.170652E-03   -0.284163E-06
 6.38622   -0.974983E-04    0.169584E-03    0.473123E-06
 6.40425   -0.969456E-04    0.168523E-03    0.122058E-05
 6.42227   -0.963933E-04    0.167468E-03    0.195827E-05
 6.44030   -0.958416E-04    0.166419E-03    0.268630E-05
 6.45833   -0.952906E-04    0.165377E-03    0.340483E-05
 6.47635   -0.947405E-04    0.164340E-03    0.411402E-05
 6.49438   -0.941913E-04    0.163310E-03    0.481385E-05
 6.51240   -0.936433E-04    0.162287E-03    0.550450E-05
 6.53043   -0.930964E-04    0.161270E-03    0.618611E-05
 6.54846   -0.925510E-04    0.160258E-03    0.685871E-05
 6.56648   -0.920070E-04    0.159254E-03    0.752255E-05
 6.58451   -0.914646E-04    0.158256E-03    0.817768E-05
 6.60254   -0.909239E-04    0.157265E-03    0.882422E-05
 6.62056   -0.903850E-04    0.156280E-03    0.946234E-05
 6.63859   -0.898480E-04    0.155301E-03    0.100920E-04
 6.65661   -0.893130E-04    0.154328E-03    0.107133E-04
 6.67464   -0.887803E-04    0.153362E-03    0.113263E-04
 6.69267   -0.882496E-04    0.152403E-03    0.119312E-04
 6.71069   -0.877214E-04    0.151450E-03    0.125280E-04
 6.72872   -0.871956E-04    0.150503E-03    0.131169E-04
 6.74674   -0.866722E-04    0.149563E-03    0.136977E-04
 6.76477   -0.861515E-04    0.148629E-03    0.142707E-04
 6.78280   -0.856335E-04    0.147702E-03    0.148358E-04
 6.80082   -0.851183E-04    0.146781E-03    0.153931E-04
 6.81885   -0.846060E-04    0.145866E-03    0.159427E-04
 6.83687   -0.840966E-04    0.144958E-03    0.164844E-04
 6.85490   -0.835902E-04    0.144056E-03    0.170186E-04
 6.87293   -0.830869E-04    0.143161E-03    0.175450E-04
 6.89095   -0.825868E-04    0.142272E-03    0.180638E-04
 6.90898   -0.820899E-04    0.141390E-03    0.185752E-04
 6.92700   -0.815963E-04    0.140513E-03    0.190789E-04
 6.94503   -0.811060E-04    0.139644E-03    0.195751E-04
 6.96306   -0.806191E-04    0.138780E-03    0.200640E-04
 6.98108   -0.801357E-04    0.137923E-03    0.205454E-04
 6.99911   -0.796557E-04    0.137073E-03    0.210194E-04
 7.01713   -0.791793E-04    0.136228E-03    0.214862E-04
 7.03516   -0.787065E-04    0.135390E-03    0.219457E-04
 7.05319   -0.782372E-04    0.134558E-03    0.223981E-04
 7.07121   -0.777716E-04    0.133733E-03    0.228433E-04
 7.08924   -0.773096E-04    0.132913E-03    0.232814E-04
 7.10726   -0.768512E-04    0.132100E-03    0.237126E-04
 7.12529   -0.763966E-04    0.131293E-03    0.241368E-04
 7.14332   -0.759455E-04    0.130492E-03    0.245541E-04
 7.16134   -0.754982E-04    0.129697E-03    0.249647E-04
 7.17937   -0.750545E-04    0.128908E-03    0.253686E-04
 7.19739   -0.746145E-04    0.128125E-03    0.257658E-04
 7.21542   -0.741781E-04    0.127348E-03    0.261564E-04
 7.23345   -0.737453E-04    0.126577E-03    0.265406E-04
 7.25147   -0.733162E-04    0.125812E-03    0.269183E-04
 7.26950   -0.728906E-04    0.125053E-03    0.272897E-04
 7.28753   -0.724685E-04    0.124299E-03    0.276549E-04
 7.30555   -0.720499E-04    0.123551E-03    0.280139E-04
 7.32358   -0.716347E-04    0.122809E-03    0.283668E-04
 7.34160   -0.712230E-04    0.122073E-03    0.287137E-04
 7.35963   -0.708146E-04    0.121342E-03    0.290547E-04
 7.37766   -0.704094E-04    0.120616E-03    0.293898E-04
 7.39568   -0.700075E-04    0.119896E-03    0.297192E-04
 7.41371   -0.696088E-04    0.119181E-03    0.300430E-04
 7.43173   -0.692131E-04    0.118471E-03    0.303612E-04
 7.44976   -0.688205E-04    0.117767E-03    0.306738E-04
 7.46779   -0.684309E-04    0.117068E-03    0.309811E-04
 7.48581   -0.680441E-04    0.116374E-03    0.312830E-04
 7.50384   -0.676602E-04    0.115685E-03    0.315797E-04
 7.52186   -0.672789E-04    0.115001E-03    0.318712E-04
 7.53989   -0.669004E-04    0.114322E-03    0.321576E-04
 7.55792   -0.665244E-04    0.113647E-03    0.324390E-04
 7.57594   -0.661510E-04    0.112978E-03    0.327155E-04
 7.59397   -0.657800E-04    0.112313E-03    0.329872E-04
 7.61199   -0.654114E-04    0.111653E-03    0.332538E-04
 7.63002   -0.650450E-04    0.110997E-03    0.335162E-04
 7.64805   -0.646809E-04    0.110346E-03    0.337738E-04
 7.66607   -0.643189E-04    0.109699E-03    0.340268E-04
 7.68410   -0.639590E-04    0.109057E-03    0.342754E-04
 7.70212   -0.636010E-04    0.108419E-03    0.345196E-04
 7.72015   -0.632450E-04    0.107785E-03    0.347595E-04
 7.73818   -0.628909E-04    0.107155E-03    0.349952E-04
 7.75620   -0.625385E-04    0.106530E-03    0.352266E-04
 7.77423   -0.621879E-04    0.105908E-03    0.354540E-04
 7.79225   -0.618390E-04    0.105291E-03    0.356774E-04
 7.81028   -0.614916E-04    0.104677E-03    0.358967E-04
 7.82831   -0.611459E-04    0.104067E-03    0.361122E-04
 7.84633   -0.608016E-04    0.103462E-03    0.363239E-04
 7.86436   -0.604588E-04    0.102860E-03    0.365318E-04
 7.88238   -0.601175E-04    0.102262E-03    0.367359E-04
 7.90041   -0.597775E-04    0.101668E-03    0.369364E-04
 7.91844   -0.594388E-04    0.101077E-03    0.371333E-04
 7.93646   -0.591014E-04    0.100490E-03    0.373267E-04
 7.95449   -0.587653E-04    0.999063E-04    0.375166E-04
 7.97252   -0.584305E-04    0.993264E-04    0.377030E-04
 7.99054   -0.580968E-04    0.987500E-04    0.378860E-04
 8.00857   -0.577644E-04    0.981770E-04    0.380657E-04
 8.02659   -0.574331E-04    0.976076E-04    0.382421E-04
 8.04462   -0.571030E-04    0.970415E-04    0.384152E-04
 8.06265   -0.567741E-04    0.964789E-04    0.385851E-04
 8.08067   -0.564463E-04    0.959196E-04    0.387519E-04
 8.09870   -0.561196E-04    0.953636E-04    0.389156E-04
 8.11672   -0.557940E-04    0.948110E-04    0.390761E-04
 8.13475   -0.554696E-04    0.942617E-04    0.392336E-04
 8.15278   -0.551463E-04    0.937156E-04    0.393880E-04
 8.17080   -0.548242E-04    0.931729E-04    0.395395E-04
 8.18883   -0.545031E-04    0.926333E-04    0.396880E-04
 8.20685   -0.541833E-04    0.920970E-04    0.398336E-04
 8.22488   -0.538646E-04    0.915639E-04    0.399763E-04
 8.24291   -0.535470E-04    0.910339E-04    0.401162E-04
 8.26093   -0.532307E-04    0.905072E-04    0.402532E-04
 8.27896   -0.529155E-04    0.899836E-04    0.403874E-04
 8.29698   -0.526015E-04    0.894631E-04    0.405189E-04
 8.31501   -0.522888E-04    0.889458E-04    0.406476E-04
 8.33304   -0.519773E-04    0.884316E-04    0.407736E-04
 8.35106   -0.516671E-04    0.879205E-04    0.408969E-04
 8.36909   -0.513581E-04    0.874125E-04    0.410176E-04
 8.38711   -0.510504E-04    0.869076E-04    0.411356E-04
 8.40514   -0.507440E-04    0.864058E-04    0.412509E-04
 8.42317   -0.504389E-04    0.859071E-04    0.413637E-04
 8.44119   -0.501352E-04    0.854114E-04    0.414739E-04
 8.45922   -0.498328E-04    0.849187E-04    0.415818E-04
 8.47724   -0.495318E-04    0.844291E-04    0.416869E-04
 8.49527   -0.492321E-04    0.839425E-04    0.417896E-04
 8.51330   -0.489339E-04    0.834589E-04    0.418898E-04
 8.53132   -0.486371E-04    0.829784E-04    0.419876E-04
 8.54935   -0.483417E-04    0.825006E-04    0.420829E-04
 8.56737   -0.480478E-04    0.820260E-04    0.421758E-04
 8.58540   -0.477553E-04    0.815544E-04    0.422664E-04
 8.60343   -0.474643E-04    0.810859E-04    0.423546E-04
 8.62145   -0.471749E-04    0.806202E-04    0.424404E-04
 8.63948   -0.468869E-04    0.801574E-04    0.425239E-04
 8.65751   -0.466004E-04    0.796976E-04    0.426052E-04
 8.67553   -0.463155E-04    0.792407E-04    0.426841E-04
 8.69356   -0.460321E-04    0.787867E-04    0.427608E-04
 8.71158   -0.457502E-04    0.783355E-04    0.428353E-04
 8.72961   -0.454699E-04    0.778873E-04    0.429076E-04
 8.74764   -0.451912E-04    0.774419E-04    0.429776E-04
 8.76566   -0.449141E-04    0.769994E-04    0.430456E-04
 8.78369   -0.446386E-04    0.765598E-04    0.431113E-04
 8.80171   -0.443646E-04    0.761229E-04    0.431750E-04
 8.81974   -0.440922E-04    0.756889E-04    0.432366E-04
 8.83777   -0.438215E-04    0.752577E-04    0.432960E-04
 8.85579   -0.435523E-04    0.748293E-04    0.433535E-04
 8.87382   -0.432848E-04    0.744037E-04    0.434088E-04
 8.89184   -0.430189E-04    0.739809E-04    0.434622E-04
 8.90987   -0.427546E-04    0.735608E-04    0.435136E-04
 8.92790   -0.424920E-04    0.731434E-04    0.435630E-04
 8.94592   -0.422309E-04    0.727288E-04    0.436105E-04
 8.96395   -0.419715E-04    0.723169E-04    0.436560E-04
 8.98197   -0.417137E-04    0.719075E-04    0.436996E-04
 9.00000   -0.414576E-04    0.715010E-04    0.437414E-04
