0.6   0.468066541653
0.608163265306   0.468360856515
0.616326530612   0.469025009096
0.624489795918   0.468540898363
0.632653061224   0.470097449297
0.640816326531   0.464675485569
0.648979591837   0.457182278181
0.657142857143   0.45376124767
0.665306122449   0.45047341934
0.673469387755   0.44444364983
0.681632653061   0.440178884706
0.689795918367   0.441861332214
0.697959183673   0.444066030443
0.70612244898   0.443702456449
0.714285714286   0.446161528405
0.722448979592   0.446616733219
0.730612244898   0.449880657034
0.738775510204   0.456298279238
0.74693877551   0.462525793574
0.755102040816   0.467683116043
0.763265306122   0.472403360477
0.771428571429   0.476548160879
0.779591836735   0.477924016887
0.787755102041   0.475940112185
0.795918367347   0.470451811545
0.804081632653   0.46482325968
0.812244897959   0.474598080534
0.820408163265   0.49105364435
0.828571428571   0.510651304085
0.836734693878   0.533139990238
0.844897959184   0.554517897192
0.85306122449   0.576827049318
0.861224489796   0.595479621431
0.869387755102   0.615790814495
0.877551020408   0.638539127946
0.885714285714   0.65820472824
0.89387755102   0.675944053025
0.902040816327   0.695975934571
0.910204081633   0.717949278988
0.918367346939   0.739108744319
0.926530612245   0.759821814505
0.934693877551   0.782874137476
0.942857142857   0.806364427177
0.951020408163   0.827178351389
0.959183673469   0.84976863114
0.967346938776   0.871744583457
0.975510204082   0.887081293179
0.983673469388   0.902928484564
0.991836734694   0.925053886587
1.0   0.928531949088
